mean:
+3.955995e+00  +3.923319e+00  +6.504065e-01  -1.175166e+00  +1.608496e+00  +3.965987e-01  +9.092927e-01  +2.070603e+00  +1.561293e-01  +1.909052e+00  +4.863079e+00  +1.635117e+00  +2.883384e+00  +8.086350e+02  +4.799693e+00  +4.399516e+00  +2.011542e+03  
covariance:
+2.541399e-06  +8.007420e-07  +4.796721e-07  -7.049743e-07  +2.871135e-06  +2.157952e-06  +1.851521e-07  +5.232297e-06  -1.817936e-06  +1.203756e-05  +4.013543e-05  -1.829478e-07  +7.957772e-08  -1.526530e-03  +3.563361e-09  -7.467900e-08  -2.823736e-03  
+8.007420e-07  +3.653196e-06  +1.068046e-06  -4.018750e-07  +4.844062e-06  +2.823644e-06  -3.919816e-07  +6.677741e-06  -2.311734e-06  +1.548934e-05  +4.460100e-05  -2.378578e-07  -5.350154e-08  -1.943446e-03  -1.358129e-08  -9.328924e-08  -2.652505e-03  
+4.796721e-07  +1.068046e-06  +1.521091e-05  -7.902714e-06  +1.456161e-05  +5.923825e-06  -5.014635e-07  +9.213288e-06  -5.297754e-06  +3.149834e-05  +8.642728e-05  +1.839799e-08  -1.542625e-08  -3.016386e-03  -5.911482e-08  +1.447632e-07  -2.220387e-03  
-7.049743e-07  -4.018750e-07  -7.902714e-06  +9.594202e-05  +2.078965e-06  +8.245580e-06  -2.157034e-06  +3.584455e-05  -4.970287e-06  +3.061774e-05  +1.200739e-04  +5.624707e-08  -4.401749e-07  -4.091059e-03  +1.976315e-07  -1.692269e-07  -6.037180e-03  
+2.871135e-06  +4.844062e-06  +1.456161e-05  +2.078965e-06  +1.291462e-04  +2.808100e-05  +4.967143e-07  +5.271471e-05  -2.332459e-05  +1.295118e-04  +4.875352e-04  +2.164821e-07  -4.744317e-07  -1.161040e-02  -4.495145e-07  +6.625892e-07  -1.467533e-02  
+2.157952e-06  +2.823644e-06  +5.923825e-06  +8.245580e-06  +2.808100e-05  +2.298679e-05  +5.535193e-06  +3.264416e-05  -2.203197e-05  +1.272010e-04  +3.629008e-04  -5.987232e-07  -2.855647e-07  -1.375729e-02  -4.385521e-08  -2.378493e-08  -1.550967e-02  
+1.851521e-07  -3.919816e-07  -5.014635e-07  -2.157034e-06  +4.967143e-07  +5.535193e-06  +1.300297e-05  -2.515876e-06  -8.329860e-06  +3.999331e-05  +1.006636e-04  +2.607633e-08  +2.149374e-07  -3.255814e-03  +7.231542e-08  +1.555392e-07  -6.337766e-03  
+5.232297e-06  +6.677741e-06  +9.213288e-06  +3.584455e-05  +5.271471e-05  +3.264416e-05  -2.515876e-06  +2.336791e-04  -2.818059e-05  +1.770095e-04  +5.303224e-04  -1.553536e-06  -2.488103e-07  -2.382612e-02  +3.062377e-07  -4.934125e-07  -5.468327e-02  
-1.817936e-06  -2.311734e-06  -5.297754e-06  -4.970287e-06  -2.332459e-05  -2.203197e-05  -8.329860e-06  -2.818059e-05  +2.334160e-05  -1.317655e-04  -3.619585e-04  +6.130421e-07  +2.155909e-07  +1.426766e-02  +4.221534e-08  -9.994638e-08  +1.625744e-02  
+1.203756e-05  +1.548934e-05  +3.149834e-05  +3.061774e-05  +1.295118e-04  +1.272010e-04  +3.999331e-05  +1.770095e-04  -1.317655e-04  +7.627712e-04  +2.059180e-03  -3.870582e-06  -1.281895e-06  -8.391002e-02  -2.151006e-07  +2.322006e-07  -9.447121e-02  
+4.013543e-05  +4.460100e-05  +8.642728e-05  +1.200739e-04  +4.875352e-04  +3.629008e-04  +1.006636e-04  +5.303224e-04  -3.619585e-04  +2.059180e-03  +6.256810e-03  -1.112593e-05  -3.106713e-06  -2.264933e-01  -1.246239e-06  +7.770322e-07  -2.786905e-01  
-1.829478e-07  -2.378578e-07  +1.839799e-08  +5.624707e-08  +2.164821e-07  -5.987232e-07  +2.607633e-08  -1.553536e-06  +6.130421e-07  -3.870582e-06  -1.112593e-05  +2.671736e-07  -2.103034e-08  +6.988542e-04  +1.167102e-08  +5.087967e-08  +6.504716e-04  
+7.957772e-08  -5.350154e-08  -1.542625e-08  -4.401749e-07  -4.744317e-07  -2.855647e-07  +2.149374e-07  -2.488103e-07  +2.155909e-07  -1.281895e-06  -3.106713e-06  -2.103034e-08  +2.385572e-07  +1.265376e-04  -7.862631e-09  -3.858076e-08  -1.780334e-04  
-1.526530e-03  -1.943446e-03  -3.016386e-03  -4.091059e-03  -1.161040e-02  -1.375729e-02  -3.255814e-03  -2.382612e-02  +1.426766e-02  -8.391002e-02  -2.264933e-01  +6.988542e-04  +1.265376e-04  +1.071668e+01  +2.603125e-05  +8.723809e-06  +1.071060e+01  
+3.563361e-09  -1.358129e-08  -5.911482e-08  +1.976315e-07  -4.495145e-07  -4.385521e-08  +7.231542e-08  +3.062377e-07  +4.221534e-08  -2.151006e-07  -1.246239e-06  +1.167102e-08  -7.862631e-09  +2.603125e-05  +1.186626e-07  +2.730609e-09  -8.231592e-05  
-7.467900e-08  -9.328924e-08  +1.447632e-07  -1.692269e-07  +6.625892e-07  -2.378493e-08  +1.555392e-07  -4.934125e-07  -9.994638e-08  +2.322006e-07  +7.770322e-07  +5.087967e-08  -3.858076e-08  +8.723809e-06  +2.730609e-09  +1.552217e-07  +3.430231e-04  
-2.823736e-03  -2.652505e-03  -2.220387e-03  -6.037180e-03  -1.467533e-02  -1.550967e-02  -6.337766e-03  -5.468327e-02  +1.625744e-02  -9.447121e-02  -2.786905e-01  +6.504716e-04  -1.780334e-04  +1.071060e+01  -8.231592e-05  +3.430231e-04  +2.564452e+01  
