mean:
+3.957962e+00  +3.924344e+00  +5.991944e-01  -1.163104e+00  +1.687990e+00  +4.880153e-01  +9.200407e-01  +2.139818e+00  +1.551371e-01  +1.898115e+00  +4.861504e+00  +1.634831e+00  +2.882124e+00  +8.085141e+02  +4.800345e+00  +4.399629e+00  +2.021110e+03  
covariance:
+6.932878e-06  +7.750133e-07  +7.921710e-06  -4.898628e-06  -5.199139e-07  +4.675649e-06  -5.736887e-06  -4.458847e-06  +3.406507e-08  +3.417927e-06  +4.837567e-05  -4.289006e-07  -9.313511e-08  -1.418210e-03  -4.533062e-08  +2.272144e-07  -6.364802e-03  
+7.750133e-07  +7.391477e-06  +3.893070e-06  -1.310872e-06  -3.401177e-06  +9.287945e-07  +1.001046e-06  -5.085701e-06  -3.883934e-08  +4.551494e-06  +2.149322e-06  -2.344584e-07  +1.945223e-07  +6.773784e-04  +1.593670e-07  +9.009550e-08  -2.546868e-03  
+7.921710e-06  +3.893070e-06  +1.613024e-04  -1.171392e-04  -6.152335e-05  +4.672332e-05  -8.121941e-05  -2.629239e-04  +2.042438e-06  +3.608390e-05  +3.526707e-04  -1.611764e-06  -1.746830e-06  -1.689951e-02  -1.097124e-06  +1.825119e-06  -7.853087e-02  
-4.898628e-06  -1.310872e-06  -1.171392e-04  +4.334603e-04  +5.185696e-05  -7.236470e-06  -2.052459e-05  +8.244944e-05  -1.447010e-06  +2.649196e-05  -3.803334e-05  -1.806044e-06  +3.778352e-06  +1.148857e-02  +1.071043e-06  -8.704820e-07  +4.128815e-02  
-5.199139e-07  -3.401177e-06  -6.152335e-05  +5.185696e-05  +1.497892e-04  -8.676240e-06  +3.166493e-06  -9.872453e-05  +2.273381e-06  -7.868444e-06  -7.542758e-05  +1.255339e-06  +4.668692e-07  -6.887422e-03  -9.775567e-07  -3.512192e-07  +2.342381e-02  
+4.675649e-06  +9.287945e-07  +4.672332e-05  -7.236470e-06  -8.676240e-06  +6.887483e-05  -9.229779e-05  -5.188920e-05  -5.247875e-06  +4.448576e-05  +6.962148e-04  -3.784520e-07  -3.054052e-07  -3.374426e-02  -6.630253e-08  +2.701777e-06  -7.104882e-02  
-5.736887e-06  +1.001046e-06  -8.121941e-05  -2.052459e-05  +3.166493e-06  -9.229779e-05  +2.053687e-04  +4.031623e-04  +3.161988e-06  -1.114670e-04  -8.992466e-04  +1.266161e-06  +3.951707e-07  +5.906769e-02  -1.702277e-07  -3.039184e-06  +1.013702e-01  
-4.458847e-06  -5.085701e-06  -2.629239e-04  +8.244944e-05  -9.872453e-05  -5.188920e-05  +4.031623e-04  +2.841589e-03  -5.864791e-06  -4.250729e-04  -2.153275e-05  -3.774606e-06  +3.505912e-06  +1.100780e-01  -7.053215e-07  +2.098404e-06  +1.578882e-01  
+3.406507e-08  -3.883934e-08  +2.042438e-06  -1.447010e-06  +2.273381e-06  -5.247875e-06  +3.161988e-06  -5.864791e-06  +5.196110e-06  -2.298979e-05  -9.840069e-05  -4.014235e-07  +3.768440e-07  +2.449946e-03  -2.902113e-08  -4.787880e-07  +7.636925e-03  
+3.417927e-06  +4.551494e-06  +3.608390e-05  +2.649196e-05  -7.868444e-06  +4.448576e-05  -1.114670e-04  -4.250729e-04  -2.298979e-05  +2.301904e-04  +5.717140e-04  +9.613798e-07  -1.885079e-06  -3.275557e-02  +2.037613e-07  +2.880104e-06  -7.878333e-02  
+4.837567e-05  +2.149322e-06  +3.526707e-04  -3.803334e-05  -7.542758e-05  +6.962148e-04  -8.992466e-04  -2.153275e-05  -9.840069e-05  +5.717140e-04  +8.383228e-03  +6.604811e-06  -9.942145e-06  -3.470178e-01  -1.170621e-06  +3.274570e-05  -7.208703e-01  
-4.289006e-07  -2.344584e-07  -1.611764e-06  -1.806044e-06  +1.255339e-06  -3.784520e-07  +1.266161e-06  -3.774606e-06  -4.014235e-07  +9.613798e-07  +6.604811e-06  +9.368776e-07  -1.126242e-07  -2.304987e-04  +4.302923e-08  +3.918079e-08  -9.306470e-05  
-9.313511e-08  +1.945223e-07  -1.746830e-06  +3.778352e-06  +4.668692e-07  -3.054052e-07  +3.951707e-07  +3.505912e-06  +3.768440e-07  -1.885079e-06  -9.942145e-06  -1.126242e-07  +8.321314e-07  +5.067008e-04  +7.876960e-08  -9.186871e-08  +4.720228e-04  
-1.418210e-03  +6.773784e-04  -1.689951e-02  +1.148857e-02  -6.887422e-03  -3.374426e-02  +5.906769e-02  +1.100780e-01  +2.449946e-03  -3.275557e-02  -3.470178e-01  -2.304987e-04  +5.067008e-04  +2.657207e+01  -1.133955e-04  -1.373557e-03  +3.444718e+01  
-4.533062e-08  +1.593670e-07  -1.097124e-06  +1.071043e-06  -9.775567e-07  -6.630253e-08  -1.702277e-07  -7.053215e-07  -2.902113e-08  +2.037613e-07  -1.170621e-06  +4.302923e-08  +7.876960e-08  -1.133955e-04  +4.065188e-07  -2.176723e-08  +2.701547e-04  
+2.272144e-07  +9.009550e-08  +1.825119e-06  -8.704820e-07  -3.512192e-07  +2.701777e-06  -3.039184e-06  +2.098404e-06  -4.787880e-07  +2.880104e-06  +3.274570e-05  +3.918079e-08  -9.186871e-08  -1.373557e-03  -2.176723e-08  +5.958689e-07  -3.125048e-03  
-6.364802e-03  -2.546868e-03  -7.853087e-02  +4.128815e-02  +2.342381e-02  -7.104882e-02  +1.013702e-01  +1.578882e-01  +7.636925e-03  -7.878333e-02  -7.208703e-01  -9.306470e-05  +4.720228e-04  +3.444718e+01  +2.701547e-04  -3.125048e-03  +9.736091e+01  
