mean:
+3.982951e+00  +3.940432e+00  +6.293968e-01  -1.170378e+00  +1.648468e+00  +5.004396e-01  +9.163203e-01  +1.984033e+00  +1.498352e-01  +1.904922e+00  +4.919216e+00  +1.839631e+00  +2.983675e+00  +8.077442e+02  +4.959902e+00  +4.479585e+00  +2.013919e+03  
covariance:
+6.222138e-06  +1.428712e-06  +1.412743e-06  +1.176199e-05  +6.786258e-06  +2.063681e-07  +3.291986e-06  -2.337875e-05  +7.083059e-07  -8.609624e-06  -2.034996e-05  +7.566458e-08  -2.935469e-07  +8.374084e-04  -1.994939e-07  -1.226936e-07  +4.010235e-03  
+1.428712e-06  +5.592305e-06  -1.083102e-06  +7.274579e-06  +4.257245e-06  +4.783058e-07  +2.267325e-06  +7.115526e-08  +7.070363e-07  -4.787889e-06  +5.144285e-06  +7.510300e-08  -1.676795e-07  +9.626293e-04  -5.231339e-08  +8.740059e-08  +1.915212e-04  
+1.412743e-06  -1.083102e-06  +7.819867e-05  +1.257876e-05  +1.701538e-04  -1.333635e-05  -4.370235e-06  -3.548320e-04  +1.866745e-05  -1.121898e-04  -2.983586e-04  +2.328268e-07  +5.900718e-07  -3.343626e-03  -6.392793e-07  -3.270916e-07  +3.029043e-02  
+1.176199e-05  +7.274579e-06  +1.257876e-05  +1.677958e-03  +4.285273e-04  +2.352297e-05  +1.265704e-04  -1.194643e-03  +5.018943e-05  -4.531667e-04  -7.873335e-04  +3.568814e-06  -3.110046e-06  +7.104181e-02  -4.343274e-06  -3.320531e-06  +1.714675e-01  
+6.786258e-06  +4.257245e-06  +1.701538e-04  +4.285273e-04  +1.049731e-03  -3.492102e-05  -1.378884e-04  -1.537599e-03  +9.284840e-05  -4.526480e-04  -1.376308e-03  +3.113596e-06  +1.462800e-06  -1.121565e-02  -2.758833e-06  -3.543197e-06  +8.904309e-02  
+2.063681e-07  +4.783058e-07  -1.333635e-05  +2.352297e-05  -3.492102e-05  +6.753147e-06  +9.640689e-06  +6.469826e-05  -3.915912e-06  +1.466017e-05  +6.016223e-05  -2.101722e-07  +1.452423e-07  +1.644373e-03  +1.388828e-07  -2.978666e-08  -4.838539e-03  
+3.291986e-06  +2.267325e-06  -4.370235e-06  +1.265704e-04  -1.378884e-04  +9.640689e-06  +2.208814e-04  +2.473262e-04  -3.099390e-05  +7.865642e-07  +3.357551e-04  +4.166115e-07  -1.791740e-06  +1.520809e-02  +3.375190e-07  -2.079721e-07  +3.361140e-02  
-2.337875e-05  +7.115526e-08  -3.548320e-04  -1.194643e-03  -1.537599e-03  +6.469826e-05  +2.473262e-04  +3.939416e-03  -2.051581e-04  +1.077348e-03  +3.113270e-03  +3.007703e-06  -1.485548e-06  -2.550754e-02  +4.940896e-06  +8.219744e-06  -3.036850e-01  
+7.083059e-07  +7.070363e-07  +1.866745e-05  +5.018943e-05  +9.284840e-05  -3.915912e-06  -3.099390e-05  -2.051581e-04  +1.518817e-05  -6.610909e-05  -1.880014e-04  -3.361763e-08  -6.936164e-08  +1.444226e-03  -1.995958e-07  -3.094760e-07  +1.172814e-02  
-8.609624e-06  -4.787889e-06  -1.121898e-04  -4.531667e-04  -4.526480e-04  +1.466017e-05  +7.865642e-07  +1.077348e-03  -6.610909e-05  +4.525348e-04  +8.597011e-04  -6.971060e-07  +2.444163e-06  -2.688448e-02  +1.204862e-06  +1.798359e-06  -1.059001e-01  
-2.034996e-05  +5.144285e-06  -2.983586e-04  -7.873335e-04  -1.376308e-03  +6.016223e-05  +3.357551e-04  +3.113270e-03  -1.880014e-04  +8.597011e-04  +2.948190e-03  +1.381452e-06  -1.842279e-06  -5.287925e-03  +3.517872e-06  +7.118845e-06  -2.022596e-01  
+7.566458e-08  +7.510300e-08  +2.328268e-07  +3.568814e-06  +3.113596e-06  -2.101722e-07  +4.166115e-07  +3.007703e-06  -3.361763e-08  -6.971060e-07  +1.381452e-06  +6.705067e-07  -1.669546e-07  -4.587920e-05  -6.221731e-08  +6.855448e-08  +3.356784e-04  
-2.935469e-07  -1.676795e-07  +5.900718e-07  -3.110046e-06  +1.462800e-06  +1.452423e-07  -1.791740e-06  -1.485548e-06  -6.936164e-08  +2.444163e-06  -1.842279e-06  -1.669546e-07  +9.742338e-07  -6.806876e-04  +7.678870e-08  +5.133617e-08  -1.449625e-03  
+8.374084e-04  +9.626293e-04  -3.343626e-03  +7.104181e-02  -1.121565e-02  +1.644373e-03  +1.520809e-02  -2.550754e-02  +1.444226e-03  -2.688448e-02  -5.287925e-03  -4.587920e-05  -6.806876e-04  +9.048518e+00  -3.108179e-05  +2.683321e-05  +9.986294e+00  
-1.994939e-07  -5.231339e-08  -6.392793e-07  -4.343274e-06  -2.758833e-06  +1.388828e-07  +3.375190e-07  +4.940896e-06  -1.995958e-07  +1.204862e-06  +3.517872e-06  -6.221731e-08  +7.678870e-08  -3.108179e-05  +2.976398e-07  +2.854236e-08  -6.742111e-04  
-1.226936e-07  +8.740059e-08  -3.270916e-07  -3.320531e-06  -3.543197e-06  -2.978666e-08  -2.079721e-07  +8.219744e-06  -3.094760e-07  +1.798359e-06  +7.118845e-06  +6.855448e-08  +5.133617e-08  +2.683321e-05  +2.854236e-08  +4.006026e-07  -7.265438e-04  
+4.010235e-03  +1.915212e-04  +3.029043e-02  +1.714675e-01  +8.904309e-02  -4.838539e-03  +3.361140e-02  -3.036850e-01  +1.172814e-02  -1.059001e-01  -2.022596e-01  +3.356784e-04  -1.449625e-03  +9.986294e+00  -6.742111e-04  -7.265438e-04  +7.148360e+01  
