mean:
+3.968222e+00  +4.003182e+00  +6.123160e-01  +1.968060e+00  +1.297905e+00  +6.020751e-01  +8.105853e-01  +2.203177e+00  +3.713480e-02  +3.880506e+00  +5.983145e+00  +4.624071e+00  +3.191281e+00  +3.286860e+02  +2.670999e+00  +3.677537e+00  +4.532235e+02  +4.719974e+00  +4.880048e+00  +8.059196e+02  +3.938263e+00  +5.173721e+00  +4.344255e+02  
covariance:
+1.428868e-06  -2.712500e-07  +2.209661e-08  -4.718755e-07  +2.429342e-07  -1.936570e-08  +2.560100e-07  +2.434993e-07  +3.488246e-09  -4.442288e-07  -9.273491e-07  +1.689542e-08  +9.833113e-09  +1.701151e-05  -2.991293e-08  +3.611980e-08  -4.312660e-05  +4.206587e-08  +6.245426e-08  -3.803424e-05  +9.693381e-08  +7.467512e-08  -8.027930e-05  
-2.712500e-07  +5.279426e-06  +9.437290e-07  -2.030578e-06  +6.682654e-06  +7.778430e-08  -4.631753e-07  -1.843397e-06  -1.094730e-07  +9.858774e-06  -5.644005e-06  +1.558503e-07  -5.084012e-07  -2.515952e-04  +4.361908e-07  +1.465478e-07  +8.501577e-04  -2.101686e-07  -2.235546e-07  +8.216262e-04  -2.395074e-07  -3.930621e-07  +6.686906e-04  
+2.209661e-08  +9.437290e-07  +6.605935e-06  +1.590699e-05  +1.206152e-05  +4.224287e-07  -1.276767e-06  -8.636394e-07  -1.207074e-07  +1.833031e-05  -2.277255e-05  -3.624711e-08  -4.262375e-07  +3.476508e-04  +5.259104e-07  +3.395796e-07  +1.925380e-03  -2.911439e-07  -1.336207e-07  +1.315618e-03  +4.239010e-07  -3.539867e-07  -2.914669e-04  
-4.718755e-07  -2.030578e-06  +1.590699e-05  +3.371377e-04  +3.010777e-05  +1.048209e-06  -3.171390e-05  -1.983609e-05  +1.402917e-06  +6.690821e-05  -2.968275e-04  -5.629527e-07  +4.227318e-06  +6.688817e-03  +3.548653e-07  +2.906198e-06  +1.042699e-02  +3.716051e-06  -8.191928e-07  +2.126220e-02  +1.646078e-06  +2.299513e-06  -1.821777e-02  
+2.429342e-07  +6.682654e-06  +1.206152e-05  +3.010777e-05  +1.467098e-04  -1.409815e-06  -6.309588e-08  -3.529686e-06  -7.665602e-07  +9.570274e-05  -1.294794e-04  +1.035334e-06  -6.158766e-07  +1.101452e-02  +1.059012e-06  +2.707746e-06  +1.662982e-02  -5.846136e-07  -1.663876e-06  +2.032364e-02  -3.188868e-06  -1.875720e-06  +9.191204e-03  
-1.936570e-08  +7.778430e-08  +4.224287e-07  +1.048209e-06  -1.409815e-06  +2.944286e-07  -3.154458e-07  -7.391817e-07  +1.004204e-08  +3.313811e-07  -4.676002e-07  -5.654996e-08  -3.791653e-08  -3.926989e-04  +3.842939e-08  +1.744729e-08  -3.503199e-04  -8.989426e-08  +1.497272e-08  -4.093675e-04  +1.045708e-07  -6.738096e-08  -2.536623e-04  
+2.560100e-07  -4.631753e-07  -1.276767e-06  -3.171390e-05  -6.309588e-08  -3.154458e-07  +6.678776e-06  +5.443647e-07  -2.427941e-07  -6.570633e-06  +3.269730e-05  -3.450669e-08  -2.342808e-07  +5.577946e-04  -3.512328e-07  -3.858497e-07  -5.505161e-04  -1.513977e-07  +1.869122e-07  -2.165585e-03  +1.218632e-07  -3.396421e-07  +2.560574e-03  
+2.434993e-07  -1.843397e-06  -8.636394e-07  -1.983609e-05  -3.529686e-06  -7.391817e-07  +5.443647e-07  +4.219940e-05  -5.257898e-08  -8.715053e-06  +3.297906e-05  +5.438540e-07  -1.315828e-06  +2.074572e-03  +7.205414e-08  -5.186424e-07  +1.042793e-03  -1.005357e-07  +1.673555e-07  -9.579653e-05  -4.435192e-07  +1.175068e-06  +2.015879e-04  
+3.488246e-09  -1.094730e-07  -1.207074e-07  +1.402917e-06  -7.665602e-07  +1.004204e-08  -2.427941e-07  -5.257898e-08  +4.900829e-08  -1.112641e-06  -1.020737e-06  -1.415731e-08  +7.487208e-08  +1.345296e-06  -2.262972e-08  -1.640249e-09  -8.893834e-05  +2.399709e-08  +5.492182e-09  -4.795784e-05  +6.214686e-09  +4.843468e-08  -1.844149e-04  
-4.442288e-07  +9.858774e-06  +1.833031e-05  +6.690821e-05  +9.570274e-05  +3.313811e-07  -6.570633e-06  -8.715053e-06  -1.112641e-06  +1.271863e-04  -1.377424e-04  +9.844683e-07  -2.999598e-06  +3.038015e-03  +2.425539e-06  +2.556325e-06  +1.408468e-02  -5.268760e-07  -1.434981e-06  +1.821210e-02  -9.871001e-07  -1.915398e-06  +3.803732e-03  
-9.273491e-07  -5.644005e-06  -2.277255e-05  -2.968275e-04  -1.294794e-04  -4.676002e-07  +3.269730e-05  +3.297906e-05  -1.020737e-06  -1.377424e-04  +4.498394e-04  -8.863062e-07  -3.780181e-06  -1.224850e-02  -1.966341e-06  -5.417763e-06  -2.341830e-02  -1.790732e-06  +1.520511e-06  -3.607781e-02  +1.662223e-06  -2.346332e-06  +1.138846e-02  
+1.689542e-08  +1.558503e-07  -3.624711e-08  -5.629527e-07  +1.035334e-06  -5.654996e-08  -3.450669e-08  +5.438540e-07  -1.415731e-08  +9.844683e-07  -8.863062e-07  +2.045121e-07  -6.581407e-09  +7.676780e-05  +5.098729e-08  -2.700172e-08  +1.539005e-04  +2.593864e-08  +2.511719e-08  +2.904603e-04  +4.096917e-09  +6.741930e-08  +6.301864e-05  
+9.833113e-09  -5.084012e-07  -4.262375e-07  +4.227318e-06  -6.158766e-07  -3.791653e-08  -2.342808e-07  -1.315828e-06  +7.487208e-08  -2.999598e-06  -3.780181e-06  -6.581407e-09  +6.183030e-07  +1.235938e-04  -1.629171e-07  -1.639303e-08  -2.625735e-04  +6.746137e-08  +1.042709e-07  -8.390736e-05  +3.559140e-08  +1.125306e-07  -2.017190e-04  
+1.701151e-05  -2.515952e-04  +3.476508e-04  +6.688817e-03  +1.101452e-02  -3.926989e-04  +5.577946e-04  +2.074572e-03  +1.345296e-06  +3.038015e-03  -1.224850e-02  +7.676780e-05  +1.235938e-04  +2.539706e+00  -4.027437e-05  +1.597548e-04  +1.991579e+00  +2.581746e-04  -1.332869e-04  +2.285425e+00  -2.983173e-04  +1.710047e-04  +3.256143e-01  
-2.991293e-08  +4.361908e-07  +5.259104e-07  +3.548653e-07  +1.059012e-06  +3.842939e-08  -3.512328e-07  +7.205414e-08  -2.262972e-08  +2.425539e-06  -1.966341e-06  +5.098729e-08  -1.629171e-07  -4.027437e-05  +2.365501e-07  +4.060960e-08  +2.041548e-04  -4.020467e-08  -3.256371e-08  +2.348111e-04  +2.534811e-09  -3.041319e-09  -6.403279e-05  
+3.611980e-08  +1.465478e-07  +3.395796e-07  +2.906198e-06  +2.707746e-06  +1.744729e-08  -3.858497e-07  -5.186424e-07  -1.640249e-09  +2.556325e-06  -5.417763e-06  -2.700172e-08  -1.639303e-08  +1.597548e-04  +4.060960e-08  +2.601008e-07  +3.790234e-04  +1.538930e-08  -4.301400e-08  +6.136769e-04  -7.084881e-08  -4.527851e-08  -3.251731e-05  
-4.312660e-05  +8.501577e-04  +1.925380e-03  +1.042699e-02  +1.662982e-02  -3.503199e-04  -5.505161e-04  +1.042793e-03  -8.893834e-05  +1.408468e-02  -2.341830e-02  +1.539005e-04  -2.625735e-04  +1.991579e+00  +2.041548e-04  +3.790234e-04  +3.089012e+00  +1.306093e-04  -2.878189e-04  +3.508370e+00  -4.221787e-04  -4.350375e-05  +5.459212e-01  
+4.206587e-08  -2.101686e-07  -2.911439e-07  +3.716051e-06  -5.846136e-07  -8.989426e-08  -1.513977e-07  -1.005357e-07  +2.399709e-08  -5.268760e-07  -1.790732e-06  +2.593864e-08  +6.746137e-08  +2.581746e-04  -4.020467e-08  +1.538930e-08  +1.306093e-04  +2.588182e-07  -9.703169e-09  +4.562480e-04  +1.439603e-08  +1.153895e-07  -2.622756e-04  
+6.245426e-08  -2.235546e-07  -1.336207e-07  -8.191928e-07  -1.663876e-06  +1.497272e-08  +1.869122e-07  +1.673555e-07  +5.492182e-09  -1.434981e-06  +1.520511e-06  +2.511719e-08  +1.042709e-07  -1.332869e-04  -3.256371e-08  -4.301400e-08  -2.878189e-04  -9.703169e-09  +1.879145e-07  -3.225576e-04  +8.991206e-08  +7.273563e-08  -5.700096e-05  
-3.803424e-05  +8.216262e-04  +1.315618e-03  +2.126220e-02  +2.032364e-02  -4.093675e-04  -2.165585e-03  -9.579653e-05  -4.795784e-05  +1.821210e-02  -3.607781e-02  +2.904603e-04  -8.390736e-05  +2.285425e+00  +2.348111e-04  +6.136769e-04  +3.508370e+00  +4.562480e-04  -3.225576e-04  +6.158694e+00  -6.517104e-04  +1.465647e-04  +1.130547e-01  
+9.693381e-08  -2.395074e-07  +4.239010e-07  +1.646078e-06  -3.188868e-06  +1.045708e-07  +1.218632e-07  -4.435192e-07  +6.214686e-09  -9.871001e-07  +1.662223e-06  +4.096917e-09  +3.559140e-08  -2.983173e-04  +2.534811e-09  -7.084881e-08  -4.221787e-04  +1.439603e-08  +8.991206e-08  -6.517104e-04  +3.386720e-07  +2.930583e-08  -3.301413e-04  
+7.467512e-08  -3.930621e-07  -3.539867e-07  +2.299513e-06  -1.875720e-06  -6.738096e-08  -3.396421e-07  +1.175068e-06  +4.843468e-08  -1.915398e-06  -2.346332e-06  +6.741930e-08  +1.125306e-07  +1.710047e-04  -3.041319e-09  -4.527851e-08  -4.350375e-05  +1.153895e-07  +7.273563e-08  +1.465647e-04  +2.930583e-08  +3.660282e-07  -4.271964e-04  
-8.027930e-05  +6.686906e-04  -2.914669e-04  -1.821777e-02  +9.191204e-03  -2.536623e-04  +2.560574e-03  +2.015879e-04  -1.844149e-04  +3.803732e-03  +1.138846e-02  +6.301864e-05  -2.017190e-04  +3.256143e-01  -6.403279e-05  -3.251731e-05  +5.459212e-01  -2.622756e-04  -5.700096e-05  +1.130547e-01  -3.301413e-04  -4.271964e-04  +2.417804e+00  
