mean:
+3.968300e+00  +4.002870e+00  +6.108974e-01  +1.999916e+00  +1.292626e+00  +6.014675e-01  +8.298681e-01  +2.189364e+00  +3.757874e-02  +3.873823e+00  +5.917101e+00  +4.623817e+00  +3.191192e+00  +3.264477e+02  +2.670421e+00  +3.677782e+00  +4.568657e+02  +4.719841e+00  +4.879990e+00  +8.086016e+02  +3.938581e+00  +5.173442e+00  +4.368350e+02  
covariance:
+2.448417e-06  -1.406278e-07  -3.101318e-07  +4.821011e-06  +1.223210e-06  -2.033130e-07  +1.445252e-06  +4.346828e-07  -8.252220e-08  +4.319999e-06  -1.331408e-05  +1.675068e-07  -1.113990e-08  +7.887484e-05  -3.536820e-08  +3.210012e-07  +6.950984e-04  -9.608308e-08  -2.347933e-08  +6.104925e-04  +1.454309e-07  +2.194650e-08  +7.651541e-04  
-1.406278e-07  +4.458590e-06  +1.439779e-06  -7.553963e-06  -2.381560e-06  +1.114164e-06  +2.417225e-06  -1.653015e-06  -9.691067e-08  -1.724192e-06  +1.843927e-05  +1.013739e-08  -8.817706e-08  -2.775949e-04  +1.191922e-07  +5.853481e-08  +6.081381e-05  -2.456887e-07  +1.695742e-07  -1.377830e-03  +2.840089e-07  -3.525551e-07  -2.368856e-04  
-3.101318e-07  +1.439779e-06  +1.091485e-05  -7.795732e-06  -3.372926e-07  +1.076664e-06  +8.611151e-06  -2.849807e-06  -5.864549e-07  +1.042333e-05  +3.052990e-05  -2.866754e-07  -1.182477e-06  -4.140005e-04  +1.054646e-06  +5.304681e-07  +2.334093e-03  -1.114348e-06  -5.598386e-08  -1.849828e-03  +4.844219e-07  -1.046009e-06  +4.353522e-04  
+4.821011e-06  -7.553963e-06  -7.795732e-06  +3.983297e-04  +8.711190e-05  -3.570844e-05  +2.083375e-05  -1.745750e-05  -7.778573e-07  +1.819528e-04  -7.968597e-04  +1.832752e-06  -2.644387e-07  +1.744031e-02  +1.789284e-06  +6.982147e-06  +3.341645e-02  +1.058602e-06  -2.858417e-06  +6.932229e-02  -3.849012e-06  +1.746506e-06  +3.540805e-02  
+1.223210e-06  -2.381560e-06  -3.372926e-07  +8.711190e-05  +3.674116e-05  -8.181783e-06  +7.840533e-06  -1.228340e-06  -2.936766e-07  +4.976739e-05  -1.818928e-04  +3.900730e-07  +2.994592e-07  +3.646020e-03  +7.691846e-07  +2.347651e-06  +7.913000e-03  -2.403123e-07  -4.546414e-07  +1.838854e-02  -1.252087e-06  +7.511429e-07  +9.389046e-03  
-2.033130e-07  +1.114164e-06  +1.076664e-06  -3.570844e-05  -8.181783e-06  +4.508712e-06  -7.584826e-07  +1.411218e-06  +1.454426e-08  -1.833613e-05  +8.585327e-05  -2.634267e-07  +1.732412e-07  -2.093913e-03  -1.645827e-07  -5.993215e-07  -3.360673e-03  +2.215326e-08  +5.461344e-07  -7.834793e-03  +5.035580e-07  -3.733187e-07  -4.076041e-03  
+1.445252e-06  +2.417225e-06  +8.611151e-06  +2.083375e-05  +7.840533e-06  -7.584826e-07  +2.316064e-05  -8.275317e-06  -1.336338e-06  +3.676958e-05  -1.453234e-05  +3.507128e-07  -9.248211e-07  +1.205499e-03  -1.570887e-07  +2.076434e-06  +6.599449e-03  -1.241206e-06  +3.846042e-07  +1.842957e-03  -7.525937e-08  -1.279926e-06  +5.866733e-03  
+4.346828e-07  -1.653015e-06  -2.849807e-06  -1.745750e-05  -1.228340e-06  +1.411218e-06  -8.275317e-06  +2.698774e-05  +3.571879e-07  -6.816482e-06  +2.449133e-05  +9.888984e-07  -4.833195e-07  -2.651783e-03  +5.801497e-08  -9.031141e-07  -3.539703e-03  -4.216476e-07  +5.928094e-09  -2.055108e-03  +4.364077e-07  +7.731497e-07  -3.430119e-03  
-8.252220e-08  -9.691067e-08  -5.864549e-07  -7.778573e-07  -2.936766e-07  +1.454426e-08  -1.336338e-06  +3.571879e-07  +1.069947e-07  -2.299396e-06  -2.500597e-07  -2.632401e-08  +6.799607e-08  -4.326297e-05  +3.811571e-09  -1.136926e-07  -3.827329e-04  +8.630327e-08  -2.664467e-08  -4.880081e-05  +6.477484e-09  +6.816443e-08  -3.280684e-04  
+4.319999e-06  -1.724192e-06  +1.042333e-05  +1.819528e-04  +4.976739e-05  -1.833613e-05  +3.676958e-05  -6.816482e-06  -2.299396e-06  +1.586243e-04  -4.159418e-04  +1.842148e-06  -2.583355e-06  +9.002450e-03  +1.407353e-06  +6.616613e-06  +2.527729e-02  -2.938476e-06  -1.552758e-06  +3.877756e-02  -8.168995e-07  +2.141690e-07  +2.660690e-02  
-1.331408e-05  +1.843927e-05  +3.052990e-05  -7.968597e-04  -1.818928e-04  +8.585327e-05  -1.453234e-05  +2.449133e-05  -2.500597e-07  -4.159418e-04  +2.091469e-03  -4.871620e-06  +2.892383e-06  -4.161589e-02  -6.349694e-06  -1.635881e-05  -7.427748e-02  +6.196977e-07  +9.633407e-06  -1.769426e-01  +3.714875e-06  -7.329662e-06  -8.341119e-02  
+1.675068e-07  +1.013739e-08  -2.866754e-07  +1.832752e-06  +3.900730e-07  -2.634267e-07  +3.507128e-07  +9.888984e-07  -2.632401e-08  +1.842148e-06  -4.871620e-06  +3.042827e-07  -8.692743e-08  +6.778133e-05  -3.760579e-08  +2.759824e-08  +2.472437e-04  -3.466831e-08  -1.451359e-09  +4.375262e-04  -1.953612e-08  +6.909237e-08  +3.411879e-04  
-1.113990e-08  -8.817706e-08  -1.182477e-06  -2.644387e-07  +2.994592e-07  +1.732412e-07  -9.248211e-07  -4.833195e-07  +6.799607e-08  -2.583355e-06  +2.892383e-06  -8.692743e-08  +5.432274e-07  +2.007316e-05  -2.549449e-07  -5.342978e-08  -4.446538e-04  +2.152878e-07  +1.293303e-07  -2.944094e-05  -1.496737e-07  +1.136151e-07  -1.943794e-04  
+7.887484e-05  -2.775949e-04  -4.140005e-04  +1.744031e-02  +3.646020e-03  -2.093913e-03  +1.205499e-03  -2.651783e-03  -4.326297e-05  +9.002450e-03  -4.161589e-02  +6.778133e-05  +2.007316e-05  +1.470836e+00  -5.246232e-05  +3.292639e-04  +1.990465e+00  +3.118686e-05  -1.528529e-04  +3.815267e+00  -2.367216e-04  +8.004015e-05  +2.307512e+00  
-3.536820e-08  +1.191922e-07  +1.054646e-06  +1.789284e-06  +7.691846e-07  -1.645827e-07  -1.570887e-07  +5.801497e-08  +3.811571e-09  +1.407353e-06  -6.349694e-06  -3.760579e-08  -2.549449e-07  -5.246232e-05  +5.719439e-07  +4.998679e-08  +3.208328e-04  -1.263100e-07  -1.756316e-07  +5.540085e-04  +1.344395e-07  -5.292323e-08  -4.979954e-05  
+3.210012e-07  +5.853481e-08  +5.304681e-07  +6.982147e-06  +2.347651e-06  -5.993215e-07  +2.076434e-06  -9.031141e-07  -1.136926e-07  +6.616613e-06  -1.635881e-05  +2.759824e-08  -5.342978e-08  +3.292639e-04  +4.998679e-08  +5.269238e-07  +1.120289e-03  -1.793001e-07  -5.033765e-08  +1.479360e-03  +3.311465e-09  -4.466423e-08  +1.193037e-03  
+6.950984e-04  +6.081381e-05  +2.334093e-03  +3.341645e-02  +7.913000e-03  -3.360673e-03  +6.599449e-03  -3.539703e-03  -3.827329e-04  +2.527729e-02  -7.427748e-02  +2.472437e-04  -4.446538e-04  +1.990465e+00  +3.208328e-04  +1.120289e-03  +4.965237e+00  -4.710010e-04  -2.958248e-04  +6.813280e+00  -1.465035e-04  -1.144027e-04  +4.676931e+00  
-9.608308e-08  -2.456887e-07  -1.114348e-06  +1.058602e-06  -2.403123e-07  +2.215326e-08  -1.241206e-06  -4.216476e-07  +8.630327e-08  -2.938476e-06  +6.196977e-07  -3.466831e-08  +2.152878e-07  +3.118686e-05  -1.263100e-07  -1.793001e-07  -4.710010e-04  +3.834008e-07  +2.818600e-08  -1.275473e-04  -1.138497e-07  +1.417268e-07  -3.427612e-04  
-2.347933e-08  +1.695742e-07  -5.598386e-08  -2.858417e-06  -4.546414e-07  +5.461344e-07  +3.846042e-07  +5.928094e-09  -2.664467e-08  -1.552758e-06  +9.633407e-06  -1.451359e-09  +1.293303e-07  -1.528529e-04  -1.756316e-07  -5.033765e-08  -2.958248e-04  +2.818600e-08  +2.693407e-07  -7.210867e-04  +3.713012e-09  -5.471870e-08  -3.064964e-04  
+6.104925e-04  -1.377830e-03  -1.849828e-03  +6.932229e-02  +1.838854e-02  -7.834793e-03  +1.842957e-03  -2.055108e-03  -4.880081e-05  +3.877756e-02  -1.769426e-01  +4.375262e-04  -2.944094e-05  +3.815267e+00  +5.540085e-04  +1.479360e-03  +6.813280e+00  -1.275473e-04  -7.210867e-04  +1.686684e+01  -6.221759e-04  +8.559139e-04  +7.992651e+00  
+1.454309e-07  +2.840089e-07  +4.844219e-07  -3.849012e-06  -1.252087e-06  +5.035580e-07  -7.525937e-08  +4.364077e-07  +6.477484e-09  -8.168995e-07  +3.714875e-06  -1.953612e-08  -1.496737e-07  -2.367216e-04  +1.344395e-07  +3.311465e-09  -1.465035e-04  -1.138497e-07  +3.713012e-09  -6.221759e-04  +3.993515e-07  -1.050890e-07  -3.807609e-04  
+2.194650e-08  -3.525551e-07  -1.046009e-06  +1.746506e-06  +7.511429e-07  -3.733187e-07  -1.279926e-06  +7.731497e-07  +6.816443e-08  +2.141690e-07  -7.329662e-06  +6.909237e-08  +1.136151e-07  +8.004015e-05  -5.292323e-08  -4.466423e-08  -1.144027e-04  +1.417268e-07  -5.471870e-08  +8.559139e-04  -1.050890e-07  +3.526632e-07  +1.716543e-04  
+7.651541e-04  -2.368856e-04  +4.353522e-04  +3.540805e-02  +9.389046e-03  -4.076041e-03  +5.866733e-03  -3.430119e-03  -3.280684e-04  +2.660690e-02  -8.341119e-02  +3.411879e-04  -1.943794e-04  +2.307512e+00  -4.979954e-05  +1.193037e-03  +4.676931e+00  -3.427612e-04  -3.064964e-04  +7.992651e+00  -3.807609e-04  +1.716543e-04  +5.762958e+00  
