mean:
+3.955700e+00  +3.956858e+00  +6.651426e-01  -1.188466e+00  +1.657683e+00  +5.939929e-01  +9.190339e-01  +2.096381e+00  +1.127897e-01  +1.933201e+00  +5.075114e+00  +1.938254e+00  +3.046022e+00  +8.027916e+02  +4.995277e+00  +4.520235e+00  +1.979312e+03  
covariance:
+2.981888e-06  +4.640515e-07  +1.066750e-06  +1.119324e-05  -9.055050e-06  -3.144446e-07  -1.581329e-06  -7.196577e-06  +8.059205e-07  -7.798489e-06  +3.244424e-06  +3.912586e-09  +7.587475e-08  +5.872353e-04  +4.606826e-08  -6.003329e-08  +9.762434e-04  
+4.640515e-07  +3.271999e-06  +5.421025e-07  +1.870964e-05  -1.063894e-05  -2.264679e-07  +1.527339e-06  -5.024630e-06  +2.947300e-07  -5.217240e-06  +2.837253e-06  +2.439000e-07  +3.633207e-08  +5.679224e-04  +2.028582e-08  -2.314600e-08  +1.304818e-03  
+1.066750e-06  +5.421025e-07  +7.544687e-06  -6.354101e-06  +1.636398e-05  -1.769528e-07  -2.434129e-06  +1.002653e-05  +5.174415e-07  -6.830528e-06  +6.749389e-06  +2.341808e-07  +4.926491e-08  +5.232025e-04  -6.435152e-08  +2.024771e-07  -3.579968e-03  
+1.119324e-05  +1.870964e-05  -6.354101e-06  +8.672744e-04  -7.304554e-04  -5.574207e-06  +4.806816e-05  -5.088188e-04  +5.321292e-06  -9.867302e-05  -7.611116e-05  +3.899831e-06  -2.725164e-06  +2.482968e-02  +4.703587e-07  -1.279103e-06  +7.218531e-02  
-9.055050e-06  -1.063894e-05  +1.636398e-05  -7.304554e-04  +1.068178e-03  +1.194731e-06  -8.853610e-05  +4.805113e-04  +1.130967e-05  -1.632941e-04  +3.807564e-04  -1.298639e-06  -4.065626e-07  -2.382430e-03  -2.307348e-07  +3.152538e-09  -1.126293e-01  
-3.144446e-07  -2.264679e-07  -1.769528e-07  -5.574207e-06  +1.194731e-06  +1.662382e-06  +2.776919e-06  +9.903416e-06  -6.520791e-07  +5.744333e-06  -1.345939e-06  +5.333325e-09  -7.557360e-08  -7.891738e-04  -5.416520e-08  -3.377465e-08  -2.343717e-05  
-1.581329e-06  +1.527339e-06  -2.434129e-06  +4.806816e-05  -8.853610e-05  +2.776919e-06  +2.529336e-05  -4.774826e-06  -4.511088e-06  +3.670702e-05  -2.862659e-05  +2.179566e-07  -1.977324e-07  -4.068766e-03  -1.628606e-07  -5.008184e-09  +1.100942e-02  
-7.196577e-06  -5.024630e-06  +1.002653e-05  -5.088188e-04  +4.805113e-04  +9.903416e-06  -4.774826e-06  +4.542063e-04  -7.021467e-06  +7.115630e-05  +6.870960e-05  -9.861485e-07  +8.214826e-07  -2.323702e-02  -1.733969e-07  +7.778461e-07  -4.640559e-02  
+8.059205e-07  +2.947300e-07  +5.174415e-07  +5.321292e-06  +1.130967e-05  -6.520791e-07  -4.511088e-06  -7.021467e-06  +1.496501e-06  -1.473407e-05  +1.296679e-05  +1.225835e-08  -2.506344e-08  +1.558789e-03  +6.353722e-08  -3.586024e-08  -1.816836e-03  
-7.798489e-06  -5.217240e-06  -6.830528e-06  -9.867302e-05  -1.632941e-04  +5.744333e-06  +3.670702e-05  +7.115630e-05  -1.473407e-05  +2.222449e-04  -2.463275e-04  -9.223358e-07  +8.079135e-07  -1.822312e-02  -5.247538e-07  +7.779693e-07  +2.311431e-02  
+3.244424e-06  +2.837253e-06  +6.749389e-06  -7.611116e-05  +3.807564e-04  -1.345939e-06  -2.862659e-05  +6.870960e-05  +1.296679e-05  -2.463275e-04  +4.029834e-04  +3.062995e-07  -1.291240e-06  +1.232035e-02  +5.005214e-07  -8.424472e-07  -4.783043e-02  
+3.912586e-09  +2.439000e-07  +2.341808e-07  +3.899831e-06  -1.298639e-06  +5.333325e-09  +2.179566e-07  -9.861485e-07  +1.225835e-08  -9.223358e-07  +3.062995e-07  +1.670373e-07  +1.160387e-08  +1.029319e-04  +5.369196e-09  -4.386453e-09  +2.661202e-04  
+7.587475e-08  +3.633207e-08  +4.926491e-08  -2.725164e-06  -4.065626e-07  -7.557360e-08  -1.977324e-07  +8.214826e-07  -2.506344e-08  +8.079135e-07  -1.291240e-06  +1.160387e-08  +1.797253e-07  -1.441082e-04  +1.414910e-08  +1.482857e-08  +3.290499e-04  
+5.872353e-04  +5.679224e-04  +5.232025e-04  +2.482968e-02  -2.382430e-03  -7.891738e-04  -4.068766e-03  -2.323702e-02  +1.558789e-03  -1.822312e-02  +1.232035e-02  +1.029319e-04  -1.441082e-04  +3.553790e+00  +3.339372e-05  -7.627685e-05  -1.757816e+00  
+4.606826e-08  +2.028582e-08  -6.435152e-08  +4.703587e-07  -2.307348e-07  -5.416520e-08  -1.628606e-07  -1.733969e-07  +6.353722e-08  -5.247538e-07  +5.005214e-07  +5.369196e-09  +1.414910e-08  +3.339372e-05  +6.288111e-08  -3.831092e-09  +8.512223e-05  
-6.003329e-08  -2.314600e-08  +2.024771e-07  -1.279103e-06  +3.152538e-09  -3.377465e-08  -5.008184e-09  +7.778461e-07  -3.586024e-08  +7.779693e-07  -8.424472e-07  -4.386453e-09  +1.482857e-08  -7.627685e-05  -3.831092e-09  +8.041187e-08  -1.275338e-04  
+9.762434e-04  +1.304818e-03  -3.579968e-03  +7.218531e-02  -1.126293e-01  -2.343717e-05  +1.100942e-02  -4.640559e-02  -1.816836e-03  +2.311431e-02  -4.783043e-02  +2.661202e-04  +3.290499e-04  -1.757816e+00  +8.512223e-05  -1.275338e-04  +2.052135e+01  
