mean:
+3.982486e+00  +3.940344e+00  +6.409740e-01  -1.088550e+00  +1.657621e+00  +5.028369e-01  +9.037332e-01  +2.070928e+00  +1.499868e-01  +1.942882e+00  +4.874782e+00  +1.839364e+00  +2.983714e+00  +8.042578e+02  +4.959875e+00  +4.480112e+00  +2.011867e+03  
covariance:
+2.114040e-06  +4.412287e-07  -9.753381e-07  +4.387722e-06  +6.799436e-06  -1.991924e-07  -9.513031e-07  -3.983599e-06  +5.306188e-07  -1.635515e-06  -2.257055e-05  +1.714142e-08  +8.576845e-08  +2.942645e-04  -6.899687e-09  +7.974639e-08  +1.902400e-03  
+4.412287e-07  +2.211063e-06  +3.281063e-06  -2.637887e-06  -1.086727e-05  +3.161155e-07  +1.652434e-06  +6.499021e-07  -1.156633e-06  +5.069490e-06  +3.681890e-05  -7.074223e-08  +2.520975e-08  -2.901455e-04  +4.265986e-08  +2.629077e-08  -2.471655e-03  
-9.753381e-07  +3.281063e-06  +7.458868e-05  +7.398399e-05  -6.952693e-05  +8.103348e-06  +1.996770e-05  -1.899523e-05  -1.418879e-05  +6.995471e-05  +2.614882e-04  +2.926566e-07  +7.553946e-08  -9.610044e-03  +2.117117e-07  +8.698959e-07  -1.337349e-02  
+4.387722e-06  -2.637887e-06  +7.398399e-05  +5.174375e-04  +1.443062e-04  +2.787235e-05  +1.655057e-06  -6.969554e-05  -2.013559e-05  +1.544010e-04  +9.916818e-06  +2.686034e-06  -5.125068e-07  +3.349708e-03  -6.332538e-07  +2.601973e-06  +3.576018e-02  
+6.799436e-06  -1.086727e-05  -6.952693e-05  +1.443062e-04  +4.436275e-04  +4.041436e-06  -4.459434e-05  -4.859941e-06  +2.784626e-05  -9.519056e-05  -9.025685e-04  +2.843191e-06  +9.411292e-07  +1.385166e-02  -5.771353e-07  +4.628509e-07  +7.775840e-02  
-1.991924e-07  +3.161155e-07  +8.103348e-06  +2.787235e-05  +4.041436e-06  +4.772346e-06  +1.168132e-06  +1.051444e-05  -3.061837e-06  +1.794390e-05  +5.765572e-05  +1.186819e-07  -3.286613e-08  -4.156203e-05  +3.624593e-09  +1.135549e-08  -1.717672e-03  
-9.513031e-07  +1.652434e-06  +1.996770e-05  +1.655057e-06  -4.459434e-05  +1.168132e-06  +1.217731e-05  -6.702458e-06  -6.092009e-06  +2.386149e-05  +1.406591e-04  -1.493590e-07  -1.376619e-08  -2.636847e-03  +9.165550e-08  +1.308117e-07  -9.515563e-03  
-3.983599e-06  +6.499021e-07  -1.899523e-05  -6.969554e-05  -4.859941e-06  +1.051444e-05  -6.702458e-06  +1.810036e-04  -8.495660e-07  +9.531621e-07  +2.031621e-04  -2.649162e-07  -1.667266e-07  +2.603039e-03  -1.940639e-08  -1.833361e-06  -2.039229e-02  
+5.306188e-07  -1.156633e-06  -1.418879e-05  -2.013559e-05  +2.784626e-05  -3.061837e-06  -6.092009e-06  -8.495660e-07  +5.975176e-06  -2.800549e-05  -1.248918e-04  +9.770422e-08  +1.296115e-07  +1.264438e-03  -2.644998e-09  -1.286811e-07  +6.986652e-03  
-1.635515e-06  +5.069490e-06  +6.995471e-05  +1.544010e-04  -9.519056e-05  +1.794390e-05  +2.386149e-05  +9.531621e-07  -2.800549e-05  +1.472051e-04  +5.413036e-04  -8.828843e-08  -5.721284e-07  -5.183868e-03  -6.607625e-08  +8.813572e-07  -2.540170e-02  
-2.257055e-05  +3.681890e-05  +2.614882e-04  +9.916818e-06  -9.025685e-04  +5.765572e-05  +1.406591e-04  +2.031621e-04  -1.248918e-04  +5.413036e-04  +3.409038e-03  -5.112863e-06  -3.377444e-06  -2.602702e-02  +6.756893e-07  -3.843641e-07  -2.272796e-01  
+1.714142e-08  -7.074223e-08  +2.926566e-07  +2.686034e-06  +2.843191e-06  +1.186819e-07  -1.493590e-07  -2.649162e-07  +9.770422e-08  -8.828843e-08  -5.112863e-06  +1.293298e-07  +2.034315e-08  -9.020218e-06  -2.563308e-09  +1.025834e-08  +5.939059e-04  
+8.576845e-08  +2.520975e-08  +7.553946e-08  -5.125068e-07  +9.411292e-07  -3.286613e-08  -1.376619e-08  -1.667266e-07  +1.296115e-07  -5.721284e-07  -3.377444e-06  +2.034315e-08  +1.523689e-07  -6.815053e-06  +2.563465e-10  +2.163607e-08  +1.800536e-04  
+2.942645e-04  -2.901455e-04  -9.610044e-03  +3.349708e-03  +1.385166e-02  -4.156203e-05  -2.636847e-03  +2.603039e-03  +1.264438e-03  -5.183868e-03  -2.602702e-02  -9.020218e-06  -6.815053e-06  +2.733013e+00  -4.531222e-05  -5.862649e-05  +2.588205e+00  
-6.899687e-09  +4.265986e-08  +2.117117e-07  -6.332538e-07  -5.771353e-07  +3.624593e-09  +9.165550e-08  -1.940639e-08  -2.644998e-09  -6.607625e-08  +6.756893e-07  -2.563308e-09  +2.563465e-10  -4.531222e-05  +9.604626e-08  +3.006500e-09  -9.728556e-05  
+7.974639e-08  +2.629077e-08  +8.698959e-07  +2.601973e-06  +4.628509e-07  +1.135549e-08  +1.308117e-07  -1.833361e-06  -1.286811e-07  +8.813572e-07  -3.843641e-07  +1.025834e-08  +2.163607e-08  -5.862649e-05  +3.006500e-09  +1.611204e-07  +2.616024e-04  
+1.902400e-03  -2.471655e-03  -1.337349e-02  +3.576018e-02  +7.775840e-02  -1.717672e-03  -9.515563e-03  -2.039229e-02  +6.986652e-03  -2.540170e-02  -2.272796e-01  +5.939059e-04  +1.800536e-04  +2.588205e+00  -9.728556e-05  +2.616024e-04  +1.992464e+01  
