mean:
+3.978519e+00  +4.009131e+00  +8.074849e-01  +1.300879e+00  +1.247581e+00  +5.993643e-01  +8.156125e-01  +1.343462e+00  +1.708133e-01  +1.916024e+00  +5.798283e+00  +3.595406e+00  +2.898540e+00  +2.131692e+02  +4.309374e+00  +5.179325e+00  +2.905532e+02  +5.217621e+00  +3.910123e+00  +3.394880e+02  +2.880565e+00  +4.558976e+00  +4.001714e+02  
covariance:
+2.705252e-06  -3.990993e-07  -1.102934e-05  -2.619354e-06  +1.760039e-06  +1.362632e-07  -4.308886e-06  -1.816210e-06  -7.723111e-06  +5.833364e-05  -1.055901e-04  +4.536745e-08  -7.786582e-07  +3.642069e-03  -2.676786e-08  +8.393257e-07  +7.091681e-03  -5.115801e-07  +3.718085e-08  +7.395893e-03  +6.909222e-08  -2.967701e-07  +5.166273e-03  
-3.990993e-07  +3.971183e-06  +6.370926e-06  +1.330432e-08  -1.477688e-06  -9.083911e-07  +3.360676e-06  +6.701689e-08  +4.287634e-06  -3.379301e-05  +6.850614e-05  -3.189662e-07  +2.838015e-08  -1.822429e-03  +3.361532e-07  -3.232369e-07  -4.997961e-03  +3.710259e-07  +8.289039e-08  -5.609542e-03  -1.698016e-07  +1.177124e-07  -4.216989e-03  
-1.102934e-05  +6.370926e-06  +9.840776e-05  +1.077698e-06  -1.688408e-05  -4.925940e-06  +1.792875e-05  +1.022149e-05  +4.548322e-05  -3.394581e-04  +6.317964e-04  +7.519905e-07  +2.323595e-06  -2.051852e-02  +4.889804e-07  -5.000203e-06  -4.275874e-02  +2.535888e-06  +5.194818e-07  -5.059147e-02  -2.079869e-06  +2.045618e-06  -3.550922e-02  
-2.619354e-06  +1.330432e-08  +1.077698e-06  +6.484099e-05  +1.212127e-06  +3.429780e-06  +1.778466e-06  -1.932176e-05  +7.330240e-06  -5.394754e-05  +1.094729e-04  +8.326661e-07  +1.095836e-07  -4.420249e-03  -1.406178e-06  -1.328843e-06  -5.658422e-03  -1.070022e-06  -1.806329e-06  -7.611947e-03  -4.871796e-08  -4.303471e-07  -3.919348e-03  
+1.760039e-06  -1.477688e-06  -1.688408e-05  +1.212127e-06  +5.265617e-06  +2.158620e-06  -5.133843e-06  -2.928203e-06  -6.855137e-06  +5.536105e-05  -1.116433e-04  -2.646637e-07  +2.353333e-07  +3.301564e-03  -3.279699e-07  +2.708727e-07  +7.942741e-03  -8.104902e-07  -1.788143e-07  +8.328299e-03  +5.481795e-07  -3.877856e-07  +6.607008e-03  
+1.362632e-07  -9.083911e-07  -4.925940e-06  +3.429780e-06  +2.158620e-06  +3.345527e-06  -3.079997e-06  -2.439279e-06  +2.397168e-07  +4.061968e-06  -2.785057e-05  -5.425707e-08  +1.007194e-06  +2.120152e-04  -3.297508e-07  -7.057477e-07  +2.663787e-03  -3.166235e-07  -1.564164e-07  +2.133262e-03  +3.152315e-07  -1.713774e-07  +3.093032e-03  
-4.308886e-06  +3.360676e-06  +1.792875e-05  +1.778466e-06  -5.133843e-06  -3.079997e-06  +2.253301e-05  +8.643354e-06  +1.483161e-05  -1.344409e-04  +2.621371e-04  -1.026069e-06  +7.421703e-07  -7.919482e-03  +7.303793e-07  -1.082271e-06  -1.877216e-02  +2.952119e-06  +6.015665e-07  -1.581045e-02  +1.038495e-07  +9.522419e-07  -1.349503e-02  
-1.816210e-06  +6.701689e-08  +1.022149e-05  -1.932176e-05  -2.928203e-06  -2.439279e-06  +8.643354e-06  +5.111046e-05  +8.446448e-06  -6.693616e-05  +8.489194e-05  -2.957808e-09  +1.233295e-06  -5.199477e-03  +1.363531e-06  -2.106854e-07  -7.646055e-03  +1.901192e-07  +1.670627e-06  -1.805368e-03  -6.363617e-07  +9.328079e-07  -3.192589e-03  
-7.723111e-06  +4.287634e-06  +4.548322e-05  +7.330240e-06  -6.855137e-06  +2.397168e-07  +1.483161e-05  +8.446448e-06  +3.159821e-05  -2.346725e-04  +4.076876e-04  -3.940737e-07  +3.143142e-06  -1.426702e-02  +3.892719e-07  -3.871913e-06  -2.762130e-02  +1.601653e-06  +1.680408e-07  -3.000285e-02  -4.163625e-07  +1.241894e-06  -2.040486e-02  
+5.833364e-05  -3.379301e-05  -3.394581e-04  -5.394754e-05  +5.536105e-05  +4.061968e-06  -1.344409e-04  -6.693616e-05  -2.346725e-04  +1.799891e-03  -3.189414e-03  +4.495805e-06  -2.234455e-05  +1.085902e-01  -3.899641e-06  +2.769526e-05  +2.179666e-01  -1.531405e-05  -1.912040e-06  +2.305622e-01  +2.722709e-06  -9.598219e-06  +1.611299e-01  
-1.055901e-04  +6.850614e-05  +6.317964e-04  +1.094729e-04  -1.116433e-04  -2.785057e-05  +2.621371e-04  +8.489194e-05  +4.076876e-04  -3.189414e-03  +6.050918e-03  -5.276564e-06  +3.144230e-05  -1.947539e-01  +3.481562e-06  -4.007428e-05  -4.123511e-01  +2.901850e-05  +9.345277e-08  -4.346808e-01  -6.960059e-06  +1.608706e-05  -3.118941e-01  
+4.536745e-08  -3.189662e-07  +7.519905e-07  +8.326661e-07  -2.646637e-07  -5.425707e-08  -1.026069e-06  -2.957808e-09  -3.940737e-07  +4.495805e-06  -5.276564e-06  +9.982228e-07  -3.755235e-07  -2.487304e-04  -5.236192e-07  +3.357275e-07  +7.626042e-04  -1.652826e-07  -2.916806e-07  +1.118523e-03  -2.200373e-07  +1.251137e-09  +7.511431e-04  
-7.786582e-07  +2.838015e-08  +2.323595e-06  +1.095836e-07  +2.353333e-07  +1.007194e-06  +7.421703e-07  +1.233295e-06  +3.143142e-06  -2.234455e-05  +3.144230e-05  -3.755235e-07  +1.539785e-06  -1.135999e-03  -6.189238e-08  -6.681690e-07  -2.074216e-03  +1.343080e-07  +5.361519e-08  -2.150264e-03  +1.802161e-07  +4.088855e-08  -8.784950e-04  
+3.642069e-03  -1.822429e-03  -2.051852e-02  -4.420249e-03  +3.301564e-03  +2.120152e-04  -7.919482e-03  -5.199477e-03  -1.426702e-02  +1.085902e-01  -1.947539e-01  -2.487304e-04  -1.135999e-03  +7.717637e+00  +1.226310e-04  +1.362422e-03  +1.296471e+01  -4.952870e-04  +5.313669e-05  +1.345479e+01  +3.387617e-04  -6.662943e-04  +9.459927e+00  
-2.676786e-08  +3.361532e-07  +4.889804e-07  -1.406178e-06  -3.279699e-07  -3.297508e-07  +7.303793e-07  +1.363531e-06  +3.892719e-07  -3.899641e-06  +3.481562e-06  -5.236192e-07  -6.189238e-08  +1.226310e-04  +9.679351e-07  -1.985446e-07  -5.449260e-04  +1.763835e-07  +2.643118e-07  -9.150881e-04  +6.498138e-08  +2.698233e-08  -7.793024e-04  
+8.393257e-07  -3.232369e-07  -5.000203e-06  -1.328843e-06  +2.708727e-07  -7.057477e-07  -1.082271e-06  -2.106854e-07  -3.871913e-06  +2.769526e-05  -4.007428e-05  +3.357275e-07  -6.681690e-07  +1.362422e-03  -1.985446e-07  +1.214023e-06  +2.623688e-03  -1.047751e-07  -1.956054e-08  +3.548576e-03  -1.216457e-07  -7.427830e-08  +1.872748e-03  
+7.091681e-03  -4.997961e-03  -4.275874e-02  -5.658422e-03  +7.942741e-03  +2.663787e-03  -1.877216e-02  -7.646055e-03  -2.762130e-02  +2.179666e-01  -4.123511e-01  +7.626042e-04  -2.074216e-03  +1.296471e+01  -5.449260e-04  +2.623688e-03  +2.911126e+01  -2.005700e-03  -2.167183e-04  +3.008581e+01  +5.047160e-04  -1.111501e-03  +2.199268e+01  
-5.115801e-07  +3.710259e-07  +2.535888e-06  -1.070022e-06  -8.104902e-07  -3.166235e-07  +2.952119e-06  +1.901192e-07  +1.601653e-06  -1.531405e-05  +2.901850e-05  -1.652826e-07  +1.343080e-07  -4.952870e-04  +1.763835e-07  -1.047751e-07  -2.005700e-03  +1.243909e-06  +1.557807e-07  -1.815475e-03  +1.343059e-07  +8.142902e-08  -1.485948e-03  
+3.718085e-08  +8.289039e-08  +5.194818e-07  -1.806329e-06  -1.788143e-07  -1.564164e-07  +6.015665e-07  +1.670627e-06  +1.680408e-07  -1.912040e-06  +9.345277e-08  -2.916806e-07  +5.361519e-08  +5.313669e-05  +2.643118e-07  -1.956054e-08  -2.167183e-04  +1.557807e-07  +6.249739e-07  +1.431169e-04  +3.064263e-08  +5.856102e-08  -3.092781e-04  
+7.395893e-03  -5.609542e-03  -5.059147e-02  -7.611947e-03  +8.328299e-03  +2.133262e-03  -1.581045e-02  -1.805368e-03  -3.000285e-02  +2.305622e-01  -4.346808e-01  +1.118523e-03  -2.150264e-03  +1.345479e+01  -9.150881e-04  +3.548576e-03  +3.008581e+01  -1.815475e-03  +1.431169e-04  +3.613151e+01  +7.427742e-04  -1.044533e-03  +2.474330e+01  
+6.909222e-08  -1.698016e-07  -2.079869e-06  -4.871796e-08  +5.481795e-07  +3.152315e-07  +1.038495e-07  -6.363617e-07  -4.163625e-07  +2.722709e-06  -6.960059e-06  -2.200373e-07  +1.802161e-07  +3.387617e-04  +6.498138e-08  -1.216457e-07  +5.047160e-04  +1.343059e-07  +3.064263e-08  +7.427742e-04  +4.045485e-07  +3.878688e-08  +6.286669e-04  
-2.967701e-07  +1.177124e-07  +2.045618e-06  -4.303471e-07  -3.877856e-07  -1.713774e-07  +9.522419e-07  +9.328079e-07  +1.241894e-06  -9.598219e-06  +1.608706e-05  +1.251137e-09  +4.088855e-08  -6.662943e-04  +2.698233e-08  -7.427830e-08  -1.111501e-03  +8.142902e-08  +5.856102e-08  -1.044533e-03  +3.878688e-08  +3.849965e-07  -8.378104e-04  
+5.166273e-03  -4.216989e-03  -3.550922e-02  -3.919348e-03  +6.607008e-03  +3.093032e-03  -1.349503e-02  -3.192589e-03  -2.040486e-02  +1.611299e-01  -3.118941e-01  +7.511431e-04  -8.784950e-04  +9.459927e+00  -7.793024e-04  +1.872748e-03  +2.199268e+01  -1.485948e-03  -3.092781e-04  +2.474330e+01  +6.286669e-04  -8.378104e-04  +1.871817e+01  
