mean:
+3.911562e+00  +3.897610e+00  +8.658568e-01  +1.342311e+00  +1.439546e+00  +6.006589e-01  +8.266916e-01  +1.388304e+00  +1.545019e-01  +1.922921e+00  +5.866786e+00  +3.483909e+00  +2.610249e+00  +1.952227e+02  +4.286646e+00  +5.274813e+00  +2.795261e+02  +5.350061e+00  +3.778469e+00  +3.223576e+02  +2.640052e+00  +4.559937e+00  +3.951183e+02  
covariance:
+4.397247e-06  -7.335632e-07  +6.570748e-06  +1.927060e-05  -1.326694e-06  -2.349936e-06  +6.229821e-06  -1.404597e-06  -5.412462e-06  +4.620583e-05  -4.533227e-05  -6.083534e-07  +8.155422e-07  +1.163687e-03  +2.672836e-08  +8.262181e-07  +3.364580e-03  +8.828952e-07  -3.191345e-07  +1.730673e-03  +2.792580e-07  +3.603073e-07  +3.518427e-03  
-7.335632e-07  +8.602740e-07  +1.261953e-06  +2.629661e-06  -7.030126e-07  -4.172982e-07  +8.647566e-07  +3.956777e-07  -1.325846e-06  +1.178557e-05  -1.338950e-05  -4.475031e-08  +1.061155e-07  -8.423999e-05  -1.285067e-07  +2.800671e-07  +9.023896e-04  -9.149985e-08  +3.141158e-08  +1.156274e-04  -3.362573e-08  +8.374730e-08  +5.760970e-04  
+6.570748e-06  +1.261953e-06  +3.401748e-05  +7.104737e-05  -3.554762e-06  -1.188809e-05  +2.262339e-05  +2.062516e-05  -2.216266e-05  +2.079320e-04  -2.071337e-04  -2.583137e-06  +3.836505e-06  +1.692527e-03  -9.146827e-07  +3.156920e-06  +1.680748e-02  +1.625393e-06  +1.465312e-07  +5.291974e-03  +4.908798e-07  +1.121632e-06  +1.182842e-02  
+1.927060e-05  +2.629661e-06  +7.104737e-05  +3.418013e-04  -2.457672e-05  -3.563122e-05  +8.922642e-05  +3.265666e-05  -6.199603e-05  +5.561092e-04  -5.379046e-04  -6.489546e-06  +1.343189e-05  +1.280700e-02  +1.483100e-07  +7.493940e-06  +3.705040e-02  +8.066884e-06  +1.481766e-06  +2.339604e-02  +1.426233e-06  +4.959766e-06  +4.250982e-02  
-1.326694e-06  -7.030126e-07  -3.554762e-06  -2.457672e-05  +3.137688e-05  +2.405177e-06  -1.183481e-05  +8.347475e-06  +7.675894e-06  -6.650265e-05  +6.897972e-05  -8.951236e-07  -5.499087e-07  -1.350894e-03  +4.803451e-07  -1.859816e-06  -3.245578e-03  -1.087272e-06  +2.142831e-07  -3.263390e-03  +1.246955e-06  -8.978785e-07  -5.920937e-03  
-2.349936e-06  -4.172982e-07  -1.188809e-05  -3.563122e-05  +2.405177e-06  +8.582528e-06  -1.147665e-05  -3.151390e-05  +7.719192e-06  -7.241225e-05  +7.482970e-05  +1.495237e-06  -2.687542e-06  -2.348935e-04  -2.611549e-07  -7.716701e-07  -5.424537e-03  -3.590985e-07  -1.012474e-06  -3.228859e-03  +5.232438e-07  -9.865987e-07  -4.208090e-03  
+6.229821e-06  +8.647566e-07  +2.262339e-05  +8.922642e-05  -1.183481e-05  -1.147665e-05  +3.583683e-05  +1.425222e-05  -1.988350e-05  +1.738500e-04  -1.756607e-04  -2.033041e-06  +4.750412e-06  +4.896513e-03  -7.351299e-08  +2.920445e-06  +1.129518e-02  +3.616922e-06  +2.504002e-08  +8.761350e-03  -1.850623e-07  +1.759135e-06  +1.280779e-02  
-1.404597e-06  +3.956777e-07  +2.062516e-05  +3.265666e-05  +8.347475e-06  -3.151390e-05  +1.425222e-05  +2.843612e-04  +2.765256e-07  +3.568093e-06  -6.357584e-06  -6.493327e-06  +1.087332e-05  -9.614134e-03  -5.786315e-07  -4.918676e-06  +6.472895e-03  -3.346052e-06  +8.984349e-06  +4.658932e-03  -4.922626e-06  +1.557474e-06  -1.359873e-02  
-5.412462e-06  -1.325846e-06  -2.216266e-05  -6.199603e-05  +7.675894e-06  +7.719192e-06  -1.988350e-05  +2.765256e-07  +1.891994e-05  -1.704662e-04  +1.689982e-04  +1.682462e-06  -2.402507e-06  -2.354111e-03  +9.378120e-07  -3.109291e-06  -1.255671e-02  -1.593283e-06  +5.063993e-07  -4.659552e-03  -5.341357e-07  -1.046032e-06  -1.116187e-02  
+4.620583e-05  +1.178557e-05  +2.079320e-04  +5.561092e-04  -6.650265e-05  -7.241225e-05  +1.738500e-04  +3.568093e-06  -1.704662e-04  +1.599010e-03  -1.611756e-03  -1.583226e-05  +2.124590e-05  +1.847048e-02  -9.037526e-06  +2.960740e-05  +1.183745e-01  +1.216007e-05  -4.352296e-06  +3.929784e-02  +4.590731e-06  +1.031873e-05  +1.022078e-01  
-4.533227e-05  -1.338950e-05  -2.071337e-04  -5.379046e-04  +6.897972e-05  +7.482970e-05  -1.756607e-04  -6.357584e-06  +1.689982e-04  -1.611756e-03  +1.748386e-03  +1.459881e-05  -2.250705e-05  -1.565215e-02  +6.954927e-06  -3.226991e-05  -1.194564e-01  -1.113766e-05  +2.668696e-06  -3.692334e-02  -1.962254e-06  -1.434696e-05  -1.016179e-01  
-6.083534e-07  -4.475031e-08  -2.583137e-06  -6.489546e-06  -8.951236e-07  +1.495237e-06  -2.033041e-06  -6.493327e-06  +1.682462e-06  -1.583226e-05  +1.459881e-05  +6.741561e-07  -5.344246e-07  -8.484282e-05  +1.025124e-07  -1.476523e-07  -1.347438e-03  -1.190803e-07  -1.054408e-07  -5.358277e-04  -6.561575e-08  -5.773228e-08  -6.465802e-04  
+8.155422e-07  +1.061155e-07  +3.836505e-06  +1.343189e-05  -5.499087e-07  -2.687542e-06  +4.750412e-06  +1.087332e-05  -2.402507e-06  +2.124590e-05  -2.250705e-05  -5.344246e-07  +1.426235e-06  +3.912017e-04  +1.332168e-07  +2.316786e-07  +1.583660e-03  +4.092420e-07  +3.594868e-07  +1.365530e-03  -6.454346e-08  +2.192632e-07  +1.101662e-03  
+1.163687e-03  -8.423999e-05  +1.692527e-03  +1.280700e-02  -1.350894e-03  -2.348935e-04  +4.896513e-03  -9.614134e-03  -2.354111e-03  +1.847048e-02  -1.565215e-02  -8.484282e-05  +3.912017e-04  +2.033884e+00  +2.626477e-04  +5.208103e-04  +4.775913e-01  +1.006678e-03  -6.063954e-04  +1.577842e+00  +2.697267e-04  +2.185191e-05  +2.431915e+00  
+2.672836e-08  -1.285067e-07  -9.146827e-07  +1.483100e-07  +4.803451e-07  -2.611549e-07  -7.351299e-08  -5.786315e-07  +9.378120e-07  -9.037526e-06  +6.954927e-06  +1.025124e-07  +1.332168e-07  +2.626477e-04  +8.721718e-07  -4.824662e-08  -1.086750e-03  +1.302792e-07  +1.187199e-07  +2.453025e-04  +1.618544e-08  +1.736659e-07  +3.167777e-04  
+8.262181e-07  +2.800671e-07  +3.156920e-06  +7.493940e-06  -1.859816e-06  -7.716701e-07  +2.920445e-06  -4.918676e-06  -3.109291e-06  +2.960740e-05  -3.226991e-05  -1.476523e-07  +2.316786e-07  +5.208103e-04  -4.824662e-08  +1.026589e-06  +1.937631e-03  +3.328900e-07  -3.535375e-07  +7.040386e-04  +1.856560e-07  +2.384547e-07  +2.162946e-03  
+3.364580e-03  +9.023896e-04  +1.680748e-02  +3.705040e-02  -3.245578e-03  -5.424537e-03  +1.129518e-02  +6.472895e-03  -1.255671e-02  +1.183745e-01  -1.194564e-01  -1.347438e-03  +1.583660e-03  +4.775913e-01  -1.086750e-03  +1.937631e-03  +1.021223e+01  +7.203377e-04  -7.985358e-05  +2.476511e+00  +3.187974e-04  +6.075594e-04  +6.383392e+00  
+8.828952e-07  -9.149985e-08  +1.625393e-06  +8.066884e-06  -1.087272e-06  -3.590985e-07  +3.616922e-06  -3.346052e-06  -1.593283e-06  +1.216007e-05  -1.113766e-05  -1.190803e-07  +4.092420e-07  +1.006678e-03  +1.302792e-07  +3.328900e-07  +7.203377e-04  +1.217199e-06  -3.307205e-07  +1.351108e-03  +1.338517e-07  +1.018426e-07  +1.408519e-03  
-3.191345e-07  +3.141158e-08  +1.465312e-07  +1.481766e-06  +2.142831e-07  -1.012474e-06  +2.504002e-08  +8.984349e-06  +5.063993e-07  -4.352296e-06  +2.668696e-06  -1.054408e-07  +3.594868e-07  -6.063954e-04  +1.187199e-07  -3.535375e-07  -7.985358e-05  -3.307205e-07  +7.235253e-07  -1.525610e-04  -1.996514e-07  +1.597789e-07  -6.181010e-04  
+1.730673e-03  +1.156274e-04  +5.291974e-03  +2.339604e-02  -3.263390e-03  -3.228859e-03  +8.761350e-03  +4.658932e-03  -4.659552e-03  +3.929784e-02  -3.692334e-02  -5.358277e-04  +1.365530e-03  +1.577842e+00  +2.453025e-04  +7.040386e-04  +2.476511e+00  +1.351108e-03  -1.525610e-04  +3.379510e+00  -4.480883e-05  +2.609191e-04  +3.420006e+00  
+2.792580e-07  -3.362573e-08  +4.908798e-07  +1.426233e-06  +1.246955e-06  +5.232438e-07  -1.850623e-07  -4.922626e-06  -5.341357e-07  +4.590731e-06  -1.962254e-06  -6.561575e-08  -6.454346e-08  +2.697267e-04  +1.618544e-08  +1.856560e-07  +3.187974e-04  +1.338517e-07  -1.996514e-07  -4.480883e-05  +5.932318e-07  -1.019104e-07  +5.522830e-04  
+3.603073e-07  +8.374730e-08  +1.121632e-06  +4.959766e-06  -8.978785e-07  -9.865987e-07  +1.759135e-06  +1.557474e-06  -1.046032e-06  +1.031873e-05  -1.434696e-05  -5.773228e-08  +2.192632e-07  +2.185191e-05  +1.736659e-07  +2.384547e-07  +6.075594e-04  +1.018426e-07  +1.597789e-07  +2.609191e-04  -1.019104e-07  +5.610645e-07  +1.028950e-03  
+3.518427e-03  +5.760970e-04  +1.182842e-02  +4.250982e-02  -5.920937e-03  -4.208090e-03  +1.280779e-02  -1.359873e-02  -1.116187e-02  +1.022078e-01  -1.016179e-01  -6.465802e-04  +1.101662e-03  +2.431915e+00  +3.167777e-04  +2.162946e-03  +6.383392e+00  +1.408519e-03  -6.181010e-04  +3.420006e+00  +5.522830e-04  +1.028950e-03  +9.335400e+00  
