mean:
+3.908599e+00  +3.898417e+00  +8.187346e-01  +1.291117e+00  +1.450050e+00  +5.969693e-01  +8.247739e-01  +1.402223e+00  +1.609115e-01  +1.904083e+00  +5.853165e+00  +3.486073e+00  +2.611942e+00  +2.054310e+02  +4.262337e+00  +5.278054e+00  +2.860548e+02  +5.349742e+00  +3.758240e+00  +3.291390e+02  +2.641435e+00  +4.557801e+00  +3.935958e+02  
covariance:
+1.457290e-06  -6.032378e-07  -9.318969e-07  +4.194512e-08  +3.033180e-09  -9.116032e-08  +2.157767e-06  +4.180870e-06  -1.431745e-06  +1.008442e-05  -1.193998e-05  +4.804079e-08  -4.283501e-07  +5.036234e-04  -3.417495e-07  +8.239921e-07  +1.253148e-03  +4.383298e-07  +1.527151e-07  +3.334603e-04  -1.628776e-07  +1.731275e-07  +1.490632e-03  
-6.032378e-07  +8.555027e-07  -8.107763e-07  -5.720787e-07  +5.204477e-08  -1.783429e-07  +1.209966e-06  +2.611762e-06  -8.076338e-07  +5.361887e-06  -5.522958e-06  -6.279336e-08  -1.746949e-07  +3.593817e-04  -2.189603e-07  +3.344103e-07  +6.184691e-04  +7.666783e-08  +2.512938e-07  +4.695575e-04  -8.093018e-08  +8.563575e-08  +7.505639e-04  
-9.318969e-07  -8.107763e-07  +1.439044e-05  -5.298672e-07  -1.273321e-06  +1.834377e-06  -2.127179e-05  -2.639594e-05  +9.129790e-06  -6.827507e-05  +6.820309e-05  -6.090833e-07  +1.737453e-06  -4.713080e-03  +3.106643e-06  -7.313702e-06  -6.955423e-03  -1.665468e-06  -2.251017e-06  -6.675514e-03  +1.720726e-07  -9.234448e-07  -1.131313e-02  
+4.194512e-08  -5.720787e-07  -5.298672e-07  +2.808434e-05  +9.891665e-07  +1.619507e-06  +3.205829e-06  -3.022524e-05  +1.793467e-06  -2.051642e-05  +2.356555e-05  -3.506188e-07  +1.286828e-06  -1.724196e-03  +8.687217e-07  +7.088216e-07  -2.748728e-03  -1.469942e-06  -9.503246e-08  -5.030155e-04  +1.265602e-06  -1.359307e-06  -3.580954e-03  
+3.033180e-09  +5.204477e-08  -1.273321e-06  +9.891665e-07  +1.157240e-06  +2.724822e-07  +7.662752e-07  -1.410423e-06  -3.212995e-07  +2.010910e-06  -1.983321e-06  +5.196362e-08  -1.997612e-07  +1.741826e-04  -2.459339e-07  +3.816520e-07  +3.294098e-04  -2.303780e-07  +1.138490e-08  +1.193498e-04  +3.101262e-07  -9.288174e-08  +1.251658e-04  
-9.116032e-08  -1.783429e-07  +1.834377e-06  +1.619507e-06  +2.724822e-07  +1.663129e-06  -4.525182e-06  -1.152226e-05  +1.900185e-06  -1.537894e-05  +1.499665e-05  +5.594833e-08  -1.307062e-07  -1.027788e-03  +2.230078e-07  -1.110187e-06  -1.277498e-03  -7.895162e-07  -9.381486e-07  -2.105641e-03  +4.995676e-07  -4.633716e-07  -2.941622e-03  
+2.157767e-06  +1.209966e-06  -2.127179e-05  +3.205829e-06  +7.662752e-07  -4.525182e-06  +5.294703e-05  +4.867896e-05  -1.961818e-05  +1.431398e-04  -1.439804e-04  +1.307233e-06  -2.164483e-06  +1.117393e-02  -3.805977e-06  +1.585452e-05  +1.416916e-02  +5.055350e-06  +4.780526e-06  +1.385202e-02  -1.253192e-06  +2.691033e-06  +2.309958e-02  
+4.180870e-06  +2.611762e-06  -2.639594e-05  -3.022524e-05  -1.410423e-06  -1.152226e-05  +4.867896e-05  +2.113836e-04  -3.020453e-05  +2.557017e-04  -2.765060e-04  -7.260154e-07  -7.977028e-06  +1.355369e-02  -1.096566e-05  +1.389811e-05  +2.984753e-02  +1.054359e-05  +6.867719e-06  +1.745150e-02  -7.636722e-06  +5.787713e-06  +4.357201e-02  
-1.431745e-06  -8.076338e-07  +9.129790e-06  +1.793467e-06  -3.212995e-07  +1.900185e-06  -1.961818e-05  -3.020453e-05  +9.754896e-06  -7.201749e-05  +7.573614e-05  -3.317028e-07  +2.147737e-06  -4.768023e-03  +2.472510e-06  -6.203891e-06  -8.113287e-03  -2.318648e-06  -2.148868e-06  -5.212588e-03  +9.009192e-07  -1.209580e-06  -1.100856e-02  
+1.008442e-05  +5.361887e-06  -6.827507e-05  -2.051642e-05  +2.010910e-06  -1.537894e-05  +1.431398e-04  +2.557017e-04  -7.201749e-05  +5.786927e-04  -6.317705e-04  +1.324528e-06  -1.872706e-05  +3.628906e-02  -2.069383e-05  +4.638901e-05  +6.793977e-02  +1.855438e-05  +1.720340e-05  +3.922288e-02  -8.339617e-06  +9.164071e-06  +8.777586e-02  
-1.193998e-05  -5.522958e-06  +6.820309e-05  +2.356555e-05  -1.983321e-06  +1.499665e-05  -1.439804e-04  -2.765060e-04  +7.573614e-05  -6.317705e-04  +7.586237e-04  +1.402003e-06  +2.243860e-05  -3.735761e-02  +2.340225e-05  -4.807729e-05  -7.919003e-02  -2.039360e-05  -1.872765e-05  -4.028470e-02  +1.073339e-05  -8.851205e-06  -9.524215e-02  
+4.804079e-08  -6.279336e-08  -6.090833e-07  -3.506188e-07  +5.196362e-08  +5.594833e-08  +1.307233e-06  -7.260154e-07  -3.317028e-07  +1.324528e-06  +1.402003e-06  +4.847138e-07  -4.171183e-08  +4.691589e-04  -4.430851e-08  +4.482180e-07  -9.072590e-05  +8.370831e-08  -1.800070e-07  +1.521863e-04  +1.443891e-07  +1.363665e-07  +3.364990e-04  
-4.283501e-07  -1.746949e-07  +1.737453e-06  +1.286828e-06  -1.997612e-07  -1.307062e-07  -2.164483e-06  -7.977028e-06  +2.147737e-06  -1.872706e-05  +2.243860e-05  -4.171183e-08  +1.409424e-06  -9.820219e-04  +1.010714e-06  -8.925870e-07  -2.786107e-03  -3.990668e-07  -2.011888e-07  -2.081640e-04  +1.823641e-07  -1.747362e-07  -2.442916e-03  
+5.036234e-04  +3.593817e-04  -4.713080e-03  -1.724196e-03  +1.741826e-04  -1.027788e-03  +1.117393e-02  +1.355369e-02  -4.768023e-03  +3.628906e-02  -3.735761e-02  +4.691589e-04  -9.820219e-04  +3.057261e+00  -1.071757e-03  +3.439653e-03  +3.875181e+00  +1.258601e-03  +9.907989e-04  +2.901468e+00  -3.180522e-04  +7.882675e-04  +5.732428e+00  
-3.417495e-07  -2.189603e-07  +3.106643e-06  +8.687217e-07  -2.459339e-07  +2.230078e-07  -3.805977e-06  -1.096566e-05  +2.472510e-06  -2.069383e-05  +2.340225e-05  -4.430851e-08  +1.010714e-06  -1.071757e-03  +1.330851e-06  -1.490845e-06  -2.682232e-03  -5.182702e-07  -3.475957e-07  -1.123835e-03  +2.382431e-07  -2.066056e-07  -3.155280e-03  
+8.239921e-07  +3.344103e-07  -7.313702e-06  +7.088216e-07  +3.816520e-07  -1.110187e-06  +1.585452e-05  +1.389811e-05  -6.203891e-06  +4.638901e-05  -4.807729e-05  +4.482180e-07  -8.925870e-07  +3.439653e-03  -1.490845e-06  +5.599991e-06  +4.795714e-03  +1.509755e-06  +1.461775e-06  +4.284125e-03  -3.477960e-07  +6.717906e-07  +7.318483e-03  
+1.253148e-03  +6.184691e-04  -6.955423e-03  -2.748728e-03  +3.294098e-04  -1.277498e-03  +1.416916e-02  +2.984753e-02  -8.113287e-03  +6.793977e-02  -7.919003e-02  -9.072590e-05  -2.786107e-03  +3.875181e+00  -2.682232e-03  +4.795714e-03  +8.955752e+00  +2.049149e-03  +1.820593e-03  +3.637545e+00  -1.055032e-03  +8.910479e-04  +9.855681e+00  
+4.383298e-07  +7.666783e-08  -1.665468e-06  -1.469942e-06  -2.303780e-07  -7.895162e-07  +5.055350e-06  +1.054359e-05  -2.318648e-06  +1.855438e-05  -2.039360e-05  +8.370831e-08  -3.990668e-07  +1.258601e-03  -5.182702e-07  +1.509755e-06  +2.049149e-03  +9.799030e-07  +5.119394e-07  +1.435674e-03  -5.103220e-07  +4.718557e-07  +3.045465e-03  
+1.527151e-07  +2.512938e-07  -2.251017e-06  -9.503246e-08  +1.138490e-08  -9.381486e-07  +4.780526e-06  +6.867719e-06  -2.148868e-06  +1.720340e-05  -1.872765e-05  -1.800070e-07  -2.011888e-07  +9.907989e-04  -3.475957e-07  +1.461775e-06  +1.820593e-03  +5.119394e-07  +1.105196e-06  +1.783781e-03  -2.823245e-07  +2.595517e-07  +2.700364e-03  
+3.334603e-04  +4.695575e-04  -6.675514e-03  -5.030155e-04  +1.193498e-04  -2.105641e-03  +1.385202e-02  +1.745150e-02  -5.212588e-03  +3.922288e-02  -4.028470e-02  +1.521863e-04  -2.081640e-04  +2.901468e+00  -1.123835e-03  +4.284125e-03  +3.637545e+00  +1.435674e-03  +1.783781e-03  +4.926136e+00  -5.143312e-04  +7.662229e-04  +6.909939e+00  
-1.628776e-07  -8.093018e-08  +1.720726e-07  +1.265602e-06  +3.101262e-07  +4.995676e-07  -1.253192e-06  -7.636722e-06  +9.009192e-07  -8.339617e-06  +1.073339e-05  +1.443891e-07  +1.823641e-07  -3.180522e-04  +2.382431e-07  -3.477960e-07  -1.055032e-03  -5.103220e-07  -2.823245e-07  -5.143312e-04  +6.678927e-07  -2.113172e-07  -1.447251e-03  
+1.731275e-07  +8.563575e-08  -9.234448e-07  -1.359307e-06  -9.288174e-08  -4.633716e-07  +2.691033e-06  +5.787713e-06  -1.209580e-06  +9.164071e-06  -8.851205e-06  +1.363665e-07  -1.747362e-07  +7.882675e-04  -2.066056e-07  +6.717906e-07  +8.910479e-04  +4.718557e-07  +2.595517e-07  +7.662229e-04  -2.113172e-07  +4.049438e-07  +1.578617e-03  
+1.490632e-03  +7.505639e-04  -1.131313e-02  -3.580954e-03  +1.251658e-04  -2.941622e-03  +2.309958e-02  +4.357201e-02  -1.100856e-02  +8.777586e-02  -9.524215e-02  +3.364990e-04  -2.442916e-03  +5.732428e+00  -3.155280e-03  +7.318483e-03  +9.855681e+00  +3.045465e-03  +2.700364e-03  +6.909939e+00  -1.447251e-03  +1.578617e-03  +1.437279e+01  
