mean:
+3.924399e+00  +3.902145e+00  +6.909552e-01  -1.158218e+00  +1.531906e+00  +6.094915e-01  +9.319870e-01  +2.077713e+00  +1.076003e-01  +1.983244e+00  +4.808513e+00  +1.905302e+00  +3.007358e+00  +7.955179e+02  +4.959855e+00  +4.479813e+00  +2.018512e+03  
covariance:
+2.162535e-05  +5.969549e-06  +2.398715e-05  +7.688348e-06  -3.097716e-05  -9.991607e-08  +8.570952e-06  -1.979545e-05  -5.991799e-07  +3.589184e-05  -1.212158e-04  +6.500175e-08  -1.794187e-07  -5.118921e-03  +3.538850e-08  -9.828511e-08  +6.213852e-03  
+5.969549e-06  +5.011542e-06  +1.774669e-05  -1.210337e-05  -3.542613e-05  +1.265651e-07  +1.109379e-05  -2.890057e-05  -1.589416e-06  +3.827275e-05  -1.336997e-04  +2.575442e-07  +1.490348e-07  -5.472700e-03  +1.933020e-07  +8.285447e-08  +4.088393e-03  
+2.398715e-05  +1.774669e-05  +1.172979e-04  -2.099743e-05  -2.564214e-04  +1.496374e-06  +6.017589e-05  -1.711405e-04  -7.327705e-06  +2.451966e-04  -8.320799e-04  +1.355921e-07  +9.000968e-07  -3.838706e-02  +9.700294e-07  -1.237890e-07  +3.336607e-02  
+7.688348e-06  -1.210337e-05  -2.099743e-05  +6.607052e-04  +1.406052e-04  +1.075918e-05  -5.669373e-06  +3.459406e-04  +7.076826e-06  -9.368440e-05  +2.380440e-04  -6.541149e-07  +1.697216e-06  +4.381045e-03  -1.432879e-07  +5.645333e-07  +8.717307e-03  
-3.097716e-05  -3.542613e-05  -2.564214e-04  +1.406052e-04  +7.689749e-04  -6.806713e-06  -1.549165e-04  +3.950704e-04  +1.896079e-05  -5.862918e-04  +1.957860e-03  -1.964311e-06  -7.375978e-06  +9.339190e-02  -2.653282e-06  +5.326107e-07  -6.908634e-02  
-9.991607e-08  +1.265651e-07  +1.496374e-06  +1.075918e-05  -6.806713e-06  +1.327635e-06  +2.151780e-06  +8.252483e-06  -2.276403e-07  +4.835894e-06  -1.702255e-05  +1.370215e-07  +1.620910e-07  -1.287622e-03  +4.026462e-08  +3.352926e-08  +4.814278e-04  
+8.570952e-06  +1.109379e-05  +6.017589e-05  -5.669373e-06  -1.549165e-04  +2.151780e-06  +5.858514e-05  -8.298410e-05  -5.813267e-06  +1.469935e-04  -5.144521e-04  -1.590343e-07  +1.760966e-06  -2.158028e-02  +9.733936e-07  +5.013842e-07  +1.557180e-02  
-1.979545e-05  -2.890057e-05  -1.711405e-04  +3.459406e-04  +3.950704e-04  +8.252483e-06  -8.298410e-05  +5.032047e-04  +1.199450e-05  -3.917475e-04  +1.342405e-03  -3.061284e-07  +2.085369e-06  +5.238451e-02  -1.542577e-06  +4.289034e-07  -4.524778e-02  
-5.991799e-07  -1.589416e-06  -7.327705e-06  +7.076826e-06  +1.896079e-05  -2.276403e-07  -5.813267e-06  +1.199450e-05  +1.332318e-06  -1.854586e-05  +5.831844e-05  -5.968761e-08  -1.626819e-07  +2.534262e-03  -8.151795e-08  -2.076810e-08  -2.239310e-03  
+3.589184e-05  +3.827275e-05  +2.451966e-04  -9.368440e-05  -5.862918e-04  +4.835894e-06  +1.469935e-04  -3.917475e-04  -1.854586e-05  +5.667370e-04  -1.907247e-03  +7.279549e-07  +1.990903e-06  -8.565779e-02  +2.315267e-06  -3.661776e-07  +7.186932e-02  
-1.212158e-04  -1.336997e-04  -8.320799e-04  +2.380440e-04  +1.957860e-03  -1.702255e-05  -5.144521e-04  +1.342405e-03  +5.831844e-05  -1.907247e-03  +6.714766e-03  -4.164180e-06  -5.078607e-06  +2.920647e-01  -8.421070e-06  +5.614995e-07  -2.280116e-01  
+6.500175e-08  +2.575442e-07  +1.355921e-07  -6.541149e-07  -1.964311e-06  +1.370215e-07  -1.590343e-07  -3.061284e-07  -5.968761e-08  +7.279549e-07  -4.164180e-06  +3.763470e-07  +2.468125e-08  -1.376420e-04  +2.080403e-08  +2.935362e-09  -1.852587e-04  
-1.794187e-07  +1.490348e-07  +9.000968e-07  +1.697216e-06  -7.375978e-06  +1.620910e-07  +1.760966e-06  +2.085369e-06  -1.626819e-07  +1.990903e-06  -5.078607e-06  +2.468125e-08  +5.714234e-07  -6.998320e-04  +5.305032e-08  +8.289518e-08  -1.679376e-05  
-5.118921e-03  -5.472700e-03  -3.838706e-02  +4.381045e-03  +9.339190e-02  -1.287622e-03  -2.158028e-02  +5.238451e-02  +2.534262e-03  -8.565779e-02  +2.920647e-01  -1.376420e-04  -6.998320e-04  +1.476380e+01  -3.303952e-04  -1.089857e-05  -1.096538e+01  
+3.538850e-08  +1.933020e-07  +9.700294e-07  -1.432879e-07  -2.653282e-06  +4.026462e-08  +9.733936e-07  -1.542577e-06  -8.151795e-08  +2.315267e-06  -8.421070e-06  +2.080403e-08  +5.305032e-08  -3.303952e-04  +8.132375e-08  +3.413538e-08  +1.259615e-04  
-9.828511e-08  +8.285447e-08  -1.237890e-07  +5.645333e-07  +5.326107e-07  +3.352926e-08  +5.013842e-07  +4.289034e-07  -2.076810e-08  -3.661776e-07  +5.614995e-07  +2.935362e-09  +8.289518e-08  -1.089857e-05  +3.413538e-08  +1.689921e-07  -1.601376e-04  
+6.213852e-03  +4.088393e-03  +3.336607e-02  +8.717307e-03  -6.908634e-02  +4.814278e-04  +1.557180e-02  -4.524778e-02  -2.239310e-03  +7.186932e-02  -2.280116e-01  -1.852587e-04  -1.679376e-05  -1.096538e+01  +1.259615e-04  -1.601376e-04  +1.555868e+01  
