mean:
+3.957944e+00  +3.925436e+00  +6.154486e-01  -1.180320e+00  +1.685328e+00  +4.908968e-01  +9.109095e-01  +2.036360e+00  +1.452199e-01  +2.000724e+00  +4.869232e+00  +1.634624e+00  +2.882941e+00  +8.081531e+02  +4.799748e+00  +4.399740e+00  +2.012652e+03  
covariance:
+8.008482e-06  +2.134494e-07  +1.785514e-06  +2.080010e-06  +2.942337e-06  +1.621905e-06  +5.020010e-06  +1.243988e-05  -1.053939e-06  +7.665594e-06  +2.445460e-05  +4.990729e-08  +4.371946e-07  +2.757578e-04  +2.947449e-08  +1.422011e-07  -1.227037e-04  
+2.134494e-07  +8.772871e-06  +6.363134e-06  +1.084215e-05  +4.158581e-06  +3.798349e-06  +7.642185e-07  -9.748733e-06  +2.168634e-07  -4.400824e-06  +2.893892e-05  -1.961946e-08  +7.008702e-08  -4.835893e-04  -5.642798e-08  +2.787944e-08  +8.741678e-04  
+1.785514e-06  +6.363134e-06  +2.294033e-04  +2.616443e-04  -3.873378e-05  +9.495250e-05  -1.322318e-04  -2.618234e-04  +4.425107e-05  -3.411162e-04  +4.726921e-04  -4.188133e-06  -7.854492e-07  -1.715151e-02  -4.504172e-07  +1.580987e-06  -1.122085e-02  
+2.080010e-06  +1.084215e-05  +2.616443e-04  +7.876255e-04  -1.864217e-06  +1.400489e-04  -2.068505e-04  -3.559633e-04  +6.756070e-05  -5.232995e-04  +8.642977e-04  -1.020798e-05  -5.075485e-06  -2.634862e-02  -2.427219e-06  +7.580497e-06  -9.405793e-04  
+2.942337e-06  +4.158581e-06  -3.873378e-05  -1.864217e-06  +2.028091e-04  -2.053354e-05  +6.060266e-05  -8.401570e-06  -1.483005e-05  +1.102830e-04  -1.827704e-04  +7.450233e-07  +1.978421e-06  +1.439227e-02  -2.902633e-07  +1.776971e-07  +2.604400e-02  
+1.621905e-06  +3.798349e-06  +9.495250e-05  +1.400489e-04  -2.053354e-05  +6.007841e-05  -5.745421e-05  -7.619416e-05  +1.813819e-05  -1.580319e-04  +3.598672e-04  -2.032184e-06  -5.906779e-07  -8.937889e-03  -1.814359e-07  +1.764613e-06  -1.196746e-02  
+5.020010e-06  +7.642185e-07  -1.322318e-04  -2.068505e-04  +6.060266e-05  -5.745421e-05  +2.171269e-04  +2.336618e-04  -6.339291e-05  +3.897014e-04  -9.000811e-05  +2.569400e-06  +2.593362e-06  +1.673018e-02  +3.796495e-07  -2.554270e-06  +2.289796e-02  
+1.243988e-05  -9.748733e-06  -2.618234e-04  -3.559633e-04  -8.401570e-06  -7.619416e-05  +2.336618e-04  +1.191498e-03  -6.938737e-05  +4.377138e-04  -8.270053e-05  +5.020388e-06  +2.075165e-06  +2.195888e-02  -2.257589e-06  +1.076463e-06  -5.686200e-02  
-1.053939e-06  +2.168634e-07  +4.425107e-05  +6.756070e-05  -1.483005e-05  +1.813819e-05  -6.339291e-05  -6.938737e-05  +2.108310e-05  -1.279602e-04  +2.121704e-05  -8.704888e-07  -6.741039e-07  -5.361819e-03  -1.121208e-07  +7.222537e-07  -7.897246e-03  
+7.665594e-06  -4.400824e-06  -3.411162e-04  -5.232995e-04  +1.102830e-04  -1.580319e-04  +3.897014e-04  +4.377138e-04  -1.279602e-04  +8.853576e-04  -5.454579e-04  +7.155619e-06  +4.924829e-06  +3.862501e-02  +5.672896e-07  -5.237667e-06  +5.711137e-02  
+2.445460e-05  +2.893892e-05  +4.726921e-04  +8.642977e-04  -1.827704e-04  +3.598672e-04  -9.000811e-05  -8.270053e-05  +2.121704e-05  -5.454579e-04  +3.434952e-03  -1.447304e-05  -4.063895e-06  -4.755266e-02  -2.296252e-06  +1.350848e-05  -2.452262e-02  
+4.990729e-08  -1.961946e-08  -4.188133e-06  -1.020798e-05  +7.450233e-07  -2.032184e-06  +2.569400e-06  +5.020388e-06  -8.704888e-07  +7.155619e-06  -1.447304e-05  +7.495211e-07  +8.972296e-08  +5.624357e-04  +1.103990e-07  +2.876709e-08  -6.354953e-07  
+4.371946e-07  +7.008702e-08  -7.854492e-07  -5.075485e-06  +1.978421e-06  -5.906779e-07  +2.593362e-06  +2.075165e-06  -6.741039e-07  +4.924829e-06  -4.063895e-06  +8.972296e-08  +6.929550e-07  +7.049505e-05  +9.420073e-09  -3.046379e-08  +6.972071e-04  
+2.757578e-04  -4.835893e-04  -1.715151e-02  -2.634862e-02  +1.439227e-02  -8.937889e-03  +1.673018e-02  +2.195888e-02  -5.361819e-03  +3.862501e-02  -4.755266e-02  +5.624357e-04  +7.049505e-05  +6.864119e+00  +5.434522e-05  -4.033082e-04  +6.860302e+00  
+2.947449e-08  -5.642798e-08  -4.504172e-07  -2.427219e-06  -2.902633e-07  -1.814359e-07  +3.796495e-07  -2.257589e-06  -1.121208e-07  +5.672896e-07  -2.296252e-06  +1.103990e-07  +9.420073e-09  +5.434522e-05  +3.614720e-07  +2.273047e-08  +6.529084e-05  
+1.422011e-07  +2.787944e-08  +1.580987e-06  +7.580497e-06  +1.776971e-07  +1.764613e-06  -2.554270e-06  +1.076463e-06  +7.222537e-07  -5.237667e-06  +1.350848e-05  +2.876709e-08  -3.046379e-08  -4.033082e-04  +2.273047e-08  +6.322700e-07  -3.833412e-04  
-1.227037e-04  +8.741678e-04  -1.122085e-02  -9.405793e-04  +2.604400e-02  -1.196746e-02  +2.289796e-02  -5.686200e-02  -7.897246e-03  +5.711137e-02  -2.452262e-02  -6.354953e-07  +6.972071e-04  +6.860302e+00  +6.529084e-05  -3.833412e-04  +3.066842e+01  
