mean:
+3.920196e+00  +3.904104e+00  +6.510781e-01  -1.129445e+00  +1.685335e+00  +5.892430e-01  +9.102783e-01  +2.109365e+00  +1.430690e-01  +1.984562e+00  +4.857703e+00  +1.905659e+00  +3.007207e+00  +8.033877e+02  +4.960044e+00  +4.479623e+00  +2.003105e+03  
covariance:
+3.627847e-05  -8.005738e-07  -1.694955e-05  -4.836288e-06  -1.359515e-05  +1.095755e-05  +7.209468e-06  -9.331745e-05  -6.777824e-07  -2.940892e-05  +1.791122e-04  -2.691820e-07  -4.685883e-07  +3.115125e-03  -2.299676e-07  +2.351991e-07  -3.371459e-03  
-8.005738e-07  +9.332081e-06  +1.409316e-05  -3.784138e-05  +2.748618e-06  -7.380331e-06  -1.427575e-05  +7.583114e-05  +1.194450e-06  +1.994957e-05  -1.385552e-04  +1.040303e-07  -2.123144e-07  -5.600653e-03  -1.711722e-07  -2.440533e-07  +3.505005e-03  
-1.694955e-05  +1.409316e-05  +1.709401e-04  -2.264931e-04  +2.351996e-06  -5.928862e-05  -5.882977e-05  +5.094870e-04  +6.646435e-06  +1.656636e-04  -1.122111e-03  -2.385722e-06  -2.361538e-06  -2.749654e-02  +1.590295e-06  -1.186971e-07  +5.540211e-02  
-4.836288e-06  -3.784138e-05  -2.264931e-04  +9.223903e-04  -5.181152e-05  +8.788036e-05  +2.964448e-04  -1.096560e-03  -4.064986e-05  -1.537058e-04  +1.628026e-03  +3.392167e-06  -2.362457e-06  +1.060410e-01  +5.234329e-07  -1.505681e-06  -6.907479e-02  
-1.359515e-05  +2.748618e-06  +2.351996e-06  -5.181152e-05  +2.039485e-04  -3.627155e-05  -5.075812e-05  +3.143006e-04  +3.203926e-06  +1.164990e-04  -5.343848e-04  +9.074386e-07  -9.400623e-07  -3.266346e-02  -7.286732e-07  -7.403575e-07  +5.439570e-03  
+1.095755e-05  -7.380331e-06  -5.928862e-05  +8.788036e-05  -3.627155e-05  +3.375996e-05  +3.069516e-05  -2.748489e-04  -1.834263e-06  -1.042445e-04  +5.726169e-04  +6.082665e-07  +9.463541e-07  +1.754936e-02  -2.297435e-07  +4.150836e-07  -2.032011e-02  
+7.209468e-06  -1.427575e-05  -5.882977e-05  +2.964448e-04  -5.075812e-05  +3.069516e-05  +1.453176e-04  -3.924514e-04  -2.051770e-05  -3.059263e-05  +5.131444e-04  -1.573345e-07  -5.001130e-07  +4.492300e-02  +6.651208e-07  -1.844719e-07  -9.921394e-03  
-9.331745e-05  +7.583114e-05  +5.094870e-04  -1.096560e-03  +3.143006e-04  -2.748489e-04  -3.924514e-04  +2.815425e-03  +3.101957e-05  +8.547913e-04  -4.936521e-03  -6.549896e-06  -5.742661e-06  -1.693398e-01  +1.111974e-06  -3.900026e-06  +1.888061e-01  
-6.777824e-07  +1.194450e-06  +6.646435e-06  -4.064986e-05  +3.203926e-06  -1.834263e-06  -2.051770e-05  +3.101957e-05  +5.100912e-06  -1.725785e-05  -2.362775e-05  +3.296239e-08  +2.163181e-07  -5.993065e-03  -1.033538e-07  +6.738123e-08  -1.260796e-03  
-2.940892e-05  +1.994957e-05  +1.656636e-04  -1.537058e-04  +1.164990e-04  -1.042445e-04  -3.059263e-05  +8.547913e-04  -1.725785e-05  +4.947323e-04  -1.919523e-03  -1.814281e-06  -4.583894e-06  -3.652212e-02  +1.422640e-06  -1.113619e-06  +8.363339e-02  
+1.791122e-04  -1.385552e-04  -1.122111e-03  +1.628026e-03  -5.343848e-04  +5.726169e-04  +5.131444e-04  -4.936521e-03  -2.362775e-05  -1.919523e-03  +1.052545e-02  +1.273899e-05  +2.129581e-05  +2.899400e-01  -7.185117e-06  +6.376370e-06  -4.089588e-01  
-2.691820e-07  +1.040303e-07  -2.385722e-06  +3.392167e-06  +9.074386e-07  +6.082665e-07  -1.573345e-07  -6.549896e-06  +3.296239e-08  -1.814281e-06  +1.273899e-05  +4.957350e-07  +4.562058e-08  +1.431769e-04  -3.612825e-08  +3.695025e-08  -7.383285e-04  
-4.685883e-07  -2.123144e-07  -2.361538e-06  -2.362457e-06  -9.400623e-07  +9.463541e-07  -5.001130e-07  -5.742661e-06  +2.163181e-07  -4.583894e-06  +2.129581e-05  +4.562058e-08  +8.332662e-07  +5.080261e-04  -3.576837e-08  +1.084680e-07  -6.666750e-04  
+3.115125e-03  -5.600653e-03  -2.749654e-02  +1.060410e-01  -3.266346e-02  +1.754936e-02  +4.492300e-02  -1.693398e-01  -5.993065e-03  -3.652212e-02  +2.899400e-01  +1.431769e-04  +5.080261e-04  +2.504474e+01  +2.086653e-04  +1.174508e-05  -1.950125e+00  
-2.299676e-07  -1.711722e-07  +1.590295e-06  +5.234329e-07  -7.286732e-07  -2.297435e-07  +6.651208e-07  +1.111974e-06  -1.033538e-07  +1.422640e-06  -7.185117e-06  -3.612825e-08  -3.576837e-08  +2.086653e-04  +3.446721e-07  +4.254025e-08  +8.475497e-04  
+2.351991e-07  -2.440533e-07  -1.186971e-07  -1.505681e-06  -7.403575e-07  +4.150836e-07  -1.844719e-07  -3.900026e-06  +6.738123e-08  -1.113619e-06  +6.376370e-06  +3.695025e-08  +1.084680e-07  +1.174508e-05  +4.254025e-08  +3.338333e-07  +3.579888e-05  
-3.371459e-03  +3.505005e-03  +5.540211e-02  -6.907479e-02  +5.439570e-03  -2.032011e-02  -9.921394e-03  +1.888061e-01  -1.260796e-03  +8.363339e-02  -4.089588e-01  -7.383285e-04  -6.666750e-04  -1.950125e+00  +8.475497e-04  +3.579888e-05  +3.233855e+01  
