mean:
+3.983466e+00  +3.940753e+00  +6.670896e-01  -1.259806e+00  +1.544176e+00  +5.007891e-01  +9.284754e-01  +2.037431e+00  +1.378190e-01  +2.022153e+00  +4.950107e+00  +1.839712e+00  +2.983717e+00  +8.002314e+02  +4.960055e+00  +4.480209e+00  +2.011250e+03  
covariance:
+5.708530e-06  +1.061271e-06  -9.387252e-07  -1.250586e-05  +6.318537e-07  -1.601020e-07  +8.800254e-06  -1.366347e-05  -2.727446e-06  +2.048281e-05  -1.263378e-05  +1.696443e-07  -3.955345e-07  +5.420248e-04  -9.017537e-08  -6.704520e-09  +3.313773e-04  
+1.061271e-06  +5.401257e-06  +6.994389e-06  +3.671677e-06  -2.041236e-05  -3.770518e-07  -7.602971e-06  +1.799757e-05  +2.660096e-06  -1.748689e-05  +5.461121e-06  +1.631447e-07  -1.311994e-08  +9.532402e-04  +1.650202e-08  +3.055582e-09  +2.098387e-04  
-9.387252e-07  +6.994389e-06  +4.008222e-04  +2.387024e-05  -7.212304e-04  -3.826938e-05  +2.608341e-05  -1.369572e-04  +5.053923e-06  -1.290777e-04  +2.793080e-04  +3.631962e-06  -2.158541e-07  +2.807993e-02  -4.504006e-07  -3.308500e-07  +5.626943e-02  
-1.250586e-05  +3.671677e-06  +2.387024e-05  +9.420570e-04  -4.032318e-04  +2.117060e-05  -2.374239e-04  +4.757170e-04  +7.523648e-05  -5.419763e-04  +6.420453e-05  -9.499800e-06  +2.593794e-06  +4.216430e-03  -7.948735e-07  +1.630900e-06  -2.365781e-02  
+6.318537e-07  -2.041236e-05  -7.212304e-04  -4.032318e-04  +1.913196e-03  +5.522608e-05  +8.795344e-05  -1.883770e-04  -6.413772e-05  +6.403431e-04  -3.901688e-04  -6.926731e-06  +4.000721e-06  -6.573418e-02  +1.190839e-06  +3.564727e-07  -8.818767e-02  
-1.601020e-07  -3.770518e-07  -3.826938e-05  +2.117060e-05  +5.522608e-05  +1.160143e-05  -3.438571e-05  +1.314715e-04  +7.082480e-06  -2.676651e-05  -6.043581e-05  -3.327146e-07  -7.996431e-08  +1.999044e-03  +1.884027e-07  +3.587060e-08  -3.383552e-03  
+8.800254e-06  -7.602971e-06  +2.608341e-05  -2.374239e-04  +8.795344e-05  -3.438571e-05  +3.314016e-04  -8.913283e-04  -8.738642e-05  +5.481566e-04  +6.120704e-05  -1.966879e-06  -2.326488e-06  -3.181567e-02  -1.084934e-06  -3.365713e-07  +1.259999e-02  
-1.366347e-05  +1.799757e-05  -1.369572e-04  +4.757170e-04  -1.883770e-04  +1.314715e-04  -8.913283e-04  +3.041042e-03  +2.301337e-04  -1.325161e-03  -5.688222e-04  +9.076615e-06  -2.318935e-06  +1.217160e-01  +3.175955e-06  +1.686865e-06  -4.658787e-02  
-2.727446e-06  +2.660096e-06  +5.053923e-06  +7.523648e-05  -6.413772e-05  +7.082480e-06  -8.738642e-05  +2.301337e-04  +2.653554e-05  -1.737779e-04  -2.104449e-06  +4.624908e-07  +6.385223e-07  +9.230183e-03  +3.412667e-07  +1.095218e-07  -3.843782e-03  
+2.048281e-05  -1.748689e-05  -1.290777e-04  -5.419763e-04  +6.403431e-04  -2.676651e-05  +5.481566e-04  -1.325161e-03  -1.737779e-04  +1.272688e-03  -2.328711e-04  -2.515625e-06  -5.636809e-06  -5.007369e-02  -1.472795e-06  -8.854120e-08  +1.841704e-02  
-1.263378e-05  +5.461121e-06  +2.793080e-04  +6.420453e-05  -3.901688e-04  -6.043581e-05  +6.120704e-05  -5.688222e-04  -2.104449e-06  -2.328711e-04  +9.323029e-04  -2.640808e-07  +4.848007e-06  -4.393597e-02  -1.951403e-06  -3.084607e-06  +2.538404e-02  
+1.696443e-07  +1.631447e-07  +3.631962e-06  -9.499800e-06  -6.926731e-06  -3.327146e-07  -1.966879e-06  +9.076615e-06  +4.624908e-07  -2.515625e-06  -2.640808e-07  +8.318975e-07  -8.069578e-08  +8.825619e-04  +6.094307e-08  +4.333408e-11  +6.475996e-04  
-3.955345e-07  -1.311994e-08  -2.158541e-07  +2.593794e-06  +4.000721e-06  -7.996431e-08  -2.326488e-06  -2.318935e-06  +6.385223e-07  -5.636809e-06  +4.848007e-06  -8.069578e-08  +9.955070e-07  +6.173634e-06  +4.258098e-08  -9.457754e-10  -1.176465e-03  
+5.420248e-04  +9.532402e-04  +2.807993e-02  +4.216430e-03  -6.573418e-02  +1.999044e-03  -3.181567e-02  +1.217160e-01  +9.230183e-03  -5.007369e-02  -4.393597e-02  +8.825619e-04  +6.173634e-06  +1.660202e+01  +2.525129e-04  +3.576947e-04  -2.786499e+00  
-9.017537e-08  +1.650202e-08  -4.504006e-07  -7.948735e-07  +1.190839e-06  +1.884027e-07  -1.084934e-06  +3.175955e-06  +3.412667e-07  -1.472795e-06  -1.951403e-06  +6.094307e-08  +4.258098e-08  +2.525129e-04  +2.774032e-07  +1.714199e-08  -3.615861e-04  
-6.704520e-09  +3.055582e-09  -3.308500e-07  +1.630900e-06  +3.564727e-07  +3.587060e-08  -3.365713e-07  +1.686865e-06  +1.095218e-07  -8.854120e-08  -3.084607e-06  +4.333408e-11  -9.457754e-10  +3.576947e-04  +1.714199e-08  +2.661699e-07  -3.081814e-04  
+3.313773e-04  +2.098387e-04  +5.626943e-02  -2.365781e-02  -8.818767e-02  -3.383552e-03  +1.259999e-02  -4.658787e-02  -3.843782e-03  +1.841704e-02  +2.538404e-02  +6.475996e-04  -1.176465e-03  -2.786499e+00  -3.615861e-04  -3.081814e-04  +3.458859e+01  
