mean:
+3.985260e+00  +3.940623e+00  +6.597912e-01  -1.133752e+00  +1.673634e+00  +5.055900e-01  +9.172862e-01  +2.029190e+00  +1.427122e-01  +2.042094e+00  +4.789796e+00  +1.839852e+00  +2.983837e+00  +8.077973e+02  +4.959854e+00  +4.479951e+00  +2.003781e+03  
covariance:
+8.737050e-06  +5.648948e-07  +9.505928e-06  +2.818706e-05  +2.540714e-05  +3.264573e-06  +7.011979e-06  -4.321838e-05  -2.897936e-06  +4.134460e-05  -1.285958e-04  +1.777419e-07  -3.933888e-07  +7.280250e-04  +5.769907e-08  -1.491774e-07  +8.021411e-03  
+5.648948e-07  +6.206811e-06  -1.047715e-05  -1.692422e-05  -1.285503e-05  -2.137719e-06  -7.976078e-07  +2.903886e-05  +2.144050e-06  -3.236043e-05  +9.350065e-05  -1.470882e-07  +1.054701e-07  -1.720869e-04  +1.241832e-07  -1.045412e-07  -8.463022e-03  
+9.505928e-06  -1.047715e-05  +1.348207e-04  +2.823646e-04  +1.647368e-04  +2.187597e-05  +1.079303e-05  -1.995372e-04  -1.907634e-05  +3.530884e-04  -9.135184e-04  +1.027832e-06  -6.814264e-07  +8.646438e-03  -5.041149e-07  +3.685094e-07  +6.980293e-02  
+2.818706e-05  -1.692422e-05  +2.823646e-04  +1.464810e-03  +5.247853e-04  +1.863575e-05  +9.841284e-05  -1.669567e-04  -5.136592e-05  +7.617553e-04  -1.643521e-03  +6.304074e-06  -5.338025e-06  +5.200487e-02  -2.297360e-06  +1.256387e-06  +2.701442e-02  
+2.540714e-05  -1.285503e-05  +1.647368e-04  +5.247853e-04  +6.113026e-04  +4.801243e-05  +9.175884e-05  -5.053567e-04  -3.804448e-05  +6.567056e-04  -1.925448e-03  +2.062801e-06  -3.880983e-06  +2.746934e-02  -1.839502e-07  +6.629854e-07  +1.038712e-01  
+3.264573e-06  -2.137719e-06  +2.187597e-05  +1.863575e-05  +4.801243e-05  +1.602935e-05  +8.371159e-06  -9.982709e-05  -6.722780e-06  +1.072734e-04  -2.605253e-04  +4.690202e-08  +2.136083e-07  -1.880980e-04  -1.656057e-07  +2.509998e-07  +2.114337e-02  
+7.011979e-06  -7.976078e-07  +1.079303e-05  +9.841284e-05  +9.175884e-05  +8.371159e-06  +1.088586e-04  -1.902093e-04  -9.520135e-06  +5.442693e-05  -3.720994e-04  -9.931843e-07  -3.290198e-06  +3.916021e-04  +7.028371e-07  -3.434563e-07  +2.017898e-02  
-4.321838e-05  +2.903886e-05  -1.995372e-04  -1.669567e-04  -5.053567e-04  -9.982709e-05  -1.902093e-04  +1.420002e-03  +5.007094e-05  -8.696424e-04  +3.258763e-03  +5.851230e-07  +3.740851e-06  +2.537155e-02  +7.868305e-08  -1.625965e-08  -2.843988e-01  
-2.897936e-06  +2.144050e-06  -1.907634e-05  -5.136592e-05  -3.804448e-05  -6.722780e-06  -9.520135e-06  +5.007094e-05  +6.664891e-06  -8.250197e-05  +1.716868e-04  -1.176573e-07  +3.127473e-07  -1.955566e-03  +1.232065e-07  -1.412412e-07  -1.083647e-02  
+4.134460e-05  -3.236043e-05  +3.530884e-04  +7.617553e-04  +6.567056e-04  +1.072734e-04  +5.442693e-05  -8.696424e-04  -8.250197e-05  +1.376031e-03  -3.239970e-03  +3.138862e-06  -2.278206e-06  +2.704376e-02  -2.603161e-06  +1.603635e-06  +2.274081e-01  
-1.285958e-04  +9.350065e-05  -9.135184e-04  -1.643521e-03  -1.925448e-03  -2.605253e-04  -3.720994e-04  +3.258763e-03  +1.716868e-04  -3.239970e-03  +1.064138e-02  -5.446310e-06  +1.005486e-05  -2.516232e-02  +4.099119e-06  +2.743133e-07  -8.127359e-01  
+1.777419e-07  -1.470882e-07  +1.027832e-06  +6.304074e-06  +2.062801e-06  +4.690202e-08  -9.931843e-07  +5.851230e-07  -1.176573e-07  +3.138862e-06  -5.446310e-06  +7.972977e-07  +6.620347e-08  +5.199216e-04  +1.246628e-08  +9.598622e-09  -1.569174e-04  
-3.933888e-07  +1.054701e-07  -6.814264e-07  -5.338025e-06  -3.880983e-06  +2.136083e-07  -3.290198e-06  +3.740851e-06  +3.127473e-07  -2.278206e-06  +1.005486e-05  +6.620347e-08  +8.946373e-07  -7.670927e-04  +1.914462e-08  +6.644233e-08  -8.967763e-04  
+7.280250e-04  -1.720869e-04  +8.646438e-03  +5.200487e-02  +2.746934e-02  -1.880980e-04  +3.916021e-04  +2.537155e-02  -1.955566e-03  +2.704376e-02  -2.516232e-02  +5.199216e-04  -7.670927e-04  +8.176148e+00  -1.354818e-04  -3.490074e-05  -6.325546e+00  
+5.769907e-08  +1.241832e-07  -5.041149e-07  -2.297360e-06  -1.839502e-07  -1.656057e-07  +7.028371e-07  +7.868305e-08  +1.232065e-07  -2.603161e-06  +4.099119e-06  +1.246628e-08  +1.914462e-08  -1.354818e-04  +2.515254e-07  -2.906698e-08  -3.839924e-05  
-1.491774e-07  -1.045412e-07  +3.685094e-07  +1.256387e-06  +6.629854e-07  +2.509998e-07  -3.434563e-07  -1.625965e-08  -1.412412e-07  +1.603635e-06  +2.743133e-07  +9.598622e-09  +6.644233e-08  -3.490074e-05  -2.906698e-08  +2.655744e-07  -1.501049e-04  
+8.021411e-03  -8.463022e-03  +6.980293e-02  +2.701442e-02  +1.038712e-01  +2.114337e-02  +2.017898e-02  -2.843988e-01  -1.083647e-02  +2.274081e-01  -8.127359e-01  -1.569174e-04  -8.967763e-04  -6.325546e+00  -3.839924e-05  -1.501049e-04  +9.008609e+01  
