mean:
+3.961730e+00  +3.924601e+00  +5.932293e-01  -1.197555e+00  +1.684117e+00  +4.933007e-01  +9.260659e-01  +2.006667e+00  +1.472932e-01  +2.028383e+00  +4.736429e+00  +1.634988e+00  +2.882692e+00  +8.094750e+02  +4.800653e+00  +4.399776e+00  +2.023427e+03  
covariance:
+6.774037e-06  +5.225053e-07  -1.182073e-05  -2.341164e-08  +7.553623e-06  -3.098765e-06  +1.075844e-05  -6.920698e-06  -2.721006e-06  +3.017514e-05  -6.488787e-05  +1.042036e-07  -5.060335e-08  -4.953152e-04  -4.688261e-08  -1.606570e-07  +4.715285e-03  
+5.225053e-07  +7.583828e-06  -2.641971e-06  -3.300255e-06  +3.064528e-06  -1.596656e-06  +2.563064e-06  +8.605826e-06  -8.267335e-07  +8.865011e-06  -1.309055e-05  +7.706743e-08  -7.545534e-08  -4.392895e-04  -1.525836e-09  -1.449362e-07  -1.053472e-04  
-1.182073e-05  -2.641971e-06  +4.314879e-04  +2.062277e-04  -9.915145e-05  +1.181509e-04  -2.700723e-04  +2.371310e-04  +9.535718e-05  -9.789062e-04  +2.006291e-03  -5.463059e-06  -2.159506e-06  +2.252432e-02  -1.249028e-07  +5.171876e-06  -1.395199e-01  
-2.341164e-08  -3.300255e-06  +2.062277e-04  +1.256357e-03  -1.245141e-05  +9.889057e-05  +5.081639e-05  -1.380005e-03  +9.304413e-06  -1.185440e-04  -2.322550e-04  -6.314085e-06  -2.366409e-06  -1.617303e-02  -1.851765e-06  +2.369993e-06  +6.431576e-02  
+7.553623e-06  +3.064528e-06  -9.915145e-05  -1.245141e-05  +1.812112e-04  -1.699649e-05  +8.251370e-05  -2.145121e-04  -2.130021e-05  +2.351625e-04  -6.331241e-04  +7.052463e-07  +1.160793e-06  -8.558403e-04  -3.223071e-07  -1.810296e-06  +5.495401e-02  
-3.098765e-06  -1.596656e-06  +1.181509e-04  +9.889057e-05  -1.699649e-05  +4.386187e-05  -6.535243e-05  -7.186770e-05  +2.637154e-05  -2.713068e-04  +4.924357e-04  -2.073511e-06  -9.203599e-07  +1.039122e-02  -4.640909e-07  +1.643829e-06  -3.380963e-02  
+1.075844e-05  +2.563064e-06  -2.700723e-04  +5.081639e-05  +8.251370e-05  -6.535243e-05  +2.865020e-04  -7.247290e-04  -7.918015e-05  +7.583144e-04  -1.716854e-03  +3.315678e-06  +2.483662e-06  -7.985197e-03  -1.248470e-07  -4.602181e-06  +1.545837e-01  
-6.920698e-06  +8.605826e-06  +2.371310e-04  -1.380005e-03  -2.145121e-04  -7.186770e-05  -7.247290e-04  +5.323211e-03  +1.276994e-04  -1.238607e-03  +4.751339e-03  +4.301162e-06  -6.434115e-06  -2.908424e-02  -9.278849e-07  +6.027031e-06  -5.949684e-01  
-2.721006e-06  -8.267335e-07  +9.535718e-05  +9.304413e-06  -2.130021e-05  +2.637154e-05  -7.918015e-05  +1.276994e-04  +2.718521e-05  -2.596750e-04  +5.202494e-04  -1.299596e-06  -6.945471e-07  +6.963388e-03  +7.338440e-08  +1.329710e-06  -4.084160e-02  
+3.017514e-05  +8.865011e-06  -9.789062e-04  -1.185440e-04  +2.351625e-04  -2.713068e-04  +7.583144e-04  -1.238607e-03  -2.596750e-04  +2.642741e-03  -5.450398e-03  +1.405480e-05  +7.453546e-06  -7.861226e-02  -1.737333e-07  -1.249625e-05  +4.093652e-01  
-6.488787e-05  -1.309055e-05  +2.006291e-03  -2.322550e-04  -6.331241e-04  +4.924357e-04  -1.716854e-03  +4.751339e-03  +5.202494e-04  -5.450398e-03  +1.321070e-02  -2.736665e-05  -2.127572e-05  +1.059574e-01  -1.734618e-06  +2.915795e-05  -1.067303e+00  
+1.042036e-07  +7.706743e-08  -5.463059e-06  -6.314085e-06  +7.052463e-07  -2.073511e-06  +3.315678e-06  +4.301162e-06  -1.299596e-06  +1.405480e-05  -2.736665e-05  +7.245271e-07  +8.606069e-08  -4.745261e-04  -2.949492e-08  +5.184320e-08  +1.299437e-03  
-5.060335e-08  -7.545534e-08  -2.159506e-06  -2.366409e-06  +1.160793e-06  -9.203599e-07  +2.483662e-06  -6.434115e-06  -6.945471e-07  +7.453546e-06  -2.127572e-05  +8.606069e-08  +5.182765e-07  -1.680549e-05  -2.678184e-08  -4.954912e-08  +1.882227e-03  
-4.953152e-04  -4.392895e-04  +2.252432e-02  -1.617303e-02  -8.558403e-04  +1.039122e-02  -7.985197e-03  -2.908424e-02  +6.963388e-03  -7.861226e-02  +1.059574e-01  -4.745261e-04  -1.680549e-05  +1.748541e+01  -9.591237e-07  -1.665851e-04  -5.634927e+00  
-4.688261e-08  -1.525836e-09  -1.249028e-07  -1.851765e-06  -3.223071e-07  -4.640909e-07  -1.248470e-07  -9.278849e-07  +7.338440e-08  -1.737333e-07  -1.734618e-06  -2.949492e-08  -2.678184e-08  -9.591237e-07  +3.084606e-07  -3.314985e-09  +5.110628e-04  
-1.606570e-07  -1.449362e-07  +5.171876e-06  +2.369993e-06  -1.810296e-06  +1.643829e-06  -4.602181e-06  +6.027031e-06  +1.329710e-06  -1.249625e-05  +2.915795e-05  +5.184320e-08  -4.954912e-08  -1.665851e-04  -3.314985e-09  +4.720640e-07  -2.536521e-03  
+4.715285e-03  -1.053472e-04  -1.395199e-01  +6.431576e-02  +5.495401e-02  -3.380963e-02  +1.545837e-01  -5.949684e-01  -4.084160e-02  +4.093652e-01  -1.067303e+00  +1.299437e-03  +1.882227e-03  -5.634927e+00  +5.110628e-04  -2.536521e-03  +1.251044e+02  
