mean:
+3.968645e+00  +3.992080e+00  +8.764627e-01  +1.383847e+00  +1.249670e+00  +4.086288e-01  +8.135716e-01  +1.353920e+00  +1.672274e-01  +1.912895e+00  +5.917447e+00  +3.611060e+00  +2.920090e+00  +2.033457e+02  +4.295677e+00  +5.128935e+00  +2.807664e+02  +5.236370e+00  +3.830295e+00  +3.246187e+02  +2.799968e+00  +4.479653e+00  +3.939312e+02  
covariance:
+1.552294e-06  +2.781334e-07  +5.685385e-06  +3.159752e-05  +1.238768e-06  +2.038745e-06  -3.770368e-07  +3.003205e-06  -3.196461e-06  +2.126383e-05  -1.894639e-05  +9.912962e-08  -5.270255e-10  -3.323762e-04  -1.611298e-07  +1.733687e-07  +6.613244e-04  +4.264459e-08  -1.123702e-07  +5.339388e-04  +2.327058e-07  +6.033162e-09  +1.502642e-03  
+2.781334e-07  +2.785894e-06  +2.985121e-06  +1.184828e-05  +6.071524e-07  +1.118052e-06  -8.801351e-07  +1.697349e-06  -2.069880e-06  +1.451257e-05  -7.825275e-06  +2.525463e-07  +5.368065e-08  +4.498902e-06  -3.690451e-08  -1.680271e-07  -1.845961e-05  +1.180843e-07  -6.369718e-08  -5.382419e-05  +1.336422e-07  -1.364926e-08  +6.662810e-04  
+5.685385e-06  +2.985121e-06  +8.973118e-05  +3.114734e-04  +1.654844e-05  +2.395610e-05  -8.973474e-06  +7.850919e-05  -3.466996e-05  +2.448622e-04  -2.062749e-04  +1.269608e-06  -4.524160e-07  -3.420534e-03  -2.279917e-06  +6.212396e-07  +6.766087e-03  -1.064401e-06  -8.574391e-07  +4.987992e-03  +1.610473e-06  -4.013346e-08  +1.757874e-02  
+3.159752e-05  +1.184828e-05  +3.114734e-04  +2.618059e-03  +1.189393e-04  +1.270727e-04  -3.165851e-05  -1.004938e-06  -1.564553e-04  +1.136315e-03  -1.413816e-03  +2.043779e-06  -5.778841e-07  -1.647668e-02  -1.240916e-05  +1.997025e-05  +5.258016e-02  +4.171339e-07  -9.089041e-06  +5.075232e-02  +9.909131e-06  -1.602331e-06  +9.681077e-02  
+1.238768e-06  +6.071524e-07  +1.654844e-05  +1.189393e-04  +4.670996e-05  +6.540408e-06  -2.052128e-06  +1.245749e-05  -3.966783e-06  +3.514754e-05  -6.045756e-05  +4.049763e-07  -2.056370e-07  +1.041093e-03  -1.465475e-06  +1.799679e-07  +2.128510e-03  -1.446673e-06  -1.529969e-06  +9.451448e-04  +5.964632e-07  -3.600957e-07  +4.284748e-03  
+2.038745e-06  +1.118052e-06  +2.395610e-05  +1.270727e-04  +6.540408e-06  +9.355772e-06  -1.702534e-06  +1.682299e-05  -1.184415e-05  +8.306519e-05  -7.397371e-05  +7.195122e-07  -1.483485e-07  -7.689686e-04  -9.664583e-07  +7.969851e-07  +2.941905e-03  -2.253511e-08  -4.120916e-07  +1.916059e-03  +6.991627e-07  -1.592097e-07  +5.974100e-03  
-3.770368e-07  -8.801351e-07  -8.973474e-06  -3.165851e-05  -2.052128e-06  -1.702534e-06  +1.407258e-05  -9.712778e-06  +1.771029e-06  -3.068273e-05  +3.675074e-05  -1.278696e-07  -1.319374e-07  -1.215767e-03  +4.984475e-07  -1.716709e-08  -5.207948e-05  +6.463799e-07  -7.036204e-08  +6.678280e-04  +9.601729e-08  -5.122530e-07  -1.452854e-03  
+3.003205e-06  +1.697349e-06  +7.850919e-05  -1.004938e-06  +1.245749e-05  +1.682299e-05  -9.712778e-06  +2.835620e-04  -2.699691e-05  +1.871134e-04  +1.034552e-05  +3.512225e-06  -1.295967e-06  -1.074973e-03  -3.141819e-06  +2.252589e-07  +8.039252e-03  -4.641758e-06  -6.030922e-07  +2.919032e-03  +7.361142e-07  -2.354169e-07  +2.097315e-02  
-3.196461e-06  -2.069880e-06  -3.466996e-05  -1.564553e-04  -3.966783e-06  -1.184415e-05  +1.771029e-06  -2.699691e-05  +1.967947e-05  -1.309453e-04  +9.148061e-05  -1.008543e-06  -3.090030e-08  +1.814292e-03  +8.716727e-07  -4.521937e-07  -3.778799e-03  -4.054940e-07  +3.786267e-07  -2.785465e-03  -1.147743e-06  +2.179053e-07  -8.690582e-03  
+2.126383e-05  +1.451257e-05  +2.448622e-04  +1.136315e-03  +3.514754e-05  +8.306519e-05  -3.068273e-05  +1.871134e-04  -1.309453e-04  +9.146393e-04  -6.974354e-04  +6.640977e-06  +2.873604e-07  -1.029689e-02  -6.897171e-06  +4.055443e-06  +2.609950e-02  +1.595436e-06  -2.701346e-06  +1.789783e-02  +7.363248e-06  -8.625952e-07  +5.983758e-02  
-1.894639e-05  -7.825275e-06  -2.062749e-04  -1.413816e-03  -6.045756e-05  -7.397371e-05  +3.675074e-05  +1.034552e-05  +9.148061e-05  -6.974354e-04  +1.053310e-03  +1.230903e-06  +8.177055e-09  +9.317516e-03  +4.821510e-06  -1.133698e-05  -2.332297e-02  +5.154160e-08  +4.346634e-06  -1.948979e-02  -4.714711e-06  +5.078849e-07  -4.053878e-02  
+9.912962e-08  +2.525463e-07  +1.269608e-06  +2.043779e-06  +4.049763e-07  +7.195122e-07  -1.278696e-07  +3.512225e-06  -1.008543e-06  +6.640977e-06  +1.230903e-06  +5.974959e-07  +1.072019e-07  +1.541543e-04  -4.213457e-08  -9.742348e-08  -1.158702e-05  -9.940658e-08  -8.543586e-08  -1.600559e-04  +2.145536e-08  -6.379479e-09  +4.264735e-04  
-5.270255e-10  +5.368065e-08  -4.524160e-07  -5.778841e-07  -2.056370e-07  -1.483485e-07  -1.319374e-07  -1.295967e-06  -3.090030e-08  +2.873604e-07  +8.177055e-09  +1.072019e-07  +8.147776e-07  +9.270013e-05  +6.743314e-09  -2.584755e-09  -2.454967e-04  -6.578977e-08  -9.262959e-08  -2.232022e-04  -6.333315e-09  +9.478922e-08  -3.032762e-04  
-3.323762e-04  +4.498902e-06  -3.420534e-03  -1.647668e-02  +1.041093e-03  -7.689686e-04  -1.215767e-03  -1.074973e-03  +1.814292e-03  -1.029689e-02  +9.317516e-03  +1.541543e-04  +9.270013e-05  +1.045723e+00  -1.693925e-04  -8.933188e-05  -4.692679e-01  -1.742253e-04  +5.720219e-05  -7.752885e-01  -5.252135e-05  -4.204339e-05  -8.727712e-01  
-1.611298e-07  -3.690451e-08  -2.279917e-06  -1.240916e-05  -1.465475e-06  -9.664583e-07  +4.984475e-07  -3.141819e-06  +8.716727e-07  -6.897171e-06  +4.821510e-06  -4.213457e-08  +6.743314e-09  -1.693925e-04  +6.150893e-07  -1.981168e-07  -4.845497e-04  +1.047277e-07  -1.345761e-08  -1.660631e-04  -1.384619e-07  +9.747432e-08  -8.224461e-04  
+1.733687e-07  -1.680271e-07  +6.212396e-07  +1.997025e-05  +1.799679e-07  +7.969851e-07  -1.716709e-08  +2.252589e-07  -4.521937e-07  +4.055443e-06  -1.133698e-05  -9.742348e-08  -2.584755e-09  -8.933188e-05  -1.981168e-07  +7.879489e-07  +7.181899e-04  +3.322736e-08  -1.800981e-08  +6.675326e-04  +3.181408e-08  +7.603907e-08  +7.425718e-04  
+6.613244e-04  -1.845961e-05  +6.766087e-03  +5.258016e-02  +2.128510e-03  +2.941905e-03  -5.207948e-05  +8.039252e-03  -3.778799e-03  +2.609950e-02  -2.332297e-02  -1.158702e-05  -2.454967e-04  -4.692679e-01  -4.845497e-04  +7.181899e-04  +2.813008e+00  +2.710233e-05  -9.968344e-05  +1.891897e+00  +2.711168e-04  +3.750411e-05  +3.622671e+00  
+4.264459e-08  +1.180843e-07  -1.064401e-06  +4.171339e-07  -1.446673e-06  -2.253511e-08  +6.463799e-07  -4.641758e-06  -4.054940e-07  +1.595436e-06  +5.154160e-08  -9.940658e-08  -6.578977e-08  -1.742253e-04  +1.047277e-07  +3.322736e-08  +2.710233e-05  +5.185834e-07  +1.086243e-07  +8.272009e-05  -1.311123e-08  -3.127004e-08  -1.317959e-04  
-1.123702e-07  -6.369718e-08  -8.574391e-07  -9.089041e-06  -1.529969e-06  -4.120916e-07  -7.036204e-08  -6.030922e-07  +3.786267e-07  -2.701346e-06  +4.346634e-06  -8.543586e-08  -9.262959e-08  +5.720219e-05  -1.345761e-08  -1.800981e-08  -9.968344e-05  +1.086243e-07  +3.636543e-07  -1.163835e-04  -2.144235e-08  -1.956054e-08  -1.425444e-04  
+5.339388e-04  -5.382419e-05  +4.987992e-03  +5.075232e-02  +9.451448e-04  +1.916059e-03  +6.678280e-04  +2.919032e-03  -2.785465e-03  +1.789783e-02  -1.948979e-02  -1.600559e-04  -2.232022e-04  -7.752885e-01  -1.660631e-04  +6.675326e-04  +1.891897e+00  +8.272009e-05  -1.163835e-04  +3.288774e+00  +7.591343e-05  +7.187957e-05  +3.577699e+00  
+2.327058e-07  +1.336422e-07  +1.610473e-06  +9.909131e-06  +5.964632e-07  +6.991627e-07  +9.601729e-08  +7.361142e-07  -1.147743e-06  +7.363248e-06  -4.714711e-06  +2.145536e-08  -6.333315e-09  -5.252135e-05  -1.384619e-07  +3.181408e-08  +2.711168e-04  -1.311123e-08  -2.144235e-08  +7.591343e-05  +4.076582e-07  -5.898218e-08  +4.953217e-04  
+6.033162e-09  -1.364926e-08  -4.013346e-08  -1.602331e-06  -3.600957e-07  -1.592097e-07  -5.122530e-07  -2.354169e-07  +2.179053e-07  -8.625952e-07  +5.078849e-07  -6.379479e-09  +9.478922e-08  -4.204339e-05  +9.747432e-08  +7.603907e-08  +3.750411e-05  -3.127004e-08  -1.956054e-08  +7.187957e-05  -5.898218e-08  +4.515430e-07  +1.470326e-04  
+1.502642e-03  +6.662810e-04  +1.757874e-02  +9.681077e-02  +4.284748e-03  +5.974100e-03  -1.452854e-03  +2.097315e-02  -8.690582e-03  +5.983758e-02  -4.053878e-02  +4.264735e-04  -3.032762e-04  -8.727712e-01  -8.224461e-04  +7.425718e-04  +3.622671e+00  -1.317959e-04  -1.425444e-04  +3.577699e+00  +4.953217e-04  +1.470326e-04  +8.471059e+00  
