mean:
+3.911961e+00  +3.897681e+00  +8.829189e-01  +1.334542e+00  +1.435154e+00  +6.048460e-01  +8.246101e-01  +1.402056e+00  +1.566989e-01  +1.881772e+00  +5.893993e+00  +3.485241e+00  +2.610923e+00  +1.925931e+02  +4.286901e+00  +5.274617e+00  +2.757522e+02  +5.350528e+00  +3.757718e+00  +3.232764e+02  +2.639978e+00  +4.559736e+00  +3.937557e+02  
covariance:
+5.913901e-06  -1.508324e-06  +1.256147e-06  +2.271574e-05  +1.425361e-06  -1.685647e-06  +1.098976e-05  -3.098913e-06  -3.317769e-06  +2.012068e-05  -4.839207e-05  +4.117603e-07  +2.923866e-07  -1.189083e-03  +1.228606e-07  +5.546373e-07  -1.696763e-03  +6.986997e-07  -1.694352e-07  +2.875687e-03  +3.956476e-07  +5.662807e-07  +3.084789e-03  
-1.508324e-06  +1.025977e-06  +8.239156e-07  +2.396131e-06  -4.318435e-07  -4.921078e-07  +6.019194e-07  +2.847888e-06  -7.067623e-09  -2.800016e-07  -5.707362e-06  -2.074532e-07  -1.539199e-08  -9.108093e-05  -1.353333e-08  -3.157086e-09  -5.854152e-05  -4.938905e-08  +1.262982e-07  +3.836875e-04  -1.075537e-07  +5.034859e-10  -1.693297e-04  
+1.256147e-06  +8.239156e-07  +1.929457e-05  +5.036379e-05  -1.032760e-05  -3.370922e-06  +2.185824e-05  +1.811858e-05  -4.208569e-06  +3.861016e-05  -1.373401e-04  -1.359256e-06  -3.473065e-07  -2.584066e-03  -4.955964e-08  +1.652404e-06  -1.143465e-03  +5.270916e-07  +7.698627e-07  +6.437637e-03  -1.106508e-06  +8.578118e-07  +2.266978e-03  
+2.271574e-05  +2.396131e-06  +5.036379e-05  +5.877993e-04  -2.430847e-05  -6.249162e-05  +1.708135e-04  +8.336963e-05  -2.734981e-05  +2.265880e-04  -9.914217e-04  -8.419568e-06  +1.646656e-07  -2.039076e-02  -3.996322e-06  +6.914636e-06  -2.838811e-02  +6.399292e-06  +3.953096e-06  +6.395208e-02  -2.023415e-06  +7.202221e-06  +2.839767e-02  
+1.425361e-06  -4.318435e-07  -1.032760e-05  -2.430847e-05  +7.976486e-05  +1.199156e-06  -1.868587e-05  +2.733989e-07  +4.763357e-06  -2.924574e-05  +4.170835e-05  +2.223592e-08  -9.484838e-08  +4.421400e-04  +1.209129e-06  +1.034013e-06  +7.735608e-04  +7.880343e-07  -1.215675e-06  +4.593871e-03  +2.084528e-06  -1.936196e-07  -2.786661e-03  
-1.685647e-06  -4.921078e-07  -3.370922e-06  -6.249162e-05  +1.199156e-06  +9.900824e-06  -1.688823e-05  -7.660050e-06  +2.478013e-06  -2.177328e-05  +9.993053e-05  +1.811118e-06  -7.791618e-08  +2.147826e-03  +3.696701e-07  -2.840998e-07  +3.529655e-03  -6.487380e-07  -6.521706e-07  -6.703242e-03  +5.096820e-07  -7.441153e-07  -3.081341e-03  
+1.098976e-05  +6.019194e-07  +2.185824e-05  +1.708135e-04  -1.868587e-05  -1.688823e-05  +8.309201e-05  +7.884853e-06  -1.861335e-05  +1.314893e-04  -3.776297e-04  -1.050648e-06  +1.438744e-06  -7.649365e-03  -7.235537e-07  +3.475111e-06  -1.095336e-02  +3.462429e-06  +1.174768e-06  +2.012319e-02  +7.257381e-07  +3.185014e-06  +1.768805e-02  
-3.098913e-06  +2.847888e-06  +1.811858e-05  +8.336963e-05  +2.733989e-07  -7.660050e-06  +7.884853e-06  +1.340207e-04  +4.555037e-06  -2.211546e-05  -1.405765e-04  -8.203184e-07  +2.146310e-07  -7.511152e-03  +1.529322e-06  -4.645485e-08  +4.880356e-04  -2.060326e-06  +5.093347e-06  +1.573226e-02  -2.919505e-06  -3.866706e-07  -5.146595e-03  
-3.317769e-06  -7.067623e-09  -4.208569e-06  -2.734981e-05  +4.763357e-06  +2.478013e-06  -1.861335e-05  +4.555037e-06  +5.891045e-06  -3.635886e-05  +7.363620e-05  -2.788140e-07  -6.067670e-07  +1.425214e-03  -1.275605e-07  -7.096178e-07  +2.463924e-03  -9.972800e-07  -2.169967e-08  -3.174807e-03  -4.121261e-07  -8.390646e-07  -4.915124e-03  
+2.012068e-05  -2.800016e-07  +3.861016e-05  +2.265880e-04  -2.924574e-05  -2.177328e-05  +1.314893e-04  -2.211546e-05  -3.635886e-05  +2.647839e-04  -5.982538e-04  -9.386354e-07  +2.358857e-06  -1.094797e-02  +7.529600e-07  +5.591600e-06  -1.782232e-02  +7.285686e-06  +5.830987e-07  +2.634667e-02  +1.913879e-06  +6.675951e-06  +3.227256e-02  
-4.839207e-05  -5.707362e-06  -1.373401e-04  -9.914217e-04  +4.170835e-05  +9.993053e-05  -3.776297e-04  -1.405765e-04  +7.363620e-05  -5.982538e-04  +2.151479e-03  +1.654089e-05  +2.048648e-06  +4.415170e-02  +3.703161e-06  -1.882865e-05  +5.372562e-02  -1.561874e-05  -7.886408e-06  -1.223520e-01  +1.015153e-06  -1.819024e-05  -6.685224e-02  
+4.117603e-07  -2.074532e-07  -1.359256e-06  -8.419568e-06  +2.223592e-08  +1.811118e-06  -1.050648e-06  -8.203184e-07  -2.788140e-07  -9.386354e-07  +1.654089e-05  +1.305269e-06  +4.031742e-07  +5.381285e-05  +2.202086e-07  -1.281525e-07  +2.479032e-04  -1.989150e-07  +6.389704e-08  -9.127549e-04  +1.408841e-07  +6.413081e-08  +4.818986e-04  
+2.923866e-07  -1.539199e-08  -3.473065e-07  +1.646656e-07  -9.484838e-08  -7.791618e-08  +1.438744e-06  +2.146310e-07  -6.067670e-07  +2.358857e-06  +2.048648e-06  +4.031742e-07  +6.878587e-07  +9.988139e-06  +2.030862e-07  -3.352366e-08  -1.027355e-04  +3.815284e-08  +1.270165e-07  +4.517868e-05  +7.417211e-08  +7.392732e-08  +7.408577e-04  
-1.189083e-03  -9.108093e-05  -2.584066e-03  -2.039076e-02  +4.421400e-04  +2.147826e-03  -7.649365e-03  -7.511152e-03  +1.425214e-03  -1.094797e-02  +4.415170e-02  +5.381285e-05  +9.988139e-06  +1.596509e+00  -1.876928e-04  -2.760846e-04  +1.165556e+00  -1.295536e-04  -5.002034e-04  -2.803721e+00  +7.261614e-05  -4.706715e-04  -1.506774e+00  
+1.228606e-07  -1.353333e-08  -4.955964e-08  -3.996322e-06  +1.209129e-06  +3.696701e-07  -7.235537e-07  +1.529322e-06  -1.275605e-07  +7.529600e-07  +3.703161e-06  +2.202086e-07  +2.030862e-07  -1.876928e-04  +6.400492e-07  -7.477121e-08  +7.365943e-05  -3.205287e-08  +1.577599e-07  -2.072458e-04  -3.612688e-08  +2.924529e-07  +1.310180e-04  
+5.546373e-07  -3.157086e-09  +1.652404e-06  +6.914636e-06  +1.034013e-06  -2.840998e-07  +3.475111e-06  -4.645485e-08  -7.096178e-07  +5.591600e-06  -1.882865e-05  -1.281525e-07  -3.352366e-08  -2.760846e-04  -7.477121e-08  +5.813148e-07  -2.135619e-04  +1.976594e-07  -1.268558e-07  +1.243166e-03  +1.177785e-07  +5.200227e-08  +4.651143e-04  
-1.696763e-03  -5.854152e-05  -1.143465e-03  -2.838811e-02  +7.735608e-04  +3.529655e-03  -1.095336e-02  +4.880356e-04  +2.463924e-03  -1.782232e-02  +5.372562e-02  +2.479032e-04  -1.027355e-04  +1.165556e+00  +7.365943e-05  -2.135619e-04  +2.291341e+00  -5.650430e-04  -2.131399e-04  -2.958256e+00  -1.472561e-04  -6.638688e-04  -2.735843e+00  
+6.986997e-07  -4.938905e-08  +5.270916e-07  +6.399292e-06  +7.880343e-07  -6.487380e-07  +3.462429e-06  -2.060326e-06  -9.972800e-07  +7.285686e-06  -1.561874e-05  -1.989150e-07  +3.815284e-08  -1.295536e-04  -3.205287e-08  +1.976594e-07  -5.650430e-04  +5.572343e-07  -2.297320e-07  +7.839668e-04  +1.586949e-07  +1.713321e-07  +9.292898e-04  
-1.694352e-07  +1.262982e-07  +7.698627e-07  +3.953096e-06  -1.215675e-06  -6.521706e-07  +1.174768e-06  +5.093347e-06  -2.169967e-08  +5.830987e-07  -7.886408e-06  +6.389704e-08  +1.270165e-07  -5.002034e-04  +1.577599e-07  -1.268558e-07  -2.131399e-04  -2.297320e-07  +6.868660e-07  +3.907504e-04  -1.242892e-07  +1.840660e-07  +1.784609e-04  
+2.875687e-03  +3.836875e-04  +6.437637e-03  +6.395208e-02  +4.593871e-03  -6.703242e-03  +2.012319e-02  +1.573226e-02  -3.174807e-03  +2.634667e-02  -1.223520e-01  -9.127549e-04  +4.517868e-05  -2.803721e+00  -2.072458e-04  +1.243166e-03  -2.958256e+00  +7.839668e-04  +3.907504e-04  +9.495529e+00  +6.909309e-06  +7.159173e-04  +2.981340e+00  
+3.956476e-07  -1.075537e-07  -1.106508e-06  -2.023415e-06  +2.084528e-06  +5.096820e-07  +7.257381e-07  -2.919505e-06  -4.121261e-07  +1.913879e-06  +1.015153e-06  +1.408841e-07  +7.417211e-08  +7.261614e-05  -3.612688e-08  +1.177785e-07  -1.472561e-04  +1.586949e-07  -1.242892e-07  +6.909309e-06  +5.471870e-07  -1.979684e-08  +4.039004e-04  
+5.662807e-07  +5.034859e-10  +8.578118e-07  +7.202221e-06  -1.936196e-07  -7.441153e-07  +3.185014e-06  -3.866706e-07  -8.390646e-07  +6.675951e-06  -1.819024e-05  +6.413081e-08  +7.392732e-08  -4.706715e-04  +2.924529e-07  +5.200227e-08  -6.638688e-04  +1.713321e-07  +1.840660e-07  +7.159173e-04  -1.979684e-08  +7.441599e-07  +1.024901e-03  
+3.084789e-03  -1.693297e-04  +2.266978e-03  +2.839767e-02  -2.786661e-03  -3.081341e-03  +1.768805e-02  -5.146595e-03  -4.915124e-03  +3.227256e-02  -6.685224e-02  +4.818986e-04  +7.408577e-04  -1.506774e+00  +1.310180e-04  +4.651143e-04  -2.735843e+00  +9.292898e-04  +1.784609e-04  +2.981340e+00  +4.039004e-04  +1.024901e-03  +5.376573e+00  
