mean:
+4.037796e+00  +3.926475e+00  +5.956494e-01  +2.041804e+00  +1.218273e+00  +4.013949e-01  +8.409237e-01  +2.303854e+00  +4.854974e-02  +3.869645e+00  +5.874794e+00  +4.478493e+00  +3.300763e+00  +3.230859e+02  +2.492213e+00  +3.691240e+00  +4.570993e+02  +4.639262e+00  +4.959948e+00  +7.995507e+02  +3.993593e+00  +5.120576e+00  +4.327551e+02  
covariance:
+8.218087e-06  -1.152359e-05  -3.958118e-06  +1.484505e-05  +4.089088e-06  -1.095003e-07  +1.284099e-05  +1.369034e-05  -4.827152e-07  +1.011698e-05  -4.302288e-05  +9.791170e-07  -4.637567e-07  -1.303258e-04  +7.182447e-07  +1.697352e-06  +3.751042e-03  +1.583610e-06  -1.032943e-06  +7.948428e-04  -7.411479e-06  +1.336038e-06  +7.347476e-04  
-1.152359e-05  +2.336782e-05  +6.241022e-06  -3.239956e-05  -9.568853e-06  -1.316274e-07  -2.420761e-05  -3.104858e-05  +1.404985e-06  -2.083768e-05  +7.972790e-05  -1.832084e-06  +1.594148e-06  +5.500101e-05  -1.450736e-06  -3.373791e-06  -7.830762e-03  -3.099497e-06  +1.074236e-06  -6.286823e-04  +1.356153e-05  -2.467672e-06  -1.905895e-03  
-3.958118e-06  +6.241022e-06  +1.517013e-05  -2.875969e-05  -9.799475e-06  -6.471826e-07  -2.195919e-05  -2.990234e-05  +1.472868e-06  -1.870287e-05  +1.077747e-04  -2.415840e-06  +1.933651e-06  +2.198856e-05  -2.195367e-06  -1.215103e-06  -5.693967e-03  -1.420126e-06  +1.309788e-06  -2.149981e-03  +6.489000e-06  -3.181362e-06  -3.820190e-03  
+1.484505e-05  -3.239956e-05  -2.875969e-05  +1.181314e-04  +5.418411e-05  +3.263961e-06  +8.139017e-05  +1.275120e-04  -5.968864e-06  +7.942273e-05  -3.285534e-04  +7.183801e-06  -8.181936e-06  +1.418982e-03  +9.202963e-06  +7.586170e-06  +2.585630e-02  +6.846556e-06  -4.303745e-07  +4.505554e-04  -3.115039e-05  +9.859015e-06  +1.112225e-02  
+4.089088e-06  -9.568853e-06  -9.799475e-06  +5.418411e-05  +4.010167e-05  +2.117320e-06  +4.085523e-05  +6.521525e-05  -3.064606e-06  +4.061269e-05  -1.525669e-04  +2.994629e-06  -4.375401e-06  +1.137209e-03  +5.449587e-06  +3.681013e-06  +1.300912e-02  +3.026626e-06  +8.642778e-07  -1.306861e-03  -1.453554e-05  +4.583421e-06  +5.069439e-03  
-1.095003e-07  -1.316274e-07  -6.471826e-07  +3.263961e-06  +2.117320e-06  +3.880543e-07  +2.592635e-06  +4.868919e-06  -2.299107e-07  +2.874417e-06  -8.039483e-06  +1.221977e-07  -5.052191e-07  +2.026103e-04  +4.032067e-07  +2.026694e-07  +9.219131e-04  +2.286924e-07  +1.717670e-07  -2.676179e-04  -5.684569e-07  +3.126126e-07  +4.165203e-04  
+1.284099e-05  -2.420761e-05  -2.195919e-05  +8.139017e-05  +4.085523e-05  +2.592635e-06  +6.451342e-05  +9.658155e-05  -4.411907e-06  +5.930308e-05  -2.485843e-04  +5.279814e-06  -6.329117e-06  +1.171815e-03  +7.368607e-06  +6.086767e-06  +1.974075e-02  +5.621659e-06  -5.709349e-07  +6.573612e-04  -2.386535e-05  +7.826815e-06  +8.096942e-03  
+1.369034e-05  -3.104858e-05  -2.990234e-05  +1.275120e-04  +6.521525e-05  +4.868919e-06  +9.658155e-05  +1.725296e-04  -6.953592e-06  +9.356610e-05  -3.724659e-04  +7.961337e-06  -1.134190e-05  +2.178549e-03  +1.230048e-05  +9.240632e-06  +3.178133e-02  +8.409325e-06  +1.272085e-06  -1.415242e-03  -3.336346e-05  +1.210918e-05  +1.285116e-02  
-4.827152e-07  +1.404985e-06  +1.472868e-06  -5.968864e-06  -3.064606e-06  -2.299107e-07  -4.411907e-06  -6.953592e-06  +3.984285e-07  -4.315816e-06  +1.704228e-05  -3.621987e-07  +4.854535e-07  -1.114224e-04  -5.339260e-07  -4.052840e-07  -1.394938e-03  -3.722408e-07  -3.902507e-08  +2.888041e-05  +1.526050e-06  -5.303729e-07  -6.270601e-04  
+1.011698e-05  -2.083768e-05  -1.870287e-05  +7.942273e-05  +4.061269e-05  +2.874417e-06  +5.930308e-05  +9.356610e-05  -4.315816e-06  +5.923418e-05  -2.288114e-04  +4.725984e-06  -6.077999e-06  +1.340497e-03  +7.320705e-06  +5.769657e-06  +1.895023e-02  +5.102499e-06  +1.425495e-07  -7.340611e-04  -2.178681e-05  +6.990056e-06  +7.669196e-03  
-4.302288e-05  +7.972790e-05  +1.077747e-04  -3.285534e-04  -1.525669e-04  -8.039483e-06  -2.485843e-04  -3.724659e-04  +1.704228e-05  -2.288114e-04  +1.101531e-03  -2.327899e-05  +2.235937e-05  -2.625029e-03  -2.929165e-05  -2.064595e-05  -7.383764e-02  -1.897350e-05  +5.615190e-06  -8.621443e-03  +8.629682e-05  -3.246196e-05  -3.530193e-02  
+9.791170e-07  -1.832084e-06  -2.415840e-06  +7.183801e-06  +2.994629e-06  +1.221977e-07  +5.279814e-06  +7.961337e-06  -3.621987e-07  +4.725984e-06  -2.327899e-05  +5.873578e-07  -4.670972e-07  +3.296976e-05  +5.758169e-07  +4.388201e-07  +1.549871e-03  +3.975575e-07  -1.146527e-07  +2.668908e-04  -1.909247e-06  +7.116853e-07  +7.492587e-04  
-4.637567e-07  +1.594148e-06  +1.933651e-06  -8.181936e-06  -4.375401e-06  -5.052191e-07  -6.329117e-06  -1.134190e-05  +4.854535e-07  -6.077999e-06  +2.235937e-05  -4.670972e-07  +1.115346e-06  -2.337043e-04  -7.750547e-07  -4.801601e-07  -2.114838e-03  -5.730605e-07  -2.091079e-07  +2.226574e-04  +1.823541e-06  -8.439852e-07  -9.600543e-04  
-1.303258e-04  +5.500101e-05  +2.198856e-05  +1.418982e-03  +1.137209e-03  +2.026103e-04  +1.171815e-03  +2.178549e-03  -1.114224e-04  +1.340497e-03  -2.625029e-03  +3.296976e-05  -2.337043e-04  +2.504368e-01  +1.645862e-04  +6.202819e-05  +4.343107e-01  +1.199490e-04  +9.565946e-05  -1.431571e-01  -2.525613e-04  +1.038920e-04  +1.491399e-01  
+7.182447e-07  -1.450736e-06  -2.195367e-06  +9.202963e-06  +5.449587e-06  +4.032067e-07  +7.368607e-06  +1.230048e-05  -5.339260e-07  +7.320705e-06  -2.929165e-05  +5.758169e-07  -7.750547e-07  +1.645862e-04  +1.137622e-06  +7.273286e-07  +2.352112e-03  +5.666240e-07  +1.602095e-07  -1.894294e-04  -2.315031e-06  +9.060733e-07  +9.792497e-04  
+1.697352e-06  -3.373791e-06  -1.215103e-06  +7.586170e-06  +3.681013e-06  +2.026694e-07  +6.086767e-06  +9.240632e-06  -4.052840e-07  +5.769657e-06  -2.064595e-05  +4.388201e-07  -4.801601e-07  +6.202819e-05  +7.273286e-07  +8.731667e-07  +2.019061e-03  +6.745315e-07  +2.207062e-08  -1.435667e-04  -2.734768e-06  +6.298558e-07  +5.672383e-04  
+3.751042e-03  -7.830762e-03  -5.693967e-03  +2.585630e-02  +1.300912e-02  +9.219131e-04  +1.974075e-02  +3.178133e-02  -1.394938e-03  +1.895023e-02  -7.383764e-02  +1.549871e-03  -2.114838e-03  +4.343107e-01  +2.352112e-03  +2.019061e-03  +6.435966e+00  +1.811010e-03  +1.069088e-04  -2.595204e-01  -7.471392e-03  +2.342748e-03  +2.443476e+00  
+1.583610e-06  -3.099497e-06  -1.420126e-06  +6.846556e-06  +3.026626e-06  +2.286924e-07  +5.621659e-06  +8.409325e-06  -3.722408e-07  +5.102499e-06  -1.897350e-05  +3.975575e-07  -5.730605e-07  +1.199490e-04  +5.666240e-07  +6.745315e-07  +1.811010e-03  +7.167721e-07  -8.611757e-08  -2.511236e-05  -2.404152e-06  +6.208325e-07  +5.660368e-04  
-1.032943e-06  +1.074236e-06  +1.309788e-06  -4.303745e-07  +8.642778e-07  +1.717670e-07  -5.709349e-07  +1.272085e-06  -3.902507e-08  +1.425495e-07  +5.615190e-06  -1.146527e-07  -2.091079e-07  +9.565946e-05  +1.602095e-07  +2.207062e-08  +1.069088e-04  -8.611757e-08  +5.476858e-07  -5.573243e-04  +5.240367e-07  -9.868413e-08  -1.571847e-05  
+7.948428e-04  -6.286823e-04  -2.149981e-03  +4.505554e-04  -1.306861e-03  -2.676179e-04  +6.573612e-04  -1.415242e-03  +2.888041e-05  -7.340611e-04  -8.621443e-03  +2.668908e-04  +2.226574e-04  -1.431571e-01  -1.894294e-04  -1.435667e-04  -2.595204e-01  -2.511236e-05  -5.573243e-04  +9.437154e-01  -2.685282e-04  +2.139331e-04  +1.737979e-01  
-7.411479e-06  +1.356153e-05  +6.489000e-06  -3.115039e-05  -1.453554e-05  -5.684569e-07  -2.386535e-05  -3.336346e-05  +1.526050e-06  -2.178681e-05  +8.629682e-05  -1.909247e-06  +1.823541e-06  -2.525613e-04  -2.315031e-06  -2.734768e-06  -7.471392e-03  -2.404152e-06  +5.240367e-07  -2.685282e-04  +1.101362e-05  -2.631273e-06  -2.382665e-03  
+1.336038e-06  -2.467672e-06  -3.181362e-06  +9.859015e-06  +4.583421e-06  +3.126126e-07  +7.826815e-06  +1.210918e-05  -5.303729e-07  +6.990056e-06  -3.246196e-05  +7.116853e-07  -8.439852e-07  +1.038920e-04  +9.060733e-07  +6.298558e-07  +2.342748e-03  +6.208325e-07  -9.868413e-08  +2.139331e-04  -2.631273e-06  +1.090314e-06  +1.092208e-03  
+7.347476e-04  -1.905895e-03  -3.820190e-03  +1.112225e-02  +5.069439e-03  +4.165203e-04  +8.096942e-03  +1.285116e-02  -6.270601e-04  +7.669196e-03  -3.530193e-02  +7.492587e-04  -9.600543e-04  +1.491399e-01  +9.792497e-04  +5.672383e-04  +2.443476e+00  +5.660368e-04  -1.571847e-05  +1.737979e-01  -2.382665e-03  +1.092208e-03  +1.389614e+00  
