mean:
+4.017592e+00  +3.960453e+00  +8.715578e-01  +1.304140e+00  +1.228748e+00  +5.062743e-01  +8.130862e-01  +1.394977e+00  +1.713285e-01  +1.853349e+00  +5.950489e+00  +3.660210e+00  +2.856315e+00  +2.071153e+02  +4.309911e+00  +5.129167e+00  +2.888765e+02  +5.253086e+00  +3.797429e+00  +3.287310e+02  +2.879681e+00  +4.480485e+00  +3.970119e+02  
covariance:
+1.313622e-06  +7.797431e-08  -1.314082e-06  -1.717130e-06  +3.530571e-07  -4.299983e-07  -1.820739e-07  +7.008260e-07  +4.210962e-07  -1.531167e-06  +1.455526e-06  +3.406539e-08  -4.800615e-08  -1.205563e-04  +1.450891e-08  +5.073179e-08  -3.230141e-04  -4.737380e-08  +1.907109e-08  -3.308562e-04  +2.080161e-08  +4.584471e-08  -4.268717e-04  
+7.797431e-08  +1.696472e-06  -8.169125e-07  -7.777479e-07  +9.735926e-08  -8.904033e-08  +2.336325e-07  -1.235681e-06  -6.600292e-08  +4.281327e-07  +8.129586e-07  -3.696502e-08  +1.428496e-07  +1.078738e-05  -7.785098e-08  +9.549920e-08  -2.394330e-04  +1.968782e-07  +1.773795e-09  -1.661920e-04  +7.403853e-09  -2.629459e-08  -1.688402e-04  
-1.314082e-06  -8.169125e-07  +1.469928e-04  +2.035673e-04  -1.146810e-05  +3.302405e-05  +5.239538e-06  +7.840840e-06  -2.487400e-05  +1.310112e-04  +1.113830e-04  +4.872978e-06  -1.480427e-06  +6.290719e-03  -2.232716e-06  +2.451307e-06  +3.803333e-02  +3.129174e-07  -1.944613e-06  +3.011834e-02  +1.184267e-07  +2.398872e-06  +4.412205e-02  
-1.717130e-06  -7.777479e-07  +2.035673e-04  +4.509016e-04  -1.310193e-05  +6.923994e-05  +3.891932e-05  -3.517012e-05  -2.575656e-05  +9.287082e-05  +1.120074e-04  +7.483560e-06  -2.257246e-06  +1.056044e-02  -1.594508e-06  +3.501062e-06  +5.444194e-02  +7.887191e-07  -4.433226e-06  +5.087310e-02  -7.562959e-07  +6.001421e-06  +7.194031e-02  
+3.530571e-07  +9.735926e-08  -1.146810e-05  -1.310193e-05  +1.609099e-05  -8.617304e-07  -1.218458e-06  -1.396803e-06  +3.909838e-06  -1.962468e-05  -1.029744e-05  +3.033382e-07  +4.232133e-07  -6.347304e-04  +1.926613e-07  -3.921330e-07  -4.210754e-03  -1.236552e-06  -1.243309e-08  -2.426414e-03  +3.734684e-07  +4.819247e-08  -3.749337e-03  
-4.299983e-07  -8.904033e-08  +3.302405e-05  +6.923994e-05  -8.617304e-07  +1.599470e-05  +7.544839e-06  -2.212377e-05  -3.886682e-06  +1.239165e-05  +9.132851e-06  +8.355229e-07  +2.737800e-08  +2.979706e-03  -5.396612e-07  +5.795438e-07  +8.171140e-03  +8.494432e-07  -9.578635e-07  +8.726677e-03  +1.132602e-07  +5.838179e-07  +1.365481e-02  
-1.820739e-07  +2.336325e-07  +5.239538e-06  +3.891932e-05  -1.218458e-06  +7.544839e-06  +2.003093e-05  -2.514720e-05  -1.475581e-07  -2.329634e-05  +7.000458e-06  +1.859060e-07  +3.331451e-07  +2.061089e-03  -5.874818e-07  +1.071491e-06  +2.969995e-03  +1.572762e-06  -3.625894e-07  +5.800557e-03  -9.473856e-08  +3.863081e-07  +2.595512e-03  
+7.008260e-07  -1.235681e-06  +7.840840e-06  -3.517012e-05  -1.396803e-06  -2.212377e-05  -2.514720e-05  +2.074722e-04  -5.642548e-06  +6.385878e-05  +1.251782e-05  +3.364543e-06  +8.698844e-07  -2.619915e-03  +1.418118e-06  -1.109942e-06  -2.387895e-04  -4.235256e-06  +5.706837e-07  -5.651954e-03  +4.278243e-07  +1.954769e-06  -9.766830e-03  
+4.210962e-07  -6.600292e-08  -2.487400e-05  -2.575656e-05  +3.909838e-06  -3.886682e-06  -1.475581e-07  -5.642548e-06  +8.789580e-06  -4.972571e-05  -1.331112e-05  -2.672582e-07  +4.509895e-07  -1.434413e-03  +6.706521e-07  -3.520381e-07  -6.973748e-03  -4.591293e-07  +2.078711e-07  -2.476624e-03  -2.586350e-07  -2.281066e-07  -7.564140e-03  
-1.531167e-06  +4.281327e-07  +1.310112e-04  +9.287082e-05  -1.962468e-05  +1.239165e-05  -2.329634e-05  +6.385878e-05  -4.972571e-05  +3.249920e-04  +4.020701e-05  +7.836626e-07  -3.316381e-06  +5.668347e-03  -2.984163e-06  +3.340945e-07  +3.473996e-02  +8.657114e-07  -6.787485e-07  +3.204434e-03  +1.771671e-06  +6.931135e-07  +3.919482e-02  
+1.455526e-06  +8.129586e-07  +1.113830e-04  +1.120074e-04  -1.029744e-05  +9.132851e-06  +7.000458e-06  +1.251782e-05  -1.331112e-05  +4.020701e-05  +3.742893e-04  +7.602847e-06  +1.104587e-06  +3.386453e-03  -3.015500e-06  +7.805779e-06  +3.590892e-02  +5.178263e-07  -2.282102e-07  +3.958318e-02  -2.716311e-07  +3.249945e-06  +2.478679e-02  
+3.406539e-08  -3.696502e-08  +4.872978e-06  +7.483560e-06  +3.033382e-07  +8.355229e-07  +1.859060e-07  +3.364543e-06  -2.672582e-07  +7.836626e-07  +7.602847e-06  +8.806485e-07  -9.082722e-09  +2.034183e-04  -9.174401e-08  +9.765049e-08  +1.280880e-03  -1.371723e-07  -1.155006e-09  +1.306489e-03  +3.034870e-08  +4.242545e-09  +1.000038e-03  
-4.800615e-08  +1.428496e-07  -1.480427e-06  -2.257246e-06  +4.232133e-07  +2.737800e-08  +3.331451e-07  +8.698844e-07  +4.509895e-07  -3.316381e-06  +1.104587e-06  -9.082722e-09  +8.575216e-07  +8.389614e-06  -5.379340e-08  +6.303165e-08  -5.960000e-04  +6.415397e-08  +2.085855e-08  -1.676219e-04  -3.489623e-08  -9.546857e-08  -5.726143e-04  
-1.205563e-04  +1.078738e-05  +6.290719e-03  +1.056044e-02  -6.347304e-04  +2.979706e-03  +2.061089e-03  -2.619915e-03  -1.434413e-03  +5.668347e-03  +3.386453e-03  +2.034183e-04  +8.389614e-06  +1.978677e+00  -3.415606e-04  +2.022777e-04  +1.660070e+00  +4.348283e-04  -6.399813e-05  +1.845962e+00  +2.691237e-04  +2.440490e-04  +2.722123e+00  
+1.450891e-08  -7.785098e-08  -2.232716e-06  -1.594508e-06  +1.926613e-07  -5.396612e-07  -5.874818e-07  +1.418118e-06  +6.706521e-07  -2.984163e-06  -3.015500e-06  -9.174401e-08  -5.379340e-08  -3.415606e-04  +4.721428e-07  -1.259324e-07  -4.322477e-04  -8.515528e-08  -5.945530e-09  -4.832546e-04  -8.586711e-08  +5.972819e-08  -5.753907e-04  
+5.073179e-08  +9.549920e-08  +2.451307e-06  +3.501062e-06  -3.921330e-07  +5.795438e-07  +1.071491e-06  -1.109942e-06  -3.520381e-07  +3.340945e-07  +7.805779e-06  +9.765049e-08  +6.303165e-08  +2.022777e-04  -1.259324e-07  +5.959746e-07  +7.327430e-04  +2.293020e-07  -5.578235e-08  +1.056774e-03  +3.767150e-08  +6.594217e-08  +6.302498e-04  
-3.230141e-04  -2.394330e-04  +3.803333e-02  +5.444194e-02  -4.210754e-03  +8.171140e-03  +2.969995e-03  -2.387895e-04  -6.973748e-03  +3.473996e-02  +3.590892e-02  +1.280880e-03  -5.960000e-04  +1.660070e+00  -4.322477e-04  +7.327430e-04  +1.145758e+01  +4.397315e-04  -3.555590e-04  +8.535891e+00  -8.488723e-05  +6.686950e-04  +1.152618e+01  
-4.737380e-08  +1.968782e-07  +3.129174e-07  +7.887191e-07  -1.236552e-06  +8.494432e-07  +1.572762e-06  -4.235256e-06  -4.591293e-07  +8.657114e-07  +5.178263e-07  -1.371723e-07  +6.415397e-08  +4.348283e-04  -8.515528e-08  +2.293020e-07  +4.397315e-04  +8.157380e-07  +4.000073e-09  +3.314705e-04  +8.823192e-09  -1.244577e-07  +5.302912e-04  
+1.907109e-08  +1.773795e-09  -1.944613e-06  -4.433226e-06  -1.243309e-08  -9.578635e-07  -3.625894e-07  +5.706837e-07  +2.078711e-07  -6.787485e-07  -2.282102e-07  -1.155006e-09  +2.085855e-08  -6.399813e-05  -5.945530e-09  -5.578235e-08  -3.555590e-04  +4.000073e-09  +4.903238e-07  -4.467067e-04  +7.057286e-08  -2.038977e-07  -8.311605e-04  
-3.308562e-04  -1.661920e-04  +3.011834e-02  +5.087310e-02  -2.426414e-03  +8.726677e-03  +5.800557e-03  -5.651954e-03  -2.476624e-03  +3.204434e-03  +3.958318e-02  +1.306489e-03  -1.676219e-04  +1.845962e+00  -4.832546e-04  +1.056774e-03  +8.535891e+00  +3.314705e-04  -4.467067e-04  +1.195956e+01  -1.102752e-04  +9.601564e-04  +9.350978e+00  
+2.080161e-08  +7.403853e-09  +1.184267e-07  -7.562959e-07  +3.734684e-07  +1.132602e-07  -9.473856e-08  +4.278243e-07  -2.586350e-07  +1.771671e-06  -2.716311e-07  +3.034870e-08  -3.489623e-08  +2.691237e-04  -8.586711e-08  +3.767150e-08  -8.488723e-05  +8.823192e-09  +7.057286e-08  -1.102752e-04  +3.540564e-07  -6.905263e-09  -5.378313e-05  
+4.584471e-08  -2.629459e-08  +2.398872e-06  +6.001421e-06  +4.819247e-08  +5.838179e-07  +3.863081e-07  +1.954769e-06  -2.281066e-07  +6.931135e-07  +3.249945e-06  +4.242545e-09  -9.546857e-08  +2.440490e-04  +5.972819e-08  +6.594217e-08  +6.686950e-04  -1.244577e-07  -2.038977e-07  +9.601564e-04  -6.905263e-09  +7.495498e-07  +1.006896e-03  
-4.268717e-04  -1.688402e-04  +4.412205e-02  +7.194031e-02  -3.749337e-03  +1.365481e-02  +2.595512e-03  -9.766830e-03  -7.564140e-03  +3.919482e-02  +2.478679e-02  +1.000038e-03  -5.726143e-04  +2.722123e+00  -5.753907e-04  +6.302498e-04  +1.152618e+01  +5.302912e-04  -8.311605e-04  +9.350978e+00  -5.378313e-05  +1.006896e-03  +1.722354e+01  
