mean:
+3.922889e+00  +3.906655e+00  +6.450976e-01  -1.151205e+00  +1.583104e+00  +6.040474e-01  +9.175149e-01  +2.139636e+00  +1.420122e-01  +1.994945e+00  +4.732978e+00  +1.905986e+00  +3.007384e+00  +7.995599e+02  +4.959877e+00  +4.479941e+00  +2.001611e+03  
covariance:
+2.991148e-05  +3.626932e-06  +7.101641e-06  +9.762541e-05  -4.843626e-05  -4.834257e-06  +1.666855e-05  -2.390959e-05  -1.883625e-06  -1.049700e-05  +9.268921e-05  +1.478618e-07  -3.936302e-07  +5.812588e-03  +1.305244e-07  -4.377764e-07  -8.609070e-03  
+3.626932e-06  +7.798915e-06  -2.404891e-07  -3.374313e-05  +3.572927e-05  +3.245933e-06  -6.858250e-06  +1.382068e-05  +1.037224e-06  +1.208863e-05  -1.089075e-04  -7.699409e-08  +6.913198e-08  -2.869159e-03  +6.484796e-08  -2.128840e-08  +5.436829e-03  
+7.101641e-06  -2.404891e-07  +9.830280e-05  +2.505900e-04  -2.839868e-04  +2.304613e-06  +3.605873e-05  -4.052250e-05  +1.060615e-06  -4.794663e-05  +8.742710e-06  +1.593617e-06  +1.100549e-06  +4.022347e-03  +1.809367e-07  +9.197027e-07  -3.835513e-02  
+9.762541e-05  -3.374313e-05  +2.505900e-04  +3.114259e-03  -2.531897e-03  -1.376837e-04  +5.711807e-04  -7.830518e-04  -6.884589e-05  -3.925114e-04  +2.893174e-03  +7.624819e-06  -3.618628e-06  +1.558315e-01  -1.819326e-06  -2.613934e-06  -3.255546e-01  
-4.843626e-05  +3.572927e-05  -2.839868e-04  -2.531897e-03  +2.878599e-03  +1.202466e-04  -5.302638e-04  +7.101042e-04  +6.428785e-05  +3.193315e-04  -2.359143e-03  -6.795309e-06  +7.457522e-06  -1.021882e-01  -4.897790e-07  +2.081066e-08  +3.115940e-01  
-4.834257e-06  +3.245933e-06  +2.304613e-06  -1.376837e-04  +1.202466e-04  +1.358292e-05  -2.758716e-05  +4.925834e-05  +4.353406e-06  +2.623968e-05  -2.487586e-04  -1.255531e-07  +6.835968e-07  -7.591427e-03  -2.505280e-08  +4.107128e-07  +1.480985e-02  
+1.666855e-05  -6.858250e-06  +3.605873e-05  +5.711807e-04  -5.302638e-04  -2.758716e-05  +1.591640e-04  -1.427641e-04  -2.115887e-05  -5.760578e-05  +6.207835e-04  +1.036914e-06  -2.689913e-06  +3.205942e-02  -4.857483e-07  -3.241056e-07  -6.385768e-02  
-2.390959e-05  +1.382068e-05  -4.052250e-05  -7.830518e-04  +7.101042e-04  +4.925834e-05  -1.427641e-04  +4.431356e-04  +1.981614e-05  +1.308506e-04  -1.078082e-03  -1.299204e-06  +3.936788e-07  -3.143306e-02  -7.336901e-07  +1.223509e-06  +9.346566e-02  
-1.883625e-06  +1.037224e-06  +1.060615e-06  -6.884589e-05  +6.428785e-05  +4.353406e-06  -2.115887e-05  +1.981614e-05  +5.078137e-06  +1.365936e-06  -1.282932e-04  -6.318879e-08  +5.638419e-07  -5.211533e-03  +1.233942e-07  +1.705636e-07  +7.077405e-03  
-1.049700e-05  +1.208863e-05  -4.794663e-05  -3.925114e-04  +3.193315e-04  +2.623968e-05  -5.760578e-05  +1.308506e-04  +1.365936e-06  +1.766292e-04  -8.598091e-04  -9.235748e-07  -1.493409e-06  -2.680318e-02  -5.578389e-07  +4.691692e-07  +5.958384e-02  
+9.268921e-05  -1.089075e-04  +8.742710e-06  +2.893174e-03  -2.359143e-03  -2.487586e-04  +6.207835e-04  -1.078082e-03  -1.282932e-04  -8.598091e-04  +9.073233e-03  +3.721775e-06  -7.580075e-06  +2.757961e-01  +1.512432e-06  -1.001557e-05  -3.829275e-01  
+1.478618e-07  -7.699409e-08  +1.593617e-06  +7.624819e-06  -6.795309e-06  -1.255531e-07  +1.036914e-06  -1.299204e-06  -6.318879e-08  -9.235748e-07  +3.721775e-06  +4.901944e-07  -6.621060e-08  +1.913325e-04  +3.570517e-08  +2.402169e-08  -1.018964e-03  
-3.936302e-07  +6.913198e-08  +1.100549e-06  -3.618628e-06  +7.457522e-06  +6.835968e-07  -2.689913e-06  +3.936788e-07  +5.638419e-07  -1.493409e-06  -7.580075e-06  -6.621060e-08  +6.619445e-07  -1.344137e-04  -3.720438e-08  -3.287196e-08  +2.200778e-04  
+5.812588e-03  -2.869159e-03  +4.022347e-03  +1.558315e-01  -1.021882e-01  -7.591427e-03  +3.205942e-02  -3.143306e-02  -5.211533e-03  -2.680318e-02  +2.757961e-01  +1.913325e-04  -1.344137e-04  +1.685470e+01  -2.624701e-04  -3.073784e-04  -1.585893e+01  
+1.305244e-07  +6.484796e-08  +1.809367e-07  -1.819326e-06  -4.897790e-07  -2.505280e-08  -4.857483e-07  -7.336901e-07  +1.233942e-07  -5.578389e-07  +1.512432e-06  +3.570517e-08  -3.720438e-08  -2.624701e-04  +2.327314e-07  +1.033482e-08  -1.194396e-04  
-4.377764e-07  -2.128840e-08  +9.197027e-07  -2.613934e-06  +2.081066e-08  +4.107128e-07  -3.241056e-07  +1.223509e-06  +1.705636e-07  +4.691692e-07  -1.001557e-05  +2.402169e-08  -3.287196e-08  -3.073784e-04  +1.033482e-08  +3.031646e-07  +1.737342e-05  
-8.609070e-03  +5.436829e-03  -3.835513e-02  -3.255546e-01  +3.115940e-01  +1.480985e-02  -6.385768e-02  +9.346566e-02  +7.077405e-03  +5.958384e-02  -3.829275e-01  -1.018964e-03  +2.200778e-04  -1.585893e+01  -1.194396e-04  +1.737342e-05  +4.534896e+01  
