mean:
+3.966082e+00  +4.004352e+00  +6.217090e-01  +2.022444e+00  +1.308973e+00  +6.041718e-01  +8.671455e-01  +2.172859e+00  +3.989837e-02  +3.915681e+00  +5.817771e+00  +4.623350e+00  +3.191319e+00  +3.285300e+02  +2.670917e+00  +3.677909e+00  +4.544070e+02  +4.719884e+00  +4.879947e+00  +8.046155e+02  +3.938678e+00  +5.172775e+00  +4.354631e+02  
covariance:
+2.226327e-06  -1.875457e-07  +2.209573e-06  +1.447195e-05  +1.040860e-06  +9.368750e-07  +9.103221e-06  -2.399297e-06  -3.702610e-07  +1.507480e-05  -5.072241e-05  -2.382024e-08  -8.369729e-08  +6.276292e-04  +2.615820e-07  +2.212440e-07  +1.211518e-03  +6.198268e-09  -3.145511e-07  +1.294517e-03  +5.643357e-09  +4.419213e-08  +1.043153e-03  
-1.875457e-07  +9.169913e-06  +8.200841e-07  -2.126449e-05  +1.576614e-06  -3.104445e-07  -7.323777e-06  +8.944551e-06  +2.157850e-07  -1.265209e-05  +7.042443e-05  +7.909978e-07  -2.030997e-07  -1.577643e-03  +1.849843e-07  -1.659838e-07  -7.318698e-04  -4.104601e-07  -6.939685e-08  -2.064978e-03  +2.129166e-07  +2.169054e-07  -1.603513e-04  
+2.209573e-06  +8.200841e-07  +2.292173e-05  +5.451035e-05  +2.014645e-06  +3.771952e-06  +4.874840e-05  -2.494923e-06  -2.009504e-06  +6.678893e-05  -1.795855e-04  +1.245163e-06  -1.237556e-06  +1.143667e-03  +6.036582e-07  +7.110618e-07  +6.784564e-03  -6.781942e-07  -1.194050e-06  +5.518834e-03  -5.784471e-07  +5.688235e-07  +5.859532e-03  
+1.447195e-05  -2.126449e-05  +5.451035e-05  +7.375995e-04  +4.758338e-05  +2.652006e-05  +3.614435e-04  -1.384518e-04  -1.298303e-05  +6.143813e-04  -2.359898e-03  -8.856279e-06  -2.925334e-06  +3.799285e-02  +5.156960e-06  +9.295824e-06  +4.234325e-02  +3.789211e-06  -7.221441e-06  +6.312437e-02  -1.753280e-06  +1.267816e-06  +3.363253e-02  
+1.040860e-06  +1.576614e-06  +2.014645e-06  +4.758338e-05  +2.514050e-05  +2.399935e-06  +3.308607e-05  +8.695146e-06  -1.178162e-06  +5.498759e-05  -1.834673e-04  -4.463724e-07  +4.755138e-07  +3.730648e-03  +7.398947e-07  +2.119742e-06  +3.114610e-03  -1.356888e-07  -2.658720e-07  +6.041522e-03  +5.231309e-07  +9.014572e-07  +4.000988e-03  
+9.368750e-07  -3.104445e-07  +3.771952e-06  +2.652006e-05  +2.399935e-06  +2.112499e-06  +1.818297e-05  +3.024434e-07  -7.592472e-07  +3.064417e-05  -9.118174e-05  -2.849197e-07  -2.741826e-08  +1.370267e-03  +3.728680e-07  +7.485871e-07  +2.499951e-03  -3.641810e-08  -4.258902e-07  +2.157205e-03  -1.240111e-08  +8.864021e-08  +1.911545e-03  
+9.103221e-06  -7.323777e-06  +4.874840e-05  +3.614435e-04  +3.308607e-05  +1.818297e-05  +2.368733e-04  -1.804043e-05  -9.142994e-06  +3.765618e-04  -1.252999e-03  -2.864927e-06  -1.372365e-06  +1.932669e-02  +2.725428e-06  +7.486436e-06  +2.969771e-02  +4.211310e-07  -3.564802e-06  +3.457623e-02  -1.654733e-06  +1.613862e-06  +2.532760e-02  
-2.399297e-06  +8.944551e-06  -2.494923e-06  -1.384518e-04  +8.695146e-06  +3.024434e-07  -1.804043e-05  +1.907458e-04  -2.312731e-07  -5.501489e-05  +4.740558e-04  +3.458889e-06  +2.797732e-06  -4.357298e-03  -4.880330e-07  +7.074675e-06  +1.807884e-03  -1.237156e-06  +4.591143e-06  -1.290500e-02  +7.064942e-08  +1.562981e-06  -1.624177e-03  
-3.702610e-07  +2.157850e-07  -2.009504e-06  -1.298303e-05  -1.178162e-06  -7.592472e-07  -9.142994e-06  -2.312731e-07  +3.932357e-07  -1.462524e-05  +4.518441e-05  +9.436774e-08  +5.328478e-08  -6.884901e-04  -1.245362e-07  -3.297339e-07  -1.206518e-03  -3.355708e-09  +1.372963e-07  -1.208779e-03  +5.745453e-08  -5.614764e-08  -9.690049e-04  
+1.507480e-05  -1.265209e-05  +6.678893e-05  +6.143813e-04  +5.498759e-05  +3.064417e-05  +3.765618e-04  -5.501489e-05  -1.462524e-05  +6.361424e-04  -2.140297e-03  -6.620292e-06  -2.310722e-06  +3.356352e-02  +5.745570e-06  +1.268560e-05  +4.774807e-02  +1.600634e-06  -6.809773e-06  +5.582496e-02  -1.862383e-06  +1.269252e-06  +3.738945e-02  
-5.072241e-05  +7.042443e-05  -1.795855e-04  -2.359898e-03  -1.834673e-04  -9.118174e-05  -1.252999e-03  +4.740558e-04  +4.518441e-05  -2.140297e-03  +8.172319e-03  +3.042081e-05  +9.564664e-06  -1.293748e-01  -1.926671e-05  -3.276401e-05  -1.441141e-01  -9.638438e-06  +2.407482e-05  -2.199366e-01  +5.798213e-06  -3.717097e-06  -1.242074e-01  
-2.382024e-08  +7.909978e-07  +1.245163e-06  -8.856279e-06  -4.463724e-07  -2.849197e-07  -2.864927e-06  +3.458889e-06  +9.436774e-08  -6.620292e-06  +3.042081e-05  +6.038548e-07  -1.099137e-07  -6.549843e-04  +2.803245e-08  -1.161886e-07  -2.419811e-04  -1.747471e-07  +4.032351e-08  -6.660468e-04  +3.353042e-08  +1.538229e-07  -7.628350e-05  
-8.369729e-08  -2.030997e-07  -1.237556e-06  -2.925334e-06  +4.755138e-07  -2.741826e-08  -1.372365e-06  +2.797732e-06  +5.328478e-08  -2.310722e-06  +9.564664e-06  -1.099137e-07  +4.421716e-07  +8.470516e-05  -5.238956e-08  +3.638657e-08  -1.741201e-04  +6.824766e-08  +9.668923e-08  -1.904960e-04  -1.771722e-08  -2.468291e-11  -8.228686e-05  
+6.276292e-04  -1.577643e-03  +1.143667e-03  +3.799285e-02  +3.730648e-03  +1.370267e-03  +1.932669e-02  -4.357298e-03  -6.884901e-04  +3.356352e-02  -1.293748e-01  -6.549843e-04  +8.470516e-05  +2.624352e+00  +1.194510e-04  +6.740074e-04  +2.189927e+00  +2.528098e-04  -1.698517e-04  +3.532130e+00  -2.693272e-05  +5.930264e-05  +1.735454e+00  
+2.615820e-07  +1.849843e-07  +6.036582e-07  +5.156960e-06  +7.398947e-07  +3.728680e-07  +2.725428e-06  -4.880330e-07  -1.245362e-07  +5.745570e-06  -1.926671e-05  +2.803245e-08  -5.238956e-08  +1.194510e-04  +4.356182e-07  +1.866883e-07  +3.546799e-04  -4.504346e-08  -1.808927e-07  +4.089158e-04  +6.097861e-08  +4.366596e-08  +3.161769e-04  
+2.212440e-07  -1.659838e-07  +7.110618e-07  +9.295824e-06  +2.119742e-06  +7.485871e-07  +7.486436e-06  +7.074675e-06  -3.297339e-07  +1.268560e-05  -3.276401e-05  -1.161886e-07  +3.638657e-08  +6.740074e-04  +1.866883e-07  +8.866140e-07  +1.096550e-03  +2.350186e-08  +9.934039e-08  +6.614287e-04  +1.394241e-08  +1.001380e-07  +6.114882e-04  
+1.211518e-03  -7.318698e-04  +6.784564e-03  +4.234325e-02  +3.114610e-03  +2.499951e-03  +2.969771e-02  +1.807884e-03  -1.206518e-03  +4.774807e-02  -1.441141e-01  -2.419811e-04  -1.741201e-04  +2.189927e+00  +3.546799e-04  +1.096550e-03  +4.372153e+00  +1.176371e-04  -4.734958e-04  +3.650937e+00  -1.943938e-04  +8.302532e-05  +2.871707e+00  
+6.198268e-09  -4.104601e-07  -6.781942e-07  +3.789211e-06  -1.356888e-07  -3.641810e-08  +4.211310e-07  -1.237156e-06  -3.355708e-09  +1.600634e-06  -9.638438e-06  -1.747471e-07  +6.824766e-08  +2.528098e-04  -4.504346e-08  +2.350186e-08  +1.176371e-04  +2.326376e-07  +4.595396e-09  +1.545354e-04  -2.486553e-08  -9.394430e-08  -1.749172e-04  
-3.145511e-07  -6.939685e-08  -1.194050e-06  -7.221441e-06  -2.658720e-07  -4.258902e-07  -3.564802e-06  +4.591143e-06  +1.372963e-07  -6.809773e-06  +2.407482e-05  +4.032351e-08  +9.668923e-08  -1.698517e-04  -1.808927e-07  +9.934039e-08  -4.734958e-04  +4.595396e-09  +4.055173e-07  -6.042318e-04  +1.117597e-10  +6.237974e-09  -4.156434e-04  
+1.294517e-03  -2.064978e-03  +5.518834e-03  +6.312437e-02  +6.041522e-03  +2.157205e-03  +3.457623e-02  -1.290500e-02  -1.208779e-03  +5.582496e-02  -2.199366e-01  -6.660468e-04  -1.904960e-04  +3.532130e+00  +4.089158e-04  +6.614287e-04  +3.650937e+00  +1.545354e-04  -6.042318e-04  +6.778229e+00  -2.481887e-04  +2.579791e-04  +3.806043e+00  
+5.643357e-09  +2.129166e-07  -5.784471e-07  -1.753280e-06  +5.231309e-07  -1.240111e-08  -1.654733e-06  +7.064942e-08  +5.745453e-08  -1.862383e-06  +5.798213e-06  +3.353042e-08  -1.771722e-08  -2.693272e-05  +6.097861e-08  +1.394241e-08  -1.943938e-04  -2.486553e-08  +1.117597e-10  -2.481887e-04  +2.234173e-07  +5.053091e-08  -2.442327e-04  
+4.419213e-08  +2.169054e-07  +5.688235e-07  +1.267816e-06  +9.014572e-07  +8.864021e-08  +1.613862e-06  +1.562981e-06  -5.614764e-08  +1.269252e-06  -3.717097e-06  +1.538229e-07  -2.468291e-11  +5.930264e-05  +4.366596e-08  +1.001380e-07  +8.302532e-05  -9.394430e-08  +6.237974e-09  +2.579791e-04  +5.053091e-08  +3.761272e-07  +4.516807e-04  
+1.043153e-03  -1.603513e-04  +5.859532e-03  +3.363253e-02  +4.000988e-03  +1.911545e-03  +2.532760e-02  -1.624177e-03  -9.690049e-04  +3.738945e-02  -1.242074e-01  -7.628350e-05  -8.228686e-05  +1.735454e+00  +3.161769e-04  +6.114882e-04  +2.871707e+00  -1.749172e-04  -4.156434e-04  +3.806043e+00  -2.442327e-04  +4.516807e-04  +3.815295e+00  
