mean:
+3.982016e+00  +3.954063e+00  +8.427111e-01  +1.300586e+00  +1.402191e+00  +4.027633e-01  +8.034283e-01  +1.357749e+00  +1.719911e-01  +1.860713e+00  +5.995450e+00  +3.591482e+00  +2.698456e+00  +2.061027e+02  +4.328453e+00  +5.293054e+00  +2.847690e+02  +5.452292e+00  +3.756595e+00  +3.296776e+02  +2.640373e+00  +4.559249e+00  +3.999024e+02  
covariance:
+9.696439e-07  +1.721652e-07  -3.499442e-07  -3.773824e-07  +3.726595e-07  +3.276352e-07  +2.623063e-08  -1.302057e-06  -7.581090e-07  +4.934880e-06  -5.085129e-06  -1.414161e-07  -1.849747e-07  -1.516274e-04  -1.170119e-07  -3.422649e-08  +8.428751e-04  +6.614633e-09  +1.087064e-07  +6.909634e-04  +3.264614e-07  -3.221068e-08  +8.939373e-04  
+1.721652e-07  +8.369468e-07  +5.121823e-07  +2.446641e-07  +2.755227e-07  -5.848184e-08  +1.302302e-07  -1.568781e-06  +5.939082e-08  -1.319827e-07  -1.272540e-06  -5.755527e-08  +2.626255e-08  +2.679575e-06  -2.213280e-08  -1.766715e-07  -2.787075e-04  -3.655330e-08  +4.954219e-08  -1.945035e-04  +1.250389e-07  -1.368164e-07  -2.380384e-04  
-3.499442e-07  +5.121823e-07  +3.268169e-05  -2.067212e-06  +4.095357e-06  -9.795116e-06  +4.735565e-06  -1.625019e-05  +1.348292e-05  -1.206754e-04  +4.451766e-05  -3.110694e-07  +5.018708e-06  -1.318809e-03  +7.005576e-07  -4.633727e-06  -2.497040e-02  -2.347381e-06  +1.117996e-06  -2.392908e-02  -2.658853e-06  -3.522934e-06  -2.655056e-02  
-3.773824e-07  +2.446641e-07  -2.067212e-06  +4.517090e-05  +1.479475e-06  +5.445804e-07  +4.526686e-07  -2.713400e-05  +4.331041e-07  -5.104142e-07  +1.086506e-06  -7.480391e-07  -1.368137e-07  +7.361050e-04  +1.177724e-06  -1.176726e-06  -2.853140e-03  +8.705500e-07  -1.065032e-06  -1.652699e-03  +2.319268e-07  -8.795967e-07  -2.362489e-03  
+3.726595e-07  +2.755227e-07  +4.095357e-06  +1.479475e-06  +7.034039e-06  +2.822125e-07  +9.867347e-07  -1.313465e-05  -7.793042e-07  +4.933809e-06  -3.548075e-06  -2.760572e-07  +2.431449e-07  +5.087698e-04  -2.715686e-07  -1.222059e-06  -1.219436e-03  -5.769269e-07  +3.765443e-07  -7.516488e-04  +7.591018e-07  -6.503661e-07  -7.739417e-04  
+3.276352e-07  -5.848184e-08  -9.795116e-06  +5.445804e-07  +2.822125e-07  +5.461332e-06  -2.803267e-06  -4.037692e-06  -6.219658e-06  +5.729766e-05  -2.600539e-05  -4.920113e-07  -1.932503e-06  +8.629911e-04  -2.801893e-07  +7.547539e-07  +9.833328e-03  +8.540506e-07  +2.105730e-08  +9.994149e-03  +1.563109e-06  +1.306838e-06  +1.159599e-02  
+2.623063e-08  +1.302302e-07  +4.735565e-06  +4.526686e-07  +9.867347e-07  -2.803267e-06  +1.224135e-05  -2.285957e-06  +4.790845e-07  -2.363438e-05  +2.820956e-05  +9.160143e-07  +9.832096e-07  -1.011797e-03  +6.182479e-07  -7.549828e-07  -4.162967e-03  -1.252342e-07  +8.216057e-08  -2.803850e-03  -6.217395e-07  -1.581825e-07  -4.398556e-03  
-1.302057e-06  -1.568781e-06  -1.625019e-05  -2.713400e-05  -1.313465e-05  -4.037692e-06  -2.285957e-06  +2.963735e-04  +5.118502e-06  -3.642966e-05  -4.128257e-05  +3.081222e-06  -4.046023e-06  -1.451369e-02  -1.513763e-06  +8.868383e-06  +2.476889e-02  -3.746438e-06  +2.336070e-06  +1.148993e-02  -5.603425e-06  +6.201538e-06  +2.510029e-02  
-7.581090e-07  +5.939082e-08  +1.348292e-05  +4.331041e-07  -7.793042e-07  -6.219658e-06  +4.790845e-07  +5.118502e-06  +1.043355e-05  -8.402562e-05  +2.848157e-05  +1.017763e-07  +2.521179e-06  -9.164138e-04  +8.117697e-07  -1.320785e-06  -1.420460e-02  -1.031223e-06  +1.309821e-07  -1.447558e-02  -2.353903e-06  -1.778688e-06  -1.567571e-02  
+4.934880e-06  -1.319827e-07  -1.206754e-04  -5.104142e-07  +4.933809e-06  +5.729766e-05  -2.363438e-05  -3.642966e-05  -8.402562e-05  +7.493617e-04  -3.370589e-04  -3.442411e-06  -2.381834e-05  +5.809273e-03  -7.112092e-06  +1.143877e-05  +1.284726e-01  +9.180611e-06  -7.093330e-07  +1.267574e-01  +2.188425e-05  +1.468594e-05  +1.409273e-01  
-5.085129e-06  -1.272540e-06  +4.451766e-05  +1.086506e-06  -3.548075e-06  -2.600539e-05  +2.820956e-05  -4.128257e-05  +2.848157e-05  -3.370589e-04  +4.582269e-04  +8.262218e-06  +1.532779e-05  +1.689638e-02  +2.197369e-06  -1.433765e-06  -6.901954e-02  -3.147091e-06  -3.952642e-06  -5.183438e-02  -1.533769e-05  -3.043851e-06  -7.448765e-02  
-1.414161e-07  -5.755527e-08  -3.110694e-07  -7.480391e-07  -2.760572e-07  -4.920113e-07  +9.160143e-07  +3.081222e-06  +1.017763e-07  -3.442411e-06  +8.262218e-06  +6.937695e-07  +1.567711e-07  +2.473474e-04  -4.983891e-08  +3.956758e-07  -2.530530e-04  -5.100060e-08  -1.780961e-07  -1.392336e-04  -3.659261e-07  +1.551030e-07  -5.507578e-04  
-1.849747e-07  +2.626255e-08  +5.018708e-06  -1.368137e-07  +2.431449e-07  -1.932503e-06  +9.832096e-07  -4.046023e-06  +2.521179e-06  -2.381834e-05  +1.532779e-05  +1.567711e-07  +1.674927e-06  +5.054407e-04  +2.214878e-07  -5.522230e-07  -5.203610e-03  -2.581024e-07  -5.068780e-08  -4.808850e-03  -8.777710e-07  -5.862720e-07  -6.067935e-03  
-1.516274e-04  +2.679575e-06  -1.318809e-03  +7.361050e-04  +5.087698e-04  +8.629911e-04  -1.011797e-03  -1.451369e-02  -9.164138e-04  +5.809273e-03  +1.689638e-02  +2.473474e-04  +5.054407e-04  +2.942507e+00  -5.323558e-05  +1.538530e-04  -1.181367e+00  +5.158748e-04  -4.902470e-04  +3.685932e-01  -9.818022e-05  +2.352364e-05  -8.644888e-01  
-1.170119e-07  -2.213280e-08  +7.005576e-07  +1.177724e-06  -2.715686e-07  -2.801893e-07  +6.182479e-07  -1.513763e-06  +8.117697e-07  -7.112092e-06  +2.197369e-06  -4.983891e-08  +2.214878e-07  -5.323558e-05  +7.420782e-07  -1.982889e-07  -1.332324e-03  +2.004497e-07  -1.335191e-07  -1.113843e-03  -2.871214e-07  -1.297361e-07  -1.254047e-03  
-3.422649e-08  -1.766715e-07  -4.633727e-06  -1.176726e-06  -1.222059e-06  +7.547539e-07  -7.549828e-07  +8.868383e-06  -1.320785e-06  +1.143877e-05  -1.433765e-06  +3.956758e-07  -5.522230e-07  +1.538530e-04  -1.982889e-07  +1.455328e-06  +3.302548e-03  +2.345434e-07  -2.233618e-07  +2.771931e-03  -2.398072e-08  +6.379655e-07  +3.095242e-03  
+8.428751e-04  -2.787075e-04  -2.497040e-02  -2.853140e-03  -1.219436e-03  +9.833328e-03  -4.162967e-03  +2.476889e-02  -1.420460e-02  +1.284726e-01  -6.901954e-02  -2.530530e-04  -5.203610e-03  -1.181367e+00  -1.332324e-03  +3.302548e-03  +2.698972e+01  +1.221436e-03  +1.523573e-04  +2.467170e+01  +3.578296e-03  +3.417655e-03  +2.875362e+01  
+6.614633e-09  -3.655330e-08  -2.347381e-06  +8.705500e-07  -5.769269e-07  +8.540506e-07  -1.252342e-07  -3.746438e-06  -1.031223e-06  +9.180611e-06  -3.147091e-06  -5.100060e-08  -2.581024e-07  +5.158748e-04  +2.004497e-07  +2.345434e-07  +1.221436e-03  +8.665409e-07  -3.082940e-07  +1.540037e-03  +1.635548e-07  +2.006453e-07  +1.668872e-03  
+1.087064e-07  +4.954219e-08  +1.117996e-06  -1.065032e-06  +3.765443e-07  +2.105730e-08  +8.216057e-08  +2.336070e-06  +1.309821e-07  -7.093330e-07  -3.952642e-06  -1.780961e-07  -5.068780e-08  -4.902470e-04  -1.335191e-07  -2.233618e-07  +1.523573e-04  -3.082940e-07  +5.317229e-07  -9.194841e-06  +1.675489e-07  -5.562100e-08  +3.646671e-04  
+6.909634e-04  -1.945035e-04  -2.392908e-02  -1.652699e-03  -7.516488e-04  +9.994149e-03  -2.803850e-03  +1.148993e-02  -1.447558e-02  +1.267574e-01  -5.183438e-02  -1.392336e-04  -4.808850e-03  +3.685932e-01  -1.113843e-03  +2.771931e-03  +2.467170e+01  +1.540037e-03  -9.194841e-06  +2.489079e+01  +3.533987e-03  +3.243173e-03  +2.723515e+01  
+3.264614e-07  +1.250389e-07  -2.658853e-06  +2.319268e-07  +7.591018e-07  +1.563109e-06  -6.217395e-07  -5.603425e-06  -2.353903e-06  +2.188425e-05  -1.533769e-05  -3.659261e-07  -8.777710e-07  -9.818022e-05  -2.871214e-07  -2.398072e-08  +3.578296e-03  +1.635548e-07  +1.675489e-07  +3.533987e-03  +1.343615e-06  +2.163332e-07  +3.979090e-03  
-3.221068e-08  -1.368164e-07  -3.522934e-06  -8.795967e-07  -6.503661e-07  +1.306838e-06  -1.581825e-07  +6.201538e-06  -1.778688e-06  +1.468594e-05  -3.043851e-06  +1.551030e-07  -5.862720e-07  +2.352364e-05  -1.297361e-07  +6.379655e-07  +3.417655e-03  +2.006453e-07  -5.562100e-08  +3.243173e-03  +2.163332e-07  +9.789967e-07  +3.902437e-03  
+8.939373e-04  -2.380384e-04  -2.655056e-02  -2.362489e-03  -7.739417e-04  +1.159599e-02  -4.398556e-03  +2.510029e-02  -1.567571e-02  +1.409273e-01  -7.448765e-02  -5.507578e-04  -6.067935e-03  -8.644888e-01  -1.254047e-03  +3.095242e-03  +2.875362e+01  +1.668872e-03  +3.646671e-04  +2.723515e+01  +3.979090e-03  +3.902437e-03  +3.328981e+01  
