mean:
+3.945365e+00  +3.934771e+00  +8.246262e-01  +1.285053e+00  +1.429250e+00  +5.079085e-01  +8.294887e-01  +1.394341e+00  +1.694492e-01  +1.896386e+00  +5.869953e+00  +3.547103e+00  +2.634002e+00  +2.046864e+02  +4.266284e+00  +5.293991e+00  +2.752297e+02  +5.391029e+00  +3.759729e+00  +3.239303e+02  +2.640546e+00  +4.559772e+00  +3.939073e+02  
covariance:
+7.353758e-07  -3.756024e-07  -1.612184e-06  -6.211872e-06  +2.879894e-07  -8.501623e-07  -3.967953e-06  +4.551994e-07  +1.294960e-06  -7.321026e-06  +1.684276e-05  -1.696147e-07  +1.351333e-06  -3.959995e-04  +1.555208e-06  -8.459204e-07  -8.183009e-04  +6.480664e-07  +1.746665e-06  +4.768599e-06  +1.043516e-07  +7.891708e-08  -1.191666e-03  
-3.756024e-07  +2.043343e-06  -5.125463e-08  +7.008197e-08  -8.388551e-08  -1.051996e-07  -6.961472e-07  +1.578591e-07  +9.939143e-08  +7.961629e-07  +2.988758e-06  -4.153677e-08  -6.199041e-08  +1.102476e-04  -1.446012e-07  -5.776128e-09  -5.083062e-05  +3.790272e-08  -4.968254e-08  -3.879980e-05  +5.635499e-08  -9.468319e-08  +7.670200e-05  
-1.612184e-06  -5.125463e-08  +4.650299e-05  +1.245142e-04  -5.596074e-06  +6.338303e-06  +3.941620e-05  +3.200021e-05  -1.843289e-05  +1.282821e-04  -1.486186e-04  +2.475378e-06  -2.842620e-05  +2.806541e-03  -3.327444e-05  +1.045583e-05  +1.789254e-02  -1.655442e-05  -3.185318e-05  -1.231098e-03  +7.399707e-07  +6.510927e-07  +1.072701e-02  
-6.211872e-06  +7.008197e-08  +1.245142e-04  +4.598024e-04  -1.496856e-05  +3.302861e-05  +1.497718e-04  +8.317442e-05  -6.578458e-05  +4.568313e-04  -5.831795e-04  +1.982355e-06  -8.775484e-05  +1.736259e-02  -1.157470e-04  +4.155914e-05  +5.435768e-02  -5.003652e-05  -1.092050e-04  -7.436316e-03  +2.814956e-06  +1.405174e-06  +4.763272e-02  
+2.879894e-07  -8.388551e-08  -5.596074e-06  -1.496856e-05  +3.370537e-06  -8.360627e-07  -6.772273e-06  -2.200870e-06  +2.591292e-06  -1.712175e-05  +2.570418e-05  -5.461305e-07  +3.576630e-06  -2.919161e-04  +3.650919e-06  -1.635305e-06  -2.511982e-03  +1.870256e-06  +4.162386e-06  -5.995738e-06  +1.625001e-07  -1.512094e-07  -1.955644e-03  
-8.501623e-07  -1.051996e-07  +6.338303e-06  +3.302861e-05  -8.360627e-07  +5.966125e-06  +2.213368e-05  -7.699429e-06  -6.023170e-06  +4.032118e-05  -9.135349e-05  +2.106965e-07  -6.259138e-06  +2.847657e-03  -9.019725e-06  +5.345397e-06  +3.176303e-03  -2.863903e-06  -9.234122e-06  -3.900730e-04  -1.334553e-07  -2.461805e-07  +6.475477e-03  
-3.967953e-06  -6.961472e-07  +3.941620e-05  +1.497718e-04  -6.772273e-06  +2.213368e-05  +1.156288e-04  -1.888473e-05  -2.873963e-05  +1.789498e-04  -4.234875e-04  +5.359241e-06  -2.995075e-05  +9.910608e-03  -3.726330e-05  +2.255554e-05  +2.091881e-02  -1.535738e-05  -4.364728e-05  +9.416949e-04  -2.367357e-06  -6.809084e-07  +2.865042e-02  
+4.551994e-07  +1.578591e-07  +3.200021e-05  +8.317442e-05  -2.200870e-06  -7.699429e-06  -1.888473e-05  +1.170222e-04  -9.368477e-06  +7.503856e-05  +1.034788e-04  +1.859020e-06  -1.985995e-05  -3.481744e-03  -2.267943e-05  -6.372324e-07  +1.482837e-02  -1.520405e-05  -1.871894e-05  -3.796486e-03  +1.866004e-06  +3.487519e-06  -1.654490e-03  
+1.294960e-06  +9.939143e-08  -1.843289e-05  -6.578458e-05  +2.591292e-06  -6.023170e-06  -2.873963e-05  -9.368477e-06  +1.144424e-05  -7.470770e-05  +1.092622e-04  -9.797455e-07  +1.354701e-05  -3.095491e-03  +1.755997e-05  -7.440695e-06  -8.456407e-03  +7.629658e-06  +1.747867e-05  +9.110620e-04  -2.608837e-07  -2.887137e-07  -8.614371e-03  
-7.321026e-06  +7.961629e-07  +1.282821e-04  +4.568313e-04  -1.712175e-05  +4.032118e-05  +1.789498e-04  +7.503856e-05  -7.470770e-05  +5.304642e-04  -7.272682e-04  +5.702867e-06  -9.743025e-05  +2.177318e-02  -1.263227e-04  +5.138037e-05  +5.854840e-02  -5.467546e-05  -1.229535e-04  -8.358404e-03  +2.825229e-06  +2.694085e-06  +5.951536e-02  
+1.684276e-05  +2.988758e-06  -1.486186e-04  -5.831795e-04  +2.570418e-05  -9.135349e-05  -4.234875e-04  +1.034788e-04  +1.092622e-04  -7.272682e-04  +1.782521e-03  -1.925608e-05  +1.269635e-04  -4.447124e-02  +1.541923e-04  -9.214231e-05  -7.982009e-02  +6.133830e-05  +1.754524e-04  +2.440488e-04  +1.017367e-05  +3.082586e-06  -1.222223e-01  
-1.696147e-07  -4.153677e-08  +2.475378e-06  +1.982355e-06  -5.461305e-07  +2.106965e-07  +5.359241e-06  +1.859020e-06  -9.797455e-07  +5.702867e-06  -1.925608e-05  +1.435811e-06  -1.840451e-06  +1.986264e-06  -8.027623e-07  +6.146624e-07  +1.449199e-03  -9.289836e-07  -1.729776e-06  +3.787873e-04  -4.706100e-07  +9.751383e-08  +9.745150e-04  
+1.351333e-06  -6.199041e-08  -2.842620e-05  -8.775484e-05  +3.576630e-06  -6.259138e-06  -2.995075e-05  -1.985995e-05  +1.354701e-05  -9.743025e-05  +1.269635e-04  -1.840451e-06  +2.141073e-05  -2.934082e-03  +2.488982e-05  -8.761426e-06  -1.194608e-02  +1.117042e-05  +2.356334e-05  +1.569704e-03  -3.374507e-07  -4.429529e-07  -9.673526e-03  
-3.959995e-04  +1.102476e-04  +2.806541e-03  +1.736259e-02  -2.919161e-04  +2.847657e-03  +9.910608e-03  -3.481744e-03  -3.095491e-03  +2.177318e-02  -4.447124e-02  +1.986264e-06  -2.934082e-03  +2.108677e+00  -4.798343e-03  +2.789482e-03  +1.428041e+00  -1.486888e-03  -4.722967e-03  -2.150433e-01  +5.716248e-05  -3.151612e-04  +3.412181e+00  
+1.555208e-06  -1.446012e-07  -3.327444e-05  -1.157470e-04  +3.650919e-06  -9.019725e-06  -3.726330e-05  -2.267943e-05  +1.755997e-05  -1.263227e-04  +1.541923e-04  -8.027623e-07  +2.488982e-05  -4.798343e-03  +3.269726e-05  -1.156848e-05  -1.408536e-02  +1.389594e-05  +2.971480e-05  +2.520979e-03  -1.189416e-06  -5.688317e-07  -1.251139e-02  
-8.459204e-07  -5.776128e-09  +1.045583e-05  +4.155914e-05  -1.635305e-06  +5.345397e-06  +2.255554e-05  -6.372324e-07  -7.440695e-06  +5.138037e-05  -9.214231e-05  +6.146624e-07  -8.761426e-06  +2.789482e-03  -1.156848e-05  +6.094526e-06  +5.072973e-03  -4.530954e-06  -1.198512e-05  -5.654648e-04  +2.190793e-08  +5.267678e-08  +7.079773e-03  
-8.183009e-04  -5.083062e-05  +1.789254e-02  +5.435768e-02  -2.511982e-03  +3.176303e-03  +2.091881e-02  +1.482837e-02  -8.456407e-03  +5.854840e-02  -7.982009e-02  +1.449199e-03  -1.194608e-02  +1.428041e+00  -1.408536e-02  +5.072973e-03  +8.717243e+00  -7.217636e-03  -1.448599e-02  -6.044675e-01  -1.309759e-04  +6.377284e-04  +6.427552e+00  
+6.480664e-07  +3.790272e-08  -1.655442e-05  -5.003652e-05  +1.870256e-06  -2.863903e-06  -1.535738e-05  -1.520405e-05  +7.629658e-06  -5.467546e-05  +6.133830e-05  -9.289836e-07  +1.117042e-05  -1.486888e-03  +1.389594e-05  -4.530954e-06  -7.217636e-03  +7.058652e-06  +1.324499e-05  +8.553358e-04  -4.004774e-07  -6.019831e-07  -5.057791e-03  
+1.746665e-06  -4.968254e-08  -3.185318e-05  -1.092050e-04  +4.162386e-06  -9.234122e-06  -4.364728e-05  -1.871894e-05  +1.747867e-05  -1.229535e-04  +1.754524e-04  -1.729776e-06  +2.356334e-05  -4.722967e-03  +2.971480e-05  -1.198512e-05  -1.448599e-02  +1.324499e-05  +2.956701e-05  +1.685501e-03  -3.502951e-07  -6.957128e-07  -1.404084e-02  
+4.768599e-06  -3.879980e-05  -1.231098e-03  -7.436316e-03  -5.995738e-06  -3.900730e-04  +9.416949e-04  -3.796486e-03  +9.110620e-04  -8.358404e-03  +2.440488e-04  +3.787873e-04  +1.569704e-03  -2.150433e-01  +2.520979e-03  -5.654648e-04  -6.044675e-01  +8.553358e-04  +1.685501e-03  +7.617774e-01  -2.589063e-04  -2.714328e-04  -6.025384e-01  
+1.043516e-07  +5.635499e-08  +7.399707e-07  +2.814956e-06  +1.625001e-07  -1.334553e-07  -2.367357e-06  +1.866004e-06  -2.608837e-07  +2.825229e-06  +1.017367e-05  -4.706100e-07  -3.374507e-07  +5.716248e-05  -1.189416e-06  +2.190793e-08  -1.309759e-04  -4.004774e-07  -3.502951e-07  -2.589063e-04  +6.023090e-07  -1.891558e-08  -6.107397e-04  
+7.891708e-08  -9.468319e-08  +6.510927e-07  +1.405174e-06  -1.512094e-07  -2.461805e-07  -6.809084e-07  +3.487519e-06  -2.887137e-07  +2.694085e-06  +3.082586e-06  +9.751383e-08  -4.429529e-07  -3.151612e-04  -5.688317e-07  +5.267678e-08  +6.377284e-04  -6.019831e-07  -6.957128e-07  -2.714328e-04  -1.891558e-08  +5.936384e-07  +2.906862e-04  
-1.191666e-03  +7.670200e-05  +1.072701e-02  +4.763272e-02  -1.955644e-03  +6.475477e-03  +2.865042e-02  -1.654490e-03  -8.614371e-03  +5.951536e-02  -1.222223e-01  +9.745150e-04  -9.673526e-03  +3.412181e+00  -1.251139e-02  +7.079773e-03  +6.427552e+00  -5.057791e-03  -1.404084e-02  -6.025384e-01  -6.107397e-04  +2.906862e-04  +1.006507e+01  
