mean:
+3.966679e+00  +4.003716e+00  +5.966412e-01  +2.012059e+00  +1.300647e+00  +6.037823e-01  +8.516593e-01  +2.196633e+00  +3.986348e-02  +3.901227e+00  +5.862273e+00  +4.624278e+00  +3.191177e+00  +3.288823e+02  +2.671213e+00  +3.678467e+00  +4.566092e+02  +4.720190e+00  +4.880269e+00  +8.061953e+02  +3.938949e+00  +5.172819e+00  +4.393936e+02  
covariance:
+2.175375e-06  -5.897753e-07  -4.223632e-06  +2.506468e-06  +2.231257e-06  +9.475169e-07  +6.779729e-06  +1.601728e-06  -2.549723e-07  +8.475385e-06  -3.954956e-05  +1.166218e-07  -3.959419e-07  +7.179984e-04  -8.102487e-08  +1.085476e-07  +1.422741e-03  +4.615326e-08  -1.912384e-07  +2.897653e-03  +1.172671e-08  +3.425291e-07  +1.671657e-03  
-5.897753e-07  +6.301319e-06  -2.153094e-07  +6.914454e-07  -1.784826e-06  +2.772797e-07  +6.473733e-08  -1.709309e-06  +3.689029e-08  +6.489305e-07  +9.343759e-07  +4.139792e-07  -2.234119e-07  -3.173927e-06  +3.507537e-08  -2.470298e-07  +1.348555e-04  -2.662567e-07  -8.931560e-08  -8.272193e-04  +3.412966e-07  +1.188089e-07  -2.981075e-04  
-4.223632e-06  -2.153094e-07  +5.933710e-05  -2.563947e-05  -3.012438e-05  -1.012695e-05  -7.796326e-05  -1.144719e-05  +2.585927e-06  -9.605914e-05  +4.852778e-04  +9.484177e-07  +4.014470e-06  -1.161765e-02  +4.925014e-07  -1.535274e-06  -1.569350e-02  -2.163845e-06  +2.719294e-06  -3.856163e-02  +1.569136e-07  -4.010200e-06  -1.519628e-02  
+2.506468e-06  +6.914454e-07  -2.563947e-05  +4.486034e-05  +1.312483e-05  +2.001035e-06  +3.919355e-05  +1.818100e-05  -1.120021e-06  +3.546232e-05  -2.244664e-04  -1.459743e-06  -3.909428e-06  +5.770031e-03  -7.194304e-07  +5.754254e-07  +7.838667e-03  +1.205910e-06  -1.416336e-06  +2.015869e-02  +9.221750e-08  +1.184251e-06  +4.593568e-03  
+2.231257e-06  -1.784826e-06  -3.012438e-05  +1.312483e-05  +2.198820e-05  +5.039016e-06  +4.567640e-05  +1.068702e-05  -1.598898e-06  +5.702312e-05  -2.670083e-04  -3.588167e-07  -2.204062e-06  +6.075417e-03  -2.115096e-07  +1.103109e-06  +9.317778e-03  +7.197392e-07  -1.359132e-06  +2.106492e-02  -9.332050e-09  +2.149736e-06  +1.071051e-02  
+9.475169e-07  +2.772797e-07  -1.012695e-05  +2.001035e-06  +5.039016e-06  +3.271400e-06  +1.533075e-05  -6.221830e-08  -5.220739e-07  +2.015283e-05  -9.680329e-05  +2.005939e-07  -8.817922e-07  +2.119200e-03  -1.656289e-07  +1.624597e-08  +3.172665e-03  +6.182520e-08  -5.913401e-07  +6.839113e-03  -4.340202e-08  +1.198641e-06  +3.384857e-03  
+6.779729e-06  +6.473733e-08  -7.796326e-05  +3.919355e-05  +4.567640e-05  +1.533075e-05  +1.607851e-04  +7.071042e-05  -5.743460e-06  +1.829671e-04  -8.200241e-04  +8.282445e-07  -7.351397e-06  +1.914531e-02  -3.318718e-06  +3.394323e-06  +3.147909e-02  +2.880687e-07  -3.259441e-06  +6.332751e-02  +1.368520e-06  +7.725293e-06  +3.822309e-02  
+1.601728e-06  -1.709309e-06  -1.144719e-05  +1.818100e-05  +1.068702e-05  -6.221830e-08  +7.071042e-05  +1.248964e-04  -2.526334e-06  +6.130678e-05  -2.598327e-04  +9.308819e-07  -1.963629e-06  +8.865748e-03  -3.723630e-06  +4.214524e-06  +1.211041e-02  -7.773093e-07  +6.734861e-07  +2.276686e-02  +1.481487e-06  +1.868822e-06  +1.484844e-02  
-2.549723e-07  +3.689029e-08  +2.585927e-06  -1.120021e-06  -1.598898e-06  -5.220739e-07  -5.743460e-06  -2.526334e-06  +2.494587e-07  -7.007955e-06  +2.781993e-05  -7.855096e-08  +2.350421e-07  -5.879241e-04  +1.091288e-07  -1.348209e-07  -1.161809e-03  +3.000957e-08  +1.041854e-07  -2.088955e-03  -4.633331e-08  -2.461095e-07  -1.542023e-03  
+8.475385e-06  +6.489305e-07  -9.605914e-05  +3.546232e-05  +5.702312e-05  +2.015283e-05  +1.829671e-04  +6.130678e-05  -7.007955e-06  +2.408920e-04  -9.661363e-04  +2.513955e-06  -8.638770e-06  +1.903257e-02  -2.297061e-06  +4.422991e-06  +3.862632e-02  -7.842441e-07  -4.665257e-06  +7.103279e-02  +9.072545e-07  +8.461831e-06  +4.936220e-02  
-3.954956e-05  +9.343759e-07  +4.852778e-04  -2.244664e-04  -2.670083e-04  -9.680329e-05  -8.200241e-04  -2.598327e-04  +2.781993e-05  -9.661363e-04  +4.708341e-03  +1.384866e-06  +4.409624e-05  -1.082290e-01  +1.038428e-05  -1.539043e-05  -1.632695e-01  -6.864883e-06  +2.304135e-05  -3.659277e-01  -2.177215e-06  -4.485393e-05  -1.774778e-01  
+1.166218e-07  +4.139792e-07  +9.484177e-07  -1.459743e-06  -3.588167e-07  +2.005939e-07  +8.282445e-07  +9.308819e-07  -7.855096e-08  +2.513955e-06  +1.384866e-06  +4.705108e-07  +1.847596e-08  -3.938586e-04  +1.614326e-08  +5.744552e-09  +3.052204e-04  -3.326744e-07  +4.402983e-08  -7.042185e-04  +1.274412e-07  +6.248409e-08  +8.992145e-04  
-3.959419e-07  -2.234119e-07  +4.014470e-06  -3.909428e-06  -2.204062e-06  -8.817922e-07  -7.351397e-06  -1.963629e-06  +2.350421e-07  -8.638770e-06  +4.409624e-05  +1.847596e-08  +9.754103e-07  -6.371293e-04  -2.770255e-08  +1.975729e-08  -1.641519e-03  +8.062866e-08  +3.323240e-07  -3.320889e-03  -1.203923e-07  -3.500966e-07  -1.452027e-03  
+7.179984e-04  -3.173927e-06  -1.161765e-02  +5.770031e-03  +6.075417e-03  +2.119200e-03  +1.914531e-02  +8.865748e-03  -5.879241e-04  +1.903257e-02  -1.082290e-01  -3.938586e-04  -6.371293e-04  +3.896502e+00  -5.916739e-04  +4.815577e-04  +3.460512e+00  +6.219678e-04  -4.381353e-04  +9.014923e+00  +9.011098e-05  +1.167434e-03  +3.038815e+00  
-8.102487e-08  +3.507537e-08  +4.925014e-07  -7.194304e-07  -2.115096e-07  -1.656289e-07  -3.318718e-06  -3.723630e-06  +1.091288e-07  -2.297061e-06  +1.038428e-05  +1.614326e-08  -2.770255e-08  -5.916739e-04  +4.476264e-07  -8.678793e-08  -5.530056e-04  -7.816134e-08  -6.242015e-08  -1.017622e-03  +2.511680e-08  -1.299254e-07  -7.074253e-04  
+1.085476e-07  -2.470298e-07  -1.535274e-06  +5.754254e-07  +1.103109e-06  +1.624597e-08  +3.394323e-06  +4.214524e-06  -1.348209e-07  +4.422991e-06  -1.539043e-05  +5.744552e-09  +1.975729e-08  +4.815577e-04  -8.678793e-08  +4.623618e-07  +6.261364e-04  +5.965906e-08  -6.848269e-09  +1.329422e-03  -2.502257e-08  +4.148473e-08  +8.813580e-04  
+1.422741e-03  +1.348555e-04  -1.569350e-02  +7.838667e-03  +9.317778e-03  +3.172665e-03  +3.147909e-02  +1.211041e-02  -1.161809e-03  +3.862632e-02  -1.632695e-01  +3.052204e-04  -1.641519e-03  +3.460512e+00  -5.530056e-04  +6.261364e-04  +6.739476e+00  -8.732922e-05  -7.764214e-04  +1.220322e+01  +2.707451e-04  +1.464011e-03  +7.936078e+00  
+4.615326e-08  -2.662567e-07  -2.163845e-06  +1.205910e-06  +7.197392e-07  +6.182520e-08  +2.880687e-07  -7.773093e-07  +3.000957e-08  -7.842441e-07  -6.864883e-06  -3.326744e-07  +8.062866e-08  +6.219678e-04  -7.816134e-08  +5.965906e-08  -8.732922e-05  +5.830022e-07  -7.870927e-08  +1.080187e-03  -1.208650e-07  -8.692877e-08  -7.301412e-04  
-1.912384e-07  -8.931560e-08  +2.719294e-06  -1.416336e-06  -1.359132e-06  -5.913401e-07  -3.259441e-06  +6.734861e-07  +1.041854e-07  -4.665257e-06  +2.304135e-05  +4.402983e-08  +3.323240e-07  -4.381353e-04  -6.242015e-08  -6.848269e-09  -7.764214e-04  -7.870927e-08  +3.364833e-07  -1.593495e-03  +1.416804e-08  -1.815280e-07  -6.219102e-04  
+2.897653e-03  -8.272193e-04  -3.856163e-02  +2.015869e-02  +2.106492e-02  +6.839113e-03  +6.332751e-02  +2.276686e-02  -2.088955e-03  +7.103279e-02  -3.659277e-01  -7.042185e-04  -3.320889e-03  +9.014923e+00  -1.017622e-03  +1.329422e-03  +1.220322e+01  +1.080187e-03  -1.593495e-03  +3.054854e+01  -9.897238e-05  +3.424464e-03  +1.260898e+01  
+1.172671e-08  +3.412966e-07  +1.569136e-07  +9.221750e-08  -9.332050e-09  -4.340202e-08  +1.368520e-06  +1.481487e-06  -4.633331e-08  +9.072545e-07  -2.177215e-06  +1.274412e-07  -1.203923e-07  +9.011098e-05  +2.511680e-08  -2.502257e-08  +2.707451e-04  -1.208650e-07  +1.416804e-08  -9.897238e-05  +3.732764e-07  +3.293611e-08  +3.692706e-04  
+3.425291e-07  +1.188089e-07  -4.010200e-06  +1.184251e-06  +2.149736e-06  +1.198641e-06  +7.725293e-06  +1.868822e-06  -2.461095e-07  +8.461831e-06  -4.485393e-05  +6.248409e-08  -3.500966e-07  +1.167434e-03  -1.299254e-07  +4.148473e-08  +1.464011e-03  -8.692877e-08  -1.815280e-07  +3.424464e-03  +3.293611e-08  +8.045552e-07  +1.638750e-03  
+1.671657e-03  -2.981075e-04  -1.519628e-02  +4.593568e-03  +1.071051e-02  +3.384857e-03  +3.822309e-02  +1.484844e-02  -1.542023e-03  +4.936220e-02  -1.774778e-01  +8.992145e-04  -1.452027e-03  +3.038815e+00  -7.074253e-04  +8.813580e-04  +7.936078e+00  -7.301412e-04  -6.219102e-04  +1.260898e+01  +3.692706e-04  +1.638750e-03  +1.212944e+01  
