mean:
+3.970968e+00  +3.897286e+00  +8.354904e-01  +1.335811e+00  +1.210719e+00  +4.983149e-01  +8.055421e-01  +1.379138e+00  +1.886129e-01  +1.826405e+00  +5.994676e+00  +3.615967e+00  +2.918486e+00  +2.043645e+02  +4.300297e+00  +5.126852e+00  +2.809198e+02  +5.237107e+00  +3.825441e+00  +3.222699e+02  +2.796073e+00  +4.484898e+00  +3.880321e+02  
covariance:
+1.728218e-06  -4.943147e-07  +2.651059e-06  -5.585261e-09  +4.019768e-07  +7.078413e-08  -7.961104e-07  +1.719063e-06  +7.417683e-07  -2.735819e-06  +3.325971e-06  -4.133192e-08  +1.633795e-07  +1.023382e-05  -8.888299e-07  +5.512030e-07  -5.267905e-04  -5.789484e-07  +3.575818e-07  -5.762452e-04  -1.568775e-07  -7.650489e-07  +3.814187e-04  
-4.943147e-07  +7.020328e-07  -1.067915e-06  -1.106286e-06  -2.934190e-08  -4.865208e-08  -2.626169e-07  +6.557302e-07  +9.535898e-08  +1.228078e-07  +2.900353e-07  +8.378633e-08  -1.427831e-07  -6.632037e-05  +6.121853e-08  -1.017121e-07  +1.325263e-04  +1.374337e-07  -2.138473e-08  +3.096410e-04  -3.206715e-09  -1.434701e-07  -2.379895e-04  
+2.651059e-06  -1.067915e-06  +6.133646e-06  +2.322136e-06  +6.624649e-07  +2.151587e-07  -6.391788e-07  +1.337187e-06  +3.938279e-07  -4.640134e-06  +4.157564e-06  -5.139663e-08  +1.157208e-07  -1.309997e-04  -1.283890e-06  +1.087984e-06  -1.036433e-03  -9.965860e-07  +6.011068e-07  -1.545610e-03  -1.658930e-07  -1.112666e-06  +1.080550e-03  
-5.585261e-09  -1.106286e-06  +2.322136e-06  +5.889204e-06  -9.910060e-08  +8.775383e-08  +1.580849e-06  -5.758289e-06  -1.804987e-06  +1.867964e-06  -4.476786e-06  -1.806694e-07  -1.799642e-08  -2.594541e-04  +7.845490e-07  -4.260820e-08  +2.214790e-04  +1.395989e-07  -7.658003e-08  -1.064923e-03  +1.993445e-07  +1.217997e-06  +7.629894e-04  
+4.019768e-07  -2.934190e-08  +6.624649e-07  -9.910060e-08  +1.554164e-07  +1.817688e-08  -3.031141e-07  +5.099148e-07  +2.375134e-07  -7.707426e-07  +1.248104e-06  +7.209608e-09  +2.205852e-08  -8.616472e-06  -2.533267e-07  +1.457680e-07  -1.103243e-04  -1.493247e-07  +1.114749e-07  -1.328862e-04  -4.216896e-08  -2.398505e-07  +7.916024e-05  
+7.078413e-08  -4.865208e-08  +2.151587e-07  +8.775383e-08  +1.817688e-08  +6.469452e-08  +1.075427e-08  -5.740926e-08  -8.638661e-09  +8.452288e-08  -2.454639e-07  -3.000798e-08  +4.014827e-08  +2.894763e-06  +3.072636e-08  -8.411134e-09  -9.318564e-06  -2.291531e-08  -3.968742e-08  -6.955234e-05  +6.967214e-09  +5.828573e-08  +1.195573e-05  
-7.961104e-07  -2.626169e-07  -6.391788e-07  +1.580849e-06  -3.031141e-07  +1.075427e-08  +1.489679e-06  -3.888052e-06  -1.286917e-06  +2.759527e-06  -4.828224e-06  -7.356102e-08  -7.915969e-08  -5.073677e-05  +9.124250e-07  -4.134994e-07  +3.582058e-04  +4.570904e-07  -3.647249e-07  -7.366952e-05  +1.852997e-07  +9.776643e-07  +1.164673e-04  
+1.719063e-06  +6.557302e-07  +1.337187e-06  -5.758289e-06  +5.099148e-07  -5.740926e-08  -3.888052e-06  +2.341720e-05  +4.095714e-06  -1.226541e-05  +1.520604e-05  +7.152065e-07  +1.636870e-07  +8.347592e-04  -3.536621e-06  +2.068335e-06  -2.542758e-03  -2.063381e-06  +9.403145e-07  +1.188548e-03  -5.367159e-07  -4.186187e-06  -5.077702e-04  
+7.417683e-07  +9.535898e-08  +3.938279e-07  -1.804987e-06  +2.375134e-07  -8.638661e-09  -1.286917e-06  +4.095714e-06  +1.875526e-06  -2.577021e-06  +4.227616e-06  -7.686308e-09  +1.620908e-07  +1.527249e-04  -8.888494e-07  +3.325369e-07  -3.722597e-04  -4.789953e-07  +3.071759e-07  +1.868257e-04  -1.492433e-07  -9.018310e-07  -1.489240e-04  
-2.735819e-06  +1.228078e-07  -4.640134e-06  +1.867964e-06  -7.707426e-07  +8.452288e-08  +2.759527e-06  -1.226541e-05  -2.577021e-06  +1.081001e-05  -1.231089e-05  -4.061926e-07  +2.100978e-08  -1.421284e-04  +2.966793e-06  -1.870599e-06  +1.937616e-03  +1.672906e-06  -1.226037e-06  +4.810445e-04  +4.577797e-07  +3.392747e-06  -5.460840e-04  
+3.325971e-06  +2.900353e-07  +4.157564e-06  -4.476786e-06  +1.248104e-06  -2.454639e-07  -4.828224e-06  +1.520604e-05  +4.227616e-06  -1.231089e-05  +2.121894e-05  +5.182906e-07  +1.370824e-07  +4.287569e-04  -4.044295e-06  +2.144836e-06  -1.858541e-03  -1.898981e-06  +1.639087e-06  +1.990040e-05  -6.787575e-07  -4.392555e-06  +1.510896e-04  
-4.133192e-08  +8.378633e-08  -5.139663e-08  -1.806694e-07  +7.209608e-09  -3.000798e-08  -7.356102e-08  +7.152065e-07  -7.686308e-09  -4.061926e-07  +5.182906e-07  +8.497095e-08  -4.601870e-08  +9.837240e-06  -1.029213e-07  +7.851973e-08  -8.329327e-05  -4.107654e-08  +2.898383e-08  +7.061974e-05  -1.089327e-08  -1.698616e-07  -6.562559e-06  
+1.633795e-07  -1.427831e-07  +1.157208e-07  -1.799642e-08  +2.205852e-08  +4.014827e-08  -7.915969e-08  +1.636870e-07  +1.620908e-07  +2.100978e-08  +1.370824e-07  -4.601870e-08  +1.118066e-07  +5.639827e-05  -4.142597e-08  -2.446002e-10  -1.591382e-05  -5.708887e-08  -1.636764e-08  -8.500762e-06  -1.384667e-08  +3.741631e-08  -1.665933e-05  
+1.023382e-05  -6.632037e-05  -1.309997e-04  -2.594541e-04  -8.616472e-06  +2.894763e-06  -5.073677e-05  +8.347592e-04  +1.527249e-04  -1.421284e-04  +4.287569e-04  +9.837240e-06  +5.639827e-05  +1.181437e-01  -8.888705e-05  +3.423229e-05  -7.279990e-02  -5.444809e-05  -1.385373e-05  +1.137073e-01  -1.039661e-05  -6.741589e-05  -5.610261e-02  
-8.888299e-07  +6.121853e-08  -1.283890e-06  +7.845490e-07  -2.533267e-07  +3.072636e-08  +9.124250e-07  -3.536621e-06  -8.888494e-07  +2.966793e-06  -4.044295e-06  -1.029213e-07  -4.142597e-08  -8.888705e-05  +9.214135e-07  -5.350045e-07  +5.393883e-04  +4.848005e-07  -3.508559e-07  +8.913978e-05  +1.449989e-07  +9.991265e-07  -1.222911e-04  
+5.512030e-07  -1.017121e-07  +1.087984e-06  -4.260820e-08  +1.457680e-07  -8.411134e-09  -4.134994e-07  +2.068335e-06  +3.325369e-07  -1.870599e-06  +2.144836e-06  +7.851973e-08  -2.446002e-10  +3.423229e-05  -5.350045e-07  +4.166641e-07  -4.007569e-04  -3.306609e-07  +2.171251e-07  -1.551565e-04  -6.654269e-08  -5.999726e-07  +1.752179e-04  
-5.267905e-04  +1.325263e-04  -1.036433e-03  +2.214790e-04  -1.103243e-04  -9.318564e-06  +3.582058e-04  -2.542758e-03  -3.722597e-04  +1.937616e-03  -1.858541e-03  -8.329327e-05  -1.591382e-05  -7.279990e-02  +5.393883e-04  -4.007569e-04  +4.767967e-01  +3.518053e-04  -1.768047e-04  +1.052117e-01  +7.080918e-05  +6.201515e-04  -1.449353e-01  
-5.789484e-07  +1.374337e-07  -9.965860e-07  +1.395989e-07  -1.493247e-07  -2.291531e-08  +4.570904e-07  -2.063381e-06  -4.789953e-07  +1.672906e-06  -1.898981e-06  -4.107654e-08  -5.708887e-08  -5.444809e-05  +4.848005e-07  -3.306609e-07  +3.518053e-04  +3.524756e-07  -1.795554e-07  +1.273385e-04  +7.480722e-08  +4.900855e-07  -1.172568e-04  
+3.575818e-07  -2.138473e-08  +6.011068e-07  -7.658003e-08  +1.114749e-07  -3.968742e-08  -3.647249e-07  +9.403145e-07  +3.071759e-07  -1.226037e-06  +1.639087e-06  +2.898383e-08  -1.636764e-08  -1.385373e-05  -3.508559e-07  +2.171251e-07  -1.768047e-04  -1.795554e-07  +2.097460e-07  -1.069497e-04  -6.111804e-08  -3.743980e-07  +9.926364e-05  
-5.762452e-04  +3.096410e-04  -1.545610e-03  -1.064923e-03  -1.328862e-04  -6.955234e-05  -7.366952e-05  +1.188548e-03  +1.868257e-04  +4.810445e-04  +1.990040e-05  +7.061974e-05  -8.500762e-06  +1.137073e-01  +8.913978e-05  -1.551565e-04  +1.052117e-01  +1.273385e-04  -1.069497e-04  +5.212009e-01  +3.285900e-06  +6.938983e-06  -3.218695e-01  
-1.568775e-07  -3.206715e-09  -1.658930e-07  +1.993445e-07  -4.216896e-08  +6.967214e-09  +1.852997e-07  -5.367159e-07  -1.492433e-07  +4.577797e-07  -6.787575e-07  -1.089327e-08  -1.384667e-08  -1.039661e-05  +1.449989e-07  -6.654269e-08  +7.080918e-05  +7.480722e-08  -6.111804e-08  +3.285900e-06  +4.581039e-08  +1.560362e-07  -1.529034e-06  
-7.650489e-07  -1.434701e-07  -1.112666e-06  +1.217997e-06  -2.398505e-07  +5.828573e-08  +9.776643e-07  -4.186187e-06  -9.018310e-07  +3.392747e-06  -4.392555e-06  -1.698616e-07  +3.741631e-08  -6.741589e-05  +9.991265e-07  -5.999726e-07  +6.201515e-04  +4.900855e-07  -3.743980e-07  +6.938983e-06  +1.560362e-07  +1.239256e-06  -9.788250e-05  
+3.814187e-04  -2.379895e-04  +1.080550e-03  +7.629894e-04  +7.916024e-05  +1.195573e-05  +1.164673e-04  -5.077702e-04  -1.489240e-04  -5.460840e-04  +1.510896e-04  -6.562559e-06  -1.665933e-05  -5.610261e-02  -1.222911e-04  +1.752179e-04  -1.449353e-01  -1.172568e-04  +9.926364e-05  -3.218695e-01  -1.529034e-06  -9.788250e-05  +2.642990e-01  
