mean:
+3.966301e+00  +4.005124e+00  +6.016618e-01  +2.008016e+00  +1.301596e+00  +6.024167e-01  +8.393158e-01  +2.202070e+00  +4.088732e-02  +3.887126e+00  +5.839887e+00  +4.624219e+00  +3.190928e+00  +3.270963e+02  +2.671080e+00  +3.677731e+00  +4.573491e+02  +4.719737e+00  +4.880012e+00  +8.027893e+02  +3.938548e+00  +5.173020e+00  +4.399132e+02  
covariance:
+2.157630e-06  -4.384449e-07  -1.577903e-06  +1.383345e-06  +1.363656e-06  +3.744007e-07  +4.752938e-06  +7.926222e-07  -2.469857e-07  +1.206415e-05  -4.217413e-05  +2.692062e-08  -2.240536e-07  +1.428748e-03  +6.730606e-08  +2.655117e-07  +1.881252e-03  -9.786629e-08  -1.361250e-07  +2.015820e-03  +8.685602e-09  -3.696025e-09  +2.106913e-03  
-4.384449e-07  +6.612340e-06  -7.381682e-08  +4.248386e-06  -8.810777e-07  -4.217227e-07  -5.788232e-07  +9.137125e-07  +7.311902e-08  -9.627084e-07  -2.903087e-06  -5.839078e-08  -4.817169e-07  +6.069040e-04  -4.119244e-07  -3.626737e-07  +2.520053e-04  +4.673554e-08  -5.491931e-08  +7.956198e-04  +1.983867e-07  +1.023892e-07  +1.249611e-04  
-1.577903e-06  -7.381682e-08  +1.776118e-05  -1.052020e-05  -8.869818e-06  +7.427400e-07  -2.246556e-05  -1.530015e-05  +1.039851e-06  -5.934936e-05  +2.134011e-04  +8.661300e-07  -5.162997e-07  -9.133791e-03  +9.786484e-07  -1.568697e-06  -9.374942e-03  +3.816037e-07  +4.994438e-07  -1.404602e-02  +8.770382e-07  -1.686801e-06  -1.018521e-02  
+1.383345e-06  +4.248386e-06  -1.052020e-05  +6.586112e-05  +3.200682e-06  -2.881273e-06  +3.483298e-05  +2.665699e-05  -1.546893e-06  +8.104817e-05  -3.328226e-04  -2.739788e-06  -2.534470e-06  +1.258570e-02  +1.636175e-06  +8.171695e-07  +1.647776e-02  +9.533271e-08  -7.700769e-07  +1.740153e-02  +4.631455e-07  -3.881493e-08  +1.374990e-02  
+1.363656e-06  -8.810777e-07  -8.869818e-06  +3.200682e-06  +1.419266e-05  +9.304949e-08  +1.425305e-05  +8.931799e-06  -6.086482e-07  +3.332331e-05  -1.301014e-04  -3.341729e-07  +4.725506e-08  +5.097451e-03  +6.390766e-08  +1.050429e-06  +6.264148e-03  -7.880083e-07  +5.436638e-09  +8.489731e-03  -7.093648e-07  +3.814643e-07  +7.832736e-03  
+3.744007e-07  -4.217227e-07  +7.427400e-07  -2.881273e-06  +9.304949e-08  +1.531168e-06  +1.030328e-06  -3.339142e-06  -9.976136e-08  +3.935321e-06  -3.304826e-07  +7.728225e-07  -2.351170e-07  -5.692474e-04  -6.283246e-08  +9.739094e-08  +9.439934e-05  -1.244955e-07  +1.246160e-08  -1.217115e-03  +5.277094e-08  -2.910629e-07  +6.344316e-04  
+4.752938e-06  -5.788232e-07  -2.246556e-05  +3.483298e-05  +1.425305e-05  +1.030328e-06  +6.130076e-05  +4.011940e-05  -2.802595e-06  +1.445130e-04  -5.237100e-04  -4.073818e-07  -3.182370e-06  +1.799732e-02  +9.253129e-07  +2.423568e-06  +2.489658e-02  -1.450974e-06  -8.531050e-07  +2.945166e-02  +1.783162e-07  +1.161743e-06  +2.527385e-02  
+7.926222e-07  +9.137125e-07  -1.530015e-05  +2.665699e-05  +8.931799e-06  -3.339142e-06  +4.011940e-05  +8.630422e-05  -1.656805e-06  +8.634261e-05  -3.308729e-04  +4.024447e-07  -1.194088e-06  +9.180365e-03  +1.066353e-06  +1.360952e-06  +1.799204e-02  -7.189760e-07  +3.656584e-09  +2.539922e-02  +5.547493e-07  +1.039878e-06  +1.478381e-02  
-2.469857e-07  +7.311902e-08  +1.039851e-06  -1.546893e-06  -6.086482e-07  -9.976136e-08  -2.802595e-06  -1.656805e-06  +1.652626e-07  -6.954007e-06  +2.339781e-05  -1.766248e-08  +1.279253e-07  -7.641233e-04  -2.211634e-08  -1.221677e-07  -1.139925e-03  +5.260135e-08  +4.058317e-08  -1.225635e-03  -5.562901e-10  -2.662218e-08  -1.153350e-03  
+1.206415e-05  -9.627084e-07  -5.934936e-05  +8.104817e-05  +3.332331e-05  +3.935321e-06  +1.445130e-04  +8.634261e-05  -6.954007e-06  +3.828700e-04  -1.311671e-03  -6.183825e-07  -6.415355e-06  +4.482706e-02  +5.835096e-07  +7.512053e-06  +6.006275e-02  -2.751388e-06  -2.971333e-06  +7.212150e-02  +1.870821e-10  +3.756002e-06  +6.251071e-02  
-4.217413e-05  -2.903087e-06  +2.134011e-04  -3.328226e-04  -1.301014e-04  -3.304826e-07  -5.237100e-04  -3.308729e-04  +2.339781e-05  -1.311671e-03  +4.994278e-03  +1.564001e-05  +2.921624e-05  -1.843657e-01  -6.893798e-06  -2.377629e-05  -2.196899e-01  +1.302264e-05  +1.350489e-05  -2.975154e-01  -8.133082e-07  -1.972651e-05  -2.314768e-01  
+2.692062e-08  -5.839078e-08  +8.661300e-07  -2.739788e-06  -3.341729e-07  +7.728225e-07  -4.073818e-07  +4.024447e-07  -1.766248e-08  -6.183825e-07  +1.564001e-05  +1.089067e-06  -6.150973e-08  -1.208011e-03  +1.423471e-08  -2.462963e-08  -2.791329e-04  +2.159412e-08  +1.818944e-07  -1.608095e-03  +1.423183e-07  -3.044992e-07  -3.232897e-04  
-2.240536e-07  -4.817169e-07  -5.162997e-07  -2.534470e-06  +4.725506e-08  -2.351170e-07  -3.182370e-06  -1.194088e-06  +1.279253e-07  -6.415355e-06  +2.921624e-05  -6.150973e-08  +9.466073e-07  -9.695825e-04  -3.204896e-07  +1.985881e-08  -1.243998e-03  +1.479231e-07  +4.271118e-08  -1.516966e-03  -3.003817e-07  +1.222066e-08  -1.207051e-03  
+1.428748e-03  +6.069040e-04  -9.133791e-03  +1.258570e-02  +5.097451e-03  -5.692474e-04  +1.799732e-02  +9.180365e-03  -7.641233e-04  +4.482706e-02  -1.843657e-01  -1.208011e-03  -9.695825e-04  +8.127784e+00  +8.298834e-05  +8.213825e-04  +7.446582e+00  -4.508115e-04  -5.955760e-04  +1.199714e+01  -8.407450e-05  +1.265540e-03  +8.027782e+00  
+6.730606e-08  -4.119244e-07  +9.786484e-07  +1.636175e-06  +6.390766e-08  -6.283246e-08  +9.253129e-07  +1.066353e-06  -2.211634e-08  +5.835096e-07  -6.893798e-06  +1.423471e-08  -3.204896e-07  +8.298834e-05  +6.779211e-07  +1.567617e-08  +3.670350e-04  +6.034993e-09  +2.622486e-08  +2.603512e-05  +1.805918e-07  -1.525459e-07  +7.666746e-05  
+2.655117e-07  -3.626737e-07  -1.568697e-06  +8.171695e-07  +1.050429e-06  +9.739094e-08  +2.423568e-06  +1.360952e-06  -1.221677e-07  +7.512053e-06  -2.377629e-05  -2.462963e-08  +1.985881e-08  +8.213825e-04  +1.567617e-08  +4.354684e-07  +9.997254e-04  -1.022382e-07  -4.114759e-08  +1.345159e-03  -1.174118e-07  +8.785946e-08  +1.205557e-03  
+1.881252e-03  +2.520053e-04  -9.374942e-03  +1.647776e-02  +6.264148e-03  +9.439934e-05  +2.489658e-02  +1.799204e-02  -1.139925e-03  +6.006275e-02  -2.196899e-01  -2.791329e-04  -1.243998e-03  +7.446582e+00  +3.670350e-04  +9.997254e-04  +1.089250e+01  -5.326772e-04  -3.691064e-04  +1.245186e+01  +5.790504e-05  +2.941889e-04  +1.077949e+01  
-9.786629e-08  +4.673554e-08  +3.816037e-07  +9.533271e-08  -7.880083e-07  -1.244955e-07  -1.450974e-06  -7.189760e-07  +5.260135e-08  -2.751388e-06  +1.302264e-05  +2.159412e-08  +1.479231e-07  -4.508115e-04  +6.034993e-09  -1.022382e-07  -5.326772e-04  +3.413352e-07  +1.075107e-08  -9.465222e-04  +8.703914e-08  -5.850653e-08  -8.638474e-04  
-1.361250e-07  -5.491931e-08  +4.994438e-07  -7.700769e-07  +5.436638e-09  +1.246160e-08  -8.531050e-07  +3.656584e-09  +4.058317e-08  -2.971333e-06  +1.350489e-05  +1.818944e-07  +4.271118e-08  -5.955760e-04  +2.622486e-08  -4.114759e-08  -3.691064e-04  +1.075107e-08  +2.309476e-07  -8.612200e-04  +3.315926e-08  -1.478180e-07  -4.924095e-04  
+2.015820e-03  +7.956198e-04  -1.404602e-02  +1.740153e-02  +8.489731e-03  -1.217115e-03  +2.945166e-02  +2.539922e-02  -1.225635e-03  +7.212150e-02  -2.975154e-01  -1.608095e-03  -1.516966e-03  +1.199714e+01  +2.603512e-05  +1.345159e-03  +1.245186e+01  -9.465222e-04  -8.612200e-04  +2.159726e+01  -5.746055e-05  +2.015828e-03  +1.350243e+01  
+8.685602e-09  +1.983867e-07  +8.770382e-07  +4.631455e-07  -7.093648e-07  +5.277094e-08  +1.783162e-07  +5.547493e-07  -5.562901e-10  +1.870821e-10  -8.133082e-07  +1.423183e-07  -3.003817e-07  -8.407450e-05  +1.805918e-07  -1.174118e-07  +5.790504e-05  +8.703914e-08  +3.315926e-08  -5.746055e-05  +3.635902e-07  -6.286605e-08  -2.189683e-04  
-3.696025e-09  +1.023892e-07  -1.686801e-06  -3.881493e-08  +3.814643e-07  -2.910629e-07  +1.161743e-06  +1.039878e-06  -2.662218e-08  +3.756002e-06  -1.972651e-05  -3.044992e-07  +1.222066e-08  +1.265540e-03  -1.525459e-07  +8.785946e-08  +2.941889e-04  -5.850653e-08  -1.478180e-07  +2.015828e-03  -6.286605e-08  +6.953007e-07  +5.650261e-04  
+2.106913e-03  +1.249611e-04  -1.018521e-02  +1.374990e-02  +7.832736e-03  +6.344316e-04  +2.527385e-02  +1.478381e-02  -1.153350e-03  +6.251071e-02  -2.314768e-01  -3.232897e-04  -1.207051e-03  +8.027782e+00  +7.666746e-05  +1.205557e-03  +1.077949e+01  -8.638474e-04  -4.924095e-04  +1.350243e+01  -2.189683e-04  +5.650261e-04  +1.217933e+01  
