mean:
+4.013589e+00  +3.996344e+00  +8.523588e-01  +1.298740e+00  +1.208328e+00  +3.952995e-01  +8.352891e-01  +1.417677e+00  +1.896906e-01  +1.941634e+00  +5.674315e+00  +3.644856e+00  +2.931576e+00  +2.148419e+02  +4.303529e+00  +5.139076e+00  +2.874520e+02  +5.272354e+00  +3.836587e+00  +3.324742e+02  +2.860725e+00  +4.542261e+00  +3.868772e+02  
covariance:
+4.619934e-04  +4.961080e-04  +1.798717e-04  +2.098269e-04  +4.444580e-05  -1.518788e-05  +2.210645e-04  +2.643149e-04  -2.165133e-04  +1.389005e-03  -3.027583e-03  +2.854640e-04  +1.004489e-04  +9.440881e-02  +7.947652e-05  +8.857976e-05  +1.584506e-01  +2.610753e-04  +1.488345e-04  +9.860928e-02  +5.220383e-04  +4.694355e-04  +8.800909e-02  
+4.961080e-04  +5.773564e-04  +2.021142e-04  +2.084335e-04  +8.282193e-05  -1.809745e-05  +2.852522e-04  +2.990685e-04  -2.623975e-04  +1.661052e-03  -3.776585e-03  +3.543963e-04  +1.202293e-04  +1.150174e-01  +9.990927e-05  +1.070428e-04  +1.917728e-01  +3.088212e-04  +1.861540e-04  +1.254121e-01  +6.177571e-04  +5.603857e-04  +1.224949e-01  
+1.798717e-04  +2.021142e-04  +1.021222e-04  +6.999632e-05  +1.798591e-05  -9.215084e-06  +1.107417e-04  +1.447573e-04  -9.591759e-05  +5.986898e-04  -1.409037e-03  +1.247722e-04  +4.508837e-05  +4.007025e-02  +3.676527e-05  +3.787472e-05  +6.822945e-02  +1.161421e-04  +6.405227e-05  +4.450166e-02  +2.269405e-04  +2.051788e-04  +3.960031e-02  
+2.098269e-04  +2.084335e-04  +6.999632e-05  +2.274017e-04  -2.190841e-05  -8.775011e-06  +1.304219e-05  +1.179262e-04  -5.758300e-05  +3.853169e-04  -1.300025e-04  +5.645505e-05  +2.558961e-05  +2.152571e-02  +7.443737e-06  +2.364283e-05  +2.549122e-02  +8.072709e-05  +2.430775e-05  +1.360268e-02  +1.770279e-04  +1.518918e-04  -1.858622e-02  
+4.444580e-05  +8.282193e-05  +1.798591e-05  -2.190841e-05  +5.540364e-05  -2.016393e-06  +8.599307e-05  +1.953383e-05  -5.698954e-05  +3.364536e-04  -1.027487e-03  +9.112967e-05  +2.445669e-05  +2.661456e-02  +2.766533e-05  +2.304017e-05  +4.735995e-02  +5.625315e-05  +5.180413e-05  +3.473883e-02  +1.116093e-04  +1.074153e-04  +4.836734e-02  
-1.518788e-05  -1.809745e-05  -9.215084e-06  -8.775011e-06  -2.016393e-06  +3.258253e-06  -1.149541e-05  -2.816380e-05  +9.512783e-06  -4.771318e-05  +2.697768e-05  -1.027199e-05  -3.938370e-06  -3.557072e-03  -2.806032e-06  -3.555557e-06  -3.648551e-03  -1.133497e-05  -5.935134e-06  -2.259323e-03  -2.235282e-05  -2.035948e-05  +1.049157e-03  
+2.210645e-04  +2.852522e-04  +1.107417e-04  +1.304219e-05  +8.599307e-05  -1.149541e-05  +2.569152e-04  +1.439568e-04  -1.774923e-04  +1.066788e-03  -3.137011e-03  +2.616902e-04  +8.456348e-05  +8.249032e-02  +8.002820e-05  +7.425129e-05  +1.452300e-01  +1.921774e-04  +1.428814e-04  +1.043037e-01  +3.681028e-04  +3.411174e-04  +1.201025e-01  
+2.643149e-04  +2.990685e-04  +1.447573e-04  +1.179262e-04  +1.953383e-05  -2.816380e-05  +1.439568e-04  +4.157082e-04  -1.387905e-04  +8.148967e-04  -1.309153e-03  +1.607485e-04  +6.393909e-05  +5.918511e-02  +4.237325e-05  +5.657036e-05  +7.528280e-02  +1.753837e-04  +8.149183e-05  +4.526443e-02  +3.419101e-04  +3.084641e-04  +2.094227e-02  
-2.165133e-04  -2.623975e-04  -9.591759e-05  -5.758300e-05  -5.698954e-05  +9.512783e-06  -1.774923e-04  -1.387905e-04  +1.422757e-04  -8.649520e-04  +2.244523e-03  -1.984028e-04  -6.521175e-05  -6.357680e-02  -5.836505e-05  -5.826204e-05  -1.088437e-01  -1.578418e-04  -1.065482e-04  -7.463106e-02  -3.092155e-04  -2.835779e-04  -8.030655e-02  
+1.389005e-03  +1.661052e-03  +5.986898e-04  +3.853169e-04  +3.364536e-04  -4.771318e-05  +1.066788e-03  +8.148967e-04  -8.649520e-04  +5.440936e-03  -1.459486e-02  +1.237670e-03  +4.068648e-04  +3.993061e-01  +3.624337e-04  +3.624267e-04  +6.910991e-01  +9.846923e-04  +6.553655e-04  +4.734945e-01  +1.928658e-03  +1.766336e-03  +5.243074e-01  
-3.027583e-03  -3.776585e-03  -1.409037e-03  -1.300025e-04  -1.027487e-03  +2.697768e-05  -3.137011e-03  -1.309153e-03  +2.244523e-03  -1.459486e-02  +4.976096e-02  -3.548726e-03  -1.139367e-03  -1.149320e+00  -1.075604e-03  -9.967556e-04  -2.099117e+00  -2.531835e-03  -1.831696e-03  -1.542565e+00  -4.801404e-03  -4.443818e-03  -1.934352e+00  
+2.854640e-04  +3.543963e-04  +1.247722e-04  +5.645505e-05  +9.112967e-05  -1.027199e-05  +2.616902e-04  +1.607485e-04  -1.984028e-04  +1.237670e-03  -3.548726e-03  +2.966681e-04  +9.379495e-05  +9.422139e-02  +8.784895e-05  +8.426773e-05  +1.654339e-01  +2.213239e-04  +1.584435e-04  +1.164029e-01  +4.310951e-04  +3.982364e-04  +1.346644e-01  
+1.004489e-04  +1.202293e-04  +4.508837e-05  +2.558961e-05  +2.445669e-05  -3.938370e-06  +8.456348e-05  +6.393909e-05  -6.521175e-05  +4.068648e-04  -1.139367e-03  +9.379495e-05  +3.319770e-05  +3.088288e-02  +2.748577e-05  +2.794439e-05  +5.261385e-02  +7.468795e-05  +4.909382e-05  +3.767277e-02  +1.445342e-04  +1.319037e-04  +4.031646e-02  
+9.440881e-02  +1.150174e-01  +4.007025e-02  +2.152571e-02  +2.661456e-02  -3.557072e-03  +8.249032e-02  +5.918511e-02  -6.357680e-02  +3.993061e-01  -1.149320e+00  +9.422139e-02  +3.088288e-02  +3.174704e+01  +2.733333e-02  +2.761729e-02  +5.296583e+01  +7.249234e-02  +4.935082e-02  +3.765394e+01  +1.399575e-01  +1.284941e-01  +4.256786e+01  
+7.947652e-05  +9.990927e-05  +3.676527e-05  +7.443737e-06  +2.766533e-05  -2.806032e-06  +8.002820e-05  +4.237325e-05  -5.836505e-05  +3.624337e-04  -1.075604e-03  +8.784895e-05  +2.748577e-05  +2.733333e-02  +2.755328e-05  +2.440924e-05  +4.903628e-02  +6.455193e-05  +4.734923e-05  +3.464495e-02  +1.248290e-04  +1.157473e-04  +4.130260e-02  
+8.857976e-05  +1.070428e-04  +3.787472e-05  +2.364283e-05  +2.304017e-05  -3.555557e-06  +7.425129e-05  +5.657036e-05  -5.826204e-05  +3.624267e-04  -9.967556e-04  +8.426773e-05  +2.794439e-05  +2.761729e-02  +2.440924e-05  +2.546759e-05  +4.728789e-02  +6.573397e-05  +4.470148e-05  +3.323420e-02  +1.277704e-04  +1.170681e-04  +3.623458e-02  
+1.584506e-01  +1.917728e-01  +6.822945e-02  +2.549122e-02  +4.735995e-02  -3.648551e-03  +1.452300e-01  +7.528280e-02  -1.088437e-01  +6.910991e-01  -2.099117e+00  +1.654339e-01  +5.261385e-02  +5.296583e+01  +4.903628e-02  +4.728789e-02  +9.669813e+01  +1.211813e-01  +8.839916e-02  +6.699612e+01  +2.334521e-01  +2.153413e-01  +8.017562e+01  
+2.610753e-04  +3.088212e-04  +1.161421e-04  +8.072709e-05  +5.625315e-05  -1.133497e-05  +1.921774e-04  +1.753837e-04  -1.578418e-04  +9.846923e-04  -2.531835e-03  +2.213239e-04  +7.468795e-05  +7.249234e-02  +6.455193e-05  +6.573397e-05  +1.211813e-01  +1.834241e-04  +1.162551e-04  +8.311447e-02  +3.584536e-04  +3.272985e-04  +8.689637e-02  
+1.488345e-04  +1.861540e-04  +6.405227e-05  +2.430775e-05  +5.180413e-05  -5.935134e-06  +1.428814e-04  +8.149183e-05  -1.065482e-04  +6.553655e-04  -1.831696e-03  +1.584435e-04  +4.909382e-05  +4.935082e-02  +4.734923e-05  +4.470148e-05  +8.839916e-02  +1.162551e-04  +8.751394e-05  +6.024761e-02  +2.267536e-04  +2.101748e-04  +7.097319e-02  
+9.860928e-02  +1.254121e-01  +4.450166e-02  +1.360268e-02  +3.473883e-02  -2.259323e-03  +1.043037e-01  +4.526443e-02  -7.463106e-02  +4.734945e-01  -1.542565e+00  +1.164029e-01  +3.767277e-02  +3.765394e+01  +3.464495e-02  +3.323420e-02  +6.699612e+01  +8.311447e-02  +6.024761e-02  +5.114527e+01  +1.592058e-01  +1.470436e-01  +5.946342e+01  
+5.220383e-04  +6.177571e-04  +2.269405e-04  +1.770279e-04  +1.116093e-04  -2.235282e-05  +3.681028e-04  +3.419101e-04  -3.092155e-04  +1.928658e-03  -4.801404e-03  +4.310951e-04  +1.445342e-04  +1.399575e-01  +1.248290e-04  +1.277704e-04  +2.334521e-01  +3.584536e-04  +2.267536e-04  +1.592058e-01  +7.077907e-04  +6.457375e-04  +1.637205e-01  
+4.694355e-04  +5.603857e-04  +2.051788e-04  +1.518918e-04  +1.074153e-04  -2.035948e-05  +3.411174e-04  +3.084641e-04  -2.835779e-04  +1.766336e-03  -4.443818e-03  +3.982364e-04  +1.319037e-04  +1.284941e-01  +1.157473e-04  +1.170681e-04  +2.153413e-01  +3.272985e-04  +2.101748e-04  +1.470436e-01  +6.457375e-04  +5.908503e-04  +1.540292e-01  
+8.800909e-02  +1.224949e-01  +3.960031e-02  -1.858622e-02  +4.836734e-02  +1.049157e-03  +1.201025e-01  +2.094227e-02  -8.030655e-02  +5.243074e-01  -1.934352e+00  +1.346644e-01  +4.031646e-02  +4.256786e+01  +4.130260e-02  +3.623458e-02  +8.017562e+01  +8.689637e-02  +7.097319e-02  +5.946342e+01  +1.637205e-01  +1.540292e-01  +8.254844e+01  
