mean:
+3.912531e+00  +3.897170e+00  +8.374602e-01  +1.284601e+00  +1.449054e+00  +6.051332e-01  +8.344297e-01  +1.369797e+00  +1.607753e-01  +1.884324e+00  +5.795342e+00  +3.484555e+00  +2.610771e+00  +2.020021e+02  +4.262395e+00  +5.274805e+00  +2.870831e+02  +5.349949e+00  +3.757589e+00  +3.269714e+02  +2.640090e+00  +4.559333e+00  +4.011750e+02  
covariance:
+4.535557e-06  +1.756989e-08  -1.239384e-06  -6.824164e-06  +6.665096e-07  +1.653963e-06  +1.281343e-05  -1.241018e-05  -5.455147e-06  +4.744858e-05  -1.052027e-04  -8.430939e-07  -5.560354e-08  +6.276123e-04  -1.205708e-06  +7.750367e-07  +4.831030e-03  +3.500701e-07  -1.185403e-08  +2.278408e-03  +2.476175e-07  -1.655534e-07  +5.469744e-03  
+1.756989e-08  +8.303535e-07  -4.863891e-07  -2.394365e-06  -2.322793e-08  +1.165248e-07  +4.706012e-06  -6.079065e-07  -2.051314e-06  +1.748814e-05  -3.671746e-05  -3.780421e-07  +7.688609e-08  +4.365416e-04  -3.351498e-07  +2.468432e-07  +1.425254e-03  +3.714521e-08  -1.006508e-07  +1.260675e-03  +1.120062e-08  +7.065714e-09  +1.874705e-03  
-1.239384e-06  -4.863891e-07  +5.807525e-06  +4.902394e-06  -1.288607e-06  -6.596388e-07  -9.329056e-06  +7.434799e-06  +3.913161e-06  -3.717144e-05  +7.167528e-05  -1.041001e-07  +4.565742e-07  -1.541869e-03  +6.137143e-07  -3.984844e-07  -2.233717e-03  -3.102283e-07  +4.384504e-07  -1.842374e-03  -3.146662e-07  -2.650719e-07  -4.983762e-03  
-6.824164e-06  -2.394365e-06  +4.902394e-06  +9.351887e-05  -6.952598e-07  +1.676178e-06  -3.972762e-05  -1.522072e-05  +1.520456e-05  -1.578094e-04  +3.852102e-04  +2.257267e-06  +7.763686e-07  -8.621768e-04  +1.731015e-06  -3.484233e-06  -1.488934e-02  -4.072559e-07  -1.377428e-06  -8.912897e-03  +8.463805e-07  -1.617343e-06  -2.250081e-02  
+6.665096e-07  -2.322793e-08  -1.288607e-06  -6.952598e-07  +7.165964e-06  +2.072762e-06  +2.922747e-06  -9.637241e-06  -1.257365e-06  +1.344424e-05  -2.807000e-05  -3.080660e-08  -1.732220e-07  -4.886812e-04  -6.311127e-07  -3.906519e-08  +2.164017e-03  -2.047956e-07  +6.218090e-07  -5.701877e-04  +6.103363e-07  -4.666898e-07  +1.238807e-03  
+1.653963e-06  +1.165248e-07  -6.596388e-07  +1.676178e-06  +2.072762e-06  +4.249824e-06  +5.636881e-06  -2.455078e-05  -2.623390e-06  +2.234191e-05  -5.124041e-05  -4.249679e-07  -2.776503e-07  -7.644503e-04  -1.123475e-06  +3.287296e-07  +4.431598e-03  +1.520635e-08  +5.286305e-07  -8.838403e-04  +4.986153e-07  -6.859664e-07  +1.822993e-03  
+1.281343e-05  +4.706012e-06  -9.329056e-06  -3.972762e-05  +2.922747e-06  +5.636881e-06  +8.679435e-05  -4.026072e-05  -3.342478e-05  +3.045365e-04  -6.501666e-04  -5.886924e-06  +2.633230e-07  +6.718747e-03  -6.798690e-06  +4.232720e-06  +2.709352e-02  +1.209350e-06  -1.228784e-06  +1.938036e-02  +1.200166e-06  -4.352971e-07  +3.298031e-02  
-1.241018e-05  -6.079065e-07  +7.434799e-06  -1.522072e-05  -9.637241e-06  -2.455078e-05  -4.026072e-05  +2.256446e-04  +2.027406e-05  -1.778827e-04  +3.719678e-04  +1.869040e-06  +2.756752e-06  +5.281822e-04  +7.591085e-06  -1.942957e-06  -2.772184e-02  -2.767106e-06  -3.326588e-07  +6.625281e-03  -2.946556e-06  +3.894981e-06  -1.704245e-02  
-5.455147e-06  -2.051314e-06  +3.913161e-06  +1.520456e-05  -1.257365e-06  -2.623390e-06  -3.342478e-05  +2.027406e-05  +1.438948e-05  -1.273117e-04  +2.624735e-04  +2.322293e-06  +4.358509e-08  -2.653235e-03  +3.073386e-06  -1.718966e-06  -1.097754e-02  -7.369826e-07  +5.972776e-07  -7.184950e-03  -4.559565e-07  +4.335318e-07  -1.399854e-02  
+4.744858e-05  +1.748814e-05  -3.717144e-05  -1.578094e-04  +1.344424e-05  +2.234191e-05  +3.045365e-04  -1.778827e-04  -1.273117e-04  +1.193118e-03  -2.490124e-03  -2.211006e-05  -6.106384e-07  +2.356519e-02  -2.858449e-05  +1.589398e-05  +1.016988e-01  +6.744051e-06  -3.721341e-06  +6.489438e-02  +3.651929e-06  -4.242668e-06  +1.320390e-01  
-1.052027e-04  -3.671746e-05  +7.167528e-05  +3.852102e-04  -2.807000e-05  -5.124041e-05  -6.501666e-04  +3.719678e-04  +2.624735e-04  -2.490124e-03  +5.459803e-03  +4.878410e-05  -8.392935e-07  -4.196553e-02  +5.769387e-05  -3.631833e-05  -2.273768e-01  -1.121715e-05  +1.088458e-06  -1.351347e-01  -6.978723e-06  +6.743903e-06  -2.750375e-01  
-8.430939e-07  -3.780421e-07  -1.041001e-07  +2.257267e-06  -3.080660e-08  -4.249679e-07  -5.886924e-06  +1.869040e-06  +2.322293e-06  -2.211006e-05  +4.878410e-05  +9.209545e-07  -1.876593e-07  -2.998596e-04  +5.025430e-07  -2.314366e-07  -2.000355e-03  -7.310956e-09  -7.123823e-08  -1.381667e-03  +9.010992e-08  +2.510950e-07  -2.126783e-03  
-5.560354e-08  +7.688609e-08  +4.565742e-07  +7.763686e-07  -1.732220e-07  -2.776503e-07  +2.633230e-07  +2.756752e-06  +4.358509e-08  -6.106384e-07  -8.392935e-07  -1.876593e-07  +7.561548e-07  -2.205864e-04  +3.607589e-08  +1.015697e-07  +7.599898e-06  -2.268478e-07  +2.018006e-07  +4.095392e-04  +4.273580e-08  -5.986465e-08  -5.849263e-05  
+6.276123e-04  +4.365416e-04  -1.541869e-03  -8.621768e-04  -4.886812e-04  -7.644503e-04  +6.718747e-03  +5.281822e-04  -2.653235e-03  +2.356519e-02  -4.196553e-02  -2.998596e-04  -2.205864e-04  +1.868085e+00  -1.974746e-04  +2.582180e-04  +6.832027e-01  +4.597098e-04  -8.881782e-04  +2.318717e+00  +1.912159e-05  +3.856396e-04  +2.831117e+00  
-1.205708e-06  -3.351498e-07  +6.137143e-07  +1.731015e-06  -6.311127e-07  -1.123475e-06  -6.798690e-06  +7.591085e-06  +3.073386e-06  -2.858449e-05  +5.769387e-05  +5.025430e-07  +3.607589e-08  -1.974746e-04  +1.244257e-06  -2.598490e-07  -2.696251e-03  -6.400184e-08  -8.228873e-08  -1.035062e-03  -1.958647e-07  +5.142890e-07  -2.943945e-03  
+7.750367e-07  +2.468432e-07  -3.984844e-07  -3.484233e-06  -3.906519e-08  +3.287296e-07  +4.232720e-06  -1.942957e-06  -1.718966e-06  +1.589398e-05  -3.631833e-05  -2.314366e-07  +1.015697e-07  +2.582180e-04  -2.598490e-07  +6.465008e-07  +1.682984e-03  +1.546730e-07  -2.464564e-08  +8.459593e-04  +1.872260e-07  +1.425726e-07  +2.017007e-03  
+4.831030e-03  +1.425254e-03  -2.233717e-03  -1.488934e-02  +2.164017e-03  +4.431598e-03  +2.709352e-02  -2.772184e-02  -1.097754e-02  +1.016988e-01  -2.273768e-01  -2.000355e-03  +7.599898e-06  +6.832027e-01  -2.696251e-03  +1.682984e-03  +1.160922e+01  +2.832315e-04  +5.183156e-04  +4.318308e+00  +6.499638e-04  -6.173482e-04  +1.074406e+01  
+3.500701e-07  +3.714521e-08  -3.102283e-07  -4.072559e-07  -2.047956e-07  +1.520635e-08  +1.209350e-06  -2.767106e-06  -7.369826e-07  +6.744051e-06  -1.121715e-05  -7.310956e-09  -2.268478e-07  +4.597098e-04  -6.400184e-08  +1.546730e-07  +2.832315e-04  +5.841065e-07  -2.990023e-07  +2.334465e-04  +4.927015e-10  +1.521092e-07  +9.335487e-04  
-1.185403e-08  -1.006508e-07  +4.384504e-07  -1.377428e-06  +6.218090e-07  +5.286305e-07  -1.228784e-06  -3.326588e-07  +5.972776e-07  -3.721341e-06  +1.088458e-06  -7.123823e-08  +2.018006e-07  -8.881782e-04  -8.228873e-08  -2.464564e-08  +5.183156e-04  -2.990023e-07  +8.481503e-07  -7.450450e-04  +6.443856e-08  -2.137333e-07  -7.288717e-04  
+2.278408e-03  +1.260675e-03  -1.842374e-03  -8.912897e-03  -5.701877e-04  -8.838403e-04  +1.938036e-02  +6.625281e-03  -7.184950e-03  +6.489438e-02  -1.351347e-01  -1.381667e-03  +4.095392e-04  +2.318717e+00  -1.035062e-03  +8.459593e-04  +4.318308e+00  +2.334465e-04  -7.450450e-04  +6.756124e+00  +2.938305e-05  +4.776116e-04  +7.198198e+00  
+2.476175e-07  +1.120062e-08  -3.146662e-07  +8.463805e-07  +6.103363e-07  +4.986153e-07  +1.200166e-06  -2.946556e-06  -4.559565e-07  +3.651929e-06  -6.978723e-06  +9.010992e-08  +4.273580e-08  +1.912159e-05  -1.958647e-07  +1.872260e-07  +6.499638e-04  +4.927015e-10  +6.443856e-08  +2.938305e-05  +4.264744e-07  -2.035978e-08  +3.568946e-04  
-1.655534e-07  +7.065714e-09  -2.650719e-07  -1.617343e-06  -4.666898e-07  -6.859664e-07  -4.352971e-07  +3.894981e-06  +4.335318e-07  -4.242668e-06  +6.743903e-06  +2.510950e-07  -5.986465e-08  +3.856396e-04  +5.142890e-07  +1.425726e-07  -6.173482e-04  +1.521092e-07  -2.137333e-07  +4.776116e-04  -2.035978e-08  +7.044862e-07  -1.707668e-04  
+5.469744e-03  +1.874705e-03  -4.983762e-03  -2.250081e-02  +1.238807e-03  +1.822993e-03  +3.298031e-02  -1.704245e-02  -1.399854e-02  +1.320390e-01  -2.750375e-01  -2.126783e-03  -5.849263e-05  +2.831117e+00  -2.943945e-03  +2.017007e-03  +1.074406e+01  +9.335487e-04  -7.288717e-04  +7.198198e+00  +3.568946e-04  -1.707668e-04  +1.656872e+01  
