mean:
+3.944130e+00  +3.933935e+00  +8.485338e-01  +1.308541e+00  +1.428625e+00  +5.058585e-01  +8.133822e-01  +1.385769e+00  +1.685781e-01  +1.862513e+00  +5.902652e+00  +3.531017e+00  +2.655346e+00  +2.045818e+02  +4.292167e+00  +5.293345e+00  +2.798279e+02  +5.392722e+00  +3.763524e+00  +3.260480e+02  +2.639975e+00  +4.561205e+00  +3.894178e+02  
covariance:
+1.086533e-06  -9.748338e-07  +3.189909e-06  -6.354595e-06  -9.317753e-07  -4.698892e-07  -3.229151e-07  +1.485834e-06  +2.036188e-06  -1.674629e-05  +2.288054e-05  +2.188571e-06  +2.591817e-06  -5.467992e-04  +4.674460e-06  -7.704852e-07  -1.803930e-03  +2.348722e-06  +4.731778e-06  -1.253029e-03  +1.454700e-07  +3.559945e-07  +4.680571e-04  
-9.748338e-07  +4.576277e-06  -2.236196e-06  +9.758109e-06  +4.863800e-06  +1.536625e-06  +3.337453e-06  -2.288233e-07  -2.887835e-06  +3.047044e-05  -4.082395e-05  -5.225350e-06  -6.668695e-06  +4.313429e-04  -1.272421e-05  +1.368644e-06  +2.310492e-03  -6.556944e-06  -1.301306e-05  +2.584357e-03  -3.620987e-07  +1.493951e-07  -3.906535e-04  
+3.189909e-06  -2.236196e-06  +8.686938e-05  -9.288877e-05  -4.764943e-06  -2.557209e-06  -4.634642e-06  +1.855745e-05  +1.813515e-05  -1.858395e-04  +2.625248e-04  +2.006069e-05  +2.878077e-05  -1.332882e-02  +3.691530e-05  -8.883334e-06  -2.781898e-02  +1.714442e-05  +4.019602e-05  -1.236323e-02  +2.747799e-06  +6.495197e-06  +6.742998e-03  
-6.354595e-06  +9.758109e-06  -9.288877e-05  +2.319535e-04  +2.733045e-05  +1.199514e-05  +1.564926e-05  -5.518829e-05  -4.148364e-05  +4.214094e-04  -5.585490e-04  -5.259390e-05  -6.259047e-05  +1.770033e-02  -1.081526e-04  +2.060870e-05  +4.730702e-02  -5.368263e-05  -1.089351e-04  +2.778653e-02  -3.905457e-06  -1.146122e-05  -1.465280e-02  
-9.317753e-07  +4.863800e-06  -4.764943e-06  +2.733045e-05  +2.556104e-05  +4.664323e-06  +1.098843e-05  +9.326140e-06  -9.018769e-06  +9.072533e-05  -1.219851e-04  -1.659425e-05  -1.916426e-05  +2.346055e-04  -3.791459e-05  +2.652914e-06  +7.189096e-03  -2.032842e-05  -3.689478e-05  +7.379053e-03  -8.133372e-07  -1.206983e-06  -2.434649e-03  
-4.698892e-07  +1.536625e-06  -2.557209e-06  +1.199514e-05  +4.664323e-06  +2.998491e-06  +3.857900e-06  -4.207620e-06  -3.935577e-06  +3.703186e-05  -4.739766e-05  -5.939261e-06  -7.537319e-06  -1.617058e-04  -1.395328e-05  +1.575312e-06  +3.112122e-03  -6.968824e-06  -1.335743e-05  +1.837295e-03  -1.570055e-07  -2.038199e-07  -9.105872e-04  
-3.229151e-07  +3.337453e-06  -4.634642e-06  +1.564926e-05  +1.098843e-05  +3.857900e-06  +1.987678e-05  +1.000968e-05  -4.722553e-06  +2.985623e-05  -5.869835e-05  -8.988344e-06  -1.101816e-05  -8.650217e-05  -2.018247e-05  +1.301075e-06  +1.902195e-03  -1.123875e-05  -2.188127e-05  +5.989159e-03  -1.416843e-06  +5.565994e-07  -3.375609e-03  
+1.485834e-06  -2.288233e-07  +1.855745e-05  -5.518829e-05  +9.326140e-06  -4.207620e-06  +1.000968e-05  +1.610316e-04  +3.202391e-06  -4.311448e-05  +8.570455e-05  -4.012062e-06  -2.777239e-06  -5.483525e-03  -9.991704e-06  -8.451771e-06  -1.525635e-03  -1.147191e-05  -7.240574e-06  -1.948249e-04  -1.857738e-06  -1.177516e-06  +1.649998e-03  
+2.036188e-06  -2.887835e-06  +1.813515e-05  -4.148364e-05  -9.018769e-06  -3.935577e-06  -4.722553e-06  +3.202391e-06  +1.232933e-05  -1.130606e-04  +1.359547e-04  +1.540196e-05  +1.860919e-05  -2.632453e-03  +3.368378e-05  -4.163679e-06  -1.221475e-02  +1.669688e-05  +3.230635e-05  -6.356262e-03  +5.327955e-07  +2.440743e-06  +2.673221e-03  
-1.674629e-05  +3.047044e-05  -1.858395e-04  +4.214094e-04  +9.072533e-05  +3.703186e-05  +2.985623e-05  -4.311448e-05  -1.130606e-04  +1.147615e-03  -1.391446e-03  -1.525546e-04  -1.846764e-04  +2.813520e-02  -3.340373e-04  +4.301653e-05  +1.245866e-01  -1.653194e-04  -3.198587e-04  +6.284022e-02  -5.504541e-06  -2.544654e-05  -2.512355e-02  
+2.288054e-05  -4.082395e-05  +2.625248e-04  -5.585490e-04  -1.219851e-04  -4.739766e-05  -5.869835e-05  +8.570455e-05  +1.359547e-04  -1.391446e-03  +1.923452e-03  +1.914194e-04  +2.306474e-04  -3.937848e-02  +4.119732e-04  -5.899731e-05  -1.507373e-01  +2.081652e-04  +4.083878e-04  -9.731007e-02  +1.371819e-05  +3.069827e-05  +4.336134e-02  
+2.188571e-06  -5.225350e-06  +2.006069e-05  -5.259390e-05  -1.659425e-05  -5.939261e-06  -8.988344e-06  -4.012062e-06  +1.540196e-05  -1.525546e-04  +1.914194e-04  +2.319408e-05  +2.745017e-05  -2.366501e-03  +5.110659e-05  -5.304365e-06  -1.564877e-02  +2.635856e-05  +4.949949e-05  -9.535893e-03  +1.008091e-06  +2.977445e-06  +3.701043e-03  
+2.591817e-06  -6.668695e-06  +2.878077e-05  -6.259047e-05  -1.916426e-05  -7.537319e-06  -1.101816e-05  -2.777239e-06  +1.860919e-05  -1.846764e-04  +2.306474e-04  +2.745017e-05  +3.518494e-05  -3.069848e-03  +6.223733e-05  -6.682034e-06  -1.955977e-02  +3.151392e-05  +6.061859e-05  -1.084015e-02  +1.259845e-06  +2.911271e-06  +3.665292e-03  
-5.467992e-04  +4.313429e-04  -1.332882e-02  +1.770033e-02  +2.346055e-04  -1.617058e-04  -8.650217e-05  -5.483525e-03  -2.632453e-03  +2.813520e-02  -3.937848e-02  -2.366501e-03  -3.069848e-03  +3.520421e+00  -4.283816e-03  +1.770215e-03  +3.760110e+00  -1.882333e-03  -4.910482e-03  +2.352016e+00  -5.562713e-04  -8.892196e-04  -9.754167e-01  
+4.674460e-06  -1.272421e-05  +3.691530e-05  -1.081526e-04  -3.791459e-05  -1.395328e-05  -2.018247e-05  -9.991704e-06  +3.368378e-05  -3.340373e-04  +4.119732e-04  +5.110659e-05  +6.223733e-05  -4.283816e-03  +1.176601e-04  -1.161291e-05  -3.280801e-02  +6.019663e-05  +1.131142e-04  -2.050151e-02  +2.147740e-06  +4.735878e-06  +6.020084e-03  
-7.704852e-07  +1.368644e-06  -8.883334e-06  +2.060870e-05  +2.652914e-06  +1.575312e-06  +1.301075e-06  -8.451771e-06  -4.163679e-06  +4.301653e-05  -5.899731e-05  -5.304365e-06  -6.682034e-06  +1.770215e-03  -1.161291e-05  +2.635040e-06  +4.486638e-03  -5.554674e-06  -1.189907e-05  +3.107146e-03  -3.959872e-07  -6.155533e-07  -1.258076e-03  
-1.803930e-03  +2.310492e-03  -2.781898e-02  +4.730702e-02  +7.189096e-03  +3.112122e-03  +1.902195e-03  -1.525635e-03  -1.221475e-02  +1.245866e-01  -1.507373e-01  -1.564877e-02  -1.955977e-02  +3.760110e+00  -3.280801e-02  +4.486638e-03  +1.566049e+01  -1.610557e-02  -3.151435e-02  +6.264746e+00  -6.499895e-04  -3.475546e-03  -3.082464e+00  
+2.348722e-06  -6.556944e-06  +1.714442e-05  -5.368263e-05  -2.032842e-05  -6.968824e-06  -1.123875e-05  -1.147191e-05  +1.669688e-05  -1.653194e-04  +2.081652e-04  +2.635856e-05  +3.151392e-05  -1.882333e-03  +6.019663e-05  -5.554674e-06  -1.610557e-02  +3.214827e-05  +5.844449e-05  -1.083484e-02  +1.378573e-06  +2.638331e-06  +3.399731e-03  
+4.731778e-06  -1.301306e-05  +4.019602e-05  -1.089351e-04  -3.689478e-05  -1.335743e-05  -2.188127e-05  -7.240574e-06  +3.230635e-05  -3.198587e-04  +4.083878e-04  +4.949949e-05  +6.061859e-05  -4.910482e-03  +1.131142e-04  -1.189907e-05  -3.151435e-02  +5.844449e-05  +1.115592e-04  -2.203233e-02  +2.962690e-06  +4.222966e-06  +6.330234e-03  
-1.253029e-03  +2.584357e-03  -1.236323e-02  +2.778653e-02  +7.379053e-03  +1.837295e-03  +5.989159e-03  -1.948249e-04  -6.356262e-03  +6.284022e-02  -9.731007e-02  -9.535893e-03  -1.084015e-02  +2.352016e+00  -2.050151e-02  +3.107146e-03  +6.264746e+00  -1.083484e-02  -2.203233e-02  +7.777268e+00  -1.486086e-03  -9.685797e-04  -2.584841e+00  
+1.454700e-07  -3.620987e-07  +2.747799e-06  -3.905457e-06  -8.133372e-07  -1.570055e-07  -1.416843e-06  -1.857738e-06  +5.327955e-07  -5.504541e-06  +1.371819e-05  +1.008091e-06  +1.259845e-06  -5.562713e-04  +2.147740e-06  -3.959872e-07  -6.499895e-04  +1.378573e-06  +2.962690e-06  -1.486086e-03  +9.169165e-07  +9.767865e-10  +3.821270e-04  
+3.559945e-07  +1.493951e-07  +6.495197e-06  -1.146122e-05  -1.206983e-06  -2.038199e-07  +5.565994e-07  -1.177516e-06  +2.440743e-06  -2.544654e-05  +3.069827e-05  +2.977445e-06  +2.911271e-06  -8.892196e-04  +4.735878e-06  -6.155533e-07  -3.475546e-03  +2.638331e-06  +4.222966e-06  -9.685797e-04  +9.767865e-10  +1.873412e-06  +1.341059e-03  
+4.680571e-04  -3.906535e-04  +6.742998e-03  -1.465280e-02  -2.434649e-03  -9.105872e-04  -3.375609e-03  +1.649998e-03  +2.673221e-03  -2.512355e-02  +4.336134e-02  +3.701043e-03  +3.665292e-03  -9.754167e-01  +6.020084e-03  -1.258076e-03  -3.082464e+00  +3.399731e-03  +6.330234e-03  -2.584841e+00  +3.821270e-04  +1.341059e-03  +3.127377e+00  
