mean:
+3.989295e+00  +3.956328e+00  +5.906774e-01  +2.014987e+00  +1.199364e+00  +4.029321e-01  +8.157629e-01  +2.231962e+00  +3.870369e-02  +3.857052e+00  +5.928116e+00  +4.478345e+00  +3.301248e+00  +3.242605e+02  +2.493017e+00  +3.691226e+00  +4.540334e+02  +4.639437e+00  +4.959563e+00  +8.078810e+02  +3.992001e+00  +5.121814e+00  +4.350095e+02  
covariance:
+7.051945e-06  -5.889702e-07  +4.696088e-07  -6.230533e-06  +6.922349e-07  +7.835647e-08  +2.898716e-06  +3.985894e-06  -9.324473e-08  +2.944600e-06  -9.348043e-06  -1.839142e-07  -1.194013e-06  +2.019021e-04  -1.577486e-07  +5.577772e-07  +1.545335e-03  -2.001334e-08  +4.805229e-08  +1.417037e-03  -1.580662e-06  +1.242998e-07  +1.628381e-03  
-5.889702e-07  +2.538724e-06  -6.369737e-07  -1.614030e-06  -4.284760e-07  +3.265187e-07  +3.626099e-07  +1.339135e-07  +6.579473e-09  +8.840952e-07  +7.437230e-06  +6.053116e-08  -8.121384e-08  -4.440585e-04  -2.647014e-08  -2.361617e-07  -4.696185e-04  +7.261798e-08  +3.982494e-08  -1.730964e-03  +3.172252e-07  -1.923171e-07  -7.588850e-04  
+4.696088e-07  -6.369737e-07  +2.040550e-05  +2.170307e-05  -3.639775e-06  -1.251855e-06  -2.460748e-06  -2.079868e-05  +1.286980e-07  +1.859386e-06  -3.617574e-05  -4.553907e-08  -1.072503e-06  +2.118174e-03  +1.311009e-06  -7.071899e-07  +6.690959e-05  -5.886465e-09  -6.207599e-07  +5.576341e-03  -1.252418e-07  +1.205478e-07  +6.532173e-05  
-6.230533e-06  -1.614030e-06  +2.170307e-05  +1.262205e-04  -1.002713e-05  -5.099123e-06  -1.911017e-05  -5.522544e-05  +1.188753e-06  -1.828612e-05  -1.071290e-04  -1.191720e-06  +7.396251e-06  +4.562965e-03  +5.181844e-07  -1.261423e-06  -6.241149e-03  +2.159342e-06  -7.404734e-07  +1.369952e-02  +8.605669e-06  +9.022932e-07  -1.808166e-03  
+6.922349e-07  -4.284760e-07  -3.639775e-06  -1.002713e-05  +5.168904e-05  -3.558459e-06  +1.589855e-05  +1.355654e-05  -5.249875e-07  +1.299707e-05  -6.959118e-05  +4.960941e-07  -4.218039e-06  +3.652994e-03  -7.257649e-07  +3.267353e-06  +1.255781e-02  -1.344795e-06  +2.617434e-07  +1.963431e-02  -6.166034e-06  +1.031342e-06  +1.577330e-02  
+7.835647e-08  +3.265187e-07  -1.251855e-06  -5.099123e-06  -3.558459e-06  +1.459806e-06  -9.403801e-07  +2.219259e-06  -3.214939e-08  +1.408220e-06  +2.133201e-05  +9.210693e-08  +2.920843e-07  -1.127968e-03  +1.209772e-08  -3.695148e-07  -1.493673e-03  -1.336904e-07  +6.213061e-09  -4.456240e-03  +6.628494e-07  -4.332767e-07  -2.195141e-03  
+2.898716e-06  +3.626099e-07  -2.460748e-06  -1.911017e-05  +1.589855e-05  -9.403801e-07  +1.739488e-05  +2.123740e-05  -7.294701e-07  +1.045158e-05  -2.801648e-05  -1.700245e-07  -4.126817e-06  +1.539707e-03  -7.108237e-07  +2.637908e-06  +9.730949e-03  -7.709869e-07  +3.499851e-07  +9.509742e-03  -5.874850e-06  +7.846891e-07  +9.656157e-03  
+3.985894e-06  +1.339135e-07  -2.079868e-05  -5.522544e-05  +1.355654e-05  +2.219259e-06  +2.123740e-05  +1.138165e-04  -8.235568e-07  -6.499868e-07  +4.494518e-05  -7.538672e-07  -4.396549e-06  -3.212797e-03  -2.209204e-06  +4.873587e-06  +1.015796e-02  -1.763467e-06  +7.813739e-07  +6.499682e-04  -9.708481e-06  +9.943017e-07  +6.385435e-03  
-9.324473e-08  +6.579473e-09  +1.286980e-07  +1.188753e-06  -5.249875e-07  -3.214939e-08  -7.294701e-07  -8.235568e-07  +7.133705e-08  -8.026494e-07  -1.322822e-06  -1.942539e-09  +1.771324e-07  +4.400223e-05  +1.100995e-08  -6.674387e-08  -3.149543e-04  +4.084967e-08  -1.460617e-08  +8.037023e-06  +2.046825e-07  +6.334637e-09  -2.525891e-04  
+2.944600e-06  +8.840952e-07  +1.859386e-06  -1.828612e-05  +1.299707e-05  +1.408220e-06  +1.045158e-05  -6.499868e-07  -8.026494e-07  +3.037748e-05  +1.593432e-07  +7.954184e-07  -3.519059e-06  -5.625108e-04  +5.864155e-07  +1.555888e-06  +5.807133e-03  -1.049816e-06  +9.324031e-08  +1.431601e-03  -4.029975e-06  -7.336114e-07  +5.788031e-03  
-9.348043e-06  +7.437230e-06  -3.617574e-05  -1.071290e-04  -6.959118e-05  +2.133201e-05  -2.801648e-05  +4.494518e-05  -1.322822e-06  +1.593432e-07  +9.610289e-04  +1.015273e-06  +1.184331e-05  -4.076033e-02  -2.251188e-07  -2.111101e-05  -5.668505e-02  +7.135507e-07  +1.670132e-06  -1.631211e-01  +2.991198e-05  -1.071021e-05  -8.109218e-02  
-1.839142e-07  +6.053116e-08  -4.553907e-08  -1.191720e-06  +4.960941e-07  +9.210693e-08  -1.700245e-07  -7.538672e-07  -1.942539e-09  +7.954184e-07  +1.015273e-06  +3.238793e-07  -4.301663e-08  -4.458073e-05  +8.173179e-08  -6.856482e-08  -1.052166e-05  -3.686677e-08  -8.756505e-09  -1.028435e-04  -1.778592e-08  -9.706233e-08  +6.672672e-05  
-1.194013e-06  -8.121384e-08  -1.072503e-06  +7.396251e-06  -4.218039e-06  +2.920843e-07  -4.126817e-06  -4.396549e-06  +1.771324e-07  -3.519059e-06  +1.184331e-05  -4.301663e-08  +1.786171e-06  -4.958275e-04  -1.628442e-07  -6.087530e-07  -2.702634e-03  +3.010250e-07  -4.896314e-08  -3.048442e-03  +1.911533e-06  -2.375148e-07  -2.592972e-03  
+2.019021e-04  -4.440585e-04  +2.118174e-03  +4.562965e-03  +3.652994e-03  -1.127968e-03  +1.539707e-03  -3.212797e-03  +4.400223e-05  -5.625108e-04  -4.076033e-02  -4.458073e-05  -4.958275e-04  +2.331444e+00  -2.664460e-05  +9.324183e-04  +2.785861e+00  -1.156413e-04  -9.740221e-05  +7.515469e+00  -1.092750e-03  +4.685254e-04  +3.850548e+00  
-1.577486e-07  -2.647014e-08  +1.311009e-06  +5.181844e-07  -7.257649e-07  +1.209772e-08  -7.108237e-07  -2.209204e-06  +1.100995e-08  +5.864155e-07  -2.251188e-07  +8.173179e-08  -1.628442e-07  -2.664460e-05  +4.418180e-07  -1.462143e-07  -3.389007e-04  +2.739997e-08  -3.732479e-08  -2.917207e-04  +2.712879e-07  -3.199077e-08  -5.110776e-04  
+5.577772e-07  -2.361617e-07  -7.071899e-07  -1.261423e-06  +3.267353e-06  -3.695148e-07  +2.637908e-06  +4.873587e-06  -6.674387e-08  +1.555888e-06  -2.111101e-05  -6.856482e-08  -6.087530e-07  +9.324183e-04  -1.462143e-07  +1.240596e-06  +2.599359e-03  -2.100866e-07  +4.756136e-08  +4.537770e-03  -1.401565e-06  +2.472402e-07  +3.007493e-03  
+1.545335e-03  -4.696185e-04  +6.690959e-05  -6.241149e-03  +1.255781e-02  -1.493673e-03  +9.730949e-03  +1.015796e-02  -3.149543e-04  +5.807133e-03  -5.668505e-02  -1.052166e-05  -2.702634e-03  +2.785861e+00  -3.389007e-04  +2.599359e-03  +8.353580e+00  -6.519947e-04  +6.667285e-05  +1.302994e+01  -4.578157e-03  +7.966072e-04  +9.308886e+00  
-2.001334e-08  +7.261798e-08  -5.886465e-09  +2.159342e-06  -1.344795e-06  -1.336904e-07  -7.709869e-07  -1.763467e-06  +4.084967e-08  -1.049816e-06  +7.135507e-07  -3.686677e-08  +3.010250e-07  -1.156413e-04  +2.739997e-08  -2.100866e-07  -6.519947e-04  +3.437490e-07  -2.600613e-08  -4.292246e-04  +2.652924e-07  +7.755158e-08  -5.962282e-04  
+4.805229e-08  +3.982494e-08  -6.207599e-07  -7.404734e-07  +2.617434e-07  +6.213061e-09  +3.499851e-07  +7.813739e-07  -1.460617e-08  +9.324031e-08  +1.670132e-06  -8.756505e-09  -4.896314e-08  -9.740221e-05  -3.732479e-08  +4.756136e-08  +6.667285e-05  -2.600613e-08  +1.177180e-07  -2.303164e-04  +1.579710e-08  -2.271842e-09  +2.928253e-05  
+1.417037e-03  -1.730964e-03  +5.576341e-03  +1.369952e-02  +1.963431e-02  -4.456240e-03  +9.509742e-03  +6.499682e-04  +8.037023e-06  +1.431601e-03  -1.631211e-01  -1.028435e-04  -3.048442e-03  +7.515469e+00  -2.917207e-04  +4.537770e-03  +1.302994e+01  -4.292246e-04  -2.303164e-04  +3.181606e+01  -6.961314e-03  +2.171957e-03  +1.729121e+01  
-1.580662e-06  +3.172252e-07  -1.252418e-07  +8.605669e-06  -6.166034e-06  +6.628494e-07  -5.874850e-06  -9.708481e-06  +2.046825e-07  -4.029975e-06  +2.991198e-05  -1.778592e-08  +1.911533e-06  -1.092750e-03  +2.712879e-07  -1.401565e-06  -4.578157e-03  +2.652924e-07  +1.579710e-08  -6.961314e-03  +4.020776e-06  -5.401255e-07  -5.055675e-03  
+1.242998e-07  -1.923171e-07  +1.205478e-07  +9.022932e-07  +1.031342e-06  -4.332767e-07  +7.846891e-07  +9.943017e-07  +6.334637e-09  -7.336114e-07  -1.071021e-05  -9.706233e-08  -2.375148e-07  +4.685254e-04  -3.199077e-08  +2.472402e-07  +7.966072e-04  +7.755158e-08  -2.271842e-09  +2.171957e-03  -5.401255e-07  +4.184752e-07  +1.045272e-03  
+1.628381e-03  -7.588850e-04  +6.532173e-05  -1.808166e-03  +1.577330e-02  -2.195141e-03  +9.656157e-03  +6.385435e-03  -2.525891e-04  +5.788031e-03  -8.109218e-02  +6.672672e-05  -2.592972e-03  +3.850548e+00  -5.110776e-04  +3.007493e-03  +9.308886e+00  -5.962282e-04  +2.928253e-05  +1.729121e+01  -5.055675e-03  +1.045272e-03  +1.162236e+01  
