mean:
+3.927553e+00  +3.906942e+00  +6.525226e-01  -1.149592e+00  +1.559763e+00  +6.032155e-01  +9.179690e-01  +2.022867e+00  +1.482758e-01  +1.936200e+00  +4.760239e+00  +1.905949e+00  +3.007379e+00  +8.025854e+02  +4.959944e+00  +4.480039e+00  +2.012034e+03  
covariance:
+2.409188e-05  +1.321535e-05  -7.017379e-06  +2.486915e-05  +4.316076e-06  +1.082559e-06  -9.763284e-06  +5.550627e-05  -6.789367e-07  +3.224149e-07  +9.985243e-05  -1.468873e-07  +3.551220e-07  +1.376447e-03  +8.693918e-08  -4.738599e-08  -3.965894e-04  
+1.321535e-05  +1.725637e-05  -7.837480e-07  -4.150892e-05  +2.063242e-05  +7.119384e-07  +3.089815e-06  -1.919734e-05  -6.094157e-07  +1.000004e-05  -9.941659e-05  +4.279910e-07  +3.280483e-07  -2.719229e-03  +1.057708e-07  -6.858582e-08  +3.148765e-03  
-7.017379e-06  -7.837480e-07  +1.254826e-04  -1.739582e-04  -2.941426e-05  -1.500037e-05  +6.734479e-05  -1.604875e-04  +6.793463e-06  +9.022933e-06  -8.854309e-04  -7.514437e-08  +1.003243e-06  -8.932929e-03  -4.991484e-07  -4.029086e-07  +2.552851e-02  
+2.486915e-05  -4.150892e-05  -1.739582e-04  +1.637658e-03  -7.130177e-04  +3.241200e-05  -2.117300e-04  +9.695716e-04  -1.324365e-06  -3.241755e-04  +3.794282e-03  -2.528276e-06  -2.436006e-06  +9.248669e-02  +1.125115e-06  +1.273439e-06  -3.763947e-02  
+4.316076e-06  +2.063242e-05  -2.941426e-05  -7.130177e-04  +1.699279e-03  -3.559571e-07  -2.235276e-04  +3.126700e-04  -1.764362e-05  +4.672967e-04  -5.433353e-04  -4.152270e-06  -2.114760e-06  -4.692267e-02  -1.948816e-06  -2.940276e-06  +2.995030e-02  
+1.082559e-06  +7.119384e-07  -1.500037e-05  +3.241200e-05  -3.559571e-07  +6.537345e-06  -9.638602e-06  -6.734352e-06  +5.466702e-08  -2.271823e-06  +7.180212e-05  -1.754495e-07  +2.136286e-07  +1.386415e-03  +1.187277e-07  -3.897500e-08  +2.401563e-03  
-9.763284e-06  +3.089815e-06  +6.734479e-05  -2.117300e-04  -2.235276e-04  -9.638602e-06  +1.668924e-04  -3.291331e-04  +5.277415e-06  -4.778656e-05  -1.083249e-03  +1.043137e-06  +1.233068e-06  -1.301638e-02  +5.689204e-08  -1.572508e-07  -1.830238e-03  
+5.550627e-05  -1.919734e-05  -1.604875e-04  +9.695716e-04  +3.126700e-04  -6.734352e-06  -3.291331e-04  +2.963845e-03  -3.134292e-05  -6.512213e-05  +4.994823e-03  -5.173086e-07  -5.487408e-06  +9.434787e-02  -2.555918e-06  -6.637540e-07  -1.237114e-01  
-6.789367e-07  -6.094157e-07  +6.793463e-06  -1.324365e-06  -1.764362e-05  +5.466702e-08  +5.277415e-06  -3.134292e-05  +3.027434e-06  -1.600865e-05  -6.255957e-05  -1.579073e-07  +2.195724e-07  -9.041707e-04  -3.216615e-10  -6.161747e-08  +1.489866e-03  
+3.224149e-07  +1.000004e-05  +9.022933e-06  -3.241755e-04  +4.672967e-04  -2.271823e-06  -4.778656e-05  -6.512213e-05  -1.600865e-05  +2.874854e-04  -6.239794e-04  +2.068823e-06  -1.033102e-06  -1.640843e-02  +1.862449e-07  -3.164429e-08  +3.555741e-02  
+9.985243e-05  -9.941659e-05  -8.854309e-04  +3.794282e-03  -5.433353e-04  +7.180212e-05  -1.083249e-03  +4.994823e-03  -6.255957e-05  -6.239794e-04  +1.552244e-02  -1.040046e-05  -1.605950e-05  +2.702773e-01  -2.268133e-07  +3.771684e-06  -3.357693e-01  
-1.468873e-07  +4.279910e-07  -7.514437e-08  -2.528276e-06  -4.152270e-06  -1.754495e-07  +1.043137e-06  -5.173086e-07  -1.579073e-07  +2.068823e-06  -1.040046e-05  +6.442535e-07  -1.148499e-07  -7.244753e-05  +1.397976e-08  +2.128026e-08  +3.728967e-04  
+3.551220e-07  +3.280483e-07  +1.003243e-06  -2.436006e-06  -2.114760e-06  +2.136286e-07  +1.233068e-06  -5.487408e-06  +2.195724e-07  -1.033102e-06  -1.605950e-05  -1.148499e-07  +6.057746e-07  -3.192941e-04  +2.495645e-08  -1.659895e-09  +5.494617e-04  
+1.376447e-03  -2.719229e-03  -8.932929e-03  +9.248669e-02  -4.692267e-02  +1.386415e-03  -1.301638e-02  +9.434787e-02  -9.041707e-04  -1.640843e-02  +2.702773e-01  -7.244753e-05  -3.192941e-04  +8.039855e+00  +5.346444e-05  +8.184348e-05  -2.464583e+00  
+8.693918e-08  +1.057708e-07  -4.991484e-07  +1.125115e-06  -1.948816e-06  +1.187277e-07  +5.689204e-08  -2.555918e-06  -3.216615e-10  +1.862449e-07  -2.268133e-07  +1.397976e-08  +2.495645e-08  +5.346444e-05  +2.236658e-07  +1.303456e-08  +1.820451e-04  
-4.738599e-08  -6.858582e-08  -4.029086e-07  +1.273439e-06  -2.940276e-06  -3.897500e-08  -1.572508e-07  -6.637540e-07  -6.161747e-08  -3.164429e-08  +3.771684e-06  +2.128026e-08  -1.659895e-09  +8.184348e-05  +1.303456e-08  +2.358806e-07  +6.053389e-05  
-3.965894e-04  +3.148765e-03  +2.552851e-02  -3.763947e-02  +2.995030e-02  +2.401563e-03  -1.830238e-03  -1.237114e-01  +1.489866e-03  +3.555741e-02  -3.357693e-01  +3.728967e-04  +5.494617e-04  -2.464583e+00  +1.820451e-04  +6.053389e-05  +3.383194e+01  
