mean:
+4.008574e+00  +3.992277e+00  +8.354994e-01  +1.301705e+00  +1.212238e+00  +4.011004e-01  +8.176884e-01  +1.404969e+00  +1.768579e-01  +1.876244e+00  +5.934662e+00  +3.641821e+00  +2.931214e+00  +2.045913e+02  +4.304953e+00  +5.138707e+00  +2.821057e+02  +5.272240e+00  +3.836577e+00  +3.304613e+02  +2.858704e+00  +4.540927e+00  +3.877306e+02  
covariance:
+4.715275e-04  +5.574733e-04  +1.087302e-04  +2.510707e-04  +3.795795e-05  +6.043912e-06  +2.370791e-04  +3.446045e-04  -1.582945e-04  +9.043737e-04  -1.417529e-03  +3.754541e-04  +1.310489e-04  +7.333202e-03  +1.056169e-04  +9.496080e-05  +9.803282e-02  +2.654323e-04  +1.744112e-04  +7.970589e-02  +5.882355e-04  +4.809414e-04  +5.976251e-02  
+5.574733e-04  +6.906671e-04  +1.211997e-04  +3.091736e-04  +5.548161e-05  +7.622902e-06  +2.685835e-04  +4.281512e-04  -1.919631e-04  +1.109548e-03  -1.671528e-03  +4.452348e-04  +1.589538e-04  +5.546077e-03  +1.237790e-04  +1.107930e-04  +1.162780e-01  +3.221519e-04  +2.053537e-04  +9.298373e-02  +7.164705e-04  +5.783928e-04  +6.669353e-02  
+1.087302e-04  +1.211997e-04  +6.493786e-05  +7.903156e-05  +1.368586e-05  +7.953615e-06  +9.763577e-05  +7.125465e-05  -4.504561e-05  +2.390813e-04  -6.521758e-04  +1.232963e-04  +3.467901e-05  +1.229151e-02  +3.669001e-05  +3.612800e-05  +3.513340e-02  +7.019038e-05  +6.114871e-05  +2.863009e-02  +1.410771e-04  +1.319391e-04  +3.799001e-02  
+2.510707e-04  +3.091736e-04  +7.903156e-05  +2.884545e-04  +4.078738e-05  +6.875967e-06  +1.542538e-04  +1.656194e-04  -1.120485e-04  +6.087481e-04  -9.592626e-04  +2.509535e-04  +8.511964e-05  +8.971282e-03  +6.449394e-05  +6.389595e-05  +6.474186e-02  +1.693286e-04  +1.158329e-04  +5.324964e-02  +3.707695e-04  +3.037345e-04  +4.222625e-02  
+3.795795e-05  +5.548161e-05  +1.368586e-05  +4.078738e-05  +2.339798e-05  +2.990928e-06  +2.365874e-05  +4.331772e-05  -1.846172e-05  +1.039795e-04  -1.913600e-04  +4.574785e-05  +1.498062e-05  +1.745405e-03  +1.168650e-05  +1.186056e-05  +1.147912e-02  +3.064192e-05  +2.305225e-05  +9.622114e-03  +6.730794e-05  +5.541090e-05  +8.167686e-03  
+6.043912e-06  +7.622902e-06  +7.953615e-06  +6.875967e-06  +2.990928e-06  +4.901727e-06  +1.027010e-05  +6.021096e-06  -5.101102e-06  +3.155844e-05  -1.664586e-04  +1.399525e-05  +3.428131e-06  +2.577019e-03  +4.442725e-06  +3.547181e-06  +4.878417e-03  +7.472015e-06  +6.239750e-06  +3.992156e-03  +1.347916e-05  +1.203257e-05  +1.047924e-02  
+2.370791e-04  +2.685835e-04  +9.763577e-05  +1.542538e-04  +2.365874e-05  +1.027010e-05  +1.959658e-04  +1.482379e-04  -9.511047e-05  +5.008677e-04  -1.131880e-03  +2.440934e-04  +7.277299e-05  +2.251237e-02  +6.922230e-05  +6.903886e-05  +6.806674e-02  +1.433068e-04  +1.183435e-04  +5.705234e-02  +2.985368e-04  +2.665236e-04  +6.759329e-02  
+3.446045e-04  +4.281512e-04  +7.125465e-05  +1.656194e-04  +4.331772e-05  +6.021096e-06  +1.482379e-04  +3.998542e-04  -1.123268e-04  +6.634893e-04  -1.025154e-03  +2.743670e-04  +9.980480e-05  -3.647434e-03  +7.868101e-05  +7.210401e-05  +6.934449e-02  +2.048125e-04  +1.318173e-04  +5.600190e-02  +4.521456e-04  +3.639004e-04  +3.412047e-02  
-1.582945e-04  -1.919631e-04  -4.504561e-05  -1.120485e-04  -1.846172e-05  -5.101102e-06  -9.511047e-05  -1.123268e-04  +6.732494e-05  -3.658664e-04  +6.234760e-04  -1.458906e-04  -5.095161e-05  -6.708630e-03  -4.009683e-05  -3.842694e-05  -3.988570e-02  -1.015584e-04  -6.694010e-05  -3.327328e-02  -2.180605e-04  -1.804227e-04  -3.054877e-02  
+9.043737e-04  +1.109548e-03  +2.390813e-04  +6.087481e-04  +1.039795e-04  +3.155844e-05  +5.008677e-04  +6.634893e-04  -3.658664e-04  +2.079643e-03  -3.524211e-03  +8.049722e-04  +2.872631e-04  +2.945342e-02  +2.229214e-04  +2.063435e-04  +2.200403e-01  +5.762890e-04  +3.658218e-04  +1.815269e-01  +1.245856e-03  +1.018061e-03  +1.644430e-01  
-1.417529e-03  -1.671528e-03  -6.521758e-04  -9.592626e-04  -1.913600e-04  -1.664586e-04  -1.131880e-03  -1.025154e-03  +6.234760e-04  -3.524211e-03  +9.961545e-03  -1.554823e-03  -4.753238e-04  -1.464719e-01  -4.552344e-04  -4.140851e-04  -4.552432e-01  -9.585063e-04  -7.266294e-04  -3.812956e-01  -1.969777e-03  -1.707661e-03  -5.741933e-01  
+3.754541e-04  +4.452348e-04  +1.232963e-04  +2.509535e-04  +4.574785e-05  +1.399525e-05  +2.440934e-04  +2.743670e-04  -1.458906e-04  +8.049722e-04  -1.554823e-03  +3.567987e-04  +1.160683e-04  +1.925753e-02  +9.982696e-05  +9.589674e-05  +9.611466e-02  +2.320776e-04  +1.694104e-04  +7.961790e-02  +4.972787e-04  +4.214182e-04  +7.990896e-02  
+1.310489e-04  +1.589538e-04  +3.467901e-05  +8.511964e-05  +1.498062e-05  +3.428131e-06  +7.277299e-05  +9.980480e-05  -5.095161e-05  +2.872631e-04  -4.753238e-04  +1.160683e-04  +4.139883e-05  +3.822848e-03  +3.217032e-05  +3.054909e-05  +3.112495e-02  +8.167602e-05  +5.383372e-05  +2.558144e-02  +1.771351e-04  +1.455903e-04  +2.184966e-02  
+7.333202e-03  +5.546077e-03  +1.229151e-02  +8.971282e-03  +1.745405e-03  +2.577019e-03  +2.251237e-02  -3.647434e-03  -6.708630e-03  +2.945342e-02  -1.464719e-01  +1.925753e-02  +3.822848e-03  +6.171058e+00  +5.568389e-03  +6.613605e-03  +6.526034e+00  +6.673276e-03  +9.636395e-03  +6.051642e+00  +9.531464e-03  +1.337501e-02  +1.190828e+01  
+1.056169e-04  +1.237790e-04  +3.669001e-05  +6.449394e-05  +1.168650e-05  +4.442725e-06  +6.922230e-05  +7.868101e-05  -4.009683e-05  +2.229214e-04  -4.552344e-04  +9.982696e-05  +3.217032e-05  +5.568389e-03  +2.933000e-05  +2.713508e-05  +2.704338e-02  +6.536368e-05  +4.774681e-05  +2.213703e-02  +1.381362e-04  +1.187520e-04  +2.304686e-02  
+9.496080e-05  +1.107930e-04  +3.612800e-05  +6.389595e-05  +1.186056e-05  +3.547181e-06  +6.903886e-05  +7.210401e-05  -3.842694e-05  +2.063435e-04  -4.140851e-04  +9.589674e-05  +3.054909e-05  +6.613605e-03  +2.713508e-05  +2.790043e-05  +2.621768e-02  +6.023963e-05  +4.669031e-05  +2.176502e-02  +1.259482e-04  +1.100567e-04  +2.263902e-02  
+9.803282e-02  +1.162780e-01  +3.513340e-02  +6.474186e-02  +1.147912e-02  +4.878417e-03  +6.806674e-02  +6.934449e-02  -3.988570e-02  +2.200403e-01  -4.552432e-01  +9.611466e-02  +3.112495e-02  +6.526034e+00  +2.704338e-02  +2.621768e-02  +2.747887e+01  +6.197190e-02  +4.528672e-02  +2.193009e+01  +1.308163e-01  +1.119444e-01  +2.489396e+01  
+2.654323e-04  +3.221519e-04  +7.019038e-05  +1.693286e-04  +3.064192e-05  +7.472015e-06  +1.433068e-04  +2.048125e-04  -1.015584e-04  +5.762890e-04  -9.585063e-04  +2.320776e-04  +8.167602e-05  +6.673276e-03  +6.536368e-05  +6.023963e-05  +6.197190e-02  +1.666163e-04  +1.075178e-04  +5.075539e-02  +3.596253e-04  +2.959878e-04  +4.209658e-02  
+1.744112e-04  +2.053537e-04  +6.114871e-05  +1.158329e-04  +2.305225e-05  +6.239750e-06  +1.183435e-04  +1.318173e-04  -6.694010e-05  +3.658218e-04  -7.266294e-04  +1.694104e-04  +5.383372e-05  +9.636395e-03  +4.774681e-05  +4.669031e-05  +4.528672e-02  +1.075178e-04  +8.258346e-05  +3.758523e-02  +2.292156e-04  +1.972305e-04  +3.781993e-02  
+7.970589e-02  +9.298373e-02  +2.863009e-02  +5.324964e-02  +9.622114e-03  +3.992156e-03  +5.705234e-02  +5.600190e-02  -3.327328e-02  +1.815269e-01  -3.812956e-01  +7.961790e-02  +2.558144e-02  +6.051642e+00  +2.213703e-02  +2.176502e-02  +2.193009e+01  +5.075539e-02  +3.758523e-02  +1.958023e+01  +1.069093e-01  +9.179457e-02  +2.128787e+01  
+5.882355e-04  +7.164705e-04  +1.410771e-04  +3.707695e-04  +6.730794e-05  +1.347916e-05  +2.985368e-04  +4.521456e-04  -2.180605e-04  +1.245856e-03  -1.969777e-03  +4.972787e-04  +1.771351e-04  +9.531464e-03  +1.381362e-04  +1.259482e-04  +1.308163e-01  +3.596253e-04  +2.292156e-04  +1.069093e-01  +7.896009e-04  +6.411591e-04  +8.226182e-02  
+4.809414e-04  +5.783928e-04  +1.319391e-04  +3.037345e-04  +5.541090e-05  +1.203257e-05  +2.665236e-04  +3.639004e-04  -1.804227e-04  +1.018061e-03  -1.707661e-03  +4.214182e-04  +1.455903e-04  +1.337501e-02  +1.187520e-04  +1.100567e-04  +1.119444e-01  +2.959878e-04  +1.972305e-04  +9.179457e-02  +6.411591e-04  +5.320605e-04  +7.620547e-02  
+5.976251e-02  +6.669353e-02  +3.799001e-02  +4.222625e-02  +8.167686e-03  +1.047924e-02  +6.759329e-02  +3.412047e-02  -3.054877e-02  +1.644430e-01  -5.741933e-01  +7.990896e-02  +2.184966e-02  +1.190828e+01  +2.304686e-02  +2.263902e-02  +2.489396e+01  +4.209658e-02  +3.781993e-02  +2.128787e+01  +8.226182e-02  +7.620547e-02  +3.851470e+01  
