mean:
+3.982352e+00  +3.940146e+00  +6.360363e-01  -1.141343e+00  +1.673834e+00  +5.019779e-01  +9.078955e-01  +2.059856e+00  +1.500161e-01  +1.955979e+00  +4.846891e+00  +1.840085e+00  +2.983673e+00  +8.105543e+02  +4.960069e+00  +4.479999e+00  +2.019544e+03  
covariance:
+2.586126e-06  +1.811537e-07  -1.898200e-06  -9.887653e-06  +6.670937e-06  +4.539487e-07  -7.424186e-07  -9.908827e-06  +1.176094e-06  -4.548115e-06  -5.196648e-05  +1.887789e-07  -4.390580e-08  +2.060974e-03  +2.835264e-08  -5.768949e-08  +6.877397e-03  
+1.811537e-07  +3.029779e-06  +4.135172e-06  +1.187477e-05  -9.744198e-06  -2.742045e-08  +2.270391e-06  +1.083752e-05  -1.961844e-06  +8.530435e-06  +7.687754e-05  -2.412999e-07  -4.523799e-08  -3.277954e-03  +1.136552e-07  +1.765666e-07  -1.082752e-02  
-1.898200e-06  +4.135172e-06  +3.358290e-05  +4.860471e-05  -3.187057e-05  +3.287612e-06  +1.735998e-05  +4.345495e-05  -1.135423e-05  +4.644355e-05  +3.354012e-04  -7.545847e-07  -3.447824e-07  -1.590597e-02  +2.317900e-07  +5.779950e-07  -5.320703e-02  
-9.887653e-06  +1.187477e-05  +4.860471e-05  +2.460464e-04  -1.441905e-04  -9.478883e-06  +2.717009e-05  +1.288158e-04  -3.010955e-05  +1.304272e-04  +9.816480e-04  -3.433919e-06  +1.154667e-06  -3.788726e-02  +7.571201e-07  +2.241747e-06  -1.186058e-01  
+6.670937e-06  -9.744198e-06  -3.187057e-05  -1.441905e-04  +1.547214e-04  +6.125202e-06  -8.421842e-06  -1.319738e-04  +1.935310e-05  -8.032617e-05  -7.358586e-04  +4.483512e-06  -6.458230e-07  +2.975110e-02  -7.280296e-07  -1.136582e-06  +9.326254e-02  
+4.539487e-07  -2.742045e-08  +3.287612e-06  -9.478883e-06  +6.125202e-06  +3.258363e-06  +2.849945e-06  +2.476744e-06  -2.919466e-07  +2.654793e-07  -6.300446e-07  +3.821140e-08  -3.370402e-07  -3.611580e-04  -5.429125e-08  -2.181274e-07  -4.859257e-03  
-7.424186e-07  +2.270391e-06  +1.735998e-05  +2.717009e-05  -8.421842e-06  +2.849945e-06  +1.869991e-05  +6.904378e-06  -9.444313e-06  +3.989933e-05  +2.073880e-04  -1.624445e-07  -3.646685e-07  -8.578423e-03  +7.220215e-08  +4.052168e-07  -3.132603e-02  
-9.908827e-06  +1.083752e-05  +4.345495e-05  +1.288158e-04  -1.319738e-04  +2.476744e-06  +6.904378e-06  +4.072456e-04  -1.211658e-05  +2.666451e-05  +8.543337e-04  -3.307250e-06  +1.300902e-06  -4.880322e-02  +1.138948e-06  -1.560581e-06  -1.479451e-01  
+1.176094e-06  -1.961844e-06  -1.135423e-05  -3.010955e-05  +1.935310e-05  -2.919466e-07  -9.444313e-06  -1.211658e-05  +7.374910e-06  -3.171156e-05  -1.842336e-04  +5.691553e-07  +7.927941e-08  +7.281036e-03  -6.885058e-08  -4.509579e-07  +2.443660e-02  
-4.548115e-06  +8.530435e-06  +4.644355e-05  +1.304272e-04  -8.032617e-05  +2.654793e-07  +3.989933e-05  +2.666451e-05  -3.171156e-05  +1.476510e-04  +7.498651e-04  -2.241675e-06  -2.894933e-07  -2.840115e-02  +2.449764e-07  +2.046735e-06  -9.375761e-02  
-5.196648e-05  +7.687754e-05  +3.354012e-04  +9.816480e-04  -7.358586e-04  -6.300446e-07  +2.073880e-04  +8.543337e-04  -1.842336e-04  +7.498651e-04  +6.277368e-03  -2.228337e-05  -9.506058e-07  -2.631814e-01  +4.116747e-06  +1.288217e-05  -8.874109e-01  
+1.887789e-07  -2.412999e-07  -7.545847e-07  -3.433919e-06  +4.483512e-06  +3.821140e-08  -1.624445e-07  -3.307250e-06  +5.691553e-07  -2.241675e-06  -2.228337e-05  +3.668291e-07  +9.154405e-09  +8.200197e-04  +1.392200e-09  -4.145752e-08  +3.050372e-03  
-4.390580e-08  -4.523799e-08  -3.447824e-07  +1.154667e-06  -6.458230e-07  -3.370402e-07  -3.646685e-07  +1.300902e-06  +7.927941e-08  -2.894933e-07  -9.506058e-07  +9.154405e-09  +2.408419e-07  +1.863204e-05  +2.847759e-08  +4.220230e-08  +6.808893e-04  
+2.060974e-03  -3.277954e-03  -1.590597e-02  -3.788726e-02  +2.975110e-02  -3.611580e-04  -8.578423e-03  -4.880322e-02  +7.281036e-03  -2.840115e-02  -2.631814e-01  +8.200197e-04  +1.863204e-05  +1.310476e+01  -2.346803e-04  -4.003056e-04  +4.033601e+01  
+2.835264e-08  +1.136552e-07  +2.317900e-07  +7.571201e-07  -7.280296e-07  -5.429125e-08  +7.220215e-08  +1.138948e-06  -6.885058e-08  +2.449764e-07  +4.116747e-06  +1.392200e-09  +2.847759e-08  -2.346803e-04  +1.328499e-07  -2.016055e-08  -5.880358e-04  
-5.768949e-08  +1.765666e-07  +5.779950e-07  +2.241747e-06  -1.136582e-06  -2.181274e-07  +4.052168e-07  -1.560581e-06  -4.509579e-07  +2.046735e-06  +1.288217e-05  -4.145752e-08  +4.220230e-08  -4.003056e-04  -2.016055e-08  +3.091283e-07  -1.154736e-03  
+6.877397e-03  -1.082752e-02  -5.320703e-02  -1.186058e-01  +9.326254e-02  -4.859257e-03  -3.132603e-02  -1.479451e-01  +2.443660e-02  -9.375761e-02  -8.874109e-01  +3.050372e-03  +6.808893e-04  +4.033601e+01  -5.880358e-04  -1.154736e-03  +1.411128e+02  
