mean:
+3.982946e+00  +3.941488e+00  +6.717453e-01  -1.096083e+00  +1.704537e+00  +5.033132e-01  +9.346710e-01  +2.054655e+00  +1.500425e-01  +2.020507e+00  +4.729484e+00  +1.839518e+00  +2.983350e+00  +8.105073e+02  +4.959844e+00  +4.479922e+00  +2.007547e+03  
covariance:
+6.147338e-06  -2.952989e-06  +1.040064e-05  +2.066535e-06  +2.738565e-05  -1.589464e-06  +7.894881e-06  -6.838387e-05  -3.178688e-06  +4.509293e-05  -2.640897e-04  +4.435478e-07  -1.122317e-07  +5.531842e-03  -1.223145e-07  -8.943739e-08  +1.262706e-02  
-2.952989e-06  +6.212724e-06  -6.060271e-06  +1.020024e-06  -2.525392e-05  +1.830234e-06  -6.140609e-06  +6.623882e-05  +2.356897e-06  -3.922497e-05  +2.708820e-04  -4.641141e-07  +1.846693e-07  -4.944076e-03  +2.157620e-07  +2.954724e-07  -1.205895e-02  
+1.040064e-05  -6.060271e-06  +8.628776e-05  +5.224795e-05  +1.061400e-04  +2.414299e-08  +5.490843e-05  -1.308033e-04  -2.102666e-05  +1.785393e-04  -5.366149e-04  +9.336888e-07  -7.816253e-07  +1.735036e-02  +1.349028e-07  +2.138436e-07  +3.789655e-02  
+2.066535e-06  +1.020024e-06  +5.224795e-05  +2.362047e-04  +2.936457e-05  -1.656992e-06  +4.202701e-05  -2.408942e-05  -1.670500e-05  +1.025562e-04  -1.121122e-05  +2.042442e-07  +8.761798e-07  +1.289338e-02  +3.480424e-07  +7.617764e-07  +7.762260e-03  
+2.738565e-05  -2.525392e-05  +1.061400e-04  +2.936457e-05  +3.436096e-04  -3.945549e-06  +1.067983e-04  -3.979325e-04  -3.991941e-05  +4.120409e-04  -1.790324e-03  +5.172002e-06  -2.149636e-06  +4.915959e-02  -1.088923e-06  -6.561562e-07  +8.961608e-02  
-1.589464e-06  +1.830234e-06  +2.414299e-08  -1.656992e-06  -3.945549e-06  +2.715278e-06  +2.124738e-06  +4.401038e-05  -3.370945e-07  -1.233844e-05  +1.287003e-04  +6.133323e-11  +2.946742e-09  -1.538614e-03  +1.478193e-07  -4.934178e-08  -6.002499e-03  
+7.894881e-06  -6.140609e-06  +5.490843e-05  +4.202701e-05  +1.067983e-04  +2.124738e-06  +6.567282e-05  -8.690365e-05  -2.111564e-05  +1.580088e-04  -4.400910e-04  +6.057780e-07  -1.103989e-06  +1.964749e-02  -5.280272e-08  -4.514324e-08  +2.879828e-02  
-6.838387e-05  +6.623882e-05  -1.308033e-04  -2.408942e-05  -3.979325e-04  +4.401038e-05  -8.690365e-05  +1.373334e-03  +3.820671e-05  -7.067270e-04  +4.735854e-03  -5.510876e-06  +1.630197e-06  -8.407630e-02  +4.307786e-06  +2.023375e-06  -2.264403e-01  
-3.178688e-06  +2.356897e-06  -2.102666e-05  -1.670500e-05  -3.991941e-05  -3.370945e-07  -2.111564e-05  +3.820671e-05  +7.794526e-06  -6.051433e-05  +1.733816e-04  -3.040394e-07  +3.249373e-07  -7.054537e-03  +4.213854e-08  -3.763112e-08  -1.117104e-02  
+4.509293e-05  -3.922497e-05  +1.785393e-04  +1.025562e-04  +4.120409e-04  -1.233844e-05  +1.580088e-04  -7.067270e-04  -6.051433e-05  +6.411355e-04  -2.854097e-03  +4.863148e-06  -2.816637e-06  +7.502104e-02  -1.626902e-06  -5.848767e-07  +1.513514e-01  
-2.640897e-04  +2.708820e-04  -5.366149e-04  -1.121122e-05  -1.790324e-03  +1.287003e-04  -4.400910e-04  +4.735854e-03  +1.733816e-04  -2.854097e-03  +1.852605e-02  -3.026671e-05  +1.122732e-05  -3.506137e-01  +1.365196e-05  +1.214769e-05  -8.565347e-01  
+4.435478e-07  -4.641141e-07  +9.336888e-07  +2.042442e-07  +5.172002e-06  +6.133323e-11  +6.057780e-07  -5.510876e-06  -3.040394e-07  +4.863148e-06  -3.026671e-05  +3.447354e-07  -4.392383e-08  +5.710460e-04  -3.946734e-08  -5.390373e-08  +1.199037e-03  
-1.122317e-07  +1.846693e-07  -7.816253e-07  +8.761798e-07  -2.149636e-06  +2.946742e-09  -1.103989e-06  +1.630197e-06  +3.249373e-07  -2.816637e-06  +1.122732e-05  -4.392383e-08  +2.077582e-07  -3.281096e-04  +2.725063e-08  +1.350147e-08  -7.855542e-04  
+5.531842e-03  -4.944076e-03  +1.735036e-02  +1.289338e-02  +4.915959e-02  -1.538614e-03  +1.964749e-02  -8.407630e-02  -7.054537e-03  +7.502104e-02  -3.506137e-01  +5.710460e-04  -3.281096e-04  +1.028584e+01  -1.688459e-04  -1.217378e-04  +1.769602e+01  
-1.223145e-07  +2.157620e-07  +1.349028e-07  +3.480424e-07  -1.088923e-06  +1.478193e-07  -5.280272e-08  +4.307786e-06  +4.213854e-08  -1.626902e-06  +1.365196e-05  -3.946734e-08  +2.725063e-08  -1.688459e-04  +1.339187e-07  +2.116577e-08  -6.390246e-04  
-8.943739e-08  +2.954724e-07  +2.138436e-07  +7.617764e-07  -6.561562e-07  -4.934178e-08  -4.514324e-08  +2.023375e-06  -3.763112e-08  -5.848767e-07  +1.214769e-05  -5.390373e-08  +1.350147e-08  -1.217378e-04  +2.116577e-08  +1.668877e-07  -3.173481e-04  
+1.262706e-02  -1.205895e-02  +3.789655e-02  +7.762260e-03  +8.961608e-02  -6.002499e-03  +2.879828e-02  -2.264403e-01  -1.117104e-02  +1.513514e-01  -8.565347e-01  +1.199037e-03  -7.855542e-04  +1.769602e+01  -6.390246e-04  -3.173481e-04  +4.645124e+01  
