mean:
+3.918564e+00  +3.904664e+00  +6.359838e-01  -1.147420e+00  +1.657174e+00  +5.958502e-01  +9.086428e-01  +2.019415e+00  +1.501669e-01  +1.921494e+00  +4.751766e+00  +1.905984e+00  +3.007153e+00  +7.982908e+02  +4.959917e+00  +4.479848e+00  +2.008933e+03  
covariance:
+2.652812e-05  -5.218756e-06  -2.034539e-06  -1.995007e-06  +1.505546e-05  -5.898713e-06  +5.827351e-06  +1.245689e-05  -8.927628e-09  +4.529183e-06  -4.597396e-05  -4.550335e-08  -1.369436e-06  +3.497699e-03  +2.482402e-07  -6.639752e-08  +5.026152e-03  
-5.218756e-06  +8.505603e-06  -7.380353e-06  +3.096179e-05  +7.176088e-07  -1.075301e-06  -6.696301e-06  -2.602548e-06  +2.693487e-06  -3.052508e-06  -1.288156e-04  +1.829121e-07  +5.219386e-07  +8.006647e-04  -2.221727e-10  -1.881433e-07  +4.561994e-03  
-2.034539e-06  -7.380353e-06  +9.925557e-05  -2.718922e-04  +4.767041e-05  +2.542689e-05  +3.720155e-06  +2.262467e-05  -1.963588e-05  +5.771877e-05  +7.859778e-04  -4.667426e-07  +6.638912e-07  +8.356621e-03  +4.958463e-07  +3.605809e-07  -2.669068e-02  
-1.995007e-06  +3.096179e-05  -2.718922e-04  +1.517587e-03  -2.847720e-04  -5.042077e-05  -7.746489e-05  -2.937058e-04  +9.780592e-05  -3.294004e-04  -3.391360e-03  +4.925670e-06  +1.109696e-07  -8.946226e-02  -1.775486e-06  +7.256451e-07  +1.123584e-01  
+1.505546e-05  +7.176088e-07  +4.767041e-05  -2.847720e-04  +5.255648e-04  +2.488924e-06  -7.108627e-06  +8.307330e-05  +2.250679e-06  +6.717989e-05  -3.588306e-04  -6.533843e-07  +9.140498e-07  +8.372137e-02  +1.750334e-06  -2.456744e-07  +2.378007e-02  
-5.898713e-06  -1.075301e-06  +2.542689e-05  -5.042077e-05  +2.488924e-06  +1.724061e-05  -2.774780e-06  -2.036240e-05  -4.484874e-06  +7.070820e-07  +2.498436e-04  +5.828707e-07  +6.402711e-07  -4.015955e-03  +5.021455e-08  +1.744266e-07  -1.234413e-02  
+5.827351e-06  -6.696301e-06  +3.720155e-06  -7.746489e-05  -7.108627e-06  -2.774780e-06  +4.823313e-05  +2.404397e-05  -1.128858e-05  +4.475303e-06  +3.859309e-04  -3.208843e-07  -1.002260e-06  -1.851209e-03  +3.006192e-07  +3.576526e-07  -1.338379e-02  
+1.245689e-05  -2.602548e-06  +2.262467e-05  -2.937058e-04  +8.307330e-05  -2.036240e-05  +2.404397e-05  +3.801916e-04  -2.841823e-05  +1.421746e-04  +7.010593e-04  +6.839593e-07  +6.354265e-07  +4.595307e-02  -4.049897e-07  +2.125501e-09  -8.856735e-03  
-8.927628e-09  +2.693487e-06  -1.963588e-05  +9.780592e-05  +2.250679e-06  -4.484874e-06  -1.128858e-05  -2.841823e-05  +1.243092e-05  -3.552856e-05  -3.875045e-04  +2.518042e-07  -1.041129e-07  -2.846137e-03  -8.432447e-08  +1.041742e-07  +1.437518e-02  
+4.529183e-06  -3.052508e-06  +5.771877e-05  -3.294004e-04  +6.717989e-05  +7.070820e-07  +4.475303e-06  +1.421746e-04  -3.552856e-05  +1.987521e-04  +8.442307e-04  -1.443083e-06  +6.545566e-07  +3.696316e-02  +5.797802e-07  -1.652772e-06  -2.924139e-02  
-4.597396e-05  -1.288156e-04  +7.859778e-04  -3.391360e-03  -3.588306e-04  +2.498436e-04  +3.859309e-04  +7.010593e-04  -3.875045e-04  +8.442307e-04  +1.508944e-02  -5.929729e-06  +6.356981e-06  -1.811314e-02  +1.397359e-06  +1.959587e-06  -5.771633e-01  
-4.550335e-08  +1.829121e-07  -4.667426e-07  +4.925670e-06  -6.533843e-07  +5.828707e-07  -3.208843e-07  +6.839593e-07  +2.518042e-07  -1.443083e-06  -5.929729e-06  +6.257463e-07  -3.957225e-08  -5.338146e-04  +1.903309e-09  +4.118607e-08  -1.985605e-04  
-1.369436e-06  +5.219386e-07  +6.638912e-07  +1.109696e-07  +9.140498e-07  +6.402711e-07  -1.002260e-06  +6.354265e-07  -1.041129e-07  +6.545566e-07  +6.356981e-06  -3.957225e-08  +6.744476e-07  +1.825479e-04  +2.690369e-08  -2.698594e-08  -1.399284e-04  
+3.497699e-03  +8.006647e-04  +8.356621e-03  -8.946226e-02  +8.372137e-02  -4.015955e-03  -1.851209e-03  +4.595307e-02  -2.846137e-03  +3.696316e-02  -1.811314e-02  -5.338146e-04  +1.825479e-04  +2.366052e+01  +3.245205e-04  -5.155602e-04  +5.238050e+00  
+2.482402e-07  -2.221727e-10  +4.958463e-07  -1.775486e-06  +1.750334e-06  +5.021455e-08  +3.006192e-07  -4.049897e-07  -8.432447e-08  +5.797802e-07  +1.397359e-06  +1.903309e-09  +2.690369e-08  +3.245205e-04  +2.545173e-07  -1.579189e-08  +2.067582e-05  
-6.639752e-08  -1.881433e-07  +3.605809e-07  +7.256451e-07  -2.456744e-07  +1.744266e-07  +3.576526e-07  +2.125501e-09  +1.041742e-07  -1.652772e-06  +1.959587e-06  +4.118607e-08  -2.698594e-08  -5.155602e-04  -1.579189e-08  +2.800196e-07  -2.666161e-04  
+5.026152e-03  +4.561994e-03  -2.669068e-02  +1.123584e-01  +2.378007e-02  -1.234413e-02  -1.338379e-02  -8.856735e-03  +1.437518e-02  -2.924139e-02  -5.771633e-01  -1.985605e-04  -1.399284e-04  +5.238050e+00  +2.067582e-05  -2.666161e-04  +2.958468e+01  
