mean:
+3.912156e+00  +3.897874e+00  +8.551689e-01  +1.337280e+00  +1.442490e+00  +6.057470e-01  +8.187872e-01  +1.399188e+00  +1.569876e-01  +1.874698e+00  +5.896583e+00  +3.483854e+00  +2.610218e+00  +1.935835e+02  +4.262696e+00  +5.274651e+00  +2.824143e+02  +5.349681e+00  +3.757967e+00  +3.224754e+02  +2.639800e+00  +4.560539e+00  +3.925727e+02  
covariance:
+3.199154e-06  -7.570696e-07  +1.842532e-06  +6.247567e-06  +5.698896e-06  +5.480034e-07  +3.334399e-06  +4.844041e-06  -1.987690e-06  +1.397252e-05  -1.872611e-05  -3.402143e-07  +2.369687e-08  -5.353940e-04  +7.479242e-08  +2.800834e-07  +1.045426e-03  +3.309444e-07  -3.115013e-08  +7.116584e-04  -9.825481e-08  +1.350152e-07  +8.812200e-04  
-7.570696e-07  +7.065374e-07  +1.093672e-06  +2.425790e-06  +7.242681e-07  +2.161065e-07  +1.163055e-06  +3.802955e-06  -8.068630e-07  +5.327591e-06  -7.200404e-06  -1.107405e-07  -7.101850e-08  -2.039973e-04  -6.088322e-08  -4.209428e-08  +5.705232e-04  -2.705813e-08  +5.923164e-08  +3.750293e-04  -5.336511e-08  -2.746991e-09  +4.847186e-05  
+1.842532e-06  +1.093672e-06  +2.014196e-05  +2.346426e-05  +1.563447e-05  +1.132981e-06  +1.214406e-05  +4.516640e-05  -7.451125e-06  +6.923032e-05  -1.045600e-04  -2.089715e-06  +8.846816e-07  -1.086727e-03  +5.363970e-07  +1.238819e-06  +7.069790e-03  +1.005941e-06  +4.221146e-07  +5.565596e-03  -9.728623e-07  +5.555396e-07  +1.191085e-03  
+6.247567e-06  +2.425790e-06  +2.346426e-05  +1.620003e-04  +3.593704e-05  +9.591236e-06  +4.833213e-05  +8.415551e-05  -2.566368e-05  +2.010524e-04  -2.287969e-04  -1.424064e-06  -1.357165e-06  -5.329689e-03  -2.631005e-06  -8.335929e-07  +1.370374e-02  -5.267061e-07  +8.550004e-07  +5.472068e-03  -2.055997e-07  -9.479425e-07  +8.026314e-03  
+5.698896e-06  +7.242681e-07  +1.563447e-05  +3.593704e-05  +7.750561e-05  +1.092527e-06  +2.005711e-05  +7.962203e-05  -1.245437e-05  +1.002695e-04  -1.266029e-04  -2.929425e-06  +1.530175e-06  -8.280746e-03  +1.540480e-06  +3.365511e-07  +1.261725e-02  +3.774782e-07  +1.205231e-06  +6.265233e-03  -1.528092e-06  +2.411602e-07  +5.227597e-03  
+5.480034e-07  +2.161065e-07  +1.132981e-06  +9.591236e-06  +1.092527e-06  +3.083249e-06  +4.914282e-06  -7.734332e-06  -2.735623e-06  +2.001116e-05  -1.999840e-05  +3.833704e-09  -4.945731e-07  -2.532910e-04  -6.617431e-07  +3.316519e-07  +8.943088e-04  +2.888847e-07  -2.013426e-07  +3.427551e-04  +8.159256e-08  -1.012016e-07  +6.452371e-04  
+3.334399e-06  +1.163055e-06  +1.214406e-05  +4.833213e-05  +2.005711e-05  +4.914282e-06  +2.743049e-05  +4.270514e-05  -1.170162e-05  +8.775231e-05  -1.227423e-04  -1.702117e-06  -8.849944e-07  -3.877887e-03  -7.769109e-07  +5.865715e-07  +6.736251e-03  +9.368513e-07  +6.865318e-07  +4.883273e-03  -7.447641e-07  +7.938418e-08  +3.905097e-03  
+4.844041e-06  +3.802955e-06  +4.516640e-05  +8.415551e-05  +7.962203e-05  -7.734332e-06  +4.270514e-05  +2.874994e-04  -2.065890e-05  +1.867144e-04  -3.121360e-04  -8.450996e-06  +1.405655e-06  -1.448455e-02  +3.781984e-06  -2.627541e-06  +2.762113e-02  -9.277100e-07  +4.381084e-06  +1.624776e-02  -5.513539e-06  +1.027756e-06  +4.267007e-03  
-1.987690e-06  -8.068630e-07  -7.451125e-06  -2.566368e-05  -1.245437e-05  -2.735623e-06  -1.170162e-05  -2.065890e-05  +7.520957e-06  -5.475723e-05  +5.927622e-05  +9.217773e-07  +5.268213e-07  +2.176774e-03  +5.790420e-07  -2.525218e-07  -5.231316e-03  -2.608458e-08  -2.143551e-07  -2.172083e-03  +2.972756e-07  -5.469965e-08  -1.646579e-03  
+1.397252e-05  +5.327591e-06  +6.923032e-05  +2.010524e-04  +1.002695e-04  +2.001116e-05  +8.775231e-05  +1.867144e-04  -5.475723e-05  +4.455140e-04  -5.124041e-04  -8.247046e-06  -2.767393e-06  -1.544788e-02  -3.241767e-06  +2.634900e-06  +4.311538e-02  +3.950038e-07  +1.434625e-06  +1.996883e-02  -3.089044e-06  +8.145857e-07  +1.175244e-02  
-1.872611e-05  -7.200404e-06  -1.045600e-04  -2.287969e-04  -1.266029e-04  -1.999840e-05  -1.227423e-04  -3.121360e-04  +5.927622e-05  -5.124041e-04  +8.673126e-04  +1.422895e-05  -5.860669e-07  +1.211598e-02  -1.602342e-06  -5.922974e-06  -4.083779e-02  -8.691306e-06  -1.237167e-06  -4.133104e-02  +7.644024e-06  -2.937308e-06  -1.644993e-02  
-3.402143e-07  -1.107405e-07  -2.089715e-06  -1.424064e-06  -2.929425e-06  +3.833704e-09  -1.702117e-06  -8.450996e-06  +9.217773e-07  -8.247046e-06  +1.422895e-05  +8.108782e-07  +6.985425e-08  +4.534925e-04  +5.269375e-08  -4.515512e-08  -1.144451e-03  -2.317349e-07  -9.061660e-09  -9.105617e-04  +2.475464e-07  -9.479632e-08  -1.516959e-04  
+2.369687e-08  -7.101850e-08  +8.846816e-07  -1.357165e-06  +1.530175e-06  -4.945731e-07  -8.849944e-07  +1.405655e-06  +5.268213e-07  -2.767393e-06  -5.860669e-07  +6.985425e-08  +8.651971e-07  +4.475933e-04  +2.734487e-07  +2.336808e-07  -5.516088e-04  +2.729121e-07  -3.374380e-08  +3.992444e-04  +3.562131e-08  -9.213314e-08  +1.767520e-04  
-5.353940e-04  -2.039973e-04  -1.086727e-03  -5.329689e-03  -8.280746e-03  -2.532910e-04  -3.877887e-03  -1.448455e-02  +2.176774e-03  -1.544788e-02  +1.211598e-02  +4.534925e-04  +4.475933e-04  +2.572211e+00  +3.425667e-05  +2.736457e-04  -3.026317e+00  +5.880246e-04  -5.521142e-04  -3.446509e-01  +3.345066e-04  +1.529209e-05  -3.235739e-01  
+7.479242e-08  -6.088322e-08  +5.363970e-07  -2.631005e-06  +1.540480e-06  -6.617431e-07  -7.769109e-07  +3.781984e-06  +5.790420e-07  -3.241767e-06  -1.602342e-06  +5.269375e-08  +2.734487e-07  +3.425667e-05  +6.402346e-07  +3.547008e-08  -1.438225e-04  +4.476528e-08  +1.667536e-07  +2.398337e-04  -1.784104e-07  +8.145538e-08  +2.497148e-05  
+2.800834e-07  -4.209428e-08  +1.238819e-06  -8.335929e-07  +3.365511e-07  +3.316519e-07  +5.865715e-07  -2.627541e-06  -2.525218e-07  +2.634900e-06  -5.922974e-06  -4.515512e-08  +2.336808e-07  +2.736457e-04  +3.547008e-08  +6.149224e-07  -9.759630e-05  +3.550218e-07  -1.251402e-07  +6.474843e-04  +5.170512e-08  +6.546806e-08  +1.788473e-04  
+1.045426e-03  +5.705232e-04  +7.069790e-03  +1.370374e-02  +1.261725e-02  +8.943088e-04  +6.736251e-03  +2.762113e-02  -5.231316e-03  +4.311538e-02  -4.083779e-02  -1.144451e-03  -5.516088e-04  -3.026317e+00  -1.438225e-04  -9.759630e-05  +6.753921e+00  -7.832002e-04  +4.781747e-04  +1.537777e+00  -6.262923e-04  +1.568880e-04  +1.899108e-01  
+3.309444e-07  -2.705813e-08  +1.005941e-06  -5.267061e-07  +3.774782e-07  +2.888847e-07  +9.368513e-07  -9.277100e-07  -2.608458e-08  +3.950038e-07  -8.691306e-06  -2.317349e-07  +2.729121e-07  +5.880246e-04  +4.476528e-08  +3.550218e-07  -7.832002e-04  +9.582899e-07  -1.629688e-07  +8.761062e-04  +1.543088e-08  +7.618861e-08  +3.326733e-04  
-3.115013e-08  +5.923164e-08  +4.221146e-07  +8.550004e-07  +1.205231e-06  -2.013426e-07  +6.865318e-07  +4.381084e-06  -2.143551e-07  +1.434625e-06  -1.237167e-06  -9.061660e-09  -3.374380e-08  -5.521142e-04  +1.667536e-07  -1.251402e-07  +4.781747e-04  -1.629688e-07  +5.682860e-07  +3.196897e-05  -1.705266e-07  -3.606267e-08  +6.225720e-05  
+7.116584e-04  +3.750293e-04  +5.565596e-03  +5.472068e-03  +6.265233e-03  +3.427551e-04  +4.883273e-03  +1.624776e-02  -2.172083e-03  +1.996883e-02  -4.133104e-02  -9.105617e-04  +3.992444e-04  -3.446509e-01  +2.398337e-04  +6.474843e-04  +1.537777e+00  +8.761062e-04  +3.196897e-05  +2.991241e+00  -4.159581e-04  +1.882889e-04  +7.019921e-01  
-9.825481e-08  -5.336511e-08  -9.728623e-07  -2.055997e-07  -1.528092e-06  +8.159256e-08  -7.447641e-07  -5.513539e-06  +2.972756e-07  -3.089044e-06  +7.644024e-06  +2.475464e-07  +3.562131e-08  +3.345066e-04  -1.784104e-07  +5.170512e-08  -6.262923e-04  +1.543088e-08  -1.705266e-07  -4.159581e-04  +4.814383e-07  -1.663707e-08  +1.123824e-04  
+1.350152e-07  -2.746991e-09  +5.555396e-07  -9.479425e-07  +2.411602e-07  -1.012016e-07  +7.938418e-08  +1.027756e-06  -5.469965e-08  +8.145857e-07  -2.937308e-06  -9.479632e-08  -9.213314e-08  +1.529209e-05  +8.145538e-08  +6.546806e-08  +1.568880e-04  +7.618861e-08  -3.606267e-08  +1.882889e-04  -1.663707e-08  +3.788435e-07  -4.847012e-05  
+8.812200e-04  +4.847186e-05  +1.191085e-03  +8.026314e-03  +5.227597e-03  +6.452371e-04  +3.905097e-03  +4.267007e-03  -1.646579e-03  +1.175244e-02  -1.644993e-02  -1.516959e-04  +1.767520e-04  -3.235739e-01  +2.497148e-05  +1.788473e-04  +1.899108e-01  +3.326733e-04  +6.225720e-05  +7.019921e-01  +1.123824e-04  -4.847012e-05  +1.765083e+00  
