mean:
+3.982009e+00  +3.952891e+00  +8.548655e-01  +1.327168e+00  +1.406244e+00  +4.008204e-01  +7.994228e-01  +1.378736e+00  +1.736399e-01  +1.848794e+00  +5.951594e+00  +3.591816e+00  +2.698260e+00  +2.007372e+02  +4.309151e+00  +5.294137e+00  +2.749095e+02  +5.453049e+00  +3.757863e+00  +3.247565e+02  +2.640391e+00  +4.559574e+00  +3.951647e+02  
covariance:
+1.076400e-06  +2.233109e-07  +1.852949e-06  +4.482650e-07  +5.720851e-07  +4.018684e-07  +2.801732e-07  -1.971831e-06  -1.679409e-06  +1.130903e-05  -5.148307e-06  +2.081578e-07  +9.648794e-08  -5.766789e-05  -5.148199e-07  +2.892652e-07  +2.721220e-04  +1.646754e-07  -3.475389e-08  +2.289504e-04  -3.734086e-08  +1.935562e-08  +7.356838e-04  
+2.233109e-07  +1.036060e-06  +5.783458e-08  +2.753220e-08  -6.362720e-08  -5.365402e-08  +5.910449e-07  -1.091101e-06  +1.471908e-08  -4.797379e-07  +9.336918e-07  +7.222767e-08  +5.762558e-08  +3.991876e-06  -5.410505e-08  -8.109359e-09  -1.614282e-04  -3.867174e-08  -1.855254e-08  -1.672231e-05  +5.962806e-09  +5.857273e-08  -1.790798e-04  
+1.852949e-06  +5.783458e-08  +7.663661e-05  +6.019698e-05  +2.143372e-05  +8.339909e-06  -1.779662e-05  +6.968583e-05  -2.961290e-05  +2.616172e-04  -6.554372e-05  +3.619946e-06  +1.940130e-06  -4.936677e-03  -1.529424e-05  +6.182944e-06  +5.119039e-03  +1.928557e-06  -7.806775e-07  +9.573462e-03  -6.383949e-08  -2.131931e-06  +1.984210e-02  
+4.482650e-07  +2.753220e-08  +6.019698e-05  +1.952315e-04  +1.917996e-05  +2.892350e-06  -1.610208e-05  +1.042810e-04  -1.599085e-05  +1.399283e-04  -7.945915e-07  +5.637426e-06  +3.865820e-06  -9.615500e-03  -1.725265e-05  +3.201665e-06  -3.485800e-03  -1.110439e-06  +1.836908e-06  +1.378680e-02  +2.033048e-06  +2.474196e-06  +1.096481e-02  
+5.720851e-07  -6.362720e-08  +2.143372e-05  +1.917996e-05  +5.310914e-05  +3.397911e-06  -3.830161e-07  +2.192347e-05  -1.205996e-05  +1.112892e-04  -5.926497e-05  +1.605925e-06  -9.682475e-07  -5.090382e-03  -1.873937e-05  +3.296531e-06  +1.324559e-03  +2.422927e-06  +6.505999e-07  +8.408728e-03  +2.340193e-06  +1.544013e-06  +1.138957e-02  
+4.018684e-07  -5.365402e-08  +8.339909e-06  +2.892350e-06  +3.397911e-06  +4.192388e-06  -3.354974e-06  +1.760455e-05  -5.251228e-06  +4.827708e-05  -1.686271e-05  -6.593649e-07  -5.955282e-07  -1.005225e-03  -1.520040e-06  +1.136424e-06  +1.904341e-03  +4.121867e-07  +3.296318e-07  +1.866426e-03  +4.207263e-07  -3.145822e-07  +4.507660e-03  
+2.801732e-07  +5.910449e-07  -1.779662e-05  -1.610208e-05  -3.830161e-07  -3.354974e-06  +2.924749e-05  -7.211345e-05  +4.330399e-06  -6.959966e-05  +1.660218e-05  +2.015060e-07  +3.691779e-07  +1.535529e-03  +1.007749e-06  -1.043470e-06  -3.770732e-03  +4.406436e-09  -2.135940e-07  -3.616942e-03  +4.078909e-07  +1.018437e-06  -1.046065e-02  
-1.971831e-06  -1.091101e-06  +6.968583e-05  +1.042810e-04  +2.192347e-05  +1.760455e-05  -7.211345e-05  +4.358230e-04  -1.394800e-05  +1.997562e-04  -3.249099e-05  -6.660245e-06  -1.633887e-06  -1.539273e-02  -1.279654e-05  +5.748757e-06  +1.009882e-02  -2.319298e-06  +4.770865e-07  +2.204813e-02  +2.073049e-06  -3.983161e-06  +3.247162e-02  
-1.679409e-06  +1.471908e-08  -2.961290e-05  -1.599085e-05  -1.205996e-05  -5.251228e-06  +4.330399e-06  -1.394800e-05  +1.846982e-05  -1.548940e-04  +5.806464e-05  -2.198742e-06  -3.074166e-07  +1.847385e-03  +8.460663e-06  -3.601567e-06  -4.119648e-03  -1.716120e-06  -3.099298e-08  -5.294389e-03  -3.843661e-07  +5.360844e-07  -1.218150e-02  
+1.130903e-05  -4.797379e-07  +2.616172e-04  +1.399283e-04  +1.112892e-04  +4.827708e-05  -6.959966e-05  +1.997562e-04  -1.548940e-04  +1.386814e-03  -5.524301e-04  +1.876932e-05  +5.935519e-07  -1.892676e-02  -7.738388e-05  +3.225737e-05  +3.985749e-02  +1.539615e-05  +3.369223e-07  +5.321396e-02  +3.853986e-06  -5.686067e-06  +1.177739e-01  
-5.148307e-06  +9.336918e-07  -6.554372e-05  -7.945915e-07  -5.926497e-05  -1.686271e-05  +1.660218e-05  -3.249099e-05  +5.806464e-05  -5.524301e-04  +4.001130e-04  -9.980473e-06  +2.416374e-06  +1.036617e-02  +4.088026e-05  -1.400809e-05  -2.090201e-02  -9.295625e-06  +9.379402e-07  -3.119999e-02  -3.509704e-06  +2.355631e-06  -5.519411e-02  
+2.081578e-07  +7.222767e-08  +3.619946e-06  +5.637426e-06  +1.605925e-06  -6.593649e-07  +2.015060e-07  -6.660245e-06  -2.198742e-06  +1.876932e-05  -9.980473e-06  +1.901131e-06  +6.409665e-07  -6.331775e-06  -2.283440e-06  +4.620069e-07  -2.116742e-04  +1.910751e-07  -1.323570e-07  +8.426602e-04  -1.276335e-07  +1.386961e-07  +1.182918e-03  
+9.648794e-08  +5.762558e-08  +1.940130e-06  +3.865820e-06  -9.682475e-07  -5.955282e-07  +3.691779e-07  -1.633887e-06  -3.074166e-07  +5.935519e-07  +2.416374e-06  +6.409665e-07  +1.317474e-06  +2.346960e-04  +1.096028e-07  -9.012023e-08  -4.495813e-04  -2.173490e-07  -9.341059e-08  -4.383577e-04  -3.867127e-07  -2.994692e-09  -4.303995e-04  
-5.766789e-05  +3.991876e-06  -4.936677e-03  -9.615500e-03  -5.090382e-03  -1.005225e-03  +1.535529e-03  -1.539273e-02  +1.847385e-03  -1.892676e-02  +1.036617e-02  -6.331775e-06  +2.346960e-04  +1.909612e+00  +2.853584e-03  -5.325598e-04  -6.035100e-01  -3.508760e-04  -2.078390e-04  -2.469471e+00  -4.331268e-04  -1.499870e-05  -2.495156e+00  
-5.148199e-07  -5.410505e-08  -1.529424e-05  -1.725265e-05  -1.873937e-05  -1.520040e-06  +1.007749e-06  -1.279654e-05  +8.460663e-06  -7.738388e-05  +4.088026e-05  -2.283440e-06  +1.096028e-07  +2.853584e-03  +1.225064e-05  -2.503907e-06  -7.160512e-04  -1.389460e-06  -2.886282e-07  -5.675702e-03  -7.986612e-07  -4.548531e-07  -6.942348e-03  
+2.892652e-07  -8.109359e-09  +6.182944e-06  +3.201665e-06  +3.296531e-06  +1.136424e-06  -1.043470e-06  +5.748757e-06  -3.601567e-06  +3.225737e-05  -1.400809e-05  +4.620069e-07  -9.012023e-08  -5.325598e-04  -2.503907e-06  +1.209883e-06  +7.184308e-04  +4.018544e-07  -1.297228e-07  +1.546686e-03  +1.107717e-07  -7.982449e-08  +2.548050e-03  
+2.721220e-04  -1.614282e-04  +5.119039e-03  -3.485800e-03  +1.324559e-03  +1.904341e-03  -3.770732e-03  +1.009882e-02  -4.119648e-03  +3.985749e-02  -2.090201e-02  -2.116742e-04  -4.495813e-04  -6.035100e-01  -7.160512e-04  +7.184308e-04  +2.579341e+00  +5.680269e-04  +3.988726e-05  +1.566866e+00  +9.145856e-05  -4.437466e-04  +4.328900e+00  
+1.646754e-07  -3.867174e-08  +1.928557e-06  -1.110439e-06  +2.422927e-06  +4.121867e-07  +4.406436e-09  -2.319298e-06  -1.716120e-06  +1.539615e-05  -9.295625e-06  +1.910751e-07  -2.173490e-07  -3.508760e-04  -1.389460e-06  +4.018544e-07  +5.680269e-04  +6.830426e-07  +4.046080e-08  +7.532553e-04  +9.548039e-08  +3.131014e-08  +1.404588e-03  
-3.475389e-08  -1.855254e-08  -7.806775e-07  +1.836908e-06  +6.505999e-07  +3.296318e-07  -2.135940e-07  +4.770865e-07  -3.099298e-08  +3.369223e-07  +9.379402e-07  -1.323570e-07  -9.341059e-08  -2.078390e-04  -2.886282e-07  -1.297228e-07  +3.988726e-05  +4.046080e-08  +6.191733e-07  +1.562721e-04  +6.713638e-08  +2.189297e-07  +2.343596e-04  
+2.289504e-04  -1.672231e-05  +9.573462e-03  +1.378680e-02  +8.408728e-03  +1.866426e-03  -3.616942e-03  +2.204813e-02  -5.294389e-03  +5.321396e-02  -3.119999e-02  +8.426602e-04  -4.383577e-04  -2.469471e+00  -5.675702e-03  +1.546686e-03  +1.566866e+00  +7.532553e-04  +1.562721e-04  +5.665880e+00  +8.389064e-04  -6.240112e-05  +6.505252e+00  
-3.734086e-08  +5.962806e-09  -6.383949e-08  +2.033048e-06  +2.340193e-06  +4.207263e-07  +4.078909e-07  +2.073049e-06  -3.843661e-07  +3.853986e-06  -3.509704e-06  -1.276335e-07  -3.867127e-07  -4.331268e-04  -7.986612e-07  +1.107717e-07  +9.145856e-05  +9.548039e-08  +6.713638e-08  +8.389064e-04  +6.531647e-07  +2.185424e-07  +6.535543e-04  
+1.935562e-08  +5.857273e-08  -2.131931e-06  +2.474196e-06  +1.544013e-06  -3.145822e-07  +1.018437e-06  -3.983161e-06  +5.360844e-07  -5.686067e-06  +2.355631e-06  +1.386961e-07  -2.994692e-09  -1.499870e-05  -4.548531e-07  -7.982449e-08  -4.437466e-04  +3.131014e-08  +2.189297e-07  -6.240112e-05  +2.185424e-07  +8.402004e-07  -5.364902e-04  
+7.356838e-04  -1.790798e-04  +1.984210e-02  +1.096481e-02  +1.138957e-02  +4.507660e-03  -1.046065e-02  +3.247162e-02  -1.218150e-02  +1.177739e-01  -5.519411e-02  +1.182918e-03  -4.303995e-04  -2.495156e+00  -6.942348e-03  +2.548050e-03  +4.328900e+00  +1.404588e-03  +2.343596e-04  +6.505252e+00  +6.535543e-04  -5.364902e-04  +1.308645e+01  
