mean:
+3.961224e+00  +3.927096e+00  +5.829404e-01  -1.165672e+00  +1.694136e+00  +4.798431e-01  +9.078225e-01  +2.032287e+00  +1.489484e-01  +2.031552e+00  +4.808236e+00  +1.634493e+00  +2.882571e+00  +8.038247e+02  +4.799724e+00  +4.399363e+00  +2.040508e+03  
covariance:
+9.373113e-06  +1.935132e-06  +7.430021e-06  +1.816646e-06  +2.403936e-06  +3.625285e-06  -6.715621e-06  -4.177599e-06  +3.835823e-06  -1.743979e-05  +2.567534e-05  -3.435330e-07  -8.351290e-07  +1.373121e-03  -2.525754e-07  +2.637004e-07  -7.687074e-03  
+1.935132e-06  +1.079359e-05  +2.590369e-06  +5.265866e-06  +2.810447e-06  +5.793813e-06  -8.349110e-06  -1.871545e-05  +5.156234e-06  -3.853346e-05  +7.374204e-05  +9.494103e-08  -8.424425e-07  -1.428744e-03  -7.646642e-08  +2.836487e-07  -1.736596e-02  
+7.430021e-06  +2.590369e-06  +2.021534e-04  +1.431188e-05  -3.953535e-05  +2.235019e-05  +1.600022e-05  +1.733313e-04  +7.504385e-06  -7.731060e-06  +5.617850e-07  -2.133142e-06  -4.971563e-06  +1.905564e-02  -2.385437e-06  +3.372683e-06  -2.228239e-02  
+1.816646e-06  +5.265866e-06  +1.431188e-05  +1.339234e-04  +1.197497e-05  -2.194682e-06  +1.365649e-05  +2.626842e-07  -1.987579e-06  +1.103962e-05  +1.424931e-05  -2.644403e-06  +3.405214e-06  -2.451931e-04  +4.479767e-07  +1.502493e-06  -1.917341e-02  
+2.403936e-06  +2.810447e-06  -3.953535e-05  +1.197497e-05  +4.257957e-05  +1.426422e-06  -2.113345e-06  -5.890666e-05  +2.783385e-06  -4.345418e-05  +1.209069e-04  -1.730459e-07  +5.600786e-07  -2.556746e-03  -4.930271e-07  -1.219489e-06  -1.951092e-02  
+3.625285e-06  +5.793813e-06  +2.235019e-05  -2.194682e-06  +1.426422e-06  +5.285737e-05  -4.931996e-05  -1.353783e-04  +2.913036e-05  -3.040671e-04  +6.789392e-04  -5.855116e-07  -3.799115e-06  -1.721309e-02  -2.879271e-07  +1.831526e-06  -1.459680e-01  
-6.715621e-06  -8.349110e-06  +1.600022e-05  +1.365649e-05  -2.113345e-06  -4.931996e-05  +1.174968e-04  +8.241859e-05  -3.771189e-05  +2.948934e-04  -5.147502e-04  +1.850078e-07  +4.488856e-06  +1.177534e-02  +3.311098e-07  -1.915108e-06  +1.223742e-01  
-4.177599e-06  -1.871545e-05  +1.733313e-04  +2.626842e-07  -5.890666e-05  -1.353783e-04  +8.241859e-05  +3.042802e-03  -1.004571e-04  +1.366094e-03  -2.892705e-03  -2.995668e-07  +2.572496e-08  +2.261315e-01  -4.361166e-06  +4.471236e-06  +6.197778e-01  
+3.835823e-06  +5.156234e-06  +7.504385e-06  -1.987579e-06  +2.783385e-06  +2.913036e-05  -3.771189e-05  -1.004571e-04  +2.035695e-05  -1.850250e-04  +3.696997e-04  -2.333053e-07  -2.355677e-06  -1.123452e-02  -1.341745e-07  +9.862005e-07  -8.331346e-02  
-1.743979e-05  -3.853346e-05  -7.731060e-06  +1.103962e-05  -4.345418e-05  -3.040671e-04  +2.948934e-04  +1.366094e-03  -1.850250e-04  +2.050115e-03  -4.531423e-03  -1.856965e-07  +1.898185e-05  +1.572497e-01  -3.721846e-07  -8.726408e-06  +9.735461e-01  
+2.567534e-05  +7.374204e-05  +5.617850e-07  +1.424931e-05  +1.209069e-04  +6.789392e-04  -5.147502e-04  -2.892705e-03  +3.696997e-04  -4.531423e-03  +1.129657e-02  +4.467184e-06  -2.982157e-05  -3.573787e-01  +8.512366e-07  +1.999465e-05  -2.336155e+00  
-3.435330e-07  +9.494103e-08  -2.133142e-06  -2.644403e-06  -1.730459e-07  -5.855116e-07  +1.850078e-07  -2.995668e-07  -2.333053e-07  -1.856965e-07  +4.467184e-06  +8.789407e-07  -4.396712e-08  -7.529817e-04  +2.654083e-08  +8.037579e-08  -8.065901e-04  
-8.351290e-07  -8.424425e-07  -4.971563e-06  +3.405214e-06  +5.600786e-07  -3.799115e-06  +4.488856e-06  +2.572496e-08  -2.355677e-06  +1.898185e-05  -2.982157e-05  -4.396712e-08  +1.242447e-06  -5.343626e-04  +2.316053e-07  -1.422707e-07  +6.922165e-03  
+1.373121e-03  -1.428744e-03  +1.905564e-02  -2.451931e-04  -2.556746e-03  -1.721309e-02  +1.177534e-02  +2.261315e-01  -1.123452e-02  +1.572497e-01  -3.573787e-01  -7.529817e-04  -5.343626e-04  +2.612666e+01  -7.967421e-04  -2.873867e-04  +7.772995e+01  
-2.525754e-07  -7.646642e-08  -2.385437e-06  +4.479767e-07  -4.930271e-07  -2.879271e-07  +3.311098e-07  -4.361166e-06  -1.341745e-07  -3.721846e-07  +8.512366e-07  +2.654083e-08  +2.316053e-07  -7.967421e-04  +4.728007e-07  +2.431511e-08  -3.222732e-04  
+2.637004e-07  +2.836487e-07  +3.372683e-06  +1.502493e-06  -1.219489e-06  +1.831526e-06  -1.915108e-06  +4.471236e-06  +9.862005e-07  -8.726408e-06  +1.999465e-05  +8.037579e-08  -1.422707e-07  -2.873867e-04  +2.431511e-08  +7.425275e-07  -4.384594e-03  
-7.687074e-03  -1.736596e-02  -2.228239e-02  -1.917341e-02  -1.951092e-02  -1.459680e-01  +1.223742e-01  +6.197778e-01  -8.331346e-02  +9.735461e-01  -2.336155e+00  -8.065901e-04  +6.922165e-03  +7.772995e+01  -3.222732e-04  -4.384594e-03  +5.085101e+02  
