mean:
+3.984115e+00  +3.978491e+00  +6.062643e-01  +2.007883e+00  +1.254347e+00  +4.957729e-01  +8.499273e-01  +2.177586e+00  +3.888057e-02  +3.898089e+00  +5.806463e+00  +4.573468e+00  +3.238623e+00  +3.286095e+02  +2.590383e+00  +3.726648e+00  +4.569663e+02  +4.639812e+00  +4.960489e+00  +8.057906e+02  +3.990309e+00  +5.154196e+00  +4.407358e+02  
covariance:
+5.035986e-06  -2.363713e-06  +1.330182e-06  -1.464504e-06  +5.618939e-07  +3.930039e-08  +6.472367e-06  +1.974735e-06  -2.157798e-07  +4.116070e-06  -2.380232e-05  -1.272295e-07  -5.271490e-07  -2.681263e-04  +2.521240e-07  +3.760219e-07  +8.379691e-04  +1.219616e-08  -1.527162e-07  +1.001709e-03  +8.857456e-08  +3.967541e-08  +1.942666e-03  
-2.363713e-06  +4.496620e-06  -4.221072e-06  +7.199288e-06  -1.087471e-06  -1.730742e-06  +3.957828e-06  -2.470162e-06  -1.505439e-07  +4.067084e-06  -4.199964e-05  -2.521533e-08  +6.191047e-08  +2.684656e-03  -4.833746e-07  +6.592387e-07  +2.046154e-03  +2.939795e-08  +3.245110e-08  +3.921870e-03  -1.989619e-07  +2.502586e-07  +2.374822e-03  
+1.330182e-06  -4.221072e-06  +1.853705e-05  -7.840005e-06  -4.100569e-07  +4.286320e-06  -1.680629e-05  +4.052970e-06  +5.261187e-07  -1.883815e-05  +1.356282e-04  -4.126015e-07  -2.101978e-07  -8.187458e-03  +1.325409e-06  -2.106587e-06  -7.134828e-03  +3.729551e-07  +4.761250e-08  -1.211583e-02  +1.137361e-06  -5.744864e-07  -9.494748e-03  
-1.464504e-06  +7.199288e-06  -7.840005e-06  +7.425742e-05  -4.198108e-06  -1.016752e-05  +3.679102e-05  -1.826240e-05  -1.295268e-06  +4.244520e-05  -2.651030e-04  -2.002944e-06  -1.504269e-06  +1.403516e-02  -3.092515e-06  +4.679585e-06  +1.324802e-02  +1.797464e-06  +8.324296e-07  +2.225781e-02  -3.859685e-07  +8.346242e-07  +1.552817e-02  
+5.618939e-07  -1.087471e-06  -4.100569e-07  -4.198108e-06  +1.281382e-05  -8.268184e-08  +2.415256e-06  -3.992070e-06  +1.287949e-08  +1.616315e-06  -8.210867e-06  +3.392025e-09  +1.810163e-07  +1.228198e-04  +4.099783e-07  +5.782101e-07  +2.630610e-04  -3.836113e-07  +9.225555e-08  +8.649041e-04  -3.341900e-07  -2.727614e-07  +1.534974e-03  
+3.930039e-08  -1.730742e-06  +4.286320e-06  -1.016752e-05  -8.268184e-08  +4.120271e-06  -1.828345e-05  +6.264868e-06  +5.420609e-07  -1.461437e-05  +1.077359e-04  -2.632368e-07  +4.232352e-07  -4.764747e-03  +9.433864e-07  -1.592264e-06  -6.054944e-03  -2.089676e-07  -2.881468e-07  -9.064566e-03  +4.369335e-07  -1.611745e-07  -7.916655e-03  
+6.472367e-06  +3.957828e-06  -1.680629e-05  +3.679102e-05  +2.415256e-06  -1.828345e-05  +1.098893e-04  -1.652706e-05  -3.377586e-06  +8.659149e-05  -5.843578e-04  +1.662786e-06  -3.144578e-06  +2.087970e-02  -3.541817e-06  +8.919285e-06  +3.116181e-02  -1.945805e-07  +8.179502e-07  +4.679073e-02  -2.209237e-06  +9.983032e-07  +4.415964e-02  
+1.974735e-06  -2.470162e-06  +4.052970e-06  -1.826240e-05  -3.992070e-06  +6.264868e-06  -1.652706e-05  +5.464934e-05  +5.185996e-07  -1.674574e-05  +9.978784e-05  +7.438210e-07  -3.152214e-07  -4.879869e-03  +1.030306e-06  -1.855526e-06  -7.595817e-03  -5.402431e-07  +1.304003e-07  -8.494499e-03  +1.723364e-06  +8.620545e-07  -9.918424e-03  
-2.157798e-07  -1.505439e-07  +5.261187e-07  -1.295268e-06  +1.287949e-08  +5.420609e-07  -3.377586e-06  +5.185996e-07  +1.525578e-07  -3.465707e-06  +1.629101e-05  -9.852289e-08  +8.739211e-08  -6.156613e-04  +1.415022e-07  -2.622850e-07  -9.774096e-04  +5.163817e-08  -2.560514e-08  -1.331211e-03  +1.009088e-07  -1.665022e-10  -1.299573e-03  
+4.116070e-06  +4.067084e-06  -1.883815e-05  +4.244520e-05  +1.616315e-06  -1.461437e-05  +8.659149e-05  -1.674574e-05  -3.465707e-06  +1.100027e-04  -4.398724e-04  +2.260110e-06  -2.663114e-06  +1.845982e-02  -4.523381e-06  +7.517041e-06  +2.644920e-02  -1.233698e-06  +7.921268e-07  +3.633605e-02  -3.043598e-06  +5.785752e-07  +3.348802e-02  
-2.380232e-05  -4.199964e-05  +1.356282e-04  -2.651030e-04  -8.210867e-06  +1.077359e-04  -5.843578e-04  +9.978784e-05  +1.629101e-05  -4.398724e-04  +3.596096e-03  +1.100611e-06  +1.671970e-05  -1.406498e-01  +2.111089e-05  -5.563448e-05  -1.732319e-01  -6.478640e-06  -4.387967e-06  -2.872484e-01  +7.507698e-06  -1.278875e-05  -2.479462e-01  
-1.272295e-07  -2.521533e-08  -4.126015e-07  -2.002944e-06  +3.392025e-09  -2.632368e-07  +1.662786e-06  +7.438210e-07  -9.852289e-08  +2.260110e-06  +1.100611e-06  +7.635875e-07  +8.301533e-08  -4.930449e-05  -6.603253e-08  -6.777140e-08  +6.185753e-04  -3.987644e-07  +9.957849e-08  +2.970694e-04  -2.085448e-07  -1.850143e-07  +5.281981e-04  
-5.271490e-07  +6.191047e-08  -2.101978e-07  -1.504269e-06  +1.810163e-07  +4.232352e-07  -3.144578e-06  -3.152214e-07  +8.739211e-08  -2.663114e-06  +1.671970e-05  +8.301533e-08  +4.387013e-07  -5.113407e-04  +7.552692e-08  -1.748850e-07  -8.514304e-04  -1.304421e-07  -2.330652e-08  -1.143366e-03  -9.317469e-08  -6.506698e-08  -1.069998e-03  
-2.681263e-04  +2.684656e-03  -8.187458e-03  +1.403516e-02  +1.228198e-04  -4.764747e-03  +2.087970e-02  -4.879869e-03  -6.156613e-04  +1.845982e-02  -1.406498e-01  -4.930449e-05  -5.113407e-04  +7.154708e+00  -1.302094e-03  +2.144517e-03  +7.160610e+00  +3.347266e-04  +3.675972e-04  +1.195808e+01  -4.057830e-04  +5.602928e-04  +9.380464e+00  
+2.521240e-07  -4.833746e-07  +1.325409e-06  -3.092515e-06  +4.099783e-07  +9.433864e-07  -3.541817e-06  +1.030306e-06  +1.415022e-07  -4.523381e-06  +2.111089e-05  -6.603253e-08  +7.552692e-08  -1.302094e-03  +5.592327e-07  -2.899914e-07  -1.460748e-03  -1.109620e-07  -1.496183e-07  -1.949235e-03  +1.253592e-07  -4.166767e-08  -1.594312e-03  
+3.760219e-07  +6.592387e-07  -2.106587e-06  +4.679585e-06  +5.782101e-07  -1.592264e-06  +8.919285e-06  -1.855526e-06  -2.622850e-07  +7.517041e-06  -5.563448e-05  -6.777140e-08  -1.748850e-07  +2.144517e-03  -2.899914e-07  +1.139309e-06  +2.519781e-03  +3.368138e-08  +7.255504e-08  +4.465626e-03  -2.037709e-07  +2.557767e-07  +3.789214e-03  
+8.379691e-04  +2.046154e-03  -7.134828e-03  +1.324802e-02  +2.630610e-04  -6.054944e-03  +3.116181e-02  -7.595817e-03  -9.774096e-04  +2.644920e-02  -1.732319e-01  +6.185753e-04  -8.514304e-04  +7.160610e+00  -1.460748e-03  +2.519781e-03  +1.005655e+01  +6.117966e-05  +3.316359e-04  +1.427729e+01  -7.890235e-04  +1.821766e-04  +1.331584e+01  
+1.219616e-08  +2.939795e-08  +3.729551e-07  +1.797464e-06  -3.836113e-07  -2.089676e-07  -1.945805e-07  -5.402431e-07  +5.163817e-08  -1.233698e-06  -6.478640e-06  -3.987644e-07  -1.304421e-07  +3.347266e-04  -1.109620e-07  +3.368138e-08  +6.117966e-05  +5.396180e-07  +2.096555e-08  +2.631015e-04  +2.280887e-07  +8.797102e-08  +4.484718e-05  
-1.527162e-07  +3.245110e-08  +4.761250e-08  +8.324296e-07  +9.225555e-08  -2.881468e-07  +8.179502e-07  +1.304003e-07  -2.560514e-08  +7.921268e-07  -4.387967e-06  +9.957849e-08  -2.330652e-08  +3.675972e-04  -1.496183e-07  +7.255504e-08  +3.316359e-04  +2.096555e-08  +2.125637e-07  +5.201423e-04  +1.236074e-08  +8.587333e-09  +2.758676e-04  
+1.001709e-03  +3.921870e-03  -1.211583e-02  +2.225781e-02  +8.649041e-04  -9.064566e-03  +4.679073e-02  -8.494499e-03  -1.331211e-03  +3.633605e-02  -2.872484e-01  +2.970694e-04  -1.143366e-03  +1.195808e+01  -1.949235e-03  +4.465626e-03  +1.427729e+01  +2.631015e-04  +5.201423e-04  +2.402579e+01  -7.978258e-04  +9.856100e-04  +2.008218e+01  
+8.857456e-08  -1.989619e-07  +1.137361e-06  -3.859685e-07  -3.341900e-07  +4.369335e-07  -2.209237e-06  +1.723364e-06  +1.009088e-07  -3.043598e-06  +7.507698e-06  -2.085448e-07  -9.317469e-08  -4.057830e-04  +1.253592e-07  -2.037709e-07  -7.890235e-04  +2.280887e-07  +1.236074e-08  -7.978258e-04  +4.317543e-07  +9.365517e-08  -1.056719e-03  
+3.967541e-08  +2.502586e-07  -5.744864e-07  +8.346242e-07  -2.727614e-07  -1.611745e-07  +9.983032e-07  +8.620545e-07  -1.665022e-10  +5.785752e-07  -1.278875e-05  -1.850143e-07  -6.506698e-08  +5.602928e-04  -4.166767e-08  +2.557767e-07  +1.821766e-04  +8.797102e-08  +8.587333e-09  +9.856100e-04  +9.365517e-08  +4.738631e-07  +3.064693e-04  
+1.942666e-03  +2.374822e-03  -9.494748e-03  +1.552817e-02  +1.534974e-03  -7.916655e-03  +4.415964e-02  -9.918424e-03  -1.299573e-03  +3.348802e-02  -2.479462e-01  +5.281981e-04  -1.069998e-03  +9.380464e+00  -1.594312e-03  +3.789214e-03  +1.331584e+01  +4.484718e-05  +2.758676e-04  +2.008218e+01  -1.056719e-03  +3.064693e-04  +1.947321e+01  
