mean:
+3.910781e+00  +3.896982e+00  +8.419567e-01  +1.310618e+00  +1.446502e+00  +5.974826e-01  +8.411183e-01  +1.362283e+00  +1.581272e-01  +1.917495e+00  +5.808184e+00  +3.485180e+00  +2.610881e+00  +2.013202e+02  +4.286323e+00  +5.275528e+00  +2.875252e+02  +5.349917e+00  +3.757392e+00  +3.235858e+02  +2.640470e+00  +4.558928e+00  +3.955886e+02  
covariance:
+4.726871e-06  -8.202952e-07  -8.244552e-06  -2.604910e-06  +1.929706e-07  -1.929854e-06  +1.418851e-05  -9.281447e-06  -5.055283e-06  +3.802152e-05  -6.859472e-05  -8.720774e-07  -1.286925e-06  -9.517206e-04  +2.291619e-07  +1.246426e-06  +2.377796e-03  +2.722841e-07  +9.183602e-07  +3.718415e-03  -4.791855e-07  +9.218271e-07  +1.181694e-03  
-8.202952e-07  +7.527151e-07  -7.300384e-07  -8.878931e-08  +1.493962e-07  -2.010700e-07  +1.154370e-06  -1.594365e-06  -4.869317e-07  +3.478537e-06  -6.965562e-06  -8.987475e-08  -1.155915e-07  +1.576975e-04  -3.681317e-08  +9.908754e-08  +5.564031e-05  -3.448961e-08  +1.174483e-07  +4.318201e-04  +4.397947e-08  +1.114630e-07  +3.112591e-04  
-8.244552e-06  -7.300384e-07  +3.572267e-05  +1.042814e-05  -2.770077e-06  +7.705041e-06  -5.596968e-05  +3.816083e-05  +1.871360e-05  -1.536861e-04  +2.742702e-04  +4.022280e-06  +5.423745e-06  +3.727543e-03  -1.212957e-06  -4.802922e-06  -8.923226e-03  -4.636353e-07  -4.492799e-06  -1.400044e-02  +1.693447e-06  -4.047362e-06  -6.275261e-03  
-2.604910e-06  -8.878931e-08  +1.042814e-05  +5.687735e-05  -1.700215e-06  +1.098900e-06  -1.767687e-05  -3.652459e-05  +5.793140e-06  -4.689267e-05  +8.130119e-05  +2.536459e-06  +3.290169e-06  +8.437761e-03  -2.285415e-06  -1.634102e-06  -8.594897e-03  +7.434486e-07  -2.977842e-06  -3.599691e-03  +1.035765e-06  +7.591012e-07  +3.012906e-03  
+1.929706e-07  +1.493962e-07  -2.770077e-06  -1.700215e-06  +1.571979e-06  -3.202213e-07  +4.177424e-06  -1.735923e-06  -1.196471e-06  +1.108932e-05  -1.947378e-05  -3.104948e-07  -3.436423e-07  -5.024540e-04  -1.497939e-08  +2.611136e-07  +7.064142e-04  +3.737783e-08  +3.744201e-07  +8.106892e-04  -1.183298e-07  +1.669639e-07  +2.403946e-04  
-1.929854e-06  -2.010700e-07  +7.705041e-06  +1.098900e-06  -3.202213e-07  +2.757899e-06  -1.282351e-05  +1.073851e-05  +4.277940e-06  -3.590465e-05  +6.774826e-05  +9.894848e-07  +1.079248e-06  +5.388686e-05  -1.740806e-07  -1.248876e-06  -1.552534e-03  -1.417283e-07  -9.512233e-07  -4.095523e-03  +2.539686e-07  -1.397237e-06  -1.803632e-03  
+1.418851e-05  +1.154370e-06  -5.596968e-05  -1.767687e-05  +4.177424e-06  -1.282351e-05  +9.915205e-05  -6.433990e-05  -3.211228e-05  +2.588459e-04  -4.632041e-04  -6.962019e-06  -9.119265e-06  -4.377181e-03  +7.230630e-07  +7.757202e-06  +1.479395e-02  +9.377792e-07  +7.216907e-06  +2.529113e-02  -2.407892e-06  +6.677685e-06  +8.996485e-03  
-9.281447e-06  -1.594365e-06  +3.816083e-05  -3.652459e-05  -1.735923e-06  +1.073851e-05  -6.433990e-05  +1.622840e-04  +2.347560e-05  -1.982040e-04  +3.675595e-04  +1.296331e-06  +4.702238e-06  -8.993893e-03  +1.066241e-06  -6.322406e-06  -4.550190e-03  -4.171905e-06  -6.744572e-07  -1.964521e-02  +3.334154e-07  -8.261987e-06  -1.654118e-02  
-5.055283e-06  -4.869317e-07  +1.871360e-05  +5.793140e-06  -1.196471e-06  +4.277940e-06  -3.211228e-05  +2.347560e-05  +1.153105e-05  -8.928034e-05  +1.529128e-04  +2.087652e-06  +3.011047e-06  +1.826605e-03  -3.646236e-07  -2.768448e-06  -5.353456e-03  -4.100288e-07  -2.296963e-06  -8.200220e-03  +8.584828e-07  -2.011117e-06  -3.354087e-03  
+3.802152e-05  +3.478537e-06  -1.536861e-04  -4.689267e-05  +1.108932e-05  -3.590465e-05  +2.588459e-04  -1.982040e-04  -8.928034e-05  +7.305225e-04  -1.270452e-03  -1.717858e-05  -2.537341e-05  -1.380918e-02  +3.716023e-06  +2.301682e-05  +4.327082e-02  +3.793480e-06  +1.810146e-05  +6.678528e-02  -6.286482e-06  +1.811303e-05  +2.962043e-02  
-6.859472e-05  -6.965562e-06  +2.742702e-04  +8.130119e-05  -1.947378e-05  +6.774826e-05  -4.632041e-04  +3.675595e-04  +1.529128e-04  -1.270452e-03  +2.400160e-03  +3.078768e-05  +4.756065e-05  +1.463190e-02  -7.074822e-06  -4.087607e-05  -7.050124e-02  -6.830527e-06  -3.041906e-05  -1.241303e-01  +9.923601e-06  -3.860650e-05  -5.511569e-02  
-8.720774e-07  -8.987475e-08  +4.022280e-06  +2.536459e-06  -3.104948e-07  +9.894848e-07  -6.962019e-06  +1.296331e-06  +2.087652e-06  -1.717858e-05  +3.078768e-05  +8.889358e-07  +6.119086e-07  +4.425760e-04  -8.531737e-08  -5.146839e-07  -9.646318e-04  +3.830090e-09  -7.135127e-07  -1.806299e-03  +1.251518e-07  -5.414648e-07  -4.094978e-04  
-1.286925e-06  -1.155915e-07  +5.423745e-06  +3.290169e-06  -3.436423e-07  +1.079248e-06  -9.119265e-06  +4.702238e-06  +3.011047e-06  -2.537341e-05  +4.756065e-05  +6.119086e-07  +1.535228e-06  +7.756781e-04  -4.139936e-07  -7.950330e-07  -1.977637e-03  -8.345994e-08  -6.918009e-07  -1.923812e-03  +2.694149e-07  -6.993417e-07  -9.113347e-04  
-9.517206e-04  +1.576975e-04  +3.727543e-03  +8.437761e-03  -5.024540e-04  +5.388686e-05  -4.377181e-03  -8.993893e-03  +1.826605e-03  -1.380918e-02  +1.463190e-02  +4.425760e-04  +7.756781e-04  +3.335424e+00  -7.172772e-04  -4.109637e-04  -2.420130e+00  +2.373191e-04  -9.962917e-04  -3.946113e-02  +6.666841e-04  +6.164750e-04  +6.715927e-01  
+2.291619e-07  -3.681317e-08  -1.212957e-06  -2.285415e-06  -1.497939e-08  -1.740806e-07  +7.230630e-07  +1.066241e-06  -3.646236e-07  +3.716023e-06  -7.074822e-06  -8.531737e-08  -4.139936e-07  -7.172772e-04  +6.636017e-07  +2.502675e-07  +7.695661e-04  -5.371148e-08  +2.194958e-07  -1.612735e-04  -2.273323e-07  +1.422886e-07  +2.507797e-04  
+1.246426e-06  +9.908754e-08  -4.802922e-06  -1.634102e-06  +2.611136e-07  -1.248876e-06  +7.757202e-06  -6.322406e-06  -2.768448e-06  +2.301682e-05  -4.087607e-05  -5.146839e-07  -7.950330e-07  -4.109637e-04  +2.502675e-07  +1.019478e-06  +1.352361e-03  +9.156785e-08  +5.392760e-07  +2.204210e-03  -1.690845e-07  +6.482387e-07  +1.160914e-03  
+2.377796e-03  +5.564031e-05  -8.923226e-03  -8.594897e-03  +7.064142e-04  -1.552534e-03  +1.479395e-02  -4.550190e-03  -5.353456e-03  +4.327082e-02  -7.050124e-02  -9.646318e-04  -1.977637e-03  -2.420130e+00  +7.695661e-04  +1.352361e-03  +4.174176e+00  +1.181652e-04  +1.230919e-03  +2.959148e+00  -5.919583e-04  +5.183183e-04  +9.941710e-01  
+2.722841e-07  -3.448961e-08  -4.636353e-07  +7.434486e-07  +3.737783e-08  -1.417283e-07  +9.377792e-07  -4.171905e-06  -4.100288e-07  +3.793480e-06  -6.830527e-06  +3.830090e-09  -8.345994e-08  +2.373191e-04  -5.371148e-08  +9.156785e-08  +1.181652e-04  +3.267776e-07  -1.343408e-07  +3.117776e-04  +8.839682e-08  +1.824893e-07  +3.712138e-04  
+9.183602e-07  +1.174483e-07  -4.492799e-06  -2.977842e-06  +3.744201e-07  -9.512233e-07  +7.216907e-06  -6.744572e-07  -2.296963e-06  +1.810146e-05  -3.041906e-05  -7.135127e-07  -6.918009e-07  -9.962917e-04  +2.194958e-07  +5.392760e-07  +1.230919e-03  -1.343408e-07  +1.010111e-06  +1.570653e-03  -3.895211e-07  +3.276756e-07  +3.185894e-04  
+3.718415e-03  +4.318201e-04  -1.400044e-02  -3.599691e-03  +8.106892e-04  -4.095523e-03  +2.529113e-02  -1.964521e-02  -8.200220e-03  +6.678528e-02  -1.241303e-01  -1.806299e-03  -1.923812e-03  -3.946113e-02  -1.612735e-04  +2.204210e-03  +2.959148e+00  +3.117776e-04  +1.570653e-03  +8.304489e+00  -2.466052e-04  +2.096380e-03  +2.701559e+00  
-4.791855e-07  +4.397947e-08  +1.693447e-06  +1.035765e-06  -1.183298e-07  +2.539686e-07  -2.407892e-06  +3.334154e-07  +8.584828e-07  -6.286482e-06  +9.923601e-06  +1.251518e-07  +2.694149e-07  +6.666841e-04  -2.273323e-07  -1.690845e-07  -5.919583e-04  +8.839682e-08  -3.895211e-07  -2.466052e-04  +4.648100e-07  -1.622940e-08  -5.708037e-05  
+9.218271e-07  +1.114630e-07  -4.047362e-06  +7.591012e-07  +1.669639e-07  -1.397237e-06  +6.677685e-06  -8.261987e-06  -2.011117e-06  +1.811303e-05  -3.860650e-05  -5.414648e-07  -6.993417e-07  +6.164750e-04  +1.422886e-07  +6.482387e-07  +5.183183e-04  +1.824893e-07  +3.276756e-07  +2.096380e-03  -1.622940e-08  +1.199706e-06  +1.354258e-03  
+1.181694e-03  +3.112591e-04  -6.275261e-03  +3.012906e-03  +2.403946e-04  -1.803632e-03  +8.996485e-03  -1.654118e-02  -3.354087e-03  +2.962043e-02  -5.511569e-02  -4.094978e-04  -9.113347e-04  +6.715927e-01  +2.507797e-04  +1.160914e-03  +9.941710e-01  +3.712138e-04  +3.185894e-04  +2.701559e+00  -5.708037e-05  +1.354258e-03  +2.779932e+00  
