mean:
+3.967748e+00  +4.003167e+00  +6.060275e-01  +2.007488e+00  +1.302149e+00  +6.043926e-01  +8.333660e-01  +2.208128e+00  +3.882229e-02  +3.890331e+00  +5.869210e+00  +4.623926e+00  +3.190916e+00  +3.280582e+02  +2.670863e+00  +3.677773e+00  +4.569965e+02  +4.719960e+00  +4.880047e+00  +8.025583e+02  +3.939211e+00  +5.173307e+00  +4.381480e+02  
covariance:
+2.409991e-06  -9.438961e-07  +1.415443e-06  +4.034180e-06  -2.549794e-07  +3.418379e-07  +8.514995e-07  +5.168446e-07  -5.284726e-08  +4.375982e-06  -1.390153e-05  -1.887147e-07  +2.182227e-08  -1.536190e-04  +1.782617e-08  +6.996511e-08  +6.722199e-04  -5.822215e-08  -1.324151e-07  +7.307882e-04  +1.326274e-07  +5.219017e-08  +9.935864e-04  
-9.438961e-07  +4.998328e-06  -2.277646e-06  -6.783795e-06  +2.048193e-08  -5.536536e-07  +1.160203e-07  +3.356499e-06  +3.596937e-08  -4.438773e-06  +1.409526e-05  +4.636583e-07  -3.049812e-07  +3.235746e-04  -1.482907e-08  +6.728378e-08  -1.610389e-04  +3.649564e-08  -5.681189e-09  -4.271943e-04  -4.110483e-07  -2.263684e-07  -8.572392e-04  
+1.415443e-06  -2.277646e-06  +2.053396e-05  +2.696348e-05  -5.794867e-06  +1.911553e-06  +4.810977e-07  -2.087525e-06  -1.938576e-07  +2.877525e-05  -8.653272e-05  -5.969300e-07  -5.914281e-07  -1.472230e-03  +2.649088e-07  -3.724337e-07  +5.676248e-03  -8.971039e-07  -9.977038e-07  +5.434420e-03  +1.109988e-06  +2.405079e-07  +5.748968e-03  
+4.034180e-06  -6.783795e-06  +2.696348e-05  +2.086013e-04  +3.969430e-06  +7.934037e-06  +5.987895e-05  +7.018695e-05  -3.711767e-06  +1.878024e-04  -5.043700e-04  -3.335133e-06  +3.447613e-06  +6.497016e-04  +4.504146e-07  +3.553958e-06  +3.251991e-02  +6.439941e-07  -1.033011e-06  +4.356118e-02  -2.657135e-06  +1.733084e-06  +3.596042e-02  
-2.549794e-07  +2.048193e-08  -5.794867e-06  +3.969430e-06  +1.824559e-05  +5.680123e-07  +6.842709e-06  +1.135621e-05  -2.438519e-07  +3.983488e-06  +2.991712e-06  -2.517549e-08  +9.990011e-07  +3.417746e-04  +1.825018e-08  +4.162853e-07  +4.746996e-04  +5.617169e-07  +8.153386e-07  +1.028077e-03  -5.831635e-07  -4.937589e-07  +4.229641e-04  
+3.418379e-07  -5.536536e-07  +1.911553e-06  +7.934037e-06  +5.680123e-07  +1.054656e-06  +4.232640e-06  +3.116597e-06  -2.427057e-07  +1.065950e-05  -2.551040e-05  -6.984491e-08  -4.842064e-08  -2.819949e-04  -4.066938e-08  +2.984752e-07  +2.075380e-03  +3.419598e-08  +4.826188e-08  +1.650450e-03  +1.123176e-07  +1.120710e-07  +2.129984e-03  
+8.514995e-07  +1.160203e-07  +4.810977e-07  +5.987895e-05  +6.842709e-06  +4.232640e-06  +3.856066e-05  +4.326587e-05  -2.094780e-06  +7.838317e-05  -1.880925e-04  +1.037071e-07  +6.173377e-07  +1.360455e-04  -5.781600e-07  +2.341846e-06  +1.614975e-02  +9.743229e-07  +2.656530e-07  +1.793217e-02  -1.791030e-06  +6.848814e-07  +1.587698e-02  
+5.168446e-07  +3.356499e-06  -2.087525e-06  +7.018695e-05  +1.135621e-05  +3.116597e-06  +4.326587e-05  +9.439201e-05  -2.308557e-06  +9.240783e-05  -2.399454e-04  +9.845357e-07  +9.848437e-07  +9.351325e-04  -3.722504e-07  +1.380517e-06  +1.987681e-02  +5.403360e-07  -5.499823e-07  +2.839992e-02  -3.313878e-06  +8.548083e-07  +1.889419e-02  
-5.284726e-08  +3.596937e-08  -1.938576e-07  -3.711767e-06  -2.438519e-07  -2.427057e-07  -2.094780e-06  -2.308557e-06  +1.451520e-07  -4.705670e-06  +1.094397e-05  +8.818363e-09  -2.415191e-08  -8.617637e-07  +2.749302e-08  -1.321086e-07  -9.508125e-04  -4.012895e-08  -1.044032e-08  -1.020792e-03  +8.726946e-08  -4.009578e-08  -9.222718e-04  
+4.375982e-06  -4.438773e-06  +2.877525e-05  +1.878024e-04  +3.983488e-06  +1.065950e-05  +7.838317e-05  +9.240783e-05  -4.705670e-06  +2.222351e-04  -5.684034e-04  -1.299761e-06  +1.302101e-06  -6.227746e-04  -1.523086e-07  +4.730013e-06  +4.218002e-02  +1.033899e-07  -1.495731e-06  +4.941428e-02  -2.515357e-06  +2.282064e-06  +4.374858e-02  
-1.390153e-05  +1.409526e-05  -8.653272e-05  -5.043700e-04  +2.991712e-06  -2.551040e-05  -1.880925e-04  -2.399454e-04  +1.094397e-05  -5.684034e-04  +1.652444e-03  +4.447413e-06  -6.420742e-06  +2.371368e-03  -1.404215e-06  -9.438049e-06  -1.079022e-01  +1.270875e-06  +7.633829e-06  -1.462623e-01  +7.925158e-06  -7.340563e-06  -1.208898e-01  
-1.887147e-07  +4.636583e-07  -5.969300e-07  -3.335133e-06  -2.517549e-08  -6.984491e-08  +1.037071e-07  +9.845357e-07  +8.818363e-09  -1.299761e-06  +4.447413e-06  +4.255671e-07  -1.609922e-07  +1.781154e-05  -7.117512e-08  -2.507959e-08  -5.120861e-05  -4.322328e-08  +4.004081e-08  -1.540031e-04  -3.006353e-08  +1.608952e-08  -2.136123e-04  
+2.182227e-08  -3.049812e-07  -5.914281e-07  +3.447613e-06  +9.990011e-07  -4.842064e-08  +6.173377e-07  +9.848437e-07  -2.415191e-08  +1.302101e-06  -6.420742e-06  -1.609922e-07  +5.054351e-07  +1.087648e-04  +3.864810e-08  -5.126128e-08  +4.499281e-05  +5.857894e-08  +1.355727e-08  +9.690876e-04  -1.520020e-07  +2.602182e-08  +3.573595e-04  
-1.536190e-04  +3.235746e-04  -1.472230e-03  +6.497016e-04  +3.417746e-04  -2.819949e-04  +1.360455e-04  +9.351325e-04  -8.617637e-07  -6.227746e-04  +2.371368e-03  +1.781154e-05  +1.087648e-04  +4.438996e-01  -8.831577e-05  +3.209633e-06  -2.574170e-01  +1.134624e-04  +5.455699e-05  +1.107896e-01  -2.218087e-04  -6.719224e-05  -2.729112e-01  
+1.782617e-08  -1.482907e-08  +2.649088e-07  +4.504146e-07  +1.825018e-08  -4.066938e-08  -5.781600e-07  -3.722504e-07  +2.749302e-08  -1.523086e-07  -1.404215e-06  -7.117512e-08  +3.864810e-08  -8.831577e-05  +3.037194e-07  +2.703601e-08  -2.109404e-04  -4.906367e-08  -4.227774e-08  -1.817632e-05  +7.060247e-08  -1.836657e-08  -8.477770e-05  
+6.996511e-08  +6.728378e-08  -3.724337e-07  +3.553958e-06  +4.162853e-07  +2.984752e-07  +2.341846e-06  +1.380517e-06  -1.321086e-07  +4.730013e-06  -9.438049e-06  -2.507959e-08  -5.126128e-08  +3.209633e-06  +2.703601e-08  +4.408494e-07  +7.569301e-04  +1.652771e-08  +8.090339e-08  +4.622019e-04  -8.818115e-08  +3.807419e-08  +7.732328e-04  
+6.722199e-04  -1.610389e-04  +5.676248e-03  +3.251991e-02  +4.746996e-04  +2.075380e-03  +1.614975e-02  +1.987681e-02  -9.508125e-04  +4.218002e-02  -1.079022e-01  -5.120861e-05  +4.499281e-05  -2.574170e-01  -2.109404e-04  +7.569301e-04  +9.363988e+00  +9.861676e-05  -3.981345e-04  +9.962031e+00  -5.947535e-04  +4.120125e-04  +9.032592e+00  
-5.822215e-08  +3.649564e-08  -8.971039e-07  +6.439941e-07  +5.617169e-07  +3.419598e-08  +9.743229e-07  +5.403360e-07  -4.012895e-08  +1.033899e-07  +1.270875e-06  -4.322328e-08  +5.857894e-08  +1.134624e-04  -4.906367e-08  +1.652771e-08  +9.861676e-05  +2.673344e-07  +8.545314e-08  +6.891914e-05  -6.012409e-08  -3.071974e-08  -9.783359e-06  
-1.324151e-07  -5.681189e-09  -9.977038e-07  -1.033011e-06  +8.153386e-07  +4.826188e-08  +2.656530e-07  -5.499823e-07  -1.044032e-08  -1.495731e-06  +7.633829e-06  +4.004081e-08  +1.355727e-08  +5.455699e-05  -4.227774e-08  +8.090339e-08  -3.981345e-04  +8.545314e-08  +2.452653e-07  -7.478571e-04  +2.048103e-08  -5.892611e-08  -5.120511e-04  
+7.307882e-04  -4.271943e-04  +5.434420e-03  +4.356118e-02  +1.028077e-03  +1.650450e-03  +1.793217e-02  +2.839992e-02  -1.020792e-03  +4.941428e-02  -1.462623e-01  -1.540031e-04  +9.690876e-04  +1.107896e-01  -1.817632e-05  +4.622019e-04  +9.962031e+00  +6.891914e-05  -7.478571e-04  +1.560990e+01  -1.240526e-03  +6.925056e-04  +1.087434e+01  
+1.326274e-07  -4.110483e-07  +1.109988e-06  -2.657135e-06  -5.831635e-07  +1.123176e-07  -1.791030e-06  -3.313878e-06  +8.726946e-08  -2.515357e-06  +7.925158e-06  -3.006353e-08  -1.520020e-07  -2.218087e-04  +7.060247e-08  -8.818115e-08  -5.947535e-04  -6.012409e-08  +2.048103e-08  -1.240526e-03  +5.061478e-07  +4.345618e-08  -5.820354e-04  
+5.219017e-08  -2.263684e-07  +2.405079e-07  +1.733084e-06  -4.937589e-07  +1.120710e-07  +6.848814e-07  +8.548083e-07  -4.009578e-08  +2.282064e-06  -7.340563e-06  +1.608952e-08  +2.602182e-08  -6.719224e-05  -1.836657e-08  +3.807419e-08  +4.120125e-04  -3.071974e-08  -5.892611e-08  +6.925056e-04  +4.345618e-08  +2.168766e-07  +5.756021e-04  
+9.935864e-04  -8.572392e-04  +5.748968e-03  +3.596042e-02  +4.229641e-04  +2.129984e-03  +1.587698e-02  +1.889419e-02  -9.222718e-04  +4.374858e-02  -1.208898e-01  -2.136123e-04  +3.573595e-04  -2.729112e-01  -8.477770e-05  +7.732328e-04  +9.032592e+00  -9.783359e-06  -5.120511e-04  +1.087434e+01  -5.820354e-04  +5.756021e-04  +9.828909e+00  
