mean:
+3.941514e+00  +3.934161e+00  +8.324258e-01  +1.254200e+00  +1.428074e+00  +4.964621e-01  +8.060004e-01  +1.388362e+00  +1.686798e-01  +1.868386e+00  +5.988654e+00  +3.549224e+00  +2.642073e+00  +2.028460e+02  +4.274445e+00  +5.294490e+00  +2.811175e+02  +5.393975e+00  +3.767365e+00  +3.267347e+02  +2.640761e+00  +4.559486e+00  +3.912504e+02  
covariance:
+1.533283e-04  +1.042590e-05  -7.346943e-06  -4.623635e-05  +2.377174e-06  +1.085160e-06  -7.890112e-06  -6.926923e-05  +3.240675e-06  +2.525737e-04  -5.242784e-05  +5.101940e-07  -1.068879e-04  -1.242225e-03  -1.453192e-04  -1.512118e-06  +1.655671e-02  -5.266219e-05  -8.890035e-05  +1.349962e-02  +4.187494e-06  +6.055559e-07  -3.516212e-03  
+1.042590e-05  +6.721868e-06  -6.740216e-07  +1.001202e-05  +3.480762e-07  -3.170365e-07  +2.333182e-06  +2.101557e-06  -7.548953e-07  +2.424065e-05  -2.431440e-06  +2.455160e-07  -9.352718e-06  -2.677461e-04  -1.317691e-05  +3.467449e-07  +1.542939e-03  -4.533042e-06  -8.447941e-06  +1.019855e-03  +3.288137e-08  +5.371306e-08  +2.808842e-04  
-7.346943e-06  -6.740216e-07  +2.419751e-05  +9.416446e-05  -6.321182e-06  -5.077358e-07  +2.731892e-05  +4.307403e-05  -1.520583e-05  +9.035503e-05  -8.205040e-05  -2.187282e-06  -2.652137e-05  -1.397719e-03  -2.614097e-05  +3.571269e-06  +8.861958e-03  -1.307627e-05  -2.132070e-05  +2.094814e-05  -2.321318e-06  -1.324015e-06  +5.990037e-03  
-4.623635e-05  +1.001202e-05  +9.416446e-05  +8.580968e-04  -4.417836e-05  +4.366729e-06  +2.110203e-04  +2.437643e-04  -8.658589e-05  +4.652393e-04  -5.172901e-04  -1.158553e-05  -1.047186e-04  +2.207088e-03  -7.421598e-05  +3.417664e-05  +4.141684e-02  -4.695754e-05  -7.490049e-05  +8.380588e-03  -1.758459e-05  -7.551206e-06  +4.997795e-02  
+2.377174e-06  +3.480762e-07  -6.321182e-06  -4.417836e-05  +8.750806e-06  +3.572534e-07  -1.106700e-05  -1.410091e-05  +6.741191e-06  -4.081452e-05  +3.323062e-05  +1.033635e-06  +1.167565e-05  +6.003596e-04  +1.207696e-05  -1.865843e-06  -3.342024e-03  +5.246602e-06  +9.574183e-06  -7.141804e-04  +1.049918e-06  +2.873612e-07  -3.018285e-03  
+1.085160e-06  -3.170365e-07  -5.077358e-07  +4.366729e-06  +3.572534e-07  +2.084082e-06  +2.225025e-07  -1.165582e-05  +1.708877e-06  -1.071154e-05  +4.583595e-06  +2.983361e-08  +4.697005e-06  +1.042236e-03  +8.276391e-06  +5.635221e-07  -1.695249e-03  +3.098918e-06  +5.314867e-06  -3.632447e-04  +8.079084e-07  +2.804834e-07  -4.060126e-04  
-7.890112e-06  +2.333182e-06  +2.731892e-05  +2.110203e-04  -1.106700e-05  +2.225025e-07  +6.299486e-05  +6.883687e-05  -2.669134e-05  +1.565790e-04  -1.679173e-04  -1.820758e-06  -3.761316e-05  +1.479654e-03  -3.440000e-05  +1.025204e-05  +1.334101e-02  -1.781758e-05  -2.968740e-05  +3.723505e-03  -4.934716e-06  -2.522359e-06  +1.319619e-02  
-6.926923e-05  +2.101557e-06  +4.307403e-05  +2.437643e-04  -1.410091e-05  -1.165582e-05  +6.883687e-05  +2.822714e-04  -5.138373e-05  +2.158609e-04  -1.142486e-04  -3.798898e-06  -5.935402e-05  -1.394814e-02  -7.696009e-05  +8.058934e-06  +3.167469e-02  -3.784190e-05  -5.922138e-05  -1.536525e-03  -1.184402e-05  -8.033742e-06  +1.289894e-02  
+3.240675e-06  -7.548953e-07  -1.520583e-05  -8.658589e-05  +6.741191e-06  +1.708877e-06  -2.669134e-05  -5.138373e-05  +2.433709e-05  -1.556768e-04  +8.804167e-05  +2.650215e-06  +4.426499e-05  +3.683870e-03  +5.829976e-05  -4.053087e-06  -1.278927e-02  +2.334591e-05  +4.167121e-05  -1.765271e-03  +2.863857e-06  +1.989462e-06  -4.408343e-03  
+2.525737e-04  +2.424065e-05  +9.035503e-05  +4.652393e-04  -4.081452e-05  -1.071154e-05  +1.565790e-04  +2.158609e-04  -1.556768e-04  +1.557775e-03  -7.640902e-04  -1.760130e-05  -5.046681e-04  -2.793208e-02  -6.782969e-04  +2.311510e-05  +1.169590e-01  -2.592966e-04  -4.590202e-04  +3.846669e-02  -1.270921e-05  -1.113611e-05  +2.478869e-02  
-5.242784e-05  -2.431440e-06  -8.205040e-05  -5.172901e-04  +3.323062e-05  +4.583595e-06  -1.679173e-04  -1.142486e-04  +8.804167e-05  -7.640902e-04  +1.048589e-03  +7.248530e-06  +1.973588e-04  -1.280303e-02  +2.229389e-04  -2.572049e-05  -4.494936e-02  +9.279327e-05  +1.803838e-04  -3.573788e-02  +2.037248e-05  +5.171489e-07  -5.586850e-02  
+5.101940e-07  +2.455160e-07  -2.187282e-06  -1.158553e-05  +1.033635e-06  +2.983361e-08  -1.820758e-06  -3.798898e-06  +2.650215e-06  -1.760130e-05  +7.248530e-06  +1.152743e-06  +5.624147e-06  +9.582559e-04  +7.214939e-06  -1.607899e-07  -1.498587e-03  +2.825134e-06  +5.193911e-06  +2.182562e-04  +1.845298e-07  +1.822948e-07  -8.866721e-05  
-1.068879e-04  -9.352718e-06  -2.652137e-05  -1.047186e-04  +1.167565e-05  +4.697005e-06  -3.761316e-05  -5.935402e-05  +4.426499e-05  -5.046681e-04  +1.973588e-04  +5.624147e-06  +1.772079e-04  +1.120067e-02  +2.407519e-04  -4.310836e-06  -3.988249e-02  +9.112306e-05  +1.587510e-04  -1.275417e-02  +2.879307e-06  +3.306356e-06  -4.283594e-03  
-1.242225e-03  -2.677461e-04  -1.397719e-03  +2.207088e-03  +6.003596e-04  +1.042236e-03  +1.479654e-03  -1.394814e-02  +3.683870e-03  -2.793208e-02  -1.280303e-02  +9.582559e-04  +1.120067e-02  +3.003486e+00  +1.722478e-02  +5.821662e-04  -3.324118e+00  +6.423202e-03  +1.087516e-02  +6.251931e-01  +1.017785e-04  +5.719438e-04  +1.190832e+00  
-1.453192e-04  -1.317691e-05  -2.614097e-05  -7.421598e-05  +1.207696e-05  +8.276391e-06  -3.440000e-05  -7.696009e-05  +5.829976e-05  -6.782969e-04  +2.229389e-04  +7.214939e-06  +2.407519e-04  +1.722478e-02  +3.391114e-04  -3.157245e-06  -5.378145e-02  +1.260171e-04  +2.209543e-04  -1.675390e-02  +3.633631e-06  +4.770765e-06  -2.375318e-04  
-1.512118e-06  +3.467449e-07  +3.571269e-06  +3.417664e-05  -1.865843e-06  +5.635221e-07  +1.025204e-05  +8.058934e-06  -4.053087e-06  +2.311510e-05  -2.572049e-05  -1.607899e-07  -4.310836e-06  +5.821662e-04  -3.157245e-06  +2.380354e-06  +1.628594e-03  -1.911806e-06  -3.414798e-06  +6.843568e-04  -4.591001e-07  -4.780176e-07  +1.568047e-03  
+1.655671e-02  +1.542939e-03  +8.861958e-03  +4.141684e-02  -3.342024e-03  -1.695249e-03  +1.334101e-02  +3.167469e-02  -1.278927e-02  +1.169590e-01  -4.494936e-02  -1.498587e-03  -3.988249e-02  -3.324118e+00  -5.378145e-02  +1.628594e-03  +1.095622e+01  -2.130380e-02  -3.579082e-02  +2.247697e+00  -1.467757e-03  -1.528101e-03  +1.381125e+00  
-5.266219e-05  -4.533042e-06  -1.307627e-05  -4.695754e-05  +5.246602e-06  +3.098918e-06  -1.781758e-05  -3.784190e-05  +2.334591e-05  -2.592966e-04  +9.279327e-05  +2.825134e-06  +9.112306e-05  +6.423202e-03  +1.260171e-04  -1.911806e-06  -2.130380e-02  +4.801742e-05  +8.268716e-05  -6.324876e-03  +1.709143e-06  +2.192758e-06  -1.303659e-03  
-8.890035e-05  -8.447941e-06  -2.132070e-05  -7.490049e-05  +9.574183e-06  +5.314867e-06  -2.968740e-05  -5.922138e-05  +4.167121e-05  -4.590202e-04  +1.803838e-04  +5.193911e-06  +1.587510e-04  +1.087516e-02  +2.209543e-04  -3.414798e-06  -3.579082e-02  +8.268716e-05  +1.467018e-04  -1.124275e-02  +3.013835e-06  +3.279376e-06  -2.282732e-03  
+1.349962e-02  +1.019855e-03  +2.094814e-05  +8.380588e-03  -7.141804e-04  -3.632447e-04  +3.723505e-03  -1.536525e-03  -1.765271e-03  +3.846669e-02  -3.573788e-02  +2.182562e-04  -1.275417e-02  +6.251931e-01  -1.675390e-02  +6.843568e-04  +2.247697e+00  -6.324876e-03  -1.124275e-02  +3.096071e+00  -4.197488e-04  +1.386968e-04  +1.521782e+00  
+4.187494e-06  +3.288137e-08  -2.321318e-06  -1.758459e-05  +1.049918e-06  +8.079084e-07  -4.934716e-06  -1.184402e-05  +2.863857e-06  -1.270921e-05  +2.037248e-05  +1.845298e-07  +2.879307e-06  +1.017785e-04  +3.633631e-06  -4.591001e-07  -1.467757e-03  +1.709143e-06  +3.013835e-06  -4.197488e-04  +1.416251e-06  +2.433564e-07  -1.689401e-03  
+6.055559e-07  +5.371306e-08  -1.324015e-06  -7.551206e-06  +2.873612e-07  +2.804834e-07  -2.522359e-06  -8.033742e-06  +1.989462e-06  -1.113611e-05  +5.171489e-07  +1.822948e-07  +3.306356e-06  +5.719438e-04  +4.770765e-06  -4.780176e-07  -1.528101e-03  +2.192758e-06  +3.279376e-06  +1.386968e-04  +2.433564e-07  +8.041536e-07  +2.714753e-04  
-3.516212e-03  +2.808842e-04  +5.990037e-03  +4.997795e-02  -3.018285e-03  -4.060126e-04  +1.319619e-02  +1.289894e-02  -4.408343e-03  +2.478869e-02  -5.586850e-02  -8.866721e-05  -4.283594e-03  +1.190832e+00  -2.375318e-04  +1.568047e-03  +1.381125e+00  -1.303659e-03  -2.282732e-03  +1.521782e+00  -1.689401e-03  +2.714753e-04  +6.434746e+00  
