mean:
+3.982413e+00  +3.940196e+00  +6.388815e-01  -1.087726e+00  +1.668530e+00  +5.044387e-01  +9.042942e-01  +2.082616e+00  +1.494610e-01  +1.960647e+00  +4.856202e+00  +1.839450e+00  +2.983529e+00  +8.041049e+02  +4.959909e+00  +4.479931e+00  +2.004367e+03  
covariance:
+2.602791e-06  +2.067733e-07  -1.382747e-06  +5.532647e-06  +1.827032e-05  +3.183782e-08  -4.763997e-07  -2.844821e-06  +5.335790e-07  +2.389366e-07  -4.844272e-05  +1.237560e-07  -2.576995e-08  +2.377638e-04  -1.451280e-08  -1.387231e-08  +1.357362e-03  
+2.067733e-07  +2.921334e-06  +1.501054e-06  -7.492861e-06  -2.577510e-05  +2.420185e-07  +1.649838e-06  +5.593365e-06  -5.908405e-07  -1.728799e-06  +6.680529e-05  -1.095037e-07  -2.360037e-08  -2.222259e-04  +2.442184e-08  -1.780476e-08  -3.207958e-03  
-1.382747e-06  +1.501054e-06  +2.686752e-05  -3.588318e-06  -6.749235e-05  +4.936296e-07  +3.437191e-06  -1.363879e-06  -1.474214e-06  -1.982247e-06  +1.228563e-04  +1.182072e-07  -1.624025e-07  -2.820743e-03  +2.126671e-07  -8.117433e-08  +4.200195e-03  
+5.532647e-06  -7.492861e-06  -3.588318e-06  +1.466787e-04  +1.192302e-04  +1.024167e-06  +1.005355e-05  -4.917987e-05  +9.955774e-07  +1.954216e-05  -4.061949e-04  +2.041830e-06  -5.574116e-07  +1.199766e-03  -1.487926e-07  -2.442086e-07  +3.055901e-02  
+1.827032e-05  -2.577510e-05  -6.749235e-05  +1.192302e-04  +9.210276e-04  -9.261234e-06  -6.006681e-05  -1.506336e-04  +2.829182e-05  +9.650129e-06  -1.968143e-03  +3.104612e-06  -1.088558e-07  +9.302809e-03  -2.124260e-06  +2.809631e-07  +7.206036e-02  
+3.183782e-08  +2.420185e-07  +4.936296e-07  +1.024167e-06  -9.261234e-06  +1.439027e-06  +1.551473e-06  +6.228085e-06  -5.554808e-07  +1.855083e-06  +1.167283e-05  +5.265684e-08  -8.240076e-08  +1.294542e-04  +2.303766e-08  -7.085379e-08  -1.759460e-04  
-4.763997e-07  +1.649838e-06  +3.437191e-06  +1.005355e-05  -6.006681e-05  +1.551473e-06  +1.709734e-05  +9.531126e-06  -3.469919e-06  +4.153169e-07  +1.255644e-04  -1.934181e-07  +4.572601e-09  -5.367486e-04  +1.643198e-07  -6.762407e-08  -3.008974e-03  
-2.844821e-06  +5.593365e-06  -1.363879e-06  -4.917987e-05  -1.506336e-04  +6.228085e-06  +9.531126e-06  +1.465636e-04  -1.812712e-06  -2.428854e-05  +3.526183e-04  +1.893403e-07  +1.575653e-07  -8.532736e-04  +4.186831e-07  -5.970079e-07  -3.613222e-02  
+5.335790e-07  -5.908405e-07  -1.474214e-06  +9.955774e-07  +2.829182e-05  -5.554808e-07  -3.469919e-06  -1.812712e-06  +1.737670e-06  -3.108382e-06  -6.171017e-05  +1.362197e-07  -6.111319e-09  +8.882975e-05  -8.225943e-08  -5.589415e-09  +1.039746e-03  
+2.389366e-07  -1.728799e-06  -1.982247e-06  +1.954216e-05  +9.650129e-06  +1.855083e-06  +4.153169e-07  -2.428854e-05  -3.108382e-06  +2.879515e-05  -6.126978e-05  +1.405965e-08  -1.903971e-07  +1.593826e-03  +3.891070e-08  +8.545652e-08  +1.159822e-02  
-4.844272e-05  +6.680529e-05  +1.228563e-04  -4.061949e-04  -1.968143e-03  +1.167283e-05  +1.255644e-04  +3.526183e-04  -6.171017e-05  -6.126978e-05  +4.856813e-03  -8.901049e-06  +1.506747e-06  -1.836318e-02  +3.539338e-06  -4.457278e-08  -1.950276e-01  
+1.237560e-07  -1.095037e-07  +1.182072e-07  +2.041830e-06  +3.104612e-06  +5.265684e-08  -1.934181e-07  +1.893403e-07  +1.362197e-07  +1.405965e-08  -8.901049e-06  +1.786347e-07  -7.360442e-09  -1.367155e-06  -1.048827e-08  +1.002486e-08  +5.815082e-04  
-2.576995e-08  -2.360037e-08  -1.624025e-07  -5.574116e-07  -1.088558e-07  -8.240076e-08  +4.572601e-09  +1.575653e-07  -6.111319e-09  -1.903971e-07  +1.506747e-06  -7.360442e-09  +1.711660e-07  -8.358435e-05  +1.313068e-08  +1.395016e-08  -3.789311e-04  
+2.377638e-04  -2.222259e-04  -2.820743e-03  +1.199766e-03  +9.302809e-03  +1.294542e-04  -5.367486e-04  -8.532736e-04  +8.882975e-05  +1.593826e-03  -1.836318e-02  -1.367155e-06  -8.358435e-05  +1.115715e+00  -4.504950e-05  -1.851649e-05  -9.334025e-01  
-1.451280e-08  +2.442184e-08  +2.126671e-07  -1.487926e-07  -2.124260e-06  +2.303766e-08  +1.643198e-07  +4.186831e-07  -8.225943e-08  +3.891070e-08  +3.539338e-06  -1.048827e-08  +1.313068e-08  -4.504950e-05  +9.413910e-08  -4.697360e-09  -1.166266e-04  
-1.387231e-08  -1.780476e-08  -8.117433e-08  -2.442086e-07  +2.809631e-07  -7.085379e-08  -6.762407e-08  -5.970079e-07  -5.589415e-09  +8.545652e-08  -4.457278e-08  +1.002486e-08  +1.395016e-08  -1.851649e-05  -4.697360e-09  +9.997987e-08  +2.763020e-04  
+1.357362e-03  -3.207958e-03  +4.200195e-03  +3.055901e-02  +7.206036e-02  -1.759460e-04  -3.008974e-03  -3.613222e-02  +1.039746e-03  +1.159822e-02  -1.950276e-01  +5.815082e-04  -3.789311e-04  -9.334025e-01  -1.166266e-04  +2.763020e-04  +2.716965e+01  
