mean:
+3.962764e+00  +3.926408e+00  +5.769018e-01  -1.172124e+00  +1.695501e+00  +4.847578e-01  +9.206660e-01  +2.013035e+00  +1.495140e-01  +2.032508e+00  +4.781968e+00  +1.635059e+00  +2.882533e+00  +8.097675e+02  +4.799599e+00  +4.399368e+00  +2.021574e+03  
covariance:
+7.421545e-06  +8.075375e-07  -1.147538e-05  -4.103700e-06  +3.645035e-06  +3.439087e-07  +8.040247e-06  -3.211293e-06  -1.850191e-07  +5.160103e-06  -4.063863e-05  +1.098925e-07  -1.591471e-07  +6.497023e-04  -1.196070e-07  +4.147148e-08  -2.173953e-03  
+8.075375e-07  +8.396043e-06  -2.481005e-06  +4.407575e-06  +1.995968e-06  +1.103183e-06  +4.194580e-06  +4.314345e-06  +5.042325e-08  -7.641078e-07  -5.129493e-06  +2.053677e-07  +3.409812e-07  +1.579480e-03  +5.341259e-08  -3.244041e-08  -3.693377e-04  
-1.147538e-05  -2.481005e-06  +3.814794e-04  +4.653124e-05  -4.573583e-05  +8.212173e-05  -2.133994e-04  +4.327355e-04  +5.987844e-05  -6.233528e-04  +2.050199e-03  -6.282434e-06  -4.691990e-06  -2.382832e-02  -1.637771e-06  +4.928930e-06  -1.684374e-01  
-4.103700e-06  +4.407575e-06  +4.653124e-05  +2.285716e-04  +1.791774e-05  -8.307959e-06  -3.406944e-05  +1.005991e-04  +4.775167e-06  -4.934949e-05  +2.153119e-04  -3.821782e-07  +5.637738e-06  +6.521290e-03  -2.010038e-06  -1.209575e-06  +2.670786e-02  
+3.645035e-06  +1.995968e-06  -4.573583e-05  +1.791774e-05  +4.100332e-05  -1.158252e-05  +2.320863e-05  -3.347991e-05  -5.516593e-06  +6.213971e-05  -1.707671e-04  -4.453337e-08  +1.765100e-06  +6.711528e-03  -7.692118e-07  -2.053922e-06  +2.125875e-02  
+3.439087e-07  +1.103183e-06  +8.212173e-05  -8.307959e-06  -1.158252e-05  +3.498437e-05  -4.802671e-05  +1.499416e-04  +1.879287e-05  -1.897094e-04  +5.391201e-04  -2.532391e-06  -9.107154e-07  -1.097472e-02  -7.264737e-07  +1.620148e-06  -6.960126e-02  
+8.040247e-06  +4.194580e-06  -2.133994e-04  -3.406944e-05  +2.320863e-05  -4.802671e-05  +1.604036e-04  -3.229759e-04  -3.660667e-05  +3.575376e-04  -1.249251e-03  +4.438371e-06  +1.488278e-06  +2.020805e-02  +2.452931e-07  -1.742701e-06  +9.894296e-02  
-3.211293e-06  +4.314345e-06  +4.327355e-04  +1.005991e-04  -3.347991e-05  +1.499416e-04  -3.229759e-04  +1.108414e-03  +9.875689e-05  -9.410120e-04  +2.869267e-03  -1.176421e-05  +1.651404e-06  -5.308615e-02  -1.574506e-06  +4.569019e-06  -3.124192e-01  
-1.850191e-07  +5.042325e-08  +5.987844e-05  +4.775167e-06  -5.516593e-06  +1.879287e-05  -3.660667e-05  +9.875689e-05  +1.353902e-05  -1.240331e-04  +3.597541e-04  -1.578027e-06  -5.886762e-07  -6.140279e-03  -4.765931e-07  +8.374593e-07  -3.956062e-02  
+5.160103e-06  -7.641078e-07  -6.233528e-04  -4.934949e-05  +6.213971e-05  -1.897094e-04  +3.575376e-04  -9.410120e-04  -1.240331e-04  +1.285107e-03  -3.866124e-03  +1.434359e-05  +8.016238e-06  +5.690163e-02  +4.493243e-06  -9.637930e-06  +3.906296e-01  
-4.063863e-05  -5.129493e-06  +2.050199e-03  +2.153119e-04  -1.707671e-04  +5.391201e-04  -1.249251e-03  +2.869267e-03  +3.597541e-04  -3.866124e-03  +1.307776e-02  -4.187376e-05  -2.663390e-05  -1.613181e-01  -9.176349e-06  +2.690700e-05  -1.096613e+00  
+1.098925e-07  +2.053677e-07  -6.282434e-06  -3.821782e-07  -4.453337e-08  -2.532391e-06  +4.438371e-06  -1.176421e-05  -1.578027e-06  +1.434359e-05  -4.187376e-05  +9.615013e-07  +1.311572e-08  +1.255936e-03  +6.495684e-08  -4.645464e-08  +5.931843e-03  
-1.591471e-07  +3.409812e-07  -4.691990e-06  +5.637738e-06  +1.765100e-06  -9.107154e-07  +1.488278e-06  +1.651404e-06  -5.886762e-07  +8.016238e-06  -2.663390e-05  +1.311572e-08  +1.073898e-06  +4.362287e-04  -4.762243e-08  -1.301289e-07  +3.232965e-03  
+6.497023e-04  +1.579480e-03  -2.382832e-02  +6.521290e-03  +6.711528e-03  -1.097472e-02  +2.020805e-02  -5.308615e-02  -6.140279e-03  +5.690163e-02  -1.613181e-01  +1.255936e-03  +4.362287e-04  +7.607594e+00  +1.155585e-04  -4.696770e-04  +2.574324e+01  
-1.196070e-07  +5.341259e-08  -1.637771e-06  -2.010038e-06  -7.692118e-07  -7.264737e-07  +2.452931e-07  -1.574506e-06  -4.765931e-07  +4.493243e-06  -9.176349e-06  +6.495684e-08  -4.762243e-08  +1.155585e-04  +4.150171e-07  +4.882157e-08  +1.469067e-03  
+4.147148e-08  -3.244041e-08  +4.928930e-06  -1.209575e-06  -2.053922e-06  +1.620148e-06  -1.742701e-06  +4.569019e-06  +8.374593e-07  -9.637930e-06  +2.690700e-05  -4.645464e-08  -1.301289e-07  -4.696770e-04  +4.882157e-08  +5.383005e-07  -3.452181e-03  
-2.173953e-03  -3.693377e-04  -1.684374e-01  +2.670786e-02  +2.125875e-02  -6.960126e-02  +9.894296e-02  -3.124192e-01  -3.956062e-02  +3.906296e-01  -1.096613e+00  +5.931843e-03  +3.232965e-03  +2.574324e+01  +1.469067e-03  -3.452181e-03  +1.626400e+02  
