mean:
+3.983436e+00  +3.977777e+00  +6.033169e-01  +2.009794e+00  +1.264552e+00  +5.029086e-01  +8.383731e-01  +2.228517e+00  +3.930943e-02  +3.901419e+00  +5.838429e+00  +4.573135e+00  +3.238673e+00  +3.259223e+02  +2.590419e+00  +3.726025e+00  +4.566280e+02  +4.639304e+00  +4.960078e+00  +8.055802e+02  +3.990939e+00  +5.154230e+00  +4.399531e+02  
covariance:
+6.015901e-06  -3.193259e-06  -1.887851e-06  +1.356446e-05  +3.638538e-06  +8.840105e-07  +2.903666e-06  +6.082755e-06  -9.006618e-08  +1.116721e-05  -5.898793e-05  -1.392855e-08  -5.111170e-07  +3.124562e-04  +5.909913e-08  +5.601468e-07  +1.217637e-03  -2.233462e-07  -2.534635e-08  +5.099748e-03  +5.530688e-07  +3.985099e-07  +3.460014e-03  
-3.193259e-06  +4.523144e-06  -2.087901e-06  -1.895781e-06  -1.143024e-06  -3.151231e-07  +1.657962e-06  +1.958973e-06  -7.932508e-08  +1.652271e-06  -1.485405e-05  +2.694971e-07  -1.836397e-07  +7.843200e-04  -2.429782e-07  -1.337216e-07  +4.589455e-04  -4.268873e-08  -1.297128e-07  +8.420709e-04  -6.055792e-08  +3.353073e-08  +1.034118e-03  
-1.887851e-06  -2.087901e-06  +3.727021e-05  -5.178468e-05  -1.464003e-05  -8.221757e-07  -1.771887e-05  -1.472947e-05  +2.603992e-07  -3.077101e-05  +2.933060e-04  -1.149926e-06  +8.719202e-07  -8.818895e-03  +1.668529e-06  -1.786556e-06  -5.950242e-03  +5.053247e-07  +6.607102e-07  -2.834165e-02  -7.403221e-08  -1.392649e-06  -1.860366e-02  
+1.356446e-05  -1.895781e-06  -5.178468e-05  +1.843595e-04  +2.730891e-05  +3.125120e-06  +2.019326e-05  +7.490441e-05  +1.690578e-07  +7.745080e-05  -6.736031e-04  +1.400549e-06  -6.129794e-06  +1.307190e-02  -3.337477e-06  +3.319107e-06  +1.105616e-02  -2.105894e-06  -1.922138e-06  +7.043536e-02  +3.372462e-06  +4.264486e-06  +3.689656e-02  
+3.638538e-06  -1.143024e-06  -1.464003e-05  +2.730891e-05  +2.507690e-05  +1.630175e-06  +1.279405e-05  +7.681817e-06  -3.241954e-07  +2.521190e-05  -1.574033e-04  +1.182800e-06  -9.133742e-07  +3.722907e-03  -1.992280e-07  +1.901071e-06  +3.864634e-03  -6.956181e-07  -1.780200e-07  +1.566424e-02  +7.949544e-07  +9.605605e-07  +1.110396e-02  
+8.840105e-07  -3.151231e-07  -8.221757e-07  +3.125120e-06  +1.630175e-06  +8.981669e-07  +3.001351e-07  +3.297421e-06  +1.044537e-08  +5.483052e-06  -2.761143e-05  -1.427883e-07  -5.680679e-08  +1.894420e-04  +1.174300e-07  +9.172612e-08  +2.764936e-04  -1.795946e-07  -1.189563e-07  +1.709425e-03  +4.441856e-07  +2.996762e-07  +1.174203e-03  
+2.903666e-06  +1.657962e-06  -1.771887e-05  +2.019326e-05  +1.279405e-05  +3.001351e-07  +4.980861e-05  +5.295322e-06  -2.121603e-06  +6.343023e-05  -2.400817e-04  +3.468329e-06  -3.180544e-06  +5.304424e-03  -1.359592e-06  +3.421242e-06  +1.334756e-02  -1.296501e-06  +2.946194e-07  +2.069507e-02  +4.214938e-07  +1.022718e-06  +2.402185e-02  
+6.082755e-06  +1.958973e-06  -1.472947e-05  +7.490441e-05  +7.681817e-06  +3.297421e-06  +5.295322e-06  +9.159270e-05  +1.840897e-07  +5.387795e-05  -3.787842e-04  +8.290467e-07  -3.814429e-06  +5.321271e-03  -1.971823e-06  +4.307732e-07  +5.216754e-03  -2.002651e-06  -8.204243e-07  +3.098622e-02  +3.566993e-06  +3.800645e-06  +1.721758e-02  
-9.006618e-08  -7.932508e-08  +2.603992e-07  +1.690578e-07  -3.241954e-07  +1.044537e-08  -2.121603e-06  +1.840897e-07  +1.303112e-07  -2.546820e-06  +5.826927e-06  -1.548342e-07  +1.267985e-07  -9.409872e-05  +4.202323e-08  -1.399667e-07  -5.390866e-04  +5.810916e-08  -3.285013e-08  -4.322357e-04  -4.856386e-09  -1.736289e-08  -8.426867e-04  
+1.116721e-05  +1.652271e-06  -3.077101e-05  +7.745080e-05  +2.521190e-05  +5.483052e-06  +6.343023e-05  +5.387795e-05  -2.546820e-06  +1.536078e-04  -6.768705e-04  +4.234558e-06  -7.657081e-06  +7.694919e-03  -9.608747e-07  +6.163096e-06  +2.109341e-02  -3.573993e-06  -2.485475e-07  +5.243380e-02  +4.693028e-06  +3.626632e-06  +4.754308e-02  
-5.898793e-05  -1.485405e-05  +2.933060e-04  -6.736031e-04  -1.574033e-04  -2.761143e-05  -2.400817e-04  -3.787842e-04  +5.826927e-06  -6.768705e-04  +4.283414e-03  -1.473032e-05  +3.493229e-05  -7.398098e-02  +1.235447e-05  -2.710179e-05  -9.287250e-02  +1.572620e-05  +6.959028e-06  -3.705329e-01  -2.385428e-05  -2.328174e-05  -2.584359e-01  
-1.392855e-08  +2.694971e-07  -1.149926e-06  +1.400549e-06  +1.182800e-06  -1.427883e-07  +3.468329e-06  +8.290467e-07  -1.548342e-07  +4.234558e-06  -1.473032e-05  +7.283355e-07  -2.705368e-07  +1.686614e-04  -1.372567e-07  +2.366317e-07  +1.103917e-03  -1.408232e-07  +1.839509e-08  +1.524123e-03  -1.025356e-07  +1.550582e-07  +1.916022e-03  
-5.111170e-07  -1.836397e-07  +8.719202e-07  -6.129794e-06  -9.133742e-07  -5.680679e-08  -3.180544e-06  -3.814429e-06  +1.267985e-07  -7.657081e-06  +3.493229e-05  -2.705368e-07  +1.045031e-06  -1.991603e-04  -1.890524e-08  -3.383944e-07  -1.113498e-03  +2.598852e-07  -1.455374e-08  -3.295556e-03  -2.841415e-07  -1.430083e-07  -2.460738e-03  
+3.124562e-04  +7.843200e-04  -8.818895e-03  +1.307190e-02  +3.722907e-03  +1.894420e-04  +5.304424e-03  +5.321271e-03  -9.409872e-05  +7.694919e-03  -7.398098e-02  +1.686614e-04  -1.991603e-04  +2.819608e+00  -5.492649e-04  +3.388064e-04  +1.591962e+00  -6.924029e-05  -7.612269e-05  +7.092721e+00  +1.779154e-04  +2.967749e-04  +4.651107e+00  
+5.909913e-08  -2.429782e-07  +1.668529e-06  -3.337477e-06  -1.992280e-07  +1.174300e-07  -1.359592e-06  -1.971823e-06  +4.202323e-08  -9.608747e-07  +1.235447e-05  -1.372567e-07  -1.890524e-08  -5.492649e-04  +4.694843e-07  -4.547255e-08  -5.207408e-04  +2.948355e-08  -1.944966e-08  -1.501947e-03  +4.048530e-08  -3.282714e-08  -1.052331e-03  
+5.601468e-07  -1.337216e-07  -1.786556e-06  +3.319107e-06  +1.901071e-06  +9.172612e-08  +3.421242e-06  +4.307732e-07  -1.399667e-07  +6.163096e-06  -2.710179e-05  +2.366317e-07  -3.383944e-07  +3.388064e-04  -4.547255e-08  +6.634834e-07  +9.656648e-04  -2.009177e-07  +9.022109e-09  +2.578433e-03  +4.581735e-08  +7.267624e-08  +2.271704e-03  
+1.217637e-03  +4.589455e-04  -5.950242e-03  +1.105616e-02  +3.864634e-03  +2.764936e-04  +1.334756e-02  +5.216754e-03  -5.390866e-04  +2.109341e-02  -9.287250e-02  +1.103917e-03  -1.113498e-03  +1.591962e+00  -5.207408e-04  +9.656648e-04  +4.335213e+00  -4.722057e-04  +7.695041e-05  +8.152633e+00  +3.026814e-04  +4.453274e-04  +8.204657e+00  
-2.233462e-07  -4.268873e-08  +5.053247e-07  -2.105894e-06  -6.956181e-07  -1.795946e-07  -1.296501e-06  -2.002651e-06  +5.810916e-08  -3.573993e-06  +1.572620e-05  -1.408232e-07  +2.598852e-07  -6.924029e-05  +2.948355e-08  -2.009177e-07  -4.722057e-04  +3.228258e-07  -9.673313e-09  -1.390176e-03  -1.069144e-07  -1.236046e-07  -1.239278e-03  
-2.534635e-08  -1.297128e-07  +6.607102e-07  -1.922138e-06  -1.780200e-07  -1.189563e-07  +2.946194e-07  -8.204243e-07  -3.285013e-08  -2.485475e-07  +6.959028e-06  +1.839509e-08  -1.455374e-08  -7.612269e-05  -1.944966e-08  +9.022109e-09  +7.695041e-05  -9.673313e-09  +3.182313e-07  -5.695335e-04  -5.392475e-08  -1.570409e-07  +1.964565e-05  
+5.099748e-03  +8.420709e-04  -2.834165e-02  +7.043536e-02  +1.566424e-02  +1.709425e-03  +2.069507e-02  +3.098622e-02  -4.322357e-04  +5.243380e-02  -3.705329e-01  +1.524123e-03  -3.295556e-03  +7.092721e+00  -1.501947e-03  +2.578433e-03  +8.152633e+00  -1.390176e-03  -5.695335e-04  +3.605080e+01  +1.755748e-03  +1.882791e-03  +2.317565e+01  
+5.530688e-07  -6.055792e-08  -7.403221e-08  +3.372462e-06  +7.949544e-07  +4.441856e-07  +4.214938e-07  +3.566993e-06  -4.856386e-09  +4.693028e-06  -2.385428e-05  -1.025356e-07  -2.841415e-07  +1.779154e-04  +4.048530e-08  +4.581735e-08  +3.026814e-04  -1.069144e-07  -5.392475e-08  +1.755748e-03  +5.338771e-07  +1.546737e-07  +9.876461e-04  
+3.985099e-07  +3.353073e-08  -1.392649e-06  +4.264486e-06  +9.605605e-07  +2.996762e-07  +1.022718e-06  +3.800645e-06  -1.736289e-08  +3.626632e-06  -2.328174e-05  +1.550582e-07  -1.430083e-07  +2.967749e-04  -3.282714e-08  +7.267624e-08  +4.453274e-04  -1.236046e-07  -1.570409e-07  +1.882791e-03  +1.546737e-07  +4.582642e-07  +1.171726e-03  
+3.460014e-03  +1.034118e-03  -1.860366e-02  +3.689656e-02  +1.110396e-02  +1.174203e-03  +2.402185e-02  +1.721758e-02  -8.426867e-04  +4.754308e-02  -2.584359e-01  +1.916022e-03  -2.460738e-03  +4.651107e+00  -1.052331e-03  +2.271704e-03  +8.204657e+00  -1.239278e-03  +1.964565e-05  +2.317565e+01  +9.876461e-04  +1.171726e-03  +1.942967e+01  
