mean:
+3.916244e+00  +3.902724e+00  +6.622408e-01  -1.158051e+00  +1.553345e+00  +6.030231e-01  +9.064899e-01  +2.073996e+00  +1.464462e-01  +1.934115e+00  +4.873007e+00  +1.905988e+00  +3.007718e+00  +8.010511e+02  +4.959920e+00  +4.479542e+00  +2.013398e+03  
covariance:
+1.671945e-05  -5.623407e-06  +5.770221e-06  +6.052033e-06  +1.442935e-05  +6.322666e-08  +2.458776e-06  -8.702787e-06  +4.532439e-08  -4.921516e-06  +4.421557e-05  +1.259771e-07  -9.051530e-08  +2.436144e-03  +1.819214e-07  -2.558198e-07  -3.445431e-03  
-5.623407e-06  +4.789794e-06  -3.874260e-06  -1.210617e-06  -3.821307e-05  -4.742342e-07  -5.295669e-06  +1.434483e-05  +1.212116e-06  +3.567236e-06  -1.162621e-04  +6.986490e-09  +7.765512e-08  -3.653937e-03  -1.113451e-07  +1.595135e-07  +4.064766e-03  
+5.770221e-06  -3.874260e-06  +3.841450e-05  +8.835875e-06  +5.910480e-05  +6.086492e-06  +1.451455e-06  -4.107946e-05  +1.800302e-06  -2.167065e-05  +1.016518e-04  +3.162643e-07  +5.444862e-07  +7.823262e-03  +8.598192e-08  +3.189402e-07  -4.851044e-03  
+6.052033e-06  -1.210617e-06  +8.835875e-06  +1.112112e-04  -1.125271e-04  +1.910016e-06  -2.755343e-06  +2.061040e-05  +4.082682e-07  +1.037455e-05  -1.329350e-04  +1.587152e-06  -6.362536e-07  -2.677888e-03  -2.109358e-07  -8.250555e-07  -5.186307e-03  
+1.442935e-05  -3.821307e-05  +5.910480e-05  -1.125271e-04  +1.025310e-03  +2.071737e-05  +1.031713e-04  -2.056556e-04  -2.821665e-05  -5.095775e-05  +2.141092e-03  -1.294236e-06  +2.599068e-07  +6.851717e-02  +2.912356e-06  +7.635503e-07  -4.770995e-02  
+6.322666e-08  -4.742342e-07  +6.086492e-06  +1.910016e-06  +2.071737e-05  +3.579079e-06  +1.413209e-06  -5.643567e-06  -2.497310e-08  -2.993429e-06  +2.224062e-05  +4.433628e-08  +4.947490e-08  +1.291415e-03  +6.606158e-08  +2.546681e-07  -1.090467e-03  
+2.458776e-06  -5.295669e-06  +1.451455e-06  -2.755343e-06  +1.031713e-04  +1.413209e-06  +2.273431e-05  -2.870964e-05  -7.380749e-06  +8.460255e-06  +3.156887e-04  -4.360631e-08  -2.498760e-07  +8.806371e-03  +3.055739e-07  -1.881740e-07  -6.381067e-03  
-8.702787e-06  +1.434483e-05  -4.107946e-05  +2.061040e-05  -2.056556e-04  -5.643567e-06  -2.870964e-05  +1.921646e-04  +7.370919e-06  +3.152595e-05  -7.744834e-04  +6.925760e-07  -1.624510e-06  -2.194329e-02  -3.182144e-07  -8.794219e-07  +2.329373e-02  
+4.532439e-08  +1.212116e-06  +1.800302e-06  +4.082682e-07  -2.821665e-05  -2.497310e-08  -7.380749e-06  +7.370919e-06  +3.370191e-06  -7.943751e-06  -1.059063e-04  +1.379259e-08  +1.418109e-07  -2.398352e-03  -5.076865e-08  +1.042247e-07  +2.171324e-03  
-4.921516e-06  +3.567236e-06  -2.167065e-05  +1.037455e-05  -5.095775e-05  -2.993429e-06  +8.460255e-06  +3.152595e-05  -7.943751e-06  +5.238874e-05  -2.009333e-05  +2.482714e-07  -8.252367e-07  -3.900019e-03  -3.534399e-07  -6.521315e-07  +2.101177e-03  
+4.421557e-05  -1.162621e-04  +1.016518e-04  -1.329350e-04  +2.141092e-03  +2.224062e-05  +3.156887e-04  -7.744834e-04  -1.059063e-04  -2.009333e-05  +6.619281e-03  -3.632416e-06  -4.024576e-07  +1.788243e-01  +4.911718e-06  -1.002740e-06  -1.658184e-01  
+1.259771e-07  +6.986490e-09  +3.162643e-07  +1.587152e-06  -1.294236e-06  +4.433628e-08  -4.360631e-08  +6.925760e-07  +1.379259e-08  +2.482714e-07  -3.632416e-06  +1.514173e-07  -2.554027e-08  -4.587382e-05  -8.925465e-09  -2.296613e-08  -4.958125e-05  
-9.051530e-08  +7.765512e-08  +5.444862e-07  -6.362536e-07  +2.599068e-07  +4.947490e-08  -2.498760e-07  -1.624510e-06  +1.418109e-07  -8.252367e-07  -4.024576e-07  -2.554027e-08  +1.843330e-07  -2.110200e-05  +5.896365e-10  +4.546241e-08  -1.023949e-05  
+2.436144e-03  -3.653937e-03  +7.823262e-03  -2.677888e-03  +6.851717e-02  +1.291415e-03  +8.806371e-03  -2.194329e-02  -2.398352e-03  -3.900019e-03  +1.788243e-01  -4.587382e-05  -2.110200e-05  +6.502717e+00  +2.162710e-04  -4.051484e-05  -4.104778e+00  
+1.819214e-07  -1.113451e-07  +8.598192e-08  -2.109358e-07  +2.912356e-06  +6.606158e-08  +3.055739e-07  -3.182144e-07  -5.076865e-08  -3.534399e-07  +4.911718e-06  -8.925465e-09  +5.896365e-10  +2.162710e-04  +1.068599e-07  +8.515918e-10  -4.261345e-05  
-2.558198e-07  +1.595135e-07  +3.189402e-07  -8.250555e-07  +7.635503e-07  +2.546681e-07  -1.881740e-07  -8.794219e-07  +1.042247e-07  -6.521315e-07  -1.002740e-06  -2.296613e-08  +4.546241e-08  -4.051484e-05  +8.515918e-10  +1.472470e-07  +1.888202e-04  
-3.445431e-03  +4.064766e-03  -4.851044e-03  -5.186307e-03  -4.770995e-02  -1.090467e-03  -6.381067e-03  +2.329373e-02  +2.171324e-03  +2.101177e-03  -1.658184e-01  -4.958125e-05  -1.023949e-05  -4.104778e+00  -4.261345e-05  +1.888202e-04  +7.969913e+00  
