mean:
+3.967638e+00  +3.992080e+00  +8.695884e-01  +1.355444e+00  +1.222615e+00  +4.063622e-01  +8.142500e-01  +1.329191e+00  +1.761103e-01  +1.905579e+00  +5.793695e+00  +3.612043e+00  +2.920388e+00  +2.113093e+02  +4.295568e+00  +5.128262e+00  +2.925287e+02  +5.236177e+00  +3.830264e+00  +3.358239e+02  +2.800296e+00  +4.479422e+00  +3.994127e+02  
covariance:
+1.630166e-06  +4.845944e-07  +6.074328e-06  +2.170527e-05  +1.930473e-06  +1.504340e-06  -1.467538e-06  -5.732591e-06  -1.650342e-06  +1.553009e-05  -6.117107e-05  +4.207853e-07  +4.375495e-07  +7.681550e-04  -2.394119e-07  +9.314851e-08  +2.945725e-03  +3.566381e-08  -6.103969e-08  +3.050156e-03  +1.196525e-08  -1.081683e-08  +3.964000e-03  
+4.845944e-07  +3.019365e-06  +3.064152e-06  +1.133480e-05  +5.737766e-07  +7.060131e-07  -3.259374e-07  -5.115339e-06  -1.886599e-06  +1.327440e-05  -2.506369e-05  +1.318018e-07  +1.228829e-07  +3.720497e-04  -1.803964e-07  -2.450215e-07  +1.522138e-03  +1.134429e-07  -3.646503e-08  +2.006882e-03  +5.470655e-08  -3.040952e-08  +2.127129e-03  
+6.074328e-06  +3.064152e-06  +8.584313e-05  +2.727119e-04  +2.268588e-05  +9.667233e-06  -2.702467e-05  -4.134440e-05  -1.436094e-05  +1.582008e-04  -5.508609e-04  +2.377319e-06  +4.740088e-06  +1.207334e-02  -2.897991e-06  +2.576263e-06  +3.327651e-02  +1.188789e-06  -1.296692e-06  +3.832408e-02  +5.528982e-07  -1.262508e-06  +4.162287e-02  
+2.170527e-05  +1.133480e-05  +2.727119e-04  +1.045134e-03  +7.769470e-05  +3.772740e-05  -8.158899e-05  -1.559939e-04  -4.615153e-05  +5.235916e-04  -2.101557e-03  +1.100407e-05  +2.110547e-05  +4.355376e-02  -9.999604e-06  +8.171786e-06  +1.108809e-01  +4.400470e-06  -2.599318e-06  +1.374070e-01  +2.357853e-06  -5.893912e-06  +1.406226e-01  
+1.930473e-06  +5.737766e-07  +2.268588e-05  +7.769470e-05  +1.224652e-05  +4.230719e-06  -7.282007e-06  -1.415154e-05  -3.462198e-06  +4.469807e-05  -1.908675e-04  +1.106790e-06  +1.611867e-06  +3.306530e-03  -1.060268e-06  +3.122493e-07  +1.012189e-02  -1.369519e-07  -6.110440e-08  +1.067710e-02  +4.378765e-07  -3.511309e-07  +1.269655e-02  
+1.504340e-06  +7.060131e-07  +9.667233e-06  +3.772740e-05  +4.230719e-06  +5.704131e-06  -2.068322e-06  -1.446343e-05  -3.294694e-06  +3.470292e-05  -1.622867e-04  +1.446377e-06  +7.837439e-07  +5.787039e-04  -7.593738e-07  -4.154309e-07  +7.070030e-03  -1.823566e-07  -2.554201e-09  +4.828093e-03  -4.382811e-08  -8.507840e-08  +8.908483e-03  
-1.467538e-06  -3.259374e-07  -2.702467e-05  -8.158899e-05  -7.282007e-06  -2.068322e-06  +2.107734e-05  -3.625535e-06  +4.326999e-07  -3.753846e-05  +1.369483e-04  -8.705516e-07  +6.885646e-08  -4.574046e-03  +1.282016e-06  -2.061870e-06  -1.000496e-02  +1.426872e-07  +1.277901e-08  -1.124598e-02  +3.103594e-07  +1.485273e-06  -1.459259e-02  
-5.732591e-06  -5.115339e-06  -4.134440e-05  -1.559939e-04  -1.415154e-05  -1.446343e-05  -3.625535e-06  +2.537605e-04  +2.062505e-05  -1.569069e-04  +4.793251e-04  -9.610734e-07  -1.996295e-06  -6.612804e-03  +3.646671e-06  +5.588097e-06  -1.662054e-02  -1.307432e-06  -7.509163e-07  -2.376894e-02  -4.288101e-06  -6.043758e-06  -2.503674e-02  
-1.650342e-06  -1.886599e-06  -1.436094e-05  -4.615153e-05  -3.462198e-06  -3.294694e-06  +4.326999e-07  +2.062505e-05  +1.471352e-05  -9.127639e-05  +4.567982e-05  -8.088009e-07  -2.312404e-07  -1.793106e-03  +1.151509e-06  +1.142168e-06  -7.444814e-03  -1.598363e-07  -2.584309e-08  -8.876910e-03  -4.652503e-07  -4.656324e-07  -9.682326e-03  
+1.553009e-05  +1.327440e-05  +1.582008e-04  +5.235916e-04  +4.469807e-05  +3.470292e-05  -3.753846e-05  -1.569069e-04  -9.127639e-05  +6.725709e-04  -9.810879e-04  +8.898169e-06  +5.114222e-06  +2.039483e-02  -1.014144e-05  -2.972148e-06  +7.852355e-02  +9.395228e-07  -7.318898e-07  +8.676279e-02  +2.348555e-06  -2.553864e-08  +1.035125e-01  
-6.117107e-05  -2.506369e-05  -5.508609e-04  -2.101557e-03  -1.908675e-04  -1.622867e-04  +1.369483e-04  +4.793251e-04  +4.567982e-05  -9.810879e-04  +7.568582e-03  -3.835023e-05  -5.822187e-05  -6.671052e-02  +1.951670e-05  -1.632583e-05  -2.989525e-01  -5.178849e-06  +1.016797e-05  -2.790447e-01  +2.326579e-06  +1.795092e-05  -3.731435e-01  
+4.207853e-07  +1.318018e-07  +2.377319e-06  +1.100407e-05  +1.106790e-06  +1.446377e-06  -8.705516e-07  -9.610734e-07  -8.088009e-07  +8.898169e-06  -3.835023e-05  +9.449031e-07  +9.526762e-08  +2.097414e-04  -1.229851e-07  -3.713181e-08  +1.746422e-03  -9.620541e-08  -6.853253e-08  +1.326896e-03  -1.305687e-07  -3.631068e-09  +2.191711e-03  
+4.375495e-07  +1.228829e-07  +4.740088e-06  +2.110547e-05  +1.611867e-06  +7.837439e-07  +6.885646e-08  -1.996295e-06  -2.312404e-07  +5.114222e-06  -5.822187e-05  +9.526762e-08  +1.547774e-06  +5.398021e-04  -2.399662e-07  +5.603292e-08  +1.713330e-03  +2.673740e-08  -6.337595e-08  +2.717959e-03  +7.284316e-09  +3.215250e-08  +2.100636e-03  
+7.681550e-04  +3.720497e-04  +1.207334e-02  +4.355376e-02  +3.306530e-03  +5.787039e-04  -4.574046e-03  -6.612804e-03  -1.793106e-03  +2.039483e-02  -6.671052e-02  +2.097414e-04  +5.398021e-04  +3.095627e+00  -3.888820e-04  +5.342944e-04  +4.476538e+00  +2.383539e-04  -5.124313e-05  +6.012520e+00  +2.600796e-04  -3.489217e-04  +5.715820e+00  
-2.394119e-07  -1.803964e-07  -2.897991e-06  -9.999604e-06  -1.060268e-06  -7.593738e-07  +1.282016e-06  +3.646671e-06  +1.151509e-06  -1.014144e-05  +1.951670e-05  -1.229851e-07  -2.399662e-07  -3.888820e-04  +6.699796e-07  +8.729018e-09  -1.342617e-03  -2.670829e-09  -6.805510e-08  -1.578096e-03  -1.252760e-07  +2.311359e-08  -1.942798e-03  
+9.314851e-08  -2.450215e-07  +2.576263e-06  +8.171786e-06  +3.122493e-07  -4.154309e-07  -2.061870e-06  +5.588097e-06  +1.142168e-06  -2.972148e-06  -1.632583e-05  -3.713181e-08  +5.603292e-08  +5.342944e-04  +8.729018e-09  +1.323223e-06  +6.632794e-04  +9.093161e-08  -1.704959e-07  +1.237556e-03  -9.737676e-08  -4.593323e-07  +1.508851e-03  
+2.945725e-03  +1.522138e-03  +3.327651e-02  +1.108809e-01  +1.012189e-02  +7.070030e-03  -1.000496e-02  -1.662054e-02  -7.444814e-03  +7.852355e-02  -2.989525e-01  +1.746422e-03  +1.713330e-03  +4.476538e+00  -1.342617e-03  +6.632794e-04  +1.738014e+01  +4.865020e-04  -4.650526e-04  +1.595301e+01  +2.978268e-05  -1.151620e-03  +2.046977e+01  
+3.566381e-08  +1.134429e-07  +1.188789e-06  +4.400470e-06  -1.369519e-07  -1.823566e-07  +1.426872e-07  -1.307432e-06  -1.598363e-07  +9.395228e-07  -5.178849e-06  -9.620541e-08  +2.673740e-08  +2.383539e-04  -2.670829e-09  +9.093161e-08  +4.865020e-04  +6.129231e-07  -1.963969e-07  +7.080935e-04  +2.608412e-08  -1.092379e-07  +2.038733e-04  
-6.103969e-08  -3.646503e-08  -1.296692e-06  -2.599318e-06  -6.110440e-08  -2.554201e-09  +1.277901e-08  -7.509163e-07  -2.584309e-08  -7.318898e-07  +1.016797e-05  -6.853253e-08  -6.337595e-08  -5.124313e-05  -6.805510e-08  -1.704959e-07  -4.650526e-04  -1.963969e-07  +5.284554e-07  -4.869646e-04  +1.040076e-08  -6.020500e-09  -3.829011e-04  
+3.050156e-03  +2.006882e-03  +3.832408e-02  +1.374070e-01  +1.067710e-02  +4.828093e-03  -1.124598e-02  -2.376894e-02  -8.876910e-03  +8.676279e-02  -2.790447e-01  +1.326896e-03  +2.717959e-03  +6.012520e+00  -1.578096e-03  +1.237556e-03  +1.595301e+01  +7.080935e-04  -4.869646e-04  +2.085141e+01  +4.532861e-04  -8.095173e-04  +2.070756e+01  
+1.196525e-08  +5.470655e-08  +5.528982e-07  +2.357853e-06  +4.378765e-07  -4.382811e-08  +3.103594e-07  -4.288101e-06  -4.652503e-07  +2.348555e-06  +2.326579e-06  -1.305687e-07  +7.284316e-09  +2.600796e-04  -1.252760e-07  -9.737676e-08  +2.978268e-05  +2.608412e-08  +1.040076e-08  +4.532861e-04  +5.388591e-07  +1.747574e-07  +1.480358e-04  
-1.081683e-08  -3.040952e-08  -1.262508e-06  -5.893912e-06  -3.511309e-07  -8.507840e-08  +1.485273e-06  -6.043758e-06  -4.656324e-07  -2.553864e-08  +1.795092e-05  -3.631068e-09  +3.215250e-08  -3.489217e-04  +2.311359e-08  -4.593323e-07  -1.151620e-03  -1.092379e-07  -6.020500e-09  -8.095173e-04  +1.747574e-07  +8.674466e-07  -1.180308e-03  
+3.964000e-03  +2.127129e-03  +4.162287e-02  +1.406226e-01  +1.269655e-02  +8.908483e-03  -1.459259e-02  -2.503674e-02  -9.682326e-03  +1.035125e-01  -3.731435e-01  +2.191711e-03  +2.100636e-03  +5.715820e+00  -1.942798e-03  +1.508851e-03  +2.046977e+01  +2.038733e-04  -3.829011e-04  +2.070756e+01  +1.480358e-04  -1.180308e-03  +2.813730e+01  
