mean:
+3.983489e+00  +3.978182e+00  +6.011790e-01  +2.008887e+00  +1.275312e+00  +5.043194e-01  +8.220129e-01  +2.204092e+00  +3.882001e-02  +3.873113e+00  +5.902090e+00  +4.573019e+00  +3.237902e+00  +3.254403e+02  +2.590142e+00  +3.725988e+00  +4.570710e+02  +4.639555e+00  +4.960330e+00  +8.036374e+02  +3.990694e+00  +5.154021e+00  +4.354280e+02  
covariance:
+4.424046e-06  -2.014336e-06  +3.487173e-07  +4.612785e-06  +2.221181e-06  +1.535453e-07  +1.685493e-06  +2.266247e-07  -1.076403e-07  +6.585505e-06  -1.323171e-05  +2.204479e-08  -3.034356e-07  -2.950134e-04  +1.400741e-07  +3.249502e-07  +4.792873e-04  -1.588433e-07  -1.198659e-07  +1.240490e-04  +1.752609e-07  +5.791851e-08  +1.288718e-04  
-2.014336e-06  +3.045627e-06  -6.201423e-07  +1.016325e-06  +4.531442e-07  -2.615243e-07  -3.995397e-07  +2.619867e-06  +1.660883e-08  -9.649676e-07  -2.728303e-06  +7.840510e-09  +2.206518e-08  +7.308082e-05  -6.481003e-08  -1.581620e-07  +1.179608e-04  +2.165784e-08  +3.319027e-08  +4.798834e-04  -1.288382e-07  +1.004688e-07  +4.588868e-04  
+3.487173e-07  -6.201423e-07  +8.490464e-06  +1.302592e-05  +1.976594e-06  -9.949995e-07  +1.629159e-06  +8.634528e-07  -2.875232e-08  -3.977504e-08  -1.365299e-05  +8.549026e-07  -3.358893e-07  +1.211771e-04  +5.140624e-07  -8.660371e-08  +6.447469e-04  -6.424530e-09  -7.181042e-08  +2.211546e-03  -5.832139e-08  -3.078897e-07  -6.905630e-04  
+4.612785e-06  +1.016325e-06  +1.302592e-05  +2.421757e-04  +4.056318e-05  -1.121157e-05  +2.001236e-05  +8.574296e-05  -9.702223e-07  +1.155156e-04  -3.907028e-04  -2.536483e-06  -1.347780e-06  +4.121632e-03  +2.056479e-06  +2.956716e-06  +6.823351e-03  -2.696947e-06  -3.440431e-06  +2.030435e-02  -1.146097e-06  +2.966726e-06  +8.313375e-03  
+2.221181e-06  +4.531442e-07  +1.976594e-06  +4.056318e-05  +5.204739e-05  -7.664039e-07  +2.964552e-06  +6.328265e-05  +2.745580e-07  +2.254273e-05  -1.623567e-04  -1.017213e-07  -1.508475e-06  -3.214544e-03  +2.944368e-07  +1.870512e-06  +1.457223e-02  -1.386498e-06  +5.896386e-07  +1.305503e-02  -2.674867e-07  +1.947689e-06  +8.577745e-03  
+1.535453e-07  -2.615243e-07  -9.949995e-07  -1.121157e-05  -7.664039e-07  +1.438228e-06  +1.453119e-08  -3.188276e-06  -2.487326e-09  -2.650434e-06  +1.545558e-05  +7.020581e-08  -1.298705e-08  -8.794691e-04  -4.792992e-08  +1.820236e-07  +8.654007e-04  -7.114223e-08  +1.497591e-07  -8.140869e-04  +9.922029e-08  +8.445223e-08  +2.513787e-04  
+1.685493e-06  -3.995397e-07  +1.629159e-06  +2.001236e-05  +2.964552e-06  +1.453119e-08  +9.542155e-06  -3.260902e-06  -5.173943e-07  +2.004248e-05  -3.583564e-05  -1.721563e-07  -5.907871e-07  -7.798382e-04  +4.646035e-07  +1.185140e-06  +1.576520e-03  -6.646924e-07  -6.505963e-07  +1.392676e-03  -3.241131e-07  +5.188086e-07  +2.368050e-03  
+2.266247e-07  +2.619867e-06  +8.634528e-07  +8.574296e-05  +6.328265e-05  -3.188276e-06  -3.260902e-06  +2.021202e-04  +8.381326e-07  +4.901132e-05  -3.341011e-04  -1.423380e-06  -3.836437e-06  -2.870422e-03  -1.875073e-06  -3.509526e-08  +2.665229e-02  -2.510648e-06  -1.021150e-06  +2.220942e-02  -2.222473e-07  +2.539127e-06  +5.455727e-03  
-1.076403e-07  +1.660883e-08  -2.875232e-08  -9.702223e-07  +2.745580e-07  -2.487326e-09  -5.173943e-07  +8.381326e-07  +6.306927e-08  -1.387629e-06  +5.973527e-07  +2.251190e-08  +2.382626e-08  -1.726768e-06  -2.462611e-08  -5.167487e-08  +1.041116e-04  +2.713775e-08  +4.275183e-08  +9.789105e-05  +6.795045e-09  +4.124987e-10  -4.274006e-05  
+6.585505e-06  -9.649676e-07  -3.977504e-08  +1.155156e-04  +2.254273e-05  -2.650434e-06  +2.004248e-05  +4.901132e-05  -1.387629e-06  +1.089973e-04  -2.450366e-04  -2.693275e-06  -3.633754e-06  -1.273827e-03  +7.963524e-07  +2.665559e-06  +7.371110e-03  -3.073916e-06  -3.178348e-06  +7.182189e-03  -3.238201e-07  +1.378867e-06  +7.358115e-03  
-1.323171e-05  -2.728303e-06  -1.365299e-05  -3.907028e-04  -1.623567e-04  +1.545558e-05  -3.583564e-05  -3.341011e-04  +5.973527e-07  -2.450366e-04  +1.104474e-03  +5.150517e-06  +1.083258e-05  +7.255694e-03  -3.667187e-06  -6.489559e-06  -5.512131e-02  +9.408845e-06  +7.959423e-06  -6.446956e-02  +2.526525e-06  -9.208793e-06  -2.958472e-02  
+2.204479e-08  +7.840510e-09  +8.549026e-07  -2.536483e-06  -1.017213e-07  +7.020581e-08  -1.721563e-07  -1.423380e-06  +2.251190e-08  -2.693275e-06  +5.150517e-06  +4.640263e-07  +8.921530e-08  -1.720249e-04  +4.289124e-08  -9.670279e-09  +2.047399e-04  +4.460953e-08  +1.427529e-07  +2.575192e-04  -8.467355e-09  -2.052807e-08  -6.599244e-07  
-3.034356e-07  +2.206518e-08  -3.358893e-07  -1.347780e-06  -1.508475e-06  -1.298705e-08  -5.907871e-07  -3.836437e-06  +2.382626e-08  -3.633754e-06  +1.083258e-05  +8.921530e-08  +6.042941e-07  +3.365342e-04  +6.375307e-09  +3.032450e-08  -9.386227e-04  +1.687414e-07  +1.378055e-07  -1.681466e-04  +1.166923e-08  +1.000199e-07  -3.676864e-04  
-2.950134e-04  +7.308082e-05  +1.211771e-04  +4.121632e-03  -3.214544e-03  -8.794691e-04  -7.798382e-04  -2.870422e-03  -1.726768e-06  -1.273827e-03  +7.255694e-03  -1.720249e-04  +3.365342e-04  +1.302142e+00  -1.096350e-04  -3.447773e-04  -2.240259e+00  +3.050415e-04  -2.001378e-05  -8.986523e-01  +1.340415e-04  -1.988457e-04  -1.229339e+00  
+1.400741e-07  -6.481003e-08  +5.140624e-07  +2.056479e-06  +2.944368e-07  -4.792992e-08  +4.646035e-07  -1.875073e-06  -2.462611e-08  +7.963524e-07  -3.667187e-06  +4.289124e-08  +6.375307e-09  -1.096350e-04  +3.530775e-07  +9.689453e-08  -2.144920e-05  -4.176745e-08  -1.438758e-07  +3.663107e-04  -6.356480e-08  +4.793259e-08  +1.177875e-04  
+3.249502e-07  -1.581620e-07  -8.660371e-08  +2.956716e-06  +1.870512e-06  +1.820236e-07  +1.185140e-06  -3.509526e-08  -5.167487e-08  +2.665559e-06  -6.489559e-06  -9.670279e-09  +3.032450e-08  -3.447773e-04  +9.689453e-08  +4.217963e-07  +6.638736e-04  -1.564148e-07  -5.213625e-08  +6.043128e-04  -9.932265e-08  +2.011733e-07  +7.832281e-04  
+4.792873e-04  +1.179608e-04  +6.447469e-04  +6.823351e-03  +1.457223e-02  +8.654007e-04  +1.576520e-03  +2.665229e-02  +1.041116e-04  +7.371110e-03  -5.512131e-02  +2.047399e-04  -9.386227e-04  -2.240259e+00  -2.144920e-05  +6.638736e-04  +7.415385e+00  -7.568059e-04  +4.798521e-05  +4.632656e+00  -1.342047e-04  +8.461146e-04  +3.308684e+00  
-1.588433e-07  +2.165784e-08  -6.424530e-09  -2.696947e-06  -1.386498e-06  -7.114223e-08  -6.646924e-07  -2.510648e-06  +2.713775e-08  -3.073916e-06  +9.408845e-06  +4.460953e-08  +1.687414e-07  +3.050415e-04  -4.176745e-08  -1.564148e-07  -7.568059e-04  +2.517649e-07  +7.634218e-08  -5.565726e-04  +6.490632e-08  -8.681734e-08  -5.830418e-04  
-1.198659e-07  +3.319027e-08  -7.181042e-08  -3.440431e-06  +5.896386e-07  +1.497591e-07  -6.505963e-07  -1.021150e-06  +4.275183e-08  -3.178348e-06  +7.959423e-06  +1.427529e-07  +1.378055e-07  -2.001378e-05  -1.438758e-07  -5.213625e-08  +4.798521e-05  +7.634218e-08  +3.788538e-07  -1.768887e-04  +5.476936e-08  -2.374313e-08  +9.782624e-05  
+1.240490e-04  +4.798834e-04  +2.211546e-03  +2.030435e-02  +1.305503e-02  -8.140869e-04  +1.392676e-03  +2.220942e-02  +9.789105e-05  +7.182189e-03  -6.446956e-02  +2.575192e-04  -1.681466e-04  -8.986523e-01  +3.663107e-04  +6.043128e-04  +4.632656e+00  -5.565726e-04  -1.768887e-04  +6.445354e+00  -3.412989e-04  +8.938794e-04  +2.667060e+00  
+1.752609e-07  -1.288382e-07  -5.832139e-08  -1.146097e-06  -2.674867e-07  +9.922029e-08  -3.241131e-07  -2.222473e-07  +6.795045e-09  -3.238201e-07  +2.526525e-06  -8.467355e-09  +1.166923e-08  +1.340415e-04  -6.356480e-08  -9.932265e-08  -1.342047e-04  +6.490632e-08  +5.476936e-08  -3.412989e-04  +2.705013e-07  +2.301868e-08  -3.029504e-04  
+5.791851e-08  +1.004688e-07  -3.078897e-07  +2.966726e-06  +1.947689e-06  +8.445223e-08  +5.188086e-07  +2.539127e-06  +4.124987e-10  +1.378867e-06  -9.208793e-06  -2.052807e-08  +1.000199e-07  -1.988457e-04  +4.793259e-08  +2.011733e-07  +8.461146e-04  -8.681734e-08  -2.374313e-08  +8.938794e-04  +2.301868e-08  +3.809193e-07  +6.093317e-04  
+1.288718e-04  +4.588868e-04  -6.905630e-04  +8.313375e-03  +8.577745e-03  +2.513787e-04  +2.368050e-03  +5.455727e-03  -4.274006e-05  +7.358115e-03  -2.958472e-02  -6.599244e-07  -3.676864e-04  -1.229339e+00  +1.177875e-04  +7.832281e-04  +3.308684e+00  -5.830418e-04  +9.782624e-05  +2.667060e+00  -3.029504e-04  +6.093317e-04  +3.817299e+00  
