mean:
+3.984176e+00  +3.940470e+00  +6.378932e-01  -1.174910e+00  +1.679851e+00  +4.973237e-01  +8.996439e-01  +2.062552e+00  +1.514178e-01  +1.974560e+00  +4.757693e+00  +1.840194e+00  +2.983871e+00  +8.169326e+02  +4.959982e+00  +4.479860e+00  +2.026636e+03  
covariance:
+9.632341e-06  +1.683550e-06  +5.195239e-06  +7.445724e-06  +1.381132e-05  -4.554906e-06  -2.286598e-06  -8.699743e-07  +2.791351e-06  +4.027916e-06  -1.589888e-04  +2.736390e-07  -4.175115e-07  +1.010450e-02  +1.765248e-08  -2.882388e-07  +2.008367e-02  
+1.683550e-06  +5.293751e-06  -4.633371e-07  +8.119434e-06  +4.615875e-06  +4.824658e-07  -9.803959e-07  -3.064428e-06  +1.952777e-07  +1.239073e-06  +1.953470e-05  -1.994745e-08  -1.658783e-07  -1.252075e-03  +6.896239e-08  -6.717722e-08  -2.154222e-03  
+5.195239e-06  -4.633371e-07  +6.047934e-05  +5.609327e-06  +5.100079e-06  -1.588351e-05  -1.318973e-05  +5.135506e-05  +6.617404e-06  +8.809804e-06  -3.366920e-04  +1.089945e-06  -1.474615e-06  +3.125344e-02  -2.814149e-07  +6.190834e-07  +2.912511e-02  
+7.445724e-06  +8.119434e-06  +5.609327e-06  +3.795471e-04  +2.475882e-05  +2.263200e-06  -3.465759e-05  +5.672857e-05  +1.990687e-06  +5.158728e-05  -2.061270e-04  +1.677157e-06  -1.799622e-06  +1.992766e-02  -2.025152e-07  -2.902126e-07  +2.930490e-02  
+1.381132e-05  +4.615875e-06  +5.100079e-06  +2.475882e-05  +2.368082e-04  -4.641803e-08  -3.610002e-05  -2.836196e-05  +1.335133e-05  +2.714541e-05  -5.550517e-04  +6.153741e-06  +2.475975e-07  +3.615968e-02  -1.253023e-06  -1.626426e-06  +1.193963e-01  
-4.554906e-06  +4.824658e-07  -1.588351e-05  +2.263200e-06  -4.641803e-08  +1.870449e-05  -4.335252e-06  -2.441653e-05  -6.876668e-06  +1.471227e-05  +3.145041e-04  +1.855153e-07  -4.509185e-07  -2.099858e-02  +1.004769e-07  -1.915067e-07  -2.257815e-02  
-2.286598e-06  -9.803959e-07  -1.318973e-05  -3.465759e-05  -3.610002e-05  -4.335252e-06  +4.006514e-05  +1.593318e-05  -5.520027e-06  -1.853981e-05  +1.837227e-04  -1.477980e-06  +2.040389e-07  -1.725001e-02  +2.251515e-07  +1.028486e-07  -3.828244e-02  
-8.699743e-07  -3.064428e-06  +5.135506e-05  +5.672857e-05  -2.836196e-05  -2.441653e-05  +1.593318e-05  +4.556693e-04  -3.709914e-06  -7.889358e-06  +1.601274e-04  +1.894999e-06  -1.361491e-06  +8.749492e-03  -1.948790e-06  +3.621669e-06  -7.578621e-02  
+2.791351e-06  +1.952777e-07  +6.617404e-06  +1.990687e-06  +1.335133e-05  -6.876668e-06  -5.520027e-06  -3.709914e-06  +7.187578e-06  -9.850429e-06  -2.467461e-04  +3.854703e-07  +8.885130e-08  +1.610288e-02  -1.939918e-07  -2.378883e-07  +2.956108e-02  
+4.027916e-06  +1.239073e-06  +8.809804e-06  +5.158728e-05  +2.714541e-05  +1.471227e-05  -1.853981e-05  -7.889358e-06  -9.850429e-06  +1.323203e-04  -1.208631e-04  +5.565190e-07  -1.191504e-06  +1.222543e-02  +1.152636e-06  +4.851060e-07  +6.571504e-02  
-1.589888e-04  +1.953470e-05  -3.366920e-04  -2.061270e-04  -5.550517e-04  +3.145041e-04  +1.837227e-04  +1.601274e-04  -2.467461e-04  -1.208631e-04  +1.290743e-02  -1.129903e-05  -3.080999e-06  -8.292074e-01  +2.340502e-06  +8.902311e-06  -1.718110e+00  
+2.736390e-07  -1.994745e-08  +1.089945e-06  +1.677157e-06  +6.153741e-06  +1.855153e-07  -1.477980e-06  +1.894999e-06  +3.854703e-07  +5.565190e-07  -1.129903e-05  +7.186018e-07  -5.078011e-08  +1.065206e-03  -8.112066e-08  -2.485499e-08  +2.788566e-03  
-4.175115e-07  -1.658783e-07  -1.474615e-06  -1.799622e-06  +2.475975e-07  -4.509185e-07  +2.040389e-07  -1.361491e-06  +8.885130e-08  -1.191504e-06  -3.080999e-06  -5.078011e-08  +1.003580e-06  -4.076254e-04  +7.525840e-08  +5.270703e-08  -1.889592e-04  
+1.010450e-02  -1.252075e-03  +3.125344e-02  +1.992766e-02  +3.615968e-02  -2.099858e-02  -1.725001e-02  +8.749492e-03  +1.610288e-02  +1.222543e-02  -8.292074e-01  +1.065206e-03  -4.076254e-04  +5.867842e+01  -2.430935e-04  -3.900277e-04  +1.104638e+02  
+1.765248e-08  +6.896239e-08  -2.814149e-07  -2.025152e-07  -1.253023e-06  +1.004769e-07  +2.251515e-07  -1.948790e-06  -1.939918e-07  +1.152636e-06  +2.340502e-06  -8.112066e-08  +7.525840e-08  -2.430935e-04  +3.002298e-07  +6.754864e-08  +1.787791e-05  
-2.882388e-07  -6.717722e-08  +6.190834e-07  -2.902126e-07  -1.626426e-06  -1.915067e-07  +1.028486e-07  +3.621669e-06  -2.378883e-07  +4.851060e-07  +8.902311e-06  -2.485499e-08  +5.270703e-08  -3.900277e-04  +6.754864e-08  +4.473070e-07  -1.846399e-03  
+2.008367e-02  -2.154222e-03  +2.912511e-02  +2.930490e-02  +1.193963e-01  -2.257815e-02  -3.828244e-02  -7.578621e-02  +2.956108e-02  +6.571504e-02  -1.718110e+00  +2.788566e-03  -1.889592e-04  +1.104638e+02  +1.787791e-05  -1.846399e-03  +2.816891e+02  
