mean:
+3.977046e+00  +4.010113e+00  +8.031500e-01  +1.296528e+00  +1.246139e+00  +5.932532e-01  +8.258352e-01  +1.333364e+00  +1.724594e-01  +1.953874e+00  +5.770670e+00  +3.595747e+00  +2.898060e+00  +2.135551e+02  +4.309022e+00  +5.181201e+00  +2.944560e+02  +5.216689e+00  +3.909496e+00  +3.417043e+02  +2.880974e+00  +4.559281e+00  +4.028627e+02  
covariance:
+3.835911e-06  +7.206451e-07  -1.297035e-05  -3.403025e-06  +1.463127e-06  -7.177099e-07  +6.228487e-06  -1.737397e-05  -1.139993e-05  +7.818689e-05  -1.954251e-04  +8.263578e-07  -2.459048e-06  +2.916451e-03  -1.362801e-06  +1.318029e-06  +1.415611e-02  -1.195050e-06  -4.519684e-07  +1.195918e-02  -2.554842e-08  -1.032942e-06  +1.001240e-02  
+7.206451e-07  +3.052953e-06  -2.141060e-06  -2.229752e-06  +1.580888e-07  -5.964774e-07  +1.423686e-06  -5.371687e-07  -7.403060e-07  +2.417717e-06  +8.128985e-06  -5.239240e-08  -7.846879e-08  +2.020555e-04  -1.672663e-08  -2.559636e-07  -6.330190e-04  -9.625959e-08  +2.749085e-07  -1.441253e-05  +1.582363e-07  +7.840587e-08  -3.749561e-04  
-1.297035e-05  -2.141060e-06  +7.789433e-05  +1.828538e-05  -1.020419e-05  +6.048536e-06  -3.167034e-05  +7.102668e-05  +5.432938e-05  -3.618968e-04  +8.117175e-04  -1.853579e-06  +1.142218e-05  -1.469565e-02  +5.853785e-06  -3.164124e-06  -5.822429e-02  +4.100660e-06  +8.486574e-07  -5.038761e-02  -1.049762e-06  +4.625020e-06  -4.046325e-02  
-3.403025e-06  -2.229752e-06  +1.828538e-05  +5.710557e-05  -2.644198e-06  +1.237043e-06  -1.009589e-05  +1.196038e-05  +1.051033e-05  -6.726893e-05  +1.791183e-04  -1.112672e-06  +4.694146e-07  -2.581248e-03  +2.494831e-06  -7.741692e-07  -1.087194e-02  +9.388475e-07  -1.069991e-06  -1.191980e-02  -8.945162e-07  +2.326863e-07  -6.654472e-03  
+1.463127e-06  +1.580888e-07  -1.020419e-05  -2.644198e-06  +2.700759e-06  +5.540844e-07  +2.863711e-06  -1.030711e-05  -5.596975e-06  +3.895955e-05  -9.973137e-05  +8.874520e-08  -9.666615e-07  +2.231177e-03  -4.367127e-07  +1.727824e-08  +6.296660e-03  -4.555413e-07  -2.413610e-07  +6.198421e-03  +3.626086e-07  -6.296044e-07  +4.932866e-03  
-7.177099e-07  -5.964774e-07  +6.048536e-06  +1.237043e-06  +5.540844e-07  +7.844121e-06  -7.315378e-06  -6.709507e-06  +7.763270e-06  -4.023724e-05  +1.407488e-05  -3.538059e-08  +2.671514e-06  +1.037861e-03  +1.056005e-06  -1.782414e-07  -5.564721e-03  +2.081559e-07  -1.087287e-06  -9.728709e-04  +3.546828e-07  +4.375325e-07  -1.094474e-04  
+6.228487e-06  +1.423686e-06  -3.167034e-05  -1.009589e-05  +2.863711e-06  -7.315378e-06  +2.193572e-05  -2.355447e-05  -2.947609e-05  +1.862716e-04  -3.633108e-04  +1.427877e-06  -6.051842e-06  +6.029904e-03  -4.855756e-06  +2.218609e-06  +2.969357e-02  -2.165725e-06  +2.547398e-07  +2.267558e-02  -2.284661e-07  -2.207926e-06  +1.775367e-02  
-1.737397e-05  -5.371687e-07  +7.102668e-05  +1.196038e-05  -1.030711e-05  -6.709507e-06  -2.355447e-05  +1.991511e-04  +5.166184e-05  -3.855465e-04  +1.132532e-03  -3.531578e-06  +1.023864e-05  -1.675067e-02  +2.609620e-06  -6.835556e-06  -6.701311e-02  +1.070271e-05  +2.817130e-06  -7.375344e-02  -8.654838e-07  +6.309576e-06  -5.633384e-02  
-1.139993e-05  -7.403060e-07  +5.432938e-05  +1.051033e-05  -5.596975e-06  +7.763270e-06  -2.947609e-05  +5.166184e-05  +4.949642e-05  -3.271881e-04  +7.192516e-04  -2.700258e-06  +1.062697e-05  -1.123764e-02  +7.015858e-06  -4.712546e-06  -5.541432e-02  +4.063895e-06  +1.380772e-06  -4.367598e-02  +3.776968e-07  +4.016253e-06  -3.646203e-02  
+7.818689e-05  +2.417717e-06  -3.618968e-04  -6.726893e-05  +3.895955e-05  -4.023724e-05  +1.862716e-04  -3.855465e-04  -3.271881e-04  +2.224520e-03  -5.135550e-03  +1.990855e-05  -7.162185e-05  +7.780348e-02  -4.558457e-05  +3.469785e-05  +3.880711e-01  -2.836182e-05  -1.227165e-05  +3.099588e-01  -2.628217e-06  -2.776928e-05  +2.616750e-01  
-1.954251e-04  +8.128985e-06  +8.117175e-04  +1.791183e-04  -9.973137e-05  +1.407488e-05  -3.633108e-04  +1.132532e-03  +7.192516e-04  -5.135550e-03  +1.351883e-02  -5.478019e-05  +1.597104e-04  -1.923381e-01  +8.907278e-05  -9.089678e-05  -9.718577e-01  +7.153229e-05  +4.277522e-05  -8.033074e-01  +3.965317e-06  +7.183869e-05  -6.880260e-01  
+8.263578e-07  -5.239240e-08  -1.853579e-06  -1.112672e-06  +8.874520e-08  -3.538059e-08  +1.427877e-06  -3.531578e-06  -2.700258e-06  +1.990855e-05  -5.478019e-05  +8.429042e-07  -6.332900e-07  +6.263724e-04  -6.356324e-07  +8.256314e-07  +4.217733e-03  -3.312623e-07  +3.386977e-09  +3.504800e-03  -3.892016e-08  -2.290183e-07  +3.087719e-03  
-2.459048e-06  -7.846879e-08  +1.142218e-05  +4.694146e-07  -9.666615e-07  +2.671514e-06  -6.051842e-06  +1.023864e-05  +1.062697e-05  -7.162185e-05  +1.597104e-04  -6.332900e-07  +3.414042e-06  -1.835448e-03  +1.083517e-06  -9.388377e-07  -1.319054e-02  +7.813051e-07  +3.086137e-07  -9.188663e-03  -2.497592e-09  +1.001202e-06  -7.981808e-03  
+2.916451e-03  +2.020555e-04  -1.469565e-02  -2.581248e-03  +2.231177e-03  +1.037861e-03  +6.029904e-03  -1.675067e-02  -1.123764e-02  +7.780348e-02  -1.923381e-01  +6.263724e-04  -1.835448e-03  +4.427348e+00  -1.751905e-03  +9.929461e-04  +1.294655e+01  -9.206781e-04  -8.214683e-04  +1.152936e+01  +2.261328e-04  -9.450048e-04  +1.006349e+01  
-1.362801e-06  -1.672663e-08  +5.853785e-06  +2.494831e-06  -4.367127e-07  +1.056005e-06  -4.855756e-06  +2.609620e-06  +7.015858e-06  -4.558457e-05  +8.907278e-05  -6.356324e-07  +1.083517e-06  -1.751905e-03  +2.298433e-06  -1.079937e-06  -7.125808e-03  +6.315797e-07  +1.530968e-07  -5.675568e-03  +2.278747e-07  +2.746405e-07  -4.827269e-03  
+1.318029e-06  -2.559636e-07  -3.164124e-06  -7.741692e-07  +1.727824e-08  -1.782414e-07  +2.218609e-06  -6.835556e-06  -4.712546e-06  +3.469785e-05  -9.089678e-05  +8.256314e-07  -9.388377e-07  +9.929461e-04  -1.079937e-06  +1.615903e-06  +6.763838e-03  -5.935349e-07  -1.453177e-07  +5.594941e-03  -2.748555e-07  -2.602800e-07  +5.008425e-03  
+1.415611e-02  -6.330190e-04  -5.822429e-02  -1.087194e-02  +6.296660e-03  -5.564721e-03  +2.969357e-02  -6.701311e-02  -5.541432e-02  +3.880711e-01  -9.718577e-01  +4.217733e-03  -1.319054e-02  +1.294655e+01  -7.125808e-03  +6.763838e-03  +7.502523e+01  -4.655428e-03  -2.606669e-03  +5.657948e+01  -6.603634e-04  -5.532103e-03  +4.978389e+01  
-1.195050e-06  -9.625959e-08  +4.100660e-06  +9.388475e-07  -4.555413e-07  +2.081559e-07  -2.165725e-06  +1.070271e-05  +4.063895e-06  -2.836182e-05  +7.153229e-05  -3.312623e-07  +7.813051e-07  -9.206781e-04  +6.315797e-07  -5.935349e-07  -4.655428e-03  +1.432999e-06  +2.912113e-07  -5.030627e-03  +1.561799e-07  +4.395246e-07  -3.806049e-03  
-4.519684e-07  +2.749085e-07  +8.486574e-07  -1.069991e-06  -2.413610e-07  -1.087287e-06  +2.547398e-07  +2.817130e-06  +1.380772e-06  -1.227165e-05  +4.277522e-05  +3.386977e-09  +3.086137e-07  -8.214683e-04  +1.530968e-07  -1.453177e-07  -2.606669e-03  +2.912113e-07  +1.200165e-06  -2.290689e-03  -5.382276e-08  +1.691096e-07  -2.483466e-03  
+1.195918e-02  -1.441253e-05  -5.038761e-02  -1.191980e-02  +6.198421e-03  -9.728709e-04  +2.267558e-02  -7.375344e-02  -4.367598e-02  +3.099588e-01  -8.033074e-01  +3.504800e-03  -9.188663e-03  +1.152936e+01  -5.675568e-03  +5.594941e-03  +5.657948e+01  -5.030627e-03  -2.290689e-03  +5.065155e+01  -1.900951e-04  -3.950646e-03  +4.146528e+01  
-2.554842e-08  +1.582363e-07  -1.049762e-06  -8.945162e-07  +3.626086e-07  +3.546828e-07  -2.284661e-07  -8.654838e-07  +3.776968e-07  -2.628217e-06  +3.965317e-06  -3.892016e-08  -2.497592e-09  +2.261328e-04  +2.278747e-07  -2.748555e-07  -6.603634e-04  +1.561799e-07  -5.382276e-08  -1.900951e-04  +4.971265e-07  -1.016845e-07  -2.749049e-04  
-1.032942e-06  +7.840587e-08  +4.625020e-06  +2.326863e-07  -6.296044e-07  +4.375325e-07  -2.207926e-06  +6.309576e-06  +4.016253e-06  -2.776928e-05  +7.183869e-05  -2.290183e-07  +1.001202e-06  -9.450048e-04  +2.746405e-07  -2.602800e-07  -5.532103e-03  +4.395246e-07  +1.691096e-07  -3.950646e-03  -1.016845e-07  +9.184157e-07  -3.514870e-03  
+1.001240e-02  -3.749561e-04  -4.046325e-02  -6.654472e-03  +4.932866e-03  -1.094474e-04  +1.775367e-02  -5.633384e-02  -3.646203e-02  +2.616750e-01  -6.880260e-01  +3.087719e-03  -7.981808e-03  +1.006349e+01  -4.827269e-03  +5.008425e-03  +4.978389e+01  -3.806049e-03  -2.483466e-03  +4.146528e+01  -2.749049e-04  -3.514870e-03  +3.651325e+01  
