mean:
+3.919444e+00  +3.902263e+00  +6.541342e-01  -1.132615e+00  +1.737954e+00  +5.953423e-01  +9.323298e-01  +2.028798e+00  +1.443819e-01  +2.034412e+00  +4.707155e+00  +1.905340e+00  +3.007108e+00  +8.054402e+02  +4.960015e+00  +4.479523e+00  +2.015359e+03  
covariance:
+2.020673e-05  -2.896523e-06  -8.271474e-08  -5.662782e-06  -2.043502e-05  +3.417986e-06  +4.574432e-06  +2.592086e-05  +2.244624e-06  -2.929802e-05  +9.983943e-05  +3.862529e-07  -3.879358e-07  +2.747614e-03  -7.773213e-08  -1.498243e-07  -8.842229e-03  
-2.896523e-06  +8.070339e-06  -4.341731e-06  +1.761524e-05  +5.084693e-05  -9.502850e-06  -1.098468e-06  -8.214436e-05  -4.438163e-06  +7.120257e-05  -3.564310e-04  +4.459720e-07  -1.219102e-07  -2.721545e-03  -3.251299e-07  -1.664286e-07  +1.110207e-02  
-8.271474e-08  -4.341731e-06  +3.861251e-05  -5.453277e-06  +5.062254e-05  +8.552970e-06  +8.774540e-06  +7.078702e-05  -7.108497e-07  -2.199285e-05  +2.097068e-04  +1.344413e-06  +1.057395e-06  +2.008135e-03  +2.808089e-08  +1.987400e-07  +5.551091e-03  
-5.662782e-06  +1.761524e-05  -5.453277e-06  +1.093217e-04  +1.577265e-04  -2.139372e-05  +2.637103e-06  -1.878091e-04  -1.439568e-05  +1.981092e-04  -8.411495e-04  +1.145257e-06  -4.363722e-07  -4.523169e-03  -7.444466e-07  -6.165004e-07  +3.055767e-02  
-2.043502e-05  +5.084693e-05  +5.062254e-05  +1.577265e-04  +7.320364e-04  -6.095934e-05  +3.775269e-05  -5.819317e-04  -4.474453e-05  +6.082963e-04  -2.708753e-03  +8.136370e-06  +4.416976e-07  -9.008173e-03  -4.257860e-06  +1.960122e-08  +1.265633e-01  
+3.417986e-06  -9.502850e-06  +8.552970e-06  -2.139372e-05  -6.095934e-05  +1.533124e-05  +5.495455e-06  +1.148633e-04  +4.956662e-06  -9.556851e-05  +5.021370e-04  -4.329355e-07  +3.642110e-07  +4.639204e-03  +2.734650e-07  +1.802089e-07  -1.591511e-02  
+4.574432e-06  -1.098468e-06  +8.774540e-06  +2.637103e-06  +3.775269e-05  +5.495455e-06  +2.205945e-05  +3.251852e-06  -2.988612e-06  +3.673593e-07  +2.752713e-05  +1.019561e-06  -4.252327e-07  +5.504661e-03  -5.321156e-07  -2.560000e-07  -1.407961e-03  
+2.592086e-05  -8.214436e-05  +7.078702e-05  -1.878091e-04  -5.819317e-04  +1.148633e-04  +3.251852e-06  +1.037338e-03  +4.844815e-05  -8.203674e-04  +4.273200e-03  -4.702563e-06  +3.000073e-06  +2.616845e-02  +4.446408e-06  +1.921391e-06  -1.257619e-01  
+2.244624e-06  -4.438163e-06  -7.108497e-07  -1.439568e-05  -4.474453e-05  +4.956662e-06  -2.988612e-06  +4.844815e-05  +4.253377e-06  -5.100634e-05  +2.141140e-04  -4.683134e-07  +1.327123e-07  +1.220972e-03  +2.871460e-07  +1.127039e-07  -9.159622e-03  
-2.929802e-05  +7.120257e-05  -2.199285e-05  +1.981092e-04  +6.082963e-04  -9.556851e-05  +3.673593e-07  -8.203674e-04  -5.100634e-05  +7.758767e-04  -3.626871e-03  +5.336410e-06  -1.981998e-06  -2.717638e-02  -3.653987e-06  -1.418803e-06  +1.356170e-01  
+9.983943e-05  -3.564310e-04  +2.097068e-04  -8.411495e-04  -2.708753e-03  +5.021370e-04  +2.752713e-05  +4.273200e-03  +2.141140e-04  -3.626871e-03  +1.869806e-02  -2.346057e-05  +1.356338e-05  +1.233815e-01  +1.740727e-05  +8.970735e-06  -5.904317e-01  
+3.862529e-07  +4.459720e-07  +1.344413e-06  +1.145257e-06  +8.136370e-06  -4.329355e-07  +1.019561e-06  -4.702563e-06  -4.683134e-07  +5.336410e-06  -2.346057e-05  +3.269444e-07  +1.014007e-08  -1.572594e-05  -5.614197e-08  +5.681887e-09  +9.978980e-04  
-3.879358e-07  -1.219102e-07  +1.057395e-06  -4.363722e-07  +4.416976e-07  +3.642110e-07  -4.252327e-07  +3.000073e-06  +1.327123e-07  -1.981998e-06  +1.356338e-05  +1.014007e-08  +2.575107e-07  -4.052956e-05  +2.603837e-08  +5.875968e-08  -1.243096e-04  
+2.747614e-03  -2.721545e-03  +2.008135e-03  -4.523169e-03  -9.008173e-03  +4.639204e-03  +5.504661e-03  +2.616845e-02  +1.220972e-03  -2.717638e-02  +1.233815e-01  -1.572594e-05  -4.052956e-05  +4.011729e+00  -4.017459e-05  +7.584742e-07  -5.919486e+00  
-7.773213e-08  -3.251299e-07  +2.808089e-08  -7.444466e-07  -4.257860e-06  +2.734650e-07  -5.321156e-07  +4.446408e-06  +2.871460e-07  -3.653987e-06  +1.740727e-05  -5.614197e-08  +2.603837e-08  -4.017459e-05  +1.595734e-07  +4.575536e-09  -5.425894e-04  
-1.498243e-07  -1.664286e-07  +1.987400e-07  -6.165004e-07  +1.960122e-08  +1.802089e-07  -2.560000e-07  +1.921391e-06  +1.127039e-07  -1.418803e-06  +8.970735e-06  +5.681887e-09  +5.875968e-08  +7.584742e-07  +4.575536e-09  +1.595322e-07  -9.370161e-05  
-8.842229e-03  +1.110207e-02  +5.551091e-03  +3.055767e-02  +1.265633e-01  -1.591511e-02  -1.407961e-03  -1.257619e-01  -9.159622e-03  +1.356170e-01  -5.904317e-01  +9.978980e-04  -1.243096e-04  -5.919486e+00  -5.425894e-04  -9.370161e-05  +3.230724e+01  
