mean:
+3.940838e+00  +3.953434e+00  +8.591394e-01  +1.192488e+00  +1.433269e+00  +6.160683e-01  +8.056667e-01  +1.414450e+00  +1.708845e-01  +1.825705e+00  +6.071118e+00  +3.505800e+00  +2.646570e+00  +2.005989e+02  +4.306545e+00  +5.311318e+00  +2.696865e+02  +5.367440e+00  +3.819789e+00  +3.189618e+02  +2.639331e+00  +4.560051e+00  +3.865962e+02  
covariance:
+1.791793e-06  -2.324266e-07  +3.408450e-06  +9.263623e-06  +7.745019e-06  +3.005470e-06  +2.947263e-06  +3.130171e-06  -5.304353e-07  +2.178628e-06  +1.687247e-05  +1.427888e-06  +4.041141e-06  -9.643935e-05  +9.384669e-07  +5.184940e-06  -1.009040e-03  +1.076002e-06  +5.242146e-06  +2.808936e-04  +1.472928e-07  -1.059173e-07  +6.676522e-04  
-2.324266e-07  +1.789637e-06  +4.344521e-07  +3.599216e-07  +1.066899e-06  -3.130953e-08  -2.332854e-07  +6.464581e-07  +2.457943e-07  -4.665695e-07  +4.455757e-06  +1.074936e-07  -7.586108e-08  -2.091610e-04  +7.303455e-08  -2.291961e-07  -2.410512e-04  +1.370959e-07  +2.344486e-07  +2.921516e-04  +1.219498e-07  +3.565809e-08  +7.610248e-05  
+3.408450e-06  +4.344521e-07  +5.529964e-05  +1.530886e-04  +1.072640e-04  +3.812255e-05  +4.045704e-05  +4.747220e-05  -1.166809e-05  +5.617105e-06  +2.739356e-04  +1.854090e-05  +4.506691e-05  -3.986737e-03  +1.014742e-05  +6.220090e-05  -1.213694e-02  +1.006824e-05  +6.013100e-05  +6.198831e-03  +2.525624e-06  -2.622713e-06  +1.268671e-02  
+9.263623e-06  +3.599216e-07  +1.530886e-04  +7.239563e-04  +2.904279e-04  +1.141996e-04  +1.676501e-04  +2.863673e-04  -2.744305e-05  -1.328556e-04  +1.048236e-03  +4.564737e-05  +1.140419e-04  -2.367171e-02  +1.958032e-05  +1.634094e-04  -5.107758e-02  +1.267376e-05  +1.292666e-04  +3.277965e-02  +3.915102e-06  -7.304695e-06  +4.690148e-02  
+7.745019e-06  +1.066899e-06  +1.072640e-04  +2.904279e-04  +3.941095e-04  +1.089115e-04  +1.118090e-04  +9.654051e-05  -4.215748e-05  +1.308926e-04  +5.477811e-04  +4.851686e-05  +1.436815e-04  -4.359671e-03  +3.211969e-05  +1.870208e-04  -3.439726e-02  +3.614923e-05  +1.852961e-04  +1.116185e-02  +7.700159e-06  -9.138726e-06  +2.766688e-02  
+3.005470e-06  -3.130953e-08  +3.812255e-05  +1.141996e-04  +1.089115e-04  +3.829892e-05  +3.830523e-05  +4.475489e-05  -1.293330e-05  +2.928972e-05  +2.035204e-04  +1.639195e-05  +5.001291e-05  -1.566052e-03  +1.177685e-05  +6.432053e-05  -1.240947e-02  +1.268624e-05  +6.449230e-05  +4.439773e-03  +1.485231e-06  -2.311596e-06  +8.584588e-03  
+2.947263e-06  -2.332854e-07  +4.045704e-05  +1.676501e-04  +1.118090e-04  +3.830523e-05  +5.552641e-05  +7.341104e-05  -1.202041e-05  -6.336773e-06  +2.617185e-04  +1.442120e-05  +4.453135e-05  -5.539993e-03  +8.228895e-06  +5.990187e-05  -1.599152e-02  +8.636870e-06  +5.082393e-05  +7.948719e-03  +2.101932e-06  -2.986786e-06  +1.069120e-02  
+3.130171e-06  +6.464581e-07  +4.747220e-05  +2.863673e-04  +9.654051e-05  +4.475489e-05  +7.341104e-05  +3.324934e-04  -7.831433e-06  -9.193731e-05  +4.830122e-04  +9.855917e-06  +4.766709e-05  -1.109260e-02  +1.319915e-05  +5.991961e-05  -3.266524e-02  +4.100513e-06  +4.511924e-05  +2.042253e-02  -3.701960e-06  -1.448003e-06  +1.959482e-02  
-5.304353e-07  +2.457943e-07  -1.166809e-05  -2.744305e-05  -4.215748e-05  -1.293330e-05  -1.202041e-05  -7.831433e-06  +6.482642e-06  -2.328979e-05  -5.756615e-05  -5.914836e-06  -1.852853e-05  -1.386009e-04  -4.576882e-06  -2.349447e-05  +3.530562e-03  -4.988733e-06  -2.438603e-05  -6.907723e-04  -5.074248e-07  +8.654843e-07  -2.653875e-03  
+2.178628e-06  -4.665695e-07  +5.617105e-06  -1.328556e-04  +1.308926e-04  +2.928972e-05  -6.336773e-06  -9.193731e-05  -2.328979e-05  +2.143865e-04  -1.250618e-04  +1.815447e-05  +6.242104e-05  +1.386925e-02  +1.868869e-05  +7.269494e-05  +4.155121e-03  +2.292360e-05  +9.307692e-05  -1.273033e-02  +6.524977e-07  -2.595308e-06  -1.742558e-03  
+1.687247e-05  +4.455757e-06  +2.739356e-04  +1.048236e-03  +5.477811e-04  +2.035204e-04  +2.617185e-04  +4.830122e-04  -5.756615e-05  -1.250618e-04  +1.857619e-03  +8.595243e-05  +2.320126e-04  -4.103236e-02  +5.259102e-05  +3.114674e-04  -9.517804e-02  +4.742894e-05  +2.858403e-04  +5.793880e-02  +8.704721e-06  -9.342904e-06  +7.184727e-02  
+1.427888e-06  +1.074936e-07  +1.854090e-05  +4.564737e-05  +4.851686e-05  +1.639195e-05  +1.442120e-05  +9.855917e-06  -5.914836e-06  +1.815447e-05  +8.595243e-05  +8.299424e-06  +2.187683e-05  -2.562371e-04  +5.248543e-06  +2.856436e-05  -4.569755e-03  +5.741285e-06  +2.954433e-05  +1.373551e-03  +8.395038e-07  -1.012806e-06  +3.866967e-03  
+4.041141e-06  -7.586108e-08  +4.506691e-05  +1.140419e-04  +1.436815e-04  +5.001291e-05  +4.453135e-05  +4.766709e-05  -1.852853e-05  +6.242104e-05  +2.320126e-04  +2.187683e-05  +7.195955e-05  -2.146723e-04  +1.857059e-05  +8.895724e-05  -1.621830e-02  +2.036909e-05  +9.472821e-05  +4.407317e-03  +1.451275e-06  -2.334544e-06  +8.154583e-03  
-9.643935e-05  -2.091610e-04  -3.986737e-03  -2.367171e-02  -4.359671e-03  -1.566052e-03  -5.539993e-03  -1.109260e-02  -1.386009e-04  +1.386925e-02  -4.103236e-02  -2.562371e-04  -2.146723e-04  +2.884578e+00  +2.276757e-04  -8.939736e-04  +2.015369e+00  -1.863860e-05  +7.653128e-04  -1.828103e+00  -4.732094e-04  -1.035596e-04  -1.071797e+00  
+9.384669e-07  +7.303455e-08  +1.014742e-05  +1.958032e-05  +3.211969e-05  +1.177685e-05  +8.228895e-06  +1.319915e-05  -4.576882e-06  +1.868869e-05  +5.259102e-05  +5.248543e-06  +1.857059e-05  +2.276757e-04  +6.107924e-06  +2.199570e-05  -3.921909e-03  +5.875622e-06  +2.592889e-05  +8.734160e-04  +1.124341e-07  -8.292952e-09  +1.393902e-03  
+5.184940e-06  -2.291961e-07  +6.220090e-05  +1.634094e-04  +1.870208e-04  +6.432053e-05  +5.990187e-05  +5.991961e-05  -2.349447e-05  +7.269494e-05  +3.114674e-04  +2.856436e-05  +8.895724e-05  -8.939736e-04  +2.199570e-05  +1.140414e-04  -1.990204e-02  +2.406671e-05  +1.165089e-04  +5.967287e-03  +2.050770e-06  -3.979871e-06  +1.284938e-02  
-1.009040e-03  -2.410512e-04  -1.213694e-02  -5.107758e-02  -3.439726e-02  -1.240947e-02  -1.599152e-02  -3.266524e-02  +3.530562e-03  +4.155121e-03  -9.517804e-02  -4.569755e-03  -1.621830e-02  +2.015369e+00  -3.921909e-03  -1.990204e-02  +7.739932e+00  -4.243589e-03  -1.909028e-02  -3.887331e+00  -3.134008e-04  +5.002034e-04  -2.339936e+00  
+1.076002e-06  +1.370959e-07  +1.006824e-05  +1.267376e-05  +3.614923e-05  +1.268624e-05  +8.636870e-06  +4.100513e-06  -4.988733e-06  +2.292360e-05  +4.742894e-05  +5.741285e-06  +2.036909e-05  -1.863860e-05  +5.875622e-06  +2.406671e-05  -4.243589e-03  +7.577055e-06  +2.850816e-05  +8.095291e-04  +5.048327e-07  -1.373825e-07  +3.944135e-04  
+5.242146e-06  +2.344486e-07  +6.013100e-05  +1.292666e-04  +1.852961e-04  +6.449230e-05  +5.082393e-05  +4.511924e-05  -2.438603e-05  +9.307692e-05  +2.858403e-04  +2.954433e-05  +9.472821e-05  +7.653128e-04  +2.592889e-05  +1.165089e-04  -1.909028e-02  +2.850816e-05  +1.305907e-04  +4.183048e-03  +2.155486e-06  -2.347216e-06  +9.568176e-03  
+2.808936e-04  +2.921516e-04  +6.198831e-03  +3.277965e-02  +1.116185e-02  +4.439773e-03  +7.948719e-03  +2.042253e-02  -6.907723e-04  -1.273033e-02  +5.793880e-02  +1.373551e-03  +4.407317e-03  -1.828103e+00  +8.734160e-04  +5.967287e-03  -3.887331e+00  +8.095291e-04  +4.183048e-03  +3.426178e+00  +1.968935e-04  -1.724116e-04  +1.663092e+00  
+1.472928e-07  +1.219498e-07  +2.525624e-06  +3.915102e-06  +7.700159e-06  +1.485231e-06  +2.101932e-06  -3.701960e-06  -5.074248e-07  +6.524977e-07  +8.704721e-06  +8.395038e-07  +1.451275e-06  -4.732094e-04  +1.124341e-07  +2.050770e-06  -3.134008e-04  +5.048327e-07  +2.155486e-06  +1.968935e-04  +9.836610e-07  -8.045200e-08  +2.941282e-04  
-1.059173e-07  +3.565809e-08  -2.622713e-06  -7.304695e-06  -9.138726e-06  -2.311596e-06  -2.986786e-06  -1.448003e-06  +8.654843e-07  -2.595308e-06  -9.342904e-06  -1.012806e-06  -2.334544e-06  -1.035596e-04  -8.292952e-09  -3.979871e-06  +5.002034e-04  -1.373825e-07  -2.347216e-06  -1.724116e-04  -8.045200e-08  +9.573806e-07  -9.869017e-04  
+6.676522e-04  +7.610248e-05  +1.268671e-02  +4.690148e-02  +2.766688e-02  +8.584588e-03  +1.069120e-02  +1.959482e-02  -2.653875e-03  -1.742558e-03  +7.184727e-02  +3.866967e-03  +8.154583e-03  -1.071797e+00  +1.393902e-03  +1.284938e-02  -2.339936e+00  +3.944135e-04  +9.568176e-03  +1.663092e+00  +2.941282e-04  -9.869017e-04  +5.367887e+00  
