mean:
+3.982186e+00  +3.952642e+00  +8.543731e-01  +1.300552e+00  +1.405981e+00  +4.005453e-01  +8.014508e-01  +1.381365e+00  +1.664924e-01  +1.869508e+00  +6.058798e+00  +3.591675e+00  +2.699010e+00  +2.023814e+02  +4.309408e+00  +5.294252e+00  +2.765507e+02  +5.452799e+00  +3.739257e+00  +3.228219e+02  +2.640133e+00  +4.559722e+00  +3.949410e+02  
covariance:
+9.567786e-07  +2.527291e-07  +9.058282e-07  +1.810194e-06  -1.363060e-07  +1.516164e-08  +3.200753e-08  -2.213339e-06  -6.012675e-07  +2.667858e-06  +1.528079e-06  +1.061520e-07  -4.844346e-09  -1.167437e-04  -1.393133e-07  +1.781196e-08  -1.695089e-04  +1.741284e-08  -1.165235e-07  -2.288466e-04  +1.011286e-07  -5.201449e-08  +9.857889e-05  
+2.527291e-07  +1.047161e-06  +7.875837e-07  +1.550527e-06  +2.521785e-07  +4.805235e-08  -1.750366e-07  -9.105258e-07  -5.092071e-07  +4.461743e-06  +4.161625e-06  +1.999134e-07  -1.939120e-08  +9.701645e-06  -4.739614e-07  +1.132498e-07  -2.504144e-04  +7.694266e-08  -4.840059e-07  -1.619823e-05  +4.991722e-08  -8.570274e-09  +4.482873e-04  
+9.058282e-07  +7.875837e-07  +3.984378e-05  +1.591031e-05  -1.735954e-06  -4.190923e-07  -6.371986e-06  -3.835211e-05  -1.806420e-05  +1.300776e-04  +1.297725e-04  +2.714084e-06  -2.504738e-06  -4.043294e-03  -1.228050e-05  +1.852294e-06  -3.617556e-03  +3.190497e-06  -1.160222e-05  +1.973771e-03  -3.341623e-07  -1.049846e-06  +1.282422e-02  
+1.810194e-06  +1.550527e-06  +1.591031e-05  +2.168117e-04  -3.096302e-05  +1.328878e-05  -8.325320e-06  +2.696633e-05  -3.437414e-05  +2.320578e-04  +3.352665e-04  +2.413272e-06  -1.702974e-06  -4.154810e-04  -8.862977e-06  +6.660191e-06  +4.022661e-03  +2.219958e-06  -1.308138e-05  +3.171937e-02  +1.939472e-06  -1.385084e-06  +4.219210e-02  
-1.363060e-07  +2.521785e-07  -1.735954e-06  -3.096302e-05  +5.606560e-05  -6.097960e-07  +8.934789e-06  +8.487418e-06  -2.235895e-06  +1.106499e-05  -1.422243e-05  +9.461687e-07  -3.483308e-07  -5.663056e-04  -1.218688e-05  +2.649921e-07  -2.488947e-03  +1.458378e-06  -1.145227e-05  -4.274374e-04  +2.116035e-06  +1.280142e-06  -4.984711e-03  
+1.516164e-08  +4.805235e-08  -4.190923e-07  +1.328878e-05  -6.097960e-07  +2.566329e-06  -1.158256e-06  +3.980261e-06  -3.442714e-06  +2.238359e-05  +3.964235e-05  +2.795916e-08  -3.455466e-07  +1.120590e-04  -7.888422e-07  +7.736021e-07  +1.169202e-03  +1.672964e-07  -5.885631e-07  +4.194257e-03  +1.861228e-07  -2.478339e-07  +5.676934e-03  
+3.200753e-08  -1.750366e-07  -6.371986e-06  -8.325320e-06  +8.934789e-06  -1.158256e-06  +9.859170e-06  +8.872595e-06  +3.665591e-06  -3.259198e-05  -4.762691e-05  -1.002175e-06  +2.946270e-07  -6.320374e-04  +5.037509e-07  -3.460833e-07  +6.332644e-04  -2.593310e-07  +1.110967e-06  -2.568422e-03  -5.411749e-08  -2.808914e-08  -7.210342e-03  
-2.213339e-06  -9.105258e-07  -3.835211e-05  +2.696633e-05  +8.487418e-06  +3.980261e-06  +8.872595e-06  +1.513412e-04  +4.046099e-06  -4.488886e-05  +3.099363e-05  -4.412698e-06  -4.318507e-07  +3.232859e-03  +2.478484e-06  +3.433955e-06  +6.511051e-03  -2.161289e-06  +2.427273e-06  +2.031187e-02  -2.341051e-06  -3.530258e-07  +1.078268e-02  
-6.012675e-07  -5.092071e-07  -1.806420e-05  -3.437414e-05  -2.235895e-06  -3.442714e-06  +3.665591e-06  +4.046099e-06  +1.762070e-05  -1.171653e-04  -1.513708e-04  -1.401570e-06  +2.086477e-06  +2.147794e-03  +1.032029e-05  -2.842816e-06  +1.472955e-04  -2.352228e-06  +9.637946e-06  -1.004893e-02  -4.651686e-07  +1.027442e-06  -1.836379e-02  
+2.667858e-06  +4.461743e-06  +1.300776e-04  +2.320578e-04  +1.106499e-05  +2.238359e-05  -3.259198e-05  -4.488886e-05  -1.171653e-04  +8.127805e-04  +1.022347e-03  +1.105834e-05  -1.407704e-05  -1.410553e-02  -7.109840e-05  +1.875543e-05  -3.369903e-03  +1.640692e-05  -6.844225e-05  +6.494565e-02  +3.778374e-06  -6.638200e-06  +1.231553e-01  
+1.528079e-06  +4.161625e-06  +1.297725e-04  +3.352665e-04  -1.422243e-05  +3.964235e-05  -4.762691e-05  +3.099363e-05  -1.513708e-04  +1.022347e-03  +1.504341e-03  +1.003112e-05  -1.934928e-05  -1.377510e-02  -7.867314e-05  +2.828803e-05  +7.330992e-03  +1.878220e-05  -7.162138e-05  +1.136388e-01  +1.805155e-06  -9.629631e-06  +1.945163e-01  
+1.061520e-07  +1.999134e-07  +2.714084e-06  +2.413272e-06  +9.461687e-07  +2.795916e-08  -1.002175e-06  -4.412698e-06  -1.401570e-06  +1.105834e-05  +1.003112e-05  +8.146791e-07  -1.041618e-07  -6.998442e-05  -1.419172e-06  +1.170421e-07  -6.833346e-04  +2.505794e-07  -1.695898e-06  -5.997983e-05  +2.590610e-07  +9.909820e-08  +8.605985e-04  
-4.844346e-09  -1.939120e-08  -2.504738e-06  -1.702974e-06  -3.483308e-07  -3.455466e-07  +2.946270e-07  -4.318507e-07  +2.086477e-06  -1.407704e-05  -1.934928e-05  -1.041618e-07  +9.858589e-07  +4.850841e-04  +1.393220e-06  -2.717343e-07  -1.369981e-04  -3.715114e-07  +1.247039e-06  -1.645241e-03  -2.585248e-08  +1.900903e-07  -2.629538e-03  
-1.167437e-04  +9.701645e-06  -4.043294e-03  -4.154810e-04  -5.663056e-04  +1.120590e-04  -6.320374e-04  +3.232859e-03  +2.147794e-03  -1.410553e-02  -1.377510e-02  -6.998442e-05  +4.850841e-04  +1.253637e+00  +1.239434e-03  -1.899838e-04  -4.606053e-03  -3.974918e-04  +1.106759e-03  -2.704056e-01  +1.186953e-04  +2.541451e-04  -1.114540e+00  
-1.393133e-07  -4.739614e-07  -1.228050e-05  -8.862977e-06  -1.218688e-05  -7.888422e-07  +5.037509e-07  +2.478484e-06  +1.032029e-05  -7.109840e-05  -7.867314e-05  -1.419172e-06  +1.393220e-06  +1.239434e-03  +1.072715e-05  -1.565984e-06  +1.867225e-03  -1.913199e-06  +9.934069e-06  -4.385532e-03  -7.614316e-07  +3.697956e-07  -8.670585e-03  
+1.781196e-08  +1.132498e-07  +1.852294e-06  +6.660191e-06  +2.649921e-07  +7.736021e-07  -3.460833e-07  +3.433955e-06  -2.842816e-06  +1.875543e-05  +2.828803e-05  +1.170421e-07  -2.717343e-07  -1.899838e-04  -1.565984e-06  +9.870132e-07  +2.422824e-04  +3.641160e-07  -1.289589e-06  +2.294730e-03  -1.162652e-07  -2.651442e-07  +3.800204e-03  
-1.695089e-04  -2.504144e-04  -3.617556e-03  +4.022661e-03  -2.488947e-03  +1.169202e-03  +6.332644e-04  +6.511051e-03  +1.472955e-04  -3.369903e-03  +7.330992e-03  -6.833346e-04  -1.369981e-04  -4.606053e-03  +1.867225e-03  +2.422824e-04  +2.159055e+00  -1.428360e-04  +1.846240e-03  +2.209786e+00  -2.679782e-04  -1.212678e-04  +1.457510e+00  
+1.741284e-08  +7.694266e-08  +3.190497e-06  +2.219958e-06  +1.458378e-06  +1.672964e-07  -2.593310e-07  -2.161289e-06  -2.352228e-06  +1.640692e-05  +1.878220e-05  +2.505794e-07  -3.715114e-07  -3.974918e-04  -1.913199e-06  +3.641160e-07  -1.428360e-04  +8.603377e-07  -1.935690e-06  +1.069904e-03  +4.245862e-08  -6.646355e-08  +2.251609e-03  
-1.165235e-07  -4.840059e-07  -1.160222e-05  -1.308138e-05  -1.145227e-05  -5.885631e-07  +1.110967e-06  +2.427273e-06  +9.637946e-06  -6.844225e-05  -7.162138e-05  -1.695898e-06  +1.247039e-06  +1.106759e-03  +9.934069e-06  -1.289589e-06  +1.846240e-03  -1.935690e-06  +1.099658e-05  -4.166385e-03  -9.023613e-07  -9.518630e-08  -7.104262e-03  
-2.288466e-04  -1.619823e-05  +1.973771e-03  +3.171937e-02  -4.274374e-04  +4.194257e-03  -2.568422e-03  +2.031187e-02  -1.004893e-02  +6.494565e-02  +1.136388e-01  -5.997983e-05  -1.645241e-03  -2.704056e-01  -4.385532e-03  +2.294730e-03  +2.209786e+00  +1.069904e-03  -4.166385e-03  +1.299645e+01  +1.490306e-04  -4.897395e-04  +1.675243e+01  
+1.011286e-07  +4.991722e-08  -3.341623e-07  +1.939472e-06  +2.116035e-06  +1.861228e-07  -5.411749e-08  -2.341051e-06  -4.651686e-07  +3.778374e-06  +1.805155e-06  +2.590610e-07  -2.585248e-08  +1.186953e-04  -7.614316e-07  -1.162652e-07  -2.679782e-04  +4.245862e-08  -9.023613e-07  +1.490306e-04  +8.868880e-07  +9.037458e-08  +2.667204e-04  
-5.201449e-08  -8.570274e-09  -1.049846e-06  -1.385084e-06  +1.280142e-06  -2.478339e-07  -2.808914e-08  -3.530258e-07  +1.027442e-06  -6.638200e-06  -9.629631e-06  +9.909820e-08  +1.900903e-07  +2.541451e-04  +3.697956e-07  -2.651442e-07  -1.212678e-04  -6.646355e-08  -9.518630e-08  -4.897395e-04  +9.037458e-08  +6.720533e-07  -1.333528e-03  
+9.857889e-05  +4.482873e-04  +1.282422e-02  +4.219210e-02  -4.984711e-03  +5.676934e-03  -7.210342e-03  +1.078268e-02  -1.836379e-02  +1.231553e-01  +1.945163e-01  +8.605985e-04  -2.629538e-03  -1.114540e+00  -8.670585e-03  +3.800204e-03  +1.457510e+00  +2.251609e-03  -7.104262e-03  +1.675243e+01  +2.667204e-04  -1.333528e-03  +2.844893e+01  
