mean:
+3.978223e+00  +4.009684e+00  +8.169768e-01  +1.313175e+00  +1.248695e+00  +5.994889e-01  +8.210242e-01  +1.312709e+00  +1.631432e-01  +2.015622e+00  +5.744336e+00  +3.595383e+00  +2.899628e+00  +2.108516e+02  +4.309325e+00  +5.179292e+00  +2.919151e+02  +5.217862e+00  +3.910384e+00  +3.384184e+02  +2.880347e+00  +4.559705e+00  +3.986832e+02  
covariance:
+4.916572e-06  -1.400940e-06  -1.323307e-05  -4.440021e-08  +2.106655e-06  +2.034755e-06  -4.506815e-06  -2.041026e-05  -1.860431e-05  +1.509613e-04  -2.406351e-04  -1.091262e-06  -6.462930e-07  +2.866748e-03  +2.249259e-07  +9.914475e-07  +1.268381e-02  -3.636883e-07  -2.448546e-07  +1.149521e-02  +1.292073e-07  -1.981277e-07  +9.158776e-03  
-1.400940e-06  +4.519904e-06  +6.685496e-06  -1.045899e-07  -1.379158e-06  -1.125610e-06  +2.076504e-06  +1.069619e-05  +1.025852e-05  -8.284381e-05  +1.354649e-04  +6.137058e-07  +1.357520e-07  -1.752015e-03  -6.909459e-08  -5.913043e-07  -7.106103e-03  +4.324628e-07  +1.844987e-07  -6.435117e-03  -1.211747e-07  +2.725873e-08  -4.894687e-03  
-1.323307e-05  +6.685496e-06  +5.874609e-05  -2.485258e-05  -9.428812e-06  -5.775698e-06  +1.180113e-05  +9.301485e-05  +6.435539e-05  -5.072077e-04  +7.758933e-04  +3.867504e-06  +4.833661e-06  -9.635073e-03  -1.598100e-06  -1.551068e-06  -4.016225e-02  +2.843016e-07  -8.524915e-07  -3.932185e-02  -1.296096e-06  +2.572672e-07  -2.785402e-02  
-4.440021e-08  -1.045899e-07  -2.485258e-05  +1.398014e-04  +5.242600e-06  +1.002787e-07  +3.965188e-06  -7.917059e-05  -1.143124e-05  +4.907462e-05  +1.057613e-05  -7.641761e-07  -9.636237e-06  +9.661209e-04  -7.857119e-07  -6.081080e-06  -2.113345e-03  -7.332478e-07  +1.010001e-06  +3.375415e-03  +2.875347e-06  +2.393837e-06  -2.191266e-03  
+2.106655e-06  -1.379158e-06  -9.428812e-06  +5.242600e-06  +4.353690e-06  +1.215944e-06  -1.789232e-06  -1.323634e-05  -9.890068e-06  +7.937359e-05  -1.345015e-04  -5.051731e-07  -6.153077e-07  +1.855786e-03  +2.132005e-07  -1.613986e-07  +6.964608e-03  -2.565032e-07  +1.946915e-07  +6.104804e-03  +3.842727e-07  +2.692887e-08  +4.888266e-03  
+2.034755e-06  -1.125610e-06  -5.775698e-06  +1.002787e-07  +1.215944e-06  +1.693681e-06  -2.305721e-06  -7.787738e-06  -9.078731e-06  +7.565592e-05  -1.235695e-04  -5.369358e-07  -5.885593e-08  +1.404586e-03  +1.494281e-07  +4.469869e-07  +6.646255e-03  -3.946379e-07  -3.310882e-07  +5.578838e-03  +1.273651e-07  -1.216016e-07  +4.660729e-03  
-4.506815e-06  +2.076504e-06  +1.180113e-05  +3.965188e-06  -1.789232e-06  -2.305721e-06  +1.068745e-05  +1.696978e-05  +1.790329e-05  -1.597921e-04  +2.775664e-04  +9.490809e-07  +4.848746e-07  -2.972372e-03  +1.624311e-07  -1.166639e-06  -1.472589e-02  +7.641937e-07  +7.207415e-07  -1.132739e-02  -1.401660e-07  +2.157868e-07  -1.113097e-02  
-2.041026e-05  +1.069619e-05  +9.301485e-05  -7.917059e-05  -1.323634e-05  -7.787738e-06  +1.696978e-05  +2.575514e-04  +1.009507e-04  -7.864551e-04  +1.212439e-03  +7.110404e-06  +9.207282e-06  -1.851490e-02  -5.879872e-07  -3.444700e-06  -5.192882e-02  -8.240470e-07  -6.873519e-07  -5.816091e-02  -1.475185e-06  -1.180833e-06  -3.483361e-02  
-1.860431e-05  +1.025852e-05  +6.435539e-05  -1.143124e-05  -9.890068e-06  -9.078731e-06  +1.790329e-05  +1.009507e-04  +9.218247e-05  -7.283034e-04  +1.054637e-03  +5.779507e-06  +5.331131e-06  -1.179684e-02  -4.997578e-07  -4.180574e-06  -5.904219e-02  +1.616456e-06  +9.891208e-07  -5.696115e-02  -9.387721e-07  +1.206332e-06  -4.070162e-02  
+1.509613e-04  -8.284381e-05  -5.072077e-04  +4.907462e-05  +7.937359e-05  +7.565592e-05  -1.597921e-04  -7.864551e-04  -7.283034e-04  +5.848877e-03  -8.744469e-03  -4.485300e-05  -3.509855e-05  +9.851274e-02  +5.383896e-06  +3.654399e-05  +4.812821e-01  -1.434552e-05  -9.746069e-06  +4.533843e-01  +6.428286e-06  -9.589487e-06  +3.360053e-01  
-2.406351e-04  +1.354649e-04  +7.758933e-04  +1.057613e-05  -1.345015e-04  -1.235695e-04  +2.775664e-04  +1.212439e-03  +1.054637e-03  -8.744469e-03  +1.486563e-02  +5.974228e-05  +2.047681e-05  -1.872768e-01  -1.734457e-05  -5.423905e-05  -7.485655e-01  +2.836851e-05  +1.320097e-05  -6.573456e-01  -7.509583e-06  +7.607210e-06  -5.438592e-01  
-1.091262e-06  +6.137058e-07  +3.867504e-06  -7.641761e-07  -5.051731e-07  -5.369358e-07  +9.490809e-07  +7.110404e-06  +5.779507e-06  -4.485300e-05  +5.974228e-05  +1.076322e-06  +2.908900e-07  -3.935361e-04  +5.280265e-08  -2.602772e-07  -3.504618e-03  -3.039338e-08  +2.368107e-07  -3.395544e-03  -1.232299e-07  +1.292697e-07  -2.232712e-03  
-6.462930e-07  +1.357520e-07  +4.833661e-06  -9.636237e-06  -6.153077e-07  -5.885593e-08  +4.848746e-07  +9.207282e-06  +5.331131e-06  -3.509855e-05  +2.047681e-05  +2.908900e-07  +2.370065e-06  +9.778079e-05  +1.323705e-07  +6.547364e-07  -2.185343e-03  +5.346358e-08  -2.935805e-07  -2.998611e-03  -3.392692e-07  -9.545787e-08  -9.109709e-04  
+2.866748e-03  -1.752015e-03  -9.635073e-03  +9.661209e-04  +1.855786e-03  +1.404586e-03  -2.972372e-03  -1.851490e-02  -1.179684e-02  +9.851274e-02  -1.872768e-01  -3.935361e-04  +9.778079e-05  +3.532236e+00  -5.600879e-06  +6.211560e-04  +8.100858e+00  -5.082772e-04  +6.340026e-05  +7.119486e+00  -8.902221e-05  +1.872056e-04  +6.255018e+00  
+2.249259e-07  -6.909459e-08  -1.598100e-06  -7.857119e-07  +2.132005e-07  +1.494281e-07  +1.624311e-07  -5.879872e-07  -4.997578e-07  +5.383896e-06  -1.734457e-05  +5.280265e-08  +1.323705e-07  -5.600879e-06  +1.099895e-06  +3.357368e-07  +6.970016e-04  +1.884453e-07  +1.736546e-07  +4.210799e-04  +7.991974e-08  +2.932538e-08  +3.702027e-04  
+9.914475e-07  -5.913043e-07  -1.551068e-06  -6.081080e-06  -1.613986e-07  +4.469869e-07  -1.166639e-06  -3.444700e-06  -4.180574e-06  +3.654399e-05  -5.423905e-05  -2.602772e-07  +6.547364e-07  +6.211560e-04  +3.357368e-07  +1.766560e-06  +2.568315e-03  +1.668089e-07  -3.762301e-07  +2.652779e-03  -2.909975e-07  -1.790173e-07  +1.768922e-03  
+1.268381e-02  -7.106103e-03  -4.016225e-02  -2.113345e-03  +6.964608e-03  +6.646255e-03  -1.472589e-02  -5.192882e-02  -5.904219e-02  +4.812821e-01  -7.485655e-01  -3.504618e-03  -2.185343e-03  +8.100858e+00  +6.970016e-04  +2.568315e-03  +4.242349e+01  -1.578521e-03  -7.814850e-04  +3.741583e+01  +7.135317e-04  -8.104703e-04  +2.996817e+01  
-3.636883e-07  +4.324628e-07  +2.843016e-07  -7.332478e-07  -2.565032e-07  -3.946379e-07  +7.641937e-07  -8.240470e-07  +1.616456e-06  -1.434552e-05  +2.836851e-05  -3.039338e-08  +5.346358e-08  -5.082772e-04  +1.884453e-07  +1.668089e-07  -1.578521e-03  +6.336054e-07  +1.211941e-07  -1.007487e-03  -4.237441e-08  -9.154329e-08  -1.288144e-03  
-2.448546e-07  +1.844987e-07  -8.524915e-07  +1.010001e-06  +1.946915e-07  -3.310882e-07  +7.207415e-07  -6.873519e-07  +9.891208e-07  -9.746069e-06  +1.320097e-05  +2.368107e-07  -2.935805e-07  +6.340026e-05  +1.736546e-07  -3.762301e-07  -7.814850e-04  +1.211941e-07  +9.710775e-07  -6.285277e-04  +4.171140e-08  +2.917015e-07  -5.911470e-04  
+1.149521e-02  -6.435117e-03  -3.932185e-02  +3.375415e-03  +6.104804e-03  +5.578838e-03  -1.132739e-02  -5.816091e-02  -5.696115e-02  +4.533843e-01  -6.573456e-01  -3.395544e-03  -2.998611e-03  +7.119486e+00  +4.210799e-04  +2.652779e-03  +3.741583e+01  -1.007487e-03  -6.285277e-04  +3.641918e+01  +5.585825e-04  -9.512884e-04  +2.595429e+01  
+1.292073e-07  -1.211747e-07  -1.296096e-06  +2.875347e-06  +3.842727e-07  +1.273651e-07  -1.401660e-07  -1.475185e-06  -9.387721e-07  +6.428286e-06  -7.509583e-06  -1.232299e-07  -3.392692e-07  -8.902221e-05  +7.991974e-08  -2.909975e-07  +7.135317e-04  -4.237441e-08  +4.171140e-08  +5.585825e-04  +4.004970e-07  +4.755033e-08  +4.052737e-04  
-1.981277e-07  +2.725873e-08  +2.572672e-07  +2.393837e-06  +2.692887e-08  -1.216016e-07  +2.157868e-07  -1.180833e-06  +1.206332e-06  -9.589487e-06  +7.607210e-06  +1.292697e-07  -9.545787e-08  +1.872056e-04  +2.932538e-08  -1.790173e-07  -8.104703e-04  -9.154329e-08  +2.917015e-07  -9.512884e-04  +4.755033e-08  +6.388265e-07  -3.036773e-04  
+9.158776e-03  -4.894687e-03  -2.785402e-02  -2.191266e-03  +4.888266e-03  +4.660729e-03  -1.113097e-02  -3.483361e-02  -4.070162e-02  +3.360053e-01  -5.438592e-01  -2.232712e-03  -9.109709e-04  +6.255018e+00  +3.702027e-04  +1.768922e-03  +2.996817e+01  -1.288144e-03  -5.911470e-04  +2.595429e+01  +4.052737e-04  -3.036773e-04  +2.246452e+01  
