mean:
+3.981805e+00  +3.953733e+00  +8.576103e-01  +1.295950e+00  +1.412726e+00  +4.029199e-01  +8.093847e-01  +1.376972e+00  +1.676032e-01  +1.864552e+00  +6.043490e+00  +3.592535e+00  +2.697927e+00  +1.996762e+02  +4.308988e+00  +5.293916e+00  +2.759157e+02  +5.453776e+00  +3.757474e+00  +3.210229e+02  +2.640190e+00  +4.559770e+00  +3.935828e+02  
covariance:
+8.641187e-07  +1.934757e-07  -2.375182e-07  -6.212355e-07  -1.987799e-07  -4.541221e-08  +3.906584e-07  -2.244475e-06  -2.636601e-07  -8.433791e-08  -1.547726e-06  -2.123742e-08  +4.425264e-08  -2.611445e-05  -1.330282e-07  +8.299482e-08  -8.697620e-05  +3.710874e-09  -1.603259e-09  -3.614505e-06  -6.169025e-09  +4.113863e-08  +2.943563e-05  
+1.934757e-07  +1.141233e-06  +5.838241e-07  +3.324060e-07  +2.138529e-06  +2.996047e-07  +5.168651e-07  +2.062458e-07  -4.856984e-07  +3.151042e-06  +2.865767e-06  +9.429610e-08  -4.835615e-08  -1.642977e-04  -3.853986e-07  +1.312477e-07  -7.575597e-06  +1.123173e-07  -1.352639e-08  -4.056952e-05  +5.680600e-08  -2.700053e-08  +1.066493e-04  
-2.375182e-07  +5.838241e-07  +5.658250e-05  +6.278310e-05  +9.810429e-05  +2.072468e-05  -6.402482e-07  +9.007345e-05  -3.159551e-05  +2.127463e-04  +2.612418e-04  +7.839090e-06  -4.013048e-06  -9.164636e-03  -1.392470e-05  +4.912045e-06  +1.645011e-03  +1.310632e-06  -6.429077e-07  -9.642291e-04  +2.850373e-06  -1.028478e-06  +9.938113e-03  
-6.212355e-07  +3.324060e-07  +6.278310e-05  +3.170116e-04  +1.797827e-04  +3.232128e-05  +2.224280e-05  +2.538442e-04  -4.851528e-05  +3.028444e-04  +4.070908e-04  +9.321639e-06  -1.140495e-07  -1.124277e-02  -1.348037e-05  +9.558420e-06  +4.956553e-03  +4.905511e-06  +9.221822e-07  -5.980548e-03  +5.483092e-06  -7.761601e-07  +1.095884e-02  
-1.987799e-07  +2.138529e-06  +9.810429e-05  +1.797827e-04  +4.909088e-04  +3.950119e-05  +5.473413e-05  +3.383151e-04  -8.063535e-05  +5.062122e-04  +5.381938e-04  +1.568904e-05  -6.774477e-06  -2.712484e-02  -4.669829e-05  +1.493928e-05  +3.379858e-03  +1.060793e-05  +2.331370e-06  +3.587014e-03  +1.174949e-05  -5.146111e-06  +2.300374e-02  
-4.541221e-08  +2.996047e-07  +2.072468e-05  +3.232128e-05  +3.950119e-05  +1.167742e-05  +2.487791e-06  +3.184997e-05  -1.452270e-05  +9.509865e-05  +1.203878e-04  +3.386249e-06  -1.296439e-06  -3.657389e-03  -4.622622e-06  +2.551026e-06  +1.570868e-03  +8.228409e-07  -9.897388e-08  -1.678812e-03  +1.247415e-06  -5.980497e-07  +5.010280e-03  
+3.906584e-07  +5.168651e-07  -6.402482e-07  +2.224280e-05  +5.473413e-05  +2.487791e-06  +2.740619e-05  +7.628712e-06  -9.524908e-06  +4.410016e-05  +1.787042e-05  +8.069058e-07  +3.770601e-07  -1.925396e-03  -8.215211e-06  +3.539953e-06  -7.090405e-04  +3.396184e-06  +8.375518e-08  -1.118271e-03  +1.860539e-06  -5.183674e-07  +1.426593e-03  
-2.244475e-06  +2.062458e-07  +9.007345e-05  +2.538442e-04  +3.383151e-04  +3.184997e-05  +7.628712e-06  +6.383832e-04  -5.850751e-05  +3.912901e-04  +4.983452e-04  +1.246315e-05  -2.250912e-06  -1.872493e-02  -1.391534e-05  +1.545046e-05  +1.491298e-02  +4.550933e-07  +2.453305e-06  -7.755466e-04  +5.206467e-06  -3.546437e-06  +7.221027e-03  
-2.636601e-07  -4.856984e-07  -3.159551e-05  -4.851528e-05  -8.063535e-05  -1.452270e-05  -9.524908e-06  -5.850751e-05  +2.364660e-05  -1.488130e-04  -1.706361e-04  -5.118587e-06  +2.124720e-06  +6.442518e-03  +1.081557e-05  -4.226475e-06  -1.106205e-03  -2.085579e-06  +1.187138e-08  +1.027997e-03  -2.450211e-06  +9.003701e-07  -7.381776e-03  
-8.433791e-08  +3.151042e-06  +2.127463e-04  +3.028444e-04  +5.062122e-04  +9.509865e-05  +4.410016e-05  +3.912901e-04  -1.488130e-04  +9.704496e-04  +1.122421e-03  +3.407621e-05  -1.476351e-05  -4.222968e-02  -6.774696e-05  +2.612475e-05  +7.410640e-03  +1.140238e-05  -3.735547e-07  -5.624066e-03  +1.508300e-05  -5.663378e-06  +4.856701e-02  
-1.547726e-06  +2.865767e-06  +2.612418e-04  +4.070908e-04  +5.381938e-04  +1.203878e-04  +1.787042e-05  +4.983452e-04  -1.706361e-04  +1.122421e-03  +1.454881e-03  +3.900047e-05  -1.637199e-05  -4.686850e-02  -6.020094e-05  +2.617156e-05  +1.693792e-02  +9.805382e-06  +3.057556e-07  -9.653287e-03  +1.785102e-05  -7.591948e-06  +5.696982e-02  
-2.123742e-08  +9.429610e-08  +7.839090e-06  +9.321639e-06  +1.568904e-05  +3.386249e-06  +8.069058e-07  +1.246315e-05  -5.118587e-06  +3.407621e-05  +3.900047e-05  +1.623646e-06  -4.389570e-07  -1.247741e-03  -2.101681e-06  +8.746124e-07  +1.069648e-04  +1.924081e-07  -8.787771e-08  -3.207930e-04  +3.596632e-07  -2.862723e-07  +1.708366e-03  
+4.425264e-08  -4.835615e-08  -4.013048e-06  -1.140495e-07  -6.774477e-06  -1.296439e-06  +3.770601e-07  -2.250912e-06  +2.124720e-06  -1.476351e-05  -1.637199e-05  -4.389570e-07  +9.897039e-07  +8.840736e-04  +1.921766e-06  +1.194675e-09  +1.419588e-04  -2.564784e-07  -4.618497e-09  -2.650852e-04  -1.988901e-07  -6.278733e-08  -9.972690e-04  
-2.611445e-05  -1.642977e-04  -9.164636e-03  -1.124277e-02  -2.712484e-02  -3.657389e-03  -1.925396e-03  -1.872493e-02  +6.442518e-03  -4.222968e-02  -4.686850e-02  -1.247741e-03  +8.840736e-04  +2.865309e+00  +3.557224e-03  -1.054867e-03  -3.188218e-01  -6.143837e-04  -8.176374e-05  -3.698181e-01  -8.235371e-04  +1.330699e-04  -2.363744e+00  
-1.330282e-07  -3.853986e-07  -1.392470e-05  -1.348037e-05  -4.669829e-05  -4.622622e-06  -8.215211e-06  -1.391534e-05  +1.081557e-05  -6.774696e-05  -6.020094e-05  -2.101681e-06  +1.921766e-06  +3.557224e-03  +1.010050e-05  -1.713733e-06  +1.293975e-03  -1.818334e-06  +1.788624e-08  -8.394659e-04  -1.260544e-06  -1.199578e-07  -3.666869e-03  
+8.299482e-08  +1.312477e-07  +4.912045e-06  +9.558420e-06  +1.493928e-05  +2.551026e-06  +3.539953e-06  +1.545046e-05  -4.226475e-06  +2.612475e-05  +2.617156e-05  +8.746124e-07  +1.194675e-09  -1.054867e-03  -1.713733e-06  +1.795802e-06  +4.897217e-04  +4.162401e-07  -2.688430e-07  -4.743162e-04  +3.911388e-07  -2.073417e-07  +6.791530e-04  
-8.697620e-05  -7.575597e-06  +1.645011e-03  +4.956553e-03  +3.379858e-03  +1.570868e-03  -7.090405e-04  +1.491298e-02  -1.106205e-03  +7.410640e-03  +1.693792e-02  +1.069648e-04  +1.419588e-04  -3.188218e-01  +1.293975e-03  +4.897217e-04  +1.803429e+00  -1.199384e-04  +1.065204e-04  -6.715661e-01  +1.734444e-04  -2.100186e-04  +1.615710e-01  
+3.710874e-09  +1.123173e-07  +1.310632e-06  +4.905511e-06  +1.060793e-05  +8.228409e-07  +3.396184e-06  +4.550933e-07  -2.085579e-06  +1.140238e-05  +9.805382e-06  +1.924081e-07  -2.564784e-07  -6.143837e-04  -1.818334e-06  +4.162401e-07  -1.199384e-04  +9.793959e-07  +2.138498e-08  +9.375365e-05  +3.646236e-07  -8.939106e-08  +6.567412e-04  
-1.603259e-09  -1.352639e-08  -6.429077e-07  +9.221822e-07  +2.331370e-06  -9.897388e-08  +8.375518e-08  +2.453305e-06  +1.187138e-08  -3.735547e-07  +3.057556e-07  -8.787771e-08  -4.618497e-09  -8.176374e-05  +1.788624e-08  -2.688430e-07  +1.065204e-04  +2.138498e-08  +4.551980e-07  +2.178495e-04  +9.254759e-08  +6.850909e-08  +2.644424e-04  
-3.614505e-06  -4.056952e-05  -9.642291e-04  -5.980548e-03  +3.587014e-03  -1.678812e-03  -1.118271e-03  -7.755466e-04  +1.027997e-03  -5.624066e-03  -9.653287e-03  -3.207930e-04  -2.650852e-04  -3.698181e-01  -8.394659e-04  -4.743162e-04  -6.715661e-01  +9.375365e-05  +2.178495e-04  +1.560141e+00  +1.190051e-04  +1.742140e-04  +1.462336e-02  
-6.169025e-09  +5.680600e-08  +2.850373e-06  +5.483092e-06  +1.174949e-05  +1.247415e-06  +1.860539e-06  +5.206467e-06  -2.450211e-06  +1.508300e-05  +1.785102e-05  +3.596632e-07  -1.988901e-07  -8.235371e-04  -1.260544e-06  +3.911388e-07  +1.734444e-04  +3.646236e-07  +9.254759e-08  +1.190051e-04  +7.648618e-07  -1.510613e-07  +8.423971e-04  
+4.113863e-08  -2.700053e-08  -1.028478e-06  -7.761601e-07  -5.146111e-06  -5.980497e-07  -5.183674e-07  -3.546437e-06  +9.003701e-07  -5.663378e-06  -7.591948e-06  -2.862723e-07  -6.278733e-08  +1.330699e-04  -1.199578e-07  -2.073417e-07  -2.100186e-04  -8.939106e-08  +6.850909e-08  +1.742140e-04  -1.510613e-07  +5.562337e-07  -1.678680e-04  
+2.943563e-05  +1.066493e-04  +9.938113e-03  +1.095884e-02  +2.300374e-02  +5.010280e-03  +1.426593e-03  +7.221027e-03  -7.381776e-03  +4.856701e-02  +5.696982e-02  +1.708366e-03  -9.972690e-04  -2.363744e+00  -3.666869e-03  +6.791530e-04  +1.615710e-01  +6.567412e-04  +2.644424e-04  +1.462336e-02  +8.423971e-04  -1.678680e-04  +3.737607e+00  
