mean:
+3.967149e+00  +3.990844e+00  +8.686937e-01  +1.345221e+00  +1.241071e+00  +4.089346e-01  +8.619701e-01  +1.401909e+00  +1.702901e-01  +2.089044e+00  +5.446383e+00  +3.612406e+00  +2.920269e+00  +2.132051e+02  +4.262363e+00  +5.128800e+00  +2.912541e+02  +5.235832e+00  +3.830404e+00  +3.326709e+02  +2.799845e+00  +4.480308e+00  +3.984096e+02  
covariance:
+5.102315e-06  +2.994836e-06  +2.200461e-05  +2.342565e-05  +8.438750e-06  +1.111293e-05  -6.021299e-06  +4.825594e-06  -1.506951e-05  +1.618217e-04  -5.316594e-04  -2.204477e-07  +2.773961e-06  +9.947958e-04  -4.680538e-06  +3.282329e-07  +1.276905e-02  +6.220715e-07  +3.041850e-07  +5.633032e-03  +3.511639e-07  -2.309876e-08  +7.888019e-03  
+2.994836e-06  +6.425974e-06  +1.969315e-05  +2.287109e-05  +7.996228e-06  +8.224913e-06  -2.800615e-07  +1.106571e-05  -1.645790e-05  +1.533745e-04  -4.275477e-04  -2.975416e-07  +2.257646e-06  +1.583749e-03  -5.145132e-06  +1.329303e-07  +1.089937e-02  +5.037809e-07  +3.124490e-07  +5.308828e-03  +4.609046e-07  -2.209913e-07  +6.985031e-03  
+2.200461e-05  +1.969315e-05  +1.932895e-04  +1.442404e-04  +5.980111e-05  +6.066933e-05  -1.698630e-05  +1.162108e-04  -1.179255e-04  +1.131823e-03  -3.090377e-03  -7.695443e-07  +1.405985e-05  +1.167240e-02  -3.493844e-05  -1.829536e-06  +8.595893e-02  +2.932481e-06  +7.426103e-07  +3.009799e-02  +1.891399e-06  -3.389498e-07  +5.493773e-02  
+2.342565e-05  +2.287109e-05  +1.442404e-04  +3.382598e-04  +6.682549e-05  +5.970422e-05  +3.556554e-05  +1.614541e-04  -1.613666e-04  +1.358063e-03  -3.228115e-03  -3.338905e-06  +2.405445e-05  +1.969940e-02  -5.144523e-05  -2.548890e-06  +8.598705e-02  +7.056706e-06  +5.463700e-06  +5.945304e-02  +5.558939e-06  -1.783684e-06  +5.309467e-02  
+8.438750e-06  +7.996228e-06  +5.980111e-05  +6.682549e-05  +3.378043e-05  +2.433201e-05  -3.044756e-06  +3.451661e-05  -4.432378e-05  +4.253606e-04  -1.210600e-03  -1.188697e-06  +6.981184e-06  +4.601495e-03  -1.449207e-05  +2.069325e-07  +3.130924e-02  +1.278562e-06  +1.367884e-06  +1.393755e-02  +1.444028e-06  -3.459212e-07  +1.928758e-02  
+1.111293e-05  +8.224913e-06  +6.066933e-05  +5.970422e-05  +2.433201e-05  +3.581427e-05  -2.976770e-05  -8.571626e-06  -3.390035e-05  +4.269196e-04  -1.580348e-03  +4.333593e-09  +8.103641e-06  +1.067807e-03  -9.993727e-06  +1.470577e-06  +3.670551e-02  +1.312529e-06  +9.821788e-07  +1.403416e-02  +9.000289e-07  -3.396848e-07  +2.207382e-02  
-6.021299e-06  -2.800615e-07  -1.698630e-05  +3.556554e-05  -3.044756e-06  -2.976770e-05  +1.237942e-04  +1.153954e-04  -4.448681e-05  +1.853239e-05  +1.011741e-03  -6.736351e-06  -1.639610e-07  +1.071571e-02  -2.058324e-05  -4.468693e-06  -1.441618e-02  +1.223247e-06  +3.637265e-06  +3.778851e-03  +2.035462e-06  +2.608695e-07  -1.070362e-02  
+4.825594e-06  +1.106571e-05  +1.162108e-04  +1.614541e-04  +3.451661e-05  -8.571626e-06  +1.153954e-04  +4.414566e-04  -1.414569e-04  +8.601895e-04  -6.153401e-04  -1.074921e-05  +7.890994e-06  +1.739890e-02  -4.583781e-05  -7.454181e-06  +4.309216e-02  +7.227831e-06  -2.970820e-08  +3.380820e-02  +3.348575e-06  -3.150969e-06  +2.319352e-02  
-1.506951e-05  -1.645790e-05  -1.179255e-04  -1.613666e-04  -4.432378e-05  -3.390035e-05  -4.448681e-05  -1.414569e-04  +1.219229e-04  -9.593633e-04  +2.021203e-03  +4.589347e-06  -1.326862e-05  -1.582097e-02  +3.870009e-05  +2.242356e-06  -6.116691e-02  -4.048106e-06  -3.406320e-06  -3.449196e-02  -3.628322e-06  +2.281287e-07  -3.947409e-02  
+1.618217e-04  +1.533745e-04  +1.131823e-03  +1.358063e-03  +4.253606e-04  +4.269196e-04  +1.853239e-05  +8.601895e-04  -9.593633e-04  +8.705111e-03  -2.248112e-02  -2.262394e-05  +1.271469e-04  +1.042675e-01  -2.916219e-04  -3.153395e-06  +6.144988e-01  +3.343033e-05  +2.111735e-05  +3.027866e-01  +2.610714e-05  -3.786176e-06  +3.912907e-01  
-5.316594e-04  -4.275477e-04  -3.090377e-03  -3.228115e-03  -1.210600e-03  -1.580348e-03  +1.011741e-03  -6.153401e-04  +2.021203e-03  -2.248112e-02  +7.545378e-02  +2.155317e-05  -3.927040e-04  -1.344433e-01  +6.297220e-04  -4.914660e-05  -1.800875e+00  -8.093437e-05  -3.549770e-05  -7.777512e-01  -4.035406e-05  +1.257032e-05  -1.087077e+00  
-2.204477e-07  -2.975416e-07  -7.695443e-07  -3.338905e-06  -1.188697e-06  +4.333593e-09  -6.736351e-06  -1.074921e-05  +4.589347e-06  -2.262394e-05  +2.155317e-05  +1.488675e-06  -7.272949e-07  -2.977922e-04  +1.813603e-06  +1.825624e-07  -9.699915e-04  -4.955176e-07  -3.140691e-07  -9.588577e-04  -2.278734e-07  +2.297992e-07  -9.813106e-06  
+2.773961e-06  +2.257646e-06  +1.405985e-05  +2.405445e-05  +6.981184e-06  +8.103641e-06  -1.639610e-07  +7.890994e-06  -1.326862e-05  +1.271469e-04  -3.927040e-04  -7.272949e-07  +3.402338e-06  +1.069790e-03  -4.634032e-06  -7.581944e-08  +8.886626e-03  +8.064281e-07  +4.841493e-07  +5.487043e-03  +4.205121e-07  -1.878064e-07  +5.489305e-03  
+9.947958e-04  +1.583749e-03  +1.167240e-02  +1.969940e-02  +4.601495e-03  +1.067807e-03  +1.071571e-02  +1.739890e-02  -1.582097e-02  +1.042675e-01  -1.344433e-01  -2.977922e-04  +1.069790e-03  +4.138327e+00  -5.563953e-03  -5.528078e-04  +5.200240e+00  +2.074113e-04  +8.381623e-04  +4.196375e+00  +5.654183e-04  +5.797743e-04  +4.169075e+00  
-4.680538e-06  -5.145132e-06  -3.493844e-05  -5.144523e-05  -1.449207e-05  -9.993727e-06  -2.058324e-05  -4.583781e-05  +3.870009e-05  -2.916219e-04  +6.297220e-04  +1.813603e-06  -4.634032e-06  -5.563953e-03  +1.437293e-05  +7.410371e-07  -1.811854e-02  -1.366953e-06  -1.372423e-06  -1.141852e-02  -1.053690e-06  -1.108222e-07  -1.122513e-02  
+3.282329e-07  +1.329303e-07  -1.829536e-06  -2.548890e-06  +2.069325e-07  +1.470577e-06  -4.468693e-06  -7.454181e-06  +2.242356e-06  -3.153395e-06  -4.914660e-05  +1.825624e-07  -7.581944e-08  -5.528078e-04  +7.410371e-07  +1.338451e-06  +1.047818e-03  +6.473637e-08  +1.526206e-07  +1.097952e-05  -7.858852e-08  +4.837821e-08  +8.550931e-05  
+1.276905e-02  +1.089937e-02  +8.595893e-02  +8.598705e-02  +3.130924e-02  +3.670551e-02  -1.441618e-02  +4.309216e-02  -6.116691e-02  +6.144988e-01  -1.800875e+00  -9.699915e-04  +8.886626e-03  +5.200240e+00  -1.811854e-02  +1.047818e-03  +4.886324e+01  +2.281626e-03  +1.445357e-03  +2.027005e+01  +1.530422e-03  -5.346770e-04  +2.891155e+01  
+6.220715e-07  +5.037809e-07  +2.932481e-06  +7.056706e-06  +1.278562e-06  +1.312529e-06  +1.223247e-06  +7.227831e-06  -4.048106e-06  +3.343033e-05  -8.093437e-05  -4.955176e-07  +8.064281e-07  +2.074113e-04  -1.366953e-06  +6.473637e-08  +2.281626e-03  +9.072670e-07  +1.822757e-07  +1.617511e-03  -2.461395e-09  -1.742411e-07  +9.022098e-04  
+3.041850e-07  +3.124490e-07  +7.426103e-07  +5.463700e-06  +1.367884e-06  +9.821788e-07  +3.637265e-06  -2.970820e-08  -3.406320e-06  +2.111735e-05  -3.549770e-05  -3.140691e-07  +4.841493e-07  +8.381623e-04  -1.372423e-06  +1.526206e-07  +1.445357e-03  +1.822757e-07  +1.009929e-06  +8.775549e-04  +3.411541e-07  +3.271798e-10  +5.849867e-04  
+5.633032e-03  +5.308828e-03  +3.009799e-02  +5.945304e-02  +1.393755e-02  +1.403416e-02  +3.778851e-03  +3.380820e-02  -3.449196e-02  +3.027866e-01  -7.777512e-01  -9.588577e-04  +5.487043e-03  +4.196375e+00  -1.141852e-02  +1.097952e-05  +2.027005e+01  +1.617511e-03  +8.775549e-04  +1.562249e+01  +9.576766e-04  -2.044583e-04  +1.257175e+01  
+3.511639e-07  +4.609046e-07  +1.891399e-06  +5.558939e-06  +1.444028e-06  +9.000289e-07  +2.035462e-06  +3.348575e-06  -3.628322e-06  +2.610714e-05  -4.035406e-05  -2.278734e-07  +4.205121e-07  +5.654183e-04  -1.053690e-06  -7.858852e-08  +1.530422e-03  -2.461395e-09  +3.411541e-07  +9.576766e-04  +6.504445e-07  -1.916893e-08  +1.190644e-03  
-2.309876e-08  -2.209913e-07  -3.389498e-07  -1.783684e-06  -3.459212e-07  -3.396848e-07  +2.608695e-07  -3.150969e-06  +2.281287e-07  -3.786176e-06  +1.257032e-05  +2.297992e-07  -1.878064e-07  +5.797743e-04  -1.108222e-07  +4.837821e-08  -5.346770e-04  -1.742411e-07  +3.271798e-10  -2.044583e-04  -1.916893e-08  +7.254069e-07  +1.777120e-04  
+7.888019e-03  +6.985031e-03  +5.493773e-02  +5.309467e-02  +1.928758e-02  +2.207382e-02  -1.070362e-02  +2.319352e-02  -3.947409e-02  +3.912907e-01  -1.087077e+00  -9.813106e-06  +5.489305e-03  +4.169075e+00  -1.122513e-02  +8.550931e-05  +2.891155e+01  +9.022098e-04  +5.849867e-04  +1.257175e+01  +1.190644e-03  +1.777120e-04  +2.084057e+01  
