mean:
+3.959103e+00  +3.927685e+00  +5.964603e-01  -1.154333e+00  +1.691604e+00  +4.837677e-01  +9.126492e-01  +2.177599e+00  +1.444687e-01  +2.031841e+00  +4.878948e+00  +1.634924e+00  +2.882703e+00  +8.099458e+02  +4.799684e+00  +4.399473e+00  +2.023316e+03  
covariance:
+8.349703e-06  +4.592527e-07  +2.841557e-05  -5.825696e-06  -7.256463e-07  +9.204700e-06  -5.308421e-06  -3.693626e-05  +5.869962e-06  -4.335210e-05  +3.090151e-05  -9.389891e-08  -3.303908e-07  -1.256312e-03  -2.344716e-07  +1.141480e-07  -1.149336e-02  
+4.592527e-07  +8.594521e-06  +1.035903e-05  +9.960822e-06  -6.171168e-07  +1.809449e-06  -8.452072e-07  -2.343983e-05  +2.115750e-06  -1.748670e-05  +1.314311e-05  +5.817419e-09  -8.062195e-08  -2.779440e-04  +1.298943e-07  +7.310665e-08  -3.365368e-03  
+2.841557e-05  +1.035903e-05  +7.548088e-04  -2.524190e-04  -3.688841e-06  +2.649946e-04  -7.440169e-05  -1.329422e-03  +1.257808e-04  -1.021902e-03  +2.338590e-04  -6.284371e-06  -5.820543e-06  -4.766898e-02  -4.786387e-06  +2.247881e-06  -2.881305e-01  
-5.825696e-06  +9.960822e-06  -2.524190e-04  +1.041134e-03  -2.262999e-05  -1.172429e-04  +7.487745e-05  +5.985410e-05  -5.324321e-05  +2.332713e-04  +7.309117e-04  -3.422172e-06  +5.626579e-06  +3.614465e-02  +1.357413e-06  +1.383198e-06  +1.278497e-01  
-7.256463e-07  -6.171168e-07  -3.688841e-06  -2.262999e-05  +8.321882e-05  +7.759063e-07  +1.172253e-05  +4.607357e-05  -1.288437e-06  +2.407736e-05  -1.111461e-04  -2.753148e-07  +2.104313e-10  +3.286844e-03  -1.729932e-06  -1.206482e-06  +5.862489e-03  
+9.204700e-06  +1.809449e-06  +2.649946e-04  -1.172429e-04  +7.759063e-07  +1.099579e-04  -1.866829e-05  -5.157182e-04  +4.251030e-05  -3.473646e-04  +6.921091e-05  -2.379291e-06  -2.033552e-06  -2.125012e-02  -2.348014e-06  +9.667501e-07  -1.064466e-01  
-5.308421e-06  -8.452072e-07  -7.440169e-05  +7.487745e-05  +1.172253e-05  -1.866829e-05  +7.416830e-05  +3.583188e-05  -3.047586e-05  +2.046983e-04  -5.287263e-05  -1.219264e-06  +9.692064e-07  +6.890362e-03  -7.418741e-07  -8.760013e-07  +4.179014e-02  
-3.693626e-05  -2.343983e-05  -1.329422e-03  +5.985410e-05  +4.607357e-05  -5.157182e-04  +3.583188e-05  +3.849723e-03  -1.796823e-04  +1.559642e-03  -3.891286e-04  +1.372501e-05  +1.458541e-06  +1.254984e-01  +7.577886e-06  -4.603398e-06  +5.137380e-01  
+5.869962e-06  +2.115750e-06  +1.257808e-04  -5.324321e-05  -1.288437e-06  +4.251030e-05  -3.047586e-05  -1.796823e-04  +2.863306e-05  -2.145288e-04  +4.700953e-05  -5.899280e-07  -7.913439e-07  -8.298337e-03  -3.574996e-07  +4.147739e-07  -5.020971e-02  
-4.335210e-05  -1.748670e-05  -1.021902e-03  +2.332713e-04  +2.407736e-05  -3.473646e-04  +2.046983e-04  +1.559642e-03  -2.145288e-04  +1.731283e-03  -5.874298e-04  +6.391419e-06  +6.120963e-06  +6.073183e-02  +3.309436e-06  -3.545100e-06  +3.973591e-01  
+3.090151e-05  +1.314311e-05  +2.338590e-04  +7.309117e-04  -1.111461e-04  +6.921091e-05  -5.287263e-05  -3.891286e-04  +4.700953e-05  -5.874298e-04  +1.787724e-03  -3.443386e-06  -1.213088e-06  +2.276199e-02  -6.771376e-07  +8.160511e-06  -1.043248e-01  
-9.389891e-08  +5.817419e-09  -6.284371e-06  -3.422172e-06  -2.753148e-07  -2.379291e-06  -1.219264e-06  +1.372501e-05  -5.899280e-07  +6.391419e-06  -3.443386e-06  +8.567409e-07  +5.808266e-08  +2.801607e-05  +4.155219e-08  -2.236973e-08  +1.594302e-03  
-3.303908e-07  -8.062195e-08  -5.820543e-06  +5.626579e-06  +2.104313e-10  -2.033552e-06  +9.692064e-07  +1.458541e-06  -7.913439e-07  +6.120963e-06  -1.213088e-06  +5.808266e-08  +9.142818e-07  +3.746260e-04  +8.029178e-08  -1.153302e-07  +2.599186e-03  
-1.256312e-03  -2.779440e-04  -4.766898e-02  +3.614465e-02  +3.286844e-03  -2.125012e-02  +6.890362e-03  +1.254984e-01  -8.298337e-03  +6.073183e-02  +2.276199e-02  +2.801607e-05  +3.746260e-04  +9.508445e+00  +2.855726e-04  -2.426400e-05  +2.188051e+01  
-2.344716e-07  +1.298943e-07  -4.786387e-06  +1.357413e-06  -1.729932e-06  -2.348014e-06  -7.418741e-07  +7.577886e-06  -3.574996e-07  +3.309436e-06  -6.771376e-07  +4.155219e-08  +8.029178e-08  +2.855726e-04  +5.249534e-07  -2.593444e-08  +2.111257e-03  
+1.141480e-07  +7.310665e-08  +2.247881e-06  +1.383198e-06  -1.206482e-06  +9.667501e-07  -8.760013e-07  -4.603398e-06  +4.147739e-07  -3.545100e-06  +8.160511e-06  -2.236973e-08  -1.153302e-07  -2.426400e-05  -2.593444e-08  +5.325759e-07  -1.366960e-03  
-1.149336e-02  -3.365368e-03  -2.881305e-01  +1.278497e-01  +5.862489e-03  -1.064466e-01  +4.179014e-02  +5.137380e-01  -5.020971e-02  +3.973591e-01  -1.043248e-01  +1.594302e-03  +2.599186e-03  +2.188051e+01  +2.111257e-03  -1.366960e-03  +1.282664e+02  
