mean:
+3.937596e+00  +3.937164e+00  +6.127562e-01  -1.208716e+00  +1.766175e+00  +5.975278e-01  +9.066773e-01  +2.067788e+00  +1.417849e-01  +1.988142e+00  +4.910853e+00  +1.919078e+00  +3.027077e+00  +8.047257e+02  +4.972873e+00  +4.496814e+00  +1.980479e+03  
covariance:
+1.826618e-06  -7.094902e-07  +2.689092e-06  +2.305730e-06  -6.787060e-06  -1.131260e-06  -1.424783e-06  -3.165270e-07  +1.527341e-06  -1.558116e-05  +9.780774e-06  -8.041604e-08  -1.053778e-07  +1.235861e-03  +8.465605e-09  -2.221240e-08  +2.403027e-03  
-7.094902e-07  +2.262566e-06  +5.123377e-06  -4.154784e-06  -1.203476e-05  +3.528220e-07  -1.491746e-06  +5.203699e-06  +1.497364e-06  -1.445371e-05  +9.058153e-06  -1.222224e-07  +7.561232e-08  +6.837717e-04  +2.031923e-08  +1.975863e-08  +4.935007e-03  
+2.689092e-06  +5.123377e-06  +1.242499e-04  +1.051800e-05  -2.489860e-04  +1.978941e-06  -2.304507e-07  +1.152468e-04  +2.171776e-05  -2.724168e-04  +1.197343e-04  -4.276302e-07  +1.450837e-06  +1.988669e-02  +2.028925e-07  +2.202841e-08  +8.253472e-02  
+2.305730e-06  -4.154784e-06  +1.051800e-05  +2.167925e-04  -7.547743e-05  -2.324939e-07  +6.110512e-05  -4.287799e-05  -4.372196e-06  -4.637708e-05  +4.142851e-05  +6.239359e-07  +4.805173e-07  +1.626474e-02  -1.122273e-07  +8.268351e-07  -9.586017e-03  
-6.787060e-06  -1.203476e-05  -2.489860e-04  -7.547743e-05  +7.309979e-04  +1.420510e-07  +1.443892e-05  -1.186716e-04  -6.087118e-05  +7.618359e-04  -3.850347e-04  +3.555473e-06  -3.144667e-06  -5.310239e-02  +1.512533e-07  +4.369695e-07  -1.938781e-01  
-1.131260e-06  +3.528220e-07  +1.978941e-06  -2.324939e-07  +1.420510e-07  +5.815963e-06  +7.169066e-06  +1.163967e-05  -2.635572e-06  +2.763162e-05  -1.996087e-05  -8.434879e-08  +5.326404e-07  -2.583103e-03  -2.362460e-09  +5.976217e-08  -2.238246e-03  
-1.424783e-06  -1.491746e-06  -2.304507e-07  +6.110512e-05  +1.443892e-05  +7.169066e-06  +4.200788e-05  +1.668113e-05  -9.898437e-06  +6.549423e-05  -2.969655e-05  +4.860783e-07  +6.494081e-07  +4.035649e-04  +1.538850e-07  +4.447196e-07  -1.333128e-02  
-3.165270e-07  +5.203699e-06  +1.152468e-04  -4.287799e-05  -1.186716e-04  +1.163967e-05  +1.668113e-05  +3.176365e-04  +8.798414e-07  -3.004123e-05  -7.423345e-07  +5.480891e-07  +2.677811e-06  +5.322263e-03  +3.277570e-07  +3.845174e-07  +5.837428e-02  
+1.527341e-06  +1.497364e-06  +2.171776e-05  -4.372196e-06  -6.087118e-05  -2.635572e-06  -9.898437e-06  +8.798414e-07  +8.769523e-06  -9.101034e-05  +4.428876e-05  -5.282009e-07  -1.399535e-07  +5.364227e-03  +1.403082e-08  -1.194519e-07  +2.051329e-02  
-1.558116e-05  -1.445371e-05  -2.724168e-04  -4.637708e-05  +7.618359e-04  +2.763162e-05  +6.549423e-05  -3.004123e-05  -9.101034e-05  +1.064937e-03  -5.485307e-04  +4.909274e-06  +8.752933e-07  -7.069499e-02  -3.542121e-07  +9.299404e-07  -2.402159e-01  
+9.780774e-06  +9.058153e-06  +1.197343e-04  +4.142851e-05  -3.850347e-04  -1.996087e-05  -2.969655e-05  -7.423345e-07  +4.428876e-05  -5.485307e-04  +3.947370e-04  -3.259329e-06  -9.147845e-07  +3.961522e-02  +1.606078e-07  -2.875234e-07  +1.220217e-01  
-8.041604e-08  -1.222224e-07  -4.276302e-07  +6.239359e-07  +3.555473e-06  -8.434879e-08  +4.860783e-07  +5.480891e-07  -5.282009e-07  +4.909274e-06  -3.259329e-06  +2.636089e-07  +6.849848e-08  -1.335223e-04  -1.196541e-08  +7.374325e-09  -1.088624e-03  
-1.053778e-07  +7.561232e-08  +1.450837e-06  +4.805173e-07  -3.144667e-06  +5.326404e-07  +6.494081e-07  +2.677811e-06  -1.399535e-07  +8.752933e-07  -9.147845e-07  +6.849848e-08  +2.982097e-07  -3.197043e-05  -4.056944e-08  -1.267680e-08  +3.179347e-04  
+1.235861e-03  +6.837717e-04  +1.988669e-02  +1.626474e-02  -5.310239e-02  -2.583103e-03  +4.035649e-04  +5.322263e-03  +5.364227e-03  -7.069499e-02  +3.961522e-02  -1.335223e-04  -3.197043e-05  +6.765193e+00  +2.122362e-05  +6.851506e-05  +1.456860e+01  
+8.465605e-09  +2.031923e-08  +2.028925e-07  -1.122273e-07  +1.512533e-07  -2.362460e-09  +1.538850e-07  +3.277570e-07  +1.403082e-08  -3.542121e-07  +1.606078e-07  -1.196541e-08  -4.056944e-08  +2.122362e-05  +9.281047e-08  -5.535596e-09  +8.008456e-05  
-2.221240e-08  +1.975863e-08  +2.202841e-08  +8.268351e-07  +4.369695e-07  +5.976217e-08  +4.447196e-07  +3.845174e-07  -1.194519e-07  +9.299404e-07  -2.875234e-07  +7.374325e-09  -1.267680e-08  +6.851506e-05  -5.535596e-09  +1.181164e-07  -1.169959e-04  
+2.403027e-03  +4.935007e-03  +8.253472e-02  -9.586017e-03  -1.938781e-01  -2.238246e-03  -1.333128e-02  +5.837428e-02  +2.051329e-02  -2.402159e-01  +1.220217e-01  -1.088624e-03  +3.179347e-04  +1.456860e+01  +8.008456e-05  -1.169959e-04  +7.298885e+01  
