mean:
+3.914468e+00  +3.902706e+00  +6.423960e-01  -1.172948e+00  +1.725842e+00  +5.950790e-01  +9.066703e-01  +2.097677e+00  +1.481113e-01  +1.933872e+00  +4.867911e+00  +1.905718e+00  +3.007518e+00  +8.027296e+02  +4.959965e+00  +4.479806e+00  +2.013589e+03  
covariance:
+1.409383e-05  -4.673762e-06  -1.730564e-07  -1.896094e-06  +8.769105e-06  -6.882723e-07  +2.557018e-06  +4.187499e-06  -2.154976e-07  +2.348766e-06  -1.069858e-05  +2.762365e-07  -1.155720e-07  -9.955153e-04  +5.386742e-08  -2.511729e-07  -8.222767e-04  
-4.673762e-06  +3.905597e-06  -6.414305e-06  -2.317755e-05  +4.956534e-06  -3.392882e-06  -5.526910e-06  +6.521267e-06  +2.178999e-06  -5.794094e-06  -9.640278e-05  +5.930901e-08  +2.322590e-07  -6.554984e-05  -1.454361e-07  +3.543871e-08  +4.981954e-03  
-1.730564e-07  -6.414305e-06  +5.380417e-05  +1.509562e-04  -1.943869e-05  +1.691140e-05  +2.249400e-05  -2.511671e-05  -8.394124e-06  +1.107720e-05  +4.220924e-04  -5.375699e-07  -3.185131e-07  +5.068780e-04  +6.146088e-07  +6.964987e-07  -1.407831e-02  
-1.896094e-06  -2.317755e-05  +1.509562e-04  +5.983448e-04  -9.148408e-05  +6.850221e-05  +7.541695e-05  -1.169902e-04  -3.805357e-05  +8.855595e-05  +1.686946e-03  -1.665722e-06  -8.814390e-07  +5.090940e-04  +2.438644e-06  +1.545987e-06  -5.741233e-02  
+8.769105e-06  +4.956534e-06  -1.943869e-05  -9.148408e-05  +2.024394e-04  -1.712193e-05  -2.134105e-05  +4.412526e-05  +2.160936e-05  -8.943571e-05  -6.614293e-04  +1.366136e-06  +1.920039e-06  -7.968382e-03  -4.432847e-07  -1.184145e-07  +5.112310e-02  
-6.882723e-07  -3.392882e-06  +1.691140e-05  +6.850221e-05  -1.712193e-05  +1.052619e-05  +1.173583e-05  -1.617992e-05  -5.862924e-06  +1.387054e-05  +2.499635e-04  -2.175562e-07  -3.863684e-07  +1.594238e-03  +2.798499e-07  +1.703901e-07  -1.196068e-02  
+2.557018e-06  -5.526910e-06  +2.249400e-05  +7.541695e-05  -2.134105e-05  +1.173583e-05  +2.506943e-05  -2.056524e-05  -1.004809e-05  +2.610987e-05  +3.367314e-04  -4.887076e-07  -4.863559e-07  +2.192517e-03  +2.700472e-07  +1.315328e-07  -1.989707e-02  
+4.187499e-06  +6.521267e-06  -2.511671e-05  -1.169902e-04  +4.412526e-05  -1.617992e-05  -2.056524e-05  +1.474033e-04  +1.358934e-05  -3.656911e-05  -6.153269e-04  +2.134101e-06  -5.881917e-07  +6.304876e-03  -6.309911e-07  -7.667871e-07  +1.962736e-02  
-2.154976e-07  +2.178999e-06  -8.394124e-06  -3.805357e-05  +2.160936e-05  -5.862924e-06  -1.004809e-05  +1.358934e-05  +6.213534e-06  -2.108578e-05  -1.833739e-04  +1.849398e-07  +1.926300e-07  -8.651888e-04  -8.848079e-08  -8.104923e-09  +1.100178e-02  
+2.348766e-06  -5.794094e-06  +1.107720e-05  +8.855595e-05  -8.943571e-05  +1.387054e-05  +2.610987e-05  -3.656911e-05  -2.108578e-05  +9.430723e-05  +5.126423e-04  -1.943336e-07  -2.510573e-07  +2.173429e-03  +5.764250e-08  -3.836050e-07  -3.566787e-02  
-1.069858e-05  -9.640278e-05  +4.220924e-04  +1.686946e-03  -6.614293e-04  +2.499635e-04  +3.367314e-04  -6.153269e-04  -1.833739e-04  +5.126423e-04  +7.224736e-03  -8.563033e-06  -1.034125e-05  +2.649629e-02  +6.446801e-06  +3.534271e-06  -3.624946e-01  
+2.762365e-07  +5.930901e-08  -5.375699e-07  -1.665722e-06  +1.366136e-06  -2.175562e-07  -4.887076e-07  +2.134101e-06  +1.849398e-07  -1.943336e-07  -8.563033e-06  +2.105865e-07  -1.089268e-08  +1.911338e-05  -1.910143e-09  -1.625735e-08  +3.148197e-04  
-1.155720e-07  +2.322590e-07  -3.185131e-07  -8.814390e-07  +1.920039e-06  -3.863684e-07  -4.863559e-07  -5.881917e-07  +1.926300e-07  -2.510573e-07  -1.034125e-05  -1.089268e-08  +2.802659e-07  -3.424462e-04  -4.805827e-10  -1.926824e-08  +9.269335e-04  
-9.955153e-04  -6.554984e-05  +5.068780e-04  +5.090940e-04  -7.968382e-03  +1.594238e-03  +2.192517e-03  +6.304876e-03  -8.651888e-04  +2.173429e-03  +2.649629e-02  +1.911338e-05  -3.424462e-04  +2.318772e+00  +4.143082e-05  -3.537597e-05  -4.131574e+00  
+5.386742e-08  -1.454361e-07  +6.146088e-07  +2.438644e-06  -4.432847e-07  +2.798499e-07  +2.700472e-07  -6.309911e-07  -8.848079e-08  +5.764250e-08  +6.446801e-06  -1.910143e-09  -4.805827e-10  +4.143082e-05  +1.572576e-07  -2.502963e-10  -2.519204e-04  
-2.511729e-07  +3.543871e-08  +6.964987e-07  +1.545987e-06  -1.184145e-07  +1.703901e-07  +1.315328e-07  -7.667871e-07  -8.104923e-09  -3.836050e-07  +3.534271e-06  -1.625735e-08  -1.926824e-08  -3.537597e-05  -2.502963e-10  +1.402686e-07  -1.255299e-05  
-8.222767e-04  +4.981954e-03  -1.407831e-02  -5.741233e-02  +5.112310e-02  -1.196068e-02  -1.989707e-02  +1.962736e-02  +1.100178e-02  -3.566787e-02  -3.624946e-01  +3.148197e-04  +9.269335e-04  -4.131574e+00  -2.519204e-04  -1.255299e-05  +2.900027e+01  
