mean:
+3.979502e+00  +4.009061e+00  +8.192890e-01  +1.301302e+00  +1.245954e+00  +6.016453e-01  +8.089495e-01  +1.376444e+00  +1.693134e-01  +1.855777e+00  +5.898975e+00  +3.594802e+00  +2.899950e+00  +2.113157e+02  +4.309282e+00  +5.178179e+00  +2.883482e+02  +5.217510e+00  +3.910058e+00  +3.368035e+02  +2.880402e+00  +4.559616e+00  +3.992602e+02  
covariance:
+9.513730e-07  +4.669737e-07  -4.077211e-06  +2.731963e-06  +5.762872e-07  +5.551476e-07  -1.324826e-06  +3.439585e-06  -4.552733e-07  +4.267886e-06  -1.872704e-05  -1.168160e-07  -4.101983e-07  +8.169313e-04  -1.128591e-07  +1.164381e-07  +1.559112e-03  -4.934508e-08  -1.167008e-07  +2.044075e-03  +6.749940e-08  -4.681048e-08  +1.401530e-03  
+4.669737e-07  +2.231089e-06  +2.707261e-06  -5.204284e-06  -7.049298e-07  -7.770412e-07  +8.591836e-07  -3.748169e-07  -1.626397e-07  -3.880480e-07  +1.636169e-05  -5.585558e-09  +1.281393e-07  -1.481826e-04  -2.433222e-08  -1.159932e-07  -1.033187e-03  +1.310762e-07  +3.794061e-08  -1.511931e-03  -1.050073e-07  +1.183709e-07  -6.425469e-04  
-4.077211e-06  +2.707261e-06  +8.612521e-05  -1.338526e-04  -1.770753e-05  -1.678783e-05  +2.110407e-05  -2.849344e-05  -1.010155e-06  -3.552480e-05  +3.851975e-04  +2.063686e-06  +6.600376e-06  -1.188991e-02  +1.001443e-06  -3.207952e-06  -3.325769e-02  +1.519672e-06  +1.157521e-06  -4.543882e-02  -1.219947e-06  +1.427687e-06  -2.399390e-02  
+2.731963e-06  -5.204284e-06  -1.338526e-04  +4.148645e-04  +3.629061e-05  +3.436568e-05  -3.484065e-05  -6.431623e-05  +1.575412e-05  -2.403923e-05  -6.061741e-04  -2.418433e-06  -8.568125e-06  +1.185263e-02  -7.735197e-07  +5.712225e-06  +5.615765e-02  -1.779694e-06  -1.616596e-06  +7.945031e-02  +9.404091e-10  -1.182894e-06  +2.981799e-02  
+5.762872e-07  -7.049298e-07  -1.770753e-05  +3.629061e-05  +1.068118e-05  +4.168731e-06  -4.016494e-06  -5.044419e-06  +1.012084e-06  +2.759976e-06  -7.730153e-05  -4.652387e-07  -1.020458e-06  +2.502751e-03  -2.811643e-07  +2.355516e-07  +7.232356e-03  -5.347449e-07  +6.713820e-08  +9.190358e-03  +7.277509e-07  -2.356301e-07  +4.279616e-03  
+5.551476e-07  -7.770412e-07  -1.678783e-05  +3.436568e-05  +4.168731e-06  +4.581839e-06  -3.094422e-06  -5.225337e-07  +1.254929e-06  +4.057252e-07  -8.210844e-05  -1.747615e-07  -1.005263e-06  +1.189412e-03  -3.182854e-08  +6.130803e-07  +5.989307e-03  -3.354632e-07  -1.990949e-07  +8.744347e-03  +1.549708e-07  -3.636932e-07  +3.587124e-03  
-1.324826e-06  +8.591836e-07  +2.110407e-05  -3.484065e-05  -4.016494e-06  -3.094422e-06  +1.641735e-05  -3.762582e-06  -1.217334e-06  -1.720406e-05  +1.362275e-04  +3.617169e-07  +2.113541e-06  -3.547873e-03  +4.707694e-07  -1.229906e-06  -9.706134e-03  +1.141514e-06  +1.082644e-06  -1.306166e-02  -2.129130e-07  -1.531156e-07  -7.929560e-03  
+3.439585e-06  -3.748169e-07  -2.849344e-05  -6.431623e-05  -5.044419e-06  -5.225337e-07  -3.762582e-06  +2.094438e-04  -8.580047e-06  +5.675346e-05  -1.117467e-04  -3.318697e-06  -7.666439e-06  +9.616434e-03  +6.965226e-07  +2.048111e-06  +1.911656e-02  +3.424504e-08  -6.409707e-07  +2.266450e-02  +3.526934e-07  -2.248080e-06  +2.298494e-02  
-4.552733e-07  -1.626397e-07  -1.010155e-06  +1.575412e-05  +1.012084e-06  +1.254929e-06  -1.217334e-06  -8.580047e-06  +4.420524e-06  -2.133554e-05  -3.222261e-05  +3.372231e-07  -5.540719e-09  -1.533581e-03  +4.095676e-07  +4.102804e-07  +2.991991e-04  -7.988468e-07  +2.640529e-07  +9.439679e-04  -2.107482e-07  +3.040904e-07  -8.366353e-04  
+4.267886e-06  -3.880480e-07  -3.552480e-05  -2.403923e-05  +2.759976e-06  +4.057252e-07  -1.720406e-05  +5.675346e-05  -2.133554e-05  +1.499869e-04  -7.316709e-05  -2.313805e-06  -3.742303e-06  +1.432533e-02  -3.015219e-06  -2.805908e-07  +1.561566e-02  +2.511348e-06  -3.156675e-06  +1.853565e-02  +1.630840e-06  -2.084409e-06  +1.808233e-02  
-1.872704e-05  +1.636169e-05  +3.851975e-04  -6.061741e-04  -7.730153e-05  -8.210844e-05  +1.362275e-04  -1.117467e-04  -3.222261e-05  -7.316709e-05  +2.312951e-03  +5.600623e-06  +3.281953e-05  -3.924620e-02  +4.218986e-06  -1.602680e-05  -1.494200e-01  +1.830129e-05  +7.273967e-06  -2.139677e-01  -4.119522e-06  +3.369532e-06  -1.102591e-01  
-1.168160e-07  -5.585558e-09  +2.063686e-06  -2.418433e-06  -4.652387e-07  -1.747615e-07  +3.617169e-07  -3.318697e-06  +3.372231e-07  -2.313805e-06  +5.600623e-06  +4.652458e-07  +2.818887e-07  -6.531014e-04  +1.108057e-07  +3.039658e-08  -1.335682e-03  -3.046721e-08  +2.106274e-08  -1.631242e-03  -1.446963e-07  -4.549017e-08  -1.085004e-03  
-4.101983e-07  +1.281393e-07  +6.600376e-06  -8.568125e-06  -1.020458e-06  -1.005263e-06  +2.113541e-06  -7.666439e-06  -5.540719e-09  -3.742303e-06  +3.281953e-05  +2.818887e-07  +1.349237e-06  -1.161879e-03  +4.401128e-08  -1.991108e-07  -3.325352e-03  +1.950288e-07  +1.233561e-07  -4.131705e-03  -1.428591e-07  +1.059672e-07  -2.480584e-03  
+8.169313e-04  -1.481826e-04  -1.188991e-02  +1.185263e-02  +2.502751e-03  +1.189412e-03  -3.547873e-03  +9.616434e-03  -1.533581e-03  +1.432533e-02  -3.924620e-02  -6.531014e-04  -1.161879e-03  +3.642246e+00  -4.820575e-04  +1.668343e-04  +5.777505e+00  -5.667284e-05  -2.745414e-04  +6.652836e+00  +3.214661e-04  -1.588602e-05  +4.739220e+00  
-1.128591e-07  -2.433222e-08  +1.001443e-06  -7.735197e-07  -2.811643e-07  -3.182854e-08  +4.707694e-07  +6.965226e-07  +4.095676e-07  -3.015219e-06  +4.218986e-06  +1.108057e-07  +4.401128e-08  -4.820575e-04  +5.351707e-07  +2.079423e-07  -5.764051e-04  -3.674315e-08  -2.507874e-08  -4.023405e-04  -3.746483e-08  -1.055312e-07  -4.173498e-04  
+1.164381e-07  -1.159932e-07  -3.207952e-06  +5.712225e-06  +2.355516e-07  +6.130803e-07  -1.229906e-06  +2.048111e-06  +4.102804e-07  -2.805908e-07  -1.602680e-05  +3.039658e-08  -1.991108e-07  +1.668343e-04  +2.079423e-07  +7.251228e-07  +1.171045e-03  -8.100726e-08  +1.960292e-08  +1.634957e-03  -5.733053e-08  -1.623163e-07  +7.365630e-04  
+1.559112e-03  -1.033187e-03  -3.325769e-02  +5.615765e-02  +7.232356e-03  +5.989307e-03  -9.706134e-03  +1.911656e-02  +2.991991e-04  +1.561566e-02  -1.494200e-01  -1.335682e-03  -3.325352e-03  +5.777505e+00  -5.764051e-04  +1.171045e-03  +1.609656e+01  -5.495835e-04  -4.340359e-04  +1.966354e+01  +6.168990e-04  -3.282016e-04  +1.113231e+01  
-4.934508e-08  +1.310762e-07  +1.519672e-06  -1.779694e-06  -5.347449e-07  -3.354632e-07  +1.141514e-06  +3.424504e-08  -7.988468e-07  +2.511348e-06  +1.830129e-05  -3.046721e-08  +1.950288e-07  -5.667284e-05  -3.674315e-08  -8.100726e-08  -5.495835e-04  +7.489840e-07  +9.808108e-08  -1.096287e-03  +1.052228e-07  -9.955182e-08  -5.546044e-04  
-1.167008e-07  +3.794061e-08  +1.157521e-06  -1.616596e-06  +6.713820e-08  -1.990949e-07  +1.082644e-06  -6.409707e-07  +2.640529e-07  -3.156675e-06  +7.273967e-06  +2.106274e-08  +1.233561e-07  -2.745414e-04  -2.507874e-08  +1.960292e-08  -4.340359e-04  +9.808108e-08  +5.449503e-07  -9.342227e-04  +7.805909e-08  +5.037741e-08  -7.283895e-04  
+2.044075e-03  -1.511931e-03  -4.543882e-02  +7.945031e-02  +9.190358e-03  +8.744347e-03  -1.306166e-02  +2.266450e-02  +9.439679e-04  +1.853565e-02  -2.139677e-01  -1.631242e-03  -4.131705e-03  +6.652836e+00  -4.023405e-04  +1.634957e-03  +1.966354e+01  -1.096287e-03  -9.342227e-04  +2.824971e+01  +6.024416e-04  -5.929329e-04  +1.478695e+01  
+6.749940e-08  -1.050073e-07  -1.219947e-06  +9.404091e-10  +7.277509e-07  +1.549708e-07  -2.129130e-07  +3.526934e-07  -2.107482e-07  +1.630840e-06  -4.119522e-06  -1.446963e-07  -1.428591e-07  +3.214661e-04  -3.746483e-08  -5.733053e-08  +6.168990e-04  +1.052228e-07  +7.805909e-08  +6.024416e-04  +4.395033e-07  -7.382403e-08  +4.092464e-04  
-4.681048e-08  +1.183709e-07  +1.427687e-06  -1.182894e-06  -2.356301e-07  -3.636932e-07  -1.531156e-07  -2.248080e-06  +3.040904e-07  -2.084409e-06  +3.369532e-06  -4.549017e-08  +1.059672e-07  -1.588602e-05  -1.055312e-07  -1.623163e-07  -3.282016e-04  -9.955182e-08  +5.037741e-08  -5.929329e-04  -7.382403e-08  +5.571356e-07  -2.370817e-04  
+1.401530e-03  -6.425469e-04  -2.399390e-02  +2.981799e-02  +4.279616e-03  +3.587124e-03  -7.929560e-03  +2.298494e-02  -8.366353e-04  +1.808233e-02  -1.102591e-01  -1.085004e-03  -2.480584e-03  +4.739220e+00  -4.173498e-04  +7.365630e-04  +1.113231e+01  -5.546044e-04  -7.283895e-04  +1.478695e+01  +4.092464e-04  -2.370817e-04  +9.971093e+00  
