mean:
+3.957299e+00  +3.924175e+00  +6.529075e-01  -1.101853e+00  +1.649617e+00  +5.115579e-01  +9.185443e-01  +1.916008e+00  +1.522554e-01  +1.922751e+00  +4.860235e+00  +1.635417e+00  +2.883553e+00  +8.072443e+02  +4.799980e+00  +4.399973e+00  +2.005557e+03  
covariance:
+5.190006e-06  -4.229917e-07  +1.582107e-07  +1.015051e-05  +1.006591e-06  +1.521323e-06  +3.836463e-06  -2.734069e-05  -1.501418e-07  +7.413474e-07  -1.529191e-05  +2.157947e-08  +2.714878e-08  +1.201376e-03  -7.382126e-08  +4.800413e-08  -2.703054e-04  
-4.229917e-07  +6.407655e-06  +1.719075e-06  +4.249443e-07  +5.939848e-06  +1.121277e-06  +1.094950e-06  -3.926175e-06  +6.782006e-08  -1.003619e-06  -2.924743e-06  +3.619469e-08  +1.232228e-07  +7.073739e-04  +3.321611e-09  -1.131137e-07  +8.094092e-04  
+1.582107e-07  +1.719075e-06  +2.906982e-04  +5.412059e-04  +3.849480e-04  +4.294363e-05  -2.624401e-05  -9.014408e-04  +6.325895e-05  -3.586504e-04  -1.099848e-03  +3.549772e-06  -3.008202e-06  +3.239727e-02  -1.348908e-07  +4.456871e-07  +2.608238e-03  
+1.015051e-05  +4.249443e-07  +5.412059e-04  +1.923109e-03  +6.904888e-04  +1.901933e-04  +1.035284e-04  -2.947043e-03  +1.047222e-04  -5.721533e-04  -2.928948e-03  +4.563017e-06  -1.089736e-07  +1.129004e-01  +1.650032e-07  -3.567007e-06  +1.081770e-02  
+1.006591e-06  +5.939848e-06  +3.849480e-04  +6.904888e-04  +9.481684e-04  +2.703763e-05  -8.795486e-05  -1.402161e-03  +1.116999e-04  -6.456392e-04  -1.663226e-03  +9.510248e-07  -4.148839e-06  +5.078419e-02  -6.280598e-07  -4.434294e-07  -1.812451e-02  
+1.521323e-06  +1.121277e-06  +4.294363e-05  +1.901933e-04  +2.703763e-05  +3.144205e-05  +3.280442e-05  -3.085474e-04  +3.844142e-06  -2.580314e-05  -2.629718e-04  +5.112170e-07  +8.587122e-07  +1.358038e-02  +3.610492e-08  -3.713006e-07  +6.744882e-03  
+3.836463e-06  +1.094950e-06  -2.624401e-05  +1.035284e-04  -8.795486e-05  +3.280442e-05  +1.113196e-04  -1.826518e-04  -2.014704e-05  +7.493097e-05  -4.327962e-05  -5.311476e-07  +2.464985e-06  +9.412761e-03  +7.040919e-07  -9.056906e-07  +1.548629e-02  
-2.734069e-05  -3.926175e-06  -9.014408e-04  -2.947043e-03  -1.402161e-03  -3.085474e-04  -1.826518e-04  +5.735906e-03  -2.026329e-04  +1.160387e-03  +5.155566e-03  -6.828226e-06  +2.113172e-06  -2.339163e-01  +3.933938e-07  +7.802218e-06  -1.762793e-02  
-1.501418e-07  +6.782006e-08  +6.325895e-05  +1.047222e-04  +1.116999e-04  +3.844142e-06  -2.014704e-05  -2.026329e-04  +1.903299e-05  -1.001999e-04  -2.587657e-04  +6.513216e-07  -9.632824e-07  +6.770594e-03  -5.020952e-08  +4.227774e-08  -2.434969e-03  
+7.413474e-07  -1.003619e-06  -3.586504e-04  -5.721533e-04  -6.456392e-04  -2.580314e-05  +7.493097e-05  +1.160387e-03  -1.001999e-04  +5.954776e-04  +1.358102e-03  -3.818073e-06  +5.129355e-06  -4.699823e-02  +3.601739e-08  -2.838889e-07  -8.569316e-04  
-1.529191e-05  -2.924743e-06  -1.099848e-03  -2.928948e-03  -1.663226e-03  -2.629718e-04  -4.327962e-05  +5.155566e-03  -2.587657e-04  +1.358102e-03  +6.122839e-03  -6.019921e-06  +7.061044e-06  -1.538237e-01  -5.119343e-07  +5.487417e-06  +4.551015e-02  
+2.157947e-08  +3.619469e-08  +3.549772e-06  +4.563017e-06  +9.510248e-07  +5.112170e-07  -5.311476e-07  -6.828226e-06  +6.513216e-07  -3.818073e-06  -6.019921e-06  +5.448494e-07  -8.434595e-08  +3.924681e-04  +2.278603e-08  +3.798167e-08  +4.083728e-04  
+2.714878e-08  +1.232228e-07  -3.008202e-06  -1.089736e-07  -4.148839e-06  +8.587122e-07  +2.464985e-06  +2.113172e-06  -9.632824e-07  +5.129355e-06  +7.061044e-06  -8.434595e-08  +6.556650e-07  -1.833093e-04  +2.978786e-08  -4.102323e-08  +1.493255e-04  
+1.201376e-03  +7.073739e-04  +3.239727e-02  +1.129004e-01  +5.078419e-02  +1.358038e-02  +9.412761e-03  -2.339163e-01  +6.770594e-03  -4.699823e-02  -1.538237e-01  +3.924681e-04  -1.833093e-04  +1.790426e+01  -1.986669e-04  -3.201083e-04  +7.258407e+00  
-7.382126e-08  +3.321611e-09  -1.348908e-07  +1.650032e-07  -6.280598e-07  +3.610492e-08  +7.040919e-07  +3.933938e-07  -5.020952e-08  +3.601739e-08  -5.119343e-07  +2.278603e-08  +2.978786e-08  -1.986669e-04  +2.328328e-07  -1.623167e-08  -1.993983e-04  
+4.800413e-08  -1.131137e-07  +4.456871e-07  -3.567007e-06  -4.434294e-07  -3.713006e-07  -9.056906e-07  +7.802218e-06  +4.227774e-08  -2.838889e-07  +5.487417e-06  +3.798167e-08  -4.102323e-08  -3.201083e-04  -1.623167e-08  +3.552125e-07  +1.884679e-04  
-2.703054e-04  +8.094092e-04  +2.608238e-03  +1.081770e-02  -1.812451e-02  +6.744882e-03  +1.548629e-02  -1.762793e-02  -2.434969e-03  -8.569316e-04  +4.551015e-02  +4.083728e-04  +1.493255e-04  +7.258407e+00  -1.993983e-04  +1.884679e-04  +1.875171e+01  
