mean:
+4.017561e+00  +3.960617e+00  +8.663835e-01  +1.301784e+00  +1.234213e+00  +5.052170e-01  +8.107389e-01  +1.354546e+00  +1.671725e-01  +1.916824e+00  +5.895682e+00  +3.660109e+00  +2.857051e+00  +2.095950e+02  +4.309660e+00  +5.128164e+00  +2.899281e+02  +5.252401e+00  +3.797402e+00  +3.336574e+02  +2.879989e+00  +4.479128e+00  +3.996182e+02  
covariance:
+1.627482e-06  +2.314565e-07  -1.219517e-06  -1.352985e-05  +6.738631e-08  -7.285608e-07  +5.841658e-07  -1.916465e-06  +1.548163e-06  -1.062157e-05  +1.648034e-05  +7.945242e-08  +6.528846e-08  -1.277701e-04  +2.292592e-07  -1.002070e-07  -1.362874e-03  +7.463785e-09  +1.489545e-07  -1.851239e-03  -1.402524e-07  +7.044775e-08  -1.889412e-03  
+2.314565e-07  +1.991819e-06  -1.294415e-06  -8.136861e-06  -1.347774e-07  -7.161010e-07  +4.683591e-07  -1.913343e-06  +3.797818e-07  -3.336063e-06  +1.054114e-05  +5.285269e-08  +1.665262e-07  +1.018192e-05  +4.131364e-08  -8.995835e-08  -6.783811e-04  +1.136077e-07  -7.521275e-08  -6.565408e-04  -6.483666e-08  +7.755080e-08  -1.058555e-03  
-1.219517e-06  -1.294415e-06  +3.108283e-05  +6.731915e-05  -3.292463e-07  +9.391525e-06  -1.971176e-05  +3.313062e-05  -9.931877e-06  +9.143352e-05  -7.447609e-05  +5.758647e-08  -2.854969e-06  -3.369716e-03  -1.552867e-06  +6.665711e-07  +1.593370e-02  -3.373387e-07  -4.618922e-07  +1.089924e-02  +3.588601e-07  -1.286124e-06  +1.857150e-02  
-1.352985e-05  -8.136861e-06  +6.731915e-05  +1.341610e-03  +1.857838e-05  +9.530269e-05  -1.383909e-05  -1.062787e-04  -2.659409e-05  +2.852510e-04  -1.419417e-03  -9.016145e-07  -1.327538e-05  +1.189574e-02  -1.044871e-05  +7.601521e-06  +2.850439e-02  -3.772537e-06  -2.333353e-06  +6.290569e-02  +8.614315e-06  -2.068345e-06  +1.114753e-01  
+6.738631e-08  -1.347774e-07  -3.292463e-07  +1.857838e-05  +8.130591e-06  +2.227988e-06  +9.187189e-07  -5.564642e-06  +1.052535e-06  -5.138100e-06  -1.729845e-05  -4.251082e-08  -2.416869e-07  +6.330808e-04  -1.625367e-07  -3.133062e-07  -5.099985e-04  -3.403415e-07  +3.895909e-07  -2.841130e-04  +3.732993e-07  +1.094445e-07  +4.009944e-04  
-7.285608e-07  -7.161010e-07  +9.391525e-06  +9.530269e-05  +2.227988e-06  +1.156822e-05  -5.706152e-06  -1.430853e-05  -2.317194e-06  +2.992485e-05  -1.110013e-04  -1.972115e-07  -1.576985e-06  +5.324018e-04  -6.445754e-07  +5.625013e-07  +4.183886e-03  -2.374901e-07  +6.436502e-07  +3.409252e-03  +5.514762e-07  -2.306434e-07  +9.415214e-03  
+5.841658e-07  +4.683591e-07  -1.971176e-05  -1.383909e-05  +9.187189e-07  -5.706152e-06  +3.703650e-05  -1.734254e-06  +1.194075e-05  -1.170848e-04  -6.381539e-06  +1.433346e-07  +1.874226e-06  +3.329355e-03  +2.196423e-06  -8.655259e-07  -1.726301e-02  +1.386866e-07  -5.541111e-07  -1.235532e-02  +2.640385e-07  +9.918905e-08  -2.102051e-02  
-1.916465e-06  -1.913343e-06  +3.313062e-05  -1.062787e-04  -5.564642e-06  -1.430853e-05  -1.734254e-06  +2.480636e-04  -1.520536e-05  +8.896396e-05  +8.077936e-05  -1.102364e-06  -2.439542e-06  -8.456973e-03  +1.820898e-06  +2.938860e-07  +2.440333e-02  -1.397373e-06  -3.583429e-06  +2.277171e-02  +3.135579e-08  -2.581670e-06  +1.302717e-02  
+1.548163e-06  +3.797818e-07  -9.931877e-06  -2.659409e-05  +1.052535e-06  -2.317194e-06  +1.194075e-05  -1.520536e-05  +1.502005e-05  -1.082769e-04  +2.730190e-05  +3.762846e-07  -3.501528e-08  +1.691347e-03  +2.427836e-06  -7.953680e-07  -1.379451e-02  -4.691107e-07  +2.722391e-07  -1.220358e-02  -9.359459e-07  +2.496048e-07  -1.353457e-02  
-1.062157e-05  -3.336063e-06  +9.143352e-05  +2.852510e-04  -5.138100e-06  +2.992485e-05  -1.170848e-04  +8.896396e-05  -1.082769e-04  +8.392479e-04  -2.966480e-04  -2.684243e-06  -2.711698e-06  -1.374213e-02  -1.862017e-05  +6.839269e-06  +1.092408e-01  +2.805310e-06  -1.227768e-06  +9.502771e-02  +6.331243e-06  -1.909884e-06  +1.172710e-01  
+1.648034e-05  +1.054114e-05  -7.447609e-05  -1.419417e-03  -1.729845e-05  -1.110013e-04  -6.381539e-06  +8.077936e-05  +2.730190e-05  -2.966480e-04  +1.864561e-03  +3.666037e-06  +1.047175e-05  -1.390461e-02  +9.084434e-06  -9.405947e-06  -3.634210e-02  +6.598889e-07  +5.447753e-06  -7.095450e-02  -1.067631e-05  +4.350056e-06  -1.146382e-01  
+7.945242e-08  +5.285269e-08  +5.758647e-08  -9.016145e-07  -4.251082e-08  -1.972115e-07  +1.433346e-07  -1.102364e-06  +3.762846e-07  -2.684243e-06  +3.666037e-06  +7.388198e-07  +1.165270e-08  +2.815923e-04  -1.377681e-08  -2.527780e-08  -6.121899e-04  -2.789746e-07  -1.439334e-07  -6.372984e-04  -2.077967e-07  -1.409400e-07  -8.402368e-04  
+6.528846e-08  +1.665262e-07  -2.854969e-06  -1.327538e-05  -2.416869e-07  -1.576985e-06  +1.874226e-06  -2.439542e-06  -3.501528e-08  -2.711698e-06  +1.047175e-05  +1.165270e-08  +1.051881e-06  +2.655288e-04  -2.172082e-08  +5.870515e-08  -1.107695e-03  +1.946840e-07  -3.204554e-08  -7.318781e-04  +4.306141e-08  +1.704406e-07  -1.799305e-03  
-1.277701e-04  +1.018192e-05  -3.369716e-03  +1.189574e-02  +6.330808e-04  +5.324018e-04  +3.329355e-03  -8.456973e-03  +1.691347e-03  -1.374213e-02  -1.390461e-02  +2.815923e-04  +2.655288e-04  +1.690798e+00  +3.403002e-04  -4.808984e-05  -2.749061e+00  -2.886729e-04  +4.690318e-07  -1.127308e+00  +2.932384e-05  +1.990018e-05  -1.802588e+00  
+2.292592e-07  +4.131364e-08  -1.552867e-06  -1.044871e-05  -1.625367e-07  -6.445754e-07  +2.196423e-06  +1.820898e-06  +2.427836e-06  -1.862017e-05  +9.084434e-06  -1.377681e-08  -2.172082e-08  +3.403002e-04  +9.630440e-07  -1.998598e-07  -2.152124e-03  -1.078548e-07  +1.035727e-07  -1.852006e-03  -2.124344e-07  +7.233167e-08  -2.602659e-03  
-1.002070e-07  -8.995835e-08  +6.665711e-07  +7.601521e-06  -3.133062e-07  +5.625013e-07  -8.655259e-07  +2.938860e-07  -7.953680e-07  +6.839269e-06  -9.405947e-06  -2.527780e-08  +5.870515e-08  -4.808984e-05  -1.998598e-07  +6.035543e-07  +7.788846e-04  +7.121715e-08  +7.147311e-09  +9.452091e-04  +4.910145e-08  -7.346487e-08  +1.551421e-03  
-1.362874e-03  -6.783811e-04  +1.593370e-02  +2.850439e-02  -5.099985e-04  +4.183886e-03  -1.726301e-02  +2.440333e-02  -1.379451e-02  +1.092408e-01  -3.634210e-02  -6.121899e-04  -1.107695e-03  -2.749061e+00  -2.152124e-03  +7.788846e-04  +1.734554e+01  +4.260136e-04  -2.536090e-05  +1.332385e+01  +9.300048e-04  -6.049990e-04  +1.684737e+01  
+7.463785e-09  +1.136077e-07  -3.373387e-07  -3.772537e-06  -3.403415e-07  -2.374901e-07  +1.386866e-07  -1.397373e-06  -4.691107e-07  +2.805310e-06  +6.598889e-07  -2.789746e-07  +1.946840e-07  -2.886729e-04  -1.078548e-07  +7.121715e-08  +4.260136e-04  +5.740449e-07  -2.110838e-08  +2.331047e-04  +1.079036e-07  +6.355179e-08  +4.985973e-05  
+1.489545e-07  -7.521275e-08  -4.618922e-07  -2.333353e-06  +3.895909e-07  +6.436502e-07  -5.541111e-07  -3.583429e-06  +2.722391e-07  -1.227768e-06  +5.447753e-06  -1.439334e-07  -3.204554e-08  +4.690318e-07  +1.035727e-07  +7.147311e-09  -2.536090e-05  -2.110838e-08  +8.361168e-07  -7.726354e-04  +7.156347e-08  +1.183185e-07  -3.699395e-04  
-1.851239e-03  -6.565408e-04  +1.089924e-02  +6.290569e-02  -2.841130e-04  +3.409252e-03  -1.235532e-02  +2.277171e-02  -1.220358e-02  +9.502771e-02  -7.095450e-02  -6.372984e-04  -7.318781e-04  -1.127308e+00  -1.852006e-03  +9.452091e-04  +1.332385e+01  +2.331047e-04  -7.726354e-04  +1.562033e+01  +1.063943e-03  -2.252096e-04  +1.684378e+01  
-1.402524e-07  -6.483666e-08  +3.588601e-07  +8.614315e-06  +3.732993e-07  +5.514762e-07  +2.640385e-07  +3.135579e-08  -9.359459e-07  +6.331243e-06  -1.067631e-05  -2.077967e-07  +4.306141e-08  +2.932384e-05  -2.124344e-07  +4.910145e-08  +9.300048e-04  +1.079036e-07  +7.156347e-08  +1.063943e-03  +4.751653e-07  -5.517972e-09  +1.198554e-03  
+7.044775e-08  +7.755080e-08  -1.286124e-06  -2.068345e-06  +1.094445e-07  -2.306434e-07  +9.918905e-08  -2.581670e-06  +2.496048e-07  -1.909884e-06  +4.350056e-06  -1.409400e-07  +1.704406e-07  +1.990018e-05  +7.233167e-08  -7.346487e-08  -6.049990e-04  +6.355179e-08  +1.183185e-07  -2.252096e-04  -5.517972e-09  +5.018014e-07  -6.031884e-04  
-1.889412e-03  -1.058555e-03  +1.857150e-02  +1.114753e-01  +4.009944e-04  +9.415214e-03  -2.102051e-02  +1.302717e-02  -1.353457e-02  +1.172710e-01  -1.146382e-01  -8.402368e-04  -1.799305e-03  -1.802588e+00  -2.602659e-03  +1.551421e-03  +1.684737e+01  +4.985973e-05  -3.699395e-04  +1.684378e+01  +1.198554e-03  -6.031884e-04  +2.558067e+01  
