mean:
+3.911013e+00  +3.897818e+00  +8.369926e-01  +1.313955e+00  +1.446700e+00  +6.015457e-01  +8.170116e-01  +1.423800e+00  +1.563360e-01  +1.912258e+00  +5.864206e+00  +3.484220e+00  +2.610535e+00  +2.027314e+02  +4.262313e+00  +5.275628e+00  +2.864219e+02  +5.350202e+00  +3.757761e+00  +3.296374e+02  +2.640805e+00  +4.559429e+00  +3.986564e+02  
covariance:
+2.545896e-06  -9.255865e-07  -6.422280e-07  +2.210441e-06  +1.398524e-07  +3.721110e-07  +9.346249e-07  +1.236758e-06  -2.146415e-06  +1.712064e-05  -8.858003e-06  +7.950624e-08  -1.929314e-07  -3.179188e-04  +1.457455e-07  +1.135310e-07  +1.003863e-03  +4.700422e-07  +2.438208e-07  +2.315714e-03  -1.568630e-07  +3.400948e-07  +2.523264e-03  
-9.255865e-07  +9.552631e-07  +2.661716e-07  -2.967952e-07  -2.617369e-07  +4.198408e-07  +1.655005e-07  +2.410061e-06  -1.295577e-06  +1.064824e-05  -4.469298e-06  -6.068664e-08  -2.715220e-08  -2.052590e-04  -6.734337e-08  +2.047420e-07  +7.641440e-04  +1.426669e-08  +2.289060e-07  +1.256445e-03  -5.793270e-09  -1.580017e-09  +1.273063e-03  
-6.422280e-07  +2.661716e-07  +1.064009e-05  +9.987284e-06  -1.831960e-06  +1.852043e-07  +1.818490e-06  +1.182629e-05  +1.068906e-06  -1.304464e-05  +1.103065e-05  -1.785366e-06  +2.566308e-07  +6.107638e-04  -7.518418e-07  -5.460606e-07  -1.199969e-03  +4.660087e-07  +5.902455e-07  +9.579943e-04  +2.048876e-07  -8.802048e-07  -2.696531e-03  
+2.210441e-06  -2.967952e-07  +9.987284e-06  +9.169047e-05  -1.033405e-05  +3.218181e-06  +1.232959e-05  +3.054878e-06  -7.833543e-06  +5.749784e-05  -1.950120e-06  -2.547614e-06  +8.844054e-07  +2.147097e-03  -1.405433e-06  +1.737460e-06  -9.640702e-04  +4.376295e-06  +1.449883e-06  +1.778488e-02  -2.587278e-07  +1.505981e-06  +7.857879e-03  
+1.398524e-07  -2.617369e-07  -1.831960e-06  -1.033405e-05  +9.219299e-06  -4.253054e-07  -2.696349e-06  +6.357001e-06  +2.031117e-06  -1.640218e-05  +1.520421e-06  +4.613140e-07  +5.660328e-07  -5.101657e-04  -3.745911e-07  -8.067952e-07  -5.100455e-04  -1.473755e-06  -1.629448e-07  -4.202691e-03  +4.932434e-07  -8.759888e-07  -3.246030e-03  
+3.721110e-07  +4.198408e-07  +1.852043e-07  +3.218181e-06  -4.253054e-07  +2.108262e-06  +1.502950e-06  +4.072603e-06  -4.824043e-06  +4.443130e-05  -1.891546e-05  -1.495539e-07  -1.342672e-07  -6.382026e-04  +1.844699e-07  +7.519658e-07  +2.573212e-03  +7.504337e-07  +6.504262e-07  +5.627344e-03  -1.400119e-07  +5.411429e-07  +6.014531e-03  
+9.346249e-07  +1.655005e-07  +1.818490e-06  +1.232959e-05  -2.696349e-06  +1.502950e-06  +8.208431e-06  +9.405931e-06  -6.172994e-06  +5.045781e-05  -1.549540e-05  -6.897327e-07  -7.700945e-07  -5.364567e-04  +1.131514e-07  +5.882750e-07  +3.347594e-03  +1.400482e-06  +1.457551e-06  +9.653085e-03  -5.452290e-07  +4.233523e-07  +6.892654e-03  
+1.236758e-06  +2.410061e-06  +1.182629e-05  +3.054878e-06  +6.357001e-06  +4.072603e-06  +9.405931e-06  +1.459463e-04  -2.018056e-05  +1.900751e-04  -9.844784e-05  -3.837095e-06  -9.915013e-07  -6.246507e-03  -1.423489e-06  -2.020271e-07  +1.661559e-02  +1.120541e-07  +6.943122e-06  +2.802373e-02  +1.801010e-07  -2.494971e-06  +2.092026e-02  
-2.146415e-06  -1.295577e-06  +1.068906e-06  -7.833543e-06  +2.031117e-06  -4.824043e-06  -6.172994e-06  -2.018056e-05  +1.821822e-05  -1.637882e-04  +7.131762e-05  -1.457599e-08  +1.238852e-06  +2.706345e-03  -1.976514e-07  -2.401202e-06  -1.064758e-02  -2.355962e-06  -2.758502e-06  -2.078877e-02  +8.060194e-07  -1.878704e-06  -2.194345e-02  
+1.712064e-05  +1.064824e-05  -1.304464e-05  +5.749784e-05  -1.640218e-05  +4.443130e-05  +5.045781e-05  +1.900751e-04  -1.637882e-04  +1.530476e-03  -6.882084e-04  +7.053260e-07  -1.165902e-05  -2.628649e-02  +1.846374e-06  +2.276275e-05  +1.004143e-01  +2.064651e-05  +2.562850e-05  +1.900530e-01  -7.654278e-06  +1.832579e-05  +2.045596e-01  
-8.858003e-06  -4.469298e-06  +1.103065e-05  -1.950120e-06  +1.520421e-06  -1.891546e-05  -1.549540e-05  -9.844784e-05  +7.131762e-05  -6.882084e-04  +3.736061e-04  -6.662292e-07  +6.152309e-06  +1.522766e-02  -4.137322e-08  -1.000939e-05  -4.759689e-02  -5.750446e-06  -1.176110e-05  -7.817392e-02  +4.448836e-06  -8.772764e-06  -8.926199e-02  
+7.950624e-08  -6.068664e-08  -1.785366e-06  -2.547614e-06  +4.613140e-07  -1.495539e-07  -6.897327e-07  -3.837095e-06  -1.457599e-08  +7.053260e-07  -6.662292e-07  +7.131427e-07  -5.693086e-08  -1.317125e-04  +1.097548e-07  +6.587116e-08  +8.459163e-05  -1.790578e-07  -2.279653e-07  -6.192235e-04  -3.455914e-08  +7.719646e-08  +2.875024e-04  
-1.929314e-07  -2.715220e-08  +2.566308e-07  +8.844054e-07  +5.660328e-07  -1.342672e-07  -7.700945e-07  -9.915013e-07  +1.238852e-06  -1.165902e-05  +6.152309e-06  -5.693086e-08  +6.964068e-07  +2.533447e-04  -1.020253e-07  -1.346188e-07  -9.915082e-04  -1.108353e-07  -1.875188e-07  -1.594253e-03  +1.809407e-07  -2.376077e-07  -1.719588e-03  
-3.179188e-04  -2.052590e-04  +6.107638e-04  +2.147097e-03  -5.101657e-04  -6.382026e-04  -5.364567e-04  -6.246507e-03  +2.706345e-03  -2.628649e-02  +1.522766e-02  -1.317125e-04  +2.533447e-04  +1.038490e+00  +1.651020e-04  -2.643513e-04  -2.022051e+00  +7.117931e-05  -5.056271e-04  -2.684132e+00  +1.391600e-04  -1.001784e-04  -3.129081e+00  
+1.457455e-07  -6.734337e-08  -7.518418e-07  -1.405433e-06  -3.745911e-07  +1.844699e-07  +1.131514e-07  -1.423489e-06  -1.976514e-07  +1.846374e-06  -4.137322e-08  +1.097548e-07  -1.020253e-07  +1.651020e-04  +7.433168e-07  +2.036096e-07  +1.038600e-04  +4.023785e-07  +3.051726e-08  +5.756828e-04  -6.061378e-08  +3.038944e-07  +1.085699e-03  
+1.135310e-07  +2.047420e-07  -5.460606e-07  +1.737460e-06  -8.067952e-07  +7.519658e-07  +5.882750e-07  -2.020271e-07  -2.401202e-06  +2.276275e-05  -1.000939e-05  +6.587116e-08  -1.346188e-07  -2.643513e-04  +2.036096e-07  +7.502562e-07  +1.228131e-03  +4.211457e-07  +1.934283e-07  +2.751593e-03  -2.232397e-07  +4.830527e-07  +3.351415e-03  
+1.003863e-03  +7.641440e-04  -1.199969e-03  -9.640702e-04  -5.100455e-04  +2.573212e-03  +3.347594e-03  +1.661559e-02  -1.064758e-02  +1.004143e-01  -4.759689e-02  +8.459163e-05  -9.915082e-04  -2.022051e+00  +1.038600e-04  +1.228131e-03  +7.614230e+00  +1.019497e-03  +1.944409e-03  +1.190514e+01  -5.089246e-04  +9.891193e-04  +1.285044e+01  
+4.700422e-07  +1.426669e-08  +4.660087e-07  +4.376295e-06  -1.473755e-06  +7.504337e-07  +1.400482e-06  +1.120541e-07  -2.355962e-06  +2.064651e-05  -5.750446e-06  -1.790578e-07  -1.108353e-07  +7.117931e-05  +4.023785e-07  +4.211457e-07  +1.019497e-03  +1.150570e-06  +3.199301e-07  +3.583316e-03  -2.605849e-08  +6.126711e-07  +3.457892e-03  
+2.438208e-07  +2.289060e-07  +5.902455e-07  +1.449883e-06  -1.629448e-07  +6.504262e-07  +1.457551e-06  +6.943122e-06  -2.758502e-06  +2.562850e-05  -1.176110e-05  -2.279653e-07  -1.875188e-07  -5.056271e-04  +3.051726e-08  +1.934283e-07  +1.944409e-03  +3.199301e-07  +1.087785e-06  +3.863989e-03  -1.724220e-07  +2.671455e-07  +3.430093e-03  
+2.315714e-03  +1.256445e-03  +9.579943e-04  +1.778488e-02  -4.202691e-03  +5.627344e-03  +9.653085e-03  +2.802373e-02  -2.078877e-02  +1.900530e-01  -7.817392e-02  -6.192235e-04  -1.594253e-03  -2.684132e+00  +5.756828e-04  +2.751593e-03  +1.190514e+01  +3.583316e-03  +3.863989e-03  +2.758000e+01  -9.934353e-04  +2.450385e-03  +2.668390e+01  
-1.568630e-07  -5.793270e-09  +2.048876e-07  -2.587278e-07  +4.932434e-07  -1.400119e-07  -5.452290e-07  +1.801010e-07  +8.060194e-07  -7.654278e-06  +4.448836e-06  -3.455914e-08  +1.809407e-07  +1.391600e-04  -6.061378e-08  -2.232397e-07  -5.089246e-04  -2.605849e-08  -1.724220e-07  -9.934353e-04  +4.063011e-07  -1.266814e-07  -1.120343e-03  
+3.400948e-07  -1.580017e-09  -8.802048e-07  +1.505981e-06  -8.759888e-07  +5.411429e-07  +4.233523e-07  -2.494971e-06  -1.878704e-06  +1.832579e-05  -8.772764e-06  +7.719646e-08  -2.376077e-07  -1.001784e-04  +3.038944e-07  +4.830527e-07  +9.891193e-04  +6.126711e-07  +2.671455e-07  +2.450385e-03  -1.266814e-07  +9.510778e-07  +3.110682e-03  
+2.523264e-03  +1.273063e-03  -2.696531e-03  +7.857879e-03  -3.246030e-03  +6.014531e-03  +6.892654e-03  +2.092026e-02  -2.194345e-02  +2.045596e-01  -8.926199e-02  +2.875024e-04  -1.719588e-03  -3.129081e+00  +1.085699e-03  +3.351415e-03  +1.285044e+01  +3.457892e-03  +3.430093e-03  +2.668390e+01  -1.120343e-03  +3.110682e-03  +2.940773e+01  
