mean:
+3.918003e+00  +3.902766e+00  +6.552073e-01  -1.177187e+00  +1.703186e+00  +5.931264e-01  +9.198030e-01  +2.021162e+00  +1.471750e-01  +1.978088e+00  +4.744142e+00  +1.905639e+00  +3.007411e+00  +8.067030e+02  +4.959835e+00  +4.479885e+00  +2.010383e+03  
covariance:
+1.649879e-05  -2.272295e-06  +5.299096e-06  +1.151779e-05  +1.478080e-05  -3.564392e-08  +6.102400e-06  -7.647477e-06  -8.669138e-07  +7.751280e-06  -4.201874e-05  -2.328425e-08  -4.208433e-07  +3.306102e-03  +7.900972e-08  +1.736742e-07  +7.342347e-04  
-2.272295e-06  +5.181036e-06  +6.728107e-06  -4.235028e-05  +7.634474e-05  -9.687777e-06  -7.646291e-06  -6.097446e-05  +1.491018e-06  +1.647937e-05  -2.452983e-04  +2.785154e-07  -4.051801e-08  -1.164343e-03  -1.409795e-07  -7.411697e-09  +2.220519e-03  
+5.299096e-06  +6.728107e-06  +3.040718e-05  -6.378631e-05  +1.503104e-04  -2.011243e-05  -1.717532e-05  -1.179442e-04  +4.641441e-06  +2.929339e-05  -5.176123e-04  +9.476698e-07  -8.495722e-07  +8.185526e-04  -3.648297e-07  +2.147964e-07  +5.502888e-03  
+1.151779e-05  -4.235028e-05  -6.378631e-05  +5.612563e-04  -7.455758e-04  +1.044332e-04  +9.264823e-05  +6.285882e-04  -1.942322e-05  -1.535789e-04  +2.491911e-03  -1.755902e-06  +6.934506e-07  +2.088916e-02  +1.613695e-06  +9.738501e-07  -2.299807e-02  
+1.478080e-05  +7.634474e-05  +1.503104e-04  -7.455758e-04  +1.717176e-03  -1.948029e-04  -1.056662e-04  -1.306324e-03  +2.828053e-05  +3.432707e-04  -5.088319e-03  +6.626158e-06  -3.346878e-06  +3.350002e-03  -2.368818e-06  +7.647928e-07  +4.768362e-02  
-3.564392e-08  -9.687777e-06  -2.011243e-05  +1.044332e-04  -1.948029e-04  +2.591913e-05  +1.997348e-05  +1.550068e-04  -4.714796e-06  -3.849230e-05  +6.219057e-04  -7.834968e-07  +4.824948e-07  +2.272910e-03  +2.769516e-07  +3.988759e-09  -5.494664e-03  
+6.102400e-06  -7.646291e-06  -1.717532e-05  +9.264823e-05  -1.056662e-04  +1.997348e-05  +3.595074e-05  +9.311177e-05  -6.843973e-06  -1.933356e-05  +4.365468e-04  -3.934587e-07  +1.986971e-07  +6.610731e-03  +2.260697e-07  +2.128274e-07  -4.315057e-03  
-7.647477e-06  -6.097446e-05  -1.179442e-04  +6.285882e-04  -1.306324e-03  +1.550068e-04  +9.311177e-05  +1.069757e-03  -2.343670e-05  -2.654239e-04  +3.982097e-03  -4.555893e-06  +2.612497e-06  +4.711136e-03  +2.253611e-06  -3.167782e-07  -3.745781e-02  
-8.669138e-07  +1.491018e-06  +4.641441e-06  -1.942322e-05  +2.828053e-05  -4.714796e-06  -6.843973e-06  -2.343670e-05  +2.120670e-06  +1.110927e-06  -1.023245e-04  +1.410256e-07  -2.126927e-07  -6.386950e-04  -3.478187e-08  -3.191533e-08  +4.555497e-04  
+7.751280e-06  +1.647937e-05  +2.929339e-05  -1.535789e-04  +3.432707e-04  -3.849230e-05  -1.933356e-05  -2.654239e-04  +1.110927e-06  +1.106834e-04  -1.102341e-03  +9.492186e-07  +4.760505e-07  -2.026658e-03  -8.578185e-07  +4.201209e-08  +1.396960e-02  
-4.201874e-05  -2.452983e-04  -5.176123e-04  +2.491911e-03  -5.088319e-03  +6.219057e-04  +4.365468e-04  +3.982097e-03  -1.023245e-04  -1.102341e-03  +1.633397e-02  -1.676875e-05  +9.883582e-06  +2.214979e-02  +9.800905e-06  -9.105834e-07  -1.542820e-01  
-2.328425e-08  +2.785154e-07  +9.476698e-07  -1.755902e-06  +6.626158e-06  -7.834968e-07  -3.934587e-07  -4.555893e-06  +1.410256e-07  +9.492186e-07  -1.676875e-05  +2.280534e-07  -5.954752e-08  +5.484967e-05  -1.076393e-08  -5.405758e-09  +1.845442e-04  
-4.208433e-07  -4.051801e-08  -8.495722e-07  +6.934506e-07  -3.346878e-06  +4.824948e-07  +1.986971e-07  +2.612497e-06  -2.126927e-07  +4.760505e-07  +9.883582e-06  -5.954752e-08  +2.789036e-07  -1.962719e-04  +2.960598e-08  +2.288367e-08  +2.609268e-04  
+3.306102e-03  -1.164343e-03  +8.185526e-04  +2.088916e-02  +3.350002e-03  +2.272910e-03  +6.610731e-03  +4.711136e-03  -6.386950e-04  -2.026658e-03  +2.214979e-02  +5.484967e-05  -1.962719e-04  +3.810191e+00  +8.697738e-05  +1.639021e-04  -8.760538e-02  
+7.900972e-08  -1.409795e-07  -3.648297e-07  +1.613695e-06  -2.368818e-06  +2.769516e-07  +2.260697e-07  +2.253611e-06  -3.478187e-08  -8.578185e-07  +9.800905e-06  -1.076393e-08  +2.960598e-08  +8.697738e-05  +1.121944e-07  +2.995259e-08  -9.160286e-05  
+1.736742e-07  -7.411697e-09  +2.147964e-07  +9.738501e-07  +7.647928e-07  +3.988759e-09  +2.128274e-07  -3.167782e-07  -3.191533e-08  +4.201209e-08  -9.105834e-07  -5.405758e-09  +2.288367e-08  +1.639021e-04  +2.995259e-08  +1.199047e-07  -7.660243e-05  
+7.342347e-04  +2.220519e-03  +5.502888e-03  -2.299807e-02  +4.768362e-02  -5.494664e-03  -4.315057e-03  -3.745781e-02  +4.555497e-04  +1.396960e-02  -1.542820e-01  +1.845442e-04  +2.609268e-04  -8.760538e-02  -9.160286e-05  -7.660243e-05  +6.820848e+00  
