mean:
+4.018095e+00  +3.960698e+00  +8.291246e-01  +1.293750e+00  +1.226051e+00  +5.033157e-01  +8.405065e-01  +1.400694e+00  +1.748248e-01  +1.971554e+00  +5.706456e+00  +3.660400e+00  +2.855163e+00  +2.220956e+02  +4.309959e+00  +5.128384e+00  +2.969642e+02  +5.252250e+00  +3.798092e+00  +3.482187e+02  +2.881726e+00  +4.481566e+00  +4.113708e+02  
covariance:
+2.733308e-06  +6.200640e-07  +1.036294e-06  -7.578276e-07  -1.204319e-06  -4.511960e-06  -3.105690e-06  -2.422114e-06  +7.518776e-06  -5.699854e-05  +1.678141e-04  -4.560595e-07  +3.323292e-07  -7.626218e-03  +9.109278e-07  -2.385592e-07  -1.284210e-02  -7.009454e-07  +4.465348e-07  -1.281900e-02  -3.515322e-07  -6.416038e-07  -1.082092e-02  
+6.200640e-07  +1.605831e-06  +6.032471e-08  -7.152394e-07  -3.234174e-07  -9.430043e-07  -1.592545e-07  -5.031941e-07  +1.008289e-06  -8.589831e-06  +3.395652e-05  -7.729597e-09  -9.441783e-08  -1.545332e-03  +3.421853e-08  -3.484268e-08  -2.325768e-03  -1.382132e-07  -2.509883e-08  -2.418721e-03  -2.506489e-08  -9.083729e-08  -2.072304e-03  
+1.036294e-06  +6.032471e-08  +1.746662e-05  -1.645795e-06  -4.382912e-07  -7.225714e-07  -1.130765e-05  -1.360080e-05  +9.789137e-06  -4.940462e-05  +3.749437e-05  +8.466155e-07  +5.265278e-07  -4.486317e-03  +1.075658e-06  -1.072479e-06  -1.340164e-04  -7.027953e-07  -4.336683e-07  -7.946164e-03  -9.234780e-07  -1.659446e-06  -3.911506e-03  
-7.578276e-07  -7.152394e-07  -1.645795e-06  +3.611635e-05  -2.021020e-07  +1.468186e-07  +2.524550e-06  -6.816046e-07  -5.814453e-07  -2.110186e-07  +1.206193e-05  -8.332611e-07  +4.270889e-07  +1.782145e-04  -6.326910e-07  -6.587129e-07  -8.786182e-04  -1.077098e-06  -1.294283e-07  +1.784666e-03  -5.292812e-07  +3.182503e-07  -1.220099e-03  
-1.204319e-06  -3.234174e-07  -4.382912e-07  -2.021020e-07  +2.460724e-06  +4.977835e-06  +3.893189e-07  +1.623630e-06  -3.917015e-06  +3.660661e-05  -1.465615e-04  +1.492284e-07  +1.404622e-07  +7.206603e-03  -5.584908e-07  +1.774592e-07  +1.028718e-02  +4.039734e-07  -2.335957e-07  +1.018911e-02  +2.269594e-07  +3.933037e-07  +8.734744e-03  
-4.511960e-06  -9.430043e-07  -7.225714e-07  +1.468186e-07  +4.977835e-06  +2.015876e-05  +6.162598e-07  +7.814812e-06  -1.532573e-05  +1.451998e-04  -5.907460e-04  +6.049259e-07  -3.889612e-07  +2.937060e-02  -1.956163e-06  +1.034880e-06  +4.136492e-02  +2.186714e-06  -7.329416e-07  +4.186795e-02  +3.863566e-07  +1.689706e-06  +3.505741e-02  
-3.105690e-06  -1.592545e-07  -1.130765e-05  +2.524550e-06  +3.893189e-07  +6.162598e-07  +2.373997e-05  +7.005748e-06  -2.374530e-05  +1.359952e-04  -1.803933e-04  +1.483519e-06  -1.897550e-06  +6.229302e-03  -3.633104e-06  +5.340332e-07  +1.668730e-02  +1.052802e-06  -2.136813e-06  +1.808617e-02  +1.184800e-06  +1.993025e-06  +1.440917e-02  
-2.422114e-06  -5.031941e-07  -1.360080e-05  -6.816046e-07  +1.623630e-06  +7.814812e-06  +7.005748e-06  +1.549310e-04  -9.259643e-06  +6.233057e-05  -2.470339e-04  -2.828245e-06  +3.064057e-06  +1.307579e-02  +5.187594e-06  +1.606532e-07  +4.610389e-03  +1.340297e-06  +2.353847e-06  +1.571148e-02  +6.055727e-08  -7.019465e-07  +1.503497e-02  
+7.518776e-06  +1.008289e-06  +9.789137e-06  -5.814453e-07  -3.917015e-06  -1.532573e-05  -2.374530e-05  -9.259643e-06  +4.159419e-05  -2.881930e-04  +6.878006e-04  -2.323140e-06  +2.559994e-06  -3.008902e-02  +6.306656e-06  -8.828583e-07  -5.516948e-02  -3.309027e-06  +3.217538e-06  -5.522509e-02  -2.154956e-06  -3.889168e-06  -4.705423e-02  
-5.699854e-05  -8.589831e-06  -4.940462e-05  -2.110186e-07  +3.660661e-05  +1.451998e-04  +1.359952e-04  +6.233057e-05  -2.881930e-04  +2.136129e-03  -5.798953e-03  +1.775283e-05  -1.708764e-05  +2.607024e-01  -4.394904e-05  +7.052299e-06  +4.519844e-01  +2.578457e-05  -2.220365e-05  +4.479245e-01  +1.372350e-05  +2.755491e-05  +3.830113e-01  
+1.678141e-04  +3.395652e-05  +3.749437e-05  +1.206193e-05  -1.465615e-04  -5.907460e-04  -1.803933e-04  -2.470339e-04  +6.878006e-04  -5.798953e-03  +2.010880e-02  -5.140087e-05  +3.326747e-05  -9.408591e-01  +9.069347e-05  -2.583734e-05  -1.476752e+00  -7.878137e-05  +4.698504e-05  -1.460315e+00  -2.360435e-05  -6.633987e-05  -1.243396e+00  
-4.560595e-07  -7.729597e-09  +8.466155e-07  -8.332611e-07  +1.492284e-07  +6.049259e-07  +1.483519e-06  -2.828245e-06  -2.323140e-06  +1.775283e-05  -5.140087e-05  +1.393715e-06  -5.888642e-07  +1.522885e-03  -3.245475e-07  -8.254154e-08  +4.849324e-03  -2.863322e-10  -5.097648e-07  +3.638553e-03  -9.837504e-08  -1.124294e-07  +3.274691e-03  
+3.323292e-07  -9.441783e-08  +5.265278e-07  +4.270889e-07  +1.404622e-07  -3.889612e-07  -1.897550e-06  +3.064057e-06  +2.559994e-06  -1.708764e-05  +3.326747e-05  -5.888642e-07  +1.262199e-06  -1.384948e-03  +3.607642e-07  -1.131446e-07  -3.590859e-03  -1.567989e-07  +1.633053e-07  -3.349702e-03  +5.868228e-08  -1.037566e-07  -2.289821e-03  
-7.626218e-03  -1.545332e-03  -4.486317e-03  +1.782145e-04  +7.206603e-03  +2.937060e-02  +6.229302e-03  +1.307579e-02  -3.008902e-02  +2.607024e-01  -9.408591e-01  +1.522885e-03  -1.384948e-03  +4.725127e+01  -4.426806e-03  +1.779009e-03  +6.681342e+01  +3.751256e-03  -1.526494e-03  +6.978370e+01  +1.024977e-03  +3.657278e-03  +5.758277e+01  
+9.109278e-07  +3.421853e-08  +1.075658e-06  -6.326910e-07  -5.584908e-07  -1.956163e-06  -3.633104e-06  +5.187594e-06  +6.306656e-06  -4.394904e-05  +9.069347e-05  -3.245475e-07  +3.607642e-07  -4.426806e-03  +2.352066e-06  -2.254589e-07  -7.605849e-03  -3.601049e-07  +9.550457e-07  -7.528311e-03  -2.060312e-07  -9.482002e-07  -6.434501e-03  
-2.385592e-07  -3.484268e-08  -1.072479e-06  -6.587129e-07  +1.774592e-07  +1.034880e-06  +5.340332e-07  +1.606532e-07  -8.828583e-07  +7.052299e-06  -2.583734e-05  -8.254154e-08  -1.131446e-07  +1.779009e-03  -2.254589e-07  +4.685205e-07  +1.335393e-03  +1.938657e-07  +6.312028e-08  +2.174299e-03  +2.927423e-08  +1.817353e-07  +1.453296e-03  
-1.284210e-02  -2.325768e-03  -1.340164e-04  -8.786182e-04  +1.028718e-02  +4.136492e-02  +1.668730e-02  +4.610389e-03  -5.516948e-02  +4.519844e-01  -1.476752e+00  +4.849324e-03  -3.590859e-03  +6.681342e+01  -7.605849e-03  +1.335393e-03  +1.139902e+02  +5.632174e-03  -4.259794e-03  +1.081224e+02  +1.811431e-03  +4.771854e-03  +9.302157e+01  
-7.009454e-07  -1.382132e-07  -7.027953e-07  -1.077098e-06  +4.039734e-07  +2.186714e-06  +1.052802e-06  +1.340297e-06  -3.309027e-06  +2.578457e-05  -7.878137e-05  -2.863322e-10  -1.567989e-07  +3.751256e-03  -3.601049e-07  +1.938657e-07  +5.632174e-03  +1.024792e-06  -1.926170e-07  +6.051534e-03  +3.032071e-07  +5.938198e-07  +4.890775e-03  
+4.465348e-07  -2.509883e-08  -4.336683e-07  -1.294283e-07  -2.335957e-07  -7.329416e-07  -2.136813e-06  +2.353847e-06  +3.217538e-06  -2.220365e-05  +4.698504e-05  -5.097648e-07  +1.633053e-07  -1.526494e-03  +9.550457e-07  +6.312028e-08  -4.259794e-03  -1.926170e-07  +1.045037e-06  -3.313439e-03  -1.240131e-07  -3.105560e-07  -3.230785e-03  
-1.281900e-02  -2.418721e-03  -7.946164e-03  +1.784666e-03  +1.018911e-02  +4.186795e-02  +1.808617e-02  +1.571148e-02  -5.522509e-02  +4.479245e-01  -1.460315e+00  +3.638553e-03  -3.349702e-03  +6.978370e+01  -7.528311e-03  +2.174299e-03  +1.081224e+02  +6.051534e-03  -3.313439e-03  +1.110970e+02  +2.140725e-03  +6.034489e-03  +9.187477e+01  
-3.515322e-07  -2.506489e-08  -9.234780e-07  -5.292812e-07  +2.269594e-07  +3.863566e-07  +1.184800e-06  +6.055727e-08  -2.154956e-06  +1.372350e-05  -2.360435e-05  -9.837504e-08  +5.868228e-08  +1.024977e-03  -2.060312e-07  +2.927423e-08  +1.811431e-03  +3.032071e-07  -1.240131e-07  +2.140725e-03  +5.819883e-07  +3.305844e-07  +1.833197e-03  
-6.416038e-07  -9.083729e-08  -1.659446e-06  +3.182503e-07  +3.933037e-07  +1.689706e-06  +1.993025e-06  -7.019465e-07  -3.889168e-06  +2.755491e-05  -6.633987e-05  -1.124294e-07  -1.037566e-07  +3.657278e-03  -9.482002e-07  +1.817353e-07  +4.771854e-03  +5.938198e-07  -3.105560e-07  +6.034489e-03  +3.305844e-07  +1.094653e-06  +4.385870e-03  
-1.082092e-02  -2.072304e-03  -3.911506e-03  -1.220099e-03  +8.734744e-03  +3.505741e-02  +1.440917e-02  +1.503497e-02  -4.705423e-02  +3.830113e-01  -1.243396e+00  +3.274691e-03  -2.289821e-03  +5.758277e+01  -6.434501e-03  +1.453296e-03  +9.302157e+01  +4.890775e-03  -3.230785e-03  +9.187477e+01  +1.833197e-03  +4.385870e-03  +7.906374e+01  
