mean:
+3.984624e+00  +3.939887e+00  +6.370682e-01  -1.198517e+00  +1.621081e+00  +5.028066e-01  +9.085321e-01  +2.028780e+00  +1.477121e-01  +1.955843e+00  +4.853031e+00  +1.839571e+00  +2.983837e+00  +8.024043e+02  +4.960038e+00  +4.480027e+00  +2.008171e+03  
covariance:
+6.222962e-06  +1.885257e-06  -8.128752e-06  -1.591030e-05  +6.282264e-06  -8.182391e-07  +4.990564e-06  -1.913940e-05  +1.793616e-07  -2.319273e-06  -4.306739e-05  -2.426358e-08  -7.060324e-07  -1.728411e-04  -7.743368e-08  -8.104468e-08  +2.671052e-03  
+1.885257e-06  +5.165577e-06  -3.221223e-06  -7.945840e-06  +9.060647e-06  +1.534966e-07  -3.040519e-06  +4.050835e-06  +1.009108e-06  -1.476602e-06  +4.475793e-06  +5.604344e-08  -4.437855e-07  +5.891434e-04  -3.792203e-08  -5.472454e-08  +8.390605e-04  
-8.128752e-06  -3.221223e-06  +4.465604e-04  +9.271686e-04  -2.878629e-04  +2.671475e-05  +1.174502e-04  -7.288070e-06  -2.254902e-05  -3.949543e-06  +5.802191e-04  -1.128012e-07  +9.168137e-07  +1.589208e-02  +1.158794e-06  -5.529855e-09  -6.235501e-02  
-1.591030e-05  -7.945840e-06  +9.271686e-04  +2.421836e-03  -6.319629e-04  +7.738782e-05  +3.030587e-04  -3.362851e-05  -5.849084e-05  +4.029786e-05  +1.180152e-03  -3.581142e-06  -3.080928e-06  +4.166148e-02  +3.405334e-06  -1.583256e-06  -1.368088e-01  
+6.282264e-06  +9.060647e-06  -2.878629e-04  -6.319629e-04  +5.637474e-04  +1.072563e-05  -1.986083e-04  +3.752998e-04  +1.777813e-05  +6.904414e-05  -1.033406e-04  +2.783733e-06  -2.232823e-06  -5.007923e-03  -6.945032e-07  -6.421655e-07  +6.994567e-02  
-8.182391e-07  +1.534966e-07  +2.671475e-05  +7.738782e-05  +1.072563e-05  +1.119404e-05  -5.533763e-07  +1.312878e-05  -1.822234e-06  +6.412933e-06  +7.947278e-05  +1.719569e-07  +7.186121e-08  +2.299270e-03  +2.710482e-07  -2.605171e-07  +1.724145e-03  
+4.990564e-06  -3.040519e-06  +1.174502e-04  +3.030587e-04  -1.986083e-04  -5.533763e-07  +2.134781e-04  -4.597542e-04  -1.119908e-05  -6.318001e-05  -3.513245e-04  -2.501242e-06  -6.102558e-07  +3.144031e-03  +3.070736e-07  -2.089145e-07  -9.327251e-03  
-1.913940e-05  +4.050835e-06  -7.288070e-06  -3.362851e-05  +3.752998e-04  +1.312878e-05  -4.597542e-04  +1.734334e-03  -4.276207e-07  +2.902633e-04  +1.268843e-03  +5.663662e-06  -3.756246e-06  +3.288277e-02  -6.540017e-07  -2.860279e-06  -6.357667e-02  
+1.793616e-07  +1.009108e-06  -2.254902e-05  -5.849084e-05  +1.777813e-05  -1.822234e-06  -1.119908e-05  -4.276207e-07  +3.943709e-06  -1.237132e-05  -3.153212e-05  +6.220103e-08  +2.908541e-07  -2.263225e-03  -8.188491e-08  +1.299153e-07  +4.165833e-03  
-2.319273e-06  -1.476602e-06  -3.949543e-06  +4.029786e-05  +6.904414e-05  +6.412933e-06  -6.318001e-05  +2.902633e-04  -1.237132e-05  +1.542918e-04  +1.793514e-04  +6.369999e-07  -3.794119e-06  +1.503150e-02  +4.500376e-08  -1.162791e-06  -8.683724e-03  
-4.306739e-05  +4.475793e-06  +5.802191e-04  +1.180152e-03  -1.033406e-04  +7.947278e-05  -3.513245e-04  +1.268843e-03  -3.153212e-05  +1.793514e-04  +3.047579e-03  +7.343101e-06  +1.001054e-05  +3.075503e-02  +3.373168e-06  +5.906295e-07  -1.299846e-01  
-2.426358e-08  +5.604344e-08  -1.128012e-07  -3.581142e-06  +2.783733e-06  +1.719569e-07  -2.501242e-06  +5.663662e-06  +6.220103e-08  +6.369999e-07  +7.343101e-06  +6.318923e-07  +3.337020e-08  +1.024536e-04  -2.155706e-09  +4.689581e-08  -2.480852e-04  
-7.060324e-07  -4.437855e-07  +9.168137e-07  -3.080928e-06  -2.232823e-06  +7.186121e-08  -6.102558e-07  -3.756246e-06  +2.908541e-07  -3.794119e-06  +1.001054e-05  +3.337020e-08  +1.216371e-06  -1.059731e-03  +1.315898e-07  +1.301164e-08  -4.169688e-04  
-1.728411e-04  +5.891434e-04  +1.589208e-02  +4.166148e-02  -5.007923e-03  +2.299270e-03  +3.144031e-03  +3.288277e-02  -2.263225e-03  +1.503150e-02  +3.075503e-02  +1.024536e-04  -1.059731e-03  +9.117068e+00  -3.933371e-05  -2.201517e-04  -9.419070e+00  
-7.743368e-08  -3.792203e-08  +1.158794e-06  +3.405334e-06  -6.945032e-07  +2.710482e-07  +3.070736e-07  -6.540017e-07  -8.188491e-08  +4.500376e-08  +3.373168e-06  -2.155706e-09  +1.315898e-07  -3.933371e-05  +2.089440e-07  -1.029171e-08  -1.602508e-04  
-8.104468e-08  -5.472454e-08  -5.529855e-09  -1.583256e-06  -6.421655e-07  -2.605171e-07  -2.089145e-07  -2.860279e-06  +1.299153e-07  -1.162791e-06  +5.906295e-07  +4.689581e-08  +1.301164e-08  -2.201517e-04  -1.029171e-08  +3.212097e-07  -5.612141e-05  
+2.671052e-03  +8.390605e-04  -6.235501e-02  -1.368088e-01  +6.994567e-02  +1.724145e-03  -9.327251e-03  -6.357667e-02  +4.165833e-03  -8.683724e-03  -1.299846e-01  -2.480852e-04  -4.169688e-04  -9.419070e+00  -1.602508e-04  -5.612141e-05  +3.787652e+01  
