mean:
+3.945202e+00  +3.932674e+00  +8.392692e-01  +1.297228e+00  +1.426605e+00  +5.035027e-01  +8.061681e-01  +1.355438e+00  +1.751517e-01  +1.822447e+00  +5.961644e+00  +3.549643e+00  +2.642424e+00  +2.007564e+02  +4.276062e+00  +5.294951e+00  +2.774546e+02  +5.393095e+00  +3.767233e+00  +3.272138e+02  +2.640346e+00  +4.560534e+00  +3.930139e+02  
covariance:
+2.009659e-06  -3.645109e-06  +8.633210e-06  +1.751189e-05  -3.941871e-06  -2.764291e-06  -1.597784e-06  -2.327742e-06  +3.996107e-06  -2.475172e-05  +6.381020e-06  -2.228324e-08  +1.191643e-05  -1.254551e-03  +1.956823e-05  +1.392129e-06  -9.226879e-04  +7.125548e-06  +1.055171e-05  -2.831956e-03  -3.378512e-08  +2.826606e-07  -1.410573e-03  
-3.645109e-06  +1.127282e-05  -1.725175e-05  -4.224472e-05  +9.504505e-06  +6.297831e-06  +3.083457e-06  -1.701859e-06  -7.674724e-06  +5.315089e-05  -1.391245e-05  +5.871080e-07  -2.881014e-05  +2.397329e-03  -4.865092e-05  -3.336653e-06  +1.451616e-03  -1.754907e-05  -2.657432e-05  +7.167898e-03  -2.302955e-07  -2.534034e-07  +2.798458e-03  
+8.633210e-06  -1.725175e-05  +2.113657e-04  +1.517632e-04  -2.656436e-05  -3.146739e-05  -6.899915e-05  -2.140997e-04  +7.120008e-05  -4.529592e-04  -7.728633e-06  +1.657925e-05  +1.286663e-04  -3.424000e-02  +1.546611e-04  -2.363993e-06  -3.203375e-02  +5.967464e-05  +8.227843e-05  -3.039608e-02  -6.649551e-06  +4.307536e-06  -4.003971e-02  
+1.751189e-05  -4.224472e-05  +1.517632e-04  +3.321714e-04  -5.779260e-05  -4.677914e-05  -2.766857e-05  -6.642786e-05  +6.338536e-05  -4.458851e-04  +1.261655e-04  -5.796943e-07  +1.750317e-04  -3.049542e-02  +2.905853e-04  +2.077881e-05  -1.986614e-02  +1.068768e-04  +1.555779e-04  -4.273249e-02  -2.181506e-06  +5.344532e-06  -2.156928e-02  
-3.941871e-06  +9.504505e-06  -2.656436e-05  -5.779260e-05  +1.525987e-05  +9.153232e-06  +3.296776e-06  +8.653170e-06  -1.124851e-05  +7.899535e-05  -2.857807e-05  +3.499858e-07  -3.632372e-05  +4.532634e-03  -6.071204e-05  -5.450113e-06  +3.605155e-03  -2.256452e-05  -3.233735e-05  +8.191382e-03  +4.838954e-07  -1.425148e-06  +2.509791e-03  
-2.764291e-06  +6.297831e-06  -3.146739e-05  -4.677914e-05  +9.153232e-06  +8.971597e-06  +7.657606e-06  +1.936185e-05  -1.225851e-05  +8.385150e-05  -2.168472e-05  -8.801616e-07  -3.153319e-05  +5.653272e-03  -4.794777e-05  -2.758555e-06  +4.794926e-03  -1.775726e-05  -2.526871e-05  +6.466419e-03  +7.955096e-07  -1.126966e-06  +4.056471e-03  
-1.597784e-06  +3.083457e-06  -6.899915e-05  -2.766857e-05  +3.296776e-06  +7.657606e-06  +3.290435e-05  +7.576580e-05  -2.319599e-05  +1.343848e-04  +3.380435e-05  -5.639351e-06  -3.490165e-05  +1.063003e-02  -3.206247e-05  +6.231963e-06  +9.835878e-03  -1.216075e-05  -1.855628e-05  +1.030406e-02  +1.397155e-06  +3.547488e-07  +1.625779e-02  
-2.327742e-06  -1.701859e-06  -2.140997e-04  -6.642786e-05  +8.653170e-06  +1.936185e-05  +7.576580e-05  +3.790384e-04  -6.782235e-05  +4.186297e-04  +8.840360e-05  -2.434055e-05  -9.248338e-05  +3.217120e-02  -6.102936e-05  +8.147022e-06  +4.133882e-02  -3.038920e-05  -2.851287e-05  +2.599797e-02  +8.685800e-06  -6.060881e-06  +4.601977e-02  
+3.996107e-06  -7.674724e-06  +7.120008e-05  +6.338536e-05  -1.124851e-05  -1.225851e-05  -2.319599e-05  -6.782235e-05  +2.629184e-05  -1.632093e-04  +2.646604e-06  +4.747262e-06  +4.955933e-05  -1.173564e-02  +6.441071e-05  -1.414215e-08  -1.078922e-02  +2.433033e-05  +3.447696e-05  -1.194288e-02  -1.911004e-06  +1.425188e-06  -1.336928e-02  
-2.475172e-05  +5.315089e-05  -4.529592e-04  -4.458851e-04  +7.899535e-05  +8.385150e-05  +1.343848e-04  +4.186297e-04  -1.632093e-04  +1.074700e-03  -8.871171e-05  -2.892132e-05  -3.273464e-04  +7.774961e-02  -4.418465e-04  -7.511965e-06  +7.042803e-02  -1.667761e-04  -2.344606e-04  +7.407752e-02  +1.351674e-05  -1.134422e-05  +7.852390e-02  
+6.381020e-06  -1.391245e-05  -7.728633e-06  +1.261655e-04  -2.857807e-05  -2.168472e-05  +3.380435e-05  +8.840360e-05  +2.646604e-06  -8.871171e-05  +2.959271e-04  -7.709452e-06  +4.523109e-05  -9.130827e-03  +1.172295e-04  +2.630801e-05  -1.555570e-03  +4.041777e-05  +5.658586e-05  +9.791394e-03  -3.302159e-06  +8.401265e-06  +2.453899e-02  
-2.228324e-08  +5.871080e-07  +1.657925e-05  -5.796943e-07  +3.499858e-07  -8.801616e-07  -5.639351e-06  -2.434055e-05  +4.747262e-06  -2.892132e-05  -7.709452e-06  +2.931374e-06  +4.487463e-06  -2.243210e-03  +5.485714e-07  -9.855445e-07  -2.973646e-03  +5.947478e-07  -5.450754e-08  -6.916768e-04  -1.040333e-06  +2.262234e-07  -3.741044e-03  
+1.191643e-05  -2.881014e-05  +1.286663e-04  +1.750317e-04  -3.632372e-05  -3.153319e-05  -3.490165e-05  -9.248338e-05  +4.955933e-05  -3.273464e-04  +4.523109e-05  +4.487463e-06  +1.308770e-04  -2.007837e-02  +1.928633e-04  +8.766439e-06  -1.860697e-02  +7.169330e-05  +1.036503e-04  -3.096921e-02  -2.215578e-06  +3.029305e-06  -2.136859e-02  
-1.254551e-03  +2.397329e-03  -3.424000e-02  -3.049542e-02  +4.532634e-03  +5.653272e-03  +1.063003e-02  +3.217120e-02  -1.173564e-02  +7.774961e-02  -9.130827e-03  -2.243210e-03  -2.007837e-02  +7.116728e+00  -2.590909e-02  -1.813800e-04  +5.273582e+00  -9.834923e-03  -1.345879e-02  +4.100353e+00  +1.168922e-03  -1.062113e-03  +5.771255e+00  
+1.956823e-05  -4.865092e-05  +1.546611e-04  +2.905853e-04  -6.071204e-05  -4.794777e-05  -3.206247e-05  -6.102936e-05  +6.441071e-05  -4.418465e-04  +1.172295e-04  +5.485714e-07  +1.928633e-04  -2.590909e-02  +3.117273e-04  +2.019271e-05  -2.047747e-02  +1.139501e-04  +1.675018e-04  -4.417472e-02  -1.919125e-06  +4.596041e-06  -2.164391e-02  
+1.392129e-06  -3.336653e-06  -2.363993e-06  +2.077881e-05  -5.450113e-06  -2.758555e-06  +6.231963e-06  +8.147022e-06  -1.414215e-08  -7.511965e-06  +2.630801e-05  -9.855445e-07  +8.766439e-06  -1.813800e-04  +2.019271e-05  +5.574972e-06  -3.543348e-05  +7.773070e-06  +9.743432e-06  -8.819704e-04  -5.146923e-07  +1.209777e-06  +2.863688e-03  
-9.226879e-04  +1.451616e-03  -3.203375e-02  -1.986614e-02  +3.605155e-03  +4.794926e-03  +9.835878e-03  +4.133882e-02  -1.078922e-02  +7.042803e-02  -1.555570e-03  -2.973646e-03  -1.860697e-02  +5.273582e+00  -2.047747e-02  -3.543348e-05  +6.264571e+00  -8.454518e-03  -1.019049e-02  +4.193083e+00  +1.455222e-03  -1.049191e-03  +5.159430e+00  
+7.125548e-06  -1.754907e-05  +5.967464e-05  +1.068768e-04  -2.256452e-05  -1.775726e-05  -1.216075e-05  -3.038920e-05  +2.433033e-05  -1.667761e-04  +4.041777e-05  +5.947478e-07  +7.169330e-05  -9.834923e-03  +1.139501e-04  +7.773070e-06  -8.454518e-03  +4.252866e-05  +6.086892e-05  -1.684081e-02  -1.023781e-06  +2.061757e-06  -7.961071e-03  
+1.055171e-05  -2.657432e-05  +8.227843e-05  +1.555779e-04  -3.233735e-05  -2.526871e-05  -1.855628e-05  -2.851287e-05  +3.447696e-05  -2.344606e-04  +5.658586e-05  -5.450754e-08  +1.036503e-04  -1.345879e-02  +1.675018e-04  +9.743432e-06  -1.019049e-02  +6.086892e-05  +9.118570e-05  -2.448116e-02  -5.317133e-07  +1.803673e-06  -1.250624e-02  
-2.831956e-03  +7.167898e-03  -3.039608e-02  -4.273249e-02  +8.191382e-03  +6.466419e-03  +1.030406e-02  +2.599797e-02  -1.194288e-02  +7.407752e-02  +9.791394e-03  -6.916768e-04  -3.096921e-02  +4.100353e+00  -4.417472e-02  -8.819704e-04  +4.193083e+00  -1.684081e-02  -2.448116e-02  +1.068027e+01  -1.109175e-04  -7.522789e-05  +6.673667e+00  
-3.378512e-08  -2.302955e-07  -6.649551e-06  -2.181506e-06  +4.838954e-07  +7.955096e-07  +1.397155e-06  +8.685800e-06  -1.911004e-06  +1.351674e-05  -3.302159e-06  -1.040333e-06  -2.215578e-06  +1.168922e-03  -1.919125e-06  -5.146923e-07  +1.455222e-03  -1.023781e-06  -5.317133e-07  -1.109175e-04  +9.445868e-07  -3.640899e-07  +6.229085e-04  
+2.826606e-07  -2.534034e-07  +4.307536e-06  +5.344532e-06  -1.425148e-06  -1.126966e-06  +3.547488e-07  -6.060881e-06  +1.425188e-06  -1.134422e-05  +8.401265e-06  +2.262234e-07  +3.029305e-06  -1.062113e-03  +4.596041e-06  +1.209777e-06  -1.049191e-03  +2.061757e-06  +1.803673e-06  -7.522789e-05  -3.640899e-07  +1.034197e-06  +2.540245e-04  
-1.410573e-03  +2.798458e-03  -4.003971e-02  -2.156928e-02  +2.509791e-03  +4.056471e-03  +1.625779e-02  +4.601977e-02  -1.336928e-02  +7.852390e-02  +2.453899e-02  -3.741044e-03  -2.136859e-02  +5.771255e+00  -2.164391e-02  +2.863688e-03  +5.159430e+00  -7.961071e-03  -1.250624e-02  +6.673667e+00  +6.229085e-04  +2.540245e-04  +1.147585e+01  
