mean:
+3.912634e+00  +3.903035e+00  +6.499191e-01  -1.179772e+00  +1.732834e+00  +5.977152e-01  +9.074236e-01  +2.075010e+00  +1.479573e-01  +1.982414e+00  +4.795412e+00  +1.905859e+00  +3.007453e+00  +8.147036e+02  +4.959866e+00  +4.479813e+00  +2.032048e+03  
covariance:
+8.643055e-06  -2.033804e-06  -1.721670e-06  -8.628513e-06  +6.091144e-06  +9.465678e-07  -4.572612e-06  +1.934202e-06  -1.502045e-07  +1.465044e-05  -1.075558e-04  +3.917673e-07  -4.765740e-08  +5.858941e-03  -4.867264e-09  -3.037982e-07  +1.388760e-02  
-2.033804e-06  +5.058468e-06  -4.888384e-06  -1.479505e-05  +8.658719e-06  +4.258042e-07  -6.881344e-06  +2.238692e-06  +5.425883e-07  +1.612938e-05  -1.697480e-04  -2.942886e-07  -2.362057e-07  +8.463442e-03  -2.364751e-07  -6.505577e-07  +2.360808e-02  
-1.721670e-06  -4.888384e-06  +3.235614e-05  +5.597274e-05  -1.087933e-05  -3.893887e-06  +1.613475e-05  -3.961406e-05  -5.812909e-06  +3.916131e-06  +3.316989e-04  +1.348032e-07  +6.319738e-07  -1.330578e-02  +3.772150e-08  +1.571911e-06  -3.928272e-02  
-8.628513e-06  -1.479505e-05  +5.597274e-05  +1.943138e-04  -5.185295e-05  -1.040602e-05  +4.834364e-05  -6.389885e-05  -1.028964e-05  -5.338700e-05  +1.077080e-03  +4.622648e-07  +2.587232e-06  -4.954101e-02  +1.185693e-07  +3.831241e-06  -1.409015e-01  
+6.091144e-06  +8.658719e-06  -1.087933e-05  -5.185295e-05  +1.064885e-04  +2.670929e-06  -2.283641e-05  -5.748279e-06  -1.361849e-06  +9.313100e-05  -6.581160e-04  +1.687114e-06  -5.586212e-08  +3.439926e-02  -8.974273e-07  -3.236300e-06  +9.129328e-02  
+9.465678e-07  +4.258042e-07  -3.893887e-06  -1.040602e-05  +2.670929e-06  +2.090740e-06  -3.038499e-06  +9.383111e-06  +1.040232e-06  -8.138910e-07  -5.722224e-05  -3.487203e-08  -9.652857e-08  +2.049755e-03  -1.050614e-08  -6.365882e-07  +7.366752e-03  
-4.572612e-06  -6.881344e-06  +1.613475e-05  +4.834364e-05  -2.283641e-05  -3.038499e-06  +3.462364e-05  -1.708307e-05  -5.190868e-06  -3.726560e-05  +5.168580e-04  +3.075603e-07  +3.706534e-07  -2.112403e-02  +3.986915e-07  +1.710094e-06  -6.217221e-02  
+1.934202e-06  +2.238692e-06  -3.961406e-05  -6.389885e-05  -5.748279e-06  +9.383111e-06  -1.708307e-05  +1.129617e-04  +9.751869e-06  -4.182818e-05  -2.536356e-04  -1.036504e-07  -8.177105e-07  +6.535805e-03  +1.123381e-07  -2.492781e-06  +2.918974e-02  
-1.502045e-07  +5.425883e-07  -5.812909e-06  -1.028964e-05  -1.361849e-06  +1.040232e-06  -5.190868e-06  +9.751869e-06  +2.548715e-06  -9.622064e-06  -4.525484e-05  -8.246538e-08  -1.450990e-07  +1.834051e-04  +6.916367e-08  -1.828916e-07  +3.236244e-03  
+1.465044e-05  +1.612938e-05  +3.916131e-06  -5.338700e-05  +9.313100e-05  -8.138910e-07  -3.726560e-05  -4.182818e-05  -9.622064e-06  +2.136087e-04  -1.156065e-03  +3.069715e-07  -1.939352e-07  +6.934627e-02  -1.805274e-06  -3.616351e-06  +1.704362e-01  
-1.075558e-04  -1.697480e-04  +3.316989e-04  +1.077080e-03  -6.581160e-04  -5.722224e-05  +5.168580e-04  -2.536356e-04  -4.525484e-05  -1.156065e-03  +1.186507e-02  +2.695538e-06  +1.278867e-05  -5.893319e-01  +1.049279e-05  +4.233458e-05  -1.595007e+00  
+3.917673e-07  -2.942886e-07  +1.348032e-07  +4.622648e-07  +1.687114e-06  -3.487203e-08  +3.075603e-07  -1.036504e-07  -8.246538e-08  +3.069715e-07  +2.695538e-06  +3.098964e-07  +4.198297e-08  -5.351981e-05  +2.552029e-08  +3.434804e-08  -3.665192e-04  
-4.765740e-08  -2.362057e-07  +6.319738e-07  +2.587232e-06  -5.586212e-08  -9.652857e-08  +3.706534e-07  -8.177105e-07  -1.450990e-07  -1.939352e-07  +1.278867e-05  +4.198297e-08  +2.430409e-07  -6.841905e-04  +1.559794e-08  +1.937759e-08  -1.839836e-03  
+5.858941e-03  +8.463442e-03  -1.330578e-02  -4.954101e-02  +3.439926e-02  +2.049755e-03  -2.112403e-02  +6.535805e-03  +1.834051e-04  +6.934627e-02  -5.893319e-01  -5.351981e-05  -6.841905e-04  +3.251017e+01  -5.591303e-04  -1.962491e-03  +8.380120e+01  
-4.867264e-09  -2.364751e-07  +3.772150e-08  +1.185693e-07  -8.974273e-07  -1.050614e-08  +3.986915e-07  +1.123381e-07  +6.916367e-08  -1.805274e-06  +1.049279e-05  +2.552029e-08  +1.559794e-08  -5.591303e-04  +1.604720e-07  +3.576916e-08  -1.438592e-03  
-3.037982e-07  -6.505577e-07  +1.571911e-06  +3.831241e-06  -3.236300e-06  -6.365882e-07  +1.710094e-06  -2.492781e-06  -1.828916e-07  -3.616351e-06  +4.233458e-05  +3.434804e-08  +1.937759e-08  -1.962491e-03  +3.576916e-08  +5.046828e-07  -5.898054e-03  
+1.388760e-02  +2.360808e-02  -3.928272e-02  -1.409015e-01  +9.129328e-02  +7.366752e-03  -6.217221e-02  +2.918974e-02  +3.236244e-03  +1.704362e-01  -1.595007e+00  -3.665192e-04  -1.839836e-03  +8.380120e+01  -1.438592e-03  -5.898054e-03  +2.243484e+02  
