mean:
+3.915307e+00  +3.902888e+00  +6.532637e-01  -1.132315e+00  +1.715811e+00  +5.952041e-01  +9.070727e-01  +2.063527e+00  +1.468482e-01  +1.972841e+00  +4.802494e+00  +1.905864e+00  +3.007131e+00  +8.049197e+02  +4.959973e+00  +4.479729e+00  +2.019867e+03  
covariance:
+1.314681e-05  -3.228813e-06  +4.194513e-06  +1.182703e-05  +3.241996e-05  -2.408272e-06  -2.949317e-06  -2.125028e-06  +1.646880e-06  +3.501254e-07  -8.853042e-05  +3.199968e-07  -8.647715e-08  +2.932690e-04  +1.358726e-07  -4.745730e-08  +2.977263e-03  
-3.228813e-06  +4.967121e-06  -3.217921e-06  +1.397172e-05  +2.858829e-05  -4.237661e-06  -8.020079e-06  -6.129821e-06  +1.290008e-06  +1.069250e-05  -1.713163e-04  +1.388766e-07  +7.753189e-08  +9.198166e-04  -2.228091e-07  -1.248675e-07  +3.340799e-03  
+4.194513e-06  -3.217921e-06  +3.899599e-05  +3.654626e-05  +3.451172e-05  +8.071655e-06  +1.059893e-05  -2.948171e-05  -2.440906e-06  +2.859245e-06  +1.098300e-04  +1.114129e-07  -4.020769e-07  +7.980788e-04  -5.510523e-10  +1.924064e-07  +6.445305e-03  
+1.182703e-05  +1.397172e-05  +3.654626e-05  +2.407311e-04  +3.104924e-04  -1.581741e-05  -3.791596e-05  -8.257663e-05  +4.533257e-06  +1.021547e-04  -1.095287e-03  +1.642325e-06  -2.642380e-07  +8.329126e-03  -4.388449e-07  -7.016488e-07  +3.914565e-02  
+3.241996e-05  +2.858829e-05  +3.451172e-05  +3.104924e-04  +6.928568e-04  -5.253107e-05  -9.578203e-05  -1.887346e-04  +2.122629e-05  +1.482191e-04  -2.413050e-03  +3.547829e-06  -8.123835e-07  +1.258444e-02  -1.113212e-06  -4.622790e-07  +8.063601e-02  
-2.408272e-06  -4.237661e-06  +8.071655e-06  -1.581741e-05  -5.253107e-05  +1.126037e-05  +1.636021e-05  +8.706488e-06  -4.768135e-06  -6.937616e-06  +3.288955e-04  -5.009855e-07  +2.488544e-08  -3.942066e-04  +2.122535e-07  +7.532498e-08  -5.609032e-03  
-2.949317e-06  -8.020079e-06  +1.059893e-05  -3.791596e-05  -9.578203e-05  +1.636021e-05  +3.608180e-05  +2.235634e-05  -7.182030e-06  -2.989331e-05  +5.992200e-04  -7.609601e-07  -2.123099e-07  -2.123631e-03  +2.157261e-07  +6.288689e-08  -1.082089e-02  
-2.125028e-06  -6.129821e-06  -2.948171e-05  -8.257663e-05  -1.887346e-04  +8.706488e-06  +2.235634e-05  +2.719693e-04  -4.347865e-06  -3.488948e-05  +4.829116e-04  +6.003271e-07  +1.129601e-06  -4.570406e-04  -4.512118e-07  -2.278743e-06  -5.030372e-02  
+1.646880e-06  +1.290008e-06  -2.440906e-06  +4.533257e-06  +2.122629e-05  -4.768135e-06  -7.182030e-06  -4.347865e-06  +2.835973e-06  -1.323684e-06  -1.345014e-04  +2.467408e-07  -6.199959e-08  +1.292909e-04  -9.236852e-08  -2.286497e-08  +2.370148e-03  
+3.501254e-07  +1.069250e-05  +2.859245e-06  +1.021547e-04  +1.482191e-04  -6.937616e-06  -2.989331e-05  -3.488948e-05  -1.323684e-06  +9.393180e-05  -6.343946e-04  +3.046587e-07  +9.257712e-07  +5.782724e-03  -1.737560e-07  -1.847111e-07  +1.801734e-02  
-8.853042e-05  -1.713163e-04  +1.098300e-04  -1.095287e-03  -2.413050e-03  +3.288955e-04  +5.992200e-04  +4.829116e-04  -1.345014e-04  -6.343946e-04  +1.273881e-02  -1.586506e-05  -2.614316e-06  -5.379889e-02  +8.227559e-06  +5.003473e-06  -2.800976e-01  
+3.199968e-07  +1.388766e-07  +1.114129e-07  +1.642325e-06  +3.547829e-06  -5.009855e-07  -7.609601e-07  +6.003271e-07  +2.467408e-07  +3.046587e-07  -1.586506e-05  +2.639300e-07  -2.030994e-08  +8.565989e-05  -2.323479e-08  -3.759743e-08  -6.064098e-05  
-8.647715e-08  +7.753189e-08  -4.020769e-07  -2.642380e-07  -8.123835e-07  +2.488544e-08  -2.123099e-07  +1.129601e-06  -6.199959e-08  +9.257712e-07  -2.614316e-06  -2.030994e-08  +1.662174e-07  +4.081299e-05  +6.640456e-09  -1.089954e-08  -1.318898e-04  
+2.932690e-04  +9.198166e-04  +7.980788e-04  +8.329126e-03  +1.258444e-02  -3.942066e-04  -2.123631e-03  -4.570406e-04  +1.292909e-04  +5.782724e-03  -5.379889e-02  +8.565989e-05  +4.081299e-05  +1.280582e+00  -6.826167e-05  -1.549119e-04  +1.441764e+00  
+1.358726e-07  -2.228091e-07  -5.510523e-10  -4.388449e-07  -1.113212e-06  +2.122535e-07  +2.157261e-07  -4.512118e-07  -9.236852e-08  -1.737560e-07  +8.227559e-06  -2.323479e-08  +6.640456e-09  -6.826167e-05  +1.173461e-07  +1.960892e-08  -1.801101e-04  
-4.745730e-08  -1.248675e-07  +1.924064e-07  -7.016488e-07  -4.622790e-07  +7.532498e-08  +6.288689e-08  -2.278743e-06  -2.286497e-08  -1.847111e-07  +5.003473e-06  -3.759743e-08  -1.089954e-08  -1.549119e-04  +1.960892e-08  +1.993668e-07  +3.081184e-04  
+2.977263e-03  +3.340799e-03  +6.445305e-03  +3.914565e-02  +8.063601e-02  -5.609032e-03  -1.082089e-02  -5.030372e-02  +2.370148e-03  +1.801734e-02  -2.800976e-01  -6.064098e-05  -1.318898e-04  +1.441764e+00  -1.801101e-04  +3.081184e-04  +1.755883e+01  
