mean:
+4.017805e+00  +3.960140e+00  +8.716918e-01  +1.314914e+00  +1.227145e+00  +5.039743e-01  +8.140449e-01  +1.396676e+00  +1.752698e-01  +1.831980e+00  +5.950537e+00  +3.659826e+00  +2.856514e+00  +2.063187e+02  +4.310417e+00  +5.128869e+00  +2.866561e+02  +5.252978e+00  +3.796785e+00  +3.282964e+02  +2.879591e+00  +4.479630e+00  +3.965324e+02  
covariance:
+1.500204e-06  +1.158521e-08  -8.844478e-08  -4.722391e-06  +2.811753e-07  -1.656102e-07  +3.455264e-07  +1.900513e-06  +4.684925e-07  -2.428041e-06  +6.228095e-06  +1.236562e-08  -2.468984e-08  +1.355160e-04  -2.029955e-08  +8.400435e-08  -2.523863e-04  -2.913257e-08  +7.319690e-08  -3.430807e-04  -4.432908e-09  +8.110625e-09  -3.345311e-04  
+1.158521e-08  +2.254573e-06  -2.017010e-06  -1.303906e-06  +1.126266e-07  -1.192726e-07  -2.561082e-07  -9.113419e-07  -3.609091e-07  +2.495133e-06  +4.219977e-06  -1.263798e-07  +1.666666e-07  +3.966116e-05  +1.013082e-07  -5.364622e-08  -5.768404e-04  +3.523297e-08  +4.300806e-09  -4.664070e-04  +1.057500e-07  +2.273660e-08  -2.547085e-04  
-8.844478e-08  -2.017010e-06  +8.603615e-05  +1.073752e-04  -2.920641e-06  +3.224364e-06  -1.109317e-05  +5.722329e-05  +5.406757e-07  +7.837638e-06  -3.189918e-05  +6.132149e-06  -8.356230e-08  -6.876037e-04  -3.123307e-06  +3.922982e-07  +1.746627e-02  +1.543307e-06  -9.000208e-09  +1.378012e-02  -5.496806e-07  -2.513424e-07  +1.586734e-02  
-4.722391e-06  -1.303906e-06  +1.073752e-04  +5.823032e-04  -4.674267e-06  +2.387690e-05  -5.834906e-06  -4.203455e-05  +2.578558e-05  -1.210933e-04  -6.013165e-04  +9.054183e-06  -2.464009e-06  +5.304678e-03  -1.620812e-06  +2.414969e-06  +3.339854e-02  +3.354098e-06  -5.546351e-06  +4.738066e-02  -2.531244e-07  +1.590728e-06  +5.994956e-02  
+2.811753e-07  +1.126266e-07  -2.920641e-06  -4.674267e-06  +1.007590e-05  -2.363017e-07  +1.999058e-06  -5.625589e-07  +8.137485e-08  -2.083752e-06  +1.204077e-05  -5.089114e-08  +2.835687e-07  +9.998094e-04  -9.550040e-08  -3.729542e-07  -4.999010e-04  -4.584703e-07  +1.413590e-07  -4.580098e-04  +4.622938e-07  -3.233393e-07  -2.175213e-03  
-1.656102e-07  -1.192726e-07  +3.224364e-06  +2.387690e-05  -2.363017e-07  +3.818741e-06  -3.164278e-07  +4.996271e-06  +1.370129e-06  -4.848815e-06  -4.250413e-05  +9.203500e-07  -2.338572e-07  -8.720978e-05  -1.363073e-08  +2.039640e-07  +1.628961e-03  +5.490941e-07  +5.417703e-08  +1.775061e-03  +7.534625e-08  -2.319097e-07  +3.293957e-03  
+3.455264e-07  -2.561082e-07  -1.109317e-05  -5.834906e-06  +1.999058e-06  -3.164278e-07  +1.298592e-05  -6.428177e-06  +4.338230e-06  -4.078468e-05  -9.878459e-06  -7.321365e-07  -1.105749e-06  +2.181764e-03  +7.196881e-07  -1.933145e-07  -2.098154e-03  -9.175752e-07  +6.704602e-07  -7.742477e-04  -8.613343e-08  +2.981627e-07  -3.793075e-03  
+1.900513e-06  -9.113419e-07  +5.722329e-05  -4.203455e-05  -5.625589e-07  +4.996271e-06  -6.428177e-06  +1.920018e-04  -1.303200e-05  +7.740994e-05  +1.578841e-04  +6.460584e-06  -7.686994e-07  -2.219740e-03  -1.316948e-06  -1.740475e-06  +6.510265e-03  +7.062803e-08  +2.371525e-06  -2.790764e-03  +1.469550e-06  -1.743851e-06  -8.331231e-04  
+4.684925e-07  -3.609091e-07  +5.406757e-07  +2.578558e-05  +8.137485e-08  +1.370129e-06  +4.338230e-06  -1.303200e-05  +9.496888e-06  -5.724600e-05  -6.473871e-05  +3.513699e-07  -1.048388e-06  +2.893258e-03  +2.975503e-07  +6.905896e-07  +8.413959e-04  +9.468552e-08  -1.590680e-07  +3.016750e-03  -5.424494e-07  +3.287164e-07  +3.736648e-03  
-2.428041e-06  +2.495133e-06  +7.837638e-06  -1.210933e-04  -2.083752e-06  -4.848815e-06  -4.078468e-05  +7.740994e-05  -5.724600e-05  +3.795783e-04  +3.263944e-04  -6.347102e-07  +7.238237e-06  -1.947622e-02  -2.219828e-06  -3.325365e-06  -1.442908e-03  +1.088141e-06  -2.176516e-07  -1.485303e-02  +3.245675e-06  -2.523579e-06  -1.483887e-02  
+6.228095e-06  +4.219977e-06  -3.189918e-05  -6.013165e-04  +1.204077e-05  -4.250413e-05  -9.878459e-06  +1.578841e-04  -6.473871e-05  +3.263944e-04  +1.292247e-03  -9.634430e-06  +7.885069e-06  -1.199312e-02  -5.711650e-06  -9.131315e-06  -3.202628e-02  -7.858856e-06  +9.171262e-06  -5.953595e-02  +3.620054e-06  -7.813891e-07  -7.555091e-02  
+1.236562e-08  -1.263798e-07  +6.132149e-06  +9.054183e-06  -5.089114e-08  +9.203500e-07  -7.321365e-07  +6.460584e-06  +3.513699e-07  -6.347102e-07  -9.634430e-06  +1.049296e-06  -1.255711e-07  +2.097026e-04  -1.782933e-07  +1.380039e-07  +1.443097e-03  +1.661641e-07  +4.849989e-08  +1.017298e-03  -5.276586e-08  -2.298061e-07  +1.390958e-03  
-2.468984e-08  +1.666666e-07  -8.356230e-08  -2.464009e-06  +2.835687e-07  -2.338572e-07  -1.105749e-06  -7.686994e-07  -1.048388e-06  +7.238237e-06  +7.885069e-06  -1.255711e-07  +1.094516e-06  -3.431050e-04  -9.618898e-09  +1.982248e-07  +1.961002e-04  +1.762803e-07  -5.255445e-08  -9.761271e-05  +1.535775e-07  -2.951593e-07  -4.406275e-06  
+1.355160e-04  +3.966116e-05  -6.876037e-04  +5.304678e-03  +9.998094e-04  -8.720978e-05  +2.181764e-03  -2.219740e-03  +2.893258e-03  -1.947622e-02  -1.199312e-02  +2.097026e-04  -3.431050e-04  +2.311127e+00  +1.199758e-04  -4.003204e-05  -1.225599e-02  -7.902172e-05  +1.123632e-05  +5.311844e-01  +9.138260e-07  -1.098842e-04  +4.189187e-01  
-2.029955e-08  +1.013082e-07  -3.123307e-06  -1.620812e-06  -9.550040e-08  -1.363073e-08  +7.196881e-07  -1.316948e-06  +2.975503e-07  -2.219828e-06  -5.711650e-06  -1.782933e-07  -9.618898e-09  +1.199758e-04  +5.972172e-07  +6.727259e-08  -5.505161e-04  -4.779716e-09  -8.922190e-08  -2.081760e-04  +5.169821e-08  -4.483730e-08  -2.751690e-04  
+8.400435e-08  -5.364622e-08  +3.922982e-07  +2.414969e-06  -3.729542e-07  +2.039640e-07  -1.933145e-07  -1.740475e-06  +6.905896e-07  -3.325365e-06  -9.131315e-06  +1.380039e-07  +1.982248e-07  -4.003204e-05  +6.727259e-08  +7.127337e-07  +2.527231e-04  +1.222751e-07  -9.798910e-08  +5.082594e-04  -6.073157e-08  -8.952532e-08  +9.227744e-04  
-2.523863e-04  -5.768404e-04  +1.746627e-02  +3.339854e-02  -4.999010e-04  +1.628961e-03  -2.098154e-03  +6.510265e-03  +8.413959e-04  -1.442908e-03  -3.202628e-02  +1.443097e-03  +1.961002e-04  -1.225599e-02  -5.505161e-04  +2.527231e-04  +5.241843e+00  +6.544347e-04  -2.263820e-04  +4.402919e+00  -5.881897e-05  -2.643911e-04  +4.472427e+00  
-2.913257e-08  +3.523297e-08  +1.543307e-06  +3.354098e-06  -4.584703e-07  +5.490941e-07  -9.175752e-07  +7.062803e-08  +9.468552e-08  +1.088141e-06  -7.858856e-06  +1.661641e-07  +1.762803e-07  -7.902172e-05  -4.779716e-09  +1.222751e-07  +6.544347e-04  +7.314589e-07  +6.965680e-08  +6.753027e-04  +4.839072e-08  -2.453237e-08  +1.072901e-03  
+7.319690e-08  +4.300806e-09  -9.000208e-09  -5.546351e-06  +1.413590e-07  +5.417703e-08  +6.704602e-07  +2.371525e-06  -1.590680e-07  -2.176516e-07  +9.171262e-06  +4.849989e-08  -5.255445e-08  +1.123632e-05  -8.922190e-08  -9.798910e-08  -2.263820e-04  +6.965680e-08  +6.596481e-07  -5.337705e-04  +2.169536e-08  -7.668680e-08  -7.710765e-04  
-3.430807e-04  -4.664070e-04  +1.378012e-02  +4.738066e-02  -4.580098e-04  +1.775061e-03  -7.742477e-04  -2.790764e-03  +3.016750e-03  -1.485303e-02  -5.953595e-02  +1.017298e-03  -9.761271e-05  +5.311844e-01  -2.081760e-04  +5.082594e-04  +4.402919e+00  +6.753027e-04  -5.337705e-04  +5.910555e+00  -1.304295e-04  +3.182161e-05  +6.008040e+00  
-4.432908e-09  +1.057500e-07  -5.496806e-07  -2.531244e-07  +4.622938e-07  +7.534625e-08  -8.613343e-08  +1.469550e-06  -5.424494e-07  +3.245675e-06  +3.620054e-06  -5.276586e-08  +1.535775e-07  +9.138260e-07  +5.169821e-08  -6.073157e-08  -5.881897e-05  +4.839072e-08  +2.169536e-08  -1.304295e-04  +3.557735e-07  -5.945655e-08  -1.009931e-04  
+8.110625e-09  +2.273660e-08  -2.513424e-07  +1.590728e-06  -3.233393e-07  -2.319097e-07  +2.981627e-07  -1.743851e-06  +3.287164e-07  -2.523579e-06  -7.813891e-07  -2.298061e-07  -2.951593e-07  -1.098842e-04  -4.483730e-08  -8.952532e-08  -2.643911e-04  -2.453237e-08  -7.668680e-08  +3.182161e-05  -5.945655e-08  +6.003858e-07  +1.544982e-04  
-3.345311e-04  -2.547085e-04  +1.586734e-02  +5.994956e-02  -2.175213e-03  +3.293957e-03  -3.793075e-03  -8.331231e-04  +3.736648e-03  -1.483887e-02  -7.555091e-02  +1.390958e-03  -4.406275e-06  +4.189187e-01  -2.751690e-04  +9.227744e-04  +4.472427e+00  +1.072901e-03  -7.710765e-04  +6.008040e+00  -1.009931e-04  +1.544982e-04  +9.969161e+00  
