mean:
+3.981606e+00  +3.953693e+00  +8.440776e-01  +1.348264e+00  +1.417007e+00  +4.022687e-01  +8.137443e-01  +1.355775e+00  +1.696469e-01  +1.879355e+00  +5.972204e+00  +3.592694e+00  +2.698750e+00  +2.002249e+02  +4.347719e+00  +5.275899e+00  +2.709598e+02  +5.453555e+00  +3.757340e+00  +3.229378e+02  +2.639836e+00  +4.559924e+00  +3.916284e+02  
covariance:
+1.017703e-06  +2.650106e-07  +8.923612e-07  +1.036236e-05  +4.330731e-06  +4.484788e-07  +9.403398e-07  +2.266338e-06  -1.361624e-06  +8.655915e-06  -2.400828e-06  +2.233437e-07  +5.306338e-08  -1.346209e-04  +3.856818e-07  -3.600471e-07  -1.496741e-04  +4.868215e-08  -1.443794e-08  +2.941765e-04  +1.750356e-07  -2.170742e-08  +4.628156e-04  
+2.650106e-07  +1.327636e-06  -6.941560e-07  +2.344662e-07  +3.667904e-06  -1.624622e-07  +9.653161e-07  -1.345352e-06  -3.755629e-07  +2.759961e-06  -1.467026e-06  +8.251315e-08  -1.197008e-07  -7.890860e-05  +7.046905e-07  -6.977188e-07  -6.338095e-04  +3.981400e-08  -1.358238e-07  -1.813939e-04  +1.465916e-07  +1.232363e-08  -5.872666e-05  
+8.923612e-07  -6.941560e-07  +5.358219e-05  +2.526575e-04  +2.872775e-05  +1.363368e-05  +9.109349e-06  +9.327893e-05  -1.974068e-05  +1.601271e-04  -4.105872e-05  +2.663702e-06  +2.417959e-06  +2.432075e-03  +7.577119e-07  +2.487320e-06  +8.133810e-03  +8.850975e-07  +2.000746e-06  +1.492020e-02  +7.942362e-07  +2.480999e-06  +1.654375e-02  
+1.036236e-05  +2.344662e-07  +2.526575e-04  +2.639278e-03  +7.078130e-04  +1.162792e-04  +1.405981e-04  +6.438093e-04  -2.327187e-04  +1.850339e-03  -3.963357e-04  +3.712840e-05  +7.803155e-07  -2.697157e-02  +5.621404e-05  -6.013079e-05  -2.788375e-03  +1.260185e-05  +1.038898e-05  +1.125429e-01  +2.072819e-05  +9.588817e-06  +1.049028e-01  
+4.330731e-06  +3.667904e-06  +2.872775e-05  +7.078130e-04  +4.384952e-04  +3.339791e-05  +7.297983e-05  +1.359466e-04  -8.399323e-05  +6.405742e-04  -1.287053e-04  +1.475641e-05  -3.835176e-06  -1.852342e-02  +4.368903e-05  -5.387564e-05  -2.710578e-02  +3.090846e-06  +4.967150e-06  +2.474733e-02  +1.433291e-05  +1.654193e-06  +2.214290e-02  
+4.484788e-07  -1.624622e-07  +1.363368e-05  +1.162792e-04  +3.339791e-05  +8.533007e-06  +6.793111e-06  +2.906176e-05  -1.232227e-05  +9.562859e-05  -8.582316e-06  +2.719362e-06  +1.555566e-07  -1.088363e-03  +2.588026e-06  -3.194440e-06  +4.067839e-04  +5.065274e-07  +1.122974e-06  +4.322207e-03  +1.317212e-06  +7.539944e-07  +5.565167e-03  
+9.403398e-07  +9.653161e-07  +9.109349e-06  +1.405981e-04  +7.297983e-05  +6.793111e-06  +2.540643e-05  +4.678711e-05  -1.803733e-05  +1.254822e-04  -3.118332e-05  +2.144997e-06  -1.596613e-07  -2.502703e-03  +8.849906e-06  -8.963473e-06  -2.108273e-03  +1.524441e-06  +1.297195e-06  +6.600230e-03  +2.703039e-06  -4.532583e-09  +5.371154e-03  
+2.266338e-06  -1.345352e-06  +9.327893e-05  +6.438093e-04  +1.359466e-04  +2.906176e-05  +4.678711e-05  +4.626895e-04  -4.737731e-05  +3.643036e-04  -1.378478e-04  +5.861528e-06  +9.546312e-06  -1.279189e-04  +8.524746e-07  +8.152579e-06  +2.366658e-02  +3.764473e-06  +1.284609e-07  +3.745389e-02  -1.338577e-06  +1.297822e-06  +2.490605e-02  
-1.361624e-06  -3.755629e-07  -1.974068e-05  -2.327187e-04  -8.399323e-05  -1.232227e-05  -1.803733e-05  -4.737731e-05  +2.622133e-05  -1.977175e-04  +2.634937e-05  -4.440899e-06  +3.476343e-07  +2.958465e-03  -8.638511e-06  +9.723543e-06  +3.275622e-03  -1.292736e-06  -1.742954e-06  -8.604386e-03  -3.086210e-06  -1.097093e-06  -1.036981e-02  
+8.655915e-06  +2.759961e-06  +1.601271e-04  +1.850339e-03  +6.405742e-04  +9.562859e-05  +1.254822e-04  +3.643036e-04  -1.977175e-04  +1.538189e-03  -2.190940e-04  +3.485153e-05  -3.148472e-06  -2.268960e-02  +6.318598e-05  -7.257193e-05  -2.533681e-02  +9.182499e-06  +1.260000e-05  +6.850051e-02  +2.315000e-05  +8.920914e-06  +8.185447e-02  
-2.400828e-06  -1.467026e-06  -4.105872e-05  -3.963357e-04  -1.287053e-04  -8.582316e-06  -3.118332e-05  -1.378478e-04  +2.634937e-05  -2.190940e-04  +1.668432e-04  -2.439430e-06  -1.023091e-06  +3.192075e-03  -9.229003e-06  +7.675090e-06  -1.190403e-03  -1.204769e-06  +6.274772e-07  -2.194503e-02  -3.651778e-06  +8.383582e-07  -1.342321e-02  
+2.233437e-07  +8.251315e-08  +2.663702e-06  +3.712840e-05  +1.475641e-05  +2.719362e-06  +2.144997e-06  +5.861528e-06  -4.440899e-06  +3.485153e-05  -2.439430e-06  +1.461120e-06  -1.484669e-07  -5.827370e-04  +1.196172e-06  -1.762972e-06  -8.089012e-04  +9.991249e-08  +2.831749e-07  +7.302791e-04  +5.956818e-07  +1.056256e-07  +1.574396e-03  
+5.306338e-08  -1.197008e-07  +2.417959e-06  +7.803155e-07  -3.835176e-06  +1.555566e-07  -1.596613e-07  +9.546312e-06  +3.476343e-07  -3.148472e-06  -1.023091e-06  -1.484669e-07  +1.158505e-06  +5.662956e-04  -1.176773e-06  +1.849908e-06  +1.247220e-03  -1.352573e-07  -8.948861e-08  +4.416509e-04  -3.551815e-07  -1.257876e-08  +6.580328e-04  
-1.346209e-04  -7.890860e-05  +2.432075e-03  -2.697157e-02  -1.852342e-02  -1.088363e-03  -2.502703e-03  -1.279189e-04  +2.958465e-03  -2.268960e-02  +3.192075e-03  -5.827370e-04  +5.662956e-04  +2.009354e+00  -1.934806e-03  +3.007045e-03  +1.616392e+00  -4.243965e-05  -5.476689e-05  -4.950464e-01  -6.448397e-04  +2.604016e-04  +6.003938e-01  
+3.856818e-07  +7.046905e-07  +7.577119e-07  +5.621404e-05  +4.368903e-05  +2.588026e-06  +8.849906e-06  +8.524746e-07  -8.638511e-06  +6.318598e-05  -9.229003e-06  +1.196172e-06  -1.176773e-06  -1.934806e-03  +7.724177e-06  -8.029187e-06  -4.368370e-03  +4.429868e-07  +7.604381e-07  +1.783192e-03  +1.855310e-06  +5.506647e-07  +1.448291e-03  
-3.600471e-07  -6.977188e-07  +2.487320e-06  -6.013079e-05  -5.387564e-05  -3.194440e-06  -8.963473e-06  +8.152579e-06  +9.723543e-06  -7.257193e-05  +7.675090e-06  -1.762972e-06  +1.849908e-06  +3.007045e-03  -8.029187e-06  +1.029934e-05  +5.972171e-03  -3.352322e-07  -9.042527e-07  -1.347926e-03  -2.285657e-06  -3.469540e-07  -9.923095e-04  
-1.496741e-04  -6.338095e-04  +8.133810e-03  -2.788375e-03  -2.710578e-02  +4.067839e-04  -2.108273e-03  +2.366658e-02  +3.275622e-03  -2.533681e-02  -1.190403e-03  -8.089012e-04  +1.247220e-03  +1.616392e+00  -4.368370e-03  +5.972171e-03  +6.108050e+00  +6.750055e-06  -3.211453e-05  +1.398980e+00  -1.181415e-03  -1.145328e-04  +5.623049e-01  
+4.868215e-08  +3.981400e-08  +8.850975e-07  +1.260185e-05  +3.090846e-06  +5.065274e-07  +1.524441e-06  +3.764473e-06  -1.292736e-06  +9.182499e-06  -1.204769e-06  +9.991249e-08  -1.352573e-07  -4.243965e-05  +4.429868e-07  -3.352322e-07  +6.750055e-06  +5.511082e-07  -1.912492e-09  +5.643041e-04  +1.444043e-08  +1.138906e-07  +4.586133e-04  
-1.443794e-08  -1.358238e-07  +2.000746e-06  +1.038898e-05  +4.967150e-06  +1.122974e-06  +1.297195e-06  +1.284609e-07  -1.742954e-06  +1.260000e-05  +6.274772e-07  +2.831749e-07  -8.948861e-08  -5.476689e-05  +7.604381e-07  -9.042527e-07  -3.211453e-05  -1.912492e-09  +7.825825e-07  +5.113302e-04  +3.743221e-07  +1.900784e-07  +9.035230e-04  
+2.941765e-04  -1.813939e-04  +1.492020e-02  +1.125429e-01  +2.474733e-02  +4.322207e-03  +6.600230e-03  +3.745389e-02  -8.604386e-03  +6.850051e-02  -2.194503e-02  +7.302791e-04  +4.416509e-04  -4.950464e-01  +1.783192e-03  -1.347926e-03  +1.398980e+00  +5.643041e-04  +5.113302e-04  +6.974745e+00  +5.268743e-04  +6.021183e-04  +5.180152e+00  
+1.750356e-07  +1.465916e-07  +7.942362e-07  +2.072819e-05  +1.433291e-05  +1.317212e-06  +2.703039e-06  -1.338577e-06  -3.086210e-06  +2.315000e-05  -3.651778e-06  +5.956818e-07  -3.551815e-07  -6.448397e-04  +1.855310e-06  -2.285657e-06  -1.181415e-03  +1.444043e-08  +3.743221e-07  +5.268743e-04  +1.005353e-06  +1.108782e-07  +8.561728e-04  
-2.170742e-08  +1.232363e-08  +2.480999e-06  +9.588817e-06  +1.654193e-06  +7.539944e-07  -4.532583e-09  +1.297822e-06  -1.097093e-06  +8.920914e-06  +8.383582e-07  +1.056256e-07  -1.257876e-08  +2.604016e-04  +5.506647e-07  -3.469540e-07  -1.145328e-04  +1.138906e-07  +1.900784e-07  +6.021183e-04  +1.108782e-07  +5.314240e-07  +9.862845e-04  
+4.628156e-04  -5.872666e-05  +1.654375e-02  +1.049028e-01  +2.214290e-02  +5.565167e-03  +5.371154e-03  +2.490605e-02  -1.036981e-02  +8.185447e-02  -1.342321e-02  +1.574396e-03  +6.580328e-04  +6.003938e-01  +1.448291e-03  -9.923095e-04  +5.623049e-01  +4.586133e-04  +9.035230e-04  +5.180152e+00  +8.561728e-04  +9.862845e-04  +7.862616e+00  
