mean:
+3.967094e+00  +4.003891e+00  +5.928753e-01  +2.008042e+00  +1.304549e+00  +6.059580e-01  +8.217868e-01  +2.226598e+00  +3.878105e-02  +3.905715e+00  +5.906033e+00  +4.623698e+00  +3.191271e+00  +3.310666e+02  +2.671180e+00  +3.678144e+00  +4.569243e+02  +4.720484e+00  +4.880351e+00  +8.076511e+02  +3.939115e+00  +5.173628e+00  +4.383515e+02  
covariance:
+2.387924e-06  -1.157376e-06  -2.829945e-06  +3.918086e-06  +1.056753e-06  +9.799958e-09  +1.342575e-06  +6.740308e-06  -2.021621e-07  +1.246511e-05  -2.113741e-05  -2.449747e-08  -2.256355e-07  +3.090780e-04  -1.423020e-09  +1.213721e-07  +1.508207e-03  +3.906352e-08  -1.391544e-07  +1.877314e-03  +2.612750e-07  +3.687267e-07  +1.943176e-03  
-1.157376e-06  +6.235202e-06  +1.678488e-06  -2.306939e-06  -1.619121e-06  -2.457593e-07  -1.672536e-06  -6.571442e-06  +2.485503e-07  -9.200043e-06  +1.445161e-05  +4.599869e-07  +8.526810e-08  -7.459851e-05  +5.553967e-08  -2.460439e-07  -8.780046e-04  -1.705779e-07  +1.898768e-07  -1.144303e-03  -4.918042e-07  -3.174973e-07  -1.228926e-03  
-2.829945e-06  +1.678488e-06  +5.061686e-05  -3.922515e-05  -1.488400e-05  +4.574808e-06  -6.996718e-06  -7.243995e-05  +1.404657e-06  -1.170129e-04  +2.297416e-04  -9.473601e-07  +2.479405e-06  -5.758982e-03  +1.557462e-06  -1.243001e-06  -1.807583e-02  -1.488650e-06  +5.261860e-07  -2.015190e-02  -5.885504e-07  -4.216474e-06  -2.063540e-02  
+3.918086e-06  -2.306939e-06  -3.922515e-05  +7.458577e-05  +1.294276e-05  -4.621258e-06  +3.099859e-06  +7.258916e-05  -1.483882e-06  +1.435918e-04  -3.110008e-04  -9.800977e-07  -3.885849e-06  +5.210249e-03  +3.949203e-07  +2.228313e-06  +2.113002e-02  +1.067924e-06  -9.438876e-07  +2.845272e-02  +1.198894e-06  +2.718290e-06  +2.300039e-02  
+1.056753e-06  -1.619121e-06  -1.488400e-05  +1.294276e-05  +1.238578e-05  -1.562507e-06  +8.756009e-07  +1.998212e-05  -4.067763e-07  +3.901530e-05  -8.449273e-05  +1.900130e-08  -8.290030e-07  +1.510974e-03  -9.800952e-08  +3.517386e-07  +5.946306e-03  +4.852639e-07  -3.862437e-07  +7.466559e-03  +1.872357e-07  +1.200056e-06  +7.289973e-03  
+9.799958e-09  -2.457593e-07  +4.574808e-06  -4.621258e-06  -1.562507e-06  +2.234767e-06  +2.730751e-06  -1.441169e-06  -1.828555e-07  -6.601505e-07  +3.037814e-05  +1.769780e-07  +4.925854e-07  -7.818592e-04  -4.382859e-08  -2.619627e-08  -1.651084e-03  -2.941772e-07  -2.116889e-08  -2.739316e-03  +2.057020e-07  +1.888146e-07  -1.172852e-03  
+1.342575e-06  -1.672536e-06  -6.996718e-06  +3.099859e-06  +8.756009e-07  +2.730751e-06  +1.735981e-05  +2.876596e-05  -1.412773e-06  +5.117925e-05  -2.138939e-05  +1.287364e-06  -6.244983e-07  +1.229450e-03  -1.416631e-06  -1.180265e-07  +4.633841e-03  -1.753254e-07  +3.320414e-08  +2.100007e-03  +8.831325e-07  +1.864105e-06  +6.153215e-03  
+6.740308e-06  -6.571442e-06  -7.243995e-05  +7.258916e-05  +1.998212e-05  -1.441169e-06  +2.876596e-05  +1.611402e-04  -3.989723e-06  +2.537561e-04  -3.752203e-04  +2.178097e-06  -4.633438e-06  +7.897113e-03  -3.090616e-06  +3.105611e-06  +3.082701e-02  +1.166470e-06  -8.699142e-07  +3.230956e-02  +2.390574e-06  +8.199904e-06  +3.640922e-02  
-2.021621e-07  +2.485503e-07  +1.404657e-06  -1.483882e-06  -4.067763e-07  -1.828555e-07  -1.412773e-06  -3.989723e-06  +1.805583e-07  -8.102476e-06  +8.860070e-06  -7.446429e-08  +1.019004e-07  -1.768666e-04  +1.004497e-07  -4.143366e-08  -8.601118e-04  +8.324920e-09  +4.428038e-08  -8.248475e-04  -1.007181e-07  -2.421977e-07  -1.083235e-03  
+1.246511e-05  -9.200043e-06  -1.170129e-04  +1.435918e-04  +3.901530e-05  -6.601505e-07  +5.117925e-05  +2.537561e-04  -8.102476e-06  +5.520559e-04  -8.614127e-04  +1.036458e-06  -9.267718e-06  +1.403522e-02  -2.950651e-06  +4.050159e-06  +6.733665e-02  +9.592390e-07  -3.933915e-06  +7.876111e-02  +5.112822e-06  +1.345208e-05  +8.036057e-02  
-2.113741e-05  +1.445161e-05  +2.297416e-04  -3.110008e-04  -8.449273e-05  +3.037814e-05  -2.138939e-05  -3.752203e-04  +8.860070e-06  -8.614127e-04  +1.910075e-03  +5.816388e-06  +2.113788e-05  -3.091210e-02  -7.828857e-07  -6.982723e-06  -1.289929e-01  -4.669292e-06  +8.126552e-06  -1.734726e-01  -6.246666e-06  -1.557679e-05  -1.438758e-01  
-2.449747e-08  +4.599869e-07  -9.473601e-07  -9.800977e-07  +1.900130e-08  +1.769780e-07  +1.287364e-06  +2.178097e-06  -7.446429e-08  +1.036458e-06  +5.816388e-06  +5.784950e-07  -2.326217e-08  +1.414532e-04  -1.971526e-07  -9.305357e-08  +2.772557e-05  -1.046420e-07  +9.834824e-08  -5.479171e-04  +1.312191e-09  +2.806334e-07  +8.879856e-05  
-2.256355e-07  +8.526810e-08  +2.479405e-06  -3.885849e-06  -8.290030e-07  +4.925854e-07  -6.244983e-07  -4.633438e-06  +1.019004e-07  -9.267718e-06  +2.113788e-05  -2.326217e-08  +5.556503e-07  -4.114106e-04  +1.780325e-08  -5.110088e-08  -1.534963e-03  -1.086022e-07  +4.412673e-08  -1.857810e-03  -8.746635e-08  -1.419633e-07  -1.427212e-03  
+3.090780e-04  -7.459851e-05  -5.758982e-03  +5.210249e-03  +1.510974e-03  -7.818592e-04  +1.229450e-03  +7.897113e-03  -1.768666e-04  +1.403522e-02  -3.091210e-02  +1.414532e-04  -4.114106e-04  +9.892902e-01  -2.340414e-04  +6.886729e-06  +2.554766e+00  +1.835883e-04  -3.921866e-05  +2.901331e+00  +1.092795e-04  +4.601383e-04  +2.669772e+00  
-1.423020e-09  +5.553967e-08  +1.557462e-06  +3.949203e-07  -9.800952e-08  -4.382859e-08  -1.416631e-06  -3.090616e-06  +1.004497e-07  -2.950651e-06  -7.828857e-07  -1.971526e-07  +1.780325e-08  -2.340414e-04  +4.164695e-07  +6.581444e-08  -4.461868e-04  -4.589704e-08  -5.477266e-08  -5.021872e-07  -4.897988e-08  -2.737138e-07  -5.144799e-04  
+1.213721e-07  -2.460439e-07  -1.243001e-06  +2.228313e-06  +3.517386e-07  -2.619627e-08  -1.180265e-07  +3.105611e-06  -4.143366e-08  +4.050159e-06  -6.982723e-06  -9.305357e-08  -5.110088e-08  +6.886729e-06  +6.581444e-08  +3.249868e-07  +2.361760e-04  +2.530345e-08  -1.412271e-08  +4.907404e-04  +3.963625e-09  +7.163877e-08  +3.881603e-04  
+1.508207e-03  -8.780046e-04  -1.807583e-02  +2.113002e-02  +5.946306e-03  -1.651084e-03  +4.633841e-03  +3.082701e-02  -8.601118e-04  +6.733665e-02  -1.289929e-01  +2.772557e-05  -1.534963e-03  +2.554766e+00  -4.461868e-04  +2.361760e-04  +1.021437e+01  +4.238602e-04  -4.947533e-04  +1.214639e+01  +5.602079e-04  +1.676485e-03  +1.130753e+01  
+3.906352e-08  -1.705779e-07  -1.488650e-06  +1.067924e-06  +4.852639e-07  -2.941772e-07  -1.753254e-07  +1.166470e-06  +8.324920e-09  +9.592390e-07  -4.669292e-06  -1.046420e-07  -1.086022e-07  +1.835883e-04  -4.589704e-08  +2.530345e-08  +4.238602e-04  +2.934247e-07  -2.544239e-09  +4.459300e-04  -1.761684e-08  +4.461636e-08  +3.545621e-04  
-1.391544e-07  +1.898768e-07  +5.261860e-07  -9.438876e-07  -3.862437e-07  -2.116889e-08  +3.320414e-08  -8.699142e-07  +4.428038e-08  -3.933915e-06  +8.126552e-06  +9.834824e-08  +4.412673e-08  -3.921866e-05  -5.477266e-08  -1.412271e-08  -4.947533e-04  -2.544239e-09  +2.084215e-07  -7.067483e-04  -4.773139e-08  -8.843504e-08  -5.973024e-04  
+1.877314e-03  -1.144303e-03  -2.015190e-02  +2.845272e-02  +7.466559e-03  -2.739316e-03  +2.100007e-03  +3.230956e-02  -8.248475e-04  +7.876111e-02  -1.734726e-01  -5.479171e-04  -1.857810e-03  +2.901331e+00  -5.021872e-07  +4.907404e-04  +1.214639e+01  +4.459300e-04  -7.067483e-04  +1.656855e+01  +5.549062e-04  +1.399289e-03  +1.365911e+01  
+2.612750e-07  -4.918042e-07  -5.885504e-07  +1.198894e-06  +1.872357e-07  +2.057020e-07  +8.831325e-07  +2.390574e-06  -1.007181e-07  +5.112822e-06  -6.246666e-06  +1.312191e-09  -8.746635e-08  +1.092795e-04  -4.897988e-08  +3.963625e-09  +5.602079e-04  -1.761684e-08  -4.773139e-08  +5.549062e-04  +2.801309e-07  +1.508526e-07  +6.726406e-04  
+3.687267e-07  -3.174973e-07  -4.216474e-06  +2.718290e-06  +1.200056e-06  +1.888146e-07  +1.864105e-06  +8.199904e-06  -2.421977e-07  +1.345208e-05  -1.557679e-05  +2.806334e-07  -1.419633e-07  +4.601383e-04  -2.737138e-07  +7.163877e-08  +1.676485e-03  +4.461636e-08  -8.843504e-08  +1.399289e-03  +1.508526e-07  +7.723261e-07  +2.089458e-03  
+1.943176e-03  -1.228926e-03  -2.063540e-02  +2.300039e-02  +7.289973e-03  -1.172852e-03  +6.153215e-03  +3.640922e-02  -1.083235e-03  +8.036057e-02  -1.438758e-01  +8.879856e-05  -1.427212e-03  +2.669772e+00  -5.144799e-04  +3.881603e-04  +1.130753e+01  +3.545621e-04  -5.973024e-04  +1.365911e+01  +6.726406e-04  +2.089458e-03  +1.363455e+01  
