mean:
+3.955725e+00  +3.923624e+00  +6.540167e-01  -1.161298e+00  +1.606666e+00  +3.970801e-01  +9.172744e-01  +2.084187e+00  +1.526473e-01  +1.926098e+00  +4.913953e+00  +1.635115e+00  +2.882897e+00  +8.057849e+02  +4.800008e+00  +4.399901e+00  +2.014847e+03  
covariance:
+2.146245e-06  +2.248774e-07  +3.088225e-07  +3.570969e-07  -2.221937e-07  +1.655280e-06  -1.412449e-06  +1.487901e-06  -5.692218e-07  +6.250861e-06  +2.069819e-05  -1.295539e-07  -3.692958e-08  -1.303922e-03  -2.465109e-08  -1.083065e-08  -4.779217e-03  
+2.248774e-07  +2.999822e-06  +1.942946e-06  +5.719638e-07  +4.471487e-06  +2.024598e-06  +3.596806e-08  -4.146440e-06  -1.539789e-06  +1.039324e-05  +3.116907e-05  -1.443403e-07  +3.449118e-08  -1.167536e-03  -4.625418e-08  -6.484486e-08  -4.125322e-03  
+3.088225e-07  +1.942946e-06  +3.687439e-05  +1.901881e-05  +2.772420e-05  +1.148841e-05  +9.379241e-06  -6.605204e-05  -1.652396e-05  +9.440618e-05  +2.496009e-04  -9.366080e-08  -1.307679e-08  -9.533035e-03  -2.426663e-07  +5.649677e-07  -7.256868e-03  
+3.570969e-07  +5.719638e-07  +1.901881e-05  +1.208482e-04  -3.518102e-05  +4.938163e-06  +8.037837e-06  -7.373585e-05  -1.245977e-05  +7.054119e-05  +1.880404e-04  -1.025706e-06  +9.562685e-08  -8.620342e-03  +1.144569e-07  +1.146477e-06  +1.463739e-03  
-2.221937e-07  +4.471487e-06  +2.772420e-05  -3.518102e-05  +1.723135e-04  +1.603605e-05  +2.404215e-05  -6.419669e-05  -1.472252e-05  +6.742309e-05  +2.788636e-04  +1.976715e-06  +1.010344e-07  -5.500658e-03  -6.854790e-07  +1.040428e-07  -1.887476e-02  
+1.655280e-06  +2.024598e-06  +1.148841e-05  +4.938163e-06  +1.603605e-05  +1.848213e-05  +5.660250e-06  -9.879777e-06  -1.401531e-05  +8.480180e-05  +2.326687e-04  -3.376888e-07  -2.005600e-07  -9.842256e-03  -1.539099e-07  +2.218905e-08  -3.775690e-02  
-1.412449e-06  +3.596806e-08  +9.379241e-06  +8.037837e-06  +2.404215e-05  +5.660250e-06  +2.220691e-05  -2.892432e-05  -8.163163e-06  +3.031883e-05  +8.519015e-05  +3.528717e-07  -2.357025e-07  -3.459945e-04  -5.132450e-08  +7.046108e-07  -2.008743e-03  
+1.487901e-06  -4.146440e-06  -6.605204e-05  -7.373585e-05  -6.419669e-05  -9.879777e-06  -2.892432e-05  +2.570304e-04  +3.251033e-05  -1.707592e-04  -4.725644e-04  +3.174758e-07  +5.697210e-08  +1.769133e-02  +4.617607e-08  -2.193667e-06  -2.513989e-02  
-5.692218e-07  -1.539789e-06  -1.652396e-05  -1.245977e-05  -1.472252e-05  -1.401531e-05  -8.163163e-06  +3.251033e-05  +1.466631e-05  -8.387824e-05  -2.189495e-04  +2.954216e-07  +1.558771e-07  +9.046770e-03  +1.288371e-07  -2.457333e-07  +2.299530e-02  
+6.250861e-06  +1.039324e-05  +9.440618e-05  +7.054119e-05  +6.742309e-05  +8.480180e-05  +3.031883e-05  -1.707592e-04  -8.387824e-05  +5.056495e-04  +1.307439e-03  -2.290618e-06  -7.131025e-07  -5.740734e-02  -7.750196e-07  +9.155948e-07  -1.488694e-01  
+2.069819e-05  +3.116907e-05  +2.496009e-04  +1.880404e-04  +2.788636e-04  +2.326687e-04  +8.519015e-05  -4.725644e-04  -2.189495e-04  +1.307439e-03  +3.614616e-03  -5.099022e-06  -2.093398e-06  -1.537698e-01  -2.178958e-06  +2.314861e-06  -4.153286e-01  
-1.295539e-07  -1.443403e-07  -9.366080e-08  -1.025706e-06  +1.976715e-06  -3.376888e-07  +3.528717e-07  +3.174758e-07  +2.954216e-07  -2.290618e-06  -5.099022e-06  +2.114086e-07  -7.820238e-09  +3.613861e-04  +4.077833e-09  +1.456511e-08  +1.331973e-03  
-3.692958e-08  +3.449118e-08  -1.307679e-08  +9.562685e-08  +1.010344e-07  -2.005600e-07  -2.357025e-07  +5.697210e-08  +1.558771e-07  -7.131025e-07  -2.093398e-06  -7.820238e-09  +2.187475e-07  +5.945510e-05  -5.518002e-09  +4.299394e-09  +1.303715e-04  
-1.303922e-03  -1.167536e-03  -9.533035e-03  -8.620342e-03  -5.500658e-03  -9.842256e-03  -3.459945e-04  +1.769133e-02  +9.046770e-03  -5.740734e-02  -1.537698e-01  +3.613861e-04  +5.945510e-05  +8.440542e+00  +2.948703e-05  -4.860789e-05  +1.940434e+01  
-2.465109e-08  -4.625418e-08  -2.426663e-07  +1.144569e-07  -6.854790e-07  -1.539099e-07  -5.132450e-08  +4.617607e-08  +1.288371e-07  -7.750196e-07  -2.178958e-06  +4.077833e-09  -5.518002e-09  +2.948703e-05  +1.594913e-07  +6.063759e-09  +3.809899e-04  
-1.083065e-08  -6.484486e-08  +5.649677e-07  +1.146477e-06  +1.040428e-07  +2.218905e-08  +7.046108e-07  -2.193667e-06  -2.457333e-07  +9.155948e-07  +2.314861e-06  +1.456511e-08  +4.299394e-09  -4.860789e-05  +6.063759e-09  +1.824581e-07  +3.648664e-04  
-4.779217e-03  -4.125322e-03  -7.256868e-03  +1.463739e-03  -1.887476e-02  -3.775690e-02  -2.008743e-03  -2.513989e-02  +2.299530e-02  -1.488694e-01  -4.153286e-01  +1.331973e-03  +1.303715e-04  +1.940434e+01  +3.809899e-04  +3.648664e-04  +9.755381e+01  
