mean:
+3.911019e+00  +3.897791e+00  +8.616596e-01  +1.331447e+00  +1.443027e+00  +6.046346e-01  +8.172269e-01  +1.399724e+00  +1.592687e-01  +1.907114e+00  +5.813490e+00  +3.484043e+00  +2.610663e+00  +1.998638e+02  +4.286444e+00  +5.273994e+00  +2.824492e+02  +5.350364e+00  +3.757441e+00  +3.282263e+02  +2.640038e+00  +4.559632e+00  +3.968798e+02  
covariance:
+3.757331e-06  -6.558741e-07  +4.313510e-06  -5.502629e-07  -8.491132e-07  +3.161263e-06  +3.139028e-06  +3.122612e-06  -3.825147e-06  +3.574278e-05  -5.508233e-05  +3.415326e-07  +2.910124e-07  +8.680676e-04  -1.597072e-08  +8.735633e-07  +2.375981e-03  +7.820902e-07  +3.337569e-08  +2.468157e-03  -6.438256e-08  +2.446941e-07  +4.340090e-03  
-6.558741e-07  +8.806831e-07  +1.180776e-06  -2.268035e-07  -3.523926e-08  +1.074493e-06  +1.070162e-06  +2.219054e-06  -1.177046e-06  +1.083572e-05  -1.810694e-05  +9.839277e-08  +6.099882e-08  +3.166896e-04  +4.104904e-08  +3.084974e-07  +7.813140e-04  +1.200986e-07  -3.061829e-08  +7.907034e-04  -2.803190e-08  -4.239856e-09  +1.616770e-03  
+4.313510e-06  +1.180776e-06  +2.076915e-05  -4.185751e-06  -2.504767e-06  +1.158777e-05  +1.041296e-05  +1.838864e-05  -1.258163e-05  +1.363596e-04  -2.193942e-04  +6.404139e-07  +1.673378e-06  +1.944185e-03  +5.314031e-07  +3.857751e-06  +1.098430e-02  +1.485203e-06  +5.644379e-07  +8.187840e-03  -5.477477e-07  -9.203184e-08  +1.565602e-02  
-5.502629e-07  -2.268035e-07  -4.185751e-06  +5.200525e-05  +2.506890e-06  +1.750065e-06  -3.169553e-06  -2.751299e-05  +6.768940e-07  -1.393879e-05  +4.008947e-05  +1.642270e-06  -1.868939e-06  -9.474214e-04  -2.421182e-06  -2.459616e-06  -6.166929e-04  -1.547991e-06  +1.130917e-06  -1.082548e-03  +1.016501e-06  +8.822355e-08  -8.854361e-04  
-8.491132e-07  -3.523926e-08  -2.504767e-06  +2.506890e-06  +3.995448e-06  -1.134669e-06  -1.354275e-06  -3.301295e-06  +1.506023e-06  -1.537489e-05  +2.667262e-05  -3.761591e-08  -1.492682e-07  -2.527684e-04  -1.846523e-07  -5.310148e-07  -1.231489e-03  -3.938209e-07  -1.337580e-07  -1.167507e-03  +1.913279e-07  -2.028846e-07  -1.953527e-03  
+3.161263e-06  +1.074493e-06  +1.158777e-05  +1.750065e-06  -1.134669e-06  +1.061587e-05  +9.925230e-06  +1.134635e-05  -1.031442e-05  +1.067744e-04  -1.662111e-04  +9.671364e-07  +1.225171e-07  +3.012996e-03  -1.325749e-07  +2.141681e-06  +7.325693e-03  +1.838923e-06  +3.486336e-08  +7.119831e-03  -9.764840e-08  +4.030151e-07  +1.428381e-02  
+3.139028e-06  +1.070162e-06  +1.041296e-05  -3.169553e-06  -1.354275e-06  +9.925230e-06  +1.902594e-05  +2.242241e-05  -1.026138e-05  +9.614224e-05  -1.556561e-04  -1.873676e-07  +1.432661e-06  +4.497329e-03  +8.793606e-07  +2.737713e-06  +6.025971e-03  +2.825941e-06  -1.309383e-07  +7.634186e-03  +1.116726e-07  -5.639694e-07  +1.200678e-02  
+3.122612e-06  +2.219054e-06  +1.838864e-05  -2.751299e-05  -3.301295e-06  +1.134635e-05  +2.242241e-05  +8.534941e-05  -1.279610e-05  +1.382055e-04  -2.476771e-04  -1.700710e-06  +5.144534e-06  +4.586819e-03  +1.558457e-06  +6.912076e-06  +9.070384e-03  +3.363363e-06  +3.506690e-07  +1.306642e-02  -3.708867e-07  -2.097511e-06  +1.766714e-02  
-3.825147e-06  -1.177046e-06  -1.258163e-05  +6.768940e-07  +1.506023e-06  -1.031442e-05  -1.026138e-05  -1.279610e-05  +1.127602e-05  -1.103191e-04  +1.704212e-04  -9.524461e-07  -3.417342e-07  -2.921760e-03  -1.037192e-07  -2.474772e-06  -7.633684e-03  -1.911235e-06  -4.078758e-08  -7.339261e-03  +1.135166e-07  -4.860025e-07  -1.455401e-02  
+3.574278e-05  +1.083572e-05  +1.363596e-04  -1.393879e-05  -1.537489e-05  +1.067744e-04  +9.614224e-05  +1.382055e-04  -1.103191e-04  +1.173236e-03  -1.847526e-03  +9.843886e-06  +5.168704e-06  +2.749784e-02  +8.143053e-07  +2.820133e-05  +8.330023e-02  +1.830959e-05  +1.399454e-06  +7.778507e-02  -2.374593e-06  +6.297911e-06  +1.524181e-01  
-5.508233e-05  -1.810694e-05  -2.193942e-04  +4.008947e-05  +2.667262e-05  -1.662111e-04  -1.556561e-04  -2.476771e-04  +1.704212e-04  -1.847526e-03  +3.022866e-03  -1.346663e-05  -1.439583e-05  -4.084613e-02  -3.429073e-06  -5.042728e-05  -1.336777e-01  -2.789370e-05  -2.734462e-06  -1.263037e-01  +6.453591e-06  -9.211649e-06  -2.338621e-01  
+3.415326e-07  +9.839277e-08  +6.404139e-07  +1.642270e-06  -3.761591e-08  +9.671364e-07  -1.873676e-07  -1.700710e-06  -9.524461e-07  +9.843886e-06  -1.346663e-05  +8.118859e-07  -4.345511e-07  +3.465967e-04  -3.073508e-07  -1.025132e-07  +4.345648e-04  +8.673949e-08  -7.742018e-08  +7.046927e-04  +2.683632e-09  +4.605575e-07  +2.011226e-03  
+2.910124e-07  +6.099882e-08  +1.673378e-06  -1.868939e-06  -1.492682e-07  +1.225171e-07  +1.432661e-06  +5.144534e-06  -3.417342e-07  +5.168704e-06  -1.439583e-05  -4.345511e-07  +1.505062e-06  -1.149301e-04  +2.867323e-07  +1.176645e-06  +7.845226e-04  +6.898176e-08  +1.032339e-07  +8.684348e-04  -5.435811e-08  -5.320782e-07  -4.356859e-04  
+8.680676e-04  +3.166896e-04  +1.944185e-03  -9.474214e-04  -2.527684e-04  +3.012996e-03  +4.497329e-03  +4.586819e-03  -2.921760e-03  +2.749784e-02  -4.084613e-02  +3.465967e-04  -1.149301e-04  +2.027715e+00  -1.438377e-04  +2.866530e-04  +1.157204e+00  +1.053406e-03  -2.888552e-04  +2.355638e+00  +1.496848e-04  +1.769781e-04  +4.269546e+00  
-1.597072e-08  +4.104904e-08  +5.314031e-07  -2.421182e-06  -1.846523e-07  -1.325749e-07  +8.793606e-07  +1.558457e-06  -1.037192e-07  +8.143053e-07  -3.429073e-06  -3.073508e-07  +2.867323e-07  -1.438377e-04  +7.818945e-07  +3.920948e-07  +1.517555e-04  +8.166759e-08  -5.332644e-08  +7.956887e-07  -1.132049e-07  -1.206177e-07  -1.792903e-04  
+8.735633e-07  +3.084974e-07  +3.857751e-06  -2.459616e-06  -5.310148e-07  +2.141681e-06  +2.737713e-06  +6.912076e-06  -2.474772e-06  +2.820133e-05  -5.042728e-05  -1.025132e-07  +1.176645e-06  +2.866530e-04  +3.920948e-07  +1.848211e-06  +2.353433e-03  +3.765363e-07  +1.016838e-07  +2.339254e-03  -9.074406e-08  -1.364546e-07  +2.990433e-03  
+2.375981e-03  +7.813140e-04  +1.098430e-02  -6.166929e-04  -1.231489e-03  +7.325693e-03  +6.025971e-03  +9.070384e-03  -7.633684e-03  +8.330023e-02  -1.336777e-01  +4.345648e-04  +7.845226e-04  +1.157204e+00  +1.517555e-04  +2.353433e-03  +6.855154e+00  +9.088711e-04  +4.088354e-04  +5.168827e+00  -3.017899e-04  +2.113380e-04  +9.948865e+00  
+7.820902e-07  +1.200986e-07  +1.485203e-06  -1.547991e-06  -3.938209e-07  +1.838923e-06  +2.825941e-06  +3.363363e-06  -1.911235e-06  +1.830959e-05  -2.789370e-05  +8.673949e-08  +6.898176e-08  +1.053406e-03  +8.166759e-08  +3.765363e-07  +9.088711e-04  +8.920577e-07  -1.213646e-07  +1.639465e-03  +3.685763e-08  +7.189286e-08  +2.779552e-03  
+3.337569e-08  -3.061829e-08  +5.644379e-07  +1.130917e-06  -1.337580e-07  +3.486336e-08  -1.309383e-07  +3.506690e-07  -4.078758e-08  +1.399454e-06  -2.734462e-06  -7.742018e-08  +1.032339e-07  -2.888552e-04  -5.332644e-08  +1.016838e-07  +4.088354e-04  -1.213646e-07  +5.118028e-07  +1.100449e-04  -7.360090e-08  +5.024747e-08  +8.657586e-05  
+2.468157e-03  +7.907034e-04  +8.187840e-03  -1.082548e-03  -1.167507e-03  +7.119831e-03  +7.634186e-03  +1.306642e-02  -7.339261e-03  +7.778507e-02  -1.263037e-01  +7.046927e-04  +8.684348e-04  +2.355638e+00  +7.956887e-07  +2.339254e-03  +5.168827e+00  +1.639465e-03  +1.100449e-04  +6.622067e+00  -8.180157e-05  +4.177868e-04  +1.088025e+01  
-6.438256e-08  -2.803190e-08  -5.477477e-07  +1.016501e-06  +1.913279e-07  -9.764840e-08  +1.116726e-07  -3.708867e-07  +1.135166e-07  -2.374593e-06  +6.453591e-06  +2.683632e-09  -5.435811e-08  +1.496848e-04  -1.132049e-07  -9.074406e-08  -3.017899e-04  +3.685763e-08  -7.360090e-08  -8.180157e-05  +3.505527e-07  -3.156352e-08  -1.675094e-04  
+2.446941e-07  -4.239856e-09  -9.203184e-08  +8.822355e-08  -2.028846e-07  +4.030151e-07  -5.639694e-07  -2.097511e-06  -4.860025e-07  +6.297911e-06  -9.211649e-06  +4.605575e-07  -5.320782e-07  +1.769781e-04  -1.206177e-07  -1.364546e-07  +2.113380e-04  +7.189286e-08  +5.024747e-08  +4.177868e-04  -3.156352e-08  +9.322038e-07  +1.481147e-03  
+4.340090e-03  +1.616770e-03  +1.565602e-02  -8.854361e-04  -1.953527e-03  +1.428381e-02  +1.200678e-02  +1.766714e-02  -1.455401e-02  +1.524181e-01  -2.338621e-01  +2.011226e-03  -4.356859e-04  +4.269546e+00  -1.792903e-04  +2.990433e-03  +9.948865e+00  +2.779552e-03  +8.657586e-05  +1.088025e+01  -1.675094e-04  +1.481147e-03  +2.290989e+01  
