mean:
+3.987190e+00  +3.956498e+00  +5.960077e-01  +2.045360e+00  +1.217133e+00  +3.997208e-01  +8.254338e-01  +2.229485e+00  +3.832048e-02  +3.883390e+00  +5.948176e+00  +4.477702e+00  +3.301957e+00  +3.260514e+02  +2.492667e+00  +3.691524e+00  +4.530560e+02  +4.640032e+00  +4.960065e+00  +8.031559e+02  +3.991828e+00  +5.121838e+00  +4.324303e+02  
covariance:
+6.783840e-06  -4.092436e-07  +1.630130e-06  -2.561361e-06  +4.193170e-06  +2.542138e-07  +1.163287e-06  -1.968708e-06  -3.095999e-08  +3.209500e-06  -1.031580e-05  +1.796402e-07  +2.900298e-08  +6.993466e-05  +5.870629e-08  +2.543034e-07  +6.311528e-04  -4.492790e-07  -1.666261e-07  +5.057830e-04  +5.679971e-07  -5.389777e-08  +7.165461e-04  
-4.092436e-07  +2.672220e-06  -1.286677e-06  -4.919904e-07  -3.898169e-06  -1.110514e-07  -1.802580e-06  -6.752364e-07  +1.624844e-07  -4.600638e-06  +6.717736e-06  +9.950957e-08  +1.287252e-07  +1.948974e-04  -2.012368e-07  -2.585289e-07  -7.337876e-04  +7.503633e-08  +1.008141e-07  -3.765709e-04  +2.284366e-07  -1.253829e-07  -4.812583e-04  
+1.630130e-06  -1.286677e-06  +3.103201e-05  +1.752230e-05  +4.895653e-05  -7.927179e-07  +6.410337e-06  +1.003901e-05  -9.507832e-08  +1.387849e-05  -8.207835e-05  +4.385855e-07  -2.201446e-06  -5.818356e-03  +8.257455e-07  +1.476858e-06  +6.023336e-03  -1.033862e-06  -1.247647e-06  +9.929009e-03  -2.312662e-06  +1.308416e-06  +2.125029e-04  
-2.561361e-06  -4.919904e-07  +1.752230e-05  +9.241928e-05  -4.868250e-06  +1.439246e-06  -1.600635e-05  -3.059706e-06  +1.800009e-06  -6.339434e-05  -3.468008e-05  -1.850059e-06  +2.557039e-06  -8.861780e-03  -2.319215e-06  -6.716406e-07  -5.026814e-03  +3.027233e-06  +6.217844e-07  +3.278687e-03  +5.441281e-06  +1.108368e-07  -5.042128e-03  
+4.193170e-06  -3.898169e-06  +4.895653e-05  -4.868250e-06  +4.377230e-04  -9.726698e-06  +9.050805e-05  +5.933628e-05  -4.173230e-06  +2.266572e-04  -5.572760e-04  +6.266358e-06  -1.116136e-05  +1.561296e-03  +5.953433e-06  +1.492324e-05  +5.645524e-02  -3.446640e-06  -2.408306e-06  +4.648641e-02  -3.253409e-05  +5.140146e-06  +1.667369e-02  
+2.542138e-07  -1.110514e-07  -7.927179e-07  +1.439246e-06  -9.726698e-06  +5.971653e-07  -1.698729e-06  -1.860203e-06  +1.015461e-07  -6.078746e-06  +1.168700e-05  -1.875200e-07  +3.517750e-07  -1.030924e-04  -1.858178e-07  -3.499159e-07  -1.244374e-03  +1.036334e-07  +6.147849e-08  -1.087221e-03  +1.028041e-06  -1.057849e-07  -3.031849e-04  
+1.163287e-06  -1.802580e-06  +6.410337e-06  -1.600635e-05  +9.050805e-05  -1.698729e-06  +4.662030e-05  +2.887985e-05  -2.558139e-06  +9.119499e-05  -1.199819e-04  +7.785348e-07  -5.953845e-06  +2.122361e-03  +4.014154e-06  +4.623578e-06  +1.541547e-02  -2.290241e-07  -5.317378e-07  +9.103453e-03  -1.079414e-05  +1.227708e-06  +7.935648e-03  
-1.968708e-06  -6.752364e-07  +1.003901e-05  -3.059706e-06  +5.933628e-05  -1.860203e-06  +2.887985e-05  +5.631488e-05  -1.721852e-06  +5.865049e-05  -5.298364e-05  +1.163936e-06  -5.180657e-06  +7.489266e-04  +3.621547e-06  +3.047868e-06  +9.181325e-03  -2.475231e-07  -2.913336e-07  +8.870897e-03  -1.055452e-05  +1.949791e-06  +5.343639e-03  
-3.095999e-08  +1.624844e-07  -9.507832e-08  +1.800009e-06  -4.173230e-06  +1.015461e-07  -2.558139e-06  -1.721852e-06  +1.943775e-07  -5.855062e-06  +4.615290e-06  -5.161029e-08  +3.523260e-07  -1.848263e-04  -2.548663e-07  -2.375835e-07  -7.610197e-04  +5.418234e-08  +2.578435e-08  -3.616088e-04  +6.476176e-07  -5.751513e-08  -5.014094e-04  
+3.209500e-06  -4.600638e-06  +1.387849e-05  -6.339434e-05  +2.266572e-04  -6.078746e-06  +9.119499e-05  +5.865049e-05  -5.855062e-06  +2.420054e-04  -2.666777e-04  +3.278019e-06  -1.299303e-05  +5.460166e-03  +8.744629e-06  +1.071090e-05  +3.528989e-02  -3.623270e-06  -1.727961e-06  +2.038524e-02  -2.674854e-05  +2.437408e-06  +1.817338e-02  
-1.031580e-05  +6.717736e-06  -8.207835e-05  -3.468008e-05  -5.572760e-04  +1.168700e-05  -1.199819e-04  -5.298364e-05  +4.615290e-06  -2.666777e-04  +8.550194e-04  -5.290479e-06  +1.313315e-05  +5.099931e-03  -8.580645e-06  -2.018668e-05  -7.591665e-02  +2.764685e-06  +3.979123e-06  -6.225256e-02  +3.259417e-05  -5.069574e-06  -1.748575e-02  
+1.796402e-07  +9.950957e-08  +4.385855e-07  -1.850059e-06  +6.266358e-06  -1.875200e-07  +7.785348e-07  +1.163936e-06  -5.161029e-08  +3.278019e-06  -5.290479e-06  +5.220758e-07  -1.345129e-07  +3.355003e-04  +8.968133e-08  +7.562824e-08  +8.086613e-04  -1.930540e-07  -1.758542e-08  +7.412320e-04  -5.060168e-07  +1.075453e-07  +4.425000e-04  
+2.900298e-08  +1.287252e-07  -2.201446e-06  +2.557039e-06  -1.116136e-05  +3.517750e-07  -5.953845e-06  -5.180657e-06  +3.523260e-07  -1.299303e-05  +1.313315e-05  -1.345129e-07  +1.264767e-06  +5.070054e-06  -6.107907e-07  -6.399069e-07  -1.913683e-03  +1.393343e-07  +1.298675e-07  -1.492062e-03  +1.806980e-06  -2.286866e-07  -9.054683e-04  
+6.993466e-05  +1.948974e-04  -5.818356e-03  -8.861780e-03  +1.561296e-03  -1.030924e-04  +2.122361e-03  +7.489266e-04  -1.848263e-04  +5.460166e-03  +5.099931e-03  +3.355003e-04  +5.070054e-06  +2.153366e+00  +1.259881e-04  +6.172905e-05  +6.840778e-01  -7.885356e-05  +1.703230e-04  -8.193555e-01  -6.539597e-04  -1.139589e-04  +7.643951e-01  
+5.870629e-08  -2.012368e-07  +8.257455e-07  -2.319215e-06  +5.953433e-06  -1.858178e-07  +4.014154e-06  +3.621547e-06  -2.548663e-07  +8.744629e-06  -8.580645e-06  +8.968133e-08  -6.107907e-07  +1.259881e-04  +6.983029e-07  +3.261391e-07  +1.185650e-03  -5.535580e-08  -1.017658e-07  +7.400590e-04  -8.490403e-07  +8.668977e-08  +7.304681e-04  
+2.543034e-07  -2.585289e-07  +1.476858e-06  -6.716406e-07  +1.492324e-05  -3.499159e-07  +4.623578e-06  +3.047868e-06  -2.375835e-07  +1.071090e-05  -2.018668e-05  +7.562824e-08  -6.399069e-07  +6.172905e-05  +3.261391e-07  +9.206630e-07  +2.151695e-03  -1.045015e-07  -1.185089e-07  +1.482656e-03  -1.536225e-06  +2.171320e-07  +6.029991e-04  
+6.311528e-04  -7.337876e-04  +6.023336e-03  -5.026814e-03  +5.645524e-02  -1.244374e-03  +1.541547e-02  +9.181325e-03  -7.610197e-04  +3.528989e-02  -7.591665e-02  +8.086613e-04  -1.913683e-03  +6.840778e-01  +1.185650e-03  +2.151695e-03  +8.548178e+00  -4.473281e-04  -3.940866e-04  +5.809193e+00  -4.599912e-03  +6.720862e-04  +2.537526e+00  
-4.492790e-07  +7.503633e-08  -1.033862e-06  +3.027233e-06  -3.446640e-06  +1.036334e-07  -2.290241e-07  -2.475231e-07  +5.418234e-08  -3.623270e-06  +2.764685e-06  -1.930540e-07  +1.393343e-07  -7.885356e-05  -5.535580e-08  -1.045015e-07  -4.473281e-04  +4.402303e-07  +1.180106e-07  -4.047287e-04  +2.934869e-07  -4.522511e-08  -2.473561e-04  
-1.666261e-07  +1.008141e-07  -1.247647e-06  +6.217844e-07  -2.408306e-06  +6.147849e-08  -5.317378e-07  -2.913336e-07  +2.578435e-08  -1.727961e-06  +3.979123e-06  -1.758542e-08  +1.298675e-07  +1.703230e-04  -1.017658e-07  -1.185089e-07  -3.940866e-04  +1.180106e-07  +1.610787e-07  -4.216379e-04  +2.013025e-07  -5.552607e-08  -6.111593e-05  
+5.057830e-04  -3.765709e-04  +9.929009e-03  +3.278687e-03  +4.648641e-02  -1.087221e-03  +9.103453e-03  +8.870897e-03  -3.616088e-04  +2.038524e-02  -6.225256e-02  +7.412320e-04  -1.492062e-03  -8.193555e-01  +7.400590e-04  +1.482656e-03  +5.809193e+00  -4.047287e-04  -4.216379e-04  +6.559577e+00  -3.548131e-03  +7.758175e-04  +1.662092e+00  
+5.679971e-07  +2.284366e-07  -2.312662e-06  +5.441281e-06  -3.253409e-05  +1.028041e-06  -1.079414e-05  -1.055452e-05  +6.476176e-07  -2.674854e-05  +3.259417e-05  -5.060168e-07  +1.806980e-06  -6.539597e-04  -8.490403e-07  -1.536225e-06  -4.599912e-03  +2.934869e-07  +2.013025e-07  -3.548131e-03  +4.779524e-06  -6.532947e-07  -1.964731e-03  
-5.389777e-08  -1.253829e-07  +1.308416e-06  +1.108368e-07  +5.140146e-06  -1.057849e-07  +1.227708e-06  +1.949791e-06  -5.751513e-08  +2.437408e-06  -5.069574e-06  +1.075453e-07  -2.286866e-07  -1.139589e-04  +8.668977e-08  +2.171320e-07  +6.720862e-04  -4.522511e-08  -5.552607e-08  +7.758175e-04  -6.532947e-07  +3.391105e-07  +1.371184e-04  
+7.165461e-04  -4.812583e-04  +2.125029e-04  -5.042128e-03  +1.667369e-02  -3.031849e-04  +7.935648e-03  +5.343639e-03  -5.014094e-04  +1.817338e-02  -1.748575e-02  +4.425000e-04  -9.054683e-04  +7.643951e-01  +7.304681e-04  +6.029991e-04  +2.537526e+00  -2.473561e-04  -6.111593e-05  +1.662092e+00  -1.964731e-03  +1.371184e-04  +2.462097e+00  
