mean:
+3.961080e+00  +3.953333e+00  +8.624522e-01  +1.282452e+00  +1.430369e+00  +5.089092e-01  +8.061971e-01  +1.411527e+00  +1.734704e-01  +1.868564e+00  +6.017428e+00  +3.527955e+00  +2.673718e+00  +1.986493e+02  +4.327410e+00  +5.293146e+00  +2.776713e+02  +5.414231e+00  +3.801683e+00  +3.163237e+02  +2.640105e+00  +4.559548e+00  +3.903558e+02  
covariance:
+8.537189e-07  +2.404616e-08  -2.433864e-07  +2.732543e-07  -3.220716e-07  -6.894133e-08  +9.622913e-08  -2.461654e-07  +1.693101e-07  -1.393425e-06  +5.141580e-08  +4.272500e-08  -4.217207e-08  +1.280597e-04  +3.117493e-08  +1.026483e-07  -1.243383e-04  +6.948662e-08  +2.256026e-08  +8.534528e-05  -3.037448e-08  +2.222173e-08  -2.032272e-05  
+2.404616e-08  +1.345086e-06  +4.406128e-07  -1.897140e-06  +7.844922e-07  +3.550633e-07  +1.179012e-07  +2.118340e-07  -3.890268e-07  +3.334475e-06  +2.544302e-07  -8.052679e-08  +2.732873e-08  -1.121039e-04  -6.666351e-08  +1.593154e-08  +7.819352e-05  +5.082712e-08  +6.633619e-08  -1.919136e-04  +2.606995e-08  +3.347372e-08  +1.373540e-04  
-2.433864e-07  +4.406128e-07  +7.981529e-05  -6.693066e-06  +2.764559e-05  +1.629047e-05  +3.824080e-05  +4.581135e-05  -3.439940e-05  +1.985504e-04  +1.567063e-04  -9.433399e-06  -4.397776e-06  -4.980132e-03  -3.397754e-06  -6.271371e-07  +1.980610e-02  +2.359831e-06  +3.383796e-06  -5.013294e-03  +1.848856e-06  +1.481806e-06  +6.063339e-03  
+2.732543e-07  -1.897140e-06  -6.693066e-06  +3.196654e-04  -1.598703e-05  -1.710184e-05  +3.194600e-05  -1.329635e-05  +2.115173e-05  -2.060961e-04  +6.630525e-06  -1.660968e-06  +3.561568e-06  +1.046794e-02  +4.597613e-06  +5.661966e-06  +6.535471e-03  +4.369706e-06  -2.471096e-06  +2.183145e-02  -3.543639e-06  -1.480816e-06  -8.639264e-03  
-3.220716e-07  +7.844922e-07  +2.764559e-05  -1.598703e-05  +1.025702e-04  +1.325961e-05  +3.144058e-05  +5.781212e-05  -2.371959e-05  +1.551811e-04  -4.112473e-06  -2.409120e-05  +7.222307e-07  -1.133105e-02  -4.048731e-06  -3.810934e-06  +5.768067e-03  +1.759461e-06  +2.877321e-06  -1.070430e-02  +3.610493e-06  +9.769850e-07  +2.886574e-03  
-6.894133e-08  +3.550633e-07  +1.629047e-05  -1.710184e-05  +1.325961e-05  +9.875921e-06  +8.735980e-06  +8.142682e-06  -1.294902e-05  +8.476660e-05  +3.974523e-05  -4.063087e-06  -7.366966e-07  -3.947471e-03  -2.043061e-06  -2.926722e-07  +3.023370e-03  +1.413179e-06  +1.445407e-06  -5.005583e-03  +1.430818e-06  +7.386767e-07  +3.804358e-03  
+9.622913e-08  +1.179012e-07  +3.824080e-05  +3.194600e-05  +3.144058e-05  +8.735980e-06  +3.715774e-05  +3.221527e-05  -1.905927e-05  +9.554382e-05  +6.737412e-05  -1.148057e-05  -1.107021e-06  -2.301203e-03  -1.633140e-06  -1.901718e-07  +1.072807e-02  +3.259815e-06  +2.791730e-06  -2.300401e-04  +1.976867e-06  +1.405701e-06  +3.227427e-03  
-2.461654e-07  +2.118340e-07  +4.581135e-05  -1.329635e-05  +5.781212e-05  +8.142682e-06  +3.221527e-05  +1.269435e-04  -2.110842e-05  +1.248709e-04  +4.512845e-05  -1.625859e-05  -8.871272e-08  -3.941374e-03  -2.094814e-06  -4.592352e-07  +7.677096e-03  +1.147974e-06  +7.505913e-07  -5.264048e-03  +1.397905e-06  +6.185796e-08  +2.939493e-03  
+1.693101e-07  -3.890268e-07  -3.439940e-05  +2.115173e-05  -2.371959e-05  -1.294902e-05  -1.905927e-05  -2.110842e-05  +2.263061e-05  -1.401718e-04  -7.095274e-05  +7.120724e-06  +1.215094e-06  +6.261242e-03  +2.964501e-06  +6.962087e-07  -8.135434e-03  -2.178830e-06  -2.216158e-06  +5.953495e-03  -2.203974e-06  -8.567546e-07  -4.431348e-03  
-1.393425e-06  +3.334475e-06  +1.985504e-04  -2.060961e-04  +1.551811e-04  +8.476660e-05  +9.554382e-05  +1.248709e-04  -1.401718e-04  +9.260521e-04  +3.902258e-04  -4.245066e-05  -6.144554e-06  -4.661643e-02  -2.064875e-05  -5.907002e-06  +4.447171e-02  +1.163384e-05  +1.296631e-05  -4.495814e-02  +1.467528e-05  +3.995118e-06  +2.695278e-02  
+5.141580e-08  +2.544302e-07  +1.567063e-04  +6.630525e-06  -4.112473e-06  +3.974523e-05  +6.737412e-05  +4.512845e-05  -7.095274e-05  +3.902258e-04  +4.747202e-04  -2.664161e-06  -1.105779e-05  -3.394145e-03  -6.172580e-06  +4.091454e-06  +4.033521e-02  +8.813919e-06  +6.994714e-06  -8.982168e-03  +2.185721e-06  +4.909939e-06  +2.134904e-02  
+4.272500e-08  -8.052679e-08  -9.433399e-06  -1.660968e-06  -2.409120e-05  -4.063087e-06  -1.148057e-05  -1.625859e-05  +7.120724e-06  -4.245066e-05  -2.664161e-06  +8.741642e-06  -1.400538e-07  +2.649277e-03  +1.128240e-06  +9.514862e-07  -2.261800e-03  -1.126471e-06  -1.284516e-06  +2.630430e-03  -1.031964e-06  -4.577395e-07  -7.890454e-04  
-4.217207e-08  +2.732873e-08  -4.397776e-06  +3.561568e-06  +7.222307e-07  -7.366966e-07  -1.107021e-06  -8.871272e-08  +1.215094e-06  -6.144554e-06  -1.105779e-05  -1.400538e-07  +1.351528e-06  -4.218700e-04  -2.999074e-09  +4.153287e-08  -1.053166e-03  +1.058362e-07  -2.498338e-07  +1.491729e-04  +8.340267e-08  -2.546157e-07  -6.735946e-04  
+1.280597e-04  -1.121039e-04  -4.980132e-03  +1.046794e-02  -1.133105e-02  -3.947471e-03  -2.301203e-03  -3.941374e-03  +6.261242e-03  -4.661643e-02  -3.394145e-03  +2.649277e-03  -4.218700e-04  +4.399962e+00  +1.256753e-03  +7.196165e-04  -1.079072e+00  -3.515495e-04  -3.029088e-04  +2.923821e+00  -9.173025e-04  +2.317474e-04  -2.084067e-01  
+3.117493e-08  -6.666351e-08  -3.397754e-06  +4.597613e-06  -4.048731e-06  -2.043061e-06  -1.633140e-06  -2.094814e-06  +2.964501e-06  -2.064875e-05  -6.172580e-06  +1.128240e-06  -2.999074e-09  +1.256753e-03  +8.578204e-07  +2.583205e-07  -7.159759e-04  -3.004100e-07  -3.509314e-07  +1.190469e-03  -3.850014e-07  -9.950238e-09  -5.278014e-04  
+1.026483e-07  +1.593154e-08  -6.271371e-07  +5.661966e-06  -3.810934e-06  -2.926722e-07  -1.901718e-07  -4.592352e-07  +6.962087e-07  -5.907002e-06  +4.091454e-06  +9.514862e-07  +4.153287e-08  +7.196165e-04  +2.583205e-07  +1.213344e-06  -2.952579e-04  +3.345930e-07  -3.169515e-07  +7.539746e-04  -2.703873e-07  -2.391434e-07  -2.553925e-04  
-1.243383e-04  +7.819352e-05  +1.980610e-02  +6.535471e-03  +5.768067e-03  +3.023370e-03  +1.072807e-02  +7.677096e-03  -8.135434e-03  +4.447171e-02  +4.033521e-02  -2.261800e-03  -1.053166e-03  -1.079072e+00  -7.159759e-04  -2.952579e-04  +6.549328e+00  +5.086497e-04  +8.640620e-04  -9.388835e-02  +3.654977e-04  +4.424286e-04  +1.194389e+00  
+6.948662e-08  +5.082712e-08  +2.359831e-06  +4.369706e-06  +1.759461e-06  +1.413179e-06  +3.259815e-06  +1.147974e-06  -2.178830e-06  +1.163384e-05  +8.813919e-06  -1.126471e-06  +1.058362e-07  -3.515495e-04  -3.004100e-07  +3.345930e-07  +5.086497e-04  +1.285960e-06  +2.717686e-07  -1.460357e-04  +3.138294e-07  +1.466918e-07  +4.263057e-04  
+2.256026e-08  +6.633619e-08  +3.383796e-06  -2.471096e-06  +2.877321e-06  +1.445407e-06  +2.791730e-06  +7.505913e-07  -2.216158e-06  +1.296631e-05  +6.994714e-06  -1.284516e-06  -2.498338e-07  -3.029088e-04  -3.509314e-07  -3.169515e-07  +8.640620e-04  +2.717686e-07  +8.654943e-07  -6.399509e-04  +2.359389e-07  +2.589506e-07  +6.473339e-04  
+8.534528e-05  -1.919136e-04  -5.013294e-03  +2.183145e-02  -1.070430e-02  -5.005583e-03  -2.300401e-04  -5.264048e-03  +5.953495e-03  -4.495814e-02  -8.982168e-03  +2.630430e-03  +1.491729e-04  +2.923821e+00  +1.190469e-03  +7.539746e-04  -9.388835e-02  -1.460357e-04  -6.399509e-04  +4.894191e+00  -4.936492e-04  -3.421089e-04  -1.711543e+00  
-3.037448e-08  +2.606995e-08  +1.848856e-06  -3.543639e-06  +3.610493e-06  +1.430818e-06  +1.976867e-06  +1.397905e-06  -2.203974e-06  +1.467528e-05  +2.185721e-06  -1.031964e-06  +8.340267e-08  -9.173025e-04  -3.850014e-07  -2.703873e-07  +3.654977e-04  +3.138294e-07  +2.359389e-07  -4.936492e-04  +7.733976e-07  +1.016565e-07  +5.064898e-04  
+2.222173e-08  +3.347372e-08  +1.481806e-06  -1.480816e-06  +9.769850e-07  +7.386767e-07  +1.405701e-06  +6.185796e-08  -8.567546e-07  +3.995118e-06  +4.909939e-06  -4.577395e-07  -2.546157e-07  +2.317474e-04  -9.950238e-09  -2.391434e-07  +4.424286e-04  +1.466918e-07  +2.589506e-07  -3.421089e-04  +1.016565e-07  +6.168850e-07  +7.980514e-04  
-2.032272e-05  +1.373540e-04  +6.063339e-03  -8.639264e-03  +2.886574e-03  +3.804358e-03  +3.227427e-03  +2.939493e-03  -4.431348e-03  +2.695278e-02  +2.134904e-02  -7.890454e-04  -6.735946e-04  -2.084067e-01  -5.278014e-04  -2.553925e-04  +1.194389e+00  +4.263057e-04  +6.473339e-04  -1.711543e+00  +5.064898e-04  +7.980514e-04  +3.323752e+00  
