mean:
+3.946214e+00  +3.932151e+00  +8.305682e-01  +1.304228e+00  +1.431611e+00  +5.050841e-01  +7.942287e-01  +1.396573e+00  +1.779173e-01  +1.793869e+00  +5.939988e+00  +3.548065e+00  +2.643278e+00  +2.009131e+02  +4.278274e+00  +5.295326e+00  +2.750160e+02  +5.394621e+00  +3.766095e+00  +3.262052e+02  +2.639083e+00  +4.559626e+00  +3.919486e+02  
covariance:
+1.393697e-05  -8.140828e-06  +4.627189e-06  +5.380371e-07  +1.575506e-05  -1.293450e-05  +5.894569e-06  -1.162420e-05  +8.957374e-06  -4.138221e-05  +8.996021e-05  -1.239657e-07  +4.916070e-05  +4.940242e-04  +7.664807e-05  -7.230188e-07  -5.881796e-04  +2.367250e-05  +4.656346e-05  -4.925627e-04  -2.547474e-06  -2.747757e-06  -6.499239e-03  
-8.140828e-06  +7.651193e-06  -1.957810e-06  -3.866237e-06  -1.121841e-05  +7.935879e-06  -3.327781e-06  +4.855514e-06  -5.512092e-06  +2.863768e-05  -5.353004e-05  +5.076109e-07  -3.045142e-05  -1.887397e-04  -4.651591e-05  +8.977472e-07  +9.396185e-04  -1.482966e-05  -2.845999e-05  -4.385830e-04  +1.746408e-06  +1.543707e-06  +3.836315e-03  
+4.627189e-06  -1.957810e-06  +1.462596e-05  +1.018141e-05  +1.231644e-06  +1.401701e-06  +1.310773e-05  +3.539096e-05  +2.411028e-08  +9.789014e-07  -4.619445e-06  -2.908149e-06  +1.154401e-05  +2.377682e-04  +2.451437e-05  +7.840554e-07  +4.415306e-03  +6.243007e-06  +1.380312e-05  -5.421716e-03  -2.876635e-07  -1.928294e-06  +4.680959e-04  
+5.380371e-07  -3.866237e-06  +1.018141e-05  +2.159324e-04  +7.349336e-06  +3.436970e-05  +7.280223e-05  +1.450609e-04  -1.450193e-05  +5.170385e-05  -1.588608e-04  -1.090920e-05  -2.333731e-05  +5.588414e-03  -2.065276e-05  +7.410242e-06  +3.588030e-03  -7.597711e-06  -1.462711e-05  -1.804838e-02  +2.457049e-06  -1.518847e-06  +2.120204e-02  
+1.575506e-05  -1.121841e-05  +1.231644e-06  +7.349336e-06  +5.048438e-05  -1.402700e-05  +1.122680e-05  +9.243512e-06  +1.100963e-05  -5.701870e-05  +9.451087e-05  -1.609796e-06  +6.110516e-05  +1.917844e-03  +9.108641e-05  -1.358447e-06  -1.848398e-03  +3.010068e-05  +5.608944e-05  +9.259848e-04  -2.269414e-06  -3.205314e-06  -7.031974e-03  
-1.293450e-05  +7.935879e-06  +1.401701e-06  +3.436970e-05  -1.402700e-05  +2.397406e-05  +1.626979e-05  +5.174565e-05  -1.200377e-05  +5.221723e-05  -1.402176e-04  -2.479822e-06  -5.215536e-05  +1.701658e-03  -7.800901e-05  +2.422308e-06  +2.243643e-03  -2.366934e-05  -4.778468e-05  -4.990203e-03  +3.231460e-06  +1.712815e-06  +1.111161e-02  
+5.894569e-06  -3.327781e-06  +1.310773e-05  +7.280223e-05  +1.122680e-05  +1.626979e-05  +5.697119e-05  +9.117450e-05  -5.790055e-06  +9.520516e-06  -6.701384e-05  -4.551722e-06  +1.265349e-05  +4.826406e-03  +2.965799e-05  +4.247136e-06  +4.220179e-03  +9.041082e-06  +1.643669e-05  -1.171721e-02  -1.317891e-07  -3.649426e-06  +6.661133e-03  
-1.162420e-05  +4.855514e-06  +3.539096e-05  +1.450609e-04  +9.243512e-06  +5.174565e-05  +9.117450e-05  +3.775864e-04  -2.744840e-05  +1.232266e-04  -3.721034e-04  -2.106519e-05  -7.748707e-05  +5.303549e-03  -8.367736e-05  +6.898147e-06  +2.672281e-02  -3.061191e-05  -5.751666e-05  -2.650369e-02  +6.211273e-06  -4.940359e-06  +2.941727e-02  
+8.957374e-06  -5.512092e-06  +2.411028e-08  -1.450193e-05  +1.100963e-05  -1.200377e-05  -5.790055e-06  -2.744840e-05  +9.721777e-06  -4.183682e-05  +7.821876e-05  +7.761631e-07  +3.511159e-05  -5.122239e-04  +5.139160e-05  -2.006404e-06  -2.593041e-03  +1.683922e-05  +3.203126e-05  +3.133023e-03  -2.017173e-06  -1.127991e-06  -6.463310e-03  
-4.138221e-05  +2.863768e-05  +9.789014e-07  +5.170385e-05  -5.701870e-05  +5.221723e-05  +9.520516e-06  +1.232266e-04  -4.183682e-05  +2.213979e-04  -3.797896e-04  -3.353641e-06  -1.701588e-04  +1.597987e-03  -2.491931e-04  +9.531037e-06  +1.537990e-02  -8.360224e-05  -1.554422e-04  -1.610172e-02  +1.042319e-05  +5.869650e-06  +3.003052e-02  
+8.996021e-05  -5.353004e-05  -4.619445e-06  -1.588608e-04  +9.451087e-05  -1.402176e-04  -6.701384e-05  -3.721034e-04  +7.821876e-05  -3.797896e-04  +1.008527e-03  +1.497963e-05  +3.557730e-04  -8.405906e-03  +5.302576e-04  -1.124498e-05  -2.229890e-02  +1.656696e-04  +3.255927e-04  +2.901540e-02  -2.129405e-05  -1.180018e-05  -6.977113e-02  
-1.239657e-07  +5.076109e-07  -2.908149e-06  -1.090920e-05  -1.609796e-06  -2.479822e-06  -4.551722e-06  -2.106519e-05  +7.761631e-07  -3.353641e-06  +1.497963e-05  +2.193942e-06  +2.844685e-06  -5.262878e-05  +2.135876e-06  -1.820573e-07  -1.562913e-03  +9.053422e-07  +1.520742e-06  +1.614328e-03  -3.808536e-07  +3.795498e-07  -1.540551e-03  
+4.916070e-05  -3.045142e-05  +1.154401e-05  -2.333731e-05  +6.110516e-05  -5.215536e-05  +1.265349e-05  -7.748707e-05  +3.511159e-05  -1.701588e-04  +3.557730e-04  +2.844685e-06  +1.958509e-04  +1.904305e-03  +2.936474e-04  -5.042318e-06  -7.653048e-03  +9.384196e-05  +1.787219e-04  +2.894955e-03  -1.156237e-05  -9.259938e-06  -2.738363e-02  
+4.940242e-04  -1.887397e-04  +2.377682e-04  +5.588414e-03  +1.917844e-03  +1.701658e-03  +4.826406e-03  +5.303549e-03  -5.122239e-04  +1.597987e-03  -8.405906e-03  -5.262878e-05  +1.904305e-03  +1.146563e+00  +2.804984e-03  +4.845408e-04  -3.423406e-03  +1.111830e-03  +1.783238e-03  -9.743609e-01  +1.686918e-04  -3.360738e-04  +5.339771e-01  
+7.664807e-05  -4.651591e-05  +2.451437e-05  -2.065276e-05  +9.108641e-05  -7.800901e-05  +2.965799e-05  -8.367736e-05  +5.139160e-05  -2.491931e-04  +5.302576e-04  +2.135876e-06  +2.936474e-04  +2.804984e-03  +4.525676e-04  -5.671439e-06  -6.148967e-03  +1.413098e-04  +2.746338e-04  -9.999489e-05  -1.638634e-05  -1.553481e-05  -4.023135e-02  
-7.230188e-07  +8.977472e-07  +7.840554e-07  +7.410242e-06  -1.358447e-06  +2.422308e-06  +4.247136e-06  +6.898147e-06  -2.006404e-06  +9.531037e-06  -1.124498e-05  -1.820573e-07  -5.042318e-06  +4.845408e-04  -5.671439e-06  +1.631228e-06  +1.058821e-03  -2.546207e-06  -3.598209e-06  -1.681022e-03  +6.253839e-07  +8.653928e-08  +1.422905e-03  
-5.881796e-04  +9.396185e-04  +4.415306e-03  +3.588030e-03  -1.848398e-03  +2.243643e-03  +4.220179e-03  +2.672281e-02  -2.593041e-03  +1.537990e-02  -2.229890e-02  -1.562913e-03  -7.653048e-03  -3.423406e-03  -6.148967e-03  +1.058821e-03  +4.684138e+00  -3.647574e-03  -4.406879e-03  -3.214773e+00  +1.032852e-03  -8.564165e-04  +1.385015e+00  
+2.367250e-05  -1.482966e-05  +6.243007e-06  -7.597711e-06  +3.010068e-05  -2.366934e-05  +9.041082e-06  -3.061191e-05  +1.683922e-05  -8.360224e-05  +1.656696e-04  +9.053422e-07  +9.384196e-05  +1.111830e-03  +1.413098e-04  -2.546207e-06  -3.647574e-03  +4.573593e-05  +8.600482e-05  +1.092809e-03  -5.463820e-06  -4.567214e-06  -1.263558e-02  
+4.656346e-05  -2.845999e-05  +1.380312e-05  -1.462711e-05  +5.608944e-05  -4.778468e-05  +1.643669e-05  -5.751666e-05  +3.203126e-05  -1.554422e-04  +3.255927e-04  +1.520742e-06  +1.787219e-04  +1.783238e-03  +2.746338e-04  -3.598209e-06  -4.406879e-03  +8.600482e-05  +1.677626e-04  +5.590124e-04  -9.739490e-06  -9.195835e-06  -2.494908e-02  
-4.925627e-04  -4.385830e-04  -5.421716e-03  -1.804838e-02  +9.259848e-04  -4.990203e-03  -1.171721e-02  -2.650369e-02  +3.133023e-03  -1.610172e-02  +2.901540e-02  +1.614328e-03  +2.894955e-03  -9.743609e-01  -9.999489e-05  -1.681022e-03  -3.214773e+00  +1.092809e-03  +5.590124e-04  +5.435726e+00  -5.678531e-04  +9.658119e-04  -2.638206e+00  
-2.547474e-06  +1.746408e-06  -2.876635e-07  +2.457049e-06  -2.269414e-06  +3.231460e-06  -1.317891e-07  +6.211273e-06  -2.017173e-06  +1.042319e-05  -2.129405e-05  -3.808536e-07  -1.156237e-05  +1.686918e-04  -1.638634e-05  +6.253839e-07  +1.032852e-03  -5.463820e-06  -9.739490e-06  -5.678531e-04  +1.388960e-06  +4.176296e-07  +1.660810e-03  
-2.747757e-06  +1.543707e-06  -1.928294e-06  -1.518847e-06  -3.205314e-06  +1.712815e-06  -3.649426e-06  -4.940359e-06  -1.127991e-06  +5.869650e-06  -1.180018e-05  +3.795498e-07  -9.259938e-06  -3.360738e-04  -1.553481e-05  +8.653928e-08  -8.564165e-04  -4.567214e-06  -9.195835e-06  +9.658119e-04  +4.176296e-07  +1.190119e-06  +1.054781e-03  
-6.499239e-03  +3.836315e-03  +4.680959e-04  +2.120204e-02  -7.031974e-03  +1.111161e-02  +6.661133e-03  +2.941727e-02  -6.463310e-03  +3.003052e-02  -6.977113e-02  -1.540551e-03  -2.738363e-02  +5.339771e-01  -4.023135e-02  +1.422905e-03  +1.385015e+00  -1.263558e-02  -2.494908e-02  -2.638206e+00  +1.660810e-03  +1.054781e-03  +6.704541e+00  
