mean:
+3.940754e+00  +3.933446e+00  +8.085688e-01  +1.200028e+00  +1.431380e+00  +5.024662e-01  +8.033110e-01  +1.356105e+00  +1.682615e-01  +1.836516e+00  +5.988917e+00  +3.545770e+00  +2.642645e+00  +2.036278e+02  +4.276924e+00  +5.295989e+00  +2.744863e+02  +5.396345e+00  +3.767256e+00  +3.291232e+02  +2.641060e+00  +4.559066e+00  +3.897244e+02  
covariance:
+1.233527e-04  +9.635787e-06  -8.392867e-05  -2.098903e-04  +1.265708e-05  +1.789267e-06  -6.047149e-06  -9.835397e-05  +8.749204e-06  +1.788336e-04  +1.145633e-05  +6.956127e-06  -8.146859e-05  -3.429021e-04  -1.268694e-04  +4.421440e-06  -2.717179e-03  -4.170019e-05  -7.544255e-05  +1.931741e-02  -3.954964e-06  -4.261633e-07  +2.320712e-03  
+9.635787e-06  +5.962776e-06  -5.885202e-06  -6.394117e-06  +8.340589e-07  +1.026404e-07  +5.162327e-07  -6.320947e-06  +1.613170e-06  +7.152142e-06  -2.907676e-06  +5.051436e-07  -4.021219e-06  +2.903547e-04  -5.999127e-06  +5.788933e-07  -3.496047e-04  -1.259543e-06  -3.525631e-06  +1.130440e-03  +1.428998e-08  -6.087431e-07  -4.633000e-04  
-8.392867e-05  -5.885202e-06  +8.545470e-05  +2.439409e-04  -1.692244e-05  -3.765249e-06  -7.864924e-07  +5.317179e-05  +8.241590e-06  -2.191244e-04  -4.870402e-06  -8.381918e-06  +9.608015e-05  +6.684439e-05  +1.515824e-04  -2.639686e-06  +2.342734e-04  +5.241067e-05  +8.964047e-05  -1.925144e-02  +6.108842e-06  -1.023602e-06  -8.291139e-03  
-2.098903e-04  -6.394117e-06  +2.439409e-04  +1.081709e-03  -1.513077e-04  -1.523894e-05  -2.270705e-05  +1.999229e-04  +2.906580e-05  -5.442368e-04  -1.868956e-04  -1.967036e-05  +2.705044e-04  -9.886906e-03  +4.358026e-04  +1.648810e-06  -1.561034e-02  +1.617943e-04  +2.423874e-04  -4.688461e-02  +1.547826e-05  -9.297810e-06  -1.849733e-03  
+1.265708e-05  +8.340589e-07  -1.692244e-05  -1.513077e-04  +9.722325e-05  +5.181948e-06  +1.245502e-05  -9.852239e-05  +8.055357e-06  -6.811303e-05  +6.462165e-05  -7.366376e-06  +1.783662e-05  +8.318677e-03  +8.583706e-06  +6.946391e-07  +7.671916e-04  +6.038708e-06  +1.316393e-05  +3.045756e-03  +5.122803e-06  +3.605459e-07  -1.904462e-02  
+1.789267e-06  +1.026404e-07  -3.765249e-06  -1.523894e-05  +5.181948e-06  +1.484198e-06  +1.472930e-06  -8.937208e-06  -6.605198e-07  +6.009137e-06  +6.662829e-06  +4.093569e-08  -2.622423e-06  +7.134989e-04  -5.212687e-06  +3.662570e-07  +3.346328e-04  -1.636228e-06  -2.694893e-06  +4.955629e-04  +1.743247e-07  +2.458515e-07  -1.269856e-04  
-6.047149e-06  +5.162327e-07  -7.864924e-07  -2.270705e-05  +1.245502e-05  +1.472930e-06  +1.878807e-05  +1.612344e-05  -4.309942e-06  -5.330208e-07  +9.718088e-06  +4.674180e-07  -4.148728e-06  +2.076696e-03  -7.104615e-06  -5.085216e-07  +2.438537e-03  -1.492943e-06  -4.951149e-06  +2.345525e-04  -3.144333e-07  -1.804819e-07  -2.165516e-03  
-9.835397e-05  -6.320947e-06  +5.317179e-05  +1.999229e-04  -9.852239e-05  -8.937208e-06  +1.612344e-05  +4.400662e-04  -4.867858e-05  +1.900286e-04  -6.934661e-05  +2.205150e-05  -5.762325e-05  -8.008616e-03  -3.794660e-05  -8.038967e-06  +1.870882e-02  -3.264880e-05  -3.610949e-05  -1.525894e-02  -1.508148e-05  +2.287919e-06  +4.790122e-02  
+8.749204e-06  +1.613170e-06  +8.241590e-06  +2.906580e-05  +8.055357e-06  -6.605198e-07  -4.309942e-06  -4.867858e-05  +1.471663e-05  -8.142654e-05  +7.974649e-06  -4.810875e-06  +3.102357e-05  +9.612339e-04  +4.214660e-05  +7.690373e-07  -3.179317e-03  +1.775000e-05  +2.693633e-05  -1.403118e-03  +3.693030e-06  -7.418665e-07  -9.799620e-03  
+1.788336e-04  +7.152142e-06  -2.191244e-04  -5.442368e-04  -6.811303e-05  +6.009137e-06  -5.330208e-07  +1.900286e-04  -8.142654e-05  +9.905358e-04  -9.521668e-05  +5.180276e-05  -3.980362e-04  -1.186817e-02  -5.648629e-04  +5.649880e-06  +1.455662e-02  -2.172987e-04  -3.529580e-04  +4.749969e-02  -3.670813e-05  +4.016384e-06  +8.706863e-02  
+1.145633e-05  -2.907676e-06  -4.870402e-06  -1.868956e-04  +6.462165e-05  +6.662829e-06  +9.718088e-06  -6.934661e-05  +7.974649e-06  -9.521668e-05  +2.716973e-04  +1.623733e-06  +3.230899e-05  +1.112999e-02  +4.666611e-05  -5.132596e-06  +1.630360e-02  +1.148778e-05  +4.089456e-05  -1.037382e-02  +6.129947e-06  +6.645054e-06  -1.257310e-02  
+6.956127e-06  +5.051436e-07  -8.381918e-06  -1.967036e-05  -7.366376e-06  +4.093569e-08  +4.674180e-07  +2.205150e-05  -4.810875e-06  +5.180276e-05  +1.623733e-06  +4.272605e-06  -2.080617e-05  -5.410433e-04  -2.605784e-05  +1.103407e-07  +2.267004e-03  -1.130661e-05  -1.670058e-05  +7.505961e-04  -2.182607e-06  +3.127365e-07  +6.080654e-03  
-8.146859e-05  -4.021219e-06  +9.608015e-05  +2.705044e-04  +1.783662e-05  -2.622423e-06  -4.148728e-06  -5.762325e-05  +3.102357e-05  -3.980362e-04  +3.230899e-05  -2.080617e-05  +1.695051e-04  +3.971571e-03  +2.404870e-04  -2.320389e-06  -6.812371e-03  +9.204594e-05  +1.497195e-04  -2.041271e-02  +1.513401e-05  -1.297325e-06  -3.160781e-02  
-3.429021e-04  +2.903547e-04  +6.684439e-05  -9.886906e-03  +8.318677e-03  +7.134989e-04  +2.076696e-03  -8.008616e-03  +9.612339e-04  -1.186817e-02  +1.112999e-02  -5.410433e-04  +3.971571e-03  +1.659443e+00  +5.090856e-03  +4.594058e-05  +7.339061e-01  +1.785141e-03  +3.953031e-03  -6.566712e-01  +7.475996e-04  +2.101101e-05  -1.840499e+00  
-1.268694e-04  -5.999127e-06  +1.515824e-04  +4.358026e-04  +8.583706e-06  -5.212687e-06  -7.104615e-06  -3.794660e-05  +4.214660e-05  -5.648629e-04  +4.666611e-05  -2.605784e-05  +2.404870e-04  +5.090856e-03  +3.552061e-04  -3.712448e-06  -5.839194e-03  +1.312473e-04  +2.181981e-04  -3.466393e-02  +2.044429e-05  -2.318561e-06  -3.925437e-02  
+4.421440e-06  +5.788933e-07  -2.639686e-06  +1.648810e-06  +6.946391e-07  +3.662570e-07  -5.085216e-07  -8.038967e-06  +7.690373e-07  +5.649880e-06  -5.132596e-06  +1.103407e-07  -2.320389e-06  +4.594058e-05  -3.712448e-06  +1.094760e-06  -7.508291e-04  -7.659386e-07  -2.643280e-06  +8.980550e-04  -6.435705e-08  -2.882118e-07  +1.954503e-04  
-2.717179e-03  -3.496047e-04  +2.342734e-04  -1.561034e-02  +7.671916e-04  +3.346328e-04  +2.438537e-03  +1.870882e-02  -3.179317e-03  +1.455662e-02  +1.630360e-02  +2.267004e-03  -6.812371e-03  +7.339061e-01  -5.839194e-03  -7.508291e-04  +3.679344e+00  -4.407697e-03  -3.482908e-03  -1.817546e+00  -8.663477e-04  +5.695488e-04  +2.663295e+00  
-4.170019e-05  -1.259543e-06  +5.241067e-05  +1.617943e-04  +6.038708e-06  -1.636228e-06  -1.492943e-06  -3.264880e-05  +1.775000e-05  -2.172987e-04  +1.148778e-05  -1.130661e-05  +9.204594e-05  +1.785141e-03  +1.312473e-04  -7.659386e-07  -4.407697e-03  +5.158630e-05  +8.083079e-05  -1.061517e-02  +8.253683e-06  -9.654172e-07  -1.728272e-02  
-7.544255e-05  -3.525631e-06  +8.964047e-05  +2.423874e-04  +1.316393e-05  -2.694893e-06  -4.951149e-06  -3.610949e-05  +2.693633e-05  -3.529580e-04  +4.089456e-05  -1.670058e-05  +1.497195e-04  +3.953031e-03  +2.181981e-04  -2.643280e-06  -3.482908e-03  +8.083079e-05  +1.362580e-04  -2.101598e-02  +1.317629e-05  -7.766879e-07  -2.598234e-02  
+1.931741e-02  +1.130440e-03  -1.925144e-02  -4.688461e-02  +3.045756e-03  +4.955629e-04  +2.345525e-04  -1.525894e-02  -1.403118e-03  +4.749969e-02  -1.037382e-02  +7.505961e-04  -2.041271e-02  -6.566712e-01  -3.466393e-02  +8.980550e-04  -1.817546e+00  -1.061517e-02  -2.101598e-02  +6.048015e+00  -1.337786e-03  +1.829441e-05  +9.568285e-01  
-3.954964e-06  +1.428998e-08  +6.108842e-06  +1.547826e-05  +5.122803e-06  +1.743247e-07  -3.144333e-07  -1.508148e-05  +3.693030e-06  -3.670813e-05  +6.129947e-06  -2.182607e-06  +1.513401e-05  +7.475996e-04  +2.044429e-05  -6.435705e-08  -8.663477e-04  +8.253683e-06  +1.317629e-05  -1.337786e-03  +2.060199e-06  -9.281635e-08  -3.844552e-03  
-4.261633e-07  -6.087431e-07  -1.023602e-06  -9.297810e-06  +3.605459e-07  +2.458515e-07  -1.804819e-07  +2.287919e-06  -7.418665e-07  +4.016384e-06  +6.645054e-06  +3.127365e-07  -1.297325e-06  +2.101101e-05  -2.318561e-06  -2.882118e-07  +5.695488e-04  -9.654172e-07  -7.766879e-07  +1.829441e-05  -9.281635e-08  +9.380998e-07  +5.966768e-04  
+2.320712e-03  -4.633000e-04  -8.291139e-03  -1.849733e-03  -1.904462e-02  -1.269856e-04  -2.165516e-03  +4.790122e-02  -9.799620e-03  +8.706863e-02  -1.257310e-02  +6.080654e-03  -3.160781e-02  -1.840499e+00  -3.925437e-02  +1.954503e-04  +2.663295e+00  -1.728272e-02  -2.598234e-02  +9.568285e-01  -3.844552e-03  +5.966768e-04  +1.254890e+01  
