mean:
+3.912091e+00  +3.897987e+00  +8.384556e-01  +1.310861e+00  +1.448966e+00  +6.042439e-01  +8.215363e-01  +1.403841e+00  +1.574406e-01  +1.882217e+00  +5.870990e+00  +3.484187e+00  +2.609991e+00  +1.995024e+02  +4.262331e+00  +5.274954e+00  +2.826049e+02  +5.350245e+00  +3.757695e+00  +3.273741e+02  +2.640389e+00  +4.559522e+00  +3.954069e+02  
covariance:
+3.855710e-06  -8.453030e-07  -3.691387e-06  +1.796562e-05  +1.262090e-07  +2.156670e-06  +3.308887e-06  -4.673752e-06  -1.626565e-06  +1.412771e-05  -4.490861e-05  -7.749291e-07  -7.747224e-09  -1.419505e-03  +1.567317e-07  +4.818158e-07  +1.951265e-03  +4.889922e-07  -5.082069e-08  +2.057945e-03  -3.980611e-08  +7.075087e-07  +3.278649e-03  
-8.453030e-07  +7.646916e-07  -2.475657e-07  +2.033582e-06  +4.178494e-07  +5.408223e-07  +6.876981e-07  -1.251805e-06  -6.833187e-07  +4.872731e-06  -7.622374e-06  -6.240853e-08  -1.218666e-07  -1.680599e-04  -2.445906e-08  +1.078900e-07  +6.022248e-04  -7.730375e-08  -8.434903e-08  +4.407069e-04  -6.673793e-09  +4.189010e-08  +7.465168e-04  
-3.691387e-06  -2.475657e-07  +1.543323e-05  -4.569212e-05  -2.447075e-06  -6.806289e-06  -1.361953e-05  +2.186913e-05  +5.042020e-06  -4.799724e-05  +1.257482e-04  +1.060523e-06  +8.279944e-07  +3.096963e-03  -7.243057e-07  -2.155950e-06  -4.599633e-03  -1.189771e-06  +8.558194e-07  -6.294571e-03  -3.058341e-07  -2.031417e-06  -1.166696e-02  
+1.796562e-05  +2.033582e-06  -4.569212e-05  +3.768316e-04  +6.491525e-06  +2.967932e-05  +3.980000e-05  -5.134666e-05  -1.950104e-05  +2.605228e-04  -8.721627e-04  -1.236148e-05  +1.450088e-06  -2.937691e-02  -2.824331e-06  +7.987001e-06  +3.966528e-02  -5.004942e-07  -1.316842e-06  +3.703554e-02  -4.217764e-06  +1.080549e-05  +5.345759e-02  
+1.262090e-07  +4.178494e-07  -2.447075e-06  +6.491525e-06  +1.527892e-05  +4.625160e-06  +4.236071e-06  -1.909918e-06  -1.650688e-06  +1.840278e-05  -4.166284e-05  -8.499268e-07  +5.400172e-07  -3.832078e-04  +3.287358e-07  +4.347035e-07  +3.074929e-03  +3.674726e-07  -2.798967e-07  +1.865111e-03  +1.031261e-07  +3.567439e-07  +3.243869e-03  
+2.156670e-06  +5.408223e-07  -6.806289e-06  +2.967932e-05  +4.625160e-06  +1.051561e-05  +1.139873e-05  -2.157374e-05  -6.046658e-06  +5.723313e-05  -1.067390e-04  -9.826156e-07  -1.148302e-06  -1.843782e-03  -3.239360e-07  +1.112288e-06  +7.311900e-03  +1.014031e-06  -9.518396e-07  +5.397597e-03  +2.778905e-07  +9.475468e-07  +8.879280e-03  
+3.308887e-06  +6.876981e-07  -1.361953e-05  +3.980000e-05  +4.236071e-06  +1.139873e-05  +2.195591e-05  -3.869632e-05  -8.928932e-06  +7.198146e-05  -1.222081e-04  -1.093657e-06  -1.852274e-06  -1.822767e-03  +1.591072e-06  +2.258172e-06  +7.369402e-03  +1.163891e-06  -7.798307e-07  +6.684941e-03  +7.659083e-07  +1.727471e-06  +1.404515e-02  
-4.673752e-06  -1.251805e-06  +2.186913e-05  -5.134666e-05  -1.909918e-06  -2.157374e-05  -3.869632e-05  +1.410616e-04  +1.657367e-05  -1.252233e-04  +1.724311e-04  -3.089926e-07  +5.674850e-06  -2.504203e-04  -1.764516e-06  -3.792784e-06  -7.392611e-03  -1.858193e-06  +1.919694e-06  -8.656579e-03  -1.450715e-06  -1.718816e-06  -2.214104e-02  
-1.626565e-06  -6.833187e-07  +5.042020e-06  -1.950104e-05  -1.650688e-06  -6.046658e-06  -8.928932e-06  +1.657367e-05  +5.917199e-06  -4.431338e-05  +5.830052e-05  +4.546067e-07  +1.368934e-06  +9.439970e-04  -2.076454e-07  -9.170336e-07  -4.906379e-03  -8.079109e-08  +7.372311e-07  -3.584569e-03  -2.984197e-07  -7.288984e-07  -6.748275e-03  
+1.412771e-05  +4.872731e-06  -4.799724e-05  +2.605228e-04  +1.840278e-05  +5.723313e-05  +7.198146e-05  -1.252233e-04  -4.431338e-05  +4.217184e-04  -7.565034e-04  -7.586233e-06  -9.448868e-06  -1.786537e-02  -1.754993e-06  +9.153093e-06  +5.208947e-02  +9.903279e-07  -6.851183e-06  +3.971019e-02  +5.758160e-07  +8.830352e-06  +6.566700e-02  
-4.490861e-05  -7.622374e-06  +1.257482e-04  -8.721627e-04  -4.166284e-05  -1.067390e-04  -1.222081e-04  +1.724311e-04  +5.830052e-05  -7.565034e-04  +2.393921e-03  +3.330511e-05  -1.524468e-06  +7.412697e-02  +7.497867e-06  -2.276018e-05  -1.119019e-01  -9.408526e-06  +6.850429e-06  -1.020246e-01  +8.026954e-06  -2.799381e-05  -1.505281e-01  
-7.749291e-07  -6.240853e-08  +1.060523e-06  -1.236148e-05  -8.499268e-07  -9.826156e-07  -1.093657e-06  -3.089926e-07  +4.546067e-07  -7.586233e-06  +3.330511e-05  +1.246828e-06  -3.646111e-07  +1.223721e-03  +1.136265e-07  -1.783845e-07  -1.751924e-03  -2.384065e-07  -2.602376e-07  -1.343723e-03  +1.410640e-07  -4.376076e-07  -2.017926e-03  
-7.747224e-09  -1.218666e-07  +8.279944e-07  +1.450088e-06  +5.400172e-07  -1.148302e-06  -1.852274e-06  +5.674850e-06  +1.368934e-06  -9.448868e-06  -1.524468e-06  -3.646111e-07  +1.200373e-06  -2.165607e-04  +2.992171e-09  -1.681283e-07  -4.831687e-04  -5.397896e-08  +3.088878e-07  -3.595446e-04  -3.247311e-07  -6.761926e-08  -7.660274e-04  
-1.419505e-03  -1.680599e-04  +3.096963e-03  -2.937691e-02  -3.832078e-04  -1.843782e-03  -1.822767e-03  -2.504203e-04  +9.439970e-04  -1.786537e-02  +7.412697e-02  +1.223721e-03  -2.165607e-04  +3.213678e+00  +1.981739e-04  -7.173601e-04  -3.257889e+00  -2.192228e-04  +1.018346e-04  -3.138573e+00  +5.047851e-04  -9.516837e-04  -4.154147e+00  
+1.567317e-07  -2.445906e-08  -7.243057e-07  -2.824331e-06  +3.287358e-07  -3.239360e-07  +1.591072e-06  -1.764516e-06  -2.076454e-07  -1.754993e-06  +7.497867e-06  +1.136265e-07  +2.992171e-09  +1.981739e-04  +1.280449e-06  +2.458902e-07  -5.110679e-04  -9.890631e-08  +3.086791e-07  -3.373892e-04  +7.095300e-09  +2.131255e-07  +7.452206e-04  
+4.818158e-07  +1.078900e-07  -2.155950e-06  +7.987001e-06  +4.347035e-07  +1.112288e-06  +2.258172e-06  -3.792784e-06  -9.170336e-07  +9.153093e-06  -2.276018e-05  -1.783845e-07  -1.681283e-07  -7.173601e-04  +2.458902e-07  +7.025271e-07  +7.877851e-04  +2.070610e-07  -2.207128e-07  +1.158221e-03  -2.310847e-08  +3.676009e-07  +2.241411e-03  
+1.951265e-03  +6.022248e-04  -4.599633e-03  +3.966528e-02  +3.074929e-03  +7.311900e-03  +7.369402e-03  -7.392611e-03  -4.906379e-03  +5.208947e-02  -1.119019e-01  -1.751924e-03  -4.831687e-04  -3.257889e+00  -5.110679e-04  +7.877851e-04  +8.448553e+00  +3.926698e-05  -4.655322e-04  +5.589521e+00  -2.916919e-04  +1.172258e-03  +8.046452e+00  
+4.889922e-07  -7.730375e-08  -1.189771e-06  -5.004942e-07  +3.674726e-07  +1.014031e-06  +1.163891e-06  -1.858193e-06  -8.079109e-08  +9.903279e-07  -9.408526e-06  -2.384065e-07  -5.397896e-08  -2.192228e-04  -9.890631e-08  +2.070610e-07  +3.926698e-05  +1.054345e-06  -7.577975e-08  +4.900560e-04  +2.405270e-07  +8.515132e-08  +7.057836e-04  
-5.082069e-08  -8.434903e-08  +8.558194e-07  -1.316842e-06  -2.798967e-07  -9.518396e-07  -7.798307e-07  +1.919694e-06  +7.372311e-07  -6.851183e-06  +6.850429e-06  -2.602376e-07  +3.088878e-07  +1.018346e-04  +3.086791e-07  -2.207128e-07  -4.655322e-04  -7.577975e-08  +7.076440e-07  -6.812152e-04  -3.874702e-08  +2.254299e-08  -8.302497e-04  
+2.057945e-03  +4.407069e-04  -6.294571e-03  +3.703554e-02  +1.865111e-03  +5.397597e-03  +6.684941e-03  -8.656579e-03  -3.584569e-03  +3.971019e-02  -1.020246e-01  -1.343723e-03  -3.595446e-04  -3.138573e+00  -3.373892e-04  +1.158221e-03  +5.589521e+00  +4.900560e-04  -6.812152e-04  +5.378752e+00  -2.225853e-04  +1.174817e-03  +7.726010e+00  
-3.980611e-08  -6.673793e-09  -3.058341e-07  -4.217764e-06  +1.031261e-07  +2.778905e-07  +7.659083e-07  -1.450715e-06  -2.984197e-07  +5.758160e-07  +8.026954e-06  +1.410640e-07  -3.247311e-07  +5.047851e-04  +7.095300e-09  -2.310847e-08  -2.916919e-04  +2.405270e-07  -3.874702e-08  -2.225853e-04  +4.599722e-07  -6.498542e-08  -3.026728e-04  
+7.075087e-07  +4.189010e-08  -2.031417e-06  +1.080549e-05  +3.567439e-07  +9.475468e-07  +1.727471e-06  -1.718816e-06  -7.288984e-07  +8.830352e-06  -2.799381e-05  -4.376076e-07  -6.761926e-08  -9.516837e-04  +2.131255e-07  +3.676009e-07  +1.172258e-03  +8.515132e-08  +2.254299e-08  +1.174817e-03  -6.498542e-08  +6.527383e-07  +2.093935e-03  
+3.278649e-03  +7.465168e-04  -1.166696e-02  +5.345759e-02  +3.243869e-03  +8.879280e-03  +1.404515e-02  -2.214104e-02  -6.748275e-03  +6.566700e-02  -1.505281e-01  -2.017926e-03  -7.660274e-04  -4.154147e+00  +7.452206e-04  +2.241411e-03  +8.046452e+00  +7.057836e-04  -8.302497e-04  +7.726010e+00  -3.026728e-04  +2.093935e-03  +1.468251e+01  
