mean:
+3.958856e+00  +3.924082e+00  +6.413716e-01  -1.096966e+00  +1.614664e+00  +5.017092e-01  +9.195397e-01  +2.064187e+00  +1.486894e-01  +1.965425e+00  +4.850957e+00  +1.634965e+00  +2.883335e+00  +7.973257e+02  +4.799946e+00  +4.400119e+00  +2.000108e+03  
covariance:
+6.014484e-06  -4.395323e-08  +2.373802e-06  +1.250063e-05  -1.370415e-05  -1.163466e-07  +5.761990e-06  -2.877591e-06  -8.500683e-07  +6.798711e-06  -1.209995e-05  -7.690627e-08  +1.812387e-07  +9.248105e-05  +6.027698e-08  +2.889362e-08  -2.186689e-04  
-4.395323e-08  +6.807053e-06  +7.777887e-06  +2.165497e-05  -8.783061e-06  +5.420698e-07  +2.846974e-06  +1.544777e-05  -1.168918e-06  +9.904322e-06  -2.571796e-06  +1.046584e-08  +1.610454e-07  +1.409257e-03  +1.041461e-08  +8.621776e-08  +2.118965e-03  
+2.373802e-06  +7.777887e-06  +4.388035e-04  +3.946978e-04  -1.692407e-04  -3.013333e-05  -1.154982e-05  +4.257418e-04  -3.719041e-05  +5.002989e-04  -7.388371e-04  +2.278086e-07  -1.318482e-06  +2.740082e-02  -8.358382e-07  +1.645388e-07  +2.768735e-02  
+1.250063e-05  +2.165497e-05  +3.946978e-04  +2.614900e-03  -5.859064e-04  -1.617542e-05  +3.938340e-04  +2.061763e-04  -1.002718e-04  +8.298683e-04  -1.533396e-03  +8.631746e-07  +1.045546e-05  -4.744948e-03  +8.022367e-07  +1.586617e-06  +1.128121e-01  
-1.370415e-05  -8.783061e-06  -1.692407e-04  -5.859064e-04  +2.125326e-03  -5.025530e-05  -5.635860e-05  -6.078902e-04  +1.329694e-05  +5.491605e-05  -8.538767e-04  +9.146438e-06  -2.008313e-06  -1.070881e-01  -2.919149e-06  +3.503668e-06  -4.215301e-02  
-1.163466e-07  +5.420698e-07  -3.013333e-05  -1.617542e-05  -5.025530e-05  +1.874614e-05  -5.107336e-06  +6.270840e-05  +4.190341e-06  -6.095896e-05  +1.731478e-04  -7.214546e-07  -4.090283e-07  +5.011088e-03  +8.820897e-08  -3.167006e-07  -6.489500e-03  
+5.761990e-06  +2.846974e-06  -1.154982e-05  +3.938340e-04  -5.635860e-05  -5.107336e-06  +1.584268e-04  -1.798879e-04  -2.216351e-05  +1.136176e-04  -3.647319e-04  -2.582268e-07  +2.868669e-06  -1.313366e-02  -6.690788e-08  -4.217571e-07  +1.473303e-02  
-2.877591e-06  +1.544777e-05  +4.257418e-04  +2.061763e-04  -6.078902e-04  +6.270840e-05  -1.798879e-04  +1.663660e-03  -2.356369e-05  +3.277305e-04  +5.985897e-04  -2.521302e-06  -3.809836e-06  +1.033298e-01  -1.471563e-08  +1.256469e-07  +4.387724e-02  
-8.500683e-07  -1.168918e-06  -3.719041e-05  -1.002718e-04  +1.329694e-05  +4.190341e-06  -2.216351e-05  -2.356369e-05  +8.946287e-06  -7.476914e-05  +1.123404e-04  -1.297942e-08  -3.412294e-07  -6.233190e-04  +1.303428e-07  -5.762422e-08  -6.175839e-03  
+6.798711e-06  +9.904322e-06  +5.002989e-04  +8.298683e-04  +5.491605e-05  -6.095896e-05  +1.136176e-04  +3.277305e-04  -7.476914e-05  +8.449545e-04  -1.414362e-03  +1.928650e-06  +1.162340e-06  +3.053617e-03  -1.796137e-06  +1.029006e-06  +4.583664e-02  
-1.209995e-05  -2.571796e-06  -7.388371e-04  -1.533396e-03  -8.538767e-04  +1.731478e-04  -3.647319e-04  +5.985897e-04  +1.123404e-04  -1.414362e-03  +4.338458e-03  -1.204801e-05  -5.224802e-06  +1.069844e-01  +5.188669e-06  -6.063684e-07  -3.659905e-02  
-7.690627e-08  +1.046584e-08  +2.278086e-07  +8.631746e-07  +9.146438e-06  -7.214546e-07  -2.582268e-07  -2.521302e-06  -1.297942e-08  +1.928650e-06  -1.204801e-05  +6.680911e-07  -3.264485e-08  -5.906695e-04  +1.324852e-08  +9.670647e-08  +2.541526e-04  
+1.812387e-07  +1.610454e-07  -1.318482e-06  +1.045546e-05  -2.008313e-06  -4.090283e-07  +2.868669e-06  -3.809836e-06  -3.412294e-07  +1.162340e-06  -5.224802e-06  -3.264485e-08  +6.981261e-07  -2.811854e-04  +3.580949e-09  -2.616209e-08  +1.052314e-03  
+9.248105e-05  +1.409257e-03  +2.740082e-02  -4.744948e-03  -1.070881e-01  +5.011088e-03  -1.313366e-02  +1.033298e-01  -6.233190e-04  +3.053617e-03  +1.069844e-01  -5.906695e-04  -2.811854e-04  +1.405768e+01  +9.985351e-05  -1.440990e-04  +6.049084e+00  
+6.027698e-08  +1.041461e-08  -8.358382e-07  +8.022367e-07  -2.919149e-06  +8.820897e-08  -6.690788e-08  -1.471563e-08  +1.303428e-07  -1.796137e-06  +5.188669e-06  +1.324852e-08  +3.580949e-09  +9.985351e-05  +2.311982e-07  -1.201251e-08  +3.540932e-04  
+2.889362e-08  +8.621776e-08  +1.645388e-07  +1.586617e-06  +3.503668e-06  -3.167006e-07  -4.217571e-07  +1.256469e-07  -5.762422e-08  +1.029006e-06  -6.063684e-07  +9.670647e-08  -2.616209e-08  -1.440990e-04  -1.201251e-08  +3.335179e-07  +8.726109e-05  
-2.186689e-04  +2.118965e-03  +2.768735e-02  +1.128121e-01  -4.215301e-02  -6.489500e-03  +1.473303e-02  +4.387724e-02  -6.175839e-03  +4.583664e-02  -3.659905e-02  +2.541526e-04  +1.052314e-03  +6.049084e+00  +3.540932e-04  +8.726109e-05  +2.569567e+01  
