mean:
+3.958675e+00  +3.924830e+00  +6.773907e-01  -1.111380e+00  +1.640390e+00  +4.050671e-01  +9.285889e-01  +2.047971e+00  +1.511172e-01  +2.064895e+00  +4.663111e+00  +1.634986e+00  +2.883069e+00  +8.079764e+02  +4.800136e+00  +4.399819e+00  +2.000971e+03  
covariance:
+4.542251e-06  +3.120408e-06  -1.295359e-05  -1.637308e-05  -2.297698e-05  -8.847461e-07  -4.500157e-06  +1.792094e-05  +5.901570e-06  -5.310756e-05  +1.542203e-04  -5.888378e-07  -8.110336e-08  -3.685922e-03  +7.680293e-08  -1.812816e-07  -1.021252e-03  
+3.120408e-06  +7.942506e-06  -2.082282e-05  -2.149838e-05  -2.976159e-05  -1.775815e-06  -7.164270e-06  +2.031793e-05  +8.760607e-06  -7.822682e-05  +2.301192e-04  -8.058334e-07  -8.795484e-08  -5.372879e-03  +2.835406e-08  -2.603109e-07  -8.212632e-04  
-1.295359e-05  -2.082282e-05  +1.718044e-04  +8.538546e-05  +2.311560e-04  +1.811555e-06  -1.284582e-05  -1.723446e-04  -3.595801e-05  +4.715529e-04  -1.774029e-03  +4.214762e-06  +8.853658e-07  +3.562147e-02  -6.381982e-07  +3.014192e-07  +1.626562e-02  
-1.637308e-05  -2.149838e-05  +8.538546e-05  +1.865462e-04  +1.652793e-04  +7.647045e-07  +4.055088e-05  -2.059195e-04  -4.426951e-05  +3.960582e-04  -1.071921e-03  +4.139817e-06  +1.290839e-06  +2.710649e-02  +8.323085e-08  +1.639397e-06  +2.314866e-02  
-2.297698e-05  -2.976159e-05  +2.311560e-04  +1.652793e-04  +5.539441e-04  +2.229395e-06  +1.796464e-05  -3.779698e-04  -6.927989e-05  +8.330585e-04  -2.907447e-03  +7.299923e-06  +1.495203e-06  +6.560560e-02  -1.171482e-06  +1.178913e-06  +4.524914e-02  
-8.847461e-07  -1.775815e-06  +1.811555e-06  +7.647045e-07  +2.229395e-06  +2.742544e-06  +4.709234e-06  +1.036874e-05  -2.027427e-06  +8.212573e-06  -6.229030e-06  +1.834775e-07  -1.318069e-07  +9.989300e-04  +5.011429e-09  +7.939645e-09  -3.818866e-03  
-4.500157e-06  -7.164270e-06  -1.284582e-05  +4.055088e-05  +1.796464e-05  +4.709234e-06  +6.300745e-05  -1.450840e-05  -1.979774e-05  +5.611643e-05  +1.757975e-04  +1.098425e-06  -3.089446e-07  +2.602797e-03  +8.666493e-08  +5.352865e-07  +2.112189e-03  
+1.792094e-05  +2.031793e-05  -1.723446e-04  -2.059195e-04  -3.779698e-04  +1.036874e-05  -1.450840e-05  +5.282607e-04  +5.821170e-05  -6.906914e-04  +2.331634e-03  -4.591546e-06  -2.795798e-06  -4.674854e-02  +2.526792e-07  -1.324841e-06  -7.228701e-02  
+5.901570e-06  +8.760607e-06  -3.595801e-05  -4.426951e-05  -6.927989e-05  -2.027427e-06  -1.979774e-05  +5.821170e-05  +1.816538e-05  -1.536436e-04  +4.069004e-04  -1.521912e-06  -2.901180e-07  -1.020501e-02  +1.216856e-07  -4.625149e-07  -5.705174e-03  
-5.310756e-05  -7.822682e-05  +4.715529e-04  +3.960582e-04  +8.330585e-04  +8.212573e-06  +5.611643e-05  -6.906914e-04  -1.536436e-04  +1.676688e-03  -5.505856e-03  +1.479372e-05  +3.854279e-06  +1.175143e-01  -1.599786e-06  +3.340422e-06  +7.240376e-02  
+1.542203e-04  +2.301192e-04  -1.774029e-03  -1.071921e-03  -2.907447e-03  -6.229030e-06  +1.757975e-04  +2.331634e-03  +4.069004e-04  -5.505856e-03  +2.096345e-02  -4.582401e-05  -1.080550e-05  -4.111100e-01  +7.062803e-06  -5.439137e-06  -2.471822e-01  
-5.888378e-07  -8.058334e-07  +4.214762e-06  +4.139817e-06  +7.299923e-06  +1.834775e-07  +1.098425e-06  -4.591546e-06  -1.521912e-06  +1.479372e-05  -4.582401e-05  +3.279889e-07  -4.394399e-09  +1.241156e-03  -2.152828e-08  +5.872347e-08  +4.659199e-04  
-8.110336e-08  -8.795484e-08  +8.853658e-07  +1.290839e-06  +1.495203e-06  -1.318069e-07  -3.089446e-07  -2.795798e-06  -2.901180e-07  +3.854279e-06  -1.080550e-05  -4.394399e-09  +2.433254e-07  +1.597991e-04  +2.498367e-09  +1.006620e-08  +2.693565e-04  
-3.685922e-03  -5.372879e-03  +3.562147e-02  +2.710649e-02  +6.560560e-02  +9.989300e-04  +2.602797e-03  -4.674854e-02  -1.020501e-02  +1.175143e-01  -4.111100e-01  +1.241156e-03  +1.597991e-04  +1.047844e+01  -8.588104e-05  +2.159876e-04  +5.150926e+00  
+7.680293e-08  +2.835406e-08  -6.381982e-07  +8.323085e-08  -1.171482e-06  +5.011429e-09  +8.666493e-08  +2.526792e-07  +1.216856e-07  -1.599786e-06  +7.062803e-06  -2.152828e-08  +2.498367e-09  -8.588104e-05  +1.178055e-07  +1.360609e-08  -8.608364e-06  
-1.812816e-07  -2.603109e-07  +3.014192e-07  +1.639397e-06  +1.178913e-06  +7.939645e-09  +5.352865e-07  -1.324841e-06  -4.625149e-07  +3.340422e-06  -5.439137e-06  +5.872347e-08  +1.006620e-08  +2.159876e-04  +1.360609e-08  +1.711313e-07  +1.786379e-04  
-1.021252e-03  -8.212632e-04  +1.626562e-02  +2.314866e-02  +4.524914e-02  -3.818866e-03  +2.112189e-03  -7.228701e-02  -5.705174e-03  +7.240376e-02  -2.471822e-01  +4.659199e-04  +2.693565e-04  +5.150926e+00  -8.608364e-06  +1.786379e-04  +1.606953e+01  
