mean:
+3.937887e+00  +3.937840e+00  +7.775639e-01  -1.185417e+00  +1.635859e+00  +4.948580e-01  +9.838611e-01  +2.166022e+00  +1.230966e-01  +2.220827e+00  +3.893611e+00  +1.918082e+00  +3.065043e+00  +8.064483e+02  +4.995056e+00  +4.542246e+00  +1.998917e+03  
covariance:
+1.908042e-05  -9.987760e-06  +4.151250e-06  +1.007259e-05  +3.716131e-05  -4.281850e-06  -1.772080e-05  +3.226912e-05  +2.874843e-06  -2.120178e-05  +4.348669e-05  +7.605224e-07  +2.272549e-07  +4.557337e-04  -7.599520e-08  +3.852886e-07  +8.405017e-03  
-9.987760e-06  +2.110639e-05  -1.753748e-06  -1.256159e-05  -4.117990e-05  +2.551104e-06  +1.628312e-05  -9.366812e-06  +1.268246e-06  +1.979274e-05  -5.181301e-05  -1.158430e-06  -5.659502e-07  -1.407097e-05  -1.180314e-07  -3.523764e-08  -7.136730e-03  
+4.151250e-06  -1.753748e-06  +5.215847e-05  -8.818837e-06  +5.309616e-05  +6.640592e-06  +2.024376e-05  -8.270794e-05  -1.238302e-06  -6.110027e-05  +3.176474e-08  -1.646613e-06  -2.805898e-06  +3.767909e-04  -5.562318e-07  +3.855004e-07  +1.356604e-02  
+1.007259e-05  -1.256159e-05  -8.818837e-06  +5.566877e-04  +3.078096e-04  -1.358194e-05  -1.501201e-04  -8.005286e-05  +2.260042e-05  -3.034232e-04  +3.186046e-04  +2.638834e-05  -4.997827e-07  -2.450767e-02  +1.006268e-05  +7.515783e-06  +5.563707e-02  
+3.716131e-05  -4.117990e-05  +5.309616e-05  +3.078096e-04  +6.428711e-04  -1.409235e-05  -1.769367e-04  -3.056294e-05  +1.967320e-05  -4.879727e-04  +3.967664e-04  +2.908579e-05  -8.295537e-06  -1.967972e-02  +9.445127e-06  +1.487285e-05  +1.398766e-01  
-4.281850e-06  +2.551104e-06  +6.640592e-06  -1.358194e-05  -1.409235e-05  +4.651183e-06  +1.905231e-05  -3.302220e-05  -1.920367e-06  +9.861887e-06  -3.189121e-05  -1.564519e-06  +5.470285e-07  -9.054886e-05  +1.966919e-07  -6.737817e-07  -6.375889e-03  
-1.772080e-05  +1.628312e-05  +2.024376e-05  -1.501201e-04  -1.769367e-04  +1.905231e-05  +1.447951e-04  -1.333213e-04  -1.314512e-05  +1.291148e-04  -2.531329e-04  -1.774844e-05  +3.319390e-06  +4.961972e-03  -1.941441e-06  -6.782227e-06  -4.313233e-02  
+3.226912e-05  -9.366812e-06  -8.270794e-05  -8.005286e-05  -3.056294e-05  -3.302220e-05  -1.333213e-04  +4.913731e-04  +1.662248e-05  +1.235150e-04  +1.487647e-04  +1.086110e-05  +3.233298e-07  +1.125631e-02  -2.745116e-06  +5.100802e-06  +1.576237e-04  
+2.874843e-06  +1.268246e-06  -1.238302e-06  +2.260042e-05  +1.967320e-05  -1.920367e-06  -1.314512e-05  +1.662248e-05  +4.046127e-06  -2.211755e-05  +1.525694e-05  +2.056368e-06  -3.799473e-08  -1.213892e-03  +5.597999e-07  +8.429282e-07  +7.239974e-03  
-2.120178e-05  +1.979274e-05  -6.110027e-05  -3.034232e-04  -4.879727e-04  +9.861887e-06  +1.291148e-04  +1.235150e-04  -2.211755e-05  +5.046990e-04  -2.806036e-04  -2.329427e-05  +7.728532e-06  +2.553028e-02  -8.708675e-06  -1.256498e-05  -1.502425e-01  
+4.348669e-05  -5.181301e-05  +3.176474e-08  +3.186046e-04  +3.967664e-04  -3.189121e-05  -2.531329e-04  +1.487647e-04  +1.525694e-05  -2.806036e-04  +5.959463e-04  +2.967187e-05  -9.518290e-06  -8.672783e-03  +3.048251e-06  +1.063116e-05  +7.118910e-02  
+7.605224e-07  -1.158430e-06  -1.646613e-06  +2.638834e-05  +2.908579e-05  -1.564519e-06  -1.774844e-05  +1.086110e-05  +2.056368e-06  -2.329427e-05  +2.967187e-05  +3.504724e-06  -2.717534e-07  -1.468797e-03  +7.600180e-07  +1.410496e-06  +6.452577e-03  
+2.272549e-07  -5.659502e-07  -2.805898e-06  -4.997827e-07  -8.295537e-06  +5.470285e-07  +3.319390e-06  +3.233298e-07  -3.799473e-08  +7.728532e-06  -9.518290e-06  -2.717534e-07  +1.219890e-06  -4.359649e-04  +1.724026e-07  -2.076414e-07  -3.138242e-03  
+4.557337e-04  -1.407097e-05  +3.767909e-04  -2.450767e-02  -1.967972e-02  -9.054886e-05  +4.961972e-03  +1.125631e-02  -1.213892e-03  +2.553028e-02  -8.672783e-03  -1.468797e-03  -4.359649e-04  +2.970469e+00  -7.804722e-04  -5.536171e-04  -6.672071e+00  
-7.599520e-08  -1.180314e-07  -5.562318e-07  +1.006268e-05  +9.445127e-06  +1.966919e-07  -1.941441e-06  -2.745116e-06  +5.597999e-07  -8.708675e-06  +3.048251e-06  +7.600180e-07  +1.724026e-07  -7.804722e-04  +6.404371e-07  +3.241235e-07  +2.027494e-03  
+3.852886e-07  -3.523764e-08  +3.855004e-07  +7.515783e-06  +1.487285e-05  -6.737817e-07  -6.782227e-06  +5.100802e-06  +8.429282e-07  -1.256498e-05  +1.063116e-05  +1.410496e-06  -2.076414e-07  -5.536171e-04  +3.241235e-07  +9.368098e-07  +3.531713e-03  
+8.405017e-03  -7.136730e-03  +1.356604e-02  +5.563707e-02  +1.398766e-01  -6.375889e-03  -4.313233e-02  +1.576237e-04  +7.239974e-03  -1.502425e-01  +7.118910e-02  +6.452577e-03  -3.138242e-03  -6.672071e+00  +2.027494e-03  +3.531713e-03  +5.954975e+01  
