mean:
+4.017799e+00  +3.959969e+00  +8.831650e-01  +1.398697e+00  +1.244179e+00  +5.033846e-01  +8.205884e-01  +1.399279e+00  +1.699383e-01  +1.903855e+00  +5.817153e+00  +3.659904e+00  +2.857069e+00  +2.027576e+02  +4.310415e+00  +5.128499e+00  +2.842693e+02  +5.252897e+00  +3.796772e+00  +3.264831e+02  +2.879947e+00  +4.479671e+00  +3.960741e+02  
covariance:
+1.914771e-06  +1.935485e-07  -9.544782e-06  -2.480076e-05  +1.892121e-07  -2.630034e-06  +1.367381e-06  -2.891050e-06  +2.258480e-06  -1.894218e-05  +5.447843e-05  -2.962614e-07  -1.516593e-07  +1.057305e-04  +4.501802e-08  -1.383110e-07  -1.548434e-03  -1.440250e-07  +1.595787e-07  -6.248268e-04  -1.608769e-07  -5.383519e-08  -1.444562e-03  
+1.935485e-07  +1.858279e-06  -1.645517e-06  -4.190099e-06  -1.539792e-07  -5.767198e-07  +1.304673e-07  -1.092342e-06  +2.357267e-07  -1.869731e-06  +9.937344e-06  -1.593394e-08  -3.262782e-08  +7.396635e-05  -5.126503e-08  -5.796503e-08  -3.431215e-04  -5.801215e-08  +1.709401e-08  -1.842737e-04  +7.351994e-09  +3.659285e-08  -1.892571e-04  
-9.544782e-06  -1.645517e-06  +1.701989e-04  +3.398658e-04  +5.199989e-06  +4.260393e-05  -3.117384e-05  +6.316055e-05  -2.390467e-05  +2.448442e-04  -8.054190e-04  +5.388801e-06  +4.448792e-07  -1.295795e-03  -1.475296e-06  +2.506310e-06  +2.908488e-02  +1.951500e-06  -2.123890e-06  +8.044583e-03  +1.648090e-06  +2.768278e-07  +2.436317e-02  
-2.480076e-05  -4.190099e-06  +3.398658e-04  +1.294152e-03  -1.036532e-05  +1.119247e-04  -2.639742e-05  +1.355512e-04  -4.763037e-05  +4.857511e-04  -2.205794e-03  +1.142534e-05  +9.578511e-06  -1.176968e-04  +1.015436e-06  +6.676253e-06  +3.863913e-02  +8.885494e-06  -6.217101e-06  +2.770128e-02  +9.557185e-06  +2.243296e-06  +4.515352e-02  
+1.892121e-07  -1.539792e-07  +5.199989e-06  -1.036532e-05  +2.455324e-05  +1.830166e-06  -2.370048e-06  +1.152410e-06  +1.996376e-06  -7.753371e-06  -2.705399e-06  -3.040201e-07  -7.020075e-08  +1.067674e-03  -6.958244e-07  +2.418607e-07  +2.160949e-03  -1.672959e-07  +4.018025e-07  +6.488054e-04  +2.181020e-07  -1.198437e-07  +1.791188e-03  
-2.630034e-06  -5.767198e-07  +4.260393e-05  +1.119247e-04  +1.830166e-06  +1.651952e-05  -7.470630e-06  +1.525112e-05  -5.287821e-06  +6.078643e-05  -2.525966e-04  +1.505016e-06  -5.723652e-07  +1.199092e-04  -1.062578e-07  +5.877548e-07  +6.665152e-03  +7.074949e-07  -4.696749e-07  +5.149641e-04  +7.520274e-07  +4.871941e-07  +6.423456e-03  
+1.367381e-06  +1.304673e-07  -3.117384e-05  -2.639742e-05  -2.370048e-06  -7.470630e-06  +2.183071e-05  -4.865455e-06  +3.364828e-06  -5.606346e-05  +1.226729e-04  -1.454766e-06  +2.617221e-07  +9.760259e-04  +8.736251e-07  -1.157000e-06  -7.869006e-03  -8.270978e-07  +4.877910e-07  -1.682457e-04  -1.879750e-07  +1.513818e-07  -6.289692e-03  
-2.891050e-06  -1.092342e-06  +6.316055e-05  +1.355512e-04  +1.152410e-06  +1.525112e-05  -4.865455e-06  +2.362221e-04  -4.886622e-06  +5.687964e-05  -3.053945e-04  +6.923323e-06  +1.346189e-06  -5.676923e-03  +2.295680e-06  -4.254610e-07  +1.059772e-02  +4.692783e-07  +1.747165e-06  -1.032029e-03  +1.960159e-06  -2.440336e-06  +1.861475e-02  
+2.258480e-06  +2.357267e-07  -2.390467e-05  -4.763037e-05  +1.996376e-06  -5.287821e-06  +3.364828e-06  -4.886622e-06  +1.276045e-05  -9.215262e-05  +1.319681e-04  -1.532703e-06  -3.678789e-07  +1.001756e-03  +5.972360e-07  -2.891383e-07  -4.593775e-03  -5.189124e-07  +3.279844e-07  -8.149190e-04  -7.313807e-07  -2.952163e-07  -4.374544e-03  
-1.894218e-05  -1.869731e-06  +2.448442e-04  +4.857511e-04  -7.753371e-06  +6.078643e-05  -5.606346e-05  +5.687964e-05  -9.215262e-05  +7.436590e-04  -1.318834e-03  +1.361458e-05  +2.117314e-06  -8.103533e-03  -4.984169e-06  +4.284978e-06  +4.641851e-02  +5.234831e-06  -3.570263e-06  +7.151869e-03  +5.999061e-06  +2.166220e-06  +4.312638e-02  
+5.447843e-05  +9.937344e-06  -8.054190e-04  -2.205794e-03  -2.705399e-06  -2.525966e-04  +1.226729e-04  -3.053945e-04  +1.319681e-04  -1.318834e-03  +4.752995e-03  -2.984549e-05  -5.268032e-06  +5.389021e-03  +2.827376e-06  -1.352297e-05  -1.177396e-01  -1.292046e-05  +1.283919e-05  -3.819664e-02  -1.554400e-05  -6.692336e-06  -1.213354e-01  
-2.962614e-07  -1.593394e-08  +5.388801e-06  +1.142534e-05  -3.040201e-07  +1.505016e-06  -1.454766e-06  +6.923323e-06  -1.532703e-06  +1.361458e-05  -2.984549e-05  +8.761677e-07  -4.766880e-08  -1.228564e-04  -5.341662e-08  +9.422136e-08  +8.713498e-04  +1.336154e-07  -1.715863e-08  -1.661798e-04  +1.609099e-07  -4.874438e-08  +1.049890e-03  
-1.516593e-07  -3.262782e-08  +4.448792e-07  +9.578511e-06  -7.020075e-08  -5.723652e-07  +2.617221e-07  +1.346189e-06  -3.678789e-07  +2.117314e-06  -5.268032e-06  -4.766880e-08  +1.010896e-06  -7.167532e-05  -8.991155e-08  +2.119993e-07  -2.855485e-05  +1.173267e-07  -5.526088e-08  +9.663257e-04  +1.224182e-07  -1.797044e-08  +2.979016e-04  
+1.057305e-04  +7.396635e-05  -1.295795e-03  -1.176968e-04  +1.067674e-03  +1.199092e-04  +9.760259e-04  -5.676923e-03  +1.001756e-03  -8.103533e-03  +5.389021e-03  -1.228564e-04  -7.167532e-05  +1.575731e+00  -1.664096e-04  +1.857247e-04  -4.236869e-02  -1.135370e-04  +5.094972e-05  +1.244900e+00  -1.023131e-04  +2.129740e-04  +2.455656e-01  
+4.501802e-08  -5.126503e-08  -1.475296e-06  +1.015436e-06  -6.958244e-07  -1.062578e-07  +8.736251e-07  +2.295680e-06  +5.972360e-07  -4.984169e-06  +2.827376e-06  -5.341662e-08  -8.991155e-08  -1.664096e-04  +6.182209e-07  -1.049591e-07  -4.263749e-04  -5.806309e-10  +6.246645e-09  -1.466039e-04  -2.524356e-08  -1.536976e-08  -4.804810e-04  
-1.383110e-07  -5.796503e-08  +2.506310e-06  +6.676253e-06  +2.418607e-07  +5.877548e-07  -1.157000e-06  -4.254610e-07  -2.891383e-07  +4.284978e-06  -1.352297e-05  +9.422136e-08  +2.119993e-07  +1.857247e-04  -1.049591e-07  +5.967411e-07  +5.122123e-04  +1.519708e-07  +3.774358e-08  +6.168686e-04  +6.100141e-08  +5.305060e-08  +4.012820e-04  
-1.548434e-03  -3.431215e-04  +2.908488e-02  +3.863913e-02  +2.160949e-03  +6.665152e-03  -7.869006e-03  +1.059772e-02  -4.593775e-03  +4.641851e-02  -1.177396e-01  +8.713498e-04  -2.855485e-05  -4.236869e-02  -4.263749e-04  +5.122123e-04  +7.174400e+00  +4.762193e-04  -1.689060e-04  +2.214873e+00  +1.197905e-04  +2.294614e-07  +5.431138e+00  
-1.440250e-07  -5.801215e-08  +1.951500e-06  +8.885494e-06  -1.672959e-07  +7.074949e-07  -8.270978e-07  +4.692783e-07  -5.189124e-07  +5.234831e-06  -1.292046e-05  +1.336154e-07  +1.173267e-07  -1.135370e-04  -5.806309e-10  +1.519708e-07  +4.762193e-04  +6.421637e-07  -1.673309e-08  +3.794332e-04  +1.184482e-07  +7.148565e-08  +2.524776e-04  
+1.595787e-07  +1.709401e-08  -2.123890e-06  -6.217101e-06  +4.018025e-07  -4.696749e-07  +4.877910e-07  +1.747165e-06  +3.279844e-07  -3.570263e-06  +1.283919e-05  -1.715863e-08  -5.526088e-08  +5.094972e-05  +6.246645e-09  +3.774358e-08  -1.689060e-04  -1.673309e-08  +5.714258e-07  -1.477194e-04  +3.035132e-08  -4.187722e-08  -1.196987e-04  
-6.248268e-04  -1.842737e-04  +8.044583e-03  +2.770128e-02  +6.488054e-04  +5.149641e-04  -1.682457e-04  -1.032029e-03  -8.149190e-04  +7.151869e-03  -3.819664e-02  -1.661798e-04  +9.663257e-04  +1.244900e+00  -1.466039e-04  +6.168686e-04  +2.214873e+00  +3.794332e-04  -1.477194e-04  +5.192462e+00  -4.725209e-05  +1.690803e-04  +2.488909e+00  
-1.608769e-07  +7.351994e-09  +1.648090e-06  +9.557185e-06  +2.181020e-07  +7.520274e-07  -1.879750e-07  +1.960159e-06  -7.313807e-07  +5.999061e-06  -1.554400e-05  +1.609099e-07  +1.224182e-07  -1.023131e-04  -2.524356e-08  +6.100141e-08  +1.197905e-04  +1.184482e-07  +3.035132e-08  -4.725209e-05  +4.640827e-07  -3.295439e-08  +1.975881e-04  
-5.383519e-08  +3.659285e-08  +2.768278e-07  +2.243296e-06  -1.198437e-07  +4.871941e-07  +1.513818e-07  -2.440336e-06  -2.952163e-07  +2.166220e-06  -6.692336e-06  -4.874438e-08  -1.797044e-08  +2.129740e-04  -1.536976e-08  +5.305060e-08  +2.294614e-07  +7.148565e-08  -4.187722e-08  +1.690803e-04  -3.295439e-08  +4.200422e-07  +1.158525e-04  
-1.444562e-03  -1.892571e-04  +2.436317e-02  +4.515352e-02  +1.791188e-03  +6.423456e-03  -6.289692e-03  +1.861475e-02  -4.374544e-03  +4.312638e-02  -1.213354e-01  +1.049890e-03  +2.979016e-04  +2.455656e-01  -4.804810e-04  +4.012820e-04  +5.431138e+00  +2.524776e-04  -1.196987e-04  +2.488909e+00  +1.975881e-04  +1.158525e-04  +6.827727e+00  
