mean:
+4.018012e+00  +3.960746e+00  +8.290101e-01  +1.295066e+00  +1.228523e+00  +5.022902e-01  +8.227524e-01  +1.328867e+00  +1.729087e-01  +1.924364e+00  +5.830313e+00  +3.659445e+00  +2.855566e+00  +2.185125e+02  +4.309400e+00  +5.128358e+00  +3.005066e+02  +5.252209e+00  +3.798221e+00  +3.417622e+02  +2.880707e+00  +4.479204e+00  +4.037726e+02  
covariance:
+3.014902e-06  +7.137152e-07  +6.244575e-06  +1.234498e-06  -2.079539e-06  -6.093063e-06  -3.258272e-06  +7.885123e-06  +4.238779e-06  -2.834817e-05  +1.027888e-04  +1.716072e-07  +4.732533e-07  -6.542541e-03  +8.099769e-07  -8.580797e-07  -9.963080e-03  -1.125200e-07  +2.749146e-07  -1.003305e-02  -2.858469e-07  +1.895306e-07  -6.736941e-03  
+7.137152e-07  +1.687318e-06  +3.468454e-06  +1.623688e-06  -7.928962e-07  -2.333045e-06  -1.262769e-06  +6.629166e-07  +3.062898e-07  -2.536315e-06  +3.531742e-05  -1.557956e-08  -9.556016e-09  -1.765421e-03  +1.098218e-07  -3.131157e-07  -2.899920e-03  +7.826337e-08  +3.423039e-08  -3.112932e-03  +5.084809e-08  +1.047505e-07  -2.288132e-03  
+6.244575e-06  +3.468454e-06  +3.998413e-05  +4.123148e-07  -8.698845e-06  -2.646241e-05  -1.885630e-05  +3.003709e-05  +8.927160e-06  -6.024800e-05  +4.377577e-04  +6.514298e-07  +6.080754e-07  -2.457187e-02  +1.963025e-06  -4.663834e-06  -3.885821e-02  -9.134081e-08  +1.527890e-06  -4.222115e-02  -8.800952e-07  +1.127109e-06  -2.800618e-02  
+1.234498e-06  +1.623688e-06  +4.123148e-07  +8.704978e-05  +2.022190e-06  -7.592668e-06  +1.025038e-05  -7.249700e-05  -7.596206e-06  +2.577180e-05  +6.353178e-05  -1.544605e-06  +9.717438e-07  +3.492524e-03  -4.871828e-07  -3.308929e-07  +1.526806e-02  -2.007011e-06  -1.220771e-06  +3.426523e-03  +8.110124e-07  +1.181491e-06  +1.138183e-04  
-2.079539e-06  -7.928962e-07  -8.698845e-06  +2.022190e-06  +5.315482e-06  +9.595210e-06  +2.453443e-06  -1.596757e-05  -5.455601e-06  +4.034778e-05  -1.497692e-04  +2.295034e-08  -2.901790e-07  +9.941533e-03  -9.874959e-07  +9.377269e-07  +1.563761e-02  -2.104098e-07  -8.549583e-08  +1.352212e-02  +6.914930e-07  -1.319683e-07  +1.079013e-02  
-6.093063e-06  -2.333045e-06  -2.646241e-05  -7.592668e-06  +9.595210e-06  +3.303883e-05  +5.701310e-06  -1.656972e-05  -9.930735e-06  +8.590800e-05  -4.900584e-04  +3.302324e-07  -1.314842e-06  +2.663290e-02  -2.445164e-06  +3.526723e-06  +3.874404e-02  +4.214787e-07  -1.393164e-06  +4.015890e-02  +1.118809e-06  -5.889695e-08  +3.190308e-02  
-3.258272e-06  -1.262769e-06  -1.885630e-05  +1.025038e-05  +2.453443e-06  +5.701310e-06  +2.262255e-05  -2.393719e-05  -7.128506e-06  +2.716915e-05  -1.459212e-04  -1.789914e-06  -1.730658e-07  +9.379573e-03  -1.264483e-06  +2.385758e-06  +1.753748e-02  -3.798429e-07  -1.349896e-06  +2.064981e-02  +3.467107e-07  -5.359891e-07  +7.297692e-03  
+7.885123e-06  +6.629166e-07  +3.003709e-05  -7.249700e-05  -1.596757e-05  -1.656972e-05  -2.393719e-05  +2.272459e-04  +4.902070e-05  -2.942712e-04  +4.319933e-04  +2.680285e-06  +2.810076e-06  -5.069351e-02  +9.419999e-06  -4.365504e-06  -9.252885e-02  +6.970826e-07  +3.859891e-08  -6.199722e-02  -5.229527e-06  +9.509919e-07  -4.053317e-02  
+4.238779e-06  +3.062898e-07  +8.927160e-06  -7.596206e-06  -5.455601e-06  -9.930735e-06  -7.128506e-06  +4.902070e-05  +2.333190e-05  -1.466254e-04  +2.114287e-04  +1.248335e-06  +1.265919e-06  -2.185943e-02  +4.353745e-06  -1.406084e-06  -3.412240e-02  -7.926396e-08  -2.595613e-07  -2.748594e-02  -1.461103e-06  +5.089781e-07  -1.801478e-02  
-2.834817e-05  -2.536315e-06  -6.024800e-05  +2.577180e-05  +4.034778e-05  +8.590800e-05  +2.716915e-05  -2.942712e-04  -1.466254e-04  +9.756436e-04  -1.628632e-03  -5.626845e-06  -9.312049e-06  +1.520683e-01  -2.886491e-05  +9.933246e-06  +2.312871e-01  +1.594205e-06  +1.176141e-06  +1.895285e-01  +9.907040e-06  -2.565437e-06  +1.344328e-01  
+1.027888e-04  +3.531742e-05  +4.377577e-04  +6.353178e-05  -1.497692e-04  -4.900584e-04  -1.459212e-04  +4.319933e-04  +2.114287e-04  -1.628632e-03  +7.787479e-03  +8.313049e-07  +2.475384e-05  -4.550207e-01  +5.408697e-05  -6.153495e-05  -6.786159e-01  -5.467797e-06  +2.859387e-05  -6.950723e-01  -1.992127e-05  +1.032945e-06  -5.134401e-01  
+1.716072e-07  -1.557956e-08  +6.514298e-07  -1.544605e-06  +2.295034e-08  +3.302324e-07  -1.789914e-06  +2.680285e-06  +1.248335e-06  -5.626845e-06  +8.313049e-07  +6.438191e-07  -2.343856e-07  -6.067206e-04  +3.762393e-07  -9.293308e-08  -9.758996e-04  +7.841498e-08  +3.920887e-08  -1.225412e-03  +6.552472e-08  +1.083084e-07  -1.258119e-04  
+4.732533e-07  -9.556016e-09  +6.080754e-07  +9.717438e-07  -2.901790e-07  -1.314842e-06  -1.730658e-07  +2.810076e-06  +1.265919e-06  -9.312049e-06  +2.475384e-05  -2.343856e-07  +1.295277e-06  -1.523899e-03  +2.636679e-07  -3.422067e-09  -2.694442e-03  -1.685885e-07  +2.493138e-07  -2.319848e-03  -1.305689e-07  -7.201306e-08  -1.692439e-03  
-6.542541e-03  -1.765421e-03  -2.457187e-02  +3.492524e-03  +9.941533e-03  +2.663290e-02  +9.379573e-03  -5.069351e-02  -2.185943e-02  +1.520683e-01  -4.550207e-01  -6.067206e-04  -1.523899e-03  +3.324789e+01  -4.820055e-03  +3.636232e-03  +5.040112e+01  +1.092386e-04  -1.231976e-03  +4.574035e+01  +1.807645e-03  -4.694232e-04  +3.321173e+01  
+8.099769e-07  +1.098218e-07  +1.963025e-06  -4.871828e-07  -9.874959e-07  -2.445164e-06  -1.264483e-06  +9.419999e-06  +4.353745e-06  -2.886491e-05  +5.408697e-05  +3.762393e-07  +2.636679e-07  -4.820055e-03  +1.724140e-06  -4.773312e-07  -7.090439e-03  +1.116440e-07  +3.590784e-07  -6.866626e-03  -1.112089e-07  -1.642102e-08  -4.261503e-03  
-8.580797e-07  -3.131157e-07  -4.663834e-06  -3.308929e-07  +9.377269e-07  +3.526723e-06  +2.385758e-06  -4.365504e-06  -1.406084e-06  +9.933246e-06  -6.153495e-05  -9.293308e-08  -3.422067e-09  +3.636232e-03  -4.773312e-07  +1.084838e-06  +5.397815e-03  +1.264799e-07  -4.749007e-07  +6.276246e-03  +2.251693e-07  -3.243328e-08  +3.884332e-03  
-9.963080e-03  -2.899920e-03  -3.885821e-02  +1.526806e-02  +1.563761e-02  +3.874404e-02  +1.753748e-02  -9.252885e-02  -3.412240e-02  +2.312871e-01  -6.786159e-01  -9.758996e-04  -2.694442e-03  +5.040112e+01  -7.090439e-03  +5.397815e-03  +8.244347e+01  -2.463903e-04  -2.145003e-03  +7.043369e+01  +2.694962e-03  -3.114235e-04  +5.137104e+01  
-1.125200e-07  +7.826337e-08  -9.134081e-08  -2.007011e-06  -2.104098e-07  +4.214787e-07  -3.798429e-07  +6.970826e-07  -7.926396e-08  +1.594205e-06  -5.467797e-06  +7.841498e-08  -1.685885e-07  +1.092386e-04  +1.116440e-07  +1.264799e-07  -2.463903e-04  +7.664552e-07  +5.297435e-08  +2.358973e-04  +1.300392e-07  -1.313832e-07  -2.278074e-05  
+2.749146e-07  +3.423039e-08  +1.527890e-06  -1.220771e-06  -8.549583e-08  -1.393164e-06  -1.349896e-06  +3.859891e-08  -2.595613e-07  +1.176141e-06  +2.859387e-05  +3.920887e-08  +2.493138e-07  -1.231976e-03  +3.590784e-07  -4.749007e-07  -2.145003e-03  +5.297435e-08  +1.081991e-06  -3.027712e-03  +4.179762e-09  -1.859930e-07  -1.728547e-03  
-1.003305e-02  -3.112932e-03  -4.222115e-02  +3.426523e-03  +1.352212e-02  +4.015890e-02  +2.064981e-02  -6.199722e-02  -2.748594e-02  +1.895285e-01  -6.950723e-01  -1.225412e-03  -2.319848e-03  +4.574035e+01  -6.866626e-03  +6.276246e-03  +7.043369e+01  +2.358973e-04  -3.027712e-03  +7.087075e+01  +2.153346e-03  -3.832252e-04  +4.782407e+01  
-2.858469e-07  +5.084809e-08  -8.800952e-07  +8.110124e-07  +6.914930e-07  +1.118809e-06  +3.467107e-07  -5.229527e-06  -1.461103e-06  +9.907040e-06  -1.992127e-05  +6.552472e-08  -1.305689e-07  +1.807645e-03  -1.112089e-07  +2.251693e-07  +2.694962e-03  +1.300392e-07  +4.179762e-09  +2.153346e-03  +5.694543e-07  -5.285974e-08  +1.467269e-03  
+1.895306e-07  +1.047505e-07  +1.127109e-06  +1.181491e-06  -1.319683e-07  -5.889695e-08  -5.359891e-07  +9.509919e-07  +5.089781e-07  -2.565437e-06  +1.032945e-06  +1.083084e-07  -7.201306e-08  -4.694232e-04  -1.642102e-08  -3.243328e-08  -3.114235e-04  -1.313832e-07  -1.859930e-07  -3.832252e-04  -5.285974e-08  +6.529711e-07  +6.941257e-05  
-6.736941e-03  -2.288132e-03  -2.800618e-02  +1.138183e-04  +1.079013e-02  +3.190308e-02  +7.297692e-03  -4.053317e-02  -1.801478e-02  +1.344328e-01  -5.134401e-01  -1.258119e-04  -1.692439e-03  +3.321173e+01  -4.261503e-03  +3.884332e-03  +5.137104e+01  -2.278074e-05  -1.728547e-03  +4.782407e+01  +1.467269e-03  +6.941257e-05  +3.758636e+01  
