mean:
+3.983705e+00  +3.940589e+00  +6.611630e-01  -1.162671e+00  +1.674609e+00  +4.933678e-01  +9.308404e-01  +2.004241e+00  +1.442858e-01  +1.994530e+00  +4.824726e+00  +1.839709e+00  +2.983348e+00  +8.172957e+02  +4.959532e+00  +4.479149e+00  +2.037141e+03  
covariance:
+6.485568e-06  +1.539306e-06  +3.693016e-06  +1.055122e-06  +4.035055e-06  -1.952675e-06  +5.886461e-06  -1.375118e-05  -9.869716e-07  +8.227562e-06  -2.829036e-05  +2.294639e-07  -3.790052e-07  +2.574936e-03  +1.241130e-07  -1.895729e-07  +7.785011e-03  
+1.539306e-06  +6.250935e-06  -3.540763e-06  +4.066757e-06  +3.102120e-06  +2.421904e-06  -1.051468e-06  +2.354676e-05  +6.969854e-07  -5.024465e-06  +3.264099e-05  -5.052091e-08  -5.401768e-08  -2.476058e-03  +8.059176e-08  -2.787628e-08  -8.670107e-03  
+3.693016e-06  -3.540763e-06  +1.049910e-04  -4.156489e-05  -1.899497e-06  -3.790052e-05  +5.448938e-05  -3.807491e-04  -7.140908e-06  +9.609962e-05  -4.053693e-04  +2.046454e-06  -3.511469e-07  +3.985476e-02  -1.570619e-07  -1.510092e-06  +1.732920e-01  
+1.055122e-06  +4.066757e-06  -4.156489e-05  +2.530556e-04  -3.334196e-05  +4.556761e-07  -7.397892e-05  -1.190913e-04  +2.202496e-05  -1.736154e-04  +1.060495e-04  -6.216554e-06  +1.179833e-06  +7.065819e-03  -1.648253e-06  -8.979547e-07  -4.766256e-02  
+4.035055e-06  +3.102120e-06  -1.899497e-06  -3.334196e-05  +9.328121e-05  -7.373673e-07  +1.971623e-05  -5.439304e-05  -1.598284e-06  +2.990367e-05  -1.142590e-04  +3.814102e-06  -3.226725e-06  +1.260957e-02  -6.958618e-07  -8.561969e-07  +3.369467e-02  
-1.952675e-06  +2.421904e-06  -3.790052e-05  +4.556761e-07  -7.373673e-07  +2.391990e-05  -8.788556e-06  +2.730330e-04  -1.662088e-06  -1.925634e-05  +2.567544e-04  -1.265370e-06  +6.714215e-08  -2.997254e-02  +5.234531e-07  +7.203532e-07  -9.606905e-02  
+5.886461e-06  -1.051468e-06  +5.448938e-05  -7.397892e-05  +1.971623e-05  -8.788556e-06  +1.167337e-04  +4.292416e-05  -2.528158e-05  +1.517407e-04  -4.802259e-05  +2.216506e-06  -3.096085e-06  -9.662033e-03  +1.568525e-06  -9.837771e-07  +6.908536e-02  
-1.375118e-05  +2.354676e-05  -3.807491e-04  -1.190913e-04  -5.439304e-05  +2.730330e-04  +4.292416e-05  +4.834896e-03  -9.323120e-05  +2.327110e-04  +3.876456e-03  -1.430700e-05  +4.367195e-07  -4.849430e-01  +7.828777e-06  +1.530765e-05  -1.386409e+00  
-9.869716e-07  +6.969854e-07  -7.140908e-06  +2.202496e-05  -1.598284e-06  -1.662088e-06  -2.528158e-05  -9.323120e-05  +9.307832e-06  -5.057625e-05  -5.822968e-05  -3.631017e-07  +5.453358e-07  +1.186262e-02  -3.382606e-07  -1.923984e-07  +1.011260e-02  
+8.227562e-06  -5.024465e-06  +9.609962e-05  -1.736154e-04  +2.990367e-05  -1.925634e-05  +1.517407e-04  +2.327110e-04  -5.057625e-05  +3.965747e-04  -1.297894e-04  +6.012456e-06  -3.968090e-06  -2.328903e-02  +2.172305e-06  +5.237172e-07  +6.175722e-02  
-2.829036e-05  +3.264099e-05  -4.053693e-04  +1.060495e-04  -1.142590e-04  +2.567544e-04  -4.802259e-05  +3.876456e-03  -5.822968e-05  -1.297894e-04  +4.288002e-03  -2.103302e-05  +6.948391e-06  -4.812301e-01  +3.885252e-06  +1.365397e-05  -1.269458e+00  
+2.294639e-07  -5.052091e-08  +2.046454e-06  -6.216554e-06  +3.814102e-06  -1.265370e-06  +2.216506e-06  -1.430700e-05  -3.631017e-07  +6.012456e-06  -2.103302e-05  +1.199351e-06  -1.792305e-07  +2.094937e-03  +1.149450e-08  -6.736951e-08  +7.393270e-03  
-3.790052e-07  -5.401768e-08  -3.511469e-07  +1.179833e-06  -3.226725e-06  +6.714215e-08  -3.096085e-06  +4.367195e-07  +5.453358e-07  -3.968090e-06  +6.948391e-06  -1.792305e-07  +7.730190e-07  +1.182142e-04  +5.711678e-08  +1.299677e-07  -1.497845e-03  
+2.574936e-03  -2.476058e-03  +3.985476e-02  +7.065819e-03  +1.260957e-02  -2.997254e-02  -9.662033e-03  -4.849430e-01  +1.186262e-02  -2.328903e-02  -4.812301e-01  +2.094937e-03  +1.182142e-04  +6.935574e+01  -7.774675e-04  -1.708137e-03  +1.526590e+02  
+1.241130e-07  +8.059176e-08  -1.570619e-07  -1.648253e-06  -6.958618e-07  +5.234531e-07  +1.568525e-06  +7.828777e-06  -3.382606e-07  +2.172305e-06  +3.885252e-06  +1.149450e-08  +5.711678e-08  -7.774675e-04  +3.575319e-07  -2.453549e-08  -1.036185e-03  
-1.895729e-07  -2.787628e-08  -1.510092e-06  -8.979547e-07  -8.561969e-07  +7.203532e-07  -9.837771e-07  +1.530765e-05  -1.923984e-07  +5.237172e-07  +1.365397e-05  -6.736951e-08  +1.299677e-07  -1.708137e-03  -2.453549e-08  +4.166772e-07  -4.507441e-03  
+7.785011e-03  -8.670107e-03  +1.732920e-01  -4.766256e-02  +3.369467e-02  -9.606905e-02  +6.908536e-02  -1.386409e+00  +1.011260e-02  +6.175722e-02  -1.269458e+00  +7.393270e-03  -1.497845e-03  +1.526590e+02  -1.036185e-03  -4.507441e-03  +5.071724e+02  
