mean:
+3.967611e+00  +4.005378e+00  +5.987231e-01  +1.999706e+00  +1.300860e+00  +6.009255e-01  +8.396353e-01  +2.182406e+00  +3.854410e-02  +3.887076e+00  +5.871661e+00  +4.624093e+00  +3.191286e+00  +3.281935e+02  +2.670958e+00  +3.677577e+00  +4.556046e+02  +4.719914e+00  +4.880290e+00  +8.050298e+02  +3.938926e+00  +5.173091e+00  +4.367165e+02  
covariance:
+2.910201e-06  -3.951441e-07  -4.318365e-06  +9.001852e-06  +2.631834e-06  -1.387798e-07  +8.843202e-06  -5.461116e-06  -3.724964e-07  +1.652708e-05  -5.951252e-05  +3.757988e-08  +1.466366e-08  +5.242256e-04  -5.703351e-08  +1.609834e-07  +1.973540e-03  -3.255781e-08  -9.504014e-09  +4.172320e-03  +2.777312e-07  +2.620241e-07  +1.101042e-03  
-3.951441e-07  +5.565927e-06  +2.750370e-06  -2.562480e-06  -3.185791e-06  +2.055986e-07  -3.318891e-06  -1.088682e-07  +2.208337e-07  -6.539997e-06  +1.820832e-05  -5.451649e-08  -7.150877e-08  -4.437919e-04  +3.353332e-07  -5.557688e-08  -7.944638e-04  -5.595024e-09  +8.971137e-09  -1.077686e-03  +2.467190e-07  -2.441112e-08  -6.750495e-04  
-4.318365e-06  +2.750370e-06  +4.176681e-05  -4.094298e-05  -2.086825e-05  +3.980385e-06  -5.762391e-05  +1.965872e-05  +2.472616e-06  -9.739578e-05  +3.531232e-04  -6.707776e-07  +2.854170e-07  -6.290810e-03  +1.488962e-06  -1.677110e-06  -1.196906e-02  -1.348027e-06  -5.553433e-07  -2.774848e-02  +9.083521e-08  -5.074320e-07  -3.323781e-03  
+9.001852e-06  -2.562480e-06  -4.094298e-05  +1.120333e-04  +3.097688e-05  -4.254957e-07  +7.997904e-05  -2.193298e-05  -3.285149e-06  +1.420269e-04  -5.278445e-04  -1.235513e-06  -7.572090e-07  +6.089912e-03  -1.283951e-06  +3.044474e-06  +2.038518e-02  +1.953386e-07  +1.235566e-06  +3.608378e-02  +1.960472e-06  +3.616216e-07  +9.687905e-03  
+2.631834e-06  -3.185791e-06  -2.086825e-05  +3.097688e-05  +2.734099e-05  -1.061336e-06  +3.524452e-05  -8.336688e-06  -1.483023e-06  +6.046304e-05  -2.109422e-04  -4.353050e-08  -4.697445e-08  +3.764148e-03  -9.059217e-07  +1.253146e-06  +8.591146e-03  +2.044085e-07  +8.078728e-07  +1.441788e-02  +2.348293e-07  +4.190463e-07  +4.887963e-03  
-1.387798e-07  +2.055986e-07  +3.980385e-06  -4.254957e-07  -1.061336e-06  +1.218061e-06  -6.055545e-06  -2.477850e-06  +2.604121e-07  -6.526401e-06  +2.355020e-05  -3.185241e-07  +1.456471e-07  -7.165993e-04  +1.765593e-07  -3.386171e-07  -1.258924e-03  -1.571290e-07  -5.836060e-08  -2.022204e-03  +4.239610e-07  +2.469939e-08  -9.928709e-05  
+8.843202e-06  -3.318891e-06  -5.762391e-05  +7.997904e-05  +3.524452e-05  -6.055545e-06  +1.229336e-04  +8.699444e-06  -5.108830e-06  +1.829705e-04  -6.649335e-04  +1.801557e-06  -2.945287e-06  +8.551691e-03  -7.697215e-07  +4.346215e-06  +2.998362e-02  -2.830864e-07  +1.682905e-06  +4.461632e-02  +6.857634e-07  +1.262316e-06  +1.457126e-02  
-5.461116e-06  -1.088682e-07  +1.965872e-05  -2.193298e-05  -8.336688e-06  -2.477850e-06  +8.699444e-06  +1.408624e-04  -1.921650e-07  -4.533608e-05  +1.664524e-04  +1.436496e-06  -5.283908e-06  -2.035821e-03  +5.230288e-07  +3.407592e-06  +8.204365e-03  -2.897341e-06  +2.233536e-06  -2.095778e-02  -2.370284e-06  -1.734341e-06  +6.162314e-03  
-3.724964e-07  +2.208337e-07  +2.472616e-06  -3.285149e-06  -1.483023e-06  +2.604121e-07  -5.108830e-06  -1.921650e-07  +2.417198e-07  -7.921680e-06  +2.797202e-05  -9.056612e-08  +1.106587e-07  -3.626617e-04  +2.934793e-08  -1.744858e-07  -1.240994e-03  +4.805103e-09  -6.096043e-08  -1.894432e-03  -2.958046e-08  -6.707013e-08  -5.874322e-04  
+1.652708e-05  -6.539997e-06  -9.739578e-05  +1.420269e-04  +6.046304e-05  -6.526401e-06  +1.829705e-04  -4.533608e-05  -7.921680e-06  +3.372692e-04  -1.172155e-03  +3.505447e-06  -3.136708e-06  +1.361857e-02  -1.074999e-06  +4.998437e-06  +4.429575e-02  +3.672210e-08  +8.600417e-07  +8.032180e-02  +3.398968e-06  +4.593168e-06  +2.203134e-02  
-5.951252e-05  +1.820832e-05  +3.531232e-04  -5.278445e-04  -2.109422e-04  +2.355020e-05  -6.649335e-04  +1.664524e-04  +2.797202e-05  -1.172155e-03  +4.295768e-03  -9.690197e-06  +1.277116e-05  -4.870391e-02  +3.077871e-06  -1.913705e-05  -1.590833e-01  +8.190698e-07  -1.849758e-06  -2.981957e-01  -1.189681e-05  -1.453619e-05  -7.965085e-02  
+3.757988e-08  -5.451649e-08  -6.707776e-07  -1.235513e-06  -4.353050e-08  -3.185241e-07  +1.801557e-06  +1.436496e-06  -9.056612e-08  +3.505447e-06  -9.690197e-06  +4.400915e-07  -1.830796e-07  +8.106289e-05  +7.940700e-08  +2.705737e-08  +4.464892e-04  -8.015645e-08  -4.787663e-08  +6.391255e-04  -2.588809e-08  +1.410481e-07  +2.226399e-04  
+1.466366e-08  -7.150877e-08  +2.854170e-07  -7.572090e-07  -4.697445e-08  +1.456471e-07  -2.945287e-06  -5.283908e-06  +1.106587e-07  -3.136708e-06  +1.277116e-05  -1.830796e-07  +7.311272e-07  +2.001006e-06  -1.471813e-07  -2.136683e-07  -1.162523e-03  +1.324360e-07  +5.769432e-08  -1.697562e-04  -2.691081e-08  -6.417601e-08  -6.912340e-04  
+5.242256e-04  -4.437919e-04  -6.290810e-03  +6.089912e-03  +3.764148e-03  -7.165993e-04  +8.551691e-03  -2.035821e-03  -3.626617e-04  +1.361857e-02  -4.870391e-02  +8.106289e-05  +2.001006e-06  +1.279235e+00  -2.799584e-04  +2.907865e-04  +1.852221e+00  +1.965600e-04  +1.431882e-04  +3.836365e+00  -1.982124e-04  +7.344057e-05  +7.432581e-01  
-5.703351e-08  +3.353332e-07  +1.488962e-06  -1.283951e-06  -9.059217e-07  +1.765593e-07  -7.697215e-07  +5.230288e-07  +2.934793e-08  -1.074999e-06  +3.077871e-06  +7.940700e-08  -1.471813e-07  -2.799584e-04  +4.299657e-07  -5.313391e-09  -8.917094e-05  -1.023744e-07  -9.855053e-08  -4.549345e-04  +1.519328e-07  +1.633365e-07  +2.385657e-04  
+1.609834e-07  -5.557688e-08  -1.677110e-06  +3.044474e-06  +1.253146e-06  -3.386171e-07  +4.346215e-06  +3.407592e-06  -1.744858e-07  +4.998437e-06  -1.913705e-05  +2.705737e-08  -2.136683e-07  +2.907865e-04  -5.313391e-09  +4.186979e-07  +1.166130e-03  -4.659180e-09  +9.783144e-08  +1.086324e-03  -8.537492e-08  +4.763401e-10  +5.383514e-04  
+1.973540e-03  -7.944638e-04  -1.196906e-02  +2.038518e-02  +8.591146e-03  -1.258924e-03  +2.998362e-02  +8.204365e-03  -1.240994e-03  +4.429575e-02  -1.590833e-01  +4.464892e-04  -1.162523e-03  +1.852221e+00  -8.917094e-05  +1.166130e-03  +8.460742e+00  -3.951673e-04  +4.568459e-04  +9.401563e+00  +1.963443e-04  +3.152421e-04  +4.653472e+00  
-3.255781e-08  -5.595024e-09  -1.348027e-06  +1.953386e-07  +2.044085e-07  -1.571290e-07  -2.830864e-07  -2.897341e-06  +4.805103e-09  +3.672210e-08  +8.190698e-07  -8.015645e-08  +1.324360e-07  +1.965600e-04  -1.023744e-07  -4.659180e-09  -3.951673e-04  +4.145482e-07  -9.621749e-09  +5.207927e-04  -6.563969e-08  -4.912287e-08  -6.941423e-04  
-9.504014e-09  +8.971137e-09  -5.553433e-07  +1.235566e-06  +8.078728e-07  -5.836060e-08  +1.682905e-06  +2.233536e-06  -6.096043e-08  +8.600417e-07  -1.849758e-06  -4.787663e-08  +5.769432e-08  +1.431882e-04  -9.855053e-08  +9.783144e-08  +4.568459e-04  -9.621749e-09  +3.287109e-07  +2.328073e-05  +1.080106e-08  -1.245912e-07  +1.294395e-04  
+4.172320e-03  -1.077686e-03  -2.774848e-02  +3.608378e-02  +1.441788e-02  -2.022204e-03  +4.461632e-02  -2.095778e-02  -1.894432e-03  +8.032180e-02  -2.981957e-01  +6.391255e-04  -1.697562e-04  +3.836365e+00  -4.549345e-04  +1.086324e-03  +9.401563e+00  +5.207927e-04  +2.328073e-05  +2.346506e+01  +7.854962e-04  +7.856450e-04  +3.406997e+00  
+2.777312e-07  +2.467190e-07  +9.083521e-08  +1.960472e-06  +2.348293e-07  +4.239610e-07  +6.857634e-07  -2.370284e-06  -2.958046e-08  +3.398968e-06  -1.189681e-05  -2.588809e-08  -2.691081e-08  -1.982124e-04  +1.519328e-07  -8.537492e-08  +1.963443e-04  -6.563969e-08  +1.080106e-08  +7.854962e-04  +5.579521e-07  +1.176801e-07  +3.351984e-05  
+2.620241e-07  -2.441112e-08  -5.074320e-07  +3.616216e-07  +4.190463e-07  +2.469939e-08  +1.262316e-06  -1.734341e-06  -6.707013e-08  +4.593168e-06  -1.453619e-05  +1.410481e-07  -6.417601e-08  +7.344057e-05  +1.633365e-07  +4.763401e-10  +3.152421e-04  -4.912287e-08  -1.245912e-07  +7.856450e-04  +1.176801e-07  +4.436812e-07  +5.320355e-04  
+1.101042e-03  -6.750495e-04  -3.323781e-03  +9.687905e-03  +4.887963e-03  -9.928709e-05  +1.457126e-02  +6.162314e-03  -5.874322e-04  +2.203134e-02  -7.965085e-02  +2.226399e-04  -6.912340e-04  +7.432581e-01  +2.385657e-04  +5.383514e-04  +4.653472e+00  -6.941423e-04  +1.294395e-04  +3.406997e+00  +3.351984e-05  +5.320355e-04  +4.573798e+00  
