mean:
+3.983706e+00  +3.939912e+00  +6.476203e-01  -1.147978e+00  +1.658455e+00  +4.905601e-01  +9.195848e-01  +2.025490e+00  +1.496222e-01  +1.938234e+00  +4.784386e+00  +1.839985e+00  +2.983553e+00  +8.049476e+02  +4.959853e+00  +4.479509e+00  +2.005653e+03  
covariance:
+7.171884e-06  +1.166696e-06  -3.662976e-06  +2.504717e-05  +1.524567e-05  -6.946843e-06  +2.046292e-07  -1.251214e-05  +2.223107e-06  -7.284953e-06  -1.024490e-04  +1.853716e-07  -5.457722e-07  +1.399228e-03  -2.469749e-07  -1.507014e-08  +5.779195e-03  
+1.166696e-06  +5.462676e-06  +2.159691e-06  -1.124495e-05  -1.033150e-05  +3.975426e-06  +4.912153e-06  +5.061491e-06  -1.619905e-06  +4.325515e-06  +6.122117e-05  -5.191924e-08  -3.148216e-07  -8.638894e-04  -1.006687e-10  -2.292158e-08  -2.861151e-03  
-3.662976e-06  +2.159691e-06  +7.024296e-05  -7.451996e-05  -4.828323e-05  +2.728066e-05  +3.103105e-05  -6.690839e-05  -6.393464e-06  -3.050549e-06  +2.716792e-04  -1.127491e-07  -8.468724e-07  +5.453750e-04  +6.148852e-07  -4.444245e-07  -2.846569e-02  
+2.504717e-05  -1.124495e-05  -7.451996e-05  +8.434516e-04  +2.193025e-04  -1.410355e-04  +1.930918e-06  -5.460213e-04  +5.355824e-05  -1.895782e-04  -2.043627e-03  +9.107574e-07  -2.644054e-06  +2.378337e-02  -2.639333e-06  -4.529589e-06  +6.014094e-02  
+1.524567e-05  -1.033150e-05  -4.828323e-05  +2.193025e-04  +6.925071e-04  -1.506647e-04  -1.422323e-04  -1.052273e-04  +6.893325e-05  -1.378356e-04  -2.168121e-03  +1.140121e-05  -2.154380e-06  +5.008601e-02  -2.953179e-06  -1.289604e-06  +1.336256e-01  
-6.946843e-06  +3.975426e-06  +2.728066e-05  -1.410355e-04  -1.506647e-04  +5.396926e-05  +3.451482e-05  +6.233334e-05  -2.253008e-05  +5.536480e-05  +7.603463e-04  -2.368049e-06  +5.630916e-07  -1.430202e-02  +1.018640e-06  +5.988022e-07  -3.874894e-02  
+2.046292e-07  +4.912153e-06  +3.103105e-05  +1.930918e-06  -1.422323e-04  +3.451482e-05  +1.917974e-04  -2.196991e-04  -3.165131e-05  -3.354889e-06  +6.829479e-04  -3.342771e-06  -1.704400e-07  -1.258859e-02  -1.811934e-08  -2.325036e-07  -5.727410e-02  
-1.251214e-05  +5.061491e-06  -6.690839e-05  -5.460213e-04  -1.052273e-04  +6.233334e-05  -2.196991e-04  +1.576492e-03  -1.328846e-05  +1.590155e-04  +9.945134e-04  +1.008705e-07  +1.445936e-06  -2.115784e-02  +3.232097e-06  +5.033869e-06  +1.020201e-01  
+2.223107e-06  -1.619905e-06  -6.393464e-06  +5.355824e-05  +6.893325e-05  -2.253008e-05  -3.165131e-05  -1.328846e-05  +1.398810e-05  -2.978679e-05  -3.762273e-04  +1.422705e-06  -3.224408e-07  +6.723486e-03  -2.313575e-07  -3.289729e-07  +1.911540e-02  
-7.284953e-06  +4.325515e-06  -3.050549e-06  -1.895782e-04  -1.378356e-04  +5.536480e-05  -3.354889e-06  +1.590155e-04  -2.978679e-05  +1.375610e-04  +8.691909e-04  -3.149136e-06  +6.073802e-08  -1.316119e-02  +1.969990e-07  +1.351992e-06  -2.741273e-02  
-1.024490e-04  +6.122117e-05  +2.716792e-04  -2.043627e-03  -2.168121e-03  +7.603463e-04  +6.829479e-04  +9.945134e-04  -3.762273e-04  +8.691909e-04  +1.220612e-02  -3.734741e-05  +1.433101e-05  -2.219036e-01  +1.167466e-05  +1.099393e-05  -6.019214e-01  
+1.853716e-07  -5.191924e-08  -1.127491e-07  +9.107574e-07  +1.140121e-05  -2.368049e-06  -3.342771e-06  +1.008705e-07  +1.422705e-06  -3.149136e-06  -3.734741e-05  +8.144147e-07  -7.410242e-08  +1.204816e-03  +3.563626e-09  +9.069046e-08  +1.940099e-03  
-5.457722e-07  -3.148216e-07  -8.468724e-07  -2.644054e-06  -2.154380e-06  +5.630916e-07  -1.704400e-07  +1.445936e-06  -3.224408e-07  +6.073802e-08  +1.433101e-05  -7.410242e-08  +8.909110e-07  -3.575116e-04  +5.074597e-08  +9.103824e-08  -9.388777e-04  
+1.399228e-03  -8.638894e-04  +5.453750e-04  +2.378337e-02  +5.008601e-02  -1.430202e-02  -1.258859e-02  -2.115784e-02  +6.723486e-03  -1.316119e-02  -2.219036e-01  +1.204816e-03  -3.575116e-04  +8.594566e+00  -3.601527e-04  -1.865926e-04  +9.020961e+00  
-2.469749e-07  -1.006687e-10  +6.148852e-07  -2.639333e-06  -2.953179e-06  +1.018640e-06  -1.811934e-08  +3.232097e-06  -2.313575e-07  +1.969990e-07  +1.167466e-05  +3.563626e-09  +5.074597e-08  -3.601527e-04  +2.438967e-07  +5.728851e-09  -5.449356e-04  
-1.507014e-08  -2.292158e-08  -4.444245e-07  -4.529589e-06  -1.289604e-06  +5.988022e-07  -2.325036e-07  +5.033869e-06  -3.289729e-07  +1.351992e-06  +1.099393e-05  +9.069046e-08  +9.103824e-08  -1.865926e-04  +5.728851e-09  +3.959748e-07  -2.603015e-04  
+5.779195e-03  -2.861151e-03  -2.846569e-02  +6.014094e-02  +1.336256e-01  -3.874894e-02  -5.727410e-02  +1.020201e-01  +1.911540e-02  -2.741273e-02  -6.019214e-01  +1.940099e-03  -9.388777e-04  +9.020961e+00  -5.449356e-04  -2.603015e-04  +5.349347e+01  
