mean:
+3.924210e+00  +3.905793e+00  +6.312023e-01  -1.271367e+00  +1.639598e+00  +6.010021e-01  +9.176370e-01  +2.061192e+00  +1.429032e-01  +1.980407e+00  +4.792227e+00  +1.906000e+00  +3.007494e+00  +8.007773e+02  +4.959950e+00  +4.480018e+00  +2.010466e+03  
covariance:
+3.437268e-05  +3.520438e-06  +6.300605e-07  +8.370283e-05  -4.079119e-05  -4.002042e-06  +2.369877e-05  -3.769893e-06  +1.093150e-06  -6.278827e-05  +1.803925e-04  -7.671034e-08  -5.773329e-07  +2.003713e-03  +1.698354e-07  +4.648772e-07  -1.258461e-02  
+3.520438e-06  +1.025666e-05  +3.635963e-06  -2.478561e-05  +1.660044e-05  +1.151805e-06  -1.260005e-05  +1.339343e-05  -8.663546e-07  +2.604728e-05  -5.237169e-05  +1.668547e-07  +2.986884e-07  -1.029305e-03  -4.801905e-09  -1.787834e-08  +2.971056e-03  
+6.300605e-07  +3.635963e-06  +8.220846e-05  +1.992929e-04  -4.525406e-05  +1.293948e-06  -1.478901e-05  +1.433120e-04  +2.054971e-06  +1.854890e-06  -8.304558e-06  +2.009875e-06  -1.052198e-06  +5.394116e-03  +3.371280e-07  +5.907568e-07  +1.155672e-02  
+8.370283e-05  -2.478561e-05  +1.992929e-04  +2.408375e-03  -8.668566e-04  -4.818630e-05  +3.062497e-04  +8.856631e-05  +3.537813e-05  -1.127263e-03  +2.970505e-03  +3.532875e-06  -1.611215e-05  +6.229229e-02  +4.179934e-06  +1.057247e-06  -1.332343e-01  
-4.079119e-05  +1.660044e-05  -4.525406e-05  -8.668566e-04  +9.729209e-04  +2.817319e-05  -2.256479e-04  +2.062625e-04  -5.375411e-06  +6.014285e-04  -1.776312e-03  -5.781148e-07  +1.771928e-06  -8.769160e-03  -4.866644e-07  -3.820914e-07  +5.189487e-02  
-4.002042e-06  +1.151805e-06  +1.293948e-06  -4.818630e-05  +2.817319e-05  +1.346192e-05  -2.350347e-05  +4.407574e-05  +2.023640e-06  +2.076212e-05  -8.419768e-05  +6.714506e-07  -5.076789e-07  +1.260547e-03  -1.562895e-07  -5.565852e-08  +6.516526e-03  
+2.369877e-05  -1.260005e-05  -1.478901e-05  +3.062497e-04  -2.256479e-04  -2.350347e-05  +1.557233e-04  -1.223783e-04  -1.200138e-08  -2.362094e-04  +4.766470e-04  -1.144741e-06  -2.090010e-06  +3.649006e-03  +1.316423e-06  -5.568066e-07  -4.042876e-02  
-3.769893e-06  +1.339343e-05  +1.433120e-04  +8.856631e-05  +2.062625e-04  +4.407574e-05  -1.223783e-04  +6.811888e-04  +1.443451e-05  +7.948324e-05  -3.758924e-04  +7.301495e-06  -1.735898e-06  +1.699993e-02  +6.494321e-07  +1.888642e-06  +1.915824e-02  
+1.093150e-06  -8.663546e-07  +2.054971e-06  +3.537813e-05  -5.375411e-06  +2.023640e-06  -1.200138e-08  +1.443451e-05  +3.127490e-06  -2.918098e-05  +5.390633e-05  +3.661929e-07  -5.189219e-07  +1.658056e-03  +4.768771e-08  +5.663354e-08  -4.240232e-03  
-6.278827e-05  +2.604728e-05  +1.854890e-06  -1.127263e-03  +6.014285e-04  +2.076212e-05  -2.362094e-04  +7.948324e-05  -2.918098e-05  +8.927884e-04  -2.251797e-03  -2.318781e-06  +7.975268e-06  -3.064228e-02  -1.904928e-06  +1.252270e-08  +1.307830e-01  
+1.803925e-04  -5.237169e-05  -8.304558e-06  +2.970505e-03  -1.776312e-03  -8.419768e-05  +4.766470e-04  -3.758924e-04  +5.390633e-05  -2.251797e-03  +7.303516e-03  -6.214409e-07  -6.600108e-06  +8.255130e-02  +3.021871e-06  +9.433332e-07  -3.039709e-01  
-7.671034e-08  +1.668547e-07  +2.009875e-06  +3.532875e-06  -5.781148e-07  +6.714506e-07  -1.144741e-06  +7.301495e-06  +3.661929e-07  -2.318781e-06  -6.214409e-07  +7.160514e-07  +7.784250e-09  +2.221615e-04  -2.692650e-08  +1.291145e-08  -8.285403e-04  
-5.773329e-07  +2.986884e-07  -1.052198e-06  -1.611215e-05  +1.771928e-06  -5.076789e-07  -2.090010e-06  -1.735898e-06  -5.189219e-07  +7.975268e-06  -6.600108e-06  +7.784250e-09  +1.089943e-06  -5.781935e-04  +3.970199e-09  -1.540972e-08  +8.807740e-04  
+2.003713e-03  -1.029305e-03  +5.394116e-03  +6.229229e-02  -8.769160e-03  +1.260547e-03  +3.649006e-03  +1.699993e-02  +1.658056e-03  -3.064228e-02  +8.255130e-02  +2.221615e-04  -5.781935e-04  +5.168434e+00  +1.988527e-04  -7.578111e-05  -2.914715e+00  
+1.698354e-07  -4.801905e-09  +3.371280e-07  +4.179934e-06  -4.866644e-07  -1.562895e-07  +1.316423e-06  +6.494321e-07  +4.768771e-08  -1.904928e-06  +3.021871e-06  -2.692650e-08  +3.970199e-09  +1.988527e-04  +2.371522e-07  -2.865266e-08  -2.846150e-04  
+4.648772e-07  -1.787834e-08  +5.907568e-07  +1.057247e-06  -3.820914e-07  -5.565852e-08  -5.568066e-07  +1.888642e-06  +5.663354e-08  +1.252270e-08  +9.433332e-07  +1.291145e-08  -1.540972e-08  -7.578111e-05  -2.865266e-08  +2.964869e-07  -9.098697e-06  
-1.258461e-02  +2.971056e-03  +1.155672e-02  -1.332343e-01  +5.189487e-02  +6.516526e-03  -4.042876e-02  +1.915824e-02  -4.240232e-03  +1.307830e-01  -3.039709e-01  -8.285403e-04  +8.807740e-04  -2.914715e+00  -2.846150e-04  -9.098697e-06  +3.479478e+01  
