mean:
+3.928175e+00  +3.906883e+00  +6.457354e-01  -1.216201e+00  +1.658695e+00  +5.875038e-01  +9.219263e-01  +2.067362e+00  +1.429738e-01  +1.999079e+00  +4.746595e+00  +1.905412e+00  +3.007171e+00  +8.091065e+02  +4.959949e+00  +4.479734e+00  +2.009784e+03  
covariance:
+2.042524e-05  +1.195088e-05  -2.726370e-06  +1.488529e-05  -2.949718e-05  +3.476389e-06  -8.383635e-08  +2.016426e-05  +1.617867e-06  -1.994192e-05  +4.949133e-05  -8.142534e-07  +3.015663e-07  +1.626918e-04  +2.929765e-07  -2.292537e-08  -3.156030e-03  
+1.195088e-05  +1.641003e-05  -1.071621e-05  -1.094326e-04  +1.882772e-05  -1.144007e-05  -4.900226e-06  -4.639109e-05  -1.141827e-06  +4.281932e-05  -1.881105e-04  -3.420627e-07  +1.429064e-07  -2.061422e-03  +8.001725e-08  -3.724414e-07  +2.453769e-03  
-2.726370e-06  -1.071621e-05  +1.038759e-04  +3.517033e-04  +4.109090e-05  +1.963785e-05  +6.812264e-05  -1.811935e-04  -5.010561e-06  -8.931354e-05  +3.285930e-04  +1.163269e-06  -4.666603e-07  +6.148847e-03  -3.908320e-07  +7.124822e-07  +1.269323e-02  
+1.488529e-05  -1.094326e-04  +3.517033e-04  +4.262429e-03  -9.833962e-04  +4.251505e-04  +2.893902e-04  +1.178391e-03  +1.319175e-05  -1.450354e-03  +6.153980e-03  -9.067130e-08  +6.372352e-06  +3.977915e-02  -7.215829e-08  +1.049569e-05  -5.100313e-02  
-2.949718e-05  +1.882772e-05  +4.109090e-05  -9.833962e-04  +1.173281e-03  -1.938917e-04  -4.391656e-05  -1.527484e-03  -2.220845e-05  +6.446160e-04  -2.427448e-03  +3.399142e-06  -4.269677e-07  -1.400754e-02  -1.555973e-06  -4.968039e-06  +5.110147e-02  
+3.476389e-06  -1.144007e-05  +1.963785e-05  +4.251505e-04  -1.938917e-04  +5.820495e-05  +1.872457e-05  +2.681658e-04  +5.201100e-06  -2.019629e-04  +8.145437e-04  -6.079513e-07  +8.732542e-07  +4.357964e-03  +2.433478e-08  +1.224941e-06  -1.304161e-02  
-8.383635e-08  -4.900226e-06  +6.812264e-05  +2.893902e-04  -4.391656e-05  +1.872457e-05  +1.173389e-04  -4.439202e-05  -1.284347e-05  -2.682648e-05  +8.847420e-05  +1.769653e-06  +4.882874e-08  +6.368846e-03  -7.378718e-08  +9.869167e-07  +1.941022e-02  
+2.016426e-05  -4.639109e-05  -1.811935e-04  +1.178391e-03  -1.527484e-03  +2.681658e-04  -4.439202e-05  +3.156036e-03  +3.289889e-05  -8.301787e-04  +3.642907e-03  -5.360394e-06  -5.054252e-09  +3.205574e-02  +8.275644e-07  +7.056032e-06  -1.226162e-01  
+1.617867e-06  -1.141827e-06  -5.010561e-06  +1.319175e-05  -2.220845e-05  +5.201100e-06  -1.284347e-05  +3.289889e-05  +4.395448e-06  -3.604892e-05  +1.039420e-04  -5.088631e-07  +1.929513e-07  +2.217685e-04  +7.647858e-08  +5.750851e-09  -5.184451e-03  
-1.994192e-05  +4.281932e-05  -8.931354e-05  -1.450354e-03  +6.446160e-04  -2.019629e-04  -2.682648e-05  -8.301787e-04  -3.604892e-05  +9.224007e-04  -3.293462e-03  +3.924595e-06  -3.893113e-06  -2.444099e-02  +3.567977e-07  -3.514976e-06  +7.377400e-02  
+4.949133e-05  -1.881105e-04  +3.285930e-04  +6.153980e-03  -2.427448e-03  +8.145437e-04  +8.847420e-05  +3.642907e-03  +1.039420e-04  -3.293462e-03  +1.342248e-02  -1.063175e-05  +1.304765e-05  +7.919169e-02  -2.897670e-06  +1.487792e-05  -2.810901e-01  
-8.142534e-07  -3.420627e-07  +1.163269e-06  -9.067130e-08  +3.399142e-06  -6.079513e-07  +1.769653e-06  -5.360394e-06  -5.088631e-07  +3.924595e-06  -1.063175e-05  +6.690833e-07  +6.341124e-08  -2.052157e-04  -1.993392e-08  +1.094426e-08  +6.867450e-04  
+3.015663e-07  +1.429064e-07  -4.666603e-07  +6.372352e-06  -4.269677e-07  +8.732542e-07  +4.882874e-08  -5.054252e-09  +1.929513e-07  -3.893113e-06  +1.304765e-05  +6.341124e-08  +7.979270e-07  -1.457633e-04  -2.843469e-08  +2.353314e-08  -4.572776e-04  
+1.626918e-04  -2.061422e-03  +6.148847e-03  +3.977915e-02  -1.400754e-02  +4.357964e-03  +6.368846e-03  +3.205574e-02  +2.217685e-04  -2.444099e-02  +7.919169e-02  -2.052157e-04  -1.457633e-04  +4.913683e+00  +2.253599e-05  +1.842660e-04  -2.537700e+00  
+2.929765e-07  +8.001725e-08  -3.908320e-07  -7.215829e-08  -1.555973e-06  +2.433478e-08  -7.378718e-08  +8.275644e-07  +7.647858e-08  +3.567977e-07  -2.897670e-06  -1.993392e-08  -2.843469e-08  +2.253599e-05  +3.085694e-07  +3.165902e-08  -1.009188e-06  
-2.292537e-08  -3.724414e-07  +7.124822e-07  +1.049569e-05  -4.968039e-06  +1.224941e-06  +9.869167e-07  +7.056032e-06  +5.750851e-09  -3.514976e-06  +1.487792e-05  +1.094426e-08  +2.353314e-08  +1.842660e-04  +3.165902e-08  +3.008178e-07  -3.719670e-04  
-3.156030e-03  +2.453769e-03  +1.269323e-02  -5.100313e-02  +5.110147e-02  -1.304161e-02  +1.941022e-02  -1.226162e-01  -5.184451e-03  +7.377400e-02  -2.810901e-01  +6.867450e-04  -4.572776e-04  -2.537700e+00  -1.009188e-06  -3.719670e-04  +1.928795e+01  
