mean:
+3.955351e+00  +3.922934e+00  +6.351103e-01  -1.141482e+00  +1.592287e+00  +4.015189e-01  +9.028421e-01  +2.090630e+00  +1.528254e-01  +1.915384e+00  +4.922718e+00  +1.635040e+00  +2.883167e+00  +8.028166e+02  +4.799886e+00  +4.399745e+00  +2.005956e+03  
covariance:
+2.101958e-06  -1.205037e-07  +7.487710e-08  -8.277882e-08  -2.793787e-06  +2.563147e-07  +1.327036e-07  +3.373842e-06  +8.735863e-08  +3.160558e-07  +2.592475e-06  -2.942321e-08  +1.965721e-11  -2.864196e-05  +3.248408e-08  -6.064195e-09  -3.427697e-04  
-1.205037e-07  +2.613128e-06  +2.437781e-06  +3.403196e-06  +2.432611e-06  +4.194649e-07  +2.122886e-07  -1.876791e-06  -8.443433e-07  +6.117363e-06  +7.054528e-06  -1.278702e-07  -1.418890e-08  -3.578769e-04  -2.425655e-08  +2.290113e-08  -1.931692e-04  
+7.487710e-08  +2.437781e-06  +7.724543e-05  +1.739295e-04  -2.859599e-05  +9.832185e-06  +7.828205e-06  +5.744287e-05  -2.503473e-05  +1.571515e-04  +2.817557e-04  -1.918759e-07  +2.143042e-07  -1.533829e-02  +1.761162e-07  +6.742613e-07  -1.149158e-02  
-8.277882e-08  +3.403196e-06  +1.739295e-04  +5.946416e-04  -2.895491e-05  +2.680898e-05  +8.579591e-06  +5.625184e-05  -5.108631e-05  +3.231953e-04  +6.598396e-04  -2.439585e-07  -5.515015e-07  -3.499161e-02  +2.665397e-07  +2.321122e-06  -1.558186e-02  
-2.793787e-06  +2.432611e-06  -2.859599e-05  -2.895491e-05  +5.090883e-04  -4.574879e-05  -1.635513e-05  -6.503630e-05  +3.149212e-05  -1.943563e-04  -3.877387e-04  +9.993539e-07  +1.820932e-07  -3.706462e-03  -1.584926e-07  +5.661806e-07  +7.167542e-02  
+2.563147e-07  +4.194649e-07  +9.832185e-06  +2.680898e-05  -4.574879e-05  +8.952550e-06  +2.810140e-06  +4.645565e-06  -6.523675e-06  +4.068289e-05  +7.917885e-05  -2.828304e-07  -2.814906e-07  -2.864891e-04  -3.776305e-08  -5.121074e-08  -1.173334e-02  
+1.327036e-07  +2.122886e-07  +7.828205e-06  +8.579591e-06  -1.635513e-05  +2.810140e-06  +7.104671e-06  +8.263486e-06  -3.572513e-06  +1.765924e-05  +3.739571e-05  -2.110865e-07  +5.810776e-08  -1.891773e-03  +1.580608e-07  +1.690512e-07  -5.456897e-03  
+3.373842e-06  -1.876791e-06  +5.744287e-05  +5.625184e-05  -6.503630e-05  +4.645565e-06  +8.263486e-06  +2.130257e-04  -2.320955e-05  +1.472069e-04  +2.582964e-04  +4.171243e-07  +1.041803e-06  -1.744377e-02  +3.480262e-07  -6.832308e-07  -2.034464e-02  
+8.735863e-08  -8.443433e-07  -2.503473e-05  -5.108631e-05  +3.149212e-05  -6.523675e-06  -3.572513e-06  -2.320955e-05  +1.255851e-05  -7.798638e-05  -1.356043e-04  +2.915335e-07  +4.717754e-08  +5.231238e-03  +7.215118e-09  -1.437660e-07  +1.046798e-02  
+3.160558e-07  +6.117363e-06  +1.571515e-04  +3.231953e-04  -1.943563e-04  +4.068289e-05  +1.765924e-05  +1.472069e-04  -7.798638e-05  +4.982654e-04  +8.547111e-04  -1.786812e-06  -3.608082e-07  -3.206837e-02  -1.153840e-07  +7.320372e-07  -6.455673e-02  
+2.592475e-06  +7.054528e-06  +2.817557e-04  +6.598396e-04  -3.877387e-04  +7.917885e-05  +3.739571e-05  +2.582964e-04  -1.356043e-04  +8.547111e-04  +1.656960e-03  -3.389898e-06  -3.009253e-07  -5.838747e-02  +2.456543e-07  +2.039524e-06  -1.295463e-01  
-2.942321e-08  -1.278702e-07  -1.918759e-07  -2.439585e-07  +9.993539e-07  -2.828304e-07  -2.110865e-07  +4.171243e-07  +2.915335e-07  -1.786812e-06  -3.389898e-06  +1.758442e-07  -1.368545e-08  -4.674415e-05  -1.955777e-08  +8.351999e-09  +5.119032e-04  
+1.965721e-11  -1.418890e-08  +2.143042e-07  -5.515015e-07  +1.820932e-07  -2.814906e-07  +5.810776e-08  +1.041803e-06  +4.717754e-08  -3.608082e-07  -3.009253e-07  -1.368545e-08  +1.967552e-07  -6.287742e-05  +2.766634e-08  +1.426316e-08  +2.045598e-04  
-2.864196e-05  -3.578769e-04  -1.533829e-02  -3.499161e-02  -3.706462e-03  -2.864891e-04  -1.891773e-03  -1.744377e-02  +5.231238e-03  -3.206837e-02  -5.838747e-02  -4.674415e-05  -6.287742e-05  +5.204528e+00  -6.139470e-05  -2.638163e-04  +1.091799e+00  
+3.248408e-08  -2.425655e-08  +1.761162e-07  +2.665397e-07  -1.584926e-07  -3.776305e-08  +1.580608e-07  +3.480262e-07  +7.215118e-09  -1.153840e-07  +2.456543e-07  -1.955777e-08  +2.766634e-08  -6.139470e-05  +1.008157e-07  +4.723807e-09  -6.183287e-05  
-6.064195e-09  +2.290113e-08  +6.742613e-07  +2.321122e-06  +5.661806e-07  -5.121074e-08  +1.690512e-07  -6.832308e-07  -1.437660e-07  +7.320372e-07  +2.039524e-06  +8.351999e-09  +1.426316e-08  -2.638163e-04  +4.723807e-09  +1.322561e-07  +9.754584e-05  
-3.427697e-04  -1.931692e-04  -1.149158e-02  -1.558186e-02  +7.167542e-02  -1.173334e-02  -5.456897e-03  -2.034464e-02  +1.046798e-02  -6.455673e-02  -1.295463e-01  +5.119032e-04  +2.045598e-04  +1.091799e+00  -6.183287e-05  +9.754584e-05  +2.261449e+01  
