mean:
+3.976789e+00  +4.009105e+00  +8.211865e-01  +1.307902e+00  +1.244243e+00  +5.962446e-01  +8.285647e-01  +1.374562e+00  +1.757950e-01  +1.930582e+00  +5.776439e+00  +3.649437e+00  +2.878051e+00  +2.100543e+02  +4.308922e+00  +5.179913e+00  +2.934451e+02  +5.218022e+00  +3.909200e+00  +3.417389e+02  +2.880673e+00  +4.560051e+00  +4.049127e+02  
covariance:
+2.194535e-06  -2.276949e-07  -1.707307e-05  -2.077358e-05  +3.321591e-06  +6.669520e-07  +7.325369e-06  +1.148739e-05  -9.029653e-06  +5.685645e-05  -1.267940e-04  +1.386903e-05  -8.363021e-06  +5.467628e-03  -6.721527e-07  +1.991544e-06  +8.788377e-03  -1.363745e-06  +1.142831e-06  +1.106968e-02  +5.251186e-07  +7.708169e-07  +7.589058e-03  
-2.276949e-07  +4.499619e-06  +5.597026e-06  +1.061089e-05  -1.078763e-06  -6.238960e-07  -4.170450e-06  -9.489543e-06  +4.078830e-06  -2.388540e-05  +6.001511e-05  -3.990612e-06  +3.386959e-06  -2.215122e-03  +7.075990e-07  -1.913088e-06  -4.624270e-03  +6.975957e-07  -1.506531e-06  -5.939123e-03  +2.953045e-07  +1.113258e-07  -4.264960e-03  
-1.707307e-05  +5.597026e-06  +2.568188e-04  +2.812795e-04  -5.250491e-05  -5.484450e-06  -9.630982e-05  -1.162356e-04  +1.265997e-04  -8.020564e-04  +1.656282e-03  -2.270573e-04  +1.297018e-04  -7.889818e-02  +4.548821e-06  -1.775392e-05  -1.199607e-01  +2.166500e-05  -1.001650e-05  -1.427930e-01  -1.016831e-05  -9.490500e-06  -9.480281e-02  
-2.077358e-05  +1.061089e-05  +2.812795e-04  +3.991621e-04  -5.861211e-05  -4.644573e-06  -1.179792e-04  -1.742916e-04  +1.518939e-04  -9.549802e-04  +1.919065e-03  -2.575429e-04  +1.534695e-04  -9.025926e-02  +3.109954e-06  -2.637567e-05  -1.457423e-01  +2.626846e-05  -1.994287e-05  -1.728577e-01  -9.763265e-06  -6.088226e-06  -1.171988e-01  
+3.321591e-06  -1.078763e-06  -5.250491e-05  -5.861211e-05  +1.221538e-05  +1.489114e-06  +1.769135e-05  +2.163606e-05  -2.569531e-05  +1.650698e-04  -3.348984e-04  +4.732820e-05  -2.661181e-05  +1.625791e-02  -8.070373e-07  +3.099800e-06  +2.421451e-02  -4.584722e-06  +1.703140e-06  +2.835730e-02  +2.462018e-06  +1.957479e-06  +1.921502e-02  
+6.669520e-07  -6.238960e-07  -5.484450e-06  -4.644573e-06  +1.489114e-06  +2.539412e-06  -9.197569e-07  +1.326649e-06  -2.885607e-06  +2.559192e-05  -7.224766e-05  +4.353604e-06  -2.330277e-06  +2.421160e-03  -6.885074e-07  +7.157952e-07  +3.621285e-03  -5.316826e-07  -2.411133e-08  +3.933461e-03  +6.424267e-07  +7.741162e-07  +4.410513e-03  
+7.325369e-06  -4.170450e-06  -9.630982e-05  -1.179792e-04  +1.769135e-05  -9.197569e-07  +5.944240e-05  +6.491149e-05  -5.125285e-05  +2.989994e-04  -6.569940e-04  +8.101018e-05  -4.990294e-05  +2.890553e-02  -2.536566e-06  +1.199714e-05  +4.994758e-02  -7.224522e-06  +8.873906e-06  +6.256956e-02  +1.140391e-06  +1.458809e-06  +3.848437e-02  
+1.148739e-05  -9.489543e-06  -1.162356e-04  -1.742916e-04  +2.163606e-05  +1.326649e-06  +6.491149e-05  +1.993652e-04  -6.557697e-05  +4.024864e-04  -9.674237e-04  +8.959911e-05  -5.704756e-05  +3.917836e-02  -3.977519e-06  +2.163686e-05  +6.650966e-02  -8.866895e-06  +1.496239e-05  +9.470496e-02  -1.141752e-06  +2.079147e-06  +6.235455e-02  
-9.029653e-06  +4.078830e-06  +1.265997e-04  +1.518939e-04  -2.569531e-05  -2.885607e-06  -5.125285e-05  -6.557697e-05  +6.843215e-05  -4.280803e-04  +8.503158e-04  -1.156106e-04  +6.892822e-05  -4.049802e-02  +1.696971e-06  -1.083018e-05  -6.480135e-02  +1.188031e-05  -7.640716e-06  -7.504575e-02  -4.693018e-06  -3.243649e-06  -5.082718e-02  
+5.685645e-05  -2.388540e-05  -8.020564e-04  -9.549802e-04  +1.650698e-04  +2.559192e-05  +2.989994e-04  +4.024864e-04  -4.280803e-04  +2.738352e-03  -5.463089e-03  +7.344607e-04  -4.356019e-04  +2.589067e-01  -1.128477e-05  +6.569787e-05  +4.099979e-01  -7.655917e-05  +4.433912e-05  +4.726857e-01  +3.211092e-05  +2.337003e-05  +3.269332e-01  
-1.267940e-04  +6.001511e-05  +1.656282e-03  +1.919065e-03  -3.348984e-04  -7.224766e-05  -6.569940e-04  -9.674237e-04  +8.503158e-04  -5.463089e-03  +1.213525e-02  -1.440745e-03  +8.397519e-04  -5.298603e-01  +4.188876e-05  -1.562433e-04  -8.376612e-01  +1.384569e-04  -8.795504e-05  -1.022073e+00  -5.570200e-05  -6.642007e-05  -7.111604e-01  
+1.386903e-05  -3.990612e-06  -2.270573e-04  -2.575429e-04  +4.732820e-05  +4.353604e-06  +8.101018e-05  +8.959911e-05  -1.156106e-04  +7.344607e-04  -1.440745e-03  +2.175050e-04  -1.232149e-04  +7.111124e-02  +7.649483e-08  +1.262719e-05  +1.081988e-01  -2.093175e-05  +8.031694e-06  +1.227502e-01  +1.052172e-05  +6.423616e-06  +8.229819e-02  
-8.363021e-06  +3.386959e-06  +1.297018e-04  +1.534695e-04  -2.661181e-05  -2.330277e-06  -4.990294e-05  -5.704756e-05  +6.892822e-05  -4.356019e-04  +8.397519e-04  -1.232149e-04  +7.321042e-05  -4.130327e-02  +4.327358e-07  -9.102468e-06  -6.557566e-02  +1.282565e-05  -6.806006e-06  -7.368607e-02  -5.173347e-06  -2.859227e-06  -4.962270e-02  
+5.467628e-03  -2.215122e-03  -7.889818e-02  -9.025926e-02  +1.625791e-02  +2.421160e-03  +2.890553e-02  +3.917836e-02  -4.049802e-02  +2.589067e-01  -5.298603e-01  +7.111124e-02  -4.130327e-02  +2.575398e+01  -1.460141e-03  +6.069592e-03  +3.901911e+01  -6.977627e-03  +3.825153e-03  +4.552215e+01  +3.212170e-03  +2.617798e-03  +3.109356e+01  
-6.721527e-07  +7.075990e-07  +4.548821e-06  +3.109954e-06  -8.070373e-07  -6.885074e-07  -2.536566e-06  -3.977519e-06  +1.696971e-06  -1.128477e-05  +4.188876e-05  +7.649483e-08  +4.327358e-07  -1.460141e-03  +1.891139e-06  -1.403237e-06  -2.180407e-03  +3.108471e-07  -3.920167e-07  -4.073728e-03  +1.799197e-07  -8.567449e-07  -2.777382e-03  
+1.991544e-06  -1.913088e-06  -1.775392e-05  -2.637567e-05  +3.099800e-06  +7.157952e-07  +1.199714e-05  +2.163686e-05  -1.083018e-05  +6.569787e-05  -1.562433e-04  +1.262719e-05  -9.102468e-06  +6.069592e-03  -1.403237e-06  +4.626882e-06  +1.135228e-02  -1.299138e-06  +3.143855e-06  +1.531691e-02  -8.280197e-08  +1.643366e-07  +1.028281e-02  
+8.788377e-03  -4.624270e-03  -1.199607e-01  -1.457423e-01  +2.421451e-02  +3.621285e-03  +4.994758e-02  +6.650966e-02  -6.480135e-02  +4.099979e-01  -8.376612e-01  +1.081988e-01  -6.557566e-02  +3.901911e+01  -2.180407e-03  +1.135228e-02  +6.398946e+01  -1.138835e-02  +8.105692e-03  +7.372726e+01  +3.814040e-03  +3.079980e-03  +5.070341e+01  
-1.363745e-06  +6.975957e-07  +2.166500e-05  +2.626846e-05  -4.584722e-06  -5.316826e-07  -7.224522e-06  -8.866895e-06  +1.188031e-05  -7.655917e-05  +1.384569e-04  -2.093175e-05  +1.282565e-05  -6.977627e-03  +3.108471e-07  -1.299138e-06  -1.138835e-02  +3.136305e-06  -9.346416e-07  -1.241977e-02  -7.014505e-07  -5.089162e-07  -8.559218e-03  
+1.142831e-06  -1.506531e-06  -1.001650e-05  -1.994287e-05  +1.703140e-06  -2.411133e-08  +8.873906e-06  +1.496239e-05  -7.640716e-06  +4.433912e-05  -8.795504e-05  +8.031694e-06  -6.806006e-06  +3.825153e-03  -3.920167e-07  +3.143855e-06  +8.105692e-03  -9.346416e-07  +3.398870e-06  +9.680431e-03  -2.809006e-07  -7.825607e-07  +6.510800e-03  
+1.106968e-02  -5.939123e-03  -1.427930e-01  -1.728577e-01  +2.835730e-02  +3.933461e-03  +6.256956e-02  +9.470496e-02  -7.504575e-02  +4.726857e-01  -1.022073e+00  +1.227502e-01  -7.368607e-02  +4.552215e+01  -4.073728e-03  +1.531691e-02  +7.372726e+01  -1.241977e-02  +9.680431e-03  +9.123671e+01  +3.686851e-03  +4.566337e-03  +6.143158e+01  
+5.251186e-07  +2.953045e-07  -1.016831e-05  -9.763265e-06  +2.462018e-06  +6.424267e-07  +1.140391e-06  -1.141752e-06  -4.693018e-06  +3.211092e-05  -5.570200e-05  +1.052172e-05  -5.173347e-06  +3.212170e-03  +1.799197e-07  -8.280197e-08  +3.814040e-03  -7.014505e-07  -2.809006e-07  +3.686851e-03  +1.472258e-06  +4.095747e-07  +2.783232e-03  
+7.708169e-07  +1.113258e-07  -9.490500e-06  -6.088226e-06  +1.957479e-06  +7.741162e-07  +1.458809e-06  +2.079147e-06  -3.243649e-06  +2.337003e-05  -6.642007e-05  +6.423616e-06  -2.859227e-06  +2.617798e-03  -8.567449e-07  +1.643366e-07  +3.079980e-03  -5.089162e-07  -7.825607e-07  +4.566337e-03  +4.095747e-07  +1.707286e-06  +3.245139e-03  
+7.589058e-03  -4.264960e-03  -9.480281e-02  -1.171988e-01  +1.921502e-02  +4.410513e-03  +3.848437e-02  +6.235455e-02  -5.082718e-02  +3.269332e-01  -7.111604e-01  +8.229819e-02  -4.962270e-02  +3.109356e+01  -2.777382e-03  +1.028281e-02  +5.070341e+01  -8.559218e-03  +6.510800e-03  +6.143158e+01  +2.783232e-03  +3.245139e-03  +4.363473e+01  
