mean:
+3.983057e+00  +3.941416e+00  +6.794417e-01  -1.098726e+00  +1.685717e+00  +4.999584e-01  +9.120431e-01  +2.075730e+00  +1.494697e-01  +2.045928e+00  +4.722201e+00  +1.838852e+00  +2.983789e+00  +8.100033e+02  +4.959649e+00  +4.479835e+00  +2.003358e+03  
covariance:
+7.671962e-06  -3.379972e-06  +2.852816e-05  -1.498422e-06  +2.151080e-05  -5.835006e-06  -5.456156e-06  -4.542736e-05  -4.540924e-06  +7.332027e-05  -2.982561e-04  +2.750304e-07  -1.628407e-07  +7.636083e-03  -1.623193e-07  +3.314558e-08  +8.249676e-03  
-3.379972e-06  +6.873991e-06  -2.684218e-05  +5.082365e-07  -1.402147e-05  +6.626063e-06  +7.519820e-06  +4.347264e-05  +3.864343e-06  -6.809505e-05  +2.925086e-04  -5.056818e-07  +1.363536e-07  -6.995501e-03  +1.726868e-07  -6.531845e-08  -8.029215e-03  
+2.852816e-05  -2.684218e-05  +1.972720e-04  +2.663844e-05  +1.447121e-04  -3.287239e-05  -2.891724e-05  -2.761664e-04  -2.920929e-05  +4.614423e-04  -1.830916e-03  +2.871350e-06  -7.692626e-07  +4.916648e-02  -1.168735e-06  +7.986346e-07  +5.563921e-02  
-1.498422e-06  +5.082365e-07  +2.663844e-05  +3.585604e-04  +4.416536e-05  +6.976257e-06  +4.490251e-05  -2.015001e-05  -1.666854e-05  +9.087445e-05  +2.727818e-05  -2.389704e-08  -3.085832e-07  +1.042173e-02  -2.486533e-07  +2.696396e-07  +4.309198e-02  
+2.151080e-05  -1.402147e-05  +1.447121e-04  +4.416536e-05  +2.382248e-04  -1.140654e-05  +1.797313e-05  -1.728961e-04  -2.874575e-05  +3.490782e-04  -1.208290e-03  +3.629615e-06  -1.127522e-06  +3.837574e-02  -1.205290e-06  +4.997816e-07  +4.286417e-02  
-5.835006e-06  +6.626063e-06  -3.287239e-05  +6.976257e-06  -1.140654e-05  +1.234246e-05  +1.600419e-05  +7.099069e-05  +3.064880e-06  -8.148554e-05  +3.975945e-04  -3.098603e-07  +1.248477e-07  -7.712829e-03  +2.354331e-07  -5.109497e-08  -1.036466e-02  
-5.456156e-06  +7.519820e-06  -2.891724e-05  +4.490251e-05  +1.797313e-05  +1.600419e-05  +4.055098e-05  +7.813782e-05  -2.590229e-06  -6.469418e-05  +4.440797e-04  +2.276255e-07  -1.725025e-07  -7.055066e-03  +3.806993e-10  -2.868067e-07  -6.556596e-03  
-4.542736e-05  +4.347264e-05  -2.761664e-04  -2.015001e-05  -1.728961e-04  +7.099069e-05  +7.813782e-05  +5.532338e-04  +3.544942e-05  -6.787414e-04  +2.966830e-03  -2.505948e-06  +9.740599e-07  -6.893014e-02  +1.594772e-06  -1.215912e-06  -9.470179e-02  
-4.540924e-06  +3.864343e-06  -2.920929e-05  -1.666854e-05  -2.874575e-05  +3.064880e-06  -2.590229e-06  +3.544942e-05  +6.683573e-06  -7.738353e-05  +2.611490e-04  -5.910916e-07  +2.390763e-07  -7.982504e-03  +2.083982e-07  -2.838323e-08  -9.607020e-03  
+7.332027e-05  -6.809505e-05  +4.614423e-04  +9.087445e-05  +3.490782e-04  -8.148554e-05  -6.469418e-05  -6.787414e-04  -7.738353e-05  +1.177302e-03  -4.592659e-03  +7.357004e-06  -2.652288e-06  +1.238589e-01  -2.901296e-06  +1.043882e-06  +1.425344e-01  
-2.982561e-04  +2.925086e-04  -1.830916e-03  +2.727818e-05  -1.208290e-03  +3.975945e-04  +4.440797e-04  +2.966830e-03  +2.611490e-04  -4.592659e-03  +1.933527e-02  -2.558755e-05  +8.835734e-06  -4.870778e-01  +1.148459e-05  -4.813341e-06  -5.486709e-01  
+2.750304e-07  -5.056818e-07  +2.871350e-06  -2.389704e-08  +3.629615e-06  -3.098603e-07  +2.276255e-07  -2.505948e-06  -5.910916e-07  +7.357004e-06  -2.558755e-05  +2.659916e-07  -3.131426e-08  +7.824072e-04  -9.477319e-09  +1.408208e-08  +6.654415e-04  
-1.628407e-07  +1.363536e-07  -7.692626e-07  -3.085832e-07  -1.127522e-06  +1.248477e-07  -1.725025e-07  +9.740599e-07  +2.390763e-07  -2.652288e-06  +8.835734e-06  -3.131426e-08  +2.417664e-07  -3.705849e-04  +1.033520e-08  +2.863590e-08  -2.507180e-04  
+7.636083e-03  -6.995501e-03  +4.916648e-02  +1.042173e-02  +3.837574e-02  -7.712829e-03  -7.055066e-03  -6.893014e-02  -7.982504e-03  +1.238589e-01  -4.870778e-01  +7.824072e-04  -3.705849e-04  +1.462305e+01  -2.815133e-04  +5.654214e-05  +1.536499e+01  
-1.623193e-07  +1.726868e-07  -1.168735e-06  -2.486533e-07  -1.205290e-06  +2.354331e-07  +3.806993e-10  +1.594772e-06  +2.083982e-07  -2.901296e-06  +1.148459e-05  -9.477319e-09  +1.033520e-08  -2.815133e-04  +1.261243e-07  -1.340228e-08  -3.394197e-04  
+3.314558e-08  -6.531845e-08  +7.986346e-07  +2.696396e-07  +4.997816e-07  -5.109497e-08  -2.868067e-07  -1.215912e-06  -2.838323e-08  +1.043882e-06  -4.813341e-06  +1.408208e-08  +2.863590e-08  +5.654214e-05  -1.340228e-08  +1.437989e-07  +1.756552e-04  
+8.249676e-03  -8.029215e-03  +5.563921e-02  +4.309198e-02  +4.286417e-02  -1.036466e-02  -6.556596e-03  -9.470179e-02  -9.607020e-03  +1.425344e-01  -5.486709e-01  +6.654415e-04  -2.507180e-04  +1.536499e+01  -3.394197e-04  +1.756552e-04  +2.559753e+01  
