mean:
+3.926830e+00  +3.905236e+00  +6.503086e-01  -1.215424e+00  +1.697006e+00  +5.985862e-01  +9.127389e-01  +2.051867e+00  +1.473944e-01  +1.959436e+00  +4.788487e+00  +1.905599e+00  +3.006715e+00  +8.094039e+02  +4.960174e+00  +4.480002e+00  +2.021788e+03  
covariance:
+2.781950e-05  +1.037105e-05  -1.223140e-05  +1.870740e-05  +2.825460e-06  +8.377154e-07  +9.599456e-06  -6.204251e-05  +9.806526e-07  +1.243013e-05  -1.500684e-04  +1.637505e-07  +1.803558e-07  +2.975133e-03  +1.540894e-07  +3.069690e-07  +1.832854e-02  
+1.037105e-05  +1.534516e-05  -2.847764e-06  +1.871924e-05  +1.261522e-06  +3.631092e-06  +1.102300e-05  -4.384546e-05  +2.867615e-06  +1.407462e-05  -3.519277e-04  +1.616193e-07  +1.643751e-07  +6.449953e-03  -7.003933e-08  +3.376366e-07  +3.217201e-02  
-1.223140e-05  -2.847764e-06  +9.088043e-05  -1.728692e-05  -4.007316e-06  -5.217896e-06  -3.511936e-05  +1.807198e-04  +1.179828e-05  -4.314727e-05  -1.493443e-04  +8.176820e-07  -1.240671e-06  +1.112560e-02  -1.172729e-07  -1.018970e-06  -8.504855e-04  
+1.870740e-05  +1.871924e-05  -1.728692e-05  +2.723734e-04  +7.890213e-06  +1.365489e-05  +3.983102e-05  -2.372038e-04  +1.257401e-05  +1.141729e-05  -1.083675e-03  +1.611053e-06  +3.197310e-06  +3.353899e-02  -4.508628e-07  -2.942617e-06  +7.801889e-02  
+2.825460e-06  +1.261522e-06  -4.007316e-06  +7.890213e-06  +7.565941e-06  +6.024711e-07  +3.855636e-06  -2.046134e-05  +1.490505e-06  -1.319164e-06  -8.197303e-05  +3.002349e-07  -2.238228e-08  +1.459995e-03  -1.825010e-07  -1.245721e-07  +7.628016e-03  
+8.377154e-07  +3.631092e-06  -5.217896e-06  +1.365489e-05  +6.024711e-07  +5.014768e-06  +8.537563e-06  -2.897003e-05  +9.153562e-07  +1.343763e-05  -2.065849e-04  -7.964832e-08  +3.468144e-07  +3.480493e-03  -1.651297e-07  -4.540873e-08  +1.822366e-02  
+9.599456e-06  +1.102300e-05  -3.511936e-05  +3.983102e-05  +3.855636e-06  +8.537563e-06  +4.907361e-05  -1.534800e-04  +2.296984e-07  +3.542254e-05  -5.709775e-04  -1.027695e-06  -4.167500e-07  +9.340030e-03  +3.780637e-07  +9.794321e-07  +5.133439e-02  
-6.204251e-05  -4.384546e-05  +1.807198e-04  -2.372038e-04  -2.046134e-05  -2.897003e-05  -1.534800e-04  +8.338049e-04  +8.136232e-06  -1.294030e-04  +1.373137e-03  +8.457115e-07  -3.238186e-06  -2.085068e-02  +1.720294e-06  -1.362551e-06  -1.551261e-01  
+9.806526e-07  +2.867615e-06  +1.179828e-05  +1.257401e-05  +1.490505e-06  +9.153562e-07  +2.296984e-07  +8.136232e-06  +6.079328e-06  -8.491508e-06  -2.349686e-04  +5.623838e-07  -3.534272e-07  +5.712427e-03  +2.464092e-07  -1.998374e-07  +1.466717e-02  
+1.243013e-05  +1.407462e-05  -4.314727e-05  +1.141729e-05  -1.319164e-06  +1.343763e-05  +3.542254e-05  -1.294030e-04  -8.491508e-06  +1.186903e-04  -5.140454e-04  -2.038993e-06  +1.080229e-06  +5.915932e-03  -1.671234e-06  +1.467063e-06  +6.561829e-02  
-1.500684e-04  -3.519277e-04  -1.493443e-04  -1.083675e-03  -8.197303e-05  -2.065849e-04  -5.709775e-04  +1.373137e-03  -2.349686e-04  -5.140454e-04  +2.062327e-02  -1.121127e-05  +9.667056e-06  -4.212788e-01  -4.618862e-06  -7.746345e-06  -1.608038e+00  
+1.637505e-07  +1.616193e-07  +8.176820e-07  +1.611053e-06  +3.002349e-07  -7.964832e-08  -1.027695e-06  +8.457115e-07  +5.623838e-07  -2.038993e-06  -1.121127e-05  +8.077466e-07  -1.287570e-08  -3.024844e-04  -6.876850e-08  -1.541246e-07  -1.824842e-04  
+1.803558e-07  +1.643751e-07  -1.240671e-06  +3.197310e-06  -2.238228e-08  +3.468144e-07  -4.167500e-07  -3.238186e-06  -3.534272e-07  +1.080229e-06  +9.667056e-06  -1.287570e-08  +6.520768e-07  +1.470477e-04  -1.010396e-07  -2.090947e-07  +2.725596e-04  
+2.975133e-03  +6.449953e-03  +1.112560e-02  +3.353899e-02  +1.459995e-03  +3.480493e-03  +9.340030e-03  -2.085068e-02  +5.712427e-03  +5.915932e-03  -4.212788e-01  -3.024844e-04  +1.470477e-04  +1.274334e+01  +9.142801e-05  -2.261500e-04  +3.287040e+01  
+1.540894e-07  -7.003933e-08  -1.172729e-07  -4.508628e-07  -1.825010e-07  -1.651297e-07  +3.780637e-07  +1.720294e-06  +2.464092e-07  -1.671234e-06  -4.618862e-06  -6.876850e-08  -1.010396e-07  +9.142801e-05  +3.072109e-07  +1.106548e-07  -5.044280e-04  
+3.069690e-07  +3.376366e-07  -1.018970e-06  -2.942617e-06  -1.245721e-07  -4.540873e-08  +9.794321e-07  -1.362551e-06  -1.998374e-07  +1.467063e-06  -7.746345e-06  -1.541246e-07  -2.090947e-07  -2.261500e-04  +1.106548e-07  +6.599024e-07  +6.856438e-04  
+1.832854e-02  +3.217201e-02  -8.504855e-04  +7.801889e-02  +7.628016e-03  +1.822366e-02  +5.133439e-02  -1.551261e-01  +1.466717e-02  +6.561829e-02  -1.608038e+00  -1.824842e-04  +2.725596e-04  +3.287040e+01  -5.044280e-04  +6.856438e-04  +1.430576e+02  
