mean:
+3.981525e+00  +3.940316e+00  +6.476874e-01  -1.128204e+00  +1.668634e+00  +4.977407e-01  +9.027789e-01  +2.066790e+00  +1.516827e-01  +1.952286e+00  +4.850384e+00  +1.839174e+00  +2.983480e+00  +8.070661e+02  +4.959665e+00  +4.479809e+00  +2.010704e+03  
covariance:
+2.437244e-06  +2.218664e-07  +2.175178e-06  -1.308708e-05  +3.198017e-06  -1.738570e-06  -1.468933e-06  -1.049837e-05  +7.494253e-07  +4.764897e-07  -5.859027e-05  -2.129186e-08  -5.344755e-08  +2.167953e-03  +2.180129e-08  +3.548235e-08  +6.059541e-03  
+2.218664e-07  +2.845734e-06  -1.086504e-06  +1.180917e-05  -4.776349e-07  +2.237538e-06  +1.501720e-06  +6.967069e-06  -6.166910e-07  -1.945319e-07  +5.731950e-05  -2.190860e-08  +4.553071e-08  -1.883819e-03  +1.177773e-08  -1.371164e-08  -4.892022e-03  
+2.175178e-06  -1.086504e-06  +2.238828e-05  -5.054903e-05  +1.784433e-05  -3.752227e-06  -7.825232e-06  -5.008877e-05  +2.642420e-06  +4.335163e-06  -1.832356e-04  +3.280188e-07  -4.732657e-07  +9.412110e-03  -1.914195e-08  -2.309023e-08  +1.856021e-02  
-1.308708e-05  +1.180917e-05  -5.054903e-05  +4.084744e-04  -4.691265e-05  +4.499227e-05  +3.826992e-05  +1.825037e-04  -2.304009e-05  +2.525710e-05  +1.321421e-03  -5.598266e-08  +9.735605e-07  -4.096122e-02  -1.415743e-07  +4.829015e-08  -8.905626e-02  
+3.198017e-06  -4.776349e-07  +1.784433e-05  -4.691265e-05  +7.512360e-05  -1.011704e-06  -4.114342e-06  -6.457258e-05  +2.342116e-06  +6.324546e-06  -2.196206e-04  +1.166245e-06  -1.289490e-06  +1.270294e-02  -4.537482e-07  +1.831125e-07  +2.355819e-02  
-1.738570e-06  +2.237538e-06  -3.752227e-06  +4.499227e-05  -1.011704e-06  +9.432506e-06  +6.996869e-06  +2.767840e-05  -3.561806e-06  +3.409591e-06  +2.041354e-04  -8.767246e-08  -7.101488e-08  -6.055024e-03  +3.564016e-08  -4.293041e-08  -1.836408e-02  
-1.468933e-06  +1.501720e-06  -7.825232e-06  +3.826992e-05  -4.114342e-06  +6.996869e-06  +1.512808e-05  +2.552027e-05  -4.236718e-06  +2.680789e-06  +1.710575e-04  -2.254571e-07  +1.810570e-07  -4.853119e-03  +8.058055e-08  +8.041071e-08  -1.520599e-02  
-1.049837e-05  +6.967069e-06  -5.008877e-05  +1.825037e-04  -6.457258e-05  +2.767840e-05  +2.552027e-05  +2.772163e-04  -8.728848e-06  -3.284150e-05  +8.633665e-04  -7.529899e-07  +1.297371e-06  -4.289216e-02  +4.773060e-07  -1.989736e-06  -1.042256e-01  
+7.494253e-07  -6.166910e-07  +2.642420e-06  -2.304009e-05  +2.342116e-06  -3.561806e-06  -4.236718e-06  -8.728848e-06  +2.738523e-06  -6.503996e-06  -9.373147e-05  +2.858832e-08  -6.968825e-08  +2.342952e-03  +9.900823e-09  -9.184277e-08  +5.869255e-03  
+4.764897e-07  -1.945319e-07  +4.335163e-06  +2.525710e-05  +6.324546e-06  +3.409591e-06  +2.680789e-06  -3.284150e-05  -6.503996e-06  +3.923374e-05  +5.796358e-05  +3.215642e-07  -1.996338e-07  +3.585649e-03  -1.086134e-07  +5.506543e-07  +1.204968e-02  
-5.859027e-05  +5.731950e-05  -1.832356e-04  +1.321421e-03  -2.196206e-04  +2.041354e-04  +1.710575e-04  +8.633665e-04  -9.373147e-05  +5.796358e-05  +5.799917e-03  -3.234284e-06  +5.458910e-06  -1.962268e-01  +8.639037e-07  +1.222070e-07  -5.099953e-01  
-2.129186e-08  -2.190860e-08  +3.280188e-07  -5.598266e-08  +1.166245e-06  -8.767246e-08  -2.254571e-07  -7.529899e-07  +2.858832e-08  +3.215642e-07  -3.234284e-06  +1.652418e-07  -2.530654e-08  +2.139174e-04  -2.158986e-08  -2.317309e-08  +5.289740e-04  
-5.344755e-08  +4.553071e-08  -4.732657e-07  +9.735605e-07  -1.289490e-06  -7.101488e-08  +1.810570e-07  +1.297371e-06  -6.968825e-08  -1.996338e-07  +5.458910e-06  -2.530654e-08  +1.848924e-07  -3.643933e-04  +3.376510e-08  +1.273854e-08  -4.191344e-04  
+2.167953e-03  -1.883819e-03  +9.412110e-03  -4.096122e-02  +1.270294e-02  -6.055024e-03  -4.853119e-03  -4.289216e-02  +2.342952e-03  +3.585649e-03  -1.962268e-01  +2.139174e-04  -3.643933e-04  +8.981066e+00  -7.210192e-05  +1.384339e-04  +2.104544e+01  
+2.180129e-08  +1.177773e-08  -1.914195e-08  -1.415743e-07  -4.537482e-07  +3.564016e-08  +8.058055e-08  +4.773060e-07  +9.900823e-09  -1.086134e-07  +8.639037e-07  -2.158986e-08  +3.376510e-08  -7.210192e-05  +1.544179e-07  -6.992471e-09  -8.368053e-05  
+3.548235e-08  -1.371164e-08  -2.309023e-08  +4.829015e-08  +1.831125e-07  -4.293041e-08  +8.041071e-08  -1.989736e-06  -9.184277e-08  +5.506543e-07  +1.222070e-07  -2.317309e-08  +1.273854e-08  +1.384339e-04  -6.992471e-09  +1.615140e-07  +4.633078e-04  
+6.059541e-03  -4.892022e-03  +1.856021e-02  -8.905626e-02  +2.355819e-02  -1.836408e-02  -1.520599e-02  -1.042256e-01  +5.869255e-03  +1.204968e-02  -5.099953e-01  +5.289740e-04  -4.191344e-04  +2.104544e+01  -8.368053e-05  +4.633078e-04  +6.472771e+01  
