mean:
+3.923022e+00  +3.905361e+00  +6.466648e-01  -1.094934e+00  +1.654319e+00  +6.037936e-01  +9.251412e-01  +2.057679e+00  +1.417717e-01  +2.024647e+00  +4.760449e+00  +1.905871e+00  +3.007731e+00  +8.039530e+02  +4.959813e+00  +4.480015e+00  +2.010942e+03  
covariance:
+2.744731e-05  +7.240472e-06  +1.495688e-06  -4.602457e-05  -1.704557e-05  +5.106624e-07  -7.352346e-06  +1.326904e-05  +2.706796e-06  -3.639549e-05  +1.108432e-04  -7.571655e-07  -2.870110e-07  +8.584705e-04  -6.665686e-08  +1.980314e-07  -5.033692e-03  
+7.240472e-06  +3.249640e-05  -4.094770e-06  -1.150053e-04  +1.660611e-05  -3.608700e-06  -3.066176e-05  +2.505420e-05  +2.808780e-06  -1.518967e-05  +5.921085e-05  +2.615738e-07  +4.053251e-07  -3.604931e-03  -1.406892e-07  -1.929144e-07  -1.144604e-02  
+1.495688e-06  -4.094770e-06  +6.134214e-05  +7.690229e-05  -1.772861e-05  +1.471985e-05  +3.345194e-05  -3.476990e-05  -2.671825e-06  +1.703426e-05  -1.258751e-04  +4.068271e-07  -9.054556e-07  +1.015894e-02  -1.568392e-07  +1.210414e-06  +2.372906e-02  
-4.602457e-05  -1.150053e-04  +7.690229e-05  +2.644552e-03  -3.422750e-04  -2.827105e-05  +2.987218e-04  -4.692524e-04  -5.917484e-05  +3.293062e-04  -3.195660e-04  -9.167294e-06  +3.398303e-06  -2.257851e-02  -1.613631e-06  +7.401559e-06  +1.508188e-01  
-1.704557e-05  +1.660611e-05  -1.772861e-05  -3.422750e-04  +5.320690e-04  +4.737807e-05  -1.121482e-04  -2.166586e-05  +4.192078e-06  +3.818275e-04  -1.740789e-03  -5.878912e-07  -3.036526e-06  -1.565619e-03  -1.431794e-06  -8.336219e-07  -5.926458e-02  
+5.106624e-07  -3.608700e-06  +1.471985e-05  -2.827105e-05  +4.737807e-05  +2.278080e-05  +3.522407e-06  -3.089179e-05  -4.302363e-07  +4.518844e-05  -2.537278e-04  +2.830127e-09  -1.816046e-06  +6.839312e-03  -2.737839e-07  +2.384460e-08  -3.142172e-03  
-7.352346e-06  -3.066176e-05  +3.345194e-05  +2.987218e-04  -1.121482e-04  +3.522407e-06  +9.697968e-05  -6.884955e-05  -1.049641e-05  -2.858976e-05  +1.794717e-04  +2.023374e-07  +2.475898e-07  +8.234082e-03  +4.277656e-07  +1.301574e-06  +4.044495e-02  
+1.326904e-05  +2.505420e-05  -3.476990e-05  -4.692524e-04  -2.166586e-05  -3.089179e-05  -6.884955e-05  +3.416912e-04  +1.498900e-05  -1.681819e-04  +6.064710e-04  -3.817808e-07  +1.129222e-06  +8.307693e-03  +1.152360e-06  -1.911361e-06  -1.933869e-02  
+2.706796e-06  +2.808780e-06  -2.671825e-06  -5.917484e-05  +4.192078e-06  -4.302363e-07  -1.049641e-05  +1.498900e-05  +3.446171e-06  -2.600245e-05  +6.913832e-05  +1.833551e-07  -2.126079e-07  +1.920699e-04  +5.222928e-08  -9.493757e-08  -5.039785e-03  
-3.639549e-05  -1.518967e-05  +1.703426e-05  +3.293062e-04  +3.818275e-04  +4.518844e-05  -2.858976e-05  -1.681819e-04  -2.600245e-05  +8.995216e-04  -3.494251e-03  -5.498387e-06  -7.066049e-07  -5.694000e-03  -2.152831e-06  -1.615788e-06  +8.628322e-03  
+1.108432e-04  +5.921085e-05  -1.258751e-04  -3.195660e-04  -1.740789e-03  -2.537278e-04  +1.794717e-04  +6.064710e-04  +6.913832e-05  -3.494251e-03  +1.484121e-02  +2.131562e-05  +1.249907e-05  -1.449104e-02  +7.174090e-06  +7.138701e-06  +6.253658e-03  
-7.571655e-07  +2.615738e-07  +4.068271e-07  -9.167294e-06  -5.878912e-07  +2.830127e-09  +2.023374e-07  -3.817808e-07  +1.833551e-07  -5.498387e-06  +2.131562e-05  +6.948664e-07  -3.936820e-08  -1.193186e-04  +4.030854e-08  +4.337497e-08  +1.001611e-04  
-2.870110e-07  +4.053251e-07  -9.054556e-07  +3.398303e-06  -3.036526e-06  -1.816046e-06  +2.475898e-07  +1.129222e-06  -2.126079e-07  -7.066049e-07  +1.249907e-05  -3.936820e-08  +6.896868e-07  -3.593505e-04  +2.990368e-08  -7.955461e-10  +7.920243e-04  
+8.584705e-04  -3.604931e-03  +1.015894e-02  -2.257851e-02  -1.565619e-03  +6.839312e-03  +8.234082e-03  +8.307693e-03  +1.920699e-04  -5.694000e-03  -1.449104e-02  -1.193186e-04  -3.593505e-04  +7.611258e+00  +1.511450e-05  +6.379914e-05  +4.229193e+00  
-6.665686e-08  -1.406892e-07  -1.568392e-07  -1.613631e-06  -1.431794e-06  -2.737839e-07  +4.277656e-07  +1.152360e-06  +5.222928e-08  -2.152831e-06  +7.174090e-06  +4.030854e-08  +2.990368e-08  +1.511450e-05  +2.029269e-07  +2.326764e-08  +2.005932e-04  
+1.980314e-07  -1.929144e-07  +1.210414e-06  +7.401559e-06  -8.336219e-07  +2.384460e-08  +1.301574e-06  -1.911361e-06  -9.493757e-08  -1.615788e-06  +7.138701e-06  +4.337497e-08  -7.955461e-10  +6.379914e-05  +2.326764e-08  +2.880284e-07  +7.463077e-04  
-5.033692e-03  -1.144604e-02  +2.372906e-02  +1.508188e-01  -5.926458e-02  -3.142172e-03  +4.044495e-02  -1.933869e-02  -5.039785e-03  +8.628322e-03  +6.253658e-03  +1.001611e-04  +7.920243e-04  +4.229193e+00  +2.005932e-04  +7.463077e-04  +3.020220e+01  
