mean:
+3.943651e+00  +3.933847e+00  +8.466610e-01  +1.308802e+00  +1.428248e+00  +5.002577e-01  +8.013557e-01  +1.378731e+00  +1.691691e-01  +1.849341e+00  +5.971514e+00  +3.530315e+00  +2.654779e+00  +2.044495e+02  +4.290913e+00  +5.295073e+00  +2.783712e+02  +5.392936e+00  +3.761916e+00  +3.221357e+02  +2.639842e+00  +4.560391e+00  +3.906553e+02  
covariance:
+9.393164e-07  -2.901769e-07  -1.201972e-06  -5.766752e-06  -4.506821e-07  -6.154377e-07  -3.950999e-07  -5.940140e-06  +1.759184e-06  -1.203463e-05  +1.174893e-05  +2.122296e-06  +2.213717e-06  -4.701524e-04  +4.479223e-06  -3.606861e-07  -6.780362e-04  +2.469430e-06  +3.956073e-06  -4.328869e-04  +2.499874e-07  +3.414429e-07  -1.115368e-03  
-2.901769e-07  +3.000553e-06  -2.389962e-06  +2.455010e-06  +1.101130e-06  -2.974385e-07  -9.313072e-08  +6.101273e-07  +7.062112e-07  -2.756092e-06  +3.353877e-06  -1.183077e-07  -6.845773e-08  +3.165990e-04  -6.061645e-08  +3.209746e-07  -4.992658e-04  +1.773041e-07  -7.584335e-07  +5.963830e-04  -6.787270e-08  +3.682411e-07  -2.201216e-04  
-1.201972e-06  -2.389962e-06  +5.983723e-05  -8.826474e-05  -2.154738e-06  +4.764581e-07  -4.110957e-06  +1.714833e-06  -1.727688e-05  +1.386569e-04  -2.449849e-05  -2.319558e-05  -2.432859e-05  -4.895866e-03  -5.024929e-05  +1.196588e-06  +7.776597e-03  -2.832266e-05  -3.888099e-05  -9.467011e-03  -1.514628e-06  -3.383353e-06  +6.998105e-03  
-5.766752e-06  +2.455010e-06  -8.826474e-05  +6.025060e-04  +1.398444e-05  +2.227040e-05  +2.163936e-05  +2.854884e-04  -1.438176e-05  +1.491662e-04  -3.665629e-04  +1.045174e-06  +2.950655e-07  +3.124537e-02  +1.063595e-05  +1.823811e-05  +2.524829e-02  +7.175768e-06  -1.783068e-06  +2.565118e-02  -7.058881e-07  -2.141091e-06  +2.948472e-02  
-4.506821e-07  +1.101130e-06  -2.154738e-06  +1.398444e-05  +2.417613e-05  +1.690060e-06  +4.747574e-06  +2.184499e-05  -3.278528e-06  +2.846827e-05  -3.604642e-05  -7.957353e-06  -7.767731e-06  +2.563852e-03  -1.831909e-05  +1.882077e-06  -4.056362e-04  -9.472926e-06  -1.641173e-05  +3.954977e-03  -4.498999e-08  -1.661303e-06  +4.433418e-04  
-6.154377e-07  -2.974385e-07  +4.764581e-07  +2.227040e-05  +1.690060e-06  +3.213649e-06  +5.327891e-07  +1.230268e-05  -2.805164e-06  +2.674275e-05  -3.671792e-05  -3.963941e-06  -4.162978e-06  +2.099672e-03  -7.716522e-06  +1.042195e-06  +1.412449e-03  -4.234269e-06  -7.126627e-06  +1.325133e-03  -3.491041e-07  -8.989612e-07  +2.899830e-03  
-3.950999e-07  -9.313072e-08  -4.110957e-06  +2.163936e-05  +4.747574e-06  +5.327891e-07  +8.428785e-06  +1.862483e-05  -1.872097e-06  +7.371759e-06  -1.329244e-05  -1.143667e-06  -1.659214e-06  +1.223837e-03  -4.870452e-06  +6.611340e-07  +8.036921e-04  -1.588639e-06  -4.193833e-06  +1.474577e-03  +2.052361e-07  -1.136674e-06  -1.826586e-04  
-5.940140e-06  +6.101273e-07  +1.714833e-06  +2.854884e-04  +2.184499e-05  +1.230268e-05  +1.862483e-05  +3.051883e-04  -3.144568e-05  +2.669506e-04  -2.368292e-04  -3.374769e-05  -3.323132e-05  +1.316012e-02  -7.065959e-05  +1.178529e-05  +2.280684e-02  -3.951038e-05  -6.424686e-05  +1.235524e-02  -4.244692e-06  -7.215372e-06  +2.687695e-02  
+1.759184e-06  +7.062112e-07  -1.727688e-05  -1.438176e-05  -3.278528e-06  -2.805164e-06  -1.872097e-06  -3.144568e-05  +1.130716e-05  -8.652330e-05  +5.285213e-05  +1.322683e-05  +1.381393e-05  -1.181363e-03  +2.833991e-05  -2.468095e-06  -5.498743e-03  +1.537026e-05  +2.374439e-05  +1.003873e-03  +9.346669e-07  +2.265321e-06  -6.733514e-03  
-1.203463e-05  -2.756092e-06  +1.386569e-04  +1.491662e-04  +2.846827e-05  +2.674275e-05  +7.371759e-06  +2.669506e-04  -8.652330e-05  +7.340407e-04  -4.896267e-04  -1.125052e-04  -1.179408e-04  +1.329205e-02  -2.375096e-04  +2.234216e-05  +4.634765e-02  -1.296770e-04  -2.013396e-04  -5.950533e-03  -8.360257e-06  -1.862651e-05  +5.869265e-02  
+1.174893e-05  +3.353877e-06  -2.449849e-05  -3.665629e-04  -3.604642e-05  -3.671792e-05  -1.329244e-05  -2.368292e-04  +5.285213e-05  -4.896267e-04  +6.645659e-04  +8.002295e-05  +9.064363e-05  -3.130912e-02  +1.664289e-04  -1.982051e-05  -3.221618e-02  +9.109590e-05  +1.506687e-04  -2.219750e-02  +8.586950e-06  +1.714708e-05  -4.576307e-02  
+2.122296e-06  -1.183077e-07  -2.319558e-05  +1.045174e-06  -7.957353e-06  -3.963941e-06  -1.143667e-06  -3.374769e-05  +1.322683e-05  -1.125052e-04  +8.002295e-05  +2.268406e-05  +2.403166e-05  -1.806025e-03  +4.814547e-05  -2.858378e-06  -4.812148e-03  +2.617652e-05  +4.140219e-05  -1.000363e-03  +2.380624e-06  +3.226590e-06  -8.029448e-03  
+2.213717e-06  -6.845773e-08  -2.432859e-05  +2.950655e-07  -7.767731e-06  -4.162978e-06  -1.659214e-06  -3.323132e-05  +1.381393e-05  -1.179408e-04  +9.064363e-05  +2.403166e-05  +2.792831e-05  -2.041619e-03  +5.256139e-05  -3.416597e-06  -5.591036e-03  +2.823131e-05  +4.529367e-05  -8.960816e-04  +2.757635e-06  +3.728373e-06  -8.116671e-03  
-4.701524e-04  +3.165990e-04  -4.895866e-03  +3.124537e-02  +2.563852e-03  +2.099672e-03  +1.223837e-03  +1.316012e-02  -1.181363e-03  +1.329205e-02  -3.130912e-02  -1.806025e-03  -2.041619e-03  +2.842277e+00  -3.376606e-03  +1.357150e-03  +1.056271e+00  -1.637996e-03  -3.871059e-03  +2.114497e+00  -1.674225e-04  -3.502035e-04  +2.040995e+00  
+4.479223e-06  -6.061645e-08  -5.024929e-05  +1.063595e-05  -1.831909e-05  -7.716522e-06  -4.870452e-06  -7.065959e-05  +2.833991e-05  -2.375096e-04  +1.664289e-04  +4.814547e-05  +5.256139e-05  -3.376606e-03  +1.061859e-04  -6.162804e-06  -9.974928e-03  +5.703241e-05  +9.064907e-05  -1.845038e-03  +4.887650e-06  +7.718250e-06  -1.575726e-02  
-3.606861e-07  +3.209746e-07  +1.196588e-06  +1.823811e-05  +1.882077e-06  +1.042195e-06  +6.611340e-07  +1.178529e-05  -2.468095e-06  +2.234216e-05  -1.982051e-05  -2.858378e-06  -3.416597e-06  +1.357150e-03  -6.162804e-06  +2.049221e-06  +1.881398e-03  -2.965952e-06  -5.508654e-06  +3.588811e-04  -6.468267e-08  -4.303675e-07  +2.113256e-03  
-6.780362e-04  -4.992658e-04  +7.776597e-03  +2.524829e-02  -4.056362e-04  +1.412449e-03  +8.036921e-04  +2.280684e-02  -5.498743e-03  +4.634765e-02  -3.221618e-02  -4.812148e-03  -5.591036e-03  +1.056271e+00  -9.974928e-03  +1.881398e-03  +4.952673e+00  -5.440872e-03  -8.184073e-03  -1.296371e+00  -2.313172e-04  -9.872744e-04  +4.286937e+00  
+2.469430e-06  +1.773041e-07  -2.832266e-05  +7.175768e-06  -9.472926e-06  -4.234269e-06  -1.588639e-06  -3.951038e-05  +1.537026e-05  -1.296770e-04  +9.109590e-05  +2.617652e-05  +2.823131e-05  -1.637996e-03  +5.703241e-05  -2.965952e-06  -5.440872e-03  +3.142647e-05  +4.868026e-05  -1.041177e-03  +2.748895e-06  +4.084227e-06  -8.730689e-03  
+3.956073e-06  -7.584335e-07  -3.888099e-05  -1.783068e-06  -1.641173e-05  -7.126627e-06  -4.193833e-06  -6.424686e-05  +2.374439e-05  -2.013396e-04  +1.506687e-04  +4.140219e-05  +4.529367e-05  -3.871059e-03  +9.064907e-05  -5.508654e-06  -8.184073e-03  +4.868026e-05  +7.875429e-05  -2.845744e-03  +4.347155e-06  +6.401334e-06  -1.364034e-02  
-4.328869e-04  +5.963830e-04  -9.467011e-03  +2.565118e-02  +3.954977e-03  +1.325133e-03  +1.474577e-03  +1.235524e-02  +1.003873e-03  -5.950533e-03  -2.219750e-02  -1.000363e-03  -8.960816e-04  +2.114497e+00  -1.845038e-03  +3.588811e-04  -1.296371e+00  -1.041177e-03  -2.845744e-03  +4.544947e+00  -5.874771e-04  -1.209982e-04  +1.580436e-02  
+2.499874e-07  -6.787270e-08  -1.514628e-06  -7.058881e-07  -4.498999e-08  -3.491041e-07  +2.052361e-07  -4.244692e-06  +9.346669e-07  -8.360257e-06  +8.586950e-06  +2.380624e-06  +2.757635e-06  -1.674225e-04  +4.887650e-06  -6.468267e-08  -2.313172e-04  +2.748895e-06  +4.347155e-06  -5.874771e-04  +7.626650e-07  +1.890828e-07  -7.355437e-04  
+3.414429e-07  +3.682411e-07  -3.383353e-06  -2.141091e-06  -1.661303e-06  -8.989612e-07  -1.136674e-06  -7.215372e-06  +2.265321e-06  -1.862651e-05  +1.714708e-05  +3.226590e-06  +3.728373e-06  -3.502035e-04  +7.718250e-06  -4.303675e-07  -9.872744e-04  +4.084227e-06  +6.401334e-06  -1.209982e-04  +1.890828e-07  +1.401279e-06  -1.134478e-03  
-1.115368e-03  -2.201216e-04  +6.998105e-03  +2.948472e-02  +4.433418e-04  +2.899830e-03  -1.826586e-04  +2.687695e-02  -6.733514e-03  +5.869265e-02  -4.576307e-02  -8.029448e-03  -8.116671e-03  +2.040995e+00  -1.575726e-02  +2.113256e-03  +4.286937e+00  -8.730689e-03  -1.364034e-02  +1.580436e-02  -7.355437e-04  -1.134478e-03  +6.664374e+00  
