mean:
+3.958677e+00  +3.924999e+00  +6.627751e-01  -1.158569e+00  +1.617181e+00  +4.004913e-01  +9.294198e-01  +2.087448e+00  +1.510166e-01  +2.019848e+00  +4.735434e+00  +1.634997e+00  +2.883299e+00  +8.113387e+02  +4.799711e+00  +4.399662e+00  +2.018812e+03  
covariance:
+7.000899e-06  +5.526749e-06  -1.315663e-05  -4.658157e-06  -1.101866e-05  +1.451915e-06  -1.038324e-05  +1.772197e-05  +6.778331e-06  -4.864455e-05  +1.813896e-04  -3.498157e-07  +4.476617e-09  -7.022698e-03  +2.514426e-07  +1.043794e-07  -1.577992e-02  
+5.526749e-06  +9.647278e-06  -1.567597e-05  -4.544352e-06  -1.155570e-05  +2.113825e-06  -1.119398e-05  +1.655223e-05  +7.436482e-06  -5.440057e-05  +2.102342e-04  -3.266552e-07  -6.856785e-08  -8.382879e-03  +2.029439e-07  +1.988129e-07  -1.916293e-02  
-1.315663e-05  -1.567597e-05  +7.533745e-05  -2.568320e-05  +4.350847e-05  -1.225037e-05  +1.868626e-05  -4.812260e-05  -1.753819e-05  +1.671337e-04  -7.546382e-04  +9.026056e-07  -4.824581e-07  +2.639053e-02  -6.718937e-07  -8.579736e-07  +7.252282e-02  
-4.658157e-06  -4.544352e-06  -2.568320e-05  +1.880327e-04  +2.908851e-05  +1.037010e-05  +3.311863e-05  +5.213696e-05  -1.198012e-05  +3.748144e-05  +1.073680e-04  +1.188353e-06  -7.505014e-07  -2.581531e-05  -3.090622e-07  +1.232014e-06  -2.257270e-02  
-1.101866e-05  -1.155570e-05  +4.350847e-05  +2.908851e-05  +8.677016e-05  +3.541944e-06  +3.387957e-05  +1.451594e-05  -1.510936e-05  +9.568342e-05  -3.226958e-04  +1.584517e-06  -1.047431e-06  +1.678890e-02  -4.058739e-07  -5.177545e-07  +1.811577e-02  
+1.451915e-06  +2.113825e-06  -1.225037e-05  +1.037010e-05  +3.541944e-06  +8.626166e-06  +5.185509e-06  +2.841846e-05  +1.266619e-06  -3.758193e-05  +2.482032e-04  -1.263761e-07  -2.034040e-07  -5.473885e-03  +1.939361e-07  +2.138836e-07  -2.959822e-02  
-1.038324e-05  -1.119398e-05  +1.868626e-05  +3.311863e-05  +3.387957e-05  +5.185509e-06  +4.038182e-05  -2.867609e-05  -1.792661e-05  +9.850688e-05  -2.260750e-04  +1.045638e-06  -4.230126e-07  +1.238874e-02  -2.164184e-07  +1.033786e-07  +1.039327e-02  
+1.772197e-05  +1.655223e-05  -4.812260e-05  +5.213696e-05  +1.451594e-05  +2.841846e-05  -2.867609e-05  +3.827868e-04  +3.145465e-05  -3.266272e-04  +1.459854e-03  +5.549485e-07  -3.431064e-07  -3.741088e-02  +1.362759e-06  +4.838362e-07  -1.426855e-01  
+6.778331e-06  +7.436482e-06  -1.753819e-05  -1.198012e-05  -1.510936e-05  +1.266619e-06  -1.792661e-05  +3.145465e-05  +1.113135e-05  -7.709985e-05  +2.532782e-04  -4.936552e-07  +1.317287e-07  -9.997776e-03  +2.705429e-07  +2.433300e-08  -2.103081e-02  
-4.864455e-05  -5.440057e-05  +1.671337e-04  +3.748144e-05  +9.568342e-05  -3.758193e-05  +9.850688e-05  -3.266272e-04  -7.709985e-05  +6.627484e-04  -2.639763e-03  +3.355227e-06  -8.263731e-07  +8.968940e-02  -2.463286e-06  -1.094094e-06  +2.512106e-01  
+1.813896e-04  +2.102342e-04  -7.546382e-04  +1.073680e-04  -3.226958e-04  +2.482032e-04  -2.260750e-04  +1.459854e-03  +2.532782e-04  -2.639763e-03  +1.274471e-02  -1.293117e-05  +1.309184e-06  -3.932774e-01  +1.072762e-05  +1.131678e-05  -1.308255e+00  
-3.498157e-07  -3.266552e-07  +9.026056e-07  +1.188353e-06  +1.584517e-06  -1.263761e-07  +1.045638e-06  +5.549485e-07  -4.936552e-07  +3.355227e-06  -1.293117e-05  +1.922772e-07  -2.238158e-08  +4.942437e-04  +4.685358e-09  -1.576671e-08  +1.219949e-03  
+4.476617e-09  -6.856785e-08  -4.824581e-07  -7.505014e-07  -1.047431e-06  -2.034040e-07  -4.230126e-07  -3.431064e-07  +1.317287e-07  -8.263731e-07  +1.309184e-06  -2.238158e-08  +2.207429e-07  -2.473776e-04  +1.250397e-08  -2.387834e-09  +2.070501e-04  
-7.022698e-03  -8.382879e-03  +2.639053e-02  -2.581531e-05  +1.678890e-02  -5.473885e-03  +1.238874e-02  -3.741088e-02  -9.997776e-03  +8.968940e-02  -3.932774e-01  +4.942437e-04  -2.473776e-04  +1.516831e+01  -3.091292e-04  -4.939559e-04  +4.013405e+01  
+2.514426e-07  +2.029439e-07  -6.718937e-07  -3.090622e-07  -4.058739e-07  +1.939361e-07  -2.164184e-07  +1.362759e-06  +2.705429e-07  -2.463286e-06  +1.072762e-05  +4.685358e-09  +1.250397e-08  -3.091292e-04  +1.373104e-07  -3.946741e-09  -9.631020e-04  
+1.043794e-07  +1.988129e-07  -8.579736e-07  +1.232014e-06  -5.177545e-07  +2.138836e-07  +1.033786e-07  +4.838362e-07  +2.433300e-08  -1.094094e-06  +1.131678e-05  -1.576671e-08  -2.387834e-09  -4.939559e-04  -3.946741e-09  +2.698109e-07  -1.504847e-03  
-1.577992e-02  -1.916293e-02  +7.252282e-02  -2.257270e-02  +1.811577e-02  -2.959822e-02  +1.039327e-02  -1.426855e-01  -2.103081e-02  +2.512106e-01  -1.308255e+00  +1.219949e-03  +2.070501e-04  +4.013405e+01  -9.631020e-04  -1.504847e-03  +1.473281e+02  
