mean:
+3.945286e+00  +3.934201e+00  +8.448331e-01  +1.301491e+00  +1.425753e+00  +4.987273e-01  +8.145711e-01  +1.396674e+00  +1.724019e-01  +1.866354e+00  +5.944687e+00  +3.547329e+00  +2.645285e+00  +2.062645e+02  +4.276523e+00  +5.293190e+00  +2.796010e+02  +5.393372e+00  +3.763710e+00  +3.249018e+02  +2.640409e+00  +4.560587e+00  +3.920352e+02  
covariance:
+1.955504e-06  -3.029020e-06  +6.943368e-06  +1.538938e-05  -7.176284e-07  +8.879491e-07  -4.385001e-06  -1.257625e-05  +6.040190e-06  -4.421816e-05  +3.110383e-05  +3.773815e-07  +1.346811e-05  -1.147491e-03  +1.929820e-05  +9.481886e-07  -2.735761e-03  +5.463007e-06  +1.187232e-05  -3.028886e-03  -4.601503e-07  +4.360459e-08  +8.989133e-05  
-3.029020e-06  +8.115003e-06  -1.118728e-05  -3.222024e-05  +1.944513e-06  -2.117248e-06  +9.978892e-06  +2.243709e-05  -1.088245e-05  +8.300097e-05  -5.803251e-05  -7.689653e-07  -2.653622e-05  +1.975631e-03  -3.953189e-05  -2.124216e-06  +4.514729e-03  -1.123629e-05  -2.422510e-05  +6.236738e-03  +8.284751e-07  +1.495554e-07  -2.897476e-04  
+6.943368e-06  -1.118728e-05  +8.939799e-05  +7.477445e-05  +1.420438e-07  -6.605301e-07  -1.298366e-05  -1.455360e-04  +4.455286e-05  -3.797660e-04  +2.664077e-04  -3.878293e-08  +9.506981e-05  -1.400009e-02  +1.104396e-04  +7.562954e-07  -3.605030e-02  +3.342513e-05  +7.009104e-05  -1.982704e-02  -3.682161e-06  +4.830781e-06  -1.619471e-03  
+1.538938e-05  -3.222024e-05  +7.477445e-05  +2.193281e-04  -1.114346e-05  +9.261537e-06  -5.106164e-05  -1.342586e-04  +6.738906e-05  -5.197108e-04  +3.620824e-04  +3.382266e-06  +1.574618e-04  -1.409172e-02  +2.317914e-04  +1.482720e-05  -3.110103e-02  +6.493757e-05  +1.401287e-04  -3.754135e-02  -5.640980e-06  +7.749287e-08  +1.320397e-03  
-7.176284e-07  +1.944513e-06  +1.420438e-07  -1.114346e-05  +3.101531e-06  -1.575594e-07  +5.102115e-06  +1.644628e-06  -2.343803e-06  +1.236690e-05  -6.427520e-06  -1.213009e-07  -5.730260e-06  +1.785857e-04  -1.062814e-05  -4.971674e-08  -8.202318e-04  -3.189251e-06  -6.200090e-06  +1.802779e-03  +2.617381e-07  +8.585861e-07  +5.578782e-04  
+8.879491e-07  -2.117248e-06  -6.605301e-07  +9.261537e-06  -1.575594e-07  +2.899676e-06  -1.759810e-06  -3.106163e-06  +2.267003e-06  -1.648539e-05  +1.496450e-05  +6.173068e-07  +7.515970e-06  +8.419117e-05  +1.253658e-05  +2.668727e-06  -6.408197e-04  +3.129437e-06  +7.434216e-06  -6.109995e-04  -2.233387e-07  +6.262994e-07  +1.453868e-03  
-4.385001e-06  +9.978892e-06  -1.298366e-05  -5.106164e-05  +5.102115e-06  -1.759810e-06  +2.732839e-05  +1.733928e-05  -1.582125e-05  +9.935324e-05  -6.773876e-05  -3.655152e-07  -3.602353e-05  +2.905725e-03  -5.933036e-05  +5.924553e-07  +2.058862e-03  -1.646790e-05  -3.577487e-05  +1.050321e-02  +9.052156e-07  +3.165342e-06  +1.498484e-03  
-1.257625e-05  +2.243709e-05  -1.455360e-04  -1.342586e-04  +1.644628e-06  -3.106163e-06  +1.733928e-05  +3.543040e-04  -7.785354e-05  +6.797870e-04  -4.995245e-04  -2.286147e-06  -1.792044e-04  +2.362812e-02  -2.011195e-04  -5.345766e-06  +6.733736e-02  -7.003398e-05  -1.330527e-04  +3.738324e-02  +4.561524e-06  -1.530910e-05  -1.282286e-03  
+6.040190e-06  -1.088245e-05  +4.455286e-05  +6.738906e-05  -2.343803e-06  +2.267003e-06  -1.582125e-05  -7.785354e-05  +3.038519e-05  -2.395508e-04  +1.658886e-04  +1.061799e-06  +6.590421e-05  -7.337819e-03  +8.763452e-05  +3.511895e-06  -1.863274e-02  +2.550905e-05  +5.452069e-05  -1.469382e-02  -2.393459e-06  +1.786783e-06  -9.697985e-05  
-4.421816e-05  +8.300097e-05  -3.797660e-04  -5.197108e-04  +1.236690e-05  -1.648539e-05  +9.935324e-05  +6.797870e-04  -2.395508e-04  +1.988807e-03  -1.397152e-03  -9.184124e-06  -5.337536e-04  +6.182645e-02  -6.866890e-04  -3.166858e-05  +1.657881e-01  -2.029547e-04  -4.289752e-04  +1.163302e-01  +1.961084e-05  -2.191842e-05  -1.772744e-03  
+3.110383e-05  -5.803251e-05  +2.664077e-04  +3.620824e-04  -6.427520e-06  +1.496450e-05  -6.773876e-05  -4.995245e-04  +1.658886e-04  -1.397152e-03  +1.059765e-03  +8.771498e-06  +3.830244e-04  -4.378067e-02  +4.796999e-04  +2.686127e-05  -1.231819e-01  +1.458405e-04  +2.992472e-04  -8.205694e-02  -1.217190e-05  +1.973370e-05  +6.706489e-03  
+3.773815e-07  -7.689653e-07  -3.878293e-08  +3.382266e-06  -1.213009e-07  +6.173068e-07  -3.655152e-07  -2.286147e-06  +1.061799e-06  -9.184124e-06  +8.771498e-06  +8.084013e-07  +3.539760e-06  +1.347078e-04  +4.864488e-06  +1.067917e-06  -5.076422e-04  +1.530665e-06  +2.966029e-06  -6.087341e-04  -6.684547e-08  +2.255075e-07  +4.057087e-04  
+1.346811e-05  -2.653622e-05  +9.506981e-05  +1.574618e-04  -5.730260e-06  +7.515970e-06  -3.602353e-05  -1.792044e-04  +6.590421e-05  -5.337536e-04  +3.830244e-04  +3.539760e-06  +1.535222e-04  -1.556556e-02  +2.027477e-04  +1.073317e-05  -4.148403e-02  +6.001173e-05  +1.258802e-04  -3.281460e-02  -5.183281e-06  +4.713215e-06  +1.613334e-03  
-1.147491e-03  +1.975631e-03  -1.400009e-02  -1.409172e-02  +1.785857e-04  +8.419117e-05  +2.905725e-03  +2.362812e-02  -7.337819e-03  +6.182645e-02  -4.378067e-02  +1.347078e-04  -1.556556e-02  +2.874945e+00  -1.863709e-02  +1.449438e-04  +5.792220e+00  -5.764653e-03  -1.165575e-02  +3.740350e+00  +5.545628e-04  -7.063932e-04  +2.364461e-01  
+1.929820e-05  -3.953189e-05  +1.104396e-04  +2.317914e-04  -1.062814e-05  +1.253658e-05  -5.933036e-05  -2.011195e-04  +8.763452e-05  -6.866890e-04  +4.796999e-04  +4.864488e-06  +2.027477e-04  -1.863709e-02  +2.874717e-04  +1.624730e-05  -4.599496e-02  +8.127747e-05  +1.761616e-04  -4.572514e-02  -7.163481e-06  +2.887157e-06  +1.852641e-03  
+9.481886e-07  -2.124216e-06  +7.562954e-07  +1.482720e-05  -4.971674e-08  +2.668727e-06  +5.924553e-07  -5.345766e-06  +3.511895e-06  -3.166858e-05  +2.686127e-05  +1.067917e-06  +1.073317e-05  +1.449438e-04  +1.624730e-05  +4.707619e-06  -2.107603e-03  +4.047199e-06  +9.423634e-06  -1.216556e-03  -4.615411e-07  +1.289161e-06  +1.797374e-03  
-2.735761e-03  +4.514729e-03  -3.605030e-02  -3.110103e-02  -8.202318e-04  -6.408197e-04  +2.058862e-03  +6.733736e-02  -1.863274e-02  +1.657881e-01  -1.231819e-01  -5.076422e-04  -4.148403e-02  +5.792220e+00  -4.599496e-02  -2.107603e-03  +1.759066e+01  -1.475245e-02  -2.964258e-02  +8.280503e+00  +1.278481e-03  -3.389095e-03  -6.864928e-01  
+5.463007e-06  -1.123629e-05  +3.342513e-05  +6.493757e-05  -3.189251e-06  +3.129437e-06  -1.646790e-05  -7.003398e-05  +2.550905e-05  -2.029547e-04  +1.458405e-04  +1.530665e-06  +6.001173e-05  -5.764653e-03  +8.127747e-05  +4.047199e-06  -1.475245e-02  +2.503060e-05  +5.059170e-05  -1.378506e-02  -1.838809e-06  +1.567580e-06  +6.019171e-04  
+1.187232e-05  -2.422510e-05  +7.009104e-05  +1.401287e-04  -6.200090e-06  +7.434216e-06  -3.577487e-05  -1.330527e-04  +5.452069e-05  -4.289752e-04  +2.992472e-04  +2.966029e-06  +1.258802e-04  -1.165575e-02  +1.761616e-04  +9.423634e-06  -2.964258e-02  +5.059170e-05  +1.092553e-04  -2.837682e-02  -4.163321e-06  +2.163585e-06  +9.181456e-04  
-3.028886e-03  +6.236738e-03  -1.982704e-02  -3.754135e-02  +1.802779e-03  -6.109995e-04  +1.050321e-02  +3.738324e-02  -1.469382e-02  +1.163302e-01  -8.205694e-02  -6.087341e-04  -3.281460e-02  +3.740350e+00  -4.572514e-02  -1.216556e-03  +8.280503e+00  -1.378506e-02  -2.837682e-02  +9.502004e+00  +7.669955e-04  -4.341913e-04  +5.647964e-01  
-4.601503e-07  +8.284751e-07  -3.682161e-06  -5.640980e-06  +2.617381e-07  -2.233387e-07  +9.052156e-07  +4.561524e-06  -2.393459e-06  +1.961084e-05  -1.217190e-05  -6.684547e-08  -5.183281e-06  +5.545628e-04  -7.163481e-06  -4.615411e-07  +1.278481e-03  -1.838809e-06  -4.163321e-06  +7.669955e-04  +6.038228e-07  -9.250324e-08  -2.265955e-05  
+4.360459e-08  +1.495554e-07  +4.830781e-06  +7.749287e-08  +8.585861e-07  +6.262994e-07  +3.165342e-06  -1.530910e-05  +1.786783e-06  -2.191842e-05  +1.973370e-05  +2.255075e-07  +4.713215e-06  -7.063932e-04  +2.887157e-06  +1.289161e-06  -3.389095e-03  +1.567580e-06  +2.163585e-06  -4.341913e-04  -9.250324e-08  +2.079554e-06  +8.178121e-04  
+8.989133e-05  -2.897476e-04  -1.619471e-03  +1.320397e-03  +5.578782e-04  +1.453868e-03  +1.498484e-03  -1.282286e-03  -9.697985e-05  -1.772744e-03  +6.706489e-03  +4.057087e-04  +1.613334e-03  +2.364461e-01  +1.852641e-03  +1.797374e-03  -6.864928e-01  +6.019171e-04  +9.181456e-04  +5.647964e-01  -2.265955e-05  +8.178121e-04  +1.733849e+00  
