mean:
+3.981741e+00  +3.953546e+00  +8.433731e-01  +1.309902e+00  +1.404713e+00  +4.025124e-01  +8.126800e-01  +1.375186e+00  +1.706766e-01  +1.873831e+00  +5.950320e+00  +3.591425e+00  +2.698191e+00  +2.037080e+02  +4.309600e+00  +5.293987e+00  +2.779304e+02  +5.453188e+00  +3.756639e+00  +3.257507e+02  +2.640620e+00  +4.560083e+00  +3.967578e+02  
covariance:
+1.074521e-06  +1.512879e-07  +1.863404e-08  -2.368284e-06  +7.769470e-07  +1.467308e-06  +1.882547e-06  -2.620290e-06  -2.196864e-06  +1.408537e-05  -3.843707e-06  +2.240233e-07  -1.970692e-07  -2.326681e-05  -9.440998e-07  +3.437929e-07  +4.074365e-04  +1.687285e-07  -1.707219e-08  +1.226832e-03  +1.054523e-07  +1.441887e-07  +1.807842e-03  
+1.512879e-07  +9.887413e-07  +2.687958e-07  -8.713920e-08  +2.310447e-07  -2.334540e-07  +3.688135e-07  +8.666330e-07  +2.340865e-08  -7.250316e-09  -1.698155e-06  -6.903683e-08  -8.443883e-08  +2.537786e-05  -2.757746e-07  -1.093829e-08  -1.436305e-04  +7.401267e-08  +3.097253e-08  +5.532578e-05  +6.643316e-09  +8.119053e-09  -3.243077e-04  
+1.863404e-08  +2.687958e-07  +3.616747e-05  -1.298110e-05  +7.191837e-06  -1.709059e-05  -1.786685e-05  -5.227734e-05  +1.639657e-05  -1.079851e-04  -4.359154e-05  +7.903878e-07  +1.047310e-06  +1.134249e-03  +3.293866e-06  -4.463430e-06  -6.446950e-03  -2.664287e-06  +5.186270e-07  -1.570874e-02  +8.300625e-07  +9.919795e-07  -2.490833e-02  
-2.368284e-06  -8.713920e-08  -1.298110e-05  +1.155766e-04  -1.363441e-05  -1.166591e-05  +2.856096e-06  +5.905565e-05  +1.318016e-05  -1.053326e-04  +2.790217e-05  -1.995013e-06  +2.953929e-06  +5.225207e-04  -1.426433e-06  -2.153651e-06  -4.893290e-03  +2.590066e-07  -1.457348e-06  -3.193231e-03  -1.722699e-06  +1.025233e-07  -1.496629e-02  
+7.769470e-07  +2.310447e-07  +7.191837e-06  -1.363441e-05  +2.821974e-05  +2.581315e-06  +3.440350e-06  -1.355949e-05  -5.770329e-06  +4.459653e-05  -2.389503e-05  +3.815380e-07  -1.376117e-06  -1.021585e-04  -8.855510e-06  +2.855504e-07  +4.922251e-04  -1.082484e-06  +6.956875e-07  +1.974209e-03  +1.395500e-06  +2.505631e-07  +3.574478e-03  
+1.467308e-06  -2.334540e-07  -1.709059e-05  -1.166591e-05  +2.581315e-06  +2.347082e-05  +1.900189e-05  +3.984733e-06  -2.356489e-05  +1.658682e-04  +1.225007e-05  +1.416471e-06  -2.322339e-06  -5.387604e-04  -7.756616e-06  +4.785354e-06  +8.475528e-03  +1.728582e-06  -2.741497e-07  +1.644643e-02  +5.234624e-07  -4.830497e-07  +2.869567e-02  
+1.882547e-06  +3.688135e-07  -1.786685e-05  +2.856096e-06  +3.440350e-06  +1.900189e-05  +4.625631e-05  +3.675334e-05  -2.958628e-05  +1.922355e-04  -3.084691e-05  +2.486056e-06  -1.210670e-06  -6.907269e-04  -1.321334e-05  +5.621070e-06  +5.127760e-03  +3.907409e-06  -1.290148e-06  +2.298729e-02  +2.915174e-09  +1.724329e-07  +2.391058e-02  
-2.620290e-06  +8.666330e-07  -5.227734e-05  +5.905565e-05  -1.355949e-05  +3.984733e-06  +3.675334e-05  +4.210032e-04  -2.788476e-06  -3.444973e-05  +1.257815e-04  -7.779554e-06  +5.237844e-06  -8.390870e-03  -1.580271e-06  +7.840590e-06  -1.359957e-03  -2.036951e-06  -1.050869e-06  +2.043416e-02  -4.439354e-06  -9.980557e-06  +1.116119e-02  
-2.196864e-06  +2.340865e-08  +1.639657e-05  +1.318016e-05  -5.770329e-06  -2.356489e-05  -2.958628e-05  -2.788476e-06  +2.972423e-05  -2.035188e-04  +1.096918e-05  -2.254918e-06  +2.557021e-06  +5.775300e-04  +1.264995e-05  -5.365852e-06  -7.784491e-03  -2.511658e-06  +3.833696e-07  -2.080706e-02  -7.354477e-07  -3.181879e-07  -3.060497e-02  
+1.408537e-05  -7.250316e-09  -1.079851e-04  -1.053326e-04  +4.459653e-05  +1.658682e-04  +1.922355e-04  -3.444973e-05  -2.035188e-04  +1.430027e-03  -9.393231e-05  +1.588361e-05  -1.922535e-05  -3.117294e-03  -9.021076e-05  +3.658911e-05  +5.570197e-02  +1.684691e-05  -2.151921e-06  +1.421787e-01  +5.964344e-06  +3.158310e-06  +2.162073e-01  
-3.843707e-06  -1.698155e-06  -4.359154e-05  +2.790217e-05  -2.389503e-05  +1.225007e-05  -3.084691e-05  +1.257815e-04  +1.096918e-05  -9.393231e-05  +2.838066e-04  -4.204218e-06  +2.303820e-06  -2.432391e-03  +2.576622e-05  +1.366526e-06  +6.312137e-03  -3.873223e-06  +1.064917e-06  -3.843933e-03  -1.907112e-06  -6.506754e-06  +1.367030e-02  
+2.240233e-07  -6.903683e-08  +7.903878e-07  -1.995013e-06  +3.815380e-07  +1.416471e-06  +2.486056e-06  -7.779554e-06  -2.254918e-06  +1.588361e-05  -4.204218e-06  +1.075086e-06  +2.669091e-08  +2.444794e-04  -8.438971e-07  +1.338991e-07  +2.106074e-04  +1.483275e-07  -2.256209e-08  +1.116975e-03  +6.480536e-08  +3.333871e-07  +1.506301e-03  
-1.970692e-07  -8.443883e-08  +1.047310e-06  +2.953929e-06  -1.376117e-06  -2.322339e-06  -1.210670e-06  +5.237844e-06  +2.557021e-06  -1.922535e-05  +2.303820e-06  +2.669091e-08  +9.723111e-07  +8.355911e-05  +1.341606e-06  -3.741503e-07  -9.437631e-04  -1.669075e-07  +3.378779e-08  -1.759477e-03  -2.805091e-07  -6.531266e-08  -3.237180e-03  
-2.326681e-05  +2.537786e-05  +1.134249e-03  +5.225207e-04  -1.021585e-04  -5.387604e-04  -6.907269e-04  -8.390870e-03  +5.775300e-04  -3.117294e-03  -2.432391e-03  +2.444794e-04  +8.355911e-05  +8.780648e-01  +2.349505e-04  -1.897191e-04  -3.538042e-02  +3.109746e-04  +7.657308e-05  -9.871905e-01  +4.165760e-05  +1.541013e-04  -1.489668e+00  
-9.440998e-07  -2.757746e-07  +3.293866e-06  -1.426433e-06  -8.855510e-06  -7.756616e-06  -1.321334e-05  -1.580271e-06  +1.264995e-05  -9.021076e-05  +2.576622e-05  -8.438971e-07  +1.341606e-06  +2.349505e-04  +1.250758e-05  -1.886443e-06  -1.989773e-03  -7.604707e-07  -1.612310e-07  -9.223010e-03  -7.006587e-07  -7.588958e-07  -1.220978e-02  
+3.437929e-07  -1.093829e-08  -4.463430e-06  -2.153651e-06  +2.855504e-07  +4.785354e-06  +5.621070e-06  +7.840590e-06  -5.365852e-06  +3.658911e-05  +1.366526e-06  +1.338991e-07  -3.741503e-07  -1.897191e-04  -1.886443e-06  +1.606622e-06  +1.633161e-03  +4.941763e-07  -7.639488e-08  +4.017334e-03  -2.684749e-08  -2.435614e-07  +6.066292e-03  
+4.074365e-04  -1.436305e-04  -6.446950e-03  -4.893290e-03  +4.922251e-04  +8.475528e-03  +5.127760e-03  -1.359957e-03  -7.784491e-03  +5.570197e-02  +6.312137e-03  +2.106074e-04  -9.437631e-04  -3.538042e-02  -1.989773e-03  +1.633161e-03  +4.055649e+00  +7.661861e-04  -7.144307e-05  +5.352678e+00  +1.691443e-04  -1.877168e-04  +1.006089e+01  
+1.687285e-07  +7.401267e-08  -2.664287e-06  +2.590066e-07  -1.082484e-06  +1.728582e-06  +3.907409e-06  -2.036951e-06  -2.511658e-06  +1.684691e-05  -3.873223e-06  +1.483275e-07  -1.669075e-07  +3.109746e-04  -7.604707e-07  +4.941763e-07  +7.661861e-04  +1.147184e-06  -1.708324e-07  +1.787580e-03  -1.660887e-07  +2.378064e-07  +1.947254e-03  
-1.707219e-08  +3.097253e-08  +5.186270e-07  -1.457348e-06  +6.956875e-07  -2.741497e-07  -1.290148e-06  -1.050869e-06  +3.833696e-07  -2.151921e-06  +1.064917e-06  -2.256209e-08  +3.378779e-08  +7.657308e-05  -1.612310e-07  -7.639488e-08  -7.144307e-05  -1.708324e-07  +4.356497e-07  -4.256327e-04  +3.527730e-08  +1.426017e-08  -1.951926e-04  
+1.226832e-03  +5.532578e-05  -1.570874e-02  -3.193231e-03  +1.974209e-03  +1.644643e-02  +2.298729e-02  +2.043416e-02  -2.080706e-02  +1.421787e-01  -3.843933e-03  +1.116975e-03  -1.759477e-03  -9.871905e-01  -9.223010e-03  +4.017334e-03  +5.352678e+00  +1.787580e-03  -4.256327e-04  +1.686779e+01  +2.793420e-04  +1.895899e-04  +2.296535e+01  
+1.054523e-07  +6.643316e-09  +8.300625e-07  -1.722699e-06  +1.395500e-06  +5.234624e-07  +2.915174e-09  -4.439354e-06  -7.354477e-07  +5.964344e-06  -1.907112e-06  +6.480536e-08  -2.805091e-07  +4.165760e-05  -7.006587e-07  -2.684749e-08  +1.691443e-04  -1.660887e-07  +3.527730e-08  +2.793420e-04  +4.872215e-07  +2.408097e-08  +6.423628e-04  
+1.441887e-07  +8.119053e-09  +9.919795e-07  +1.025233e-07  +2.505631e-07  -4.830497e-07  +1.724329e-07  -9.980557e-06  -3.181879e-07  +3.158310e-06  -6.506754e-06  +3.333871e-07  -6.531266e-08  +1.541013e-04  -7.588958e-07  -2.435614e-07  -1.877168e-04  +2.378064e-07  +1.426017e-08  +1.895899e-04  +2.408097e-08  +8.993987e-07  +8.032713e-05  
+1.807842e-03  -3.243077e-04  -2.490833e-02  -1.496629e-02  +3.574478e-03  +2.869567e-02  +2.391058e-02  +1.116119e-02  -3.060497e-02  +2.162073e-01  +1.367030e-02  +1.506301e-03  -3.237180e-03  -1.489668e+00  -1.220978e-02  +6.066292e-03  +1.006089e+01  +1.947254e-03  -1.951926e-04  +2.296535e+01  +6.423628e-04  +8.032713e-05  +3.994296e+01  
