mean:
+3.967342e+00  +4.002906e+00  +6.052191e-01  +1.979290e+00  +1.316020e+00  +6.084014e-01  +8.235654e-01  +2.228575e+00  +3.799851e-02  +3.893382e+00  +5.916611e+00  +4.623710e+00  +3.191276e+00  +3.252235e+02  +2.670683e+00  +3.677647e+00  +4.501115e+02  +4.719984e+00  +4.880137e+00  +8.049057e+02  +3.938378e+00  +5.173346e+00  +4.323690e+02  
covariance:
+2.205832e-06  -6.240603e-07  +6.405180e-07  +7.627811e-06  -5.268626e-07  +5.850585e-07  +9.922267e-09  +1.540233e-06  -7.824557e-08  +5.578991e-06  -1.064443e-05  -5.026967e-08  -2.405960e-07  -1.356563e-04  +1.113719e-07  +1.524370e-07  +5.344803e-05  -7.583447e-08  -3.976819e-09  +4.495645e-04  +4.366809e-08  +2.707598e-08  +4.809101e-04  
-6.240603e-07  +5.394402e-06  -1.485162e-06  -1.406411e-05  -7.426027e-07  -5.003925e-07  +7.072413e-07  -7.848955e-06  +3.385279e-08  -8.575820e-06  +3.107648e-05  +7.443458e-08  +4.124637e-07  +2.134381e-04  -2.965376e-07  -1.767779e-07  +3.190764e-05  -1.044506e-07  +8.685595e-08  -2.343413e-03  +7.831202e-08  -6.855842e-08  +3.944363e-04  
+6.405180e-07  -1.485162e-06  +1.821527e-05  +1.381166e-05  +7.546041e-06  +4.917334e-06  +1.087007e-05  +3.040411e-05  -9.887982e-07  +5.330208e-05  -8.171213e-05  +1.168049e-06  -2.134141e-06  -4.103654e-03  +2.820959e-07  +1.410496e-06  +4.609310e-03  -1.484620e-07  +1.101141e-07  +6.643658e-03  -7.435575e-07  +3.485687e-07  +3.934811e-03  
+7.627811e-06  -1.406411e-05  +1.381166e-05  +4.608023e-04  +6.219467e-05  +1.735751e-05  -1.826827e-05  +1.755010e-04  -1.052161e-06  +2.513454e-04  -6.992028e-04  -1.893674e-06  -2.797323e-06  +9.992413e-04  +3.711198e-06  +2.908207e-06  -7.423733e-03  +4.651361e-07  -3.562543e-06  +5.615550e-02  -5.326246e-07  +8.841293e-07  +1.359027e-02  
-5.268626e-07  -7.426027e-07  +7.546041e-06  +6.219467e-05  +1.208688e-04  +5.127037e-06  +2.056013e-05  +1.223494e-04  -1.415125e-06  +1.152035e-04  -2.919113e-04  +8.396120e-07  +3.708194e-06  -4.019823e-03  +3.106552e-07  +4.417377e-06  +9.288401e-03  -9.672441e-07  -1.462769e-06  +2.058350e-02  -1.468339e-06  -4.709711e-07  +3.786042e-03  
+5.850585e-07  -5.003925e-07  +4.917334e-06  +1.735751e-05  +5.127037e-06  +2.440397e-06  +3.113887e-06  +1.386935e-05  -3.622177e-07  +2.453953e-05  -4.245227e-05  +1.716240e-07  -4.073269e-07  -1.250008e-03  +1.144024e-07  +5.616908e-07  +1.425337e-03  -1.308075e-07  -1.344763e-07  +3.124119e-03  -2.283693e-07  +1.772936e-07  +1.943468e-03  
+9.922267e-09  +7.072413e-07  +1.087007e-05  -1.826827e-05  +2.056013e-05  +3.113887e-06  +2.247766e-05  +3.978892e-05  -1.271237e-06  +4.388997e-05  -5.361272e-05  +9.305776e-07  +7.264256e-07  -4.079770e-03  -1.151181e-06  +1.891966e-06  +8.753160e-03  +4.755333e-08  +5.558463e-08  +2.813666e-03  -1.398750e-06  +2.601451e-07  +2.397046e-03  
+1.540233e-06  -7.848955e-06  +3.040411e-05  +1.755010e-04  +1.223494e-04  +1.386935e-05  +3.978892e-05  +2.640451e-04  -2.812013e-06  +2.247914e-04  -6.200554e-04  +3.670020e-06  +1.346779e-06  -1.145799e-02  +1.273197e-06  +6.810586e-06  +1.656249e-02  +2.601885e-07  -2.583016e-06  +5.125442e-02  -5.956342e-06  +2.746080e-06  +5.737141e-03  
-7.824557e-08  +3.385279e-08  -9.887982e-07  -1.052161e-06  -1.415125e-06  -3.622177e-07  -1.271237e-06  -2.812013e-06  +1.165017e-07  -4.460928e-06  +6.001310e-06  -5.294833e-08  +2.101312e-08  +2.797412e-04  +4.469937e-08  -1.266768e-07  -5.026039e-04  +7.396801e-09  +6.828664e-09  -3.886988e-04  +6.400514e-08  -1.075417e-08  -3.265864e-04  
+5.578991e-06  -8.575820e-06  +5.330208e-05  +2.513454e-04  +1.152035e-04  +2.453953e-05  +4.388997e-05  +2.247914e-04  -4.460928e-06  +3.304240e-04  -6.618429e-04  +2.482915e-06  -2.513469e-06  -1.350678e-02  +1.252223e-06  +8.043140e-06  +1.865522e-02  -6.538804e-07  -2.274719e-06  +4.891423e-02  -3.035172e-06  +1.383706e-06  +2.055621e-02  
-1.064443e-05  +3.107648e-05  -8.171213e-05  -6.992028e-04  -2.919113e-04  -4.245227e-05  -5.361272e-05  -6.200554e-04  +6.001310e-06  -6.618429e-04  +1.868947e-03  -6.560955e-06  +4.954255e-06  +2.324492e-02  -8.070080e-06  -1.725005e-05  -2.492596e-02  +1.347707e-07  +8.144329e-06  -1.469481e-01  +1.064628e-05  -5.984896e-06  -2.224156e-02  
-5.026967e-08  +7.443458e-08  +1.168049e-06  -1.893674e-06  +8.396120e-07  +1.716240e-07  +9.305776e-07  +3.670020e-06  -5.294833e-08  +2.482915e-06  -6.560955e-06  +3.777284e-07  -1.681323e-07  -4.107409e-04  +8.205967e-08  +1.515798e-07  +3.806012e-04  -3.260165e-09  +2.337326e-08  +7.749580e-04  -9.610228e-08  +1.042327e-07  +4.051148e-05  
-2.405960e-07  +4.124637e-07  -2.134141e-06  -2.797323e-06  +3.708194e-06  -4.073269e-07  +7.264256e-07  +1.346779e-06  +2.101312e-08  -2.513469e-06  +4.954255e-06  -1.681323e-07  +9.145838e-07  +2.614583e-04  -2.434227e-07  -6.829743e-08  +2.910707e-04  -3.472561e-09  -1.857094e-08  -5.254278e-04  -9.528269e-08  -3.559514e-08  -2.155783e-04  
-1.356563e-04  +2.134381e-04  -4.103654e-03  +9.992413e-04  -4.019823e-03  -1.250008e-03  -4.079770e-03  -1.145799e-02  +2.797412e-04  -1.350678e-02  +2.324492e-02  -4.107409e-04  +2.614583e-04  +1.485331e+00  +3.306083e-06  -4.807931e-04  -1.722192e+00  -1.210099e-05  +2.130480e-05  -1.811035e+00  +4.498003e-04  -1.798798e-04  -9.341677e-01  
+1.113719e-07  -2.965376e-07  +2.820959e-07  +3.711198e-06  +3.106552e-07  +1.144024e-07  -1.151181e-06  +1.273197e-06  +4.469937e-08  +1.252223e-06  -8.070080e-06  +8.205967e-08  -2.434227e-07  +3.306083e-06  +3.672553e-07  +4.236815e-08  -4.221849e-04  -4.416019e-08  -7.414001e-08  +8.891362e-04  +3.613071e-08  +6.182644e-08  -1.658930e-04  
+1.524370e-07  -1.767779e-07  +1.410496e-06  +2.908207e-06  +4.417377e-06  +5.616908e-07  +1.891966e-06  +6.810586e-06  -1.266768e-07  +8.043140e-06  -1.725005e-05  +1.515798e-07  -6.829743e-08  -4.807931e-04  +4.236815e-08  +4.581304e-07  +7.871609e-04  -4.695530e-08  -6.433197e-08  +1.119362e-03  -1.090133e-07  +7.212659e-09  +2.814740e-04  
+5.344803e-05  +3.190764e-05  +4.609310e-03  -7.423733e-03  +9.288401e-03  +1.425337e-03  +8.753160e-03  +1.656249e-02  -5.026039e-04  +1.865522e-02  -2.492596e-02  +3.806012e-04  +2.910707e-04  -1.722192e+00  -4.221849e-04  +7.871609e-04  +4.011678e+00  -9.805750e-05  +9.735070e-06  +1.037787e+00  -5.730711e-04  +1.014744e-04  +7.921600e-01  
-7.583447e-08  -1.044506e-07  -1.484620e-07  +4.651361e-07  -9.672441e-07  -1.308075e-07  +4.755333e-08  +2.601885e-07  +7.396801e-09  -6.538804e-07  +1.347707e-07  -3.260165e-09  -3.472561e-09  -1.210099e-05  -4.416019e-08  -4.695530e-08  -9.805750e-05  +2.007056e-07  -2.988628e-08  +1.429154e-04  -6.906233e-08  +2.149938e-08  -9.066675e-05  
-3.976819e-09  +8.685595e-08  +1.101141e-07  -3.562543e-06  -1.462769e-06  -1.344763e-07  +5.558463e-08  -2.583016e-06  +6.828664e-09  -2.274719e-06  +8.144329e-06  +2.337326e-08  -1.857094e-08  +2.130480e-05  -7.414001e-08  -6.433197e-08  +9.735070e-06  -2.988628e-08  +2.075062e-07  -6.239390e-04  +4.237185e-08  +4.822455e-10  -1.719299e-05  
+4.495645e-04  -2.343413e-03  +6.643658e-03  +5.615550e-02  +2.058350e-02  +3.124119e-03  +2.813666e-03  +5.125442e-02  -3.886988e-04  +4.891423e-02  -1.469481e-01  +7.749580e-04  -5.254278e-04  -1.811035e+00  +8.891362e-04  +1.119362e-03  +1.037787e+00  +1.429154e-04  -6.239390e-04  +1.329633e+01  -9.757064e-04  +7.257426e-04  +1.332567e+00  
+4.366809e-08  +7.831202e-08  -7.435575e-07  -5.326246e-07  -1.468339e-06  -2.283693e-07  -1.398750e-06  -5.956342e-06  +6.400514e-08  -3.035172e-06  +1.064628e-05  -9.610228e-08  -9.528269e-08  +4.498003e-04  +3.613071e-08  -1.090133e-07  -5.730711e-04  -6.906233e-08  +4.237185e-08  -9.757064e-04  +4.511723e-07  -1.143858e-07  -2.973002e-06  
+2.707598e-08  -6.855842e-08  +3.485687e-07  +8.841293e-07  -4.709711e-07  +1.772936e-07  +2.601451e-07  +2.746080e-06  -1.075417e-08  +1.383706e-06  -5.984896e-06  +1.042327e-07  -3.559514e-08  -1.798798e-04  +6.182644e-08  +7.212659e-09  +1.014744e-04  +2.149938e-08  +4.822455e-10  +7.257426e-04  -1.143858e-07  +2.323937e-07  -3.448315e-05  
+4.809101e-04  +3.944363e-04  +3.934811e-03  +1.359027e-02  +3.786042e-03  +1.943468e-03  +2.397046e-03  +5.737141e-03  -3.265864e-04  +2.055621e-02  -2.224156e-02  +4.051148e-05  -2.155783e-04  -9.341677e-01  -1.658930e-04  +2.814740e-04  +7.921600e-01  -9.066675e-05  -1.719299e-05  +1.332567e+00  -2.973002e-06  -3.448315e-05  +3.072194e+00  
