mean:
+3.928638e+00  +3.909274e+00  +6.452143e-01  -1.088029e+00  +1.750012e+00  +5.974500e-01  +9.121942e-01  +2.105637e+00  +1.417373e-01  +2.012602e+00  +4.710236e+00  +1.905903e+00  +3.007574e+00  +8.080616e+02  +4.959966e+00  +4.479838e+00  +2.023871e+03  
covariance:
+1.597908e-05  +7.833288e-06  +8.729454e-06  +1.426894e-05  -5.001006e-05  -6.146338e-07  -4.476707e-06  -4.623657e-07  +2.499406e-06  -4.421832e-05  +1.736207e-04  +3.619201e-08  +2.016950e-07  +5.201480e-03  -2.484497e-07  -3.565608e-07  -5.353569e-03  
+7.833288e-06  +2.065488e-05  -6.289404e-06  +1.490538e-05  +4.924028e-05  +2.190409e-06  +7.230017e-06  -1.852985e-05  -3.510064e-06  +6.217429e-05  -2.680062e-04  +6.830052e-07  +1.120539e-06  -5.597248e-03  +4.447683e-08  -4.791982e-07  +1.232899e-02  
+8.729454e-06  -6.289404e-06  +7.817045e-05  +8.890874e-05  -1.276079e-04  -5.044430e-06  -8.082987e-06  +9.056651e-06  +5.687676e-06  -1.797087e-04  +7.859015e-04  +2.547174e-07  -8.313192e-07  +2.871636e-02  -1.423743e-07  +3.409377e-07  -1.163112e-02  
+1.426894e-05  +1.490538e-05  +8.890874e-05  +1.034674e-03  +6.593150e-04  -1.511489e-05  +1.387017e-04  -1.241680e-04  -3.197031e-05  +3.497431e-04  -1.185363e-03  +2.698885e-06  +2.631353e-06  +3.633243e-02  +5.905164e-07  +4.143619e-08  +1.856849e-01  
-5.001006e-05  +4.924028e-05  -1.276079e-04  +6.593150e-04  +1.903339e-03  +1.627110e-05  +2.395799e-04  -2.183572e-04  -7.886567e-05  +1.426247e-03  -5.542748e-03  +7.937973e-06  +1.142126e-05  -9.356411e-02  +3.718208e-07  +2.296186e-06  +3.272497e-01  
-6.146338e-07  +2.190409e-06  -5.044430e-06  -1.511489e-05  +1.627110e-05  +4.170078e-06  -4.416451e-07  -1.242590e-05  -1.893257e-06  +3.517479e-05  -1.043638e-04  +2.422349e-07  +3.550649e-07  -3.681492e-03  -2.698481e-08  +1.072369e-07  +1.294951e-03  
-4.476707e-06  +7.230017e-06  -8.082987e-06  +1.387017e-04  +2.395799e-04  -4.416451e-07  +7.217212e-05  +6.852173e-05  -1.056208e-05  +1.506361e-04  -7.444975e-04  +7.001639e-07  -8.436192e-08  -7.841546e-03  -8.026425e-10  +1.800401e-07  +3.850412e-02  
-4.623657e-07  -1.852985e-05  +9.056651e-06  -1.241680e-04  -2.183572e-04  -1.242590e-05  +6.852173e-05  +6.727109e-04  +2.515896e-05  -4.182597e-04  +6.688447e-04  -4.010365e-06  -7.094877e-06  +2.390576e-02  -2.763142e-06  -1.847738e-06  -8.411241e-02  
+2.499406e-06  -3.510064e-06  +5.687676e-06  -3.197031e-05  -7.886567e-05  -1.893257e-06  -1.056208e-05  +2.515896e-05  +5.690517e-06  -7.824684e-05  +2.650313e-04  -4.119339e-07  -3.547996e-07  +5.200566e-03  -7.778022e-08  -8.550645e-08  -1.561471e-02  
-4.421832e-05  +6.217429e-05  -1.797087e-04  +3.497431e-04  +1.426247e-03  +3.517479e-05  +1.506361e-04  -4.182597e-04  -7.824684e-05  +1.526395e-03  -5.718932e-03  +6.252894e-06  +1.031961e-05  -1.178205e-01  +1.826278e-06  +1.603103e-06  +2.832702e-01  
+1.736207e-04  -2.680062e-04  +7.859015e-04  -1.185363e-03  -5.542748e-03  -1.043638e-04  -7.444975e-04  +6.688447e-04  +2.650313e-04  -5.718932e-03  +2.437188e-02  -2.302443e-05  -3.913153e-05  +4.706937e-01  -3.371258e-06  -4.335231e-06  -1.094940e+00  
+3.619201e-08  +6.830052e-07  +2.547174e-07  +2.698885e-06  +7.937973e-06  +2.422349e-07  +7.001639e-07  -4.010365e-06  -4.119339e-07  +6.252894e-06  -2.302443e-05  +7.383756e-07  +2.011494e-07  -3.553506e-04  -2.866233e-08  +2.355449e-08  +1.854129e-03  
+2.016950e-07  +1.120539e-06  -8.313192e-07  +2.631353e-06  +1.142126e-05  +3.550649e-07  -8.436192e-08  -7.094877e-06  -3.547996e-07  +1.031961e-05  -3.913153e-05  +2.011494e-07  +9.077812e-07  -6.834627e-04  +5.203836e-08  +2.474079e-08  +2.410393e-03  
+5.201480e-03  -5.597248e-03  +2.871636e-02  +3.633243e-02  -9.356411e-02  -3.681492e-03  -7.841546e-03  +2.390576e-02  +5.200566e-03  -1.178205e-01  +4.706937e-01  -3.553506e-04  -6.834627e-04  +1.889264e+01  -4.298764e-05  -7.704269e-05  -1.240878e+01  
-2.484497e-07  +4.447683e-08  -1.423743e-07  +5.905164e-07  +3.718208e-07  -2.698481e-08  -8.026425e-10  -2.763142e-06  -7.778022e-08  +1.826278e-06  -3.371258e-06  -2.866233e-08  +5.203836e-08  -4.298764e-05  +3.151786e-07  -4.283584e-08  +1.528574e-04  
-3.565608e-07  -4.791982e-07  +3.409377e-07  +4.143619e-08  +2.296186e-06  +1.072369e-07  +1.800401e-07  -1.847738e-06  -8.550645e-08  +1.603103e-06  -4.335231e-06  +2.355449e-08  +2.474079e-08  -7.704269e-05  -4.283584e-08  +3.943732e-07  +8.320175e-05  
-5.353569e-03  +1.232899e-02  -1.163112e-02  +1.856849e-01  +3.272497e-01  +1.294951e-03  +3.850412e-02  -8.411241e-02  -1.561471e-02  +2.832702e-01  -1.094940e+00  +1.854129e-03  +2.410393e-03  -1.240878e+01  +1.528574e-04  +8.320175e-05  +8.468722e+01  
