mean:
+3.930689e+00  +3.908757e+00  +6.293753e-01  -1.141528e+00  +1.746120e+00  +6.039733e-01  +9.166818e-01  +2.057875e+00  +1.409000e-01  +1.996751e+00  +4.832102e+00  +1.905979e+00  +3.007370e+00  +8.096151e+02  +4.959902e+00  +4.479869e+00  +2.014828e+03  
covariance:
+1.422568e-05  +1.220337e-05  +9.640152e-06  -9.826876e-06  -1.790502e-05  +8.390251e-07  -2.014713e-06  +1.259555e-05  +3.815250e-07  -6.227614e-06  +3.792525e-05  -6.562916e-07  -6.160195e-07  -1.566604e-03  -1.222799e-08  +3.210557e-08  -2.668470e-05  
+1.220337e-05  +2.230663e-05  -1.004894e-05  -1.400667e-05  +2.370337e-05  -3.335491e-06  -1.414092e-06  -1.842916e-05  +7.113459e-08  +5.988408e-06  -6.730012e-05  -7.818413e-07  +4.537919e-09  +2.166574e-03  +2.439516e-08  -1.290510e-07  +6.209686e-03  
+9.640152e-06  -1.004894e-05  +2.183839e-04  -2.374918e-05  -2.811102e-04  +3.601186e-05  +1.364149e-05  +2.306483e-04  -1.158996e-05  -3.984963e-05  +8.618280e-04  +1.328284e-06  -4.687189e-06  -1.973940e-02  -5.913118e-07  +2.667971e-06  -3.469125e-02  
-9.826876e-06  -1.400667e-05  -2.374918e-05  +9.289217e-04  +4.130762e-04  -5.274395e-05  -1.996585e-05  +1.215221e-04  +1.506168e-05  +5.055102e-05  -8.397528e-04  +3.874730e-06  +1.062087e-05  +2.160708e-02  -1.322963e-06  +3.731846e-06  +7.817079e-02  
-1.790502e-05  +2.370337e-05  -2.811102e-04  +4.130762e-04  +9.975741e-04  -7.765923e-05  -1.940505e-05  -2.838089e-04  +1.795120e-05  +1.524452e-04  -1.821573e-03  +2.188439e-07  +1.114978e-05  +4.758024e-02  -1.936966e-07  -6.127533e-07  +1.082016e-01  
+8.390251e-07  -3.335491e-06  +3.601186e-05  -5.274395e-05  -7.765923e-05  +1.774131e-05  -6.956537e-06  +3.799640e-06  -2.556908e-06  -7.104350e-06  +2.415986e-04  -4.845010e-08  -1.266790e-06  -8.269911e-03  -1.728810e-07  +1.113800e-07  -1.533614e-02  
-2.014713e-06  -1.414092e-06  +1.364149e-05  -1.996585e-05  -1.940505e-05  -6.956537e-06  +6.642117e-05  +5.969500e-05  -1.062306e-05  +3.865175e-05  -5.519694e-06  -1.937506e-07  +1.329791e-06  +1.204880e-02  -1.029222e-07  -1.476219e-07  +6.727211e-03  
+1.259555e-05  -1.842916e-05  +2.306483e-04  +1.215221e-04  -2.838089e-04  +3.799640e-06  +5.969500e-05  +7.393732e-04  -1.465970e-05  -4.796143e-05  +7.872109e-04  +1.619188e-06  -1.940671e-06  -2.790563e-03  -8.620157e-08  +2.311092e-06  -2.866580e-02  
+3.815250e-07  +7.113459e-08  -1.158996e-05  +1.506168e-05  +1.795120e-05  -2.556908e-06  -1.062306e-05  -1.465970e-05  +5.343674e-06  -2.120647e-05  -6.706115e-05  +6.908373e-08  -8.176070e-08  -4.651870e-05  -8.793815e-08  +9.388653e-08  +1.296360e-03  
-6.227614e-06  +5.988408e-06  -3.984963e-05  +5.055102e-05  +1.524452e-04  -7.104350e-06  +3.865175e-05  -4.796143e-05  -2.120647e-05  +1.913087e-04  -1.837281e-04  -3.927824e-07  +4.776447e-06  +1.175776e-02  +5.171341e-07  -1.362790e-06  +2.670209e-02  
+3.792525e-05  -6.730012e-05  +8.618280e-04  -8.397528e-04  -1.821573e-03  +2.415986e-04  -5.519694e-06  +7.872109e-04  -6.706115e-05  -1.837281e-04  +5.099122e-03  +5.355356e-07  -2.921381e-05  -1.451199e-01  +2.304655e-07  +5.486021e-06  -2.776976e-01  
-6.562916e-07  -7.818413e-07  +1.328284e-06  +3.874730e-06  +2.188439e-07  -4.845010e-08  -1.937506e-07  +1.619188e-06  +6.908373e-08  -3.927824e-07  +5.355356e-07  +5.923000e-07  +7.581621e-08  +2.262516e-04  +3.250153e-08  +3.789979e-08  -4.401307e-05  
-6.160195e-07  +4.537919e-09  -4.687189e-06  +1.062087e-05  +1.114978e-05  -1.266790e-06  +1.329791e-06  -1.940671e-06  -8.176070e-08  +4.776447e-06  -2.921381e-05  +7.581621e-08  +7.947449e-07  +1.408567e-03  -1.905534e-08  -6.593365e-09  +2.030478e-03  
-1.566604e-03  +2.166574e-03  -1.973940e-02  +2.160708e-02  +4.758024e-02  -8.269911e-03  +1.204880e-02  -2.790563e-03  -4.651870e-05  +1.175776e-02  -1.451199e-01  +2.262516e-04  +1.408567e-03  +1.025584e+01  -8.992203e-05  +2.827510e-05  +9.052098e+00  
-1.222799e-08  +2.439516e-08  -5.913118e-07  -1.322963e-06  -1.936966e-07  -1.728810e-07  -1.029222e-07  -8.620157e-08  -8.793815e-08  +5.171341e-07  +2.304655e-07  +3.250153e-08  -1.905534e-08  -8.992203e-05  +2.650113e-07  -3.088199e-08  -1.820228e-04  
+3.210557e-08  -1.290510e-07  +2.667971e-06  +3.731846e-06  -6.127533e-07  +1.113800e-07  -1.476219e-07  +2.311092e-06  +9.388653e-08  -1.362790e-06  +5.486021e-06  +3.789979e-08  -6.593365e-09  +2.827510e-05  -3.088199e-08  +3.844739e-07  -1.134578e-04  
-2.668470e-05  +6.209686e-03  -3.469125e-02  +7.817079e-02  +1.082016e-01  -1.533614e-02  +6.727211e-03  -2.866580e-02  +1.296360e-03  +2.670209e-02  -2.776976e-01  -4.401307e-05  +2.030478e-03  +9.052098e+00  -1.820228e-04  -1.134578e-04  +2.554017e+01  
