mean:
+3.930207e+00  +3.909535e+00  +6.154070e-01  -1.082894e+00  +1.589387e+00  +6.047834e-01  +9.361016e-01  +2.054009e+00  +1.370173e-01  +2.019998e+00  +4.816020e+00  +1.905705e+00  +3.007455e+00  +8.108199e+02  +4.959963e+00  +4.479915e+00  +2.025789e+03  
covariance:
+1.577529e-05  +1.240818e-05  +4.317467e-05  -6.363063e-06  -6.962149e-05  -2.940894e-06  +3.195697e-06  +2.502365e-06  +1.893840e-06  -3.700373e-05  +1.033784e-04  -1.312875e-07  -1.069619e-07  +7.355555e-03  +3.024715e-07  +1.946345e-07  -2.194900e-02  
+1.240818e-05  +2.131775e-05  +1.493327e-05  -2.526774e-05  -3.154097e-05  -1.589769e-06  +9.149280e-06  +3.585059e-06  -1.728154e-07  -1.580371e-05  +3.879748e-05  -2.048056e-07  -8.166017e-08  +5.540960e-03  +1.373888e-07  +2.127010e-07  -9.700877e-03  
+4.317467e-05  +1.493327e-05  +7.078689e-04  +9.278993e-06  -1.011964e-03  -1.564200e-05  -5.244553e-05  +7.088249e-05  +2.527040e-05  -4.452532e-04  +1.552366e-03  +2.683477e-06  -4.021169e-06  +6.606936e-02  +1.096115e-06  +9.818986e-08  -2.658930e-01  
-6.363063e-06  -2.526774e-05  +9.278993e-06  +7.821753e-04  -1.071733e-03  -3.546251e-05  +6.002415e-05  +8.458461e-05  -1.990422e-05  +7.007100e-05  +2.030189e-04  +1.921150e-07  -6.738511e-07  -3.946424e-02  -7.277275e-07  -4.044257e-07  -5.057532e-02  
-6.962149e-05  -3.154097e-05  -1.011964e-03  -1.071733e-03  +4.447063e-03  +1.264884e-04  -2.446295e-04  -5.062083e-04  +1.367862e-05  +5.662708e-04  -2.512359e-03  -4.231308e-06  +1.171739e-06  -8.406296e-02  -5.171546e-06  -4.083716e-06  +5.579697e-01  
-2.940894e-06  -1.589769e-06  -1.564200e-05  -3.546251e-05  +1.264884e-04  +9.752887e-06  -1.004004e-05  +4.413085e-06  -1.122008e-06  +3.052996e-05  -4.959793e-05  +5.092726e-07  -2.467506e-07  -4.091020e-03  -1.686847e-07  +2.664988e-07  +2.230827e-02  
+3.195697e-06  +9.149280e-06  -5.244553e-05  +6.002415e-05  -2.446295e-04  -1.004004e-05  +6.762044e-05  +6.033259e-05  -1.092520e-05  +5.576430e-05  -1.150011e-04  -1.128135e-06  +9.716797e-07  +4.213227e-03  +9.982077e-07  +8.215099e-07  +4.665910e-03  
+2.502365e-06  +3.585059e-06  +7.088249e-05  +8.458461e-05  -5.062083e-04  +4.413085e-06  +6.033259e-05  +5.532024e-04  -9.732364e-06  -3.291373e-05  +2.652640e-04  +5.652763e-06  -1.869301e-07  +1.625262e-02  +1.012001e-06  +2.212678e-06  +1.689892e-02  
+1.893840e-06  -1.728154e-07  +2.527040e-05  -1.990422e-05  +1.367862e-05  -1.122008e-06  -1.092520e-05  -9.732364e-06  +5.350044e-06  -4.093861e-05  +4.983836e-05  +6.283912e-08  -1.603954e-07  +4.112543e-03  -4.823777e-08  -3.907744e-07  -1.425522e-02  
-3.700373e-05  -1.580371e-05  -4.452532e-04  +7.007100e-05  +5.662708e-04  +3.052996e-05  +5.576430e-05  -3.291373e-05  -4.093861e-05  +5.153504e-04  -1.052739e-03  -1.094278e-06  +2.814673e-06  -6.248638e-02  -9.019718e-07  +2.444333e-06  +2.359302e-01  
+1.033784e-04  +3.879748e-05  +1.552366e-03  +2.030189e-04  -2.512359e-03  -4.959793e-05  -1.150011e-04  +2.652640e-04  +4.983836e-05  -1.052739e-03  +4.163158e-03  +8.480708e-06  -1.036703e-05  +1.297176e-01  +2.580748e-06  +1.415379e-06  -6.438664e-01  
-1.312875e-07  -2.048056e-07  +2.683477e-06  +1.921150e-07  -4.231308e-06  +5.092726e-07  -1.128135e-06  +5.652763e-06  +6.283912e-08  -1.094278e-06  +8.480708e-06  +6.247891e-07  -3.747725e-08  -3.290909e-04  -4.797157e-08  +7.844927e-08  +3.935146e-04  
-1.069619e-07  -8.166017e-08  -4.021169e-06  -6.738511e-07  +1.171739e-06  -2.467506e-07  +9.716797e-07  -1.869301e-07  -1.603954e-07  +2.814673e-06  -1.036703e-05  -3.747725e-08  +4.917130e-07  -1.390778e-04  +2.885178e-08  +2.859144e-08  +1.206146e-03  
+7.355555e-03  +5.540960e-03  +6.606936e-02  -3.946424e-02  -8.406296e-02  -4.091020e-03  +4.213227e-03  +1.625262e-02  +4.112543e-03  -6.248638e-02  +1.297176e-01  -3.290909e-04  -1.390778e-04  +1.598125e+01  +4.891297e-04  -8.493102e-05  -3.402067e+01  
+3.024715e-07  +1.373888e-07  +1.096115e-06  -7.277275e-07  -5.171546e-06  -1.686847e-07  +9.982077e-07  +1.012001e-06  -4.823777e-08  -9.019718e-07  +2.580748e-06  -4.797157e-08  +2.885178e-08  +4.891297e-04  +3.243413e-07  +1.108265e-08  -8.026983e-04  
+1.946345e-07  +2.127010e-07  +9.818986e-08  -4.044257e-07  -4.083716e-06  +2.664988e-07  +8.215099e-07  +2.212678e-06  -3.907744e-07  +2.444333e-06  +1.415379e-06  +7.844927e-08  +2.859144e-08  -8.493102e-05  +1.108265e-08  +4.445621e-07  +5.232863e-04  
-2.194900e-02  -9.700877e-03  -2.658930e-01  -5.057532e-02  +5.579697e-01  +2.230827e-02  +4.665910e-03  +1.689892e-02  -1.425522e-02  +2.359302e-01  -6.438664e-01  +3.935146e-04  +1.206146e-03  -3.402067e+01  -8.026983e-04  +5.232863e-04  +1.595436e+02  
