mean:
+3.978567e+00  +4.009866e+00  +8.693053e-01  +1.342298e+00  +1.248872e+00  +6.056202e-01  +8.153296e-01  +1.354956e+00  +1.637502e-01  +1.910561e+00  +5.930106e+00  +3.595452e+00  +2.900861e+00  +2.046926e+02  +4.310629e+00  +5.179043e+00  +2.832504e+02  +5.217734e+00  +3.940751e+00  +3.263992e+02  +2.880005e+00  +4.559677e+00  +3.942917e+02  
covariance:
+1.837513e-06  +2.860897e-07  +9.236515e-06  +3.883410e-05  -4.807567e-07  +2.725045e-06  -1.543246e-06  -1.528591e-05  -4.625481e-06  +3.415030e-05  -4.729262e-05  -3.206852e-07  -5.424760e-07  +6.530363e-04  -1.954608e-07  -1.638555e-07  +2.231381e-03  -3.382691e-07  +1.346656e-06  +2.698660e-03  +4.444579e-07  +2.073811e-07  +1.208469e-03  
+2.860897e-07  +3.002149e-06  -4.486248e-06  -1.626540e-05  +3.501671e-07  -9.729575e-07  +2.560735e-07  +8.762572e-06  +2.250876e-06  -1.552229e-05  +2.174137e-05  +2.955352e-07  +2.849462e-07  -1.915700e-04  +1.934988e-08  -2.893817e-08  -1.054626e-03  +2.510570e-07  -1.005184e-06  -1.663930e-03  -2.879311e-07  -8.290561e-08  -4.795302e-04  
+9.236515e-06  -4.486248e-06  +1.076826e-04  +3.778659e-04  -8.981612e-06  +3.049941e-05  -8.863675e-06  -1.497656e-04  -4.258118e-05  +3.156531e-04  -4.337734e-04  -4.264684e-06  -3.331006e-06  +4.870377e-03  -9.000250e-07  -3.645776e-06  +2.157107e-02  -3.553533e-06  +1.682959e-05  +2.545072e-02  +4.789522e-06  +2.641567e-06  +7.892040e-03  
+3.883410e-05  -1.626540e-05  +3.778659e-04  +1.720112e-03  -2.792288e-05  +1.110964e-04  -5.430172e-05  -5.368433e-04  -1.572630e-04  +1.219671e-03  -1.971391e-03  -1.487504e-05  -1.383056e-05  +2.109719e-02  -3.152485e-06  -4.101617e-06  +8.167823e-02  -1.350158e-05  +4.748770e-05  +1.026098e-01  +1.333345e-05  +8.957248e-06  +3.980360e-02  
-4.807567e-07  +3.501671e-07  -8.981612e-06  -2.792288e-05  +2.345172e-05  -3.384695e-06  +4.563557e-06  -5.998396e-06  +9.873808e-07  -1.068548e-05  +2.751247e-05  -2.629847e-07  +5.521321e-07  -1.145530e-04  -1.876772e-07  +1.232946e-06  -9.006416e-04  +7.847232e-07  -5.165323e-07  -3.356360e-04  +1.288167e-07  -9.174350e-07  -6.725886e-04  
+2.725045e-06  -9.729575e-07  +3.049941e-05  +1.110964e-04  -3.384695e-06  +9.970717e-06  -2.139997e-06  -3.958462e-05  -1.160312e-05  +8.595024e-05  -1.282622e-04  -1.099285e-06  -8.227013e-07  +1.266328e-03  -1.995884e-07  -1.140603e-06  +6.112728e-03  -7.822749e-07  +4.777352e-06  +6.532179e-03  +1.378561e-06  +7.805336e-07  +1.432989e-03  
-1.543246e-06  +2.560735e-07  -8.863675e-06  -5.430172e-05  +4.563557e-06  -2.139997e-06  +1.451976e-05  +1.748206e-05  +4.284366e-06  -5.024060e-05  +7.475129e-05  -1.391429e-07  +1.615576e-06  -1.925175e-03  +7.925950e-07  -1.714062e-07  -2.725731e-03  +8.244841e-07  +7.168523e-07  -3.326284e-03  +6.519762e-07  -3.712094e-07  -3.600604e-03  
-1.528591e-05  +8.762572e-06  -1.497656e-04  -5.368433e-04  -5.998396e-06  -3.958462e-05  +1.748206e-05  +4.201305e-04  +8.161525e-05  -6.006823e-04  +6.875446e-04  +8.813181e-06  +1.073749e-05  -9.751294e-03  +4.559855e-06  +5.493605e-06  -3.902918e-02  +2.183390e-06  -3.109479e-05  -4.947450e-02  -7.772908e-06  -2.346189e-06  -1.920866e-02  
-4.625481e-06  +2.250876e-06  -4.258118e-05  -1.572630e-04  +9.873808e-07  -1.160312e-05  +4.284366e-06  +8.161525e-05  +2.327920e-05  -1.667745e-04  +1.880907e-04  +1.904005e-06  +2.883846e-06  -3.460715e-03  +1.160365e-06  +1.457185e-06  -1.117647e-02  +1.480248e-06  -8.219220e-06  -1.315207e-02  -2.574243e-06  -1.038576e-06  -6.053808e-03  
+3.415030e-05  -1.552229e-05  +3.156531e-04  +1.219671e-03  -1.068548e-05  +8.595024e-05  -5.024060e-05  -6.006823e-04  -1.667745e-04  +1.246599e-03  -1.486102e-03  -1.339565e-05  -2.192280e-05  +2.666647e-02  -8.713114e-06  -8.512279e-06  +8.242500e-02  -1.114025e-05  +5.489065e-05  +9.809586e-02  +1.630189e-05  +7.382340e-06  +4.716911e-02  
-4.729262e-05  +2.174137e-05  -4.337734e-04  -1.971391e-03  +2.751247e-05  -1.282622e-04  +7.475129e-05  +6.875446e-04  +1.880907e-04  -1.486102e-03  +2.531431e-03  +1.751564e-05  +2.031426e-05  -2.208150e-02  +2.373767e-06  -2.188108e-06  -9.914385e-02  +1.217610e-05  -5.187021e-05  -1.268466e-01  -1.246760e-05  -6.664176e-06  -4.820211e-02  
-3.206852e-07  +2.955352e-07  -4.264684e-06  -1.487504e-05  -2.629847e-07  -1.099285e-06  -1.391429e-07  +8.813181e-06  +1.904005e-06  -1.339565e-05  +1.751564e-05  +6.898216e-07  +1.377245e-07  +8.542380e-05  +4.922747e-08  +1.288438e-07  -8.804615e-04  +1.034590e-07  -1.131360e-06  -1.258922e-03  -3.239583e-07  -5.191157e-08  -3.489379e-04  
-5.424760e-07  +2.849462e-07  -3.331006e-06  -1.383056e-05  +5.521321e-07  -8.227013e-07  +1.615576e-06  +1.073749e-05  +2.883846e-06  -2.192280e-05  +2.031426e-05  +1.377245e-07  +1.436091e-06  -2.539073e-04  +3.450068e-07  +3.204289e-07  -1.681496e-03  +2.754097e-07  -1.089169e-06  -1.682461e-03  -2.775749e-07  -1.208083e-07  -1.054835e-03  
+6.530363e-04  -1.915700e-04  +4.870377e-03  +2.109719e-02  -1.145530e-04  +1.266328e-03  -1.925175e-03  -9.751294e-03  -3.460715e-03  +2.666647e-02  -2.208150e-02  +8.542380e-05  -2.539073e-04  +2.453844e+00  -6.152979e-04  -1.105892e-04  +1.525158e+00  -1.211839e-04  +5.100439e-04  +1.441962e+00  +2.097657e-04  +2.694414e-04  +1.632514e+00  
-1.954608e-07  +1.934988e-08  -9.000250e-07  -3.152485e-06  -1.876772e-07  -1.995884e-07  +7.925950e-07  +4.559855e-06  +1.160365e-06  -8.713114e-06  +2.373767e-06  +4.922747e-08  +3.450068e-07  -6.152979e-04  +5.429411e-07  +1.823354e-07  -5.448271e-04  +5.630154e-08  -1.768840e-07  -2.905922e-04  -1.558668e-07  -7.883136e-08  -4.862392e-04  
-1.638555e-07  -2.893817e-08  -3.645776e-06  -4.101617e-06  +1.232946e-06  -1.140603e-06  -1.714062e-07  +5.493605e-06  +1.457185e-06  -8.512279e-06  -2.188108e-06  +1.288438e-07  +3.204289e-07  -1.105892e-04  +1.823354e-07  +1.296486e-06  -8.198666e-04  +2.431874e-07  -1.653314e-06  -3.819419e-04  -4.153828e-07  -3.162631e-07  -1.610747e-04  
+2.231381e-03  -1.054626e-03  +2.157107e-02  +8.167823e-02  -9.006416e-04  +6.112728e-03  -2.725731e-03  -3.902918e-02  -1.117647e-02  +8.242500e-02  -9.914385e-02  -8.804615e-04  -1.681496e-03  +1.525158e+00  -5.448271e-04  -8.198666e-04  +6.025426e+00  -8.376641e-04  +4.028677e-03  +6.500812e+00  +1.218297e-03  +5.751222e-04  +2.860819e+00  
-3.382691e-07  +2.510570e-07  -3.553533e-06  -1.350158e-05  +7.847232e-07  -7.822749e-07  +8.244841e-07  +2.183390e-06  +1.480248e-06  -1.114025e-05  +1.217610e-05  +1.034590e-07  +2.754097e-07  -1.211839e-04  +5.630154e-08  +2.431874e-07  -8.376641e-04  +6.454619e-07  -5.451511e-07  -1.059561e-03  -2.495201e-07  -1.937463e-07  -5.558611e-04  
+1.346656e-06  -1.005184e-06  +1.682959e-05  +4.748770e-05  -5.165323e-07  +4.777352e-06  +7.168523e-07  -3.109479e-05  -8.219220e-06  +5.489065e-05  -5.187021e-05  -1.131360e-06  -1.089169e-06  +5.100439e-04  -1.768840e-07  -1.653314e-06  +4.028677e-03  -5.451511e-07  +7.236496e-06  +4.929428e-03  +1.645755e-06  +8.418536e-07  +1.546170e-03  
+2.698660e-03  -1.663930e-03  +2.545072e-02  +1.026098e-01  -3.356360e-04  +6.532179e-03  -3.326284e-03  -4.947450e-02  -1.315207e-02  +9.809586e-02  -1.268466e-01  -1.258922e-03  -1.682461e-03  +1.441962e+00  -2.905922e-04  -3.819419e-04  +6.500812e+00  -1.059561e-03  +4.929428e-03  +9.364555e+00  +1.336430e-03  +5.355514e-04  +3.684473e+00  
+4.444579e-07  -2.879311e-07  +4.789522e-06  +1.333345e-05  +1.288167e-07  +1.378561e-06  +6.519762e-07  -7.772908e-06  -2.574243e-06  +1.630189e-05  -1.246760e-05  -3.239583e-07  -2.775749e-07  +2.097657e-04  -1.558668e-07  -4.153828e-07  +1.218297e-03  -2.495201e-07  +1.645755e-06  +1.336430e-03  +7.919402e-07  +2.467269e-07  +3.519939e-04  
+2.073811e-07  -8.290561e-08  +2.641567e-06  +8.957248e-06  -9.174350e-07  +7.805336e-07  -3.712094e-07  -2.346189e-06  -1.038576e-06  +7.382340e-06  -6.664176e-06  -5.191157e-08  -1.208083e-07  +2.694414e-04  -7.883136e-08  -3.162631e-07  +5.751222e-04  -1.937463e-07  +8.418536e-07  +5.355514e-04  +2.467269e-07  +6.182937e-07  +2.185039e-04  
+1.208469e-03  -4.795302e-04  +7.892040e-03  +3.980360e-02  -6.725886e-04  +1.432989e-03  -3.600604e-03  -1.920866e-02  -6.053808e-03  +4.716911e-02  -4.820211e-02  -3.489379e-04  -1.054835e-03  +1.632514e+00  -4.862392e-04  -1.610747e-04  +2.860819e+00  -5.558611e-04  +1.546170e-03  +3.684473e+00  +3.519939e-04  +2.185039e-04  +3.737644e+00  
