mean:
+3.982205e+00  +3.953590e+00  +8.373790e-01  +1.298954e+00  +1.402706e+00  +4.035733e-01  +8.077973e-01  +1.345774e+00  +1.708420e-01  +1.848878e+00  +5.993919e+00  +3.592211e+00  +2.698541e+00  +2.053193e+02  +4.328639e+00  +5.294162e+00  +2.840936e+02  +5.452345e+00  +3.738839e+00  +3.251811e+02  +2.640755e+00  +4.559312e+00  +3.973227e+02  
covariance:
+9.894178e-07  +2.073847e-07  -1.869413e-06  +9.177497e-07  -2.396386e-07  +8.749756e-07  +2.120168e-06  -2.365277e-06  -1.368657e-06  +6.717422e-06  -1.253724e-06  -4.854589e-08  -2.353596e-07  +7.169950e-05  -1.341556e-07  +2.850651e-07  +8.221794e-04  +2.781895e-08  -4.821193e-07  +7.279300e-04  +5.628824e-08  -7.408058e-08  +9.657032e-04  
+2.073847e-07  +9.772476e-07  +7.688713e-08  +3.994616e-07  -3.147736e-07  -8.663860e-08  -8.431232e-08  -2.065142e-07  +7.650661e-08  -1.489097e-07  -4.097561e-07  -3.457043e-08  -6.195121e-08  +6.651072e-05  -5.354403e-09  -3.669531e-08  -1.186351e-04  +4.084556e-08  -1.067935e-08  -8.028109e-05  +8.063483e-09  +2.116765e-08  -6.002031e-05  
-1.869413e-06  +7.688713e-08  +4.361348e-05  -3.251253e-06  +1.574192e-06  -2.032509e-05  -4.227572e-05  +5.623049e-06  +2.103762e-05  -1.160050e-04  -1.587691e-05  +1.177715e-06  +4.697613e-06  +3.858227e-03  +1.368701e-06  -5.600741e-06  -1.904017e-02  -1.730225e-07  +1.036326e-05  -1.758376e-02  +3.736523e-08  +2.101952e-06  -2.244831e-02  
+9.177497e-07  +3.994616e-07  -3.251253e-06  +1.263492e-04  -5.592550e-06  +6.170767e-06  +6.720185e-06  -7.070057e-05  -9.375572e-06  +6.653608e-05  -7.405057e-06  +3.681136e-06  -2.290506e-06  +5.922392e-03  +3.035254e-06  -1.434125e-06  +3.609020e-03  +6.921558e-07  -1.735944e-05  +1.042841e-02  -2.524568e-06  +2.075818e-06  +7.695360e-03  
-2.396386e-07  -3.147736e-07  +1.574192e-06  -5.592550e-06  +1.414973e-05  -8.174232e-07  -7.111628e-07  +5.949482e-06  +6.351024e-07  -3.143227e-06  -6.406299e-06  +3.696174e-07  +7.727446e-08  +7.323073e-04  -6.389914e-07  -4.068301e-07  -1.087298e-03  -4.922087e-07  -1.677591e-06  -1.393920e-03  +9.759230e-07  -1.096261e-07  -2.191571e-03  
+8.749756e-07  -8.663860e-08  -2.032509e-05  +6.170767e-06  -8.174232e-07  +1.409520e-05  +2.162377e-05  -2.880867e-05  -1.404448e-05  +8.246309e-05  +2.709592e-05  -6.888066e-08  -2.750218e-06  -1.295391e-04  -4.600104e-07  +3.515861e-06  +1.225697e-02  +5.619670e-07  -7.770569e-06  +1.088420e-02  -5.100661e-07  -9.575866e-07  +1.523356e-02  
+2.120168e-06  -8.431232e-08  -4.227572e-05  +6.720185e-06  -7.111628e-07  +2.162377e-05  +5.205458e-05  -1.312628e-05  -2.439922e-05  +1.326318e-04  +5.552610e-06  -1.364885e-06  -6.506781e-06  -6.014953e-03  -1.534388e-06  +6.282622e-06  +2.184241e-02  +3.467612e-07  -1.049265e-05  +1.911317e-02  +1.927395e-07  -2.814866e-06  +2.466144e-02  
-2.365277e-06  -2.065142e-07  +5.623049e-06  -7.070057e-05  +5.949482e-06  -2.880867e-05  -1.312628e-05  +3.864705e-04  +3.940556e-05  -2.804966e-04  -6.134905e-05  -5.714058e-06  +6.170320e-06  -3.267360e-02  -1.100558e-06  -3.750820e-06  -2.161269e-02  -6.084255e-06  +3.181214e-05  -1.724419e-02  +3.471823e-07  -2.157564e-06  -4.122723e-02  
-1.368657e-06  +7.650661e-08  +2.103762e-05  -9.375572e-06  +6.351024e-07  -1.404448e-05  -2.439922e-05  +3.940556e-05  +1.734589e-05  -1.015586e-04  -2.106476e-05  +1.966316e-08  +2.921001e-06  -1.548902e-03  +7.762707e-07  -3.867142e-06  -1.286321e-02  -8.948987e-07  +1.018808e-05  -1.184037e-02  +4.049375e-07  +7.751108e-07  -1.688099e-02  
+6.717422e-06  -1.489097e-07  -1.160050e-04  +6.653608e-05  -3.143227e-06  +8.246309e-05  +1.326318e-04  -2.804966e-04  -1.015586e-04  +6.343568e-04  +9.619017e-05  +1.600546e-06  -1.668522e-05  +1.878393e-02  -4.927869e-06  +2.228699e-05  +7.415894e-02  +5.815945e-06  -6.638103e-05  +6.820623e-02  -2.799314e-06  -3.880583e-06  +9.838492e-02  
-1.253724e-06  -4.097561e-07  -1.587691e-05  -7.405057e-06  -6.406299e-06  +2.709592e-05  +5.552610e-06  -6.134905e-05  -2.106476e-05  +9.619017e-05  +3.502936e-04  +1.892038e-07  +4.309601e-06  +1.030956e-03  +4.245594e-06  +7.305063e-06  +1.576017e-02  +4.840215e-06  -1.097453e-05  +2.145527e-02  -5.137427e-06  +5.009272e-06  +3.762766e-02  
-4.854589e-08  -3.457043e-08  +1.177715e-06  +3.681136e-06  +3.696174e-07  -6.888066e-08  -1.364885e-06  -5.714058e-06  +1.966316e-08  +1.600546e-06  +1.892038e-07  +7.297242e-07  -5.165796e-08  +8.491863e-04  +1.812234e-07  -1.996369e-07  -2.893428e-04  +1.026995e-07  -1.110235e-06  -1.244557e-04  -1.029450e-07  +1.174863e-07  -2.209786e-04  
-2.353596e-07  -6.195121e-08  +4.697613e-06  -2.290506e-06  +7.727446e-08  -2.750218e-06  -6.506781e-06  +6.170320e-06  +2.921001e-06  -1.668522e-05  +4.309601e-06  -5.165796e-08  +1.913164e-06  +9.125962e-04  +1.316660e-07  -5.662786e-07  -3.037109e-03  -2.721097e-08  +1.160665e-06  -2.245150e-03  -1.441722e-07  +6.763888e-07  -3.161167e-03  
+7.169950e-05  +6.651072e-05  +3.858227e-03  +5.922392e-03  +7.323073e-04  -1.295391e-04  -6.014953e-03  -3.267360e-02  -1.548902e-03  +1.878393e-02  +1.030956e-03  +8.491863e-04  +9.125962e-04  +6.663431e+00  -1.037554e-04  -1.985570e-04  -1.562126e+00  +6.577226e-04  -4.135488e-03  -6.757377e-01  -7.783856e-05  +1.227059e-03  +1.374546e-01  
-1.341556e-07  -5.354403e-09  +1.368701e-06  +3.035254e-06  -6.389914e-07  -4.600104e-07  -1.534388e-06  -1.100558e-06  +7.762707e-07  -4.927869e-06  +4.245594e-06  +1.812234e-07  +1.316660e-07  -1.037554e-04  +8.270546e-07  -3.361761e-07  -3.346265e-04  +1.595330e-07  -5.454995e-08  -3.142327e-05  -2.648032e-07  +2.775664e-07  -3.661406e-04  
+2.850651e-07  -3.669531e-08  -5.600741e-06  -1.434125e-06  -4.068301e-07  +3.515861e-06  +6.282622e-06  -3.750820e-06  -3.867142e-06  +2.228699e-05  +7.305063e-06  -1.996369e-07  -5.662786e-07  -1.985570e-04  -3.361761e-07  +1.438023e-06  +3.122039e-03  +1.034561e-07  -1.472061e-06  +2.760349e-03  -1.167293e-07  -3.152697e-07  +3.991639e-03  
+8.221794e-04  -1.186351e-04  -1.904017e-02  +3.609020e-03  -1.087298e-03  +1.225697e-02  +2.184241e-02  -2.161269e-02  -1.286321e-02  +7.415894e-02  +1.576017e-02  -2.893428e-04  -3.037109e-03  -1.562126e+00  -3.346265e-04  +3.122039e-03  +1.241465e+01  +5.500817e-04  -6.638516e-03  +1.008913e+01  -3.575750e-04  -1.322497e-03  +1.351845e+01  
+2.781895e-08  +4.084556e-08  -1.730225e-07  +6.921558e-07  -4.922087e-07  +5.619670e-07  +3.467612e-07  -6.084255e-06  -8.948987e-07  +5.815945e-06  +4.840215e-06  +1.026995e-07  -2.721097e-08  +6.577226e-04  +1.595330e-07  +1.034561e-07  +5.500817e-04  +5.231976e-07  -8.311368e-07  +5.583028e-04  -7.950854e-08  +2.552004e-07  +9.438188e-04  
-4.821193e-07  -1.067935e-08  +1.036326e-05  -1.735944e-05  -1.677591e-06  -7.770569e-06  -1.049265e-05  +3.181214e-05  +1.018808e-05  -6.638103e-05  -1.097453e-05  -1.110235e-06  +1.160665e-06  -4.135488e-03  -5.454995e-08  -1.472061e-06  -6.638516e-03  -8.311368e-07  +1.259758e-05  -7.189777e-03  +7.064437e-07  -6.270612e-07  -8.999610e-03  
+7.279300e-04  -8.028109e-05  -1.758376e-02  +1.042841e-02  -1.393920e-03  +1.088420e-02  +1.911317e-02  -1.724419e-02  -1.184037e-02  +6.820623e-02  +2.145527e-02  -1.244557e-04  -2.245150e-03  -6.757377e-01  -3.142327e-05  +2.760349e-03  +1.008913e+01  +5.583028e-04  -7.189777e-03  +1.017263e+01  -7.164689e-04  -5.106454e-04  +1.272037e+01  
+5.628824e-08  +8.063483e-09  +3.736523e-08  -2.524568e-06  +9.759230e-07  -5.100661e-07  +1.927395e-07  +3.471823e-07  +4.049375e-07  -2.799314e-06  -5.137427e-06  -1.029450e-07  -1.441722e-07  -7.783856e-05  -2.648032e-07  -1.167293e-07  -3.575750e-04  -7.950854e-08  +7.064437e-07  -7.164689e-04  +6.030504e-07  -5.818256e-08  -6.737972e-04  
-7.408058e-08  +2.116765e-08  +2.101952e-06  +2.075818e-06  -1.096261e-07  -9.575866e-07  -2.814866e-06  -2.157564e-06  +7.751108e-07  -3.880583e-06  +5.009272e-06  +1.174863e-07  +6.763888e-07  +1.227059e-03  +2.775664e-07  -3.152697e-07  -1.322497e-03  +2.552004e-07  -6.270612e-07  -5.106454e-04  -5.818256e-08  +9.917220e-07  -8.384037e-04  
+9.657032e-04  -6.002031e-05  -2.244831e-02  +7.695360e-03  -2.191571e-03  +1.523356e-02  +2.466144e-02  -4.122723e-02  -1.688099e-02  +9.838492e-02  +3.762766e-02  -2.209786e-04  -3.161167e-03  +1.374546e-01  -3.661406e-04  +3.991639e-03  +1.351845e+01  +9.438188e-04  -8.999610e-03  +1.272037e+01  -6.737972e-04  -8.384037e-04  +2.021162e+01  
