mean:
+3.947389e+00  +3.933567e+00  +8.318887e-01  +1.302767e+00  +1.429507e+00  +5.002309e-01  +8.027766e-01  +1.365297e+00  +1.768648e-01  +1.840476e+00  +5.948628e+00  +3.547438e+00  +2.643949e+00  +2.045577e+02  +4.279394e+00  +5.295439e+00  +2.762583e+02  +5.395066e+00  +3.769615e+00  +3.264449e+02  +2.639657e+00  +4.560192e+00  +3.942757e+02  
covariance:
+1.075374e-05  -5.795208e-06  +5.318466e-06  +2.610534e-05  +1.288023e-05  -1.177797e-06  -5.301498e-06  -2.386848e-05  +1.661211e-05  -1.148849e-04  +1.306193e-04  -4.910098e-07  +4.245294e-05  -3.125089e-03  +6.485588e-05  -5.188582e-07  -7.661126e-03  +2.474355e-05  +3.919835e-05  -4.282521e-03  +1.280561e-07  -2.343993e-06  -1.052826e-02  
-5.795208e-06  +5.985339e-06  -3.254423e-06  -1.398013e-05  -7.469791e-06  +6.527433e-07  +3.210969e-06  +1.287640e-05  -8.944248e-06  +6.357705e-05  -7.260013e-05  +3.503052e-07  -2.392628e-05  +1.850767e-03  -3.626932e-05  +5.546553e-07  +3.930995e-03  -1.392427e-05  -2.212678e-05  +2.433118e-03  -1.549818e-07  +1.170233e-06  +5.749454e-03  
+5.318466e-06  -3.254423e-06  +2.419508e-05  +2.014325e-05  +3.987046e-06  -3.663715e-06  -7.997890e-06  -2.017836e-05  +8.598313e-06  -6.595990e-05  +9.503400e-05  +4.089773e-07  +2.239572e-05  -6.819345e-03  +3.053324e-05  -1.995351e-06  -6.510455e-03  +7.673230e-06  +1.734615e-05  -8.403903e-03  +1.070443e-06  -1.676848e-06  -1.094517e-02  
+2.610534e-05  -1.398013e-05  +2.014325e-05  +4.270953e-04  +6.061013e-06  -1.189792e-05  -4.084442e-05  -2.076242e-04  +7.786425e-05  -5.969914e-04  +6.367251e-04  +8.593910e-06  +1.703545e-04  -3.786940e-02  +2.199960e-04  -6.642936e-06  -9.385297e-02  +9.239529e-05  +1.230774e-04  -1.287749e-02  -6.081128e-06  -1.924933e-05  -5.094044e-02  
+1.288023e-05  -7.469791e-06  +3.987046e-06  +6.061013e-06  +2.327250e-05  -5.847194e-07  -5.920021e-06  -2.826686e-05  +1.886889e-05  -1.285462e-04  +1.511914e-04  -1.903145e-06  +4.897916e-05  -1.069926e-03  +7.840571e-05  +5.170953e-07  -5.409333e-03  +3.011902e-05  +4.904904e-05  -4.683832e-03  +9.183180e-07  -2.170963e-06  -1.251544e-02  
-1.177797e-06  +6.527433e-07  -3.663715e-06  -1.189792e-05  -5.847194e-07  +2.511035e-06  +4.822376e-06  +5.994324e-06  -3.745785e-06  +2.669036e-05  -3.644192e-05  +2.836953e-07  -5.209615e-06  +1.986753e-03  -7.051096e-06  +8.886180e-07  +3.064751e-03  -2.451681e-06  -4.820157e-06  +1.863818e-03  +1.067789e-07  +2.435451e-07  +2.994544e-03  
-5.301498e-06  +3.210969e-06  -7.997890e-06  -4.084442e-05  -5.920021e-06  +4.822376e-06  +1.851793e-05  +5.358485e-05  -1.586516e-05  +1.149718e-04  -1.477649e-04  +7.375364e-07  -2.829372e-05  +6.976226e-03  -3.709857e-05  +2.340288e-06  +1.578104e-02  -1.533614e-05  -2.380190e-05  +4.943725e-03  -1.237631e-07  +1.122637e-06  +1.184886e-02  
-2.386848e-05  +1.287640e-05  -2.017836e-05  -2.076242e-04  -2.826686e-05  +5.994324e-06  +5.358485e-05  +4.646605e-04  -7.027274e-05  +5.500174e-04  -6.893686e-04  -1.447178e-06  -1.438508e-04  +3.142534e-02  -1.804441e-04  +9.399331e-06  +9.898021e-02  -7.713565e-05  -1.018247e-04  +2.422695e-02  -1.186885e-06  +6.306431e-06  +5.974979e-02  
+1.661211e-05  -8.944248e-06  +8.598313e-06  +7.786425e-05  +1.886889e-05  -3.745785e-06  -1.586516e-05  -7.027274e-05  +3.342886e-05  -2.329550e-04  +2.639856e-04  -1.665622e-07  +7.562468e-05  -8.859125e-03  +1.107451e-04  -1.626605e-06  -2.315938e-02  +4.387036e-05  +6.658158e-05  -7.623567e-03  -4.390746e-07  -4.669454e-06  -2.092023e-02  
-1.148849e-04  +6.357705e-05  -6.595990e-05  -5.969914e-04  -1.285462e-04  +2.669036e-05  +1.149718e-04  +5.500174e-04  -2.329550e-04  +1.686987e-03  -1.930637e-03  -7.649196e-07  -5.406046e-04  +6.769345e-02  -7.825316e-04  +1.333189e-05  +1.786262e-01  -3.103417e-04  -4.679905e-04  +5.670155e-02  +3.395022e-06  +3.426038e-05  +1.541185e-01  
+1.306193e-04  -7.260013e-05  +9.503400e-05  +6.367251e-04  +1.511914e-04  -3.644192e-05  -1.477649e-04  -6.893686e-04  +2.639856e-04  -1.930637e-03  +2.356993e-03  -1.301933e-06  +6.084790e-04  -7.890558e-02  +8.771781e-04  -1.839554e-05  -2.100169e-01  +3.446383e-04  +5.278309e-04  -7.666706e-02  -1.277466e-06  -3.373903e-05  -1.875599e-01  
-4.910098e-07  +3.503052e-07  +4.089773e-07  +8.593910e-06  -1.903145e-06  +2.836953e-07  +7.375364e-07  -1.447178e-06  -1.665622e-07  -7.649196e-07  -1.301933e-06  +9.505204e-07  +3.452553e-07  -7.293384e-04  -9.166682e-07  -9.825112e-08  -1.472595e-03  -3.274467e-07  -1.388986e-06  +9.693061e-05  -2.678937e-07  -2.557618e-07  +3.340408e-04  
+4.245294e-05  -2.392628e-05  +2.239572e-05  +1.703545e-04  +4.897916e-05  -5.209615e-06  -2.829372e-05  -1.438508e-04  +7.562468e-05  -5.406046e-04  +6.084790e-04  +3.452553e-07  +1.946723e-04  -1.942571e-02  +2.854415e-04  -3.673326e-06  -4.807909e-02  +1.111049e-04  +1.696952e-04  -1.795238e-02  -3.005880e-07  -1.229456e-05  -4.843947e-02  
-3.125089e-03  +1.850767e-03  -6.819345e-03  -3.786940e-02  -1.069926e-03  +1.986753e-03  +6.976226e-03  +3.142534e-02  -8.859125e-03  +6.769345e-02  -7.890558e-02  -7.293384e-04  -1.942571e-02  +6.012073e+00  -2.436093e-02  +1.575739e-03  +1.056292e+01  -9.238516e-03  -1.305230e-02  +3.447800e+00  +2.259931e-04  +1.821394e-03  +7.262753e+00  
+6.485588e-05  -3.626932e-05  +3.053324e-05  +2.199960e-04  +7.840571e-05  -7.051096e-06  -3.709857e-05  -1.804441e-04  +1.107451e-04  -7.825316e-04  +8.771781e-04  -9.166682e-07  +2.854415e-04  -2.436093e-02  +4.289322e-04  -3.185610e-06  -6.129027e-02  +1.660180e-04  +2.563065e-04  -2.560583e-02  -3.292914e-07  -1.751704e-05  -6.989945e-02  
-5.188582e-07  +5.546553e-07  -1.995351e-06  -6.642936e-06  +5.170953e-07  +8.886180e-07  +2.340288e-06  +9.399331e-06  -1.626605e-06  +1.333189e-05  -1.839554e-05  -9.825112e-08  -3.673326e-06  +1.575739e-03  -3.185610e-06  +1.627573e-06  +2.423030e-03  -1.204260e-06  -1.654257e-06  +1.394280e-03  +2.835650e-08  -1.146470e-07  +1.380960e-03  
-7.661126e-03  +3.930995e-03  -6.510455e-03  -9.385297e-02  -5.409333e-03  +3.064751e-03  +1.578104e-02  +9.898021e-02  -2.315938e-02  +1.786262e-01  -2.100169e-01  -1.472595e-03  -4.807909e-02  +1.056292e+01  -6.129027e-02  +2.423030e-03  +3.056979e+01  -2.598152e-02  -3.488608e-02  +5.600148e+00  +9.014678e-04  +3.749240e-03  +1.721445e+01  
+2.474355e-05  -1.392427e-05  +7.673230e-06  +9.239529e-05  +3.011902e-05  -2.451681e-06  -1.533614e-05  -7.713565e-05  +4.387036e-05  -3.103417e-04  +3.446383e-04  -3.274467e-07  +1.111049e-04  -9.238516e-03  +1.660180e-04  -1.204260e-06  -2.598152e-02  +6.600479e-05  +9.958102e-05  -8.581554e-03  -4.821586e-07  -6.820544e-06  -2.641336e-02  
+3.919835e-05  -2.212678e-05  +1.734615e-05  +1.230774e-04  +4.904904e-05  -4.820157e-06  -2.380190e-05  -1.018247e-04  +6.658158e-05  -4.679905e-04  +5.278309e-04  -1.388986e-06  +1.696952e-04  -1.305230e-02  +2.563065e-04  -1.654257e-06  -3.488608e-02  +9.958102e-05  +1.556529e-04  -1.489672e-02  +1.465006e-07  -1.005607e-05  -4.155938e-02  
-4.282521e-03  +2.433118e-03  -8.403903e-03  -1.287749e-02  -4.683832e-03  +1.863818e-03  +4.943725e-03  +2.422695e-02  -7.623567e-03  +5.670155e-02  -7.666706e-02  +9.693061e-05  -1.795238e-02  +3.447800e+00  -2.560583e-02  +1.394280e-03  +5.600148e+00  -8.581554e-03  -1.489672e-02  +5.349888e+00  -2.674927e-04  +7.247410e-04  +7.129611e+00  
+1.280561e-07  -1.549818e-07  +1.070443e-06  -6.081128e-06  +9.183180e-07  +1.067789e-07  -1.237631e-07  -1.186885e-06  -4.390746e-07  +3.395022e-06  -1.277466e-06  -2.678937e-07  -3.005880e-07  +2.259931e-04  -3.292914e-07  +2.835650e-08  +9.014678e-04  -4.821586e-07  +1.465006e-07  -2.674927e-04  +7.649972e-07  +5.424689e-08  -2.903139e-04  
-2.343993e-06  +1.170233e-06  -1.676848e-06  -1.924933e-05  -2.170963e-06  +2.435451e-07  +1.122637e-06  +6.306431e-06  -4.669454e-06  +3.426038e-05  -3.373903e-05  -2.557618e-07  -1.229456e-05  +1.821394e-03  -1.751704e-05  -1.146470e-07  +3.749240e-03  -6.820544e-06  -1.005607e-05  +7.247410e-04  +5.424689e-08  +1.808303e-06  +3.198583e-03  
-1.052826e-02  +5.749454e-03  -1.094517e-02  -5.094044e-02  -1.251544e-02  +2.994544e-03  +1.184886e-02  +5.974979e-02  -2.092023e-02  +1.541185e-01  -1.875599e-01  +3.340408e-04  -4.843947e-02  +7.262753e+00  -6.989945e-02  +1.380960e-03  +1.721445e+01  -2.641336e-02  -4.155938e-02  +7.129611e+00  -2.903139e-04  +3.198583e-03  +1.705047e+01  
