mean:
+3.914567e+00  +3.902303e+00  +6.452469e-01  -1.169206e+00  +1.736440e+00  +6.010325e-01  +9.137620e-01  +2.047092e+00  +1.499224e-01  +1.970092e+00  +4.759123e+00  +1.905339e+00  +3.006924e+00  +8.108034e+02  +4.960003e+00  +4.479345e+00  +2.016781e+03  
covariance:
+1.312564e-05  -6.568691e-07  -2.568589e-06  -1.774375e-05  +3.708894e-06  -6.671423e-06  +1.725900e-06  -4.671761e-05  +1.040049e-06  +1.011393e-05  -2.108747e-04  +1.318476e-07  -2.650192e-07  +2.146371e-03  -2.275264e-08  -1.621121e-07  +1.424351e-02  
-6.568691e-07  +4.451790e-06  +4.970480e-07  -1.301702e-05  +4.969180e-06  -3.590555e-06  +1.744617e-06  -4.027582e-05  +4.498108e-07  +1.058808e-05  -1.901415e-04  +9.776838e-08  +2.376801e-08  +3.483343e-03  -1.489992e-07  -3.424169e-07  +1.411623e-02  
-2.568589e-06  +4.970480e-07  +2.240339e-05  +3.227257e-06  +4.085263e-06  +7.260781e-06  +1.104000e-06  +1.184432e-05  -3.398296e-06  +2.222165e-05  +5.603164e-05  -3.149782e-07  -1.701281e-07  +4.379810e-04  -1.491067e-07  -9.590538e-08  +1.246161e-04  
-1.774375e-05  -1.301702e-05  +3.227257e-06  +1.909373e-04  +3.303520e-06  +2.293741e-05  -1.135329e-05  +2.542126e-04  -1.418151e-06  -6.773259e-05  +1.017810e-03  -8.875557e-07  +8.846303e-07  -1.102627e-02  +1.125471e-07  +8.933122e-07  -9.261712e-02  
+3.708894e-06  +4.969180e-06  +4.085263e-06  +3.303520e-06  +1.060823e-04  +1.889073e-06  +1.841743e-05  -9.708372e-05  -7.542599e-07  +3.002633e-05  -4.276346e-04  +2.050844e-06  -3.755307e-07  +1.186344e-02  -5.699206e-07  -3.202478e-06  +2.039122e-02  
-6.671423e-06  -3.590555e-06  +7.260781e-06  +2.293741e-05  +1.889073e-06  +1.472229e-05  -1.799437e-06  +6.699050e-05  -2.499495e-06  -9.303116e-06  +3.466559e-04  -2.153093e-07  +6.564036e-08  -4.242397e-03  +1.194279e-07  +2.170873e-07  -2.467285e-02  
+1.725900e-06  +1.744617e-06  +1.104000e-06  -1.135329e-05  +1.841743e-05  -1.799437e-06  +8.667270e-06  -2.718305e-05  -5.575870e-07  +9.128632e-06  -1.383824e-04  +6.614145e-07  -4.014975e-07  +3.165791e-03  -1.097378e-07  -7.198206e-07  +8.936811e-03  
-4.671761e-05  -4.027582e-05  +1.184432e-05  +2.542126e-04  -9.708372e-05  +6.699050e-05  -2.718305e-05  +7.992851e-04  -1.068442e-05  -1.825724e-04  +3.270143e-03  -1.129499e-06  +9.449937e-07  -5.433210e-02  +1.254142e-06  +5.410183e-06  -2.473504e-01  
+1.040049e-06  +4.498108e-07  -3.398296e-06  -1.418151e-06  -7.542599e-07  -2.499495e-06  -5.575870e-07  -1.068442e-05  +1.526373e-06  -4.425547e-06  -6.309831e-05  -4.123600e-09  +8.883587e-08  +9.683088e-04  +1.988055e-08  +5.536611e-09  +2.946892e-03  
+1.011393e-05  +1.058808e-05  +2.222165e-05  -6.773259e-05  +3.002633e-05  -9.303116e-06  +9.128632e-06  -1.825724e-04  -4.425547e-06  +9.520091e-05  -7.359295e-04  +3.460970e-07  -8.318905e-07  +1.206031e-02  -6.386704e-07  -1.640591e-06  +6.609629e-02  
-2.108747e-04  -1.901415e-04  +5.603164e-05  +1.017810e-03  -4.276346e-04  +3.466559e-04  -1.383824e-04  +3.270143e-03  -6.309831e-05  -7.359295e-04  +1.531812e-02  -8.942941e-06  +5.540498e-06  -2.543489e-01  +7.595804e-06  +2.420753e-05  -1.093550e+00  
+1.318476e-07  +9.776838e-08  -3.149782e-07  -8.875557e-07  +2.050844e-06  -2.153093e-07  +6.614145e-07  -1.129499e-06  -4.123600e-09  +3.460970e-07  -8.942941e-06  +2.725855e-07  -3.758796e-08  +1.541854e-04  -7.870719e-09  -5.884463e-08  +5.052791e-04  
-2.650192e-07  +2.376801e-08  -1.701281e-07  +8.846303e-07  -3.755307e-07  +6.564036e-08  -4.014975e-07  +9.449937e-07  +8.883587e-08  -8.318905e-07  +5.540498e-06  -3.758796e-08  +1.681196e-07  -9.156663e-05  +1.353899e-08  +3.345290e-08  -5.173581e-04  
+2.146371e-03  +3.483343e-03  +4.379810e-04  -1.102627e-02  +1.186344e-02  -4.242397e-03  +3.165791e-03  -5.433210e-02  +9.683088e-04  +1.206031e-02  -2.543489e-01  +1.541854e-04  -9.156663e-05  +6.187161e+00  -1.407181e-04  -5.289394e-04  +1.737829e+01  
-2.275264e-08  -1.489992e-07  -1.491067e-07  +1.125471e-07  -5.699206e-07  +1.194279e-07  -1.097378e-07  +1.254142e-06  +1.988055e-08  -6.386704e-07  +7.595804e-06  -7.870719e-09  +1.353899e-08  -1.407181e-04  +1.294456e-07  +2.359560e-08  -4.935369e-04  
-1.621121e-07  -3.424169e-07  -9.590538e-08  +8.933122e-07  -3.202478e-06  +2.170873e-07  -7.198206e-07  +5.410183e-06  +5.536611e-09  -1.640591e-06  +2.420753e-05  -5.884463e-08  +3.345290e-08  -5.289394e-04  +2.359560e-08  +2.140979e-07  -1.502848e-03  
+1.424351e-02  +1.411623e-02  +1.246161e-04  -9.261712e-02  +2.039122e-02  -2.467285e-02  +8.936811e-03  -2.473504e-01  +2.946892e-03  +6.609629e-02  -1.093550e+00  +5.052791e-04  -5.173581e-04  +1.737829e+01  -4.935369e-04  -1.502848e-03  +8.761690e+01  
