mean:
+4.017532e+00  +3.959902e+00  +8.438408e-01  +1.310578e+00  +1.232496e+00  +5.068159e-01  +8.169293e-01  +1.383893e+00  +1.703088e-01  +1.890707e+00  +5.888330e+00  +3.660230e+00  +2.856232e+00  +2.092448e+02  +4.309720e+00  +5.128864e+00  +2.900583e+02  +5.252264e+00  +3.797496e+00  +3.310661e+02  +2.880057e+00  +4.479424e+00  +3.995579e+02  
covariance:
+1.547284e-06  +2.355613e-07  +1.849230e-06  +2.931439e-07  -2.744328e-07  -2.427229e-06  -3.475209e-07  -5.964490e-07  +1.971277e-06  -1.161048e-05  +1.063844e-05  -1.443576e-07  +1.599430e-08  -7.102211e-04  +8.602595e-08  -1.282296e-07  -1.279392e-03  -9.984028e-08  +4.482648e-08  -6.394945e-04  -6.323749e-08  +4.422069e-08  -1.734535e-03  
+2.355613e-07  +1.815977e-06  +1.730458e-06  +2.346369e-06  -1.418741e-09  -1.228176e-06  -5.203090e-07  -3.507639e-07  +6.421598e-07  -3.336647e-06  +4.277581e-06  +5.282516e-08  +3.642471e-08  -1.323318e-04  +8.746014e-09  -9.033269e-08  -5.258354e-04  -9.332310e-08  -7.347611e-08  -2.364827e-04  -4.397405e-08  +2.172310e-08  -6.667606e-04  
+1.849230e-06  +1.730458e-06  +4.336423e-05  +2.633064e-06  -3.151872e-06  -2.255967e-05  -3.821789e-06  +2.490867e-05  +1.196341e-05  -7.434126e-05  +5.238766e-05  +2.191924e-06  -7.144701e-07  -8.938605e-04  +1.098614e-06  -2.087748e-06  -9.515518e-03  -2.144314e-06  +3.134314e-07  -6.902593e-03  -4.266714e-07  +8.601024e-07  -1.300952e-02  
+2.931439e-07  +2.346369e-06  +2.633064e-06  +2.443504e-04  -6.157395e-06  -3.811149e-06  -2.317932e-05  -2.814223e-06  -2.032501e-05  +1.482964e-04  +3.345214e-05  +6.714131e-07  +1.070586e-06  +5.812255e-03  -2.442814e-06  +7.301881e-07  +6.065538e-03  +7.261256e-07  -3.378038e-06  +4.441159e-03  +1.456584e-06  +3.224194e-07  +1.517833e-02  
-2.744328e-07  -1.418741e-09  -3.151872e-06  -6.157395e-06  +1.121416e-05  +4.070500e-06  -5.007718e-07  -6.602663e-06  -9.796554e-07  +9.654643e-06  -1.113199e-05  +5.639669e-09  -6.262333e-07  +1.114089e-03  -2.479535e-07  -3.632518e-07  +2.322560e-03  -7.496506e-07  +2.463722e-07  +1.030953e-03  +7.490970e-07  +4.715994e-07  +1.365591e-03  
-2.427229e-06  -1.228176e-06  -2.255967e-05  -3.811149e-06  +4.070500e-06  +2.775842e-05  +5.835056e-06  -3.356973e-06  -1.687204e-05  +1.056416e-04  -1.028287e-04  +2.117403e-07  -7.719775e-07  +6.098893e-03  -8.890161e-07  +6.123446e-07  +1.359045e-02  +1.314007e-06  -6.311739e-07  +6.790206e-03  +1.169981e-06  -2.206626e-07  +1.900984e-02  
-3.475209e-07  -5.203090e-07  -3.821789e-06  -2.317932e-05  -5.007718e-07  +5.835056e-06  +1.952748e-05  -1.098911e-05  -2.182353e-06  -5.421492e-06  -3.131887e-05  +3.008414e-08  +1.048671e-06  +5.681247e-04  +7.470872e-07  +6.973279e-07  +1.256789e-04  +8.187554e-07  -6.986753e-08  +2.279239e-03  +1.001738e-08  -6.023810e-07  +1.888485e-03  
-5.964490e-07  -3.507639e-07  +2.490867e-05  -2.814223e-06  -6.602663e-06  -3.356973e-06  -1.098911e-05  +2.303704e-04  -1.966697e-05  +1.357188e-04  -4.819029e-05  +7.528116e-06  -3.390815e-06  +7.018870e-03  -2.191206e-06  +1.353549e-07  +1.156331e-02  -1.830881e-07  +3.612456e-07  +6.260614e-03  -1.766638e-06  -1.601679e-06  +8.444307e-03  
+1.971277e-06  +6.421598e-07  +1.196341e-05  -2.032501e-05  -9.796554e-07  -1.687204e-05  -2.182353e-06  -1.966697e-05  +1.854399e-05  -1.152491e-04  +6.842738e-05  -1.642608e-06  +7.482533e-07  -5.964120e-03  +1.284154e-06  -1.184316e-06  -1.132293e-02  -1.410008e-06  +6.636916e-07  -6.356989e-03  -1.185981e-06  +3.502996e-07  -1.529951e-02  
-1.161048e-05  -3.336647e-06  -7.434126e-05  +1.482964e-04  +9.654643e-06  +1.056416e-04  -5.421492e-06  +1.357188e-04  -1.152491e-04  +7.508828e-04  -4.298568e-04  +1.070143e-05  -6.295210e-06  +3.872988e-02  -8.803338e-06  +6.601176e-06  +7.397399e-02  +8.066051e-06  -4.192699e-06  +3.877417e-02  +7.497284e-06  -1.540618e-06  +9.827182e-02  
+1.063844e-05  +4.277581e-06  +5.238766e-05  +3.345214e-05  -1.113199e-05  -1.028287e-04  -3.131887e-05  -4.819029e-05  +6.842738e-05  -4.298568e-04  +6.487931e-04  -8.635460e-06  +3.410502e-06  -3.565856e-02  -1.101046e-06  +8.072111e-07  -5.370350e-02  -3.800792e-06  +3.583114e-06  -3.006654e-02  -2.089826e-06  +2.943023e-06  -8.138597e-02  
-1.443576e-07  +5.282516e-08  +2.191924e-06  +6.714131e-07  +5.639669e-09  +2.117403e-07  +3.008414e-08  +7.528116e-06  -1.642608e-06  +1.070143e-05  -8.635460e-06  +1.365152e-06  -2.753401e-07  +1.319304e-03  -5.715110e-08  +6.944406e-08  +9.838259e-04  -9.281115e-08  +4.136958e-08  +4.965682e-04  +1.030915e-07  -9.037419e-09  +9.947060e-04  
+1.599430e-08  +3.642471e-08  -7.144701e-07  +1.070586e-06  -6.262333e-07  -7.719775e-07  +1.048671e-06  -3.390815e-06  +7.482533e-07  -6.295210e-06  +3.410502e-06  -2.753401e-07  +9.804747e-07  -3.703040e-04  +8.011756e-08  +1.127419e-07  -1.108675e-03  +1.224514e-07  -2.738107e-08  -2.987773e-04  -1.846802e-07  -2.879945e-07  -6.882697e-04  
-7.102211e-04  -1.323318e-04  -8.938605e-04  +5.812255e-03  +1.114089e-03  +6.098893e-03  +5.681247e-04  +7.018870e-03  -5.964120e-03  +3.872988e-02  -3.565856e-02  +1.319304e-03  -3.703040e-04  +3.744989e+00  -2.968858e-04  +9.730823e-05  +4.218031e+00  +1.530136e-04  -9.745768e-05  +2.053522e+00  +5.230850e-04  +5.021801e-05  +5.982213e+00  
+8.602595e-08  +8.746014e-09  +1.098614e-06  -2.442814e-06  -2.479535e-07  -8.890161e-07  +7.470872e-07  -2.191206e-06  +1.284154e-06  -8.803338e-06  -1.101046e-06  -5.715110e-08  +8.011756e-08  -2.968858e-04  +6.071250e-07  -1.284210e-07  -7.270763e-04  -8.109215e-08  +6.498833e-08  -2.871506e-04  -1.503459e-07  +2.789814e-08  -8.711991e-04  
-1.282296e-07  -9.033269e-08  -2.087748e-06  +7.301881e-07  -3.632518e-07  +6.123446e-07  +6.973279e-07  +1.353549e-07  -1.184316e-06  +6.601176e-06  +8.072111e-07  +6.944406e-08  +1.127419e-07  +9.730823e-05  -1.284210e-07  +6.862834e-07  +3.066920e-04  +1.734906e-07  -3.383089e-08  +3.595726e-04  +2.050175e-08  -4.331397e-08  +7.239454e-04  
-1.279392e-03  -5.258354e-04  -9.515518e-03  +6.065538e-03  +2.322560e-03  +1.359045e-02  +1.256789e-04  +1.156331e-02  -1.132293e-02  +7.397399e-02  -5.370350e-02  +9.838259e-04  -1.108675e-03  +4.218031e+00  -7.270763e-04  +3.066920e-04  +9.236951e+00  +5.883040e-04  -3.070427e-04  +4.291747e+00  +8.207829e-04  +4.503830e-05  +1.067567e+01  
-9.984028e-08  -9.332310e-08  -2.144314e-06  +7.261256e-07  -7.496506e-07  +1.314007e-06  +8.187554e-07  -1.830881e-07  -1.410008e-06  +8.066051e-06  -3.800792e-06  -9.281115e-08  +1.224514e-07  +1.530136e-04  -8.109215e-08  +1.734906e-07  +5.883040e-04  +8.723810e-07  -6.933444e-08  +4.666485e-04  +5.635688e-08  -2.073052e-07  +1.270239e-03  
+4.482648e-08  -7.347611e-08  +3.134314e-07  -3.378038e-06  +2.463722e-07  -6.311739e-07  -6.986753e-08  +3.612456e-07  +6.636916e-07  -4.192699e-06  +3.583114e-06  +4.136958e-08  -2.738107e-08  -9.745768e-05  +6.498833e-08  -3.383089e-08  -3.070427e-04  -6.933444e-08  +5.915149e-07  -1.418812e-04  +6.775379e-08  -4.826495e-08  -6.919650e-04  
-6.394945e-04  -2.364827e-04  -6.902593e-03  +4.441159e-03  +1.030953e-03  +6.790206e-03  +2.279239e-03  +6.260614e-03  -6.356989e-03  +3.877417e-02  -3.006654e-02  +4.965682e-04  -2.987773e-04  +2.053522e+00  -2.871506e-04  +3.595726e-04  +4.291747e+00  +4.666485e-04  -1.418812e-04  +3.680998e+00  +3.615536e-04  -2.191530e-04  +5.421416e+00  
-6.323749e-08  -4.397405e-08  -4.266714e-07  +1.456584e-06  +7.490970e-07  +1.169981e-06  +1.001738e-08  -1.766638e-06  -1.185981e-06  +7.497284e-06  -2.089826e-06  +1.030915e-07  -1.846802e-07  +5.230850e-04  -1.503459e-07  +2.050175e-08  +8.207829e-04  +5.635688e-08  +6.775379e-08  +3.615536e-04  +5.233652e-07  +1.226813e-07  +8.877050e-04  
+4.422069e-08  +2.172310e-08  +8.601024e-07  +3.224194e-07  +4.715994e-07  -2.206626e-07  -6.023810e-07  -1.601679e-06  +3.502996e-07  -1.540618e-06  +2.943023e-06  -9.037419e-09  -2.879945e-07  +5.021801e-05  +2.789814e-08  -4.331397e-08  +4.503830e-05  -2.073052e-07  -4.826495e-08  -2.191530e-04  +1.226813e-07  +6.703558e-07  -4.065735e-04  
-1.734535e-03  -6.667606e-04  -1.300952e-02  +1.517833e-02  +1.365591e-03  +1.900984e-02  +1.888485e-03  +8.444307e-03  -1.529951e-02  +9.827182e-02  -8.138597e-02  +9.947060e-04  -6.882697e-04  +5.982213e+00  -8.711991e-04  +7.239454e-04  +1.067567e+01  +1.270239e-03  -6.919650e-04  +5.421416e+00  +8.877050e-04  -4.065735e-04  +1.740040e+01  
