mean:
+3.982411e+00  +3.976975e+00  +6.145132e-01  +2.038203e+00  +1.285367e+00  +5.025845e-01  +8.412831e-01  +2.210344e+00  +3.993836e-02  +3.908509e+00  +5.833650e+00  +4.573202e+00  +3.237756e+00  +3.257409e+02  +2.590276e+00  +3.726057e+00  +4.545407e+02  +4.639996e+00  +4.959954e+00  +8.036565e+02  +3.990589e+00  +5.154265e+00  +4.350953e+02  
covariance:
+5.784373e-06  -2.681396e-06  +3.345899e-07  +1.387945e-05  +2.227098e-06  +3.742563e-07  +3.340685e-06  -2.968439e-06  -1.959184e-07  +1.408383e-05  -3.987466e-05  +2.157157e-08  -3.897981e-07  -5.329397e-05  +8.295251e-08  +2.834779e-07  -8.086915e-05  -1.626675e-07  -4.692889e-08  +1.158463e-03  +2.912665e-07  +4.734257e-07  +4.103492e-04  
-2.681396e-06  +4.156911e-06  +1.592971e-06  +4.780732e-06  +2.817912e-06  -7.434177e-07  +2.610412e-06  -6.093968e-07  -1.123421e-07  +7.324455e-06  -2.778898e-05  +1.249182e-07  -3.515942e-07  -3.434634e-05  +1.937190e-08  +1.181549e-08  +6.903084e-04  +3.699809e-08  -8.100864e-08  +1.143215e-03  -4.094151e-07  +1.915750e-08  +5.691088e-04  
+3.345899e-07  +1.592971e-06  +1.772545e-05  +1.519288e-05  +2.436005e-05  -1.510813e-06  +1.564820e-05  +6.194770e-06  -8.406215e-07  +4.469592e-05  -9.613507e-05  +1.150673e-06  -2.914857e-06  -3.725499e-04  +8.936839e-08  +5.388596e-07  +5.098755e-03  -5.356732e-07  -1.177156e-08  +3.542137e-03  -1.348844e-06  +1.600458e-07  +3.492676e-03  
+1.387945e-05  +4.780732e-06  +1.519288e-05  +3.298516e-04  +7.016801e-05  -9.275886e-06  +9.014044e-05  -8.381067e-05  -3.575292e-06  +2.937272e-04  -1.139344e-03  +1.373079e-06  -7.006015e-06  -1.695279e-03  +2.351763e-07  +3.272903e-06  +3.216311e-03  +5.240314e-07  -4.038223e-06  +3.981275e-02  -2.408884e-06  +7.538008e-06  +9.336843e-03  
+2.227098e-06  +2.817912e-06  +2.436005e-05  +7.016801e-05  +1.063715e-04  -4.160159e-06  +5.133941e-05  +2.689469e-05  -2.006992e-06  +1.279570e-04  -3.908304e-04  +2.347779e-07  -4.610895e-06  +2.941056e-03  -2.417247e-07  +9.622223e-07  +7.253551e-03  +6.647143e-07  -1.035025e-06  +1.498049e-02  -2.692984e-06  -4.893847e-08  +8.618480e-03  
+3.742563e-07  -7.434177e-07  -1.510813e-06  -9.275886e-06  -4.160159e-06  +1.152996e-06  -4.384355e-06  +9.222864e-07  +1.438501e-07  -1.044154e-05  +4.581024e-05  -3.020028e-07  +3.932753e-07  -1.271532e-04  +1.235449e-07  -2.211994e-08  -4.984757e-04  -2.078238e-07  +9.071690e-08  -2.105564e-03  +4.612892e-07  -2.113891e-07  -5.740485e-04  
+3.340685e-06  +2.610412e-06  +1.564820e-05  +9.014044e-05  +5.133941e-05  -4.384355e-06  +4.426328e-05  -7.210385e-07  -1.754560e-06  +1.179996e-04  -4.102103e-04  +7.700937e-07  -4.129468e-06  +1.119072e-03  -2.875270e-07  +1.075471e-06  +4.467062e-03  +3.320690e-07  -1.002561e-06  +1.521081e-02  -2.101596e-06  +2.065569e-06  +5.751111e-03  
-2.968439e-06  -6.093968e-07  +6.194770e-06  -8.381067e-05  +2.689469e-05  +9.222864e-07  -7.210385e-07  +1.113533e-04  +2.544144e-07  -4.426062e-05  +1.726144e-04  +4.029715e-07  +3.215793e-07  +4.645525e-03  -1.369721e-06  +5.420953e-07  +7.070990e-05  +6.066149e-07  +2.104171e-06  -3.811396e-03  -6.581813e-07  -1.748511e-06  +1.561797e-04  
-1.959184e-07  -1.123421e-07  -8.406215e-07  -3.575292e-06  -2.006992e-06  +1.438501e-07  -1.754560e-06  +2.544144e-07  +1.041302e-07  -5.268959e-06  +1.593612e-05  -4.644447e-08  +2.012065e-07  +1.750860e-06  -1.519022e-08  -5.283954e-08  -2.544394e-04  +2.822243e-08  +4.201211e-08  -5.594752e-04  +8.158799e-08  -8.260280e-08  -2.839850e-04  
+1.408383e-05  +7.324455e-06  +4.469592e-05  +2.937272e-04  +1.279570e-04  -1.044154e-05  +1.179996e-04  -4.426062e-05  -5.268959e-06  +3.827841e-04  -1.233114e-03  +2.791950e-06  -1.207976e-05  +1.947307e-04  +8.138201e-07  +4.295632e-06  +1.330089e-02  -2.054493e-06  -3.306790e-06  +4.402498e-02  -5.020620e-06  +7.926780e-06  +1.816701e-02  
-3.987466e-05  -2.778898e-05  -9.613507e-05  -1.139344e-03  -3.908304e-04  +4.581024e-05  -4.102103e-04  +1.726144e-04  +1.593612e-05  -1.233114e-03  +4.623387e-03  -8.150699e-06  +3.281961e-05  -5.124734e-03  +1.358971e-06  -1.314313e-05  -2.396070e-02  -1.382897e-06  +1.232121e-05  -1.699247e-01  +1.644271e-05  -3.037461e-05  -4.837682e-02  
+2.157157e-08  +1.249182e-07  +1.150673e-06  +1.373079e-06  +2.347779e-07  -3.020028e-07  +7.700937e-07  +4.029715e-07  -4.644447e-08  +2.791950e-06  -8.150699e-06  +5.236636e-07  -2.522151e-07  -1.383515e-04  -2.091806e-08  +1.995245e-08  +5.197886e-04  -6.118105e-08  +7.922262e-08  +5.969487e-04  -1.129537e-07  +7.674193e-08  +3.779690e-04  
-3.897981e-07  -3.515942e-07  -2.914857e-06  -7.006015e-06  -4.610895e-06  +3.932753e-07  -4.129468e-06  +3.215793e-07  +2.012065e-07  -1.207976e-05  +3.281961e-05  -2.522151e-07  +1.038671e-06  +2.592765e-04  -1.145494e-07  -1.871109e-07  -1.217336e-03  +9.616331e-08  +1.027524e-07  -1.052108e-03  +2.752759e-07  -9.283124e-08  -9.343696e-04  
-5.329397e-05  -3.434634e-05  -3.725499e-04  -1.695279e-03  +2.941056e-03  -1.271532e-04  +1.119072e-03  +4.645525e-03  +1.750860e-06  +1.947307e-04  -5.124734e-03  -1.383515e-04  +2.592765e-04  +6.627679e-01  -1.658359e-04  -6.501496e-05  -3.664913e-01  +1.361972e-04  +3.629420e-05  +4.599023e-01  -5.773009e-05  +5.003872e-05  -3.104645e-02  
+8.295251e-08  +1.937190e-08  +8.936839e-08  +2.351763e-07  -2.417247e-07  +1.235449e-07  -2.875270e-07  -1.369721e-06  -1.519022e-08  +8.138201e-07  +1.358971e-06  -2.091806e-08  -1.145494e-07  -1.658359e-04  +2.448084e-07  +9.300730e-08  +2.113778e-04  -1.206348e-07  -4.214961e-08  -2.119386e-04  +7.965631e-09  -2.381037e-09  +1.102131e-04  
+2.834779e-07  +1.181549e-08  +5.388596e-07  +3.272903e-06  +9.622223e-07  -2.211994e-08  +1.075471e-06  +5.420953e-07  -5.283954e-08  +4.295632e-06  -1.314313e-05  +1.995245e-08  -1.871109e-07  -6.501496e-05  +9.300730e-08  +3.135901e-07  +1.799986e-04  -1.035154e-07  -1.389553e-08  +3.837409e-04  -5.168206e-08  +1.160439e-07  +2.124821e-04  
-8.086915e-05  +6.903084e-04  +5.098755e-03  +3.216311e-03  +7.253551e-03  -4.984757e-04  +4.467062e-03  +7.070990e-05  -2.544394e-04  +1.330089e-02  -2.396070e-02  +5.197886e-04  -1.217336e-03  -3.664913e-01  +2.113778e-04  +1.799986e-04  +2.383510e+00  -1.741266e-04  -9.158302e-05  +8.502424e-01  -4.763622e-04  -1.749454e-04  +1.489410e+00  
-1.626675e-07  +3.699809e-08  -5.356732e-07  +5.240314e-07  +6.647143e-07  -2.078238e-07  +3.320690e-07  +6.066149e-07  +2.822243e-08  -2.054493e-06  -1.382897e-06  -6.118105e-08  +9.616331e-08  +1.361972e-04  -1.206348e-07  -1.035154e-07  -1.741266e-04  +3.222458e-07  -3.872414e-08  +1.722589e-04  -1.368399e-08  -9.113633e-08  -1.817310e-04  
-4.692889e-08  -8.100864e-08  -1.177156e-08  -4.038223e-06  -1.035025e-06  +9.071690e-08  -1.002561e-06  +2.104171e-06  +4.201211e-08  -3.306790e-06  +1.232121e-05  +7.922262e-08  +1.027524e-07  +3.629420e-05  -4.214961e-08  -1.389553e-08  -9.158302e-05  -3.872414e-08  +2.303652e-07  -3.526705e-04  +5.902407e-08  -5.960022e-08  -1.090667e-04  
+1.158463e-03  +1.143215e-03  +3.542137e-03  +3.981275e-02  +1.498049e-02  -2.105564e-03  +1.521081e-02  -3.811396e-03  -5.594752e-04  +4.402498e-02  -1.699247e-01  +5.969487e-04  -1.052108e-03  +4.599023e-01  -2.119386e-04  +3.837409e-04  +8.502424e-01  +1.722589e-04  -3.526705e-04  +6.992263e+00  -8.029692e-04  +1.120653e-03  +1.903390e+00  
+2.912665e-07  -4.094151e-07  -1.348844e-06  -2.408884e-06  -2.692984e-06  +4.612892e-07  -2.101596e-06  -6.581813e-07  +8.158799e-08  -5.020620e-06  +1.644271e-05  -1.129537e-07  +2.752759e-07  -5.773009e-05  +7.965631e-09  -5.168206e-08  -4.763622e-04  -1.368399e-08  +5.902407e-08  -8.029692e-04  +4.085483e-07  -2.697249e-09  -4.573608e-04  
+4.734257e-07  +1.915750e-08  +1.600458e-07  +7.538008e-06  -4.893847e-08  -2.113891e-07  +2.065569e-06  -1.748511e-06  -8.260280e-08  +7.926780e-06  -3.037461e-05  +7.674193e-08  -9.283124e-08  +5.003872e-05  -2.381037e-09  +1.160439e-07  -1.749454e-04  -9.113633e-08  -5.960022e-08  +1.120653e-03  -2.697249e-09  +5.740321e-07  +3.251954e-06  
+4.103492e-04  +5.691088e-04  +3.492676e-03  +9.336843e-03  +8.618480e-03  -5.740485e-04  +5.751111e-03  +1.561797e-04  -2.839850e-04  +1.816701e-02  -4.837682e-02  +3.779690e-04  -9.343696e-04  -3.104645e-02  +1.102131e-04  +2.124821e-04  +1.489410e+00  -1.817310e-04  -1.090667e-04  +1.903390e+00  -4.573608e-04  +3.251954e-06  +1.784883e+00  
