mean:
+3.985133e+00  +3.940978e+00  +6.549369e-01  -1.166867e+00  +1.670768e+00  +4.919472e-01  +9.183729e-01  +2.045167e+00  +1.433346e-01  +2.036875e+00  +4.801547e+00  +1.840144e+00  +2.984200e+00  +8.098868e+02  +4.959707e+00  +4.479829e+00  +2.003752e+03  
covariance:
+8.583021e-06  +3.833131e-07  +8.637293e-06  +1.536931e-05  +6.066160e-06  -6.711763e-06  +1.024425e-05  -6.402544e-05  -3.697909e-06  +4.716671e-05  -1.270939e-04  -3.162988e-08  -8.929106e-08  +5.178603e-03  -3.090816e-07  -4.695076e-08  +3.354961e-03  
+3.833131e-07  +6.206121e-06  -4.215812e-06  -5.399626e-06  +2.259752e-06  +4.251906e-06  -5.188395e-06  +4.402361e-05  +2.507547e-06  -2.647735e-05  +7.387905e-05  -1.720197e-07  -1.188008e-07  -3.505392e-03  +6.577050e-08  +1.079977e-07  -1.381205e-03  
+8.637293e-06  -4.215812e-06  +1.010080e-04  +1.233460e-05  -1.851822e-05  -3.007134e-05  +3.931823e-05  -3.099550e-04  -1.541274e-05  +2.540420e-04  -7.284064e-04  -1.036841e-06  -3.088859e-06  +2.420330e-02  +8.374625e-07  -6.030399e-07  +9.074375e-03  
+1.536931e-05  -5.399626e-06  +1.233460e-05  +3.687853e-04  +6.898176e-05  -5.054194e-05  +1.156239e-04  -4.559100e-04  -3.422044e-05  +3.686814e-04  -7.861135e-04  +3.182667e-06  +2.814714e-06  +4.410243e-02  -2.510388e-06  -1.112635e-06  +5.686881e-02  
+6.066160e-06  +2.259752e-06  -1.851822e-05  +6.898176e-05  +1.439385e-04  -1.053155e-05  +4.089214e-05  +3.014406e-05  -1.065676e-05  +9.031992e-05  -4.677086e-05  +5.974903e-06  -1.275910e-06  +1.152079e-02  -2.944397e-06  -1.505544e-07  +2.769971e-02  
-6.711763e-06  +4.251906e-06  -3.007134e-05  -5.054194e-05  -1.053155e-05  +3.397277e-05  -4.398428e-05  +2.965572e-04  +1.370788e-05  -1.749018e-04  +4.570169e-04  -1.020631e-06  -1.030602e-06  -2.447722e-02  +2.120463e-07  +9.011234e-07  -1.108253e-02  
+1.024425e-05  -5.188395e-06  +3.931823e-05  +1.156239e-04  +4.089214e-05  -4.398428e-05  +1.012991e-04  -3.074192e-04  -2.859433e-05  +2.968525e-04  -6.141046e-04  +2.676631e-06  +4.324116e-07  +3.100735e-02  -2.185706e-07  -1.554666e-06  +3.417292e-02  
-6.402544e-05  +4.402361e-05  -3.099550e-04  -4.559100e-04  +3.014406e-05  +2.965572e-04  -3.074192e-04  +3.757905e-03  +1.077429e-04  -1.634848e-03  +4.893311e-03  -1.049163e-06  -8.762235e-06  -2.589510e-01  +4.230406e-06  +5.419374e-06  -5.843456e-02  
-3.697909e-06  +2.507547e-06  -1.541274e-05  -3.422044e-05  -1.065676e-05  +1.370788e-05  -2.859433e-05  +1.077429e-04  +1.077377e-05  -1.127045e-04  +2.327996e-04  -1.064141e-06  -8.316257e-08  -1.062507e-02  +1.726195e-07  +3.454702e-07  -1.085032e-02  
+4.716671e-05  -2.647735e-05  +2.540420e-04  +3.686814e-04  +9.031992e-05  -1.749018e-04  +2.968525e-04  -1.634848e-03  -1.127045e-04  +1.443811e-03  -3.373195e-03  +9.129973e-06  -8.645668e-07  +1.406958e-01  -1.700108e-06  -3.975720e-06  +1.087799e-01  
-1.270939e-04  +7.387905e-05  -7.284064e-04  -7.861135e-04  -4.677086e-05  +4.570169e-04  -6.141046e-04  +4.893311e-03  +2.327996e-04  -3.373195e-03  +9.230763e-03  -7.384545e-06  +1.811887e-07  -3.721585e-01  +4.226592e-06  +8.411551e-06  -1.835259e-01  
-3.162988e-08  -1.720197e-07  -1.036841e-06  +3.182667e-06  +5.974903e-06  -1.020631e-06  +2.676631e-06  -1.049163e-06  -1.064141e-06  +9.129973e-06  -7.384545e-06  +1.086165e-06  +4.878308e-09  +9.269721e-04  -8.894658e-08  -5.278816e-08  +1.904635e-03  
-8.929106e-08  -1.188008e-07  -3.088859e-06  +2.814714e-06  -1.275910e-06  -1.030602e-06  +4.324116e-07  -8.762235e-06  -8.316257e-08  -8.645668e-07  +1.811887e-07  +4.878308e-09  +1.336057e-06  +6.490286e-04  -2.046594e-08  +1.202710e-07  -6.539522e-04  
+5.178603e-03  -3.505392e-03  +2.420330e-02  +4.410243e-02  +1.152079e-02  -2.447722e-02  +3.100735e-02  -2.589510e-01  -1.062507e-02  +1.406958e-01  -3.721585e-01  +9.269721e-04  +6.490286e-04  +2.553137e+01  -5.253965e-04  -4.642960e-04  +1.086405e+01  
-3.090816e-07  +6.577050e-08  +8.374625e-07  -2.510388e-06  -2.944397e-06  +2.120463e-07  -2.185706e-07  +4.230406e-06  +1.726195e-07  -1.700108e-06  +4.226592e-06  -8.894658e-08  -2.046594e-08  -5.253965e-04  +3.915792e-07  -2.538725e-08  -3.432563e-04  
-4.695076e-08  +1.079977e-07  -6.030399e-07  -1.112635e-06  -1.505544e-07  +9.011234e-07  -1.554666e-06  +5.419374e-06  +3.454702e-07  -3.975720e-06  +8.411551e-06  -5.278816e-08  +1.202710e-07  -4.642960e-04  -2.538725e-08  +3.476290e-07  -3.085787e-04  
+3.354961e-03  -1.381205e-03  +9.074375e-03  +5.686881e-02  +2.769971e-02  -1.108253e-02  +3.417292e-02  -5.843456e-02  -1.085032e-02  +1.087799e-01  -1.835259e-01  +1.904635e-03  -6.539522e-04  +1.086405e+01  -3.432563e-04  -3.085787e-04  +2.219109e+01  
