mean:
+3.895002e+00  +3.895086e+00  +8.547115e-01  +1.339835e+00  +1.202313e+00  +6.068936e-01  +8.083058e-01  +1.396685e+00  +1.616246e-01  +1.808027e+00  +6.043964e+00  +3.609244e+00  +2.914599e+00  +1.998848e+02  +4.297545e+00  +5.134428e+00  +2.781192e+02  +5.236798e+00  +3.830867e+00  +3.216783e+02  +2.796753e+00  +4.491645e+00  +3.879381e+02  
covariance:
+2.661943e-07  +6.524496e-08  +3.987745e-08  -1.559860e-07  +1.271535e-07  +1.763226e-07  +3.931373e-07  +1.335062e-06  +4.524496e-07  +6.305824e-07  +2.540366e-06  -1.479041e-07  -2.086517e-07  -7.309118e-05  +5.696865e-09  +1.575386e-08  +8.579146e-05  -1.151318e-07  +2.996198e-08  +1.699117e-04  +2.363740e-08  +2.656020e-07  -1.085478e-04  
+6.524496e-08  +4.687963e-07  -7.370417e-08  +2.858519e-07  +2.787969e-07  +9.465616e-08  +2.474913e-07  +5.095268e-08  -1.675408e-07  +5.293720e-07  +8.547187e-07  -2.772541e-08  -6.799196e-08  -1.315460e-05  -7.113402e-09  -2.994830e-08  +1.538161e-05  -3.034503e-08  +2.014940e-08  +6.588313e-05  +2.695883e-08  +1.302980e-07  -7.842930e-05  
+3.987745e-08  -7.370417e-08  +7.329002e-08  -1.074011e-07  -5.047698e-08  +3.147030e-08  -4.706435e-09  +2.148397e-07  +2.000270e-08  +1.409017e-07  +2.796839e-07  -4.519521e-09  -3.380441e-08  -2.414545e-05  +1.193019e-08  +7.796477e-09  +2.139734e-05  -1.658292e-08  +2.257361e-09  +2.577841e-06  -4.750817e-09  +2.259939e-08  +2.958196e-06  
-1.559860e-07  +2.858519e-07  -1.074011e-07  +9.658006e-07  +1.408217e-07  -6.613914e-08  -2.416632e-07  -1.563582e-06  -9.327925e-07  -2.622000e-07  -2.428899e-06  +1.527517e-07  +6.852728e-08  +1.591815e-05  -7.502418e-08  -1.121318e-07  -1.205574e-04  -2.430907e-08  +1.879946e-08  -1.404014e-04  -1.608050e-08  -1.769508e-07  +5.633790e-05  
+1.271535e-07  +2.787969e-07  -5.047698e-08  +1.408217e-07  +2.091876e-07  +1.044352e-07  +2.763905e-07  +4.801883e-07  +7.121022e-08  +4.465638e-07  +1.302833e-06  -7.266405e-08  -1.089230e-07  -2.816229e-05  -8.633903e-09  -1.458766e-08  +3.185131e-05  -6.063956e-08  +2.381759e-08  +9.838915e-05  +2.236419e-08  +1.616168e-07  -8.254473e-05  
+1.763226e-07  +9.465616e-08  +3.147030e-08  -6.613914e-08  +1.044352e-07  +1.402881e-07  +3.116098e-07  +9.541940e-07  +2.718373e-07  +5.578728e-07  +2.000452e-06  -1.035706e-07  -1.531962e-07  -6.152538e-05  +5.854729e-09  +1.297097e-08  +7.013076e-05  -8.250441e-08  +2.042199e-08  +1.307028e-04  +1.872162e-08  +2.142879e-07  -8.905261e-05  
+3.931373e-07  +2.474913e-07  -4.706435e-09  -2.416632e-07  +2.763905e-07  +3.116098e-07  +8.531670e-07  +2.521560e-06  +8.847288e-07  +1.224157e-06  +5.268645e-06  -2.961869e-07  -3.438496e-07  -1.284511e-04  +1.645614e-08  +5.499522e-08  +1.759283e-04  -1.735512e-07  +4.370442e-08  +3.631129e-04  +5.343622e-08  +5.541217e-07  -2.381920e-04  
+1.335062e-06  +5.095268e-08  +2.148397e-07  -1.563582e-06  +4.801883e-07  +9.541940e-07  +2.521560e-06  +9.412718e-06  +3.028815e-06  +3.686177e-06  +1.744168e-05  -1.048277e-06  -1.169300e-06  -4.642902e-04  +1.155810e-07  +2.439397e-07  +6.422626e-04  -5.683712e-07  +1.614980e-07  +1.148633e-03  +9.426730e-08  +1.776498e-06  -6.898114e-04  
+4.524496e-07  -1.675408e-07  +2.000270e-08  -9.327925e-07  +7.121022e-08  +2.718373e-07  +8.847288e-07  +3.028815e-06  +1.959127e-06  +7.707820e-07  +5.681746e-06  -3.389328e-07  -2.853217e-07  -8.404319e-05  +3.511419e-08  +1.308171e-07  +1.818922e-04  -1.253326e-07  -5.280572e-09  +4.089652e-04  +9.119643e-08  +5.079104e-07  -2.117230e-04  
+6.305824e-07  +5.293720e-07  +1.409017e-07  -2.622000e-07  +4.465638e-07  +5.578728e-07  +1.224157e-06  +3.686177e-06  +7.707820e-07  +2.477632e-06  +8.031412e-06  -3.943331e-07  -5.818172e-07  -2.459789e-04  +4.979896e-08  +5.848881e-08  +3.038880e-04  -2.813725e-07  +7.899153e-08  +5.048192e-04  +6.650042e-08  +8.721396e-07  -3.626592e-04  
+2.540366e-06  +8.547187e-07  +2.796839e-07  -2.428899e-06  +1.302833e-06  +2.000452e-06  +5.268645e-06  +1.744168e-05  +5.681746e-06  +8.031412e-06  +3.507121e-05  -1.972632e-06  -2.269911e-06  -9.030763e-04  +1.986520e-07  +4.594041e-07  +1.275985e-03  -1.098965e-06  +2.752305e-07  +2.327973e-03  +2.628820e-07  +3.629882e-06  -1.503017e-03  
-1.479041e-07  -2.772541e-08  -4.519521e-09  +1.527517e-07  -7.266405e-08  -1.035706e-07  -2.961869e-07  -1.048277e-06  -3.389328e-07  -3.943331e-07  -1.972632e-06  +1.230831e-07  +1.303006e-07  +4.791711e-05  -1.030662e-08  -2.596986e-08  -7.016100e-05  +6.383709e-08  -1.950318e-08  -1.339253e-04  -1.107473e-08  -2.036439e-07  +8.302553e-05  
-2.086517e-07  -6.799196e-08  -3.380441e-08  +6.852728e-08  -1.089230e-07  -1.531962e-07  -3.438496e-07  -1.169300e-06  -2.853217e-07  -5.818172e-07  -2.269911e-06  +1.303006e-07  +1.866264e-07  +7.417633e-05  -3.931854e-09  -1.228360e-08  -7.935430e-05  +1.059325e-07  -3.107004e-08  -1.490175e-04  -1.244290e-08  -2.461975e-07  +9.866833e-05  
-7.309118e-05  -1.315460e-05  -2.414545e-05  +1.591815e-05  -2.816229e-05  -6.152538e-05  -1.284511e-04  -4.642902e-04  -8.404319e-05  -2.459789e-04  -9.030763e-04  +4.791711e-05  +7.417633e-05  +3.545445e-02  -2.133041e-06  -5.762933e-06  -3.338835e-02  +4.348310e-05  -1.237568e-05  -5.643986e-02  -2.374405e-06  -9.900336e-05  +3.644428e-02  
+5.696865e-09  -7.113402e-09  +1.193019e-08  -7.502418e-08  -8.633903e-09  +5.854729e-09  +1.645614e-08  +1.155810e-07  +3.511419e-08  +4.979896e-08  +1.986520e-07  -1.030662e-08  -3.931854e-09  -2.133041e-06  +9.056222e-09  +9.087813e-09  +1.239567e-05  +6.211730e-09  -1.194583e-09  +8.981771e-06  -2.735834e-10  +1.578268e-08  -4.989950e-06  
+1.575386e-08  -2.994830e-08  +7.796477e-09  -1.121318e-07  -1.458766e-08  +1.297097e-08  +5.499522e-08  +2.439397e-07  +1.308171e-07  +5.848881e-08  +4.594041e-07  -2.596986e-08  -1.228360e-08  -5.762933e-06  +9.087813e-09  +1.769419e-08  +2.060594e-05  +9.847442e-10  -2.803818e-09  +2.888219e-05  +2.933043e-09  +3.941325e-08  -1.547801e-05  
+8.579146e-05  +1.538161e-05  +2.139734e-05  -1.205574e-04  +3.185131e-05  +7.013076e-05  +1.759283e-04  +6.422626e-04  +1.818922e-04  +3.038880e-04  +1.275985e-03  -7.016100e-05  -7.935430e-05  -3.338835e-02  +1.239567e-05  +2.060594e-05  +5.177928e-02  -3.392826e-05  +8.749797e-06  +8.034031e-02  +6.198484e-06  +1.302551e-04  -5.293047e-02  
-1.151318e-07  -3.034503e-08  -1.658292e-08  -2.430907e-08  -6.063956e-08  -8.250441e-08  -1.735512e-07  -5.683712e-07  -1.253326e-07  -2.813725e-07  -1.098965e-06  +6.383709e-08  +1.059325e-07  +4.348310e-05  +6.211730e-09  +9.847442e-10  -3.392826e-05  +7.109393e-08  -2.028112e-08  -7.405254e-05  -5.009244e-09  -1.255834e-07  +4.938418e-05  
+2.996198e-08  +2.014940e-08  +2.257361e-09  +1.879946e-08  +2.381759e-08  +2.042199e-08  +4.370442e-08  +1.614980e-07  -5.280572e-09  +7.899153e-08  +2.752305e-07  -1.950318e-08  -3.107004e-08  -1.237568e-05  -1.194583e-09  -2.803818e-09  +8.749797e-06  -2.028112e-08  +9.135346e-09  +1.788666e-05  -1.837795e-09  +3.479851e-08  -1.255741e-05  
+1.699117e-04  +6.588313e-05  +2.577841e-06  -1.404014e-04  +9.838915e-05  +1.307028e-04  +3.631129e-04  +1.148633e-03  +4.089652e-04  +5.048192e-04  +2.327973e-03  -1.339253e-04  -1.490175e-04  -5.643986e-02  +8.981771e-06  +2.888219e-05  +8.034031e-02  -7.405254e-05  +1.788666e-05  +1.595705e-01  +2.058747e-05  +2.410727e-04  -1.022344e-01  
+2.363740e-08  +2.695883e-08  -4.750817e-09  -1.608050e-08  +2.236419e-08  +1.872162e-08  +5.343622e-08  +9.426730e-08  +9.119643e-08  +6.650042e-08  +2.628820e-07  -1.107473e-08  -1.244290e-08  -2.374405e-06  -2.735834e-10  +2.933043e-09  +6.198484e-06  -5.009244e-09  -1.837795e-09  +2.058747e-05  +9.297273e-09  +2.485216e-08  -1.314312e-05  
+2.656020e-07  +1.302980e-07  +2.259939e-08  -1.769508e-07  +1.616168e-07  +2.142879e-07  +5.541217e-07  +1.776498e-06  +5.079104e-07  +8.721396e-07  +3.629882e-06  -2.036439e-07  -2.461975e-07  -9.900336e-05  +1.578268e-08  +3.941325e-08  +1.302551e-04  -1.255834e-07  +3.479851e-08  +2.410727e-04  +2.485216e-08  +3.862122e-07  -1.607913e-04  
-1.085478e-04  -7.842930e-05  +2.958196e-06  +5.633790e-05  -8.254473e-05  -8.905261e-05  -2.381920e-04  -6.898114e-04  -2.117230e-04  -3.626592e-04  -1.503017e-03  +8.302553e-05  +9.866833e-05  +3.644428e-02  -4.989950e-06  -1.547801e-05  -5.293047e-02  +4.938418e-05  -1.255741e-05  -1.022344e-01  -1.314312e-05  -1.607913e-04  +7.222538e-02  
