mean:
+3.929218e+00  +3.906811e+00  +6.573334e-01  -1.156171e+00  +1.584470e+00  +6.009425e-01  +9.114394e-01  +1.984303e+00  +1.431142e-01  +1.980029e+00  +4.824336e+00  +1.906316e+00  +3.007477e+00  +8.073764e+02  +4.959772e+00  +4.480065e+00  +2.009759e+03  
covariance:
+1.453345e-05  +9.501804e-06  -1.714246e-06  -9.664268e-06  -2.938076e-05  -7.510541e-08  +1.040290e-06  +1.654904e-05  +6.462079e-07  -2.375996e-06  -2.749436e-06  +2.142517e-07  +1.506629e-07  +1.298297e-03  +2.692076e-09  -6.658453e-08  +2.661741e-03  
+9.501804e-06  +1.193629e-05  +5.617041e-06  -3.144498e-06  +6.053176e-07  +1.463176e-06  +1.580192e-06  -7.708320e-05  -1.467987e-06  +2.582221e-05  -9.346957e-05  +1.958712e-07  +6.768343e-07  +2.279268e-04  +4.276352e-08  -1.062347e-07  +3.172090e-03  
-1.714246e-06  +5.617041e-06  +8.611756e-05  +1.181518e-04  -5.915439e-05  +9.158419e-06  +5.209167e-05  -1.792418e-04  -7.410761e-06  +7.049615e-05  -3.067343e-04  +1.512687e-06  +4.259696e-07  +1.737582e-02  +2.969950e-07  +2.106961e-07  +2.136039e-02  
-9.664268e-06  -3.144498e-06  +1.181518e-04  +8.777228e-04  -8.046138e-04  +4.813824e-06  +1.156705e-04  -2.447267e-04  -1.400237e-05  +6.971617e-05  -2.934639e-04  +4.242988e-06  +2.287068e-06  +6.942984e-02  +1.156136e-06  +2.504406e-06  +1.222031e-03  
-2.938076e-05  +6.053176e-07  -5.915439e-05  -8.046138e-04  +2.453846e-03  +3.937346e-05  -2.278237e-04  -1.142466e-03  -1.105631e-05  +5.182217e-04  -1.133751e-03  -1.767999e-06  +7.732345e-06  -1.910761e-01  -2.232104e-06  -4.998769e-06  +3.566964e-02  
-7.510541e-08  +1.463176e-06  +9.158419e-06  +4.813824e-06  +3.937346e-05  +7.532200e-06  +6.818065e-06  -3.251775e-05  -2.255720e-06  +2.295688e-05  -4.444575e-05  +2.043086e-07  +3.618817e-07  -4.773648e-03  +8.501504e-08  +4.297677e-08  +6.731588e-03  
+1.040290e-06  +1.580192e-06  +5.209167e-05  +1.156705e-04  -2.278237e-04  +6.818065e-06  +1.144423e-04  -4.446801e-06  -6.479651e-06  -4.132499e-05  -1.709008e-05  +2.056014e-06  -1.451034e-06  +2.737093e-02  +3.220017e-07  +1.249892e-07  +1.117178e-03  
+1.654904e-05  -7.708320e-05  -1.792418e-04  -2.447267e-04  -1.142466e-03  -3.251775e-05  -4.446801e-06  +5.224277e-03  +7.519100e-05  -1.381452e-03  +4.198905e-03  -1.470102e-06  -1.407703e-05  +4.328354e-02  -7.159861e-07  +5.263756e-06  +8.071848e-02  
+6.462079e-07  -1.467987e-06  -7.410761e-06  -1.400237e-05  -1.105631e-05  -2.255720e-06  -6.479651e-06  +7.519100e-05  +3.412136e-06  -3.038659e-05  +7.030038e-05  -2.311590e-07  -1.742764e-07  +3.738765e-04  +6.826739e-08  -3.434125e-09  -1.217722e-03  
-2.375996e-06  +2.582221e-05  +7.049615e-05  +6.971617e-05  +5.182217e-04  +2.295688e-05  -4.132499e-05  -1.381452e-03  -3.038659e-05  +5.591651e-04  -1.413099e-03  +6.245008e-07  +5.895128e-06  -3.497146e-02  -5.011151e-07  -1.201230e-06  +2.688136e-02  
-2.749436e-06  -9.346957e-05  -3.067343e-04  -2.934639e-04  -1.133751e-03  -4.444575e-05  -1.709008e-05  +4.198905e-03  +7.030038e-05  -1.413099e-03  +4.729588e-03  -3.762027e-06  -1.776191e-05  +2.613823e-02  -1.258533e-06  +6.506154e-06  -8.457068e-02  
+2.142517e-07  +1.958712e-07  +1.512687e-06  +4.242988e-06  -1.767999e-06  +2.043086e-07  +2.056014e-06  -1.470102e-06  -2.311590e-07  +6.245008e-07  -3.762027e-06  +5.928446e-07  -4.727486e-09  -6.606553e-05  +8.167953e-09  -8.989503e-09  +2.289214e-04  
+1.506629e-07  +6.768343e-07  +4.259696e-07  +2.287068e-06  +7.732345e-06  +3.618817e-07  -1.451034e-06  -1.407703e-05  -1.742764e-07  +5.895128e-06  -1.776191e-05  -4.727486e-09  +5.734392e-07  -3.679893e-04  +5.601341e-09  -4.630885e-08  +1.183488e-04  
+1.298297e-03  +2.279268e-04  +1.737582e-02  +6.942984e-02  -1.910761e-01  -4.773648e-03  +2.737093e-02  +4.328354e-02  +3.738765e-04  -3.497146e-02  +2.613823e-02  -6.606553e-05  -3.679893e-04  +2.274162e+01  +1.172565e-04  +2.261373e-04  -2.774318e+00  
+2.692076e-09  +4.276352e-08  +2.969950e-07  +1.156136e-06  -2.232104e-06  +8.501504e-08  +3.220017e-07  -7.159861e-07  +6.826739e-08  -5.011151e-07  -1.258533e-06  +8.167953e-09  +5.601341e-09  +1.172565e-04  +1.976037e-07  -3.495491e-08  +1.722351e-04  
-6.658453e-08  -1.062347e-07  +2.106961e-07  +2.504406e-06  -4.998769e-06  +4.297677e-08  +1.249892e-07  +5.263756e-06  -3.434125e-09  -1.201230e-06  +6.506154e-06  -8.989503e-09  -4.630885e-08  +2.261373e-04  -3.495491e-08  +3.286754e-07  +1.325258e-05  
+2.661741e-03  +3.172090e-03  +2.136039e-02  +1.222031e-03  +3.566964e-02  +6.731588e-03  +1.117178e-03  +8.071848e-02  -1.217722e-03  +2.688136e-02  -8.457068e-02  +2.289214e-04  +1.183488e-04  -2.774318e+00  +1.722351e-04  +1.325258e-05  +3.134863e+01  
