mean:
+3.913473e+00  +3.897408e+00  +8.739034e-01  +1.349184e+00  +1.437981e+00  +6.072420e-01  +8.327046e-01  +1.376936e+00  +1.551214e-01  +1.919204e+00  +5.812256e+00  +3.484508e+00  +2.609045e+00  +1.956623e+02  +4.286154e+00  +5.274570e+00  +2.762550e+02  +5.350331e+00  +3.758141e+00  +3.249622e+02  +2.639784e+00  +4.560120e+00  +3.924371e+02  
covariance:
+6.221242e-06  -6.398048e-07  +5.607998e-06  +8.260956e-06  +2.034987e-06  +2.106778e-06  +1.595812e-05  -8.726381e-06  -6.796820e-06  +5.315982e-05  -7.045086e-05  +4.362759e-07  +1.242075e-06  -1.163653e-03  -7.819611e-07  +5.583027e-07  +1.104544e-03  +6.356255e-07  +2.345098e-07  +1.896300e-03  +5.512642e-07  +8.641046e-07  +2.950669e-03  
-6.398048e-07  +7.670810e-07  +8.982449e-07  +1.440090e-06  +3.577087e-07  +1.725235e-07  +2.604189e-06  -8.392057e-07  -1.177657e-06  +7.920248e-06  -1.106785e-05  +9.772948e-08  +2.890928e-07  -2.369360e-04  -1.153963e-07  +1.131713e-07  +2.245868e-04  +6.103478e-08  +4.535915e-08  +4.070194e-04  +2.700543e-08  -3.074174e-08  +2.798405e-04  
+5.607998e-06  +8.982449e-07  +1.974792e-05  +1.423881e-05  +3.779702e-06  +5.279768e-06  +3.184376e-05  -1.548952e-05  -1.477721e-05  +1.199376e-04  -1.452794e-04  +8.416487e-07  +2.191633e-06  -1.322307e-03  -2.318499e-06  +1.235740e-06  +3.072793e-03  +1.159110e-06  +2.709181e-07  +3.919684e-03  +1.091109e-06  +1.887002e-06  +6.723144e-03  
+8.260956e-06  +1.440090e-06  +1.423881e-05  +1.508058e-04  -7.209144e-06  -2.777489e-06  +4.949494e-05  -4.393919e-05  -2.180397e-05  +1.963672e-04  -2.542638e-04  -1.904745e-06  +9.576510e-06  +1.171533e-04  -4.189333e-06  +3.827216e-06  +7.106619e-04  +2.970441e-06  +5.767383e-07  +9.150252e-03  +5.839427e-07  -8.580733e-07  -3.212667e-03  
+2.034987e-06  +3.577087e-07  +3.779702e-06  -7.209144e-06  +1.922642e-05  +2.778175e-06  +1.106835e-05  -1.521109e-06  -3.247361e-06  +2.425427e-05  -4.547445e-05  +5.571605e-07  +6.550196e-07  -1.907052e-03  -9.906564e-07  +2.323983e-07  +1.459455e-03  +4.929632e-07  +6.238841e-07  -3.552409e-05  +1.400154e-06  +9.306627e-08  +2.474549e-03  
+2.106778e-06  +1.725235e-07  +5.279768e-06  -2.777489e-06  +2.778175e-06  +5.216657e-06  +7.853893e-06  -2.266283e-06  -5.107432e-06  +4.323176e-05  -4.963935e-05  +1.435555e-06  -7.614322e-07  -1.053157e-03  -9.397652e-07  +3.769759e-08  +1.883657e-03  -2.604675e-07  -3.092243e-09  -6.369905e-05  +8.585433e-07  +8.928696e-07  +3.115655e-03  
+1.595812e-05  +2.604189e-06  +3.184376e-05  +4.949494e-05  +1.106835e-05  +7.853893e-06  +1.038309e-04  -4.860479e-05  -3.803571e-05  +2.975723e-04  -4.210341e-04  +2.815913e-06  +9.309188e-06  -8.143499e-03  -4.356425e-06  +3.888415e-06  +7.271362e-03  +3.105882e-06  +1.795283e-06  +1.310934e-02  +2.057294e-06  +2.675355e-06  +1.455366e-02  
-8.726381e-06  -8.392057e-07  -1.548952e-05  -4.393919e-05  -1.521109e-06  -2.266283e-06  -4.860479e-05  +8.898891e-05  +2.002980e-05  -1.625553e-04  +1.953779e-04  -5.929063e-07  -5.842964e-06  +1.614012e-03  +1.181877e-06  -1.722624e-06  -1.738548e-03  -4.737313e-06  +3.812356e-08  -8.796903e-03  -1.709277e-06  -8.669816e-07  -3.800558e-03  
-6.796820e-06  -1.177657e-06  -1.477721e-05  -2.180397e-05  -3.247361e-06  -5.107432e-06  -3.803571e-05  +2.002980e-05  +1.721148e-05  -1.355811e-04  +1.712002e-04  -1.520397e-06  -3.047690e-06  +2.655341e-03  +1.973548e-06  -1.422727e-06  -3.045066e-03  -1.176842e-06  -4.573888e-07  -4.862587e-03  -1.035800e-06  -1.775846e-06  -6.947990e-03  
+5.315982e-05  +7.920248e-06  +1.199376e-04  +1.963672e-04  +2.425427e-05  +4.323176e-05  +2.975723e-04  -1.625553e-04  -1.355811e-04  +1.119728e-03  -1.404940e-03  +1.163535e-05  +2.341630e-05  -2.045765e-02  -1.653775e-05  +1.120410e-05  +2.443964e-02  +9.043903e-06  +2.917318e-06  +3.897675e-02  +8.605765e-06  +1.475155e-05  +5.474991e-02  
-7.045086e-05  -1.106785e-05  -1.452794e-04  -2.542638e-04  -4.547445e-05  -4.963935e-05  -4.210341e-04  +1.953779e-04  +1.712002e-04  -1.404940e-03  +1.973589e-03  -1.288627e-05  -3.458549e-05  +3.670767e-02  +2.096406e-05  -1.623119e-05  -3.507971e-02  -9.812201e-06  -5.429661e-06  -5.460845e-02  -1.096412e-05  -1.421082e-05  -6.056325e-02  
+4.362759e-07  +9.772948e-08  +8.416487e-07  -1.904745e-06  +5.571605e-07  +1.435555e-06  +2.815913e-06  -5.929063e-07  -1.520397e-06  +1.163535e-05  -1.288627e-05  +1.093252e-06  -2.927133e-07  -6.033784e-04  -2.947119e-07  -6.188352e-08  +5.515076e-04  -3.010393e-07  +1.549068e-07  -2.171530e-04  +1.097919e-07  +1.918718e-07  +1.275481e-03  
+1.242075e-06  +2.890928e-07  +2.191633e-06  +9.576510e-06  +6.550196e-07  -7.614322e-07  +9.309188e-06  -5.842964e-06  -3.047690e-06  +2.341630e-05  -3.458549e-05  -2.927133e-07  +1.760518e-06  -4.413888e-04  -2.383664e-07  +5.312397e-07  +1.377539e-04  +6.701846e-07  +2.408019e-07  +1.570695e-03  +6.904870e-08  +2.550678e-08  +5.311642e-04  
-1.163653e-03  -2.369360e-04  -1.322307e-03  +1.171533e-04  -1.907052e-03  -1.053157e-03  -8.143499e-03  +1.614012e-03  +2.655341e-03  -2.045765e-02  +3.670767e-02  -6.033784e-04  -4.413888e-04  +1.717226e+00  +1.624278e-04  -2.264694e-04  -1.069146e+00  +1.659167e-04  -1.611758e-04  -6.746060e-01  -2.143037e-04  -2.848060e-05  -9.663908e-01  
-7.819611e-07  -1.153963e-07  -2.318499e-06  -4.189333e-06  -9.906564e-07  -9.397652e-07  -4.356425e-06  +1.181877e-06  +1.973548e-06  -1.653775e-05  +2.096406e-05  -2.947119e-07  -2.383664e-07  +1.624278e-04  +8.469617e-07  -1.087819e-07  -3.502548e-04  -9.172472e-08  -8.314213e-08  -3.454170e-04  -1.844626e-07  -1.033089e-08  -9.507826e-04  
+5.583027e-07  +1.131713e-07  +1.235740e-06  +3.827216e-06  +2.323983e-07  +3.769759e-08  +3.888415e-06  -1.722624e-06  -1.422727e-06  +1.120410e-05  -1.623119e-05  -6.188352e-08  +5.312397e-07  -2.264694e-04  -1.087819e-07  +4.767321e-07  +1.675270e-04  +1.524408e-07  -1.168855e-08  +5.070626e-04  +8.992187e-08  +1.213124e-07  +1.872050e-04  
+1.104544e-03  +2.245868e-04  +3.072793e-03  +7.106619e-04  +1.459455e-03  +1.883657e-03  +7.271362e-03  -1.738548e-03  -3.045066e-03  +2.443964e-02  -3.507971e-02  +5.515076e-04  +1.377539e-04  -1.069146e+00  -3.502548e-04  +1.675270e-04  +1.620857e+00  -2.532966e-04  +1.052868e-04  +3.219368e-01  +3.450093e-04  +3.345300e-04  +1.329641e+00  
+6.356255e-07  +6.103478e-08  +1.159110e-06  +2.970441e-06  +4.929632e-07  -2.604675e-07  +3.105882e-06  -4.737313e-06  -1.176842e-06  +9.043903e-06  -9.812201e-06  -3.010393e-07  +6.701846e-07  +1.659167e-04  -9.172472e-08  +1.524408e-07  -2.532966e-04  +7.886819e-07  -2.280124e-08  +8.425866e-04  +1.291656e-07  +4.276300e-08  +2.613793e-04  
+2.345098e-07  +4.535915e-08  +2.709181e-07  +5.767383e-07  +6.238841e-07  -3.092243e-09  +1.795283e-06  +3.812356e-08  -4.573888e-07  +2.917318e-06  -5.429661e-06  +1.549068e-07  +2.408019e-07  -1.611758e-04  -8.314213e-08  -1.168855e-08  +1.052868e-04  -2.280124e-08  +4.429018e-07  +5.752677e-05  -1.990334e-08  +4.043106e-08  +3.663054e-04  
+1.896300e-03  +4.070194e-04  +3.919684e-03  +9.150252e-03  -3.552409e-05  -6.369905e-05  +1.310934e-02  -8.796903e-03  -4.862587e-03  +3.897675e-02  -5.460845e-02  -2.171530e-04  +1.570695e-03  -6.746060e-01  -3.454170e-04  +5.070626e-04  +3.219368e-01  +8.425866e-04  +5.752677e-05  +2.783144e+00  +1.195179e-04  +3.055582e-04  +1.266933e+00  
+5.512642e-07  +2.700543e-08  +1.091109e-06  +5.839427e-07  +1.400154e-06  +8.585433e-07  +2.057294e-06  -1.709277e-06  -1.035800e-06  +8.605765e-06  -1.096412e-05  +1.097919e-07  +6.904870e-08  -2.143037e-04  -1.844626e-07  +8.992187e-08  +3.450093e-04  +1.291656e-07  -1.990334e-08  +1.195179e-04  +4.257891e-07  +1.163243e-07  +3.153443e-04  
+8.641046e-07  -3.074174e-08  +1.887002e-06  -8.580733e-07  +9.306627e-08  +8.928696e-07  +2.675355e-06  -8.669816e-07  -1.775846e-06  +1.475155e-05  -1.421082e-05  +1.918718e-07  +2.550678e-08  -2.848060e-05  -1.033089e-08  +1.213124e-07  +3.345300e-04  +4.276300e-08  +4.043106e-08  +3.055582e-04  +1.163243e-07  +8.179781e-07  +1.359914e-03  
+2.950669e-03  +2.798405e-04  +6.723144e-03  -3.212667e-03  +2.474549e-03  +3.115655e-03  +1.455366e-02  -3.800558e-03  -6.947990e-03  +5.474991e-02  -6.056325e-02  +1.275481e-03  +5.311642e-04  -9.663908e-01  -9.507826e-04  +1.872050e-04  +1.329641e+00  +2.613793e-04  +3.663054e-04  +1.266933e+00  +3.153443e-04  +1.359914e-03  +5.594609e+00  
