mean:
+3.928645e+00  +3.906126e+00  +6.633230e-01  -1.163062e+00  +1.696158e+00  +5.885116e-01  +9.189466e-01  +2.030483e+00  +1.449533e-01  +1.974808e+00  +4.847523e+00  +1.905120e+00  +3.006850e+00  +8.059633e+02  +4.960073e+00  +4.479589e+00  +2.007492e+03  
covariance:
+1.679269e-05  +7.481335e-07  -2.741301e-06  -2.884906e-06  +5.153546e-06  +2.101709e-06  +5.630063e-06  +2.004013e-05  +9.831700e-07  -1.979679e-05  +7.800480e-05  -6.216286e-07  -5.803455e-07  -6.217217e-04  +1.948052e-07  +4.849580e-08  -8.259616e-03  
+7.481335e-07  +3.861663e-05  -1.047750e-05  -5.434627e-05  -1.463956e-05  +5.219559e-06  -2.840907e-05  +4.697013e-05  +2.666618e-06  -7.591481e-06  +3.989790e-05  +9.558728e-07  +4.277745e-08  -2.702692e-03  +1.656858e-07  -8.122140e-07  -2.088798e-03  
-2.741301e-06  -1.047750e-05  +6.202008e-05  +9.819973e-05  +8.867293e-06  -3.118334e-05  -2.220638e-05  -1.519293e-04  +2.795386e-06  +1.140239e-04  -6.960152e-04  -1.696173e-06  -1.333670e-06  +9.518231e-03  -4.484644e-07  +5.903346e-08  +6.199647e-02  
-2.884906e-06  -5.434627e-05  +9.819973e-05  +5.441269e-04  +1.720228e-05  -8.891845e-05  +2.642751e-05  -4.153323e-04  -2.089853e-06  +2.532343e-04  -1.659907e-03  +4.499107e-07  +1.097663e-06  +2.493875e-02  -2.897588e-06  -2.615654e-06  +1.450355e-01  
+5.153546e-06  -1.463956e-05  +8.867293e-06  +1.720228e-05  +2.014762e-05  -3.524303e-06  +1.173723e-05  -1.268231e-05  -5.854105e-07  +5.360957e-06  -4.699078e-05  -1.025989e-06  -8.049436e-08  +2.124836e-03  -1.152542e-07  -1.002700e-07  +1.597274e-03  
+2.101709e-06  +5.219559e-06  -3.118334e-05  -8.891845e-05  -3.524303e-06  +2.483736e-05  +9.277528e-06  +9.590355e-05  -1.357009e-06  -7.779818e-05  +4.901814e-04  +1.342313e-07  -1.734462e-07  -8.901303e-03  +5.186977e-07  +5.121935e-07  -3.928792e-02  
+5.630063e-06  -2.840907e-05  -2.220638e-05  +2.642751e-05  +1.173723e-05  +9.277528e-06  +9.706167e-05  +3.787830e-05  -9.026207e-06  -7.167002e-05  +3.900029e-04  +3.065258e-09  +5.224401e-07  +6.132227e-03  +3.551375e-07  +1.066710e-07  -2.476747e-02  
+2.004013e-05  +4.697013e-05  -1.519293e-04  -4.153323e-04  -1.268231e-05  +9.590355e-05  +3.787830e-05  +6.905100e-04  -3.809035e-06  -3.013913e-04  +1.883107e-03  -9.926825e-07  +5.733528e-06  -1.478916e-02  +1.749220e-06  -7.027987e-08  -2.043208e-01  
+9.831700e-07  +2.666618e-06  +2.795386e-06  -2.089853e-06  -5.854105e-07  -1.357009e-06  -9.026207e-06  -3.809035e-06  +2.620024e-06  +1.081392e-06  -4.382577e-05  -1.822705e-08  -4.047289e-08  -8.188267e-04  -1.114081e-08  +4.217071e-08  +3.520229e-03  
-1.979679e-05  -7.591481e-06  +1.140239e-04  +2.532343e-04  +5.360957e-06  -7.779818e-05  -7.167002e-05  -3.013913e-04  +1.081392e-06  +3.752885e-04  -1.882078e-03  -1.509192e-06  +8.078925e-07  +3.508275e-02  -1.981728e-06  -2.177842e-06  +1.365927e-01  
+7.800480e-05  +3.989790e-05  -6.960152e-04  -1.659907e-03  -4.699078e-05  +4.901814e-04  +3.900029e-04  +1.883107e-03  -4.382577e-05  -1.882078e-03  +1.133650e-02  +5.455138e-06  -8.468357e-06  -1.816929e-01  +1.178898e-05  +1.382130e-05  -8.746793e-01  
-6.216286e-07  +9.558728e-07  -1.696173e-06  +4.499107e-07  -1.025989e-06  +1.342313e-07  +3.065258e-09  -9.926825e-07  -1.822705e-08  -1.509192e-06  +5.455138e-06  +1.052024e-06  +1.054161e-07  -5.084901e-04  -7.918797e-09  -4.055122e-08  +5.817320e-04  
-5.803455e-07  +4.277745e-08  -1.333670e-06  +1.097663e-06  -8.049436e-08  -1.734462e-07  +5.224401e-07  +5.733528e-06  -4.047289e-08  +8.078925e-07  -8.468357e-06  +1.054161e-07  +7.883868e-07  +3.494016e-04  -1.480595e-07  -1.089618e-07  -8.622420e-04  
-6.217217e-04  -2.702692e-03  +9.518231e-03  +2.493875e-02  +2.124836e-03  -8.901303e-03  +6.132227e-03  -1.478916e-02  -8.188267e-04  +3.508275e-02  -1.816929e-01  -5.084901e-04  +3.494016e-04  +1.007531e+01  -1.419412e-04  -2.790898e-04  +9.695959e+00  
+1.948052e-07  +1.656858e-07  -4.484644e-07  -2.897588e-06  -1.152542e-07  +5.186977e-07  +3.551375e-07  +1.749220e-06  -1.114081e-08  -1.981728e-06  +1.178898e-05  -7.918797e-09  -1.480595e-07  -1.419412e-04  +2.324060e-07  +7.700113e-08  -8.416405e-04  
+4.849580e-08  -8.122140e-07  +5.903346e-08  -2.615654e-06  -1.002700e-07  +5.121935e-07  +1.066710e-07  -7.027987e-08  +4.217071e-08  -2.177842e-06  +1.382130e-05  -4.055122e-08  -1.089618e-07  -2.790898e-04  +7.700113e-08  +4.402851e-07  -8.326363e-04  
-8.259616e-03  -2.088798e-03  +6.199647e-02  +1.450355e-01  +1.597274e-03  -3.928792e-02  -2.476747e-02  -2.043208e-01  +3.520229e-03  +1.365927e-01  -8.746793e-01  +5.817320e-04  -8.622420e-04  +9.695959e+00  -8.416405e-04  -8.326363e-04  +8.885451e+01  
