mean:
+3.956175e+00  +3.923506e+00  +6.448470e-01  -1.120011e+00  +1.621247e+00  +3.995059e-01  +9.110170e-01  +2.066478e+00  +1.535557e-01  +1.926861e+00  +4.874373e+00  +1.635095e+00  +2.883307e+00  +8.018534e+02  +4.799789e+00  +4.399638e+00  +2.010030e+03  
covariance:
+2.610651e-06  +7.636893e-07  +1.992060e-06  -2.403782e-05  -7.844122e-06  +1.918071e-06  +5.131413e-07  +1.148478e-05  -3.709666e-07  +2.007371e-06  +3.555777e-05  -1.984591e-07  -1.685269e-08  -1.362411e-03  +4.306548e-08  -8.897472e-08  -5.187489e-03  
+7.636893e-07  +3.706076e-06  +2.735183e-06  -2.378297e-05  -3.607753e-06  +2.031457e-06  +5.996864e-07  +5.277447e-06  -6.312532e-07  +2.698965e-06  +3.702769e-05  -1.526761e-07  +4.344938e-08  -1.414637e-03  +4.107958e-08  -9.642349e-08  -5.356988e-03  
+1.992060e-06  +2.735183e-06  +3.044101e-05  -8.406879e-05  -2.231313e-05  +6.061666e-06  +8.972792e-06  +7.995443e-07  -3.405870e-06  +7.173800e-06  +1.422262e-04  +1.861277e-07  -4.497119e-07  -8.429069e-03  -1.389164e-08  +2.560114e-07  -2.097576e-02  
-2.403782e-05  -2.378297e-05  -8.406879e-05  +1.111625e-03  +3.046258e-04  -8.857011e-05  -5.353043e-05  -4.249069e-04  +3.049686e-05  -8.897484e-05  -1.423410e-03  +4.758476e-06  +6.530695e-07  +3.970267e-02  +3.566667e-07  +1.472750e-06  +2.200506e-01  
-7.844122e-06  -3.607753e-06  -2.231313e-05  +3.046258e-04  +2.703183e-04  -1.083012e-05  +2.621532e-06  -1.605865e-04  +7.670023e-06  -4.338376e-05  -3.230255e-04  +2.628593e-06  +5.904461e-07  +1.007758e-02  -1.165392e-07  -2.636980e-07  +5.525082e-02  
+1.918071e-06  +2.031457e-06  +6.061666e-06  -8.857011e-05  -1.083012e-05  +1.188411e-05  +7.509254e-06  +3.372552e-05  -3.806938e-06  +1.076951e-05  +1.519882e-04  -2.888668e-07  -8.849452e-08  -4.671195e-03  -9.522460e-08  -2.048976e-07  -2.262247e-02  
+5.131413e-07  +5.996864e-07  +8.972792e-06  -5.353043e-05  +2.621532e-06  +7.509254e-06  +1.586161e-05  -6.903872e-07  -3.507077e-06  +2.246847e-06  +1.001292e-04  -3.805493e-09  -1.330425e-07  -4.290267e-03  +9.663593e-09  +1.326174e-07  -1.704548e-02  
+1.148478e-05  +5.277447e-06  +7.995443e-07  -4.249069e-04  -1.605865e-04  +3.372552e-05  -6.903872e-07  +4.115086e-04  -4.899927e-06  +1.787723e-05  +4.109836e-04  -2.696173e-06  -8.238974e-07  -4.894132e-03  -9.094194e-07  -1.419672e-06  -7.806708e-02  
-3.709666e-07  -6.312532e-07  -3.405870e-06  +3.049686e-05  +7.670023e-06  -3.806938e-06  -3.507077e-06  -4.899927e-06  +2.435271e-06  -8.496882e-06  -5.958249e-05  +8.883192e-08  +3.568800e-08  +2.845046e-03  -7.941218e-09  -1.309741e-08  +7.665715e-03  
+2.007371e-06  +2.698965e-06  +7.173800e-06  -8.897484e-05  -4.338376e-05  +1.076951e-05  +2.246847e-06  +1.787723e-05  -8.496882e-06  +4.826198e-05  +1.893328e-04  -5.368872e-07  -1.082546e-07  -1.130440e-02  +1.820521e-07  -9.768066e-08  -1.868431e-02  
+3.555777e-05  +3.702769e-05  +1.422262e-04  -1.423410e-03  -3.230255e-04  +1.519882e-04  +1.001292e-04  +4.109836e-04  -5.958249e-05  +1.893328e-04  +2.504441e-03  -5.690016e-06  -4.110854e-07  -9.006662e-02  -1.666444e-07  -6.160382e-07  -3.509487e-01  
-1.984591e-07  -1.526761e-07  +1.861277e-07  +4.758476e-06  +2.628593e-06  -2.888668e-07  -3.805493e-09  -2.696173e-06  +8.883192e-08  -5.368872e-07  -5.690016e-06  +2.209512e-07  -2.145245e-08  +1.116176e-04  +2.799488e-09  +3.874043e-08  +8.459214e-04  
-1.685269e-08  +4.344938e-08  -4.497119e-07  +6.530695e-07  +5.904461e-07  -8.849452e-08  -1.330425e-07  -8.238974e-07  +3.568800e-08  -1.082546e-07  -4.110854e-07  -2.145245e-08  +1.986501e-07  +9.999730e-05  +1.890252e-08  +1.806292e-08  +2.798276e-04  
-1.362411e-03  -1.414637e-03  -8.429069e-03  +3.970267e-02  +1.007758e-02  -4.671195e-03  -4.290267e-03  -4.894132e-03  +2.845046e-03  -1.130440e-02  -9.006662e-02  +1.116176e-04  +9.999730e-05  +6.401436e+00  -1.013438e-04  +4.307811e-06  +1.178103e+01  
+4.306548e-08  +4.107958e-08  -1.389164e-08  +3.566667e-07  -1.165392e-07  -9.522460e-08  +9.663593e-09  -9.094194e-07  -7.941218e-09  +1.820521e-07  -1.666444e-07  +2.799488e-09  +1.890252e-08  -1.013438e-04  +1.487729e-07  +5.145452e-09  +2.582572e-05  
-8.897472e-08  -9.642349e-08  +2.560114e-07  +1.472750e-06  -2.636980e-07  -2.048976e-07  +1.326174e-07  -1.419672e-06  -1.309741e-08  -9.768066e-08  -6.160382e-07  +3.874043e-08  +1.806292e-08  +4.307811e-06  +5.145452e-09  +1.571633e-07  +1.726506e-04  
-5.187489e-03  -5.356988e-03  -2.097576e-02  +2.200506e-01  +5.525082e-02  -2.262247e-02  -1.704548e-02  -7.806708e-02  +7.665715e-03  -1.868431e-02  -3.509487e-01  +8.459214e-04  +2.798276e-04  +1.178103e+01  +2.582572e-05  +1.726506e-04  +5.798572e+01  
