mean:
+4.017357e+00  +3.960371e+00  +8.495803e-01  +1.302013e+00  +1.229975e+00  +5.005166e-01  +8.333951e-01  +1.392645e+00  +1.701907e-01  +1.929280e+00  +5.719965e+00  +3.660394e+00  +2.855514e+00  +2.120629e+02  +4.309791e+00  +5.128591e+00  +2.935675e+02  +5.252623e+00  +3.797653e+00  +3.375536e+02  +2.880242e+00  +4.479830e+00  +4.016815e+02  
covariance:
+2.638609e-06  +2.540824e-07  -1.061071e-06  -9.059688e-06  -6.153604e-07  -3.142710e-06  +1.688938e-06  -2.365349e-06  +3.130833e-06  -2.897604e-05  +1.145401e-04  -2.126119e-07  -2.052820e-07  -3.667981e-03  +3.953348e-07  -1.079509e-07  -6.316239e-03  -1.616037e-08  +2.172969e-07  -7.009264e-03  -3.438677e-07  +2.633955e-07  -7.014387e-03  
+2.540824e-07  +1.790102e-06  -5.744757e-07  +7.495851e-07  -3.759846e-08  -3.794480e-07  +2.326357e-07  -2.147521e-06  +2.790533e-07  -2.973149e-06  +1.745607e-05  -4.271305e-08  -1.583099e-08  -3.923216e-04  -3.986543e-08  -3.009904e-08  -1.135074e-03  +7.751737e-08  -8.140265e-08  -9.073906e-04  +8.958642e-09  +1.347466e-07  -8.553235e-04  
-1.061071e-06  -5.744757e-07  +3.073693e-05  +7.287968e-06  -1.156864e-06  -5.771175e-06  -1.084343e-05  +1.927924e-05  -7.955807e-06  +6.249525e-05  +2.380992e-06  +2.508704e-06  +3.884400e-07  +2.594220e-03  -1.117138e-06  -1.196765e-06  +1.331257e-02  +3.044089e-07  +7.029660e-07  +4.363612e-03  -2.864359e-07  -1.055480e-06  -4.833597e-04  
-9.059688e-06  +7.495851e-07  +7.287968e-06  +3.223458e-04  +1.037989e-05  +1.490980e-05  -1.123956e-05  -7.076113e-05  -2.888720e-05  +2.445932e-04  -7.111114e-04  +2.231986e-06  +5.385220e-06  +3.055003e-02  -5.317737e-06  -3.177597e-06  +3.686444e-02  -3.265432e-06  -6.922648e-09  +4.937400e-02  +7.531318e-06  +1.336794e-06  +5.095549e-02  
-6.153604e-07  -3.759846e-08  -1.156864e-06  +1.037989e-05  +5.841704e-06  +2.907584e-06  -1.387874e-06  -9.373997e-08  -8.992936e-07  +1.413134e-05  -7.939952e-05  +3.663994e-07  +3.950163e-07  +2.750494e-03  -4.153065e-07  -1.695393e-07  +3.500463e-03  -7.229922e-07  +5.552963e-08  +4.169966e-03  +6.761206e-07  +2.828297e-08  +5.181250e-03  
-3.142710e-06  -3.794480e-07  -5.771175e-06  +1.490980e-05  +2.907584e-06  +1.651082e-05  -1.065376e-05  +6.388596e-06  -1.351997e-06  +5.003511e-05  -4.072097e-04  -1.678220e-07  +5.486787e-07  +1.288095e-02  -8.004002e-07  +1.149117e-06  +1.672164e-02  -2.372281e-07  -4.401309e-07  +2.303079e-02  +8.373100e-07  -4.246245e-07  +2.739638e-02  
+1.688938e-06  +2.326357e-07  -1.084343e-05  -1.123956e-05  -1.387874e-06  -1.065376e-05  +3.414866e-05  -1.962467e-05  -2.935370e-06  -4.029016e-05  +2.877486e-04  -1.067192e-06  -1.015666e-06  -1.298147e-02  +1.493135e-06  -5.088069e-07  -1.813809e-02  +3.081866e-07  -1.198124e-06  -1.952646e-02  +3.667728e-07  +3.477389e-07  -2.569820e-02  
-2.365349e-06  -2.147521e-06  +1.927924e-05  -7.076113e-05  -9.373997e-08  +6.388596e-06  -1.962467e-05  +1.158281e-04  -7.294801e-07  +4.837488e-05  -2.941121e-04  +2.616539e-06  -8.869553e-07  +5.118206e-03  +2.556051e-07  +4.005420e-07  +2.277409e-02  -1.168071e-06  -6.649691e-07  +1.664104e-02  -1.271697e-06  -3.422049e-06  +1.739352e-02  
+3.130833e-06  +2.790533e-07  -7.955807e-06  -2.888720e-05  -8.992936e-07  -1.351997e-06  -2.935370e-06  -7.294801e-07  +1.684326e-05  -1.140736e-04  +1.779556e-04  -7.328792e-07  -7.777373e-07  -4.926645e-03  +1.913378e-06  +5.985775e-07  -1.573265e-02  -7.833650e-07  +7.572730e-07  -1.179189e-02  -1.418374e-06  +1.071664e-06  -9.930026e-03  
-2.897604e-05  -2.973149e-06  +6.249525e-05  +2.445932e-04  +1.413134e-05  +5.003511e-05  -4.029016e-05  +4.837488e-05  -1.140736e-04  +9.376064e-04  -2.348404e-03  +6.841389e-06  +7.490854e-06  +7.338525e-02  -1.604080e-05  -2.133397e-06  +1.638865e-01  +3.907520e-06  -4.491167e-06  +1.480249e-01  +1.063009e-05  -8.816193e-06  +1.495233e-01  
+1.145401e-04  +1.745607e-05  +2.380992e-06  -7.111114e-04  -7.939952e-05  -4.072097e-04  +2.877486e-04  -2.941121e-04  +1.779556e-04  -2.348404e-03  +1.269345e-02  -1.321289e-05  -1.763237e-05  -3.936205e-01  +2.902223e-05  -2.059035e-05  -6.203165e-01  +7.829433e-06  +1.400038e-05  -7.407023e-01  -3.005907e-05  +2.097318e-05  -8.171986e-01  
-2.126119e-07  -4.271305e-08  +2.508704e-06  +2.231986e-06  +3.663994e-07  -1.678220e-07  -1.067192e-06  +2.616539e-06  -7.328792e-07  +6.841389e-06  -1.321289e-05  +8.642134e-07  +2.587450e-08  +8.088537e-04  -1.471614e-07  -2.347240e-07  +1.630816e-03  -2.720606e-07  +1.280999e-08  +1.020172e-03  +7.377491e-09  +2.077398e-08  +3.701239e-04  
-2.052820e-07  -1.583099e-08  +3.884400e-07  +5.385220e-06  +3.950163e-07  +5.486787e-07  -1.015666e-06  -8.869553e-07  -7.777373e-07  +7.490854e-06  -1.763237e-05  +2.587450e-08  +6.507093e-07  +8.507951e-04  -3.157678e-07  -1.094049e-07  +1.301291e-03  -1.456876e-07  +7.750478e-08  +1.293407e-03  +1.804599e-07  +3.497149e-09  +1.645195e-03  
-3.667981e-03  -3.923216e-04  +2.594220e-03  +3.055003e-02  +2.750494e-03  +1.288095e-02  -1.298147e-02  +5.118206e-03  -4.926645e-03  +7.338525e-02  -3.936205e-01  +8.088537e-04  +8.507951e-04  +1.523889e+01  -1.275628e-03  +8.661873e-04  +1.997880e+01  -1.601217e-04  -1.986990e-04  +2.570923e+01  +8.806302e-04  -4.398974e-04  +2.616349e+01  
+3.953348e-07  -3.986543e-08  -1.117138e-06  -5.317737e-06  -4.153065e-07  -8.004002e-07  +1.493135e-06  +2.556051e-07  +1.913378e-06  -1.604080e-05  +2.902223e-05  -1.471614e-07  -3.157678e-07  -1.275628e-03  +8.580141e-07  +1.758445e-07  -2.549388e-03  -2.101183e-08  +8.691847e-09  -2.039933e-03  -2.389913e-07  +8.961900e-08  -2.279159e-03  
-1.079509e-07  -3.009904e-08  -1.196765e-06  -3.177597e-06  -1.695393e-07  +1.149117e-06  -5.088069e-07  +4.005420e-07  +5.985775e-07  -2.133397e-06  -2.059035e-05  -2.347240e-07  -1.094049e-07  +8.661873e-04  +1.758445e-07  +8.201980e-07  +5.136302e-04  +2.464134e-07  -3.553011e-08  +1.789127e-03  -4.795950e-08  -4.879617e-08  +1.295086e-03  
-6.316239e-03  -1.135074e-03  +1.331257e-02  +3.686444e-02  +3.500463e-03  +1.672164e-02  -1.813809e-02  +2.277409e-02  -1.573265e-02  +1.638865e-01  -6.203165e-01  +1.630816e-03  +1.301291e-03  +1.997880e+01  -2.549388e-03  +5.136302e-04  +3.955960e+01  +2.583238e-04  -2.367088e-04  +3.812471e+01  +1.749246e-03  -1.614363e-03  +4.063177e+01  
-1.616037e-08  +7.751737e-08  +3.044089e-07  -3.265432e-06  -7.229922e-07  -2.372281e-07  +3.081866e-07  -1.168071e-06  -7.833650e-07  +3.907520e-06  +7.829433e-06  -2.720606e-07  -1.456876e-07  -1.601217e-04  -2.101183e-08  +2.464134e-07  +2.583238e-04  +9.029635e-07  -1.196417e-07  +2.339425e-04  -6.640463e-08  -1.170116e-07  -1.757201e-04  
+2.172969e-07  -8.140265e-08  +7.029660e-07  -6.922648e-09  +5.552963e-08  -4.401309e-07  -1.198124e-06  -6.649691e-07  +7.572730e-07  -4.491167e-06  +1.400038e-05  +1.280999e-08  +7.750478e-08  -1.986990e-04  +8.691847e-09  -3.553011e-08  -2.367088e-04  -1.196417e-07  +6.289139e-07  -9.836868e-04  +2.974419e-08  +1.328463e-07  -2.232108e-04  
-7.009264e-03  -9.073906e-04  +4.363612e-03  +4.937400e-02  +4.169966e-03  +2.303079e-02  -1.952646e-02  +1.664104e-02  -1.179189e-02  +1.480249e-01  -7.407023e-01  +1.020172e-03  +1.293407e-03  +2.570923e+01  -2.039933e-03  +1.789127e-03  +3.812471e+01  +2.339425e-04  -9.836868e-04  +4.856349e+01  +1.712739e-03  -1.641275e-03  +4.833220e+01  
-3.438677e-07  +8.958642e-09  -2.864359e-07  +7.531318e-06  +6.761206e-07  +8.373100e-07  +3.667728e-07  -1.271697e-06  -1.418374e-06  +1.063009e-05  -3.005907e-05  +7.377491e-09  +1.804599e-07  +8.806302e-04  -2.389913e-07  -4.795950e-08  +1.749246e-03  -6.640463e-08  +2.974419e-08  +1.712739e-03  +6.829700e-07  +3.829379e-08  +2.294873e-03  
+2.633955e-07  +1.347466e-07  -1.055480e-06  +1.336794e-06  +2.828297e-08  -4.246245e-07  +3.477389e-07  -3.422049e-06  +1.071664e-06  -8.816193e-06  +2.097318e-05  +2.077398e-08  +3.497149e-09  -4.398974e-04  +8.961900e-08  -4.879617e-08  -1.614363e-03  -1.170116e-07  +1.328463e-07  -1.641275e-03  +3.829379e-08  +7.483720e-07  -1.236138e-03  
-7.014387e-03  -8.553235e-04  -4.833597e-04  +5.095549e-02  +5.181250e-03  +2.739638e-02  -2.569820e-02  +1.739352e-02  -9.930026e-03  +1.495233e-01  -8.171986e-01  +3.701239e-04  +1.645195e-03  +2.616349e+01  -2.279159e-03  +1.295086e-03  +4.063177e+01  -1.757201e-04  -2.232108e-04  +4.833220e+01  +2.294873e-03  -1.236138e-03  +5.761423e+01  
