mean:
+3.984867e+00  +3.941685e+00  +6.467610e-01  -1.097470e+00  +1.672982e+00  +4.987082e-01  +9.280733e-01  +2.068929e+00  +1.361511e-01  +2.098570e+00  +4.878139e+00  +1.839678e+00  +2.983454e+00  +7.982994e+02  +4.960247e+00  +4.479993e+00  +2.001295e+03  
covariance:
+1.119516e-05  +1.173931e-06  +2.707233e-06  +6.096017e-05  +4.498230e-05  -1.565516e-06  +2.027788e-05  +6.301098e-05  -1.385627e-05  +1.405214e-04  -7.798074e-05  +6.237853e-07  -1.324983e-06  +7.937759e-04  +9.397747e-08  -1.646589e-07  -5.726060e-03  
+1.173931e-06  +4.983233e-06  -3.113547e-06  -7.545302e-06  -5.192318e-06  -7.363544e-08  -1.172660e-07  -1.961075e-05  +2.396861e-06  -2.762640e-05  +3.030770e-05  +8.044690e-08  -2.418443e-07  -7.923735e-04  +6.638854e-08  -1.187754e-08  +3.084132e-03  
+2.707233e-06  -3.113547e-06  +8.244949e-05  +4.538974e-05  -3.389334e-05  -9.897925e-07  -3.438400e-05  +1.135866e-04  +4.055299e-06  +4.781972e-05  -2.356498e-04  -6.975176e-07  -1.606192e-06  +8.761558e-03  +5.398972e-07  -7.037393e-07  +1.043968e-02  
+6.096017e-05  -7.545302e-06  +4.538974e-05  +1.075438e-03  +6.697709e-04  -1.795967e-05  +2.869229e-04  +1.355081e-03  -2.184039e-04  +2.327312e-03  -1.299238e-03  +7.587959e-06  -1.258559e-05  +3.654533e-02  -4.104440e-07  -2.584757e-06  -1.353609e-01  
+4.498230e-05  -5.192318e-06  -3.389334e-05  +6.697709e-04  +7.652677e-04  -1.422435e-05  +2.362431e-04  +7.902623e-04  -1.816191e-04  +1.850376e-03  -7.737280e-04  +9.649566e-06  -9.000750e-06  +1.934117e-02  -6.310038e-07  -8.077840e-07  -1.223718e-01  
-1.565516e-06  -7.363544e-08  -9.897925e-07  -1.795967e-05  -1.422435e-05  +3.609708e-06  -1.140195e-05  -1.946602e-05  +6.695667e-06  -6.222640e-05  +1.655074e-05  -4.371940e-07  +4.562449e-07  +1.226716e-03  -4.462772e-09  +1.676439e-07  +1.199318e-03  
+2.027788e-05  -1.172660e-07  -3.438400e-05  +2.869229e-04  +2.362431e-04  -1.140195e-05  +1.663658e-04  +2.584646e-04  -8.288930e-05  +7.469564e-04  -2.028272e-04  +3.165001e-06  -3.144372e-06  -8.497661e-03  -5.743313e-07  -1.153086e-06  -4.103169e-02  
+6.301098e-05  -1.961075e-05  +1.135866e-04  +1.355081e-03  +7.902623e-04  -1.946602e-05  +2.584646e-04  +4.073682e-03  -2.937530e-04  +3.415235e-03  -2.111409e-03  +1.697794e-05  -1.311171e-05  +1.279868e-01  -1.701622e-06  -4.196165e-06  -2.250776e-01  
-1.385627e-05  +2.396861e-06  +4.055299e-06  -2.184039e-04  -1.816191e-04  +6.695667e-06  -8.288930e-05  -2.937530e-04  +5.971154e-05  -6.014722e-04  +2.701945e-04  -2.337577e-06  +1.954463e-06  -4.642602e-03  +2.303686e-07  +6.360832e-07  +3.674154e-02  
+1.405214e-04  -2.762640e-05  +4.781972e-05  +2.327312e-03  +1.850376e-03  -6.222640e-05  +7.469564e-04  +3.415235e-03  -6.014722e-04  +6.378766e-03  -3.333473e-03  +2.292188e-05  -2.102177e-05  +8.179068e-02  -1.589372e-06  -5.861529e-06  -3.980452e-01  
-7.798074e-05  +3.030770e-05  -2.356498e-04  -1.299238e-03  -7.737280e-04  +1.655074e-05  -2.028272e-04  -2.111409e-03  +2.701945e-04  -3.333473e-03  +3.036051e-03  -4.426167e-06  +1.280437e-05  -8.317984e-02  -5.944758e-07  +2.163369e-06  +2.031939e-01  
+6.237853e-07  +8.044690e-08  -6.975176e-07  +7.587959e-06  +9.649566e-06  -4.371940e-07  +3.165001e-06  +1.697794e-05  -2.337577e-06  +2.292188e-05  -4.426167e-06  +7.599840e-07  -8.852989e-08  +3.485023e-04  +2.508121e-08  -3.361874e-08  -4.896628e-04  
-1.324983e-06  -2.418443e-07  -1.606192e-06  -1.258559e-05  -9.000750e-06  +4.562449e-07  -3.144372e-06  -1.311171e-05  +1.954463e-06  -2.102177e-05  +1.280437e-05  -8.852989e-08  +1.343098e-06  -3.478230e-04  +3.050215e-08  +9.924765e-08  -2.395840e-04  
+7.937759e-04  -7.923735e-04  +8.761558e-03  +3.654533e-02  +1.934117e-02  +1.226716e-03  -8.497661e-03  +1.279868e-01  -4.642602e-03  +8.179068e-02  -8.317984e-02  +3.485023e-04  -3.478230e-04  +9.943234e+00  +2.401209e-05  +3.928587e-05  -6.040076e+00  
+9.397747e-08  +6.638854e-08  +5.398972e-07  -4.104440e-07  -6.310038e-07  -4.462772e-09  -5.743313e-07  -1.701622e-06  +2.303686e-07  -1.589372e-06  -5.944758e-07  +2.508121e-08  +3.050215e-08  +2.401209e-05  +1.985928e-07  +2.092179e-08  +4.007045e-04  
-1.646589e-07  -1.187754e-08  -7.037393e-07  -2.584757e-06  -8.077840e-07  +1.676439e-07  -1.153086e-06  -4.196165e-06  +6.360832e-07  -5.861529e-06  +2.163369e-06  -3.361874e-08  +9.924765e-08  +3.928587e-05  +2.092179e-08  +2.662310e-07  -1.672578e-04  
-5.726060e-03  +3.084132e-03  +1.043968e-02  -1.353609e-01  -1.223718e-01  +1.199318e-03  -4.103169e-02  -2.250776e-01  +3.674154e-02  -3.980452e-01  +2.031939e-01  -4.896628e-04  -2.395840e-04  -6.040076e+00  +4.007045e-04  -1.672578e-04  +4.712540e+01  
