mean:
+3.984007e+00  +3.978985e+00  +6.084192e-01  +2.007984e+00  +1.273326e+00  +5.002839e-01  +8.137720e-01  +2.208329e+00  +3.781131e-02  +3.877613e+00  +5.939307e+00  +4.573070e+00  +3.237554e+00  +3.254724e+02  +2.590368e+00  +3.726036e+00  +4.517049e+02  +4.640110e+00  +4.959722e+00  +8.008216e+02  +3.990406e+00  +5.154504e+00  +4.336654e+02  
covariance:
+3.423275e-06  -2.044114e-06  -1.512271e-06  +3.629933e-06  -4.997653e-07  +2.548315e-07  -6.053580e-07  +1.961132e-06  +3.809864e-08  -2.229915e-06  -1.996776e-06  -1.690243e-07  -1.532090e-07  +2.186237e-04  -2.206819e-08  +2.952805e-09  +1.882235e-04  +1.669840e-07  -4.310142e-08  -2.830792e-04  +8.307828e-08  +1.233914e-07  -6.762564e-04  
-2.044114e-06  +3.702915e-06  +1.137997e-06  -2.242916e-06  -3.631955e-07  -6.245209e-08  +1.521643e-06  -1.465596e-06  -1.294774e-07  +2.809695e-06  +1.372144e-06  +1.285395e-07  +3.503703e-08  -2.213697e-04  +4.704819e-08  -9.690520e-08  +2.675017e-05  -5.106821e-08  +6.556260e-08  +5.336615e-05  -1.320896e-07  -1.337571e-07  +9.308105e-04  
-1.512271e-06  +1.137997e-06  +2.912191e-05  -5.180610e-05  -2.634764e-05  +6.374649e-06  +1.020059e-05  -5.547143e-05  -1.384919e-06  +4.094933e-05  +9.401743e-05  +9.663105e-07  -1.176544e-06  -2.671784e-03  +1.488460e-06  +1.236775e-06  +2.034125e-03  -1.641957e-06  +5.719161e-07  -5.975857e-03  +8.594841e-07  -2.097259e-06  +5.415759e-03  
+3.629933e-06  -2.242916e-06  -5.180610e-05  +1.767525e-04  +1.499443e-04  -2.267799e-05  -1.182012e-05  +1.521567e-04  +2.821147e-06  -7.278509e-05  -2.924422e-04  +1.184556e-06  -1.007208e-06  +9.168441e-03  -1.348753e-06  -7.256802e-07  +4.965118e-03  +5.333890e-06  -1.095834e-06  +2.392557e-02  -2.370822e-06  +3.885249e-06  -3.468954e-03  
-4.997653e-07  -3.631955e-07  -2.634764e-05  +1.499443e-04  +3.345052e-04  -3.355361e-05  +6.688065e-07  +1.756713e-04  +2.162440e-06  -3.014253e-05  -3.650211e-04  +7.568889e-06  -2.911629e-06  +1.413743e-02  +7.702977e-07  +6.040958e-06  +1.170656e-02  +3.063379e-06  -6.021493e-08  +4.191640e-02  -5.394610e-06  +7.914077e-07  +1.541735e-02  
+2.548315e-07  -6.245209e-08  +6.374649e-06  -2.267799e-05  -3.355361e-05  +5.915996e-06  +3.721801e-06  -2.785687e-05  -5.122438e-07  +8.840410e-06  +5.348431e-05  -5.362428e-07  +1.298066e-07  -1.583966e-03  +3.691666e-07  -2.191602e-07  -2.121954e-04  -4.578816e-07  +3.337882e-07  -5.244520e-03  +8.466599e-07  -5.840540e-07  -3.950696e-04  
-6.053580e-07  +1.521643e-06  +1.020059e-05  -1.182012e-05  +6.688065e-07  +3.721801e-06  +1.447974e-05  -2.227004e-05  -9.309622e-07  +2.019702e-05  +2.393496e-05  +3.351111e-07  -6.887320e-07  -7.607841e-04  +1.346504e-06  +8.040513e-07  +3.945584e-03  +1.552740e-07  +7.838025e-07  -1.249567e-03  +6.322307e-07  -1.400128e-06  +5.092006e-03  
+1.961132e-06  -1.465596e-06  -5.547143e-05  +1.521567e-04  +1.756713e-04  -2.785687e-05  -2.227004e-05  +1.906316e-04  +3.274757e-06  -7.745384e-05  -3.175270e-04  +1.973722e-06  +4.041213e-07  +1.011742e-02  -3.041274e-06  +6.900478e-07  +4.105382e-04  +3.682614e-06  -1.927279e-06  +2.731275e-02  -4.076356e-06  +4.747395e-06  -4.135155e-03  
+3.809864e-08  -1.294774e-07  -1.384919e-06  +2.821147e-06  +2.162440e-06  -5.122438e-07  -9.309622e-07  +3.274757e-06  +1.212687e-07  -2.987004e-06  -4.846320e-06  +4.639475e-09  +4.069969e-09  +1.922460e-04  -9.461436e-08  -6.924754e-08  -1.881003e-04  +6.029779e-08  -3.307144e-08  +3.982491e-04  -6.990593e-08  +1.162987e-07  -3.840606e-04  
-2.229915e-06  +2.809695e-06  +4.094933e-05  -7.278509e-05  -3.014253e-05  +8.840410e-06  +2.019702e-05  -7.745384e-05  -2.987004e-06  +1.193883e-04  +8.248867e-05  +2.269345e-07  +1.263325e-06  -4.872033e-03  +1.980121e-06  +2.825060e-06  +5.616078e-03  -2.250328e-06  -1.878975e-07  -6.158943e-03  +9.827465e-07  -2.762478e-06  +1.549314e-02  
-1.996776e-06  +1.372144e-06  +9.401743e-05  -2.924422e-04  -3.650211e-04  +5.348431e-05  +2.393496e-05  -3.175270e-04  -4.846320e-06  +8.248867e-05  +6.764966e-04  -3.217175e-06  -1.695683e-06  -1.784176e-02  +3.517402e-06  -2.211429e-06  -8.707108e-03  -8.332889e-06  +3.295644e-06  -5.662677e-02  +6.143566e-06  -7.981673e-06  -4.233629e-03  
-1.690243e-07  +1.285395e-07  +9.663105e-07  +1.184556e-06  +7.568889e-06  -5.362428e-07  +3.351111e-07  +1.973722e-06  +4.639475e-09  +2.269345e-07  -3.217175e-06  +4.764619e-07  -1.954032e-07  +2.840621e-04  +7.175367e-08  +2.164032e-07  +3.605525e-04  -5.544312e-08  +7.435763e-08  +7.233962e-04  -4.546893e-08  -8.341014e-08  +5.803544e-04  
-1.532090e-07  +3.503703e-08  -1.176544e-06  -1.007208e-06  -2.911629e-06  +1.298066e-07  -6.887320e-07  +4.041213e-07  +4.069969e-09  +1.263325e-06  -1.695683e-06  -1.954032e-07  +7.038041e-07  -1.652874e-04  -1.915255e-07  -1.013079e-07  -4.003551e-04  -9.644048e-08  -6.133223e-08  -4.819312e-05  -7.856732e-08  +5.433515e-08  -4.763298e-05  
+2.186237e-04  -2.213697e-04  -2.671784e-03  +9.168441e-03  +1.413743e-02  -1.583966e-03  -7.607841e-04  +1.011742e-02  +1.922460e-04  -4.872033e-03  -1.784176e-02  +2.840621e-04  -1.652874e-04  +8.776707e-01  -8.579595e-05  +1.465987e-04  +3.134877e-01  +2.187803e-04  -2.264870e-05  +1.876509e+00  -2.291220e-04  +1.842064e-04  +6.514854e-02  
-2.206819e-08  +4.704819e-08  +1.488460e-06  -1.348753e-06  +7.702977e-07  +3.691666e-07  +1.346504e-06  -3.041274e-06  -9.461436e-08  +1.980121e-06  +3.517402e-06  +7.175367e-08  -1.915255e-07  -8.579595e-05  +2.741557e-07  +1.256365e-07  +4.498872e-04  +7.180311e-10  +8.954248e-08  -1.113725e-04  +4.869789e-08  -1.796559e-07  +5.028987e-04  
+2.952805e-09  -9.690520e-08  +1.236775e-06  -7.256802e-07  +6.040958e-06  -2.191602e-07  +8.040513e-07  +6.900478e-07  -6.924754e-08  +2.825060e-06  -2.211429e-06  +2.164032e-07  -1.013079e-07  +1.465987e-04  +1.256365e-07  +4.538363e-07  +3.660678e-04  -7.226095e-08  +3.972086e-08  +5.036563e-04  -5.852818e-08  -1.167379e-07  +7.091590e-04  
+1.882235e-04  +2.675017e-05  +2.034125e-03  +4.965118e-03  +1.170656e-02  -2.121954e-04  +3.945584e-03  +4.105382e-04  -1.881003e-04  +5.616078e-03  -8.707108e-03  +3.605525e-04  -4.003551e-04  +3.134877e-01  +4.498872e-04  +3.660678e-04  +2.069619e+00  +2.967552e-04  +1.409951e-04  +1.235192e+00  +5.236123e-05  -3.117596e-04  +2.009996e+00  
+1.669840e-07  -5.106821e-08  -1.641957e-06  +5.333890e-06  +3.063379e-06  -4.578816e-07  +1.552740e-07  +3.682614e-06  +6.029779e-08  -2.250328e-06  -8.332889e-06  -5.544312e-08  -9.644048e-08  +2.187803e-04  +7.180311e-10  -7.226095e-08  +2.967552e-04  +3.224389e-07  -2.363738e-08  +5.051302e-04  +9.201235e-09  +1.315278e-07  -1.988307e-04  
-4.310142e-08  +6.556260e-08  +5.719161e-07  -1.095834e-06  -6.021493e-08  +3.337882e-07  +7.838025e-07  -1.927279e-06  -3.307144e-08  -1.878975e-07  +3.295644e-06  +7.435763e-08  -6.133223e-08  -2.264870e-05  +8.954248e-08  +3.972086e-08  +1.409951e-04  -2.363738e-08  +1.608457e-07  -1.317298e-04  +4.893545e-08  -9.825407e-08  +2.059898e-04  
-2.830792e-04  +5.336615e-05  -5.975857e-03  +2.392557e-02  +4.191640e-02  -5.244520e-03  -1.249567e-03  +2.731275e-02  +3.982491e-04  -6.158943e-03  -5.662677e-02  +7.233962e-04  -4.819312e-05  +1.876509e+00  -1.113725e-04  +5.036563e-04  +1.235192e+00  +5.051302e-04  -1.317298e-04  +6.110535e+00  -8.691835e-04  +3.659784e-04  +1.655789e+00  
+8.307828e-08  -1.320896e-07  +8.594841e-07  -2.370822e-06  -5.394610e-06  +8.466599e-07  +6.322307e-07  -4.076356e-06  -6.990593e-08  +9.827465e-07  +6.143566e-06  -4.546893e-08  -7.856732e-08  -2.291220e-04  +4.869789e-08  -5.852818e-08  +5.236123e-05  +9.201235e-09  +4.893545e-08  -8.691835e-04  +3.514982e-07  -1.796493e-08  -2.684495e-04  
+1.233914e-07  -1.337571e-07  -2.097259e-06  +3.885249e-06  +7.914077e-07  -5.840540e-07  -1.400128e-06  +4.747395e-06  +1.162987e-07  -2.762478e-06  -7.981673e-06  -8.341014e-08  +5.433515e-08  +1.842064e-04  -1.796559e-07  -1.167379e-07  -3.117596e-04  +1.315278e-07  -9.825407e-08  +3.659784e-04  -1.796493e-08  +3.750161e-07  -6.821254e-04  
-6.762564e-04  +9.308105e-04  +5.415759e-03  -3.468954e-03  +1.541735e-02  -3.950696e-04  +5.092006e-03  -4.135155e-03  -3.840606e-04  +1.549314e-02  -4.233629e-03  +5.803544e-04  -4.763298e-05  +6.514854e-02  +5.028987e-04  +7.091590e-04  +2.009996e+00  -1.988307e-04  +2.059898e-04  +1.655789e+00  -2.684495e-04  -6.821254e-04  +4.326839e+00  
