mean:
+3.910593e+00  +3.897652e+00  +8.446922e-01  +1.298940e+00  +1.445986e+00  +6.014758e-01  +8.289760e-01  +1.405762e+00  +1.571585e-01  +1.903988e+00  +5.855127e+00  +3.483650e+00  +2.611002e+00  +1.988981e+02  +4.262311e+00  +5.275215e+00  +2.855012e+02  +5.350021e+00  +3.757674e+00  +3.221567e+02  +2.640250e+00  +4.559179e+00  +3.926669e+02  
covariance:
+3.398787e-06  -6.802371e-07  +1.254422e-06  +1.164773e-06  -5.082914e-07  +1.597075e-07  +6.343896e-06  -7.425654e-07  -4.007696e-06  +3.380209e-05  -4.818147e-05  +6.338769e-07  -2.882504e-07  -1.838209e-03  -6.003471e-07  +3.288741e-07  +2.463096e-03  +4.768363e-07  +4.786514e-07  +3.313607e-03  -4.847280e-07  +5.313396e-07  +2.063544e-03  
-6.802371e-07  +8.452716e-07  +5.614184e-08  +8.235735e-08  -7.466802e-08  +1.741297e-07  +1.704813e-06  +2.816437e-08  -9.731141e-07  +6.789561e-06  -8.567486e-06  +3.986973e-08  -5.278625e-08  -3.561917e-04  -1.661716e-07  +1.544396e-07  +4.077512e-04  +7.104176e-08  +5.895417e-08  +7.007119e-04  +2.921064e-08  -6.267173e-08  +3.492107e-04  
+1.254422e-06  +5.614184e-08  +1.110847e-05  +4.511276e-06  -2.423587e-06  -3.255917e-06  +2.593869e-06  +4.103871e-06  -2.971079e-06  +3.308475e-05  -5.444199e-05  +9.746568e-07  +7.189446e-07  -3.843279e-03  +6.561868e-07  -7.480414e-07  +4.715138e-03  -6.216272e-09  +9.783208e-07  +3.712497e-03  -5.745643e-07  +6.708324e-07  +3.363181e-04  
+1.164773e-06  +8.235735e-08  +4.511276e-06  +9.791654e-05  +2.557816e-07  -2.240049e-06  +1.274094e-05  -2.687788e-05  -4.853802e-06  +4.064296e-05  -3.226635e-05  +1.672501e-06  +2.972789e-07  +2.018701e-03  -8.260657e-07  -2.317040e-06  -3.339976e-03  -4.955805e-07  +2.519296e-06  +4.230607e-03  +9.235901e-07  +1.443897e-06  +9.269073e-05  
-5.082914e-07  -7.466802e-08  -2.423587e-06  +2.557816e-07  +4.365502e-06  +9.536027e-07  -3.913420e-06  +8.077534e-07  +1.961245e-06  -1.671729e-05  +1.933414e-05  -1.266269e-07  +3.307332e-09  +7.012719e-04  +5.053413e-08  -2.640389e-07  -8.406633e-04  -4.651092e-07  -1.815440e-08  -2.173835e-03  +4.978326e-07  -4.991380e-07  -1.636991e-03  
+1.597075e-07  +1.741297e-07  -3.255917e-06  -2.240049e-06  +9.536027e-07  +2.870970e-06  +3.175724e-06  -2.244005e-06  -1.555656e-06  +9.953802e-06  -6.459641e-06  -4.111467e-08  -4.623529e-07  +3.925827e-04  -7.228036e-07  +4.812385e-07  +3.875055e-06  +3.240733e-07  -2.310172e-07  +4.522378e-05  +2.474616e-07  -2.836433e-07  +1.041976e-03  
+6.343896e-06  +1.704813e-06  +2.593869e-06  +1.274094e-05  -3.913420e-06  +3.175724e-06  +5.584981e-05  -1.492494e-05  -2.461373e-05  +2.004351e-04  -2.533571e-04  +2.128679e-06  -9.670732e-07  -7.313988e-03  -4.475063e-06  +4.124265e-06  +8.018708e-03  +3.319593e-06  +1.536138e-06  +2.166637e-02  -1.286356e-06  +1.003304e-06  +1.331054e-02  
-7.425654e-07  +2.816437e-08  +4.103871e-06  -2.687788e-05  +8.077534e-07  -2.244005e-06  -1.492494e-05  +5.132732e-05  +5.299454e-06  -4.097500e-05  +2.087513e-05  -5.580316e-07  +1.073541e-06  -2.578073e-03  +1.312978e-06  -4.911777e-07  +5.222579e-03  -1.517553e-06  +7.217017e-07  -3.450100e-03  -5.781318e-07  -1.742018e-06  -6.270807e-03  
-4.007696e-06  -9.731141e-07  -2.971079e-06  -4.853802e-06  +1.961245e-06  -1.555656e-06  -2.461373e-05  +5.299454e-06  +1.402460e-05  -1.177090e-04  +1.525408e-04  -1.877937e-06  +1.145211e-06  +5.450791e-03  +2.493461e-06  -1.603646e-06  -7.297283e-03  -1.598873e-06  -1.186693e-06  -1.145623e-02  +9.785975e-07  -1.091651e-06  -7.246517e-03  
+3.380209e-05  +6.789561e-06  +3.308475e-05  +4.064296e-05  -1.671729e-05  +9.953802e-06  +2.004351e-04  -4.097500e-05  -1.177090e-04  +1.062285e-03  -1.432734e-03  +1.811976e-05  -1.159115e-05  -5.385343e-02  -2.189352e-05  +1.168599e-05  +7.340106e-02  +1.316334e-05  +1.178710e-05  +1.018432e-01  -1.026327e-05  +1.239036e-05  +6.327692e-02  
-4.818147e-05  -8.567486e-06  -5.444199e-05  -3.226635e-05  +1.933414e-05  -6.459641e-06  -2.533571e-04  +2.087513e-05  +1.525408e-04  -1.432734e-03  +2.119940e-03  -2.383838e-05  +1.465506e-05  +8.542422e-02  +2.775027e-05  -1.294217e-05  -1.147017e-01  -1.550535e-05  -1.966574e-05  -1.400100e-01  +1.721585e-05  -1.870017e-05  -7.923112e-02  
+6.338769e-07  +3.986973e-08  +9.746568e-07  +1.672501e-06  -1.266269e-07  -4.111467e-08  +2.128679e-06  -5.580316e-07  -1.877937e-06  +1.811976e-05  -2.383838e-05  +8.976517e-07  -3.190499e-07  -1.153487e-03  -2.642628e-07  -8.994946e-09  +1.784835e-03  +6.712202e-08  +2.951760e-07  +1.758233e-03  -2.031675e-07  +2.055704e-07  +9.081468e-04  
-2.882504e-07  -5.278625e-08  +7.189446e-07  +2.972789e-07  +3.307332e-09  -4.623529e-07  -9.670732e-07  +1.073541e-06  +1.145211e-06  -1.159115e-05  +1.465506e-05  -3.190499e-07  +8.039848e-07  +2.582914e-04  +3.859516e-07  -6.712350e-08  -7.865589e-04  -1.537083e-07  -7.732843e-08  -8.761082e-04  +2.582671e-07  -4.305389e-07  -1.056333e-03  
-1.838209e-03  -3.561917e-04  -3.843279e-03  +2.018701e-03  +7.012719e-04  +3.925827e-04  -7.313988e-03  -2.578073e-03  +5.450791e-03  -5.385343e-02  +8.542422e-02  -1.153487e-03  +2.582914e-04  +4.887204e+00  +9.587381e-04  -2.679653e-04  -5.992955e+00  -2.846244e-04  -9.365654e-04  -5.002212e+00  +6.210266e-04  -3.217400e-04  -2.078162e+00  
-6.003471e-07  -1.661716e-07  +6.561868e-07  -8.260657e-07  +5.053413e-08  -7.228036e-07  -4.475063e-06  +1.312978e-06  +2.493461e-06  -2.189352e-05  +2.775027e-05  -2.642628e-07  +3.859516e-07  +9.587381e-04  +1.100813e-06  -3.542794e-07  -1.203639e-03  -2.134353e-07  -1.576367e-07  -1.668287e-03  +1.138139e-07  -9.288725e-08  -1.023774e-03  
+3.288741e-07  +1.544396e-07  -7.480414e-07  -2.317040e-06  -2.640389e-07  +4.812385e-07  +4.124265e-06  -4.911777e-07  -1.603646e-06  +1.168599e-05  -1.294217e-05  -8.994946e-09  -6.712350e-08  -2.679653e-04  -3.542794e-07  +7.217151e-07  +2.970208e-04  +3.966724e-07  -6.919096e-08  +1.369138e-03  -6.510513e-08  -4.038234e-08  +1.098105e-03  
+2.463096e-03  +4.077512e-04  +4.715138e-03  -3.339976e-03  -8.406633e-04  +3.875055e-06  +8.018708e-03  +5.222579e-03  -7.297283e-03  +7.340106e-02  -1.147017e-01  +1.784835e-03  -7.865589e-04  -5.992955e+00  -1.203639e-03  +2.970208e-04  +9.266188e+00  +3.561032e-04  +1.329329e-03  +6.737790e+00  -1.069273e-03  +7.246599e-04  +3.154483e+00  
+4.768363e-07  +7.104176e-08  -6.216272e-09  -4.955805e-07  -4.651092e-07  +3.240733e-07  +3.319593e-06  -1.517553e-06  -1.598873e-06  +1.316334e-05  -1.550535e-05  +6.712202e-08  -1.537083e-07  -2.846244e-04  -2.134353e-07  +3.966724e-07  +3.561032e-04  +7.266459e-07  -5.425756e-08  +1.301500e-03  -9.788039e-08  +3.088437e-07  +1.330698e-03  
+4.786514e-07  +5.895417e-08  +9.783208e-07  +2.519296e-06  -1.815440e-08  -2.310172e-07  +1.536138e-06  +7.217017e-07  -1.186693e-06  +1.178710e-05  -1.966574e-05  +2.951760e-07  -7.732843e-08  -9.365654e-04  -1.576367e-07  -6.919096e-08  +1.329329e-03  -5.425756e-08  +5.109124e-07  +1.164113e-03  -1.416030e-07  +1.869392e-07  +2.622752e-04  
+3.313607e-03  +7.007119e-04  +3.712497e-03  +4.230607e-03  -2.173835e-03  +4.522378e-05  +2.166637e-02  -3.450100e-03  -1.145623e-02  +1.018432e-01  -1.400100e-01  +1.758233e-03  -8.761082e-04  -5.002212e+00  -1.668287e-03  +1.369138e-03  +6.737790e+00  +1.301500e-03  +1.164113e-03  +1.130166e+01  -1.211687e-03  +1.150071e-03  +6.559153e+00  
-4.847280e-07  +2.921064e-08  -5.745643e-07  +9.235901e-07  +4.978326e-07  +2.474616e-07  -1.286356e-06  -5.781318e-07  +9.785975e-07  -1.026327e-05  +1.721585e-05  -2.031675e-07  +2.582671e-07  +6.210266e-04  +1.138139e-07  -6.510513e-08  -1.069273e-03  -9.788039e-08  -1.416030e-07  -1.211687e-03  +5.136624e-07  -3.176640e-07  -7.551438e-04  
+5.313396e-07  -6.267173e-08  +6.708324e-07  +1.443897e-06  -4.991380e-07  -2.836433e-07  +1.003304e-06  -1.742018e-06  -1.091651e-06  +1.239036e-05  -1.870017e-05  +2.055704e-07  -4.305389e-07  -3.217400e-04  -9.288725e-08  -4.038234e-08  +7.246599e-04  +3.088437e-07  +1.869392e-07  +1.150071e-03  -3.176640e-07  +9.245650e-07  +1.179464e-03  
+2.063544e-03  +3.492107e-04  +3.363181e-04  +9.269073e-05  -1.636991e-03  +1.041976e-03  +1.331054e-02  -6.270807e-03  -7.246517e-03  +6.327692e-02  -7.923112e-02  +9.081468e-04  -1.056333e-03  -2.078162e+00  -1.023774e-03  +1.098105e-03  +3.154483e+00  +1.330698e-03  +2.622752e-04  +6.559153e+00  -7.551438e-04  +1.179464e-03  +5.944381e+00  
