mean:
+3.981725e+00  +3.953622e+00  +8.498618e-01  +1.303140e+00  +1.408931e+00  +4.045534e-01  +8.204207e-01  +1.371142e+00  +1.663912e-01  +1.886673e+00  +6.001118e+00  +3.592925e+00  +2.698922e+00  +2.042137e+02  +4.327970e+00  +5.293855e+00  +2.817720e+02  +5.452720e+00  +3.757909e+00  +3.261766e+02  +2.640456e+00  +4.559839e+00  +3.965145e+02  
covariance:
+8.723272e-07  +1.323087e-07  -9.180126e-07  -1.273136e-06  -3.585104e-07  +7.431696e-07  +2.822431e-06  -3.654987e-06  -1.848023e-06  +9.988980e-06  +1.970041e-06  +2.401364e-07  -1.874391e-07  +1.166691e-04  -3.488994e-08  +2.433006e-07  +7.062479e-04  +4.411135e-08  -3.237704e-08  +9.285677e-04  +4.960979e-08  +4.801049e-08  +1.135533e-03  
+1.323087e-07  +8.771284e-07  +8.338845e-07  +7.611350e-07  +4.369065e-07  -8.015242e-08  +1.716978e-07  -4.183364e-07  +6.218496e-08  -3.879842e-07  -5.547278e-07  -1.916261e-08  -8.513018e-09  +4.466215e-05  -2.967577e-08  +1.133212e-08  -1.377763e-04  +4.418241e-10  -2.478018e-08  -2.545871e-05  +4.100863e-09  +5.544814e-08  -2.260336e-04  
-9.180126e-07  +8.338845e-07  +4.275504e-05  +5.366825e-05  +1.054346e-05  -1.175513e-05  -4.144478e-05  -1.208424e-05  +2.281563e-05  -1.395647e-04  -4.075962e-05  -4.077376e-07  +1.175597e-06  +2.102044e-03  +3.546932e-07  -2.918991e-06  -8.456184e-03  +2.718720e-08  -4.558327e-07  -1.411969e-02  -1.488877e-06  +8.578319e-07  -2.222467e-02  
-1.273136e-06  +7.611350e-07  +5.366825e-05  +1.526224e-04  +1.504378e-05  -1.677723e-05  -5.478845e-05  -2.268992e-05  +3.072857e-05  -1.806794e-04  -9.783024e-05  -5.320233e-07  +2.586882e-06  +3.265450e-03  +1.108925e-06  -4.123543e-06  -1.319735e-02  +2.670109e-06  -2.205395e-06  -1.788823e-02  -3.532353e-06  +4.283891e-06  -3.566381e-02  
-3.585104e-07  +4.369065e-07  +1.054346e-05  +1.504378e-05  +2.621560e-05  -4.032886e-07  -4.607323e-07  -8.566373e-06  +9.961911e-07  -5.889584e-06  -1.019062e-05  -1.619399e-07  -5.873959e-07  +1.308075e-03  -1.029568e-06  -9.696894e-07  -1.602858e-03  +1.883734e-07  +2.330132e-07  -2.027410e-03  +6.328257e-07  +2.685835e-07  -2.544683e-03  
+7.431696e-07  -8.015242e-08  -1.175513e-05  -1.677723e-05  -4.032886e-07  +8.245581e-06  +2.978948e-05  -1.987565e-05  -1.695818e-05  +1.026745e-04  +2.789313e-05  +1.836066e-06  -1.343614e-06  +5.292487e-04  -2.372614e-07  +1.954356e-06  +6.456800e-03  +9.581434e-07  -7.279284e-07  +9.319574e-03  +5.318798e-07  -1.903436e-07  +1.124209e-02  
+2.822431e-06  +1.716978e-07  -4.144478e-05  -5.478845e-05  -4.607323e-07  +2.978948e-05  +1.173163e-04  -7.489738e-05  -6.399543e-05  +3.851933e-04  +8.809757e-05  +6.556365e-06  -4.188337e-06  +2.213533e-03  -3.551814e-07  +7.943513e-06  +2.361557e-02  +4.649062e-06  -2.943877e-06  +3.515370e-02  +1.708875e-06  -3.931529e-07  +4.061486e-02  
-3.654987e-06  -4.183364e-07  -1.208424e-05  -2.268992e-05  -8.566373e-06  -1.987565e-05  -7.489738e-05  +2.697636e-04  +4.798545e-05  -2.881493e-04  -8.188929e-05  -8.207055e-06  +7.689998e-06  -6.542450e-03  +8.676753e-07  -3.663522e-06  -2.318794e-02  -5.192339e-06  +2.986610e-06  -2.304623e-02  -1.348478e-06  -2.425443e-07  -1.973112e-02  
-1.848023e-06  +6.218496e-08  +2.281563e-05  +3.072857e-05  +9.961911e-07  -1.695818e-05  -6.399543e-05  +4.798545e-05  +3.729454e-05  -2.235621e-04  -6.039852e-05  -4.128784e-06  +2.971184e-06  -1.065993e-03  +1.689355e-07  -4.228854e-06  -1.410987e-02  -2.290451e-06  +1.664200e-06  -2.035372e-02  -9.509647e-07  +2.227100e-07  -2.353663e-02  
+9.988980e-06  -3.879842e-07  -1.395647e-04  -1.806794e-04  -5.889584e-06  +1.026745e-04  +3.851933e-04  -2.881493e-04  -2.235621e-04  +1.359805e-03  +3.535460e-04  +2.528478e-05  -1.747221e-05  +6.600069e-03  -5.672875e-07  +2.580064e-05  +8.543226e-02  +1.416632e-05  -1.024455e-05  +1.222187e-01  +5.250387e-06  -9.656129e-07  +1.414391e-01  
+1.970041e-06  -5.547278e-07  -4.075962e-05  -9.783024e-05  -1.019062e-05  +2.789313e-05  +8.809757e-05  -8.188929e-05  -6.039852e-05  +3.535460e-04  +2.538305e-04  +6.948271e-06  -1.110156e-05  -3.020899e-03  -2.751374e-06  +3.200839e-06  +2.536107e-02  -5.161559e-07  -1.124890e-06  +3.818938e-02  +4.754802e-06  -3.481024e-06  +4.799502e-02  
+2.401364e-07  -1.916261e-08  -4.077376e-07  -5.320233e-07  -1.619399e-07  +1.836066e-06  +6.556365e-06  -8.207055e-06  -4.128784e-06  +2.528478e-05  +6.948271e-06  +1.183594e-06  -4.357652e-07  +6.929381e-04  +1.010282e-07  +6.228036e-07  +1.698708e-03  +2.792122e-07  -3.530809e-07  +2.026234e-03  -1.907180e-07  +2.227574e-07  +2.145975e-03  
-1.874391e-07  -8.513018e-09  +1.175597e-06  +2.586882e-06  -5.873959e-07  -1.343614e-06  -4.188337e-06  +7.689998e-06  +2.971184e-06  -1.747221e-05  -1.110156e-05  -4.357652e-07  +1.141203e-06  -9.710861e-06  +2.566245e-07  -1.016563e-07  -1.444928e-03  +1.588576e-07  +6.205484e-08  -1.787780e-03  -2.723948e-07  +5.776898e-08  -2.214399e-03  
+1.166691e-04  +4.466215e-05  +2.102044e-03  +3.265450e-03  +1.308075e-03  +5.292487e-04  +2.213533e-03  -6.542450e-03  -1.065993e-03  +6.600069e-03  -3.020899e-03  +6.929381e-04  -9.710861e-06  +1.454938e+00  -7.447207e-05  +3.311157e-04  +3.116812e-01  +2.650138e-04  -1.999708e-04  -1.927923e-01  -3.106837e-04  +4.514159e-04  -1.384338e-02  
-3.488994e-08  -2.967577e-08  +3.546932e-07  +1.108925e-06  -1.029568e-06  -2.372614e-07  -3.551814e-07  +8.676753e-07  +1.689355e-07  -5.672875e-07  -2.751374e-06  +1.010282e-07  +2.566245e-07  -7.447207e-05  +5.822872e-07  +1.813190e-07  -4.333519e-05  +3.079248e-07  -1.266352e-07  -2.238767e-04  -2.448567e-07  +1.608029e-08  -4.989579e-04  
+2.433006e-07  +1.133212e-08  -2.918991e-06  -4.123543e-06  -9.696894e-07  +1.954356e-06  +7.943513e-06  -3.663522e-06  -4.228854e-06  +2.580064e-05  +3.200839e-06  +6.228036e-07  -1.016563e-07  +3.311157e-04  +1.813190e-07  +1.003280e-06  +1.555451e-03  +3.151115e-07  -2.252287e-07  +2.207440e-03  -5.437227e-08  -1.854171e-08  +2.508373e-03  
+7.062479e-04  -1.377763e-04  -8.456184e-03  -1.319735e-02  -1.602858e-03  +6.456800e-03  +2.361557e-02  -2.318794e-02  -1.410987e-02  +8.543226e-02  +2.536107e-02  +1.698708e-03  -1.444928e-03  +3.116812e-01  -4.333519e-05  +1.555451e-03  +6.387944e+00  +8.312151e-04  -5.098104e-04  +8.105394e+00  +4.296119e-04  +8.082936e-05  +9.663490e+00  
+4.411135e-08  +4.418241e-10  +2.718720e-08  +2.670109e-06  +1.883734e-07  +9.581434e-07  +4.649062e-06  -5.192339e-06  -2.290451e-06  +1.416632e-05  -5.161559e-07  +2.792122e-07  +1.588576e-07  +2.650138e-04  +3.079248e-07  +3.151115e-07  +8.312151e-04  +1.176148e-06  -3.463475e-07  +1.195117e-03  -1.125684e-07  +2.214067e-07  +8.644865e-04  
-3.237704e-08  -2.478018e-08  -4.558327e-07  -2.205395e-06  +2.330132e-07  -7.279284e-07  -2.943877e-06  +2.986610e-06  +1.664200e-06  -1.024455e-05  -1.124890e-06  -3.530809e-07  +6.205484e-08  -1.999708e-04  -1.266352e-07  -2.252287e-07  -5.098104e-04  -3.463475e-07  +5.282354e-07  -8.320772e-04  +1.196737e-07  -4.458904e-08  -2.051395e-04  
+9.285677e-04  -2.545871e-05  -1.411969e-02  -1.788823e-02  -2.027410e-03  +9.319574e-03  +3.515370e-02  -2.304623e-02  -2.035372e-02  +1.222187e-01  +3.818938e-02  +2.026234e-03  -1.787780e-03  -1.927923e-01  -2.238767e-04  +2.207440e-03  +8.105394e+00  +1.195117e-03  -8.320772e-04  +1.313106e+01  +8.204691e-04  +1.562543e-04  +1.456974e+01  
+4.960979e-08  +4.100863e-09  -1.488877e-06  -3.532353e-06  +6.328257e-07  +5.318798e-07  +1.708875e-06  -1.348478e-06  -9.509647e-07  +5.250387e-06  +4.754802e-06  -1.907180e-07  -2.723948e-07  -3.106837e-04  -2.448567e-07  -5.437227e-08  +4.296119e-04  -1.125684e-07  +1.196737e-07  +8.204691e-04  +5.863880e-07  -1.359236e-07  +1.331577e-03  
+4.801049e-08  +5.544814e-08  +8.578319e-07  +4.283891e-06  +2.685835e-07  -1.903436e-07  -3.931529e-07  -2.425443e-07  +2.227100e-07  -9.656129e-07  -3.481024e-06  +2.227574e-07  +5.776898e-08  +4.514159e-04  +1.608029e-08  -1.854171e-08  +8.082936e-05  +2.214067e-07  -4.458904e-08  +1.562543e-04  -1.359236e-07  +8.903387e-07  +3.789219e-04  
+1.135533e-03  -2.260336e-04  -2.222467e-02  -3.566381e-02  -2.544683e-03  +1.124209e-02  +4.061486e-02  -1.973112e-02  -2.353663e-02  +1.414391e-01  +4.799502e-02  +2.145975e-03  -2.214399e-03  -1.384338e-02  -4.989579e-04  +2.508373e-03  +9.663490e+00  +8.644865e-04  -2.051395e-04  +1.456974e+01  +1.331577e-03  +3.789219e-04  +2.084756e+01  
