mean:
+3.944372e+00  +3.934698e+00  +8.509016e-01  +1.390857e+00  +1.424414e+00  +5.005622e-01  +7.977196e-01  +1.379239e+00  +1.738794e-01  +1.810440e+00  +6.005059e+00  +3.546481e+00  +2.642200e+00  +1.962064e+02  +4.273499e+00  +5.296402e+00  +2.736938e+02  +5.394251e+00  +3.763991e+00  +3.252461e+02  +2.640423e+00  +4.559956e+00  +3.905783e+02  
covariance:
+9.998903e-06  -3.768762e-06  -2.199408e-06  +2.075979e-05  -1.107345e-06  -7.846042e-07  +3.021335e-06  -1.480496e-05  +5.308526e-06  -1.486333e-05  +2.328543e-05  -6.575475e-08  -7.790096e-07  -1.066496e-04  -4.223445e-06  +1.713927e-06  -7.633000e-04  +5.228303e-07  -3.065819e-06  +2.713078e-03  +4.093432e-07  +6.112002e-07  +5.647281e-04  
-3.768762e-06  +4.506160e-06  -1.418011e-06  -1.370561e-05  +1.487316e-06  +4.704061e-07  -6.468694e-09  -1.617127e-06  -1.394675e-06  +2.192695e-06  -7.467705e-06  -3.716929e-07  +5.485826e-06  +4.668014e-04  +9.078171e-06  -5.518559e-07  +6.793455e-05  +2.082476e-06  +5.710665e-06  -1.100362e-03  +2.976590e-07  -2.101204e-07  -1.992596e-04  
-2.199408e-06  -1.418011e-06  +4.697002e-05  +5.441292e-05  +8.124692e-06  -2.260478e-06  -1.624324e-05  +9.745889e-05  -7.531924e-06  +8.401293e-05  -5.865307e-05  +4.876141e-06  -7.020670e-05  -6.881202e-03  -9.689123e-05  -3.153891e-06  +2.901256e-03  -3.209975e-05  -5.782243e-05  -4.573049e-03  -7.212512e-06  -2.059914e-06  -2.380344e-03  
+2.075979e-05  -1.370561e-05  +5.441292e-05  +3.031444e-04  +3.899242e-06  +2.907215e-06  -3.131318e-05  +1.904412e-04  -6.245910e-06  +1.897181e-04  -1.356723e-04  +9.454732e-06  -1.717092e-04  -1.002999e-02  -2.320594e-04  -5.798185e-07  +5.651569e-03  -7.314548e-05  -1.411559e-04  -9.966615e-03  -1.269035e-05  +4.612404e-08  -1.355049e-03  
-1.107345e-06  +1.487316e-06  +8.124692e-06  +3.899242e-06  +1.455251e-04  -3.064584e-06  -1.144838e-05  -7.167195e-05  +5.995373e-06  -3.565916e-05  -5.801398e-06  -9.208992e-07  +2.690015e-05  +1.064932e-02  +1.570462e-05  +4.253592e-06  -9.910782e-03  +6.094003e-06  +5.907206e-06  +2.642994e-03  -8.196042e-07  +6.077853e-07  -2.709375e-04  
-7.846042e-07  +4.704061e-07  -2.260478e-06  +2.907215e-06  -3.064584e-06  +3.056513e-06  -2.211442e-07  -5.010228e-07  -1.838460e-06  +1.441336e-05  -9.735278e-06  -7.374752e-08  -2.364108e-06  +1.021171e-04  -1.953732e-06  +8.008127e-08  -6.812968e-06  -1.099339e-06  -2.959959e-08  -1.325200e-03  +3.469133e-07  +2.952478e-07  -6.358677e-04  
+3.021335e-06  -6.468694e-09  -1.624324e-05  -3.131318e-05  -1.144838e-05  -2.211442e-07  +4.029647e-05  +1.668085e-05  +1.707036e-07  -3.082814e-05  -2.775481e-05  -3.892072e-06  +3.878381e-05  +7.396639e-03  +6.103946e-05  +3.205443e-06  -1.045440e-03  +2.060751e-05  +3.800919e-05  -4.662208e-03  +4.038929e-06  +7.858362e-07  -2.857892e-03  
-1.480496e-05  -1.617127e-06  +9.745889e-05  +1.904412e-04  -7.167195e-05  -5.010228e-07  +1.668085e-05  +7.909574e-04  -4.796360e-05  +4.208866e-04  -5.393236e-04  +9.527833e-06  -2.382628e-04  -1.338512e-02  -2.511271e-04  -1.575137e-05  +2.895324e-02  -9.897035e-05  -1.472897e-04  -5.301971e-02  -2.086214e-05  -3.583408e-06  -1.292631e-02  
+5.308526e-06  -1.394675e-06  -7.531924e-06  -6.245910e-06  +5.995373e-06  -1.838460e-06  +1.707036e-07  -4.796360e-05  +7.727304e-06  -4.404374e-05  +4.188799e-05  -8.911512e-07  +1.681012e-05  +1.051053e-03  +1.762236e-05  +1.560116e-06  -2.005258e-03  +7.610939e-06  +9.331446e-06  +4.742348e-03  +1.519910e-06  +2.901461e-07  +1.050111e-03  
-1.486333e-05  +2.192695e-06  +8.401293e-05  +1.897181e-04  -3.565916e-05  +1.441336e-05  -3.082814e-05  +4.208866e-04  -4.404374e-05  +4.061636e-04  -3.464991e-04  +1.182749e-05  -2.109360e-04  -1.579430e-02  -2.535573e-04  -1.176711e-05  +1.674079e-02  -9.481147e-05  -1.448102e-04  -3.529296e-02  -1.774704e-05  -1.407298e-06  -7.986349e-03  
+2.328543e-05  -7.467705e-06  -5.865307e-05  -1.356723e-04  -5.801398e-06  -9.735278e-06  -2.775481e-05  -5.393236e-04  +4.188799e-05  -3.464991e-04  +6.221017e-04  -2.149451e-06  +1.349281e-04  -9.265732e-03  +1.243855e-04  +1.073408e-05  -9.576264e-03  +5.499370e-05  +7.123320e-05  +5.856754e-02  +1.199573e-05  +6.354126e-07  +2.029680e-02  
-6.575475e-08  -3.716929e-07  +4.876141e-06  +9.454732e-06  -9.208992e-07  -7.374752e-08  -3.892072e-06  +9.527833e-06  -8.911512e-07  +1.182749e-05  -2.149451e-06  +1.892282e-06  -1.065625e-05  -1.703165e-03  -1.545371e-05  -3.440095e-07  +9.777310e-04  -5.753537e-06  -8.929268e-06  -5.720518e-05  -1.176915e-06  -6.380491e-07  +4.385428e-04  
-7.790096e-07  +5.485826e-06  -7.020670e-05  -1.717092e-04  +2.690015e-05  -2.364108e-06  +3.878381e-05  -2.382628e-04  +1.681012e-05  -2.109360e-04  +1.349281e-04  -1.065625e-05  +1.773947e-04  +1.922296e-02  +2.308568e-04  +7.602676e-06  -1.203259e-02  +7.906338e-05  +1.357733e-04  +1.125036e-02  +1.355198e-05  +3.652485e-06  +3.124249e-03  
-1.066496e-04  +4.668014e-04  -6.881202e-03  -1.002999e-02  +1.064932e-02  +1.021171e-04  +7.396639e-03  -1.338512e-02  +1.051053e-03  -1.579430e-02  -9.265732e-03  -1.703165e-03  +1.922296e-02  +5.285937e+00  +2.610274e-02  +1.337354e-03  -2.953310e+00  +9.448577e-03  +1.512748e-02  -8.332824e-01  +1.507247e-03  +8.615243e-04  -4.399693e-01  
-4.223445e-06  +9.078171e-06  -9.689123e-05  -2.320594e-04  +1.570462e-05  -1.953732e-06  +6.103946e-05  -2.511271e-04  +1.762236e-05  -2.535573e-04  +1.243855e-04  -1.545371e-05  +2.308568e-04  +2.610274e-02  +3.138623e-04  +8.458115e-06  -1.341903e-02  +1.049201e-04  +1.851162e-04  +8.548839e-03  +1.839413e-05  +5.245417e-06  +2.430108e-03  
+1.713927e-06  -5.518559e-07  -3.153891e-06  -5.798185e-07  +4.253592e-06  +8.008127e-08  +3.205443e-06  -1.575137e-05  +1.560116e-06  -1.176711e-05  +1.073408e-05  -3.440095e-07  +7.602676e-06  +1.337354e-03  +8.458115e-06  +1.472118e-06  -1.121671e-03  +3.592890e-06  +5.072145e-06  +1.026307e-03  +7.013279e-07  +1.873813e-07  +1.439072e-04  
-7.633000e-04  +6.793455e-05  +2.901256e-03  +5.651569e-03  -9.910782e-03  -6.812968e-06  -1.045440e-03  +2.895324e-02  -2.005258e-03  +1.674079e-02  -9.576264e-03  +9.777310e-04  -1.203259e-02  -2.953310e+00  -1.341903e-02  -1.121671e-03  +3.425394e+00  -6.035014e-03  -7.444329e-03  -1.392541e+00  -1.073531e-03  -5.256450e-04  +7.631578e-03  
+5.228303e-07  +2.082476e-06  -3.209975e-05  -7.314548e-05  +6.094003e-06  -1.099339e-06  +2.060751e-05  -9.897035e-05  +7.610939e-06  -9.481147e-05  +5.499370e-05  -5.753537e-06  +7.906338e-05  +9.448577e-03  +1.049201e-04  +3.592890e-06  -6.035014e-03  +3.728575e-05  +6.132749e-05  +4.553078e-03  +6.536474e-06  +2.060762e-06  +9.540024e-04  
-3.065819e-06  +5.710665e-06  -5.782243e-05  -1.411559e-04  +5.907206e-06  -2.959959e-08  +3.800919e-05  -1.472897e-04  +9.331446e-06  -1.448102e-04  +7.123320e-05  -8.929268e-06  +1.357733e-04  +1.512748e-02  +1.851162e-04  +5.072145e-06  -7.444329e-03  +6.132749e-05  +1.106176e-04  +4.489914e-03  +1.105189e-05  +2.718913e-06  +9.898864e-04  
+2.713078e-03  -1.100362e-03  -4.573049e-03  -9.966615e-03  +2.642994e-03  -1.325200e-03  -4.662208e-03  -5.301971e-02  +4.742348e-03  -3.529296e-02  +5.856754e-02  -5.720518e-05  +1.125036e-02  -8.332824e-01  +8.548839e-03  +1.026307e-03  -1.392541e+00  +4.553078e-03  +4.489914e-03  +6.683862e+00  +1.022842e-03  +1.066120e-04  +1.963138e+00  
+4.093432e-07  +2.976590e-07  -7.212512e-06  -1.269035e-05  -8.196042e-07  +3.469133e-07  +4.038929e-06  -2.086214e-05  +1.519910e-06  -1.774704e-05  +1.199573e-05  -1.176915e-06  +1.355198e-05  +1.507247e-03  +1.839413e-05  +7.013279e-07  -1.073531e-03  +6.536474e-06  +1.105189e-05  +1.022842e-03  +1.713419e-06  +3.330291e-07  +1.086387e-04  
+6.112002e-07  -2.101204e-07  -2.059914e-06  +4.612404e-08  +6.077853e-07  +2.952478e-07  +7.858362e-07  -3.583408e-06  +2.901461e-07  -1.407298e-06  +6.354126e-07  -6.380491e-07  +3.652485e-06  +8.615243e-04  +5.245417e-06  +1.873813e-07  -5.256450e-04  +2.060762e-06  +2.718913e-06  +1.066120e-04  +3.330291e-07  +9.409753e-07  -1.150701e-04  
+5.647281e-04  -1.992596e-04  -2.380344e-03  -1.355049e-03  -2.709375e-04  -6.358677e-04  -2.857892e-03  -1.292631e-02  +1.050111e-03  -7.986349e-03  +2.029680e-02  +4.385428e-04  +3.124249e-03  -4.399693e-01  +2.430108e-03  +1.439072e-04  +7.631578e-03  +9.540024e-04  +9.898864e-04  +1.963138e+00  +1.086387e-04  -1.150701e-04  +1.996757e+00  
