mean:
+4.020979e+00  +3.945808e+00  +5.809029e-01  +2.010393e+00  +1.184322e+00  +4.015265e-01  +8.494016e-01  +2.259288e+00  +4.527811e-02  +3.886616e+00  +5.945525e+00  +4.477016e+00  +3.301477e+00  +3.246795e+02  +2.490782e+00  +3.690678e+00  +4.573556e+02  +4.639504e+00  +4.959541e+00  +8.013860e+02  +3.992802e+00  +5.121472e+00  +4.387515e+02  
covariance:
+1.769186e-05  -1.092979e-05  +1.315871e-05  +8.524396e-06  -2.222141e-05  -7.005483e-06  -5.842763e-05  -4.539201e-05  +4.197578e-06  -4.057645e-05  +1.063968e-06  -6.256405e-07  -1.599184e-06  +2.011508e-04  -3.897894e-06  -3.142950e-06  -1.323735e-02  +4.944215e-07  -3.720252e-07  -2.048034e-03  +8.105570e-06  -3.959126e-06  -8.420772e-03  
-1.092979e-05  +8.732886e-06  -8.186859e-06  -5.825137e-06  +1.518871e-05  +4.472814e-06  +3.791779e-05  +2.937177e-05  -2.655842e-06  +2.780734e-05  -1.050557e-05  +3.664880e-07  +9.818913e-07  -4.468517e-04  +2.853672e-06  +2.033311e-06  +8.555359e-03  -3.229493e-07  +2.465033e-07  +6.180412e-04  -6.105885e-06  +2.671406e-06  +5.755779e-03  
+1.315871e-05  -8.186859e-06  +2.024321e-05  +4.953722e-06  -2.411232e-05  -8.929301e-06  -6.994648e-05  -4.470607e-05  +4.901142e-06  -5.366537e-05  +2.272104e-05  -1.176864e-06  -1.814042e-06  -1.659555e-03  -2.567608e-06  -4.649960e-06  -1.569320e-02  +4.299211e-07  -2.494227e-07  -2.181061e-03  +1.046338e-05  -4.799087e-06  -1.171419e-02  
+8.524396e-06  -5.825137e-06  +4.953722e-06  +3.584364e-05  -1.712604e-05  -1.270826e-06  -2.698292e-05  -2.807211e-05  +1.958915e-06  -2.206902e-05  +1.981073e-05  -1.312514e-06  +6.094364e-07  +2.043783e-03  -3.540745e-06  +2.200371e-07  -5.891868e-03  +1.145436e-06  +4.127127e-07  +8.839998e-04  +9.875003e-06  -1.436688e-06  -5.366161e-03  
-2.222141e-05  +1.518871e-05  -2.411232e-05  -1.712604e-05  +5.280591e-05  +1.308860e-05  +1.137226e-04  +8.746799e-05  -7.685936e-06  +8.562107e-05  -3.448651e-05  +1.554290e-06  +2.531120e-06  +6.399175e-04  +8.035716e-06  +6.230560e-06  +2.567554e-02  -1.254371e-06  +4.208323e-07  +1.625106e-03  -1.866268e-05  +7.117036e-06  +1.880254e-02  
-7.005483e-06  +4.472814e-06  -8.929301e-06  -1.270826e-06  +1.308860e-05  +4.806596e-06  +3.573387e-05  +2.453137e-05  -2.457049e-06  +2.664235e-05  -6.344707e-06  +4.348854e-07  +9.582541e-07  +7.659510e-04  +1.662345e-06  +2.249287e-06  +8.032207e-03  -1.653406e-07  +1.767797e-07  +1.069629e-03  -4.585670e-06  +2.390245e-06  +5.904831e-03  
-5.842763e-05  +3.791779e-05  -6.994648e-05  -2.698292e-05  +1.137226e-04  +3.573387e-05  +2.979749e-04  +2.102704e-04  -2.032285e-05  +2.231608e-04  -8.229407e-05  +3.899109e-06  +7.011191e-06  +3.785811e-03  +1.679591e-05  +1.830844e-05  +6.782070e-02  -2.819351e-06  +1.036116e-06  +8.136144e-03  -4.499871e-05  +1.898956e-05  +4.794005e-02  
-4.539201e-05  +2.937177e-05  -4.470607e-05  -2.807211e-05  +8.746799e-05  +2.453137e-05  +2.102704e-04  +1.700068e-04  -1.441207e-05  +1.557737e-04  -4.076538e-05  +2.476789e-06  +4.675407e-06  +7.105322e-04  +1.463949e-05  +1.165782e-05  +4.779254e-02  -2.254098e-06  +9.809404e-07  +4.983843e-03  -3.212321e-05  +1.361902e-05  +3.330947e-02  
+4.197578e-06  -2.655842e-06  +4.901142e-06  +1.958915e-06  -7.685936e-06  -2.457049e-06  -2.032285e-05  -1.441207e-05  +1.442954e-06  -1.521660e-05  +5.032084e-06  -2.806536e-07  -4.943803e-07  -2.481670e-04  -1.110928e-06  -1.236636e-06  -4.615086e-03  +1.776347e-07  -7.737491e-08  -5.885924e-04  +3.068537e-06  -1.317915e-06  -3.251536e-03  
-4.057645e-05  +2.780734e-05  -5.366537e-05  -2.206902e-05  +8.562107e-05  +2.664235e-05  +2.231608e-04  +1.557737e-04  -1.521660e-05  +1.752682e-04  -8.856100e-05  +3.077077e-06  +4.873379e-06  +2.767599e-03  +1.240731e-05  +1.383433e-05  +5.063685e-02  -2.125708e-06  +7.363872e-07  +4.590119e-03  -3.658826e-05  +1.447756e-05  +3.723261e-02  
+1.063968e-06  -1.050557e-05  +2.272104e-05  +1.981073e-05  -3.448651e-05  -6.344707e-06  -8.229407e-05  -4.076538e-05  +5.032084e-06  -8.856100e-05  +2.166897e-04  -2.218904e-06  +6.099767e-07  +1.717614e-04  -5.354472e-06  -6.433777e-06  -1.890220e-02  +2.020151e-06  +5.948679e-07  +6.192865e-03  +2.979187e-05  -6.099438e-06  -1.937910e-02  
-6.256405e-07  +3.664880e-07  -1.176864e-06  -1.312514e-06  +1.554290e-06  +4.348854e-07  +3.899109e-06  +2.476789e-06  -2.806536e-07  +3.077077e-06  -2.218904e-06  +2.291998e-07  +1.674632e-09  +1.073769e-04  +1.494320e-07  +2.138404e-07  +9.023755e-04  -8.986647e-08  -2.153977e-08  +9.244032e-05  -7.711218e-07  +2.274832e-07  +7.459890e-04  
-1.599184e-06  +9.818913e-07  -1.814042e-06  +6.094364e-07  +2.531120e-06  +9.582541e-07  +7.011191e-06  +4.675407e-06  -4.943803e-07  +4.873379e-06  +6.099767e-07  +1.674632e-09  +4.931683e-07  +9.386219e-05  +3.345838e-07  +4.769735e-07  +1.555846e-03  +3.401081e-08  +9.749081e-08  +2.771597e-04  -7.868837e-07  +4.226383e-07  +9.863286e-04  
+2.011508e-04  -4.468517e-04  -1.659555e-03  +2.043783e-03  +6.399175e-04  +7.659510e-04  +3.785811e-03  +7.105322e-04  -2.481670e-04  +2.767599e-03  +1.717614e-04  +1.073769e-04  +9.386219e-05  +8.561977e-01  -3.552513e-04  +4.543295e-04  +7.938494e-01  +2.513085e-05  +1.444304e-05  +2.943154e-01  +2.394330e-04  +2.177543e-04  +7.856981e-01  
-3.897894e-06  +2.853672e-06  -2.567608e-06  -3.540745e-06  +8.035716e-06  +1.662345e-06  +1.679591e-05  +1.463949e-05  -1.110928e-06  +1.240731e-05  -5.354472e-06  +1.494320e-07  +3.345838e-07  -3.552513e-04  +1.768486e-06  +7.933872e-07  +3.894127e-03  -3.174123e-07  +8.903538e-08  +1.495523e-04  -3.087322e-06  +1.004296e-06  +2.560693e-03  
-3.142950e-06  +2.033311e-06  -4.649960e-06  +2.200371e-07  +6.230560e-06  +2.249287e-06  +1.830844e-05  +1.165782e-05  -1.236636e-06  +1.383433e-05  -6.433777e-06  +2.138404e-07  +4.769735e-07  +4.543295e-04  +7.933872e-07  +1.396933e-06  +4.185019e-03  -1.608659e-07  +5.634396e-08  +5.872862e-04  -2.596939e-06  +1.173098e-06  +2.860970e-03  
-1.323735e-02  +8.555359e-03  -1.569320e-02  -5.891868e-03  +2.567554e-02  +8.032207e-03  +6.782070e-02  +4.779254e-02  -4.615086e-03  +5.063685e-02  -1.890220e-02  +9.023755e-04  +1.555846e-03  +7.938494e-01  +3.894127e-03  +4.185019e-03  +1.570946e+01  -6.713442e-04  +2.240063e-04  +2.009569e+00  -1.031544e-02  +4.285695e-03  +1.082408e+01  
+4.944215e-07  -3.229493e-07  +4.299211e-07  +1.145436e-06  -1.254371e-06  -1.653406e-07  -2.819351e-06  -2.254098e-06  +1.776347e-07  -2.125708e-06  +2.020151e-06  -8.986647e-08  +3.401081e-08  +2.513085e-05  -3.174123e-07  -1.608659e-07  -6.713442e-04  +2.359024e-07  +5.289251e-09  -1.359856e-05  +6.942344e-07  -1.072366e-07  -4.153082e-04  
-3.720252e-07  +2.465033e-07  -2.494227e-07  +4.127127e-07  +4.208323e-07  +1.767797e-07  +1.036116e-06  +9.809404e-07  -7.737491e-08  +7.363872e-07  +5.948679e-07  -2.153977e-08  +9.749081e-08  +1.444304e-05  +8.903538e-08  +5.634396e-08  +2.240063e-04  +5.289251e-09  +1.248657e-07  +6.439102e-05  +2.568187e-08  +9.137787e-08  +1.172943e-04  
-2.048034e-03  +6.180412e-04  -2.181061e-03  +8.839998e-04  +1.625106e-03  +1.069629e-03  +8.136144e-03  +4.983843e-03  -5.885924e-04  +4.590119e-03  +6.192865e-03  +9.244032e-05  +2.771597e-04  +2.943154e-01  +1.495523e-04  +5.872862e-04  +2.009569e+00  -1.359856e-05  +6.439102e-05  +1.122463e+00  -3.012740e-04  +4.525701e-04  +9.030870e-01  
+8.105570e-06  -6.105885e-06  +1.046338e-05  +9.875003e-06  -1.866268e-05  -4.585670e-06  -4.499871e-05  -3.212321e-05  +3.068537e-06  -3.658826e-05  +2.979187e-05  -7.711218e-07  -7.868837e-07  +2.394330e-04  -3.087322e-06  -2.596939e-06  -1.031544e-02  +6.942344e-07  +2.568187e-08  -3.012740e-04  +9.752097e-06  -2.883408e-06  -7.643189e-03  
-3.959126e-06  +2.671406e-06  -4.799087e-06  -1.436688e-06  +7.117036e-06  +2.390245e-06  +1.898956e-05  +1.361902e-05  -1.317915e-06  +1.447756e-05  -6.099438e-06  +2.274832e-07  +4.226383e-07  +2.177543e-04  +1.004296e-06  +1.173098e-06  +4.285695e-03  -1.072366e-07  +9.137787e-08  +4.525701e-04  -2.883408e-06  +1.422291e-06  +3.134102e-03  
-8.420772e-03  +5.755779e-03  -1.171419e-02  -5.366161e-03  +1.880254e-02  +5.904831e-03  +4.794005e-02  +3.330947e-02  -3.251536e-03  +3.723261e-02  -1.937910e-02  +7.459890e-04  +9.863286e-04  +7.856981e-01  +2.560693e-03  +2.860970e-03  +1.082408e+01  -4.153082e-04  +1.172943e-04  +9.030870e-01  -7.643189e-03  +3.134102e-03  +8.453596e+00  
