mean:
+4.018350e+00  +3.960419e+00  +8.605629e-01  +1.309956e+00  +1.228659e+00  +5.058996e-01  +8.255338e-01  +1.397692e+00  +1.750500e-01  +1.907858e+00  +5.744593e+00  +3.660296e+00  +2.856397e+00  +2.127685e+02  +4.309970e+00  +5.128202e+00  +2.916176e+02  +5.253249e+00  +3.797374e+00  +3.343649e+02  +2.879567e+00  +4.480473e+00  +4.029355e+02  
covariance:
+2.621920e-06  -3.291440e-08  +3.146210e-07  -1.939285e-06  +1.045549e-07  -2.109483e-06  -1.103593e-06  -6.455416e-06  +2.803822e-06  -2.148996e-05  +9.180653e-05  -1.954283e-07  +5.578416e-07  -2.247756e-03  +2.409104e-07  -8.493305e-07  -3.873574e-03  +1.152118e-07  +4.697872e-07  -4.688000e-03  -1.392532e-08  -1.086724e-07  -4.145130e-03  
-3.291440e-08  +2.085910e-06  -2.708832e-07  +2.401434e-06  -9.144940e-08  -1.893528e-07  -5.451755e-07  -1.235843e-06  +5.739175e-08  +1.868965e-07  +6.573492e-06  +5.972572e-08  -2.598598e-08  -1.211271e-04  -4.900458e-08  +2.320936e-08  -3.479578e-04  -5.035115e-08  -8.949164e-08  -3.447538e-04  -6.915404e-08  -6.843374e-08  -3.021967e-04  
+3.146210e-07  -2.708832e-07  +2.322104e-05  +6.453503e-06  +4.891613e-07  -1.375774e-06  -1.133849e-05  +3.087004e-07  -4.761091e-06  +4.076867e-05  +1.318813e-05  -6.451191e-07  -2.894792e-07  +2.063891e-03  -4.482036e-07  -1.641247e-06  +9.515431e-03  -9.876298e-07  +2.637627e-07  +4.968760e-03  +8.350852e-07  -6.145632e-07  +4.536001e-03  
-1.939285e-06  +2.401434e-06  +6.453503e-06  +2.647237e-04  +3.614257e-06  -6.698291e-06  +7.647504e-06  -1.017231e-04  -3.247048e-05  +1.634469e-04  +3.147800e-04  +1.547981e-06  +6.210816e-06  -9.074740e-04  -2.685234e-07  +9.830656e-07  +1.108399e-02  -3.240337e-06  -2.100719e-06  +2.438381e-02  +2.756171e-06  -4.075736e-06  -6.865829e-03  
+1.045549e-07  -9.144940e-08  +4.891613e-07  +3.614257e-06  +2.789609e-06  -1.227699e-07  +1.983857e-07  -3.092059e-06  +2.958439e-07  -2.502812e-06  +1.573153e-05  +2.641798e-08  +1.668235e-07  -2.667832e-04  +6.165929e-08  -3.427406e-07  +6.572300e-05  -2.278110e-07  -1.300293e-08  +7.847905e-05  +2.930371e-07  -4.296446e-07  -1.135840e-03  
-2.109483e-06  -1.893528e-07  -1.375774e-06  -6.698291e-06  -1.227699e-07  +7.263498e-06  +2.833570e-07  +1.636993e-05  -2.016937e-06  +2.747458e-05  -2.082490e-04  +8.305211e-07  -1.955601e-06  +4.536971e-03  -3.990110e-07  +1.761213e-06  +8.618290e-03  -9.068281e-08  -5.969488e-07  +9.451512e-03  -1.131231e-07  +2.207902e-07  +8.922083e-03  
-1.103593e-06  -5.451755e-07  -1.133849e-05  +7.647504e-06  +1.983857e-07  +2.833570e-07  +2.534123e-05  +3.529473e-06  -3.284420e-06  -4.959838e-06  -5.397376e-05  -5.744331e-08  +1.981326e-07  -3.953304e-05  +7.821249e-07  -6.350784e-08  -4.450561e-03  +1.837803e-07  -1.614094e-06  -1.755764e-03  +1.336044e-06  +4.747860e-07  -3.081702e-03  
-6.455416e-06  -1.235843e-06  +3.087004e-07  -1.017231e-04  -3.092059e-06  +1.636993e-05  +3.529473e-06  +1.901531e-04  -4.999141e-06  +8.702692e-05  -8.122218e-04  +1.263123e-06  -5.033914e-06  +1.691892e-02  +2.004157e-07  +4.724063e-06  +2.055128e-02  +2.561868e-06  -1.742951e-06  +2.051358e-02  -8.091292e-07  +3.932542e-06  +3.597629e-02  
+2.803822e-06  +5.739175e-08  -4.761091e-06  -3.247048e-05  +2.958439e-07  -2.016937e-06  -3.284420e-06  -4.999141e-06  +1.434941e-05  -9.042726e-05  +1.257670e-04  +8.794750e-09  +2.593701e-07  -5.202802e-03  +8.895432e-07  -1.682148e-06  -1.171630e-02  +3.511820e-07  +1.229967e-06  -1.313500e-02  -5.768471e-07  -5.859935e-08  -9.404969e-03  
-2.148996e-05  +1.868965e-07  +4.076867e-05  +1.634469e-04  -2.502812e-06  +2.747458e-05  -4.959838e-06  +8.702692e-05  -9.042726e-05  +6.516530e-04  -1.326483e-03  +1.544733e-06  -6.644610e-06  +4.597776e-02  -7.572797e-06  +1.512395e-05  +9.781336e-02  -2.670334e-06  -8.048460e-06  +1.057768e-01  +1.797433e-06  +1.681997e-06  +8.688570e-02  
+9.180653e-05  +6.573492e-06  +1.318813e-05  +3.147800e-04  +1.573153e-05  -2.082490e-04  -5.397376e-05  -8.122218e-04  +1.257670e-04  -1.326483e-03  +8.613276e-03  -1.866301e-05  +6.253792e-05  -1.939451e-01  +1.510369e-05  -6.430097e-05  -2.974077e-01  +3.947909e-06  +3.092382e-05  -3.367676e-01  +1.706566e-06  -2.681845e-05  -3.676797e-01  
-1.954283e-07  +5.972572e-08  -6.451191e-07  +1.547981e-06  +2.641798e-08  +8.305211e-07  -5.744331e-08  +1.263123e-06  +8.794750e-09  +1.544733e-06  -1.866301e-05  +8.484649e-07  -2.086575e-07  +4.471202e-04  -1.363974e-07  +1.942348e-07  +3.766218e-04  -1.342842e-07  -1.356696e-07  +6.668208e-04  -1.466629e-07  +5.098250e-08  +5.750441e-04  
+5.578416e-07  -2.598598e-08  -2.894792e-07  +6.210816e-06  +1.668235e-07  -1.955601e-06  +1.981326e-07  -5.033914e-06  +2.593701e-07  -6.644610e-06  +6.253792e-05  -2.086575e-07  +1.170126e-06  -1.544517e-03  +1.789894e-07  -5.458426e-07  -2.590592e-03  +1.156367e-07  +2.381088e-07  -2.314785e-03  +4.329544e-08  -8.682151e-08  -2.519274e-03  
-2.247756e-03  -1.211271e-04  +2.063891e-03  -9.074740e-04  -2.667832e-04  +4.536971e-03  -3.953304e-05  +1.691892e-02  -5.202802e-03  +4.597776e-02  -1.939451e-01  +4.471202e-04  -1.544517e-03  +5.848349e+00  -6.651488e-04  +1.725245e-03  +8.838630e+00  -3.739142e-04  -7.576845e-04  +9.483403e+00  -2.400454e-05  +6.725587e-04  +9.390382e+00  
+2.409104e-07  -4.900458e-08  -4.482036e-07  -2.685234e-07  +6.165929e-08  -3.990110e-07  +7.821249e-07  +2.004157e-07  +8.895432e-07  -7.572797e-06  +1.510369e-05  -1.363974e-07  +1.789894e-07  -6.651488e-04  +5.229751e-07  -2.790980e-07  -1.070025e-03  +3.690949e-08  +1.061683e-07  -8.883799e-04  +1.201351e-07  -2.528245e-10  -8.478957e-04  
-8.493305e-07  +2.320936e-08  -1.641247e-06  +9.830656e-07  -3.427406e-07  +1.761213e-06  -6.350784e-08  +4.724063e-06  -1.682148e-06  +1.512395e-05  -6.430097e-05  +1.942348e-07  -5.458426e-07  +1.725245e-03  -2.790980e-07  +1.360454e-06  +2.439329e-03  +5.954398e-08  -1.196370e-07  +3.324987e-03  -1.718696e-07  +3.101198e-07  +3.195772e-03  
-3.873574e-03  -3.479578e-04  +9.515431e-03  +1.108399e-02  +6.572300e-05  +8.618290e-03  -4.450561e-03  +2.055128e-02  -1.171630e-02  +9.781336e-02  -2.974077e-01  +3.766218e-04  -2.590592e-03  +8.838630e+00  -1.070025e-03  +2.439329e-03  +2.112371e+01  -7.086478e-04  -1.035075e-03  +2.100847e+01  +4.375968e-04  -9.304080e-05  +1.757973e+01  
+1.152118e-07  -5.035115e-08  -9.876298e-07  -3.240337e-06  -2.278110e-07  -9.068281e-08  +1.837803e-07  +2.561868e-06  +3.511820e-07  -2.670334e-06  +3.947909e-06  -1.342842e-07  +1.156367e-07  -3.739142e-04  +3.690949e-08  +5.954398e-08  -7.086478e-04  +5.984589e-07  +1.928570e-07  -7.245233e-04  -4.165951e-08  +9.014780e-08  +6.323813e-05  
+4.697872e-07  -8.949164e-08  +2.637627e-07  -2.100719e-06  -1.300293e-08  -5.969488e-07  -1.614094e-06  -1.742951e-06  +1.229967e-06  -8.048460e-06  +3.092382e-05  -1.356696e-07  +2.381088e-07  -7.576845e-04  +1.061683e-07  -1.196370e-07  -1.035075e-03  +1.928570e-07  +7.249251e-07  -1.271447e-03  +8.305596e-09  +5.340307e-08  -8.335137e-04  
-4.688000e-03  -3.447538e-04  +4.968760e-03  +2.438381e-02  +7.847905e-05  +9.451512e-03  -1.755764e-03  +2.051358e-02  -1.313500e-02  +1.057768e-01  -3.367676e-01  +6.668208e-04  -2.314785e-03  +9.483403e+00  -8.883799e-04  +3.324987e-03  +2.100847e+01  -7.245233e-04  -1.271447e-03  +2.434271e+01  +3.734193e-04  +1.678251e-04  +1.847166e+01  
-1.392532e-08  -6.915404e-08  +8.350852e-07  +2.756171e-06  +2.930371e-07  -1.131231e-07  +1.336044e-06  -8.091292e-07  -5.768471e-07  +1.797433e-06  +1.706566e-06  -1.466629e-07  +4.329544e-08  -2.400454e-05  +1.201351e-07  -1.718696e-07  +4.375968e-04  -4.165951e-08  +8.305596e-09  +3.734193e-04  +5.965186e-07  -1.344057e-07  -1.589131e-04  
-1.086724e-07  -6.843374e-08  -6.145632e-07  -4.075736e-06  -4.296446e-07  +2.207902e-07  +4.747860e-07  +3.932542e-06  -5.859935e-08  +1.681997e-06  -2.681845e-05  +5.098250e-08  -8.682151e-08  +6.725587e-04  -2.528245e-10  +3.101198e-07  -9.304080e-05  +9.014780e-08  +5.340307e-08  +1.678251e-04  -1.344057e-07  +1.030577e-06  +1.322003e-03  
-4.145130e-03  -3.021967e-04  +4.536001e-03  -6.865829e-03  -1.135840e-03  +8.922083e-03  -3.081702e-03  +3.597629e-02  -9.404969e-03  +8.688570e-02  -3.676797e-01  +5.750441e-04  -2.519274e-03  +9.390382e+00  -8.478957e-04  +3.195772e-03  +1.757973e+01  +6.323813e-05  -8.335137e-04  +1.847166e+01  -1.589131e-04  +1.322003e-03  +2.035301e+01  
