mean:
+3.981217e+00  +3.953875e+00  +8.468539e-01  +1.291839e+00  +1.406846e+00  +4.033162e-01  +8.240306e-01  +1.397439e+00  +1.683759e-01  +1.913573e+00  +5.920977e+00  +3.591982e+00  +2.699318e+00  +2.077141e+02  +4.309519e+00  +5.294130e+00  +2.812453e+02  +5.452676e+00  +3.757024e+00  +3.278696e+02  +2.640431e+00  +4.559553e+00  +3.964019e+02  
covariance:
+1.063854e-06  +1.536290e-07  +6.797582e-07  -1.965430e-06  +1.124620e-06  +8.819431e-07  +4.199858e-06  +9.507355e-06  -3.627199e-06  +2.759313e-05  -2.122313e-05  +2.250414e-07  -5.366813e-08  +7.293232e-04  -1.504864e-06  +5.524187e-07  +1.915827e-03  +1.520206e-07  +1.140993e-07  +1.313560e-03  +5.660435e-08  -3.150850e-08  +2.077283e-03  
+1.536290e-07  +1.025230e-06  -3.867656e-07  +7.943307e-07  -3.511159e-07  -2.124501e-07  -5.383172e-07  -3.187069e-06  +6.574584e-07  -5.305215e-06  +4.314359e-06  -6.318966e-08  -1.460429e-08  -5.372441e-05  +1.893525e-07  +2.294174e-08  -4.446459e-04  +4.747640e-08  -9.765830e-08  -6.842248e-05  -4.946915e-08  +6.947374e-08  -4.853569e-04  
+6.797582e-07  -3.867656e-07  +8.163024e-06  -4.166416e-06  +1.108217e-06  +8.415700e-07  +1.650896e-06  +1.041821e-05  -3.661929e-06  +3.262966e-05  -3.157041e-05  +7.443839e-07  -1.662485e-07  -2.439132e-04  -1.575679e-06  +2.045656e-07  +1.926870e-03  -4.912964e-07  +5.784301e-07  -5.208246e-05  +1.033976e-07  -2.304034e-09  +2.754454e-03  
-1.965430e-06  +7.943307e-07  -4.166416e-06  +8.751263e-05  -1.845773e-05  -1.035498e-05  -4.148596e-05  -1.005740e-04  +3.833017e-05  -3.271366e-04  +2.909606e-04  -5.690297e-06  -4.005019e-07  -1.119993e-02  +3.124748e-05  -2.450114e-06  -2.232596e-02  -2.919157e-06  -1.500571e-06  -2.237344e-02  -1.885910e-07  -2.341424e-06  -2.195485e-02  
+1.124620e-06  -3.511159e-07  +1.108217e-06  -1.845773e-05  +1.575191e-05  +2.924978e-06  +1.908410e-05  +3.777779e-05  -1.385763e-05  +1.066455e-04  -8.517919e-05  +1.132122e-06  -5.626648e-07  +3.577890e-03  -1.099777e-05  +1.221339e-06  +6.285221e-03  +2.248181e-07  +7.560166e-07  +6.285912e-03  +4.658971e-07  +3.192333e-07  +7.463167e-03  
+8.819431e-07  -2.124501e-07  +8.415700e-07  -1.035498e-05  +2.924978e-06  +4.297403e-06  +1.289133e-05  +3.178696e-05  -1.152337e-05  +9.767913e-05  -7.786751e-05  +1.163049e-06  +2.508463e-07  +3.342947e-03  -5.078283e-06  +1.534027e-06  +7.768942e-03  +8.988184e-07  +8.951002e-08  +6.057767e-03  +2.341933e-07  +1.479516e-07  +7.350964e-03  
+4.199858e-06  -5.383172e-07  +1.650896e-06  -4.148596e-05  +1.908410e-05  +1.289133e-05  +7.877448e-05  +1.818832e-04  -5.430906e-05  +4.259785e-04  -3.160064e-04  +3.388120e-06  -1.237230e-06  +1.322635e-02  -2.883011e-05  +8.954608e-06  +3.125519e-02  +1.263747e-06  +2.726779e-06  +2.649456e-02  +4.309124e-07  -1.081950e-06  +3.172773e-02  
+9.507355e-06  -3.187069e-06  +1.041821e-05  -1.005740e-04  +3.777779e-05  +3.178696e-05  +1.818832e-04  +6.522463e-04  -1.345833e-04  +1.075699e-03  -7.726675e-04  +1.072933e-05  -5.424716e-06  +2.931655e-02  -5.759205e-05  +2.416955e-05  +8.947730e-02  -3.597417e-06  +6.236664e-06  +7.238977e-02  -9.473423e-08  -7.666235e-06  +8.197208e-02  
-3.627199e-06  +6.574584e-07  -3.661929e-06  +3.833017e-05  -1.385763e-05  -1.152337e-05  -5.430906e-05  -1.345833e-04  +4.423779e-05  -3.569715e-04  +2.740290e-04  -3.430600e-06  +5.637321e-07  -1.084397e-02  +2.225439e-05  -6.301775e-06  -2.624136e-02  -1.870723e-06  -1.580327e-06  -2.058061e-02  -6.063999e-07  +2.464806e-07  -2.619981e-02  
+2.759313e-05  -5.305215e-06  +3.262966e-05  -3.271366e-04  +1.066455e-04  +9.767913e-05  +4.259785e-04  +1.075699e-03  -3.569715e-04  +2.946292e-03  -2.304054e-03  +2.988981e-05  -3.092684e-06  +9.024429e-02  -1.802615e-04  +4.956418e-05  +2.179123e-01  +1.759590e-05  +1.183985e-05  +1.691040e-01  +5.086036e-06  -8.187545e-07  +2.148618e-01  
-2.122313e-05  +4.314359e-06  -3.157041e-05  +2.909606e-04  -8.517919e-05  -7.786751e-05  -3.160064e-04  -7.726675e-04  +2.740290e-04  -2.304054e-03  +1.938340e-03  -2.683985e-05  -2.933667e-07  -7.380843e-02  +1.520395e-04  -3.320122e-05  -1.669357e-01  -1.847267e-05  -9.910140e-06  -1.322907e-01  -3.953459e-06  -3.076272e-06  -1.631089e-01  
+2.250414e-07  -6.318966e-08  +7.443839e-07  -5.690297e-06  +1.132122e-06  +1.163049e-06  +3.388120e-06  +1.072933e-05  -3.430600e-06  +2.988981e-05  -2.683985e-05  +9.820402e-07  +6.206842e-08  +9.699175e-04  -2.316954e-06  +2.026756e-07  +2.256837e-03  +1.825330e-07  +1.890298e-07  +2.376332e-03  +3.904118e-08  +2.185019e-07  +2.151296e-03  
-5.366813e-08  -1.460429e-08  -1.662485e-07  -4.005019e-07  -5.626648e-07  +2.508463e-07  -1.237230e-06  -5.424716e-06  +5.637321e-07  -3.092684e-06  -2.933667e-07  +6.206842e-08  +9.134265e-07  +1.415925e-06  +4.566694e-07  -3.019900e-08  +9.131338e-05  +3.712207e-07  -2.964040e-07  +7.186794e-04  +1.180401e-07  +3.075675e-07  -3.541941e-04  
+7.293232e-04  -5.372441e-05  -2.439132e-04  -1.119993e-02  +3.577890e-03  +3.342947e-03  +1.322635e-02  +2.931655e-02  -1.084397e-02  +9.024429e-02  -7.380843e-02  +9.699175e-04  +1.415925e-06  +3.825870e+00  -6.197477e-03  +1.457683e-03  +6.591252e+00  +1.170005e-03  +2.073030e-04  +5.595070e+00  +9.588364e-05  +1.936630e-04  +6.270992e+00  
-1.504864e-06  +1.893525e-07  -1.575679e-06  +3.124748e-05  -1.099777e-05  -5.078283e-06  -2.883011e-05  -5.759205e-05  +2.225439e-05  -1.802615e-04  +1.520395e-04  -2.316954e-06  +4.566694e-07  -6.197477e-03  +1.806268e-05  -2.133422e-06  -1.143930e-02  -1.054686e-06  -1.359875e-06  -1.095324e-02  -1.767533e-08  -6.037898e-07  -1.252880e-02  
+5.524187e-07  +2.294174e-08  +2.045656e-07  -2.450114e-06  +1.221339e-06  +1.534027e-06  +8.954608e-06  +2.416955e-05  -6.301775e-06  +4.956418e-05  -3.320122e-05  +2.026756e-07  -3.019900e-08  +1.457683e-03  -2.133422e-06  +1.895860e-06  +4.027953e-03  +1.192489e-07  +5.221291e-08  +3.342010e-03  +9.866796e-08  -2.868642e-07  +3.429146e-03  
+1.915827e-03  -4.446459e-04  +1.926870e-03  -2.232596e-02  +6.285221e-03  +7.768942e-03  +3.125519e-02  +8.947730e-02  -2.624136e-02  +2.179123e-01  -1.669357e-01  +2.256837e-03  +9.131338e-05  +6.591252e+00  -1.143930e-02  +4.027953e-03  +1.820603e+01  +1.074004e-03  +6.506866e-04  +1.425566e+01  +2.630067e-04  -2.763726e-04  +1.580553e+01  
+1.520206e-07  +4.747640e-08  -4.912964e-07  -2.919157e-06  +2.248181e-07  +8.988184e-07  +1.263747e-06  -3.597417e-06  -1.870723e-06  +1.759590e-05  -1.847267e-05  +1.825330e-07  +3.712207e-07  +1.170005e-03  -1.054686e-06  +1.192489e-07  +1.074004e-03  +1.325594e-06  -3.461904e-07  +1.146977e-03  +8.434697e-08  +5.870138e-07  +7.862186e-04  
+1.140993e-07  -9.765830e-08  +5.784301e-07  -1.500571e-06  +7.560166e-07  +8.951002e-08  +2.726779e-06  +6.236664e-06  -1.580327e-06  +1.183985e-05  -9.910140e-06  +1.890298e-07  -2.964040e-07  +2.073030e-04  -1.359875e-06  +5.221291e-08  +6.506866e-04  -3.461904e-07  +7.926482e-07  +1.635826e-04  -7.638596e-08  -2.184303e-07  +9.701851e-04  
+1.313560e-03  -6.842248e-05  -5.208246e-05  -2.237344e-02  +6.285912e-03  +6.057767e-03  +2.649456e-02  +7.238977e-02  -2.058061e-02  +1.691040e-01  -1.322907e-01  +2.376332e-03  +7.186794e-04  +5.595070e+00  -1.095324e-02  +3.342010e-03  +1.425566e+01  +1.146977e-03  +1.635826e-04  +1.468498e+01  +2.582384e-04  +3.960092e-04  +1.171524e+01  
+5.660435e-08  -4.946915e-08  +1.033976e-07  -1.885910e-07  +4.658971e-07  +2.341933e-07  +4.309124e-07  -9.473423e-08  -6.063999e-07  +5.086036e-06  -3.953459e-06  +3.904118e-08  +1.180401e-07  +9.588364e-05  -1.767533e-08  +9.866796e-08  +2.630067e-04  +8.434697e-08  -7.638596e-08  +2.582384e-04  +5.962347e-07  +1.509897e-07  +1.912954e-04  
-3.150850e-08  +6.947374e-08  -2.304034e-09  -2.341424e-06  +3.192333e-07  +1.479516e-07  -1.081950e-06  -7.666235e-06  +2.464806e-07  -8.187545e-07  -3.076272e-06  +2.185019e-07  +3.075675e-07  +1.936630e-04  -6.037898e-07  -2.868642e-07  -2.763726e-04  +5.870138e-07  -2.184303e-07  +3.960092e-04  +1.509897e-07  +7.718417e-07  -4.553149e-04  
+2.077283e-03  -4.853569e-04  +2.754454e-03  -2.195485e-02  +7.463167e-03  +7.350964e-03  +3.172773e-02  +8.197208e-02  -2.619981e-02  +2.148618e-01  -1.631089e-01  +2.151296e-03  -3.541941e-04  +6.270992e+00  -1.252880e-02  +3.429146e-03  +1.580553e+01  +7.862186e-04  +9.701851e-04  +1.171524e+01  +1.912954e-04  -4.553149e-04  +1.738279e+01  
