mean:
+3.940803e+00  +3.934489e+00  +8.096637e-01  +1.224220e+00  +1.430977e+00  +5.030948e-01  +7.991875e-01  +1.411261e+00  +1.718306e-01  +1.820733e+00  +5.948450e+00  +3.546096e+00  +2.642103e+00  +2.011015e+02  +4.276107e+00  +5.295099e+00  +2.751071e+02  +5.394903e+00  +3.766251e+00  +3.273288e+02  +2.640306e+00  +4.559542e+00  +3.917500e+02  
covariance:
+9.987112e-05  +6.345423e-06  -6.955009e-05  -1.411554e-04  +9.818326e-06  +3.136651e-06  -1.088225e-05  -1.353853e-05  +2.379355e-05  +8.451652e-05  -1.135246e-04  +5.463418e-06  -7.142991e-05  -6.932954e-03  -9.980632e-05  +2.586146e-07  +2.418186e-03  -2.606145e-05  -6.023839e-05  +1.123999e-02  -4.433844e-06  -2.861274e-07  +9.871793e-03  
+6.345423e-06  +4.604150e-06  -6.368193e-07  +3.735989e-06  +1.386279e-06  -1.709649e-06  +1.083026e-06  -1.466561e-06  +3.402564e-06  -1.172779e-05  -2.948401e-06  -3.298280e-08  +3.213824e-06  +1.930925e-03  +4.950144e-06  -5.218751e-08  -5.351636e-04  +1.732800e-06  +2.793351e-06  +1.703352e-03  -6.329591e-08  +1.883617e-07  -9.694379e-04  
-6.955009e-05  -6.368193e-07  +9.826031e-05  +1.690651e-04  -5.847125e-06  -1.503615e-05  +1.822219e-05  -3.756838e-05  -2.377401e-07  -1.859980e-04  +1.353531e-04  -6.290410e-06  +1.155965e-04  +2.286699e-02  +1.707186e-04  -2.098712e-07  -7.324912e-03  +4.762167e-05  +1.016548e-04  -4.404804e-03  +4.066578e-06  -4.213930e-07  -2.302243e-02  
-1.411554e-04  +3.735989e-06  +1.690651e-04  +5.930513e-04  -2.901214e-05  -1.554822e-06  +3.126517e-05  +2.714900e-05  -2.143894e-05  -2.251923e-04  +2.810622e-04  -1.014003e-05  +1.770113e-04  +2.284588e-02  +2.610282e-04  +9.499424e-06  -4.576634e-03  +6.020601e-05  +1.510184e-04  -2.020350e-02  +1.071409e-05  -6.634558e-07  -2.699744e-02  
+9.818326e-06  +1.386279e-06  -5.847125e-06  -2.901214e-05  +4.360202e-05  -3.812393e-06  -2.436904e-06  +5.305281e-06  +4.365835e-06  -2.312177e-06  -1.792675e-05  -5.703544e-07  -7.435255e-07  +1.256597e-03  -9.503776e-07  -7.799248e-07  +2.781920e-04  -7.387347e-07  -1.396902e-06  +5.712577e-03  -4.263686e-08  +1.303362e-06  +9.664356e-04  
+3.136651e-06  -1.709649e-06  -1.503615e-05  -1.554822e-06  -3.812393e-06  +1.789267e-05  -4.859506e-06  +1.086469e-05  -1.265282e-05  +1.030784e-04  +1.886338e-06  +2.179662e-06  -3.579755e-05  -1.391407e-02  -5.291169e-05  +3.341649e-06  +3.069625e-03  -1.617946e-05  -3.350242e-05  -6.296401e-03  -1.441044e-06  -3.459353e-07  +9.745192e-03  
-1.088225e-05  +1.083026e-06  +1.822219e-05  +3.126517e-05  -2.436904e-06  -4.859506e-06  +1.648263e-05  +5.286757e-06  +5.035762e-07  -4.742280e-05  +2.184647e-05  -1.710347e-06  +2.472126e-05  +4.698518e-03  +3.422832e-05  +7.367664e-07  -1.227643e-03  +1.052868e-05  +2.208356e-05  +3.800024e-04  +7.168995e-07  -1.285153e-06  -6.549053e-03  
-1.353853e-05  -1.466561e-06  -3.756838e-05  +2.714900e-05  +5.305281e-06  +1.086469e-05  +5.286757e-06  +2.909770e-04  -2.461622e-05  +1.455883e-04  +1.305921e-05  +2.765810e-06  -7.892698e-05  -3.439102e-02  -1.137014e-04  +2.392662e-06  +1.374380e-02  -4.730279e-05  -6.669201e-05  -1.537913e-02  +1.325085e-06  -4.207647e-06  +3.162256e-02  
+2.379355e-05  +3.402564e-06  -2.377401e-07  -2.143894e-05  +4.365835e-06  -1.265282e-05  +5.035762e-07  -2.461622e-05  +1.915564e-05  -7.065522e-05  -2.301124e-05  -6.641272e-07  +1.674399e-05  +1.093344e-02  +2.711561e-05  -2.067630e-06  -2.488105e-03  +9.430792e-06  +1.706673e-05  +7.829390e-03  +1.477209e-07  +3.306335e-07  -7.038623e-03  
+8.451652e-05  -1.172779e-05  -1.859980e-04  -2.251923e-04  -2.312177e-06  +1.030784e-04  -4.742280e-05  +1.455883e-04  -7.065522e-05  +7.661632e-04  -1.445197e-04  +1.965894e-05  -3.221522e-04  -1.010389e-01  -4.754188e-04  +1.452201e-05  +2.578860e-02  -1.434192e-04  -2.931627e-04  -2.927295e-02  -1.177811e-05  -2.412472e-06  +8.088548e-02  
-1.135246e-04  -2.948401e-06  +1.353531e-04  +2.810622e-04  -1.792675e-05  +1.886338e-06  +2.184647e-05  +1.305921e-05  -2.301124e-05  -1.445197e-04  +3.193272e-04  -7.221548e-06  +1.349671e-04  +1.289209e-02  +2.015316e-04  +5.994791e-06  -6.183368e-03  +5.361742e-05  +1.170465e-04  -1.893454e-02  +6.284622e-06  -1.637166e-06  -1.390384e-02  
+5.463418e-06  -3.298280e-08  -6.290410e-06  -1.014003e-05  -5.703544e-07  +2.179662e-06  -1.710347e-06  +2.765810e-06  -6.641272e-07  +1.965894e-05  -7.221548e-06  +1.077567e-06  -9.453229e-06  -2.356766e-03  -1.383074e-05  +1.698527e-07  +5.823246e-04  -4.149867e-06  -8.509453e-06  -3.863697e-04  -4.516411e-07  -1.220664e-07  +2.064849e-03  
-7.142991e-05  +3.213824e-06  +1.155965e-04  +1.770113e-04  -7.435255e-07  -3.579755e-05  +2.472126e-05  -7.892698e-05  +1.674399e-05  -3.221522e-04  +1.349671e-04  -9.453229e-06  +1.685939e-04  +4.337523e-02  +2.462533e-04  -4.082250e-06  -1.249420e-02  +7.300186e-05  +1.493895e-04  +5.458083e-03  +6.154452e-06  +6.464598e-07  -3.705491e-02  
-6.932954e-03  +1.930925e-03  +2.286699e-02  +2.284588e-02  +1.256597e-03  -1.391407e-02  +4.698518e-03  -3.439102e-02  +1.093344e-02  -1.010389e-01  +1.289209e-02  -2.356766e-03  +4.337523e-02  +1.555318e+01  +6.387615e-02  -2.295743e-03  -4.209656e+00  +2.006544e-02  +3.918358e-02  +5.460332e+00  +1.454090e-03  +6.413904e-04  -1.134676e+01  
-9.980632e-05  +4.950144e-06  +1.707186e-04  +2.610282e-04  -9.503776e-07  -5.291169e-05  +3.422832e-05  -1.137014e-04  +2.711561e-05  -4.754188e-04  +2.015316e-04  -1.383074e-05  +2.462533e-04  +6.387615e-02  +3.631951e-04  -5.994005e-06  -1.834278e-02  +1.067623e-04  +2.196097e-04  +7.886341e-03  +8.974604e-06  +8.127144e-07  -5.401890e-02  
+2.586146e-07  -5.218751e-08  -2.098712e-07  +9.499424e-06  -7.799248e-07  +3.341649e-06  +7.367664e-07  +2.392662e-06  -2.067630e-06  +1.452201e-05  +5.994791e-06  +1.698527e-07  -4.082250e-06  -2.295743e-03  -5.994005e-06  +1.499780e-06  +6.103744e-04  -2.126229e-06  -3.974768e-06  -1.051268e-03  -1.689349e-07  -2.024555e-07  +1.181435e-03  
+2.418186e-03  -5.351636e-04  -7.324912e-03  -4.576634e-03  +2.781920e-04  +3.069625e-03  -1.227643e-03  +1.374380e-02  -2.488105e-03  +2.578860e-02  -6.183368e-03  +5.823246e-04  -1.249420e-02  -4.209656e+00  -1.834278e-02  +6.103744e-04  +1.790465e+00  -6.104688e-03  -1.108626e-02  -1.123146e+00  -2.770789e-04  -2.945349e-04  +3.325324e+00  
-2.606145e-05  +1.732800e-06  +4.762167e-05  +6.020601e-05  -7.387347e-07  -1.617946e-05  +1.052868e-05  -4.730279e-05  +9.430792e-06  -1.434192e-04  +5.361742e-05  -4.149867e-06  +7.300186e-05  +2.006544e-02  +1.067623e-04  -2.126229e-06  -6.104688e-03  +3.336339e-05  +6.473350e-05  +3.653385e-03  +2.335000e-06  +6.060114e-07  -1.694349e-02  
-6.023839e-05  +2.793351e-06  +1.016548e-04  +1.510184e-04  -1.396902e-06  -3.350242e-05  +2.208356e-05  -6.669201e-05  +1.706673e-05  -2.931627e-04  +1.170465e-04  -8.509453e-06  +1.493895e-04  +3.918358e-02  +2.196097e-04  -3.974768e-06  -1.108626e-02  +6.473350e-05  +1.339123e-04  +5.376637e-03  +5.541459e-06  +1.105641e-07  -3.293686e-02  
+1.123999e-02  +1.703352e-03  -4.404804e-03  -2.020350e-02  +5.712577e-03  -6.296401e-03  +3.800024e-04  -1.537913e-02  +7.829390e-03  -2.927295e-02  -1.893454e-02  -3.863697e-04  +5.458083e-03  +5.460332e+00  +7.886341e-03  -1.051268e-03  -1.123146e+00  +3.653385e-03  +5.376637e-03  +5.696842e+00  +1.679175e-04  +3.627329e-04  -3.180783e+00  
-4.433844e-06  -6.329591e-08  +4.066578e-06  +1.071409e-05  -4.263686e-08  -1.441044e-06  +7.168995e-07  +1.325085e-06  +1.477209e-07  -1.177811e-05  +6.284622e-06  -4.516411e-07  +6.154452e-06  +1.454090e-03  +8.974604e-06  -1.689349e-07  -2.770789e-04  +2.335000e-06  +5.541459e-06  +1.679175e-04  +7.265308e-07  +7.464845e-09  -1.007642e-03  
-2.861274e-07  +1.883617e-07  -4.213930e-07  -6.634558e-07  +1.303362e-06  -3.459353e-07  -1.285153e-06  -4.207647e-06  +3.306335e-07  -2.412472e-06  -1.637166e-06  -1.220664e-07  +6.464598e-07  +6.413904e-04  +8.127144e-07  -2.024555e-07  -2.945349e-04  +6.060114e-07  +1.105641e-07  +3.627329e-04  +7.464845e-09  +8.613556e-07  -3.331699e-04  
+9.871793e-03  -9.694379e-04  -2.302243e-02  -2.699744e-02  +9.664356e-04  +9.745192e-03  -6.549053e-03  +3.162256e-02  -7.038623e-03  +8.088548e-02  -1.390384e-02  +2.064849e-03  -3.705491e-02  -1.134676e+01  -5.401890e-02  +1.181435e-03  +3.325324e+00  -1.694349e-02  -3.293686e-02  -3.180783e+00  -1.007642e-03  -3.331699e-04  +1.095110e+01  
