mean:
+3.985331e+00  +3.976164e+00  +6.103171e-01  +2.002760e+00  +1.253684e+00  +4.986404e-01  +8.383456e-01  +2.217515e+00  +4.232701e-02  +3.900787e+00  +5.722045e+00  +4.572796e+00  +3.238806e+00  +3.297003e+02  +2.591018e+00  +3.727024e+00  +4.600093e+02  +4.639812e+00  +4.960483e+00  +8.040940e+02  +3.990754e+00  +5.153750e+00  +4.385146e+02  
covariance:
+8.964989e-06  -5.786488e-06  +2.901418e-06  +1.096771e-06  -4.881564e-07  -6.642859e-08  -2.395177e-06  -6.880638e-06  +4.053760e-08  -5.951008e-06  +3.037919e-05  +2.379041e-07  -4.654159e-07  -1.503529e-03  -6.034342e-08  -4.761901e-07  -1.896051e-03  +3.711892e-07  -4.208679e-07  -2.086757e-03  -2.938714e-07  -4.098713e-07  +1.945261e-04  
-5.786488e-06  +7.629836e-06  -7.002764e-06  -1.089636e-06  +1.743807e-06  -1.121718e-06  +1.380855e-05  +1.260580e-05  -5.076463e-07  +2.957180e-05  -1.513031e-04  +2.955868e-07  -2.286429e-07  +4.628719e-03  +8.642106e-08  +9.759057e-07  +7.141788e-03  -7.282292e-07  +2.373805e-07  +6.977083e-03  +2.738448e-08  +7.613182e-07  +4.771202e-03  
+2.901418e-06  -7.002764e-06  +2.381853e-05  +7.531232e-07  -5.759023e-06  +2.570118e-06  -2.264419e-05  -2.537078e-05  +6.691786e-07  -5.757936e-05  +3.107762e-04  +1.985402e-07  -2.608990e-07  -8.744787e-03  +5.416284e-07  -2.633891e-06  -1.331745e-02  +1.560729e-06  +1.350559e-07  -1.581633e-02  -1.560520e-07  -1.062622e-06  -9.150583e-03  
+1.096771e-06  -1.089636e-06  +7.531232e-07  +2.731189e-05  -1.381578e-06  -8.441405e-07  +6.521150e-06  +3.190249e-06  -2.287473e-07  +7.463920e-06  -3.284477e-05  +2.067314e-07  -8.218006e-07  +3.539952e-04  +8.026532e-07  +4.129076e-07  +3.291359e-03  +1.539007e-06  -5.520827e-07  +1.550138e-03  -1.270125e-07  -1.075718e-07  +1.547144e-05  
-4.881564e-07  +1.743807e-06  -5.759023e-06  -1.381578e-06  +7.683688e-06  -3.649626e-07  +4.892071e-06  +1.959001e-06  -1.125171e-07  +1.476326e-05  -7.691896e-05  +1.150435e-07  +3.424390e-07  +2.248452e-03  -1.024796e-07  +1.016772e-06  +3.342240e-03  -5.897693e-07  -3.728529e-07  +4.469034e-03  +9.923035e-08  +2.535379e-07  +2.520533e-03  
-6.642859e-08  -1.121718e-06  +2.570118e-06  -8.441405e-07  -3.649626e-07  +1.476754e-06  -7.953576e-06  -4.678835e-06  +2.632178e-07  -1.543499e-05  +8.263500e-05  -3.996903e-07  +3.941991e-07  -2.107106e-03  -8.128028e-08  -2.759592e-07  -3.864119e-03  +1.410916e-07  +1.007221e-07  -3.288951e-03  +2.348734e-07  -1.529968e-07  -3.121738e-03  
-2.395177e-06  +1.380855e-05  -2.264419e-05  +6.521150e-06  +4.892071e-06  -7.953576e-06  +9.310248e-05  +4.013970e-05  -3.579051e-06  +1.779836e-04  -8.873264e-04  +2.154306e-06  -3.355184e-06  +2.373428e-02  +1.097372e-06  +4.647359e-06  +4.134794e-02  -2.068237e-06  -7.445767e-07  +3.714985e-02  -1.498303e-06  +3.532615e-06  +3.555651e-02  
-6.880638e-06  +1.260580e-05  -2.537078e-05  +3.190249e-06  +1.959001e-06  -4.678835e-06  +4.013970e-05  +1.274238e-04  -1.445256e-06  +8.732756e-05  -4.825482e-04  +1.380840e-06  -9.781265e-07  +1.435314e-02  +3.429208e-07  +4.627803e-06  +2.212058e-02  -2.836978e-07  +1.117686e-07  +2.332263e-02  +5.429012e-08  +6.388743e-07  +1.007676e-02  
+4.053760e-08  -5.076463e-07  +6.691786e-07  -2.287473e-07  -1.125171e-07  +2.632178e-07  -3.579051e-06  -1.445256e-06  +1.788334e-07  -6.838812e-06  +3.290011e-05  -8.865046e-08  +1.341675e-07  -8.819158e-04  -4.944050e-08  -1.588741e-07  -1.557072e-03  +7.559976e-08  +3.612464e-08  -1.388679e-03  +5.054900e-08  -1.506587e-07  -1.388759e-03  
-5.951008e-06  +2.957180e-05  -5.757936e-05  +7.463920e-06  +1.476326e-05  -1.543499e-05  +1.779836e-04  +8.732756e-05  -6.838812e-06  +3.723000e-04  -1.821765e-03  +5.455623e-06  -4.936689e-06  +5.017513e-02  +6.534087e-07  +1.090302e-05  +8.410463e-02  -5.865415e-06  -2.316054e-06  +8.077654e-02  -2.545894e-06  +7.531068e-06  +7.260697e-02  
+3.037919e-05  -1.513031e-04  +3.107762e-04  -3.284477e-05  -7.691896e-05  +8.263500e-05  -8.873264e-04  -4.825482e-04  +3.290011e-05  -1.821765e-03  +9.205488e-03  -2.405853e-05  +2.520335e-05  -2.483061e-01  -5.236826e-06  -5.420934e-05  -4.195522e-01  +2.958677e-05  +9.717517e-06  -4.016928e-01  +1.264952e-05  -3.550229e-05  -3.531766e-01  
+2.379041e-07  +2.955868e-07  +1.985402e-07  +2.067314e-07  +1.150435e-07  -3.996903e-07  +2.154306e-06  +1.380840e-06  -8.865046e-08  +5.455623e-06  -2.405853e-05  +7.173787e-07  -1.766187e-07  +6.994269e-04  +1.279282e-08  +7.126405e-08  +1.169171e-03  -1.781759e-07  -1.528447e-07  +1.043202e-03  -1.743584e-07  +2.473550e-08  +1.289420e-03  
-4.654159e-07  -2.286429e-07  -2.608990e-07  -8.218006e-07  +3.424390e-07  +3.941991e-07  -3.355184e-06  -9.781265e-07  +1.341675e-07  -4.936689e-06  +2.520335e-05  -1.766187e-07  +6.042151e-07  -6.087688e-04  -2.405120e-07  +3.196580e-08  -1.165375e-03  -4.163912e-08  +2.188321e-08  -6.185711e-04  +1.189877e-07  +2.338766e-09  -1.127872e-03  
-1.503529e-03  +4.628719e-03  -8.744787e-03  +3.539952e-04  +2.248452e-03  -2.107106e-03  +2.373428e-02  +1.435314e-02  -8.819158e-04  +5.017513e-02  -2.483061e-01  +6.994269e-04  -6.087688e-04  +7.317225e+00  -9.621880e-05  +1.589230e-03  +1.157798e+01  -7.815520e-04  -7.042095e-05  +1.108979e+01  -3.161665e-04  +1.003349e-03  +9.490163e+00  
-6.034342e-08  +8.642106e-08  +5.416284e-07  +8.026532e-07  -1.024796e-07  -8.128028e-08  +1.097372e-06  +3.429208e-07  -4.944050e-08  +6.534087e-07  -5.236826e-06  +1.279282e-08  -2.405120e-07  -9.621880e-05  +4.034369e-07  -4.309687e-08  +2.140026e-04  +8.235613e-08  -7.948869e-08  -1.843898e-05  -3.647456e-08  +2.913480e-09  +1.809965e-04  
-4.761901e-07  +9.759057e-07  -2.633891e-06  +4.129076e-07  +1.016772e-06  -2.759592e-07  +4.647359e-06  +4.627803e-06  -1.588741e-07  +1.090302e-05  -5.420934e-05  +7.126405e-08  +3.196580e-08  +1.589230e-03  -4.309687e-08  +8.389654e-07  +2.446056e-03  -1.618394e-07  +2.392040e-08  +2.782871e-03  +5.868688e-08  +1.984046e-07  +1.668020e-03  
-1.896051e-03  +7.141788e-03  -1.331745e-02  +3.291359e-03  +3.342240e-03  -3.864119e-03  +4.134794e-02  +2.212058e-02  -1.557072e-03  +8.410463e-02  -4.195522e-01  +1.169171e-03  -1.165375e-03  +1.157798e+01  +2.140026e-04  +2.446056e-03  +1.999153e+01  -1.122142e-03  -3.644941e-04  +1.856208e+01  -5.392734e-04  +1.645751e-03  +1.625006e+01  
+3.711892e-07  -7.282292e-07  +1.560729e-06  +1.539007e-06  -5.897693e-07  +1.410916e-07  -2.068237e-06  -2.836978e-07  +7.559976e-08  -5.865415e-06  +2.958677e-05  -1.781759e-07  -4.163912e-08  -7.815520e-04  +8.235613e-08  -1.618394e-07  -1.122142e-03  +5.823875e-07  +1.440516e-07  -1.502156e-03  +1.232824e-08  -1.727960e-07  -1.284207e-03  
-4.208679e-07  +2.373805e-07  +1.350559e-07  -5.520827e-07  -3.728529e-07  +1.007221e-07  -7.445767e-07  +1.117686e-07  +3.612464e-08  -2.316054e-06  +9.717517e-06  -1.528447e-07  +2.188321e-08  -7.042095e-05  -7.948869e-08  +2.392040e-08  -3.644941e-04  +1.440516e-07  +4.084006e-07  -6.128331e-04  +3.290954e-09  -1.666921e-08  -5.720170e-04  
-2.086757e-03  +6.977083e-03  -1.581633e-02  +1.550138e-03  +4.469034e-03  -3.288951e-03  +3.714985e-02  +2.332263e-02  -1.388679e-03  +8.077654e-02  -4.016928e-01  +1.043202e-03  -6.185711e-04  +1.108979e+01  -1.843898e-05  +2.782871e-03  +1.856208e+01  -1.502156e-03  -6.128331e-04  +1.909274e+01  -2.212937e-04  +1.600901e-03  +1.510269e+01  
-2.938714e-07  +2.738448e-08  -1.560520e-07  -1.270125e-07  +9.923035e-08  +2.348734e-07  -1.498303e-06  +5.429012e-08  +5.054900e-08  -2.545894e-06  +1.264952e-05  -1.743584e-07  +1.189877e-07  -3.161665e-04  -3.647456e-08  +5.868688e-08  -5.392734e-04  +1.232824e-08  +3.290954e-09  -2.212937e-04  +2.996204e-07  -3.813688e-08  -8.309839e-04  
-4.098713e-07  +7.613182e-07  -1.062622e-06  -1.075718e-07  +2.535379e-07  -1.529968e-07  +3.532615e-06  +6.388743e-07  -1.506587e-07  +7.531068e-06  -3.550229e-05  +2.473550e-08  +2.338766e-09  +1.003349e-03  +2.913480e-09  +1.984046e-07  +1.645751e-03  -1.727960e-07  -1.666921e-08  +1.600901e-03  -3.813688e-08  +3.810795e-07  +1.541535e-03  
+1.945261e-04  +4.771202e-03  -9.150583e-03  +1.547144e-05  +2.520533e-03  -3.121738e-03  +3.555651e-02  +1.007676e-02  -1.388759e-03  +7.260697e-02  -3.531766e-01  +1.289420e-03  -1.127872e-03  +9.490163e+00  +1.809965e-04  +1.668020e-03  +1.625006e+01  -1.284207e-03  -5.720170e-04  +1.510269e+01  -8.309839e-04  +1.541535e-03  +1.571665e+01  
