mean:
+3.915251e+00  +3.903029e+00  +6.355498e-01  -1.131995e+00  +1.683204e+00  +5.945024e-01  +8.965821e-01  +2.074818e+00  +1.483669e-01  +1.946983e+00  +4.842606e+00  +1.905652e+00  +3.007222e+00  +8.033206e+02  +4.959973e+00  +4.480059e+00  +2.014728e+03  
covariance:
+2.261307e-05  -7.165828e-06  +1.144913e-05  -2.885187e-05  -5.518881e-05  +3.549879e-06  +3.116087e-06  +9.407603e-06  -1.425060e-06  +6.397191e-06  +5.106878e-05  +5.447901e-07  -5.713195e-07  +2.429730e-03  -2.115708e-08  -1.873443e-07  -4.260161e-03  
-7.165828e-06  +4.847083e-06  -1.221817e-05  +3.807032e-05  +4.392434e-05  -4.516856e-06  -2.922186e-06  -1.931898e-06  +1.457901e-06  -1.879086e-06  -9.628164e-05  -1.459945e-08  +3.905294e-07  -1.415777e-03  -7.323158e-08  +1.118816e-07  +6.405030e-03  
+1.144913e-05  -1.221817e-05  +9.465645e-05  -2.319049e-04  -2.482692e-04  +2.967834e-05  +1.185581e-05  -5.025079e-06  -8.742193e-06  +5.257741e-06  +6.395160e-04  +1.143371e-07  -1.809078e-06  +4.475937e-03  +5.577783e-07  +4.325374e-07  -4.560772e-02  
-2.885187e-05  +3.807032e-05  -2.319049e-04  +8.563453e-04  +7.977299e-04  -9.331267e-05  -6.465495e-05  +2.011080e-05  +3.938089e-05  -6.323087e-05  -2.130989e-03  +1.462765e-06  +3.839115e-06  -1.449069e-02  -1.358829e-06  +3.821997e-07  +1.357279e-01  
-5.518881e-05  +4.392434e-05  -2.482692e-04  +7.977299e-04  +1.058176e-03  -8.779596e-05  -3.247944e-05  -6.657440e-05  +2.960855e-05  -2.602978e-05  -2.100279e-03  +2.040983e-06  +4.739735e-06  -2.985152e-02  -1.034913e-06  +9.842541e-07  +1.547423e-01  
+3.549879e-06  -4.516856e-06  +2.967834e-05  -9.331267e-05  -8.779596e-05  +1.187285e-05  +7.146769e-06  -1.131462e-06  -4.259429e-06  +5.485919e-06  +2.504294e-04  -1.110822e-07  -4.679310e-07  +1.744130e-03  +1.854367e-07  +2.176010e-09  -1.752421e-02  
+3.116087e-06  -2.922186e-06  +1.185581e-05  -6.465495e-05  -3.247944e-05  +7.146769e-06  +1.295667e-05  -6.588089e-06  -4.896477e-06  +1.299985e-05  +1.448401e-04  -8.336858e-09  -3.173864e-07  +4.561208e-04  +5.504300e-08  -2.247353e-07  -6.454274e-03  
+9.407603e-06  -1.931898e-06  -5.025079e-06  +2.011080e-05  -6.657440e-05  -1.131462e-06  -6.588089e-06  +8.900439e-05  +4.319976e-06  -2.301594e-05  -4.230508e-05  +3.741435e-07  -3.896755e-07  +8.090998e-03  -4.540595e-08  -6.844381e-07  -1.455958e-02  
-1.425060e-06  +1.457901e-06  -8.742193e-06  +3.938089e-05  +2.960855e-05  -4.259429e-06  -4.896477e-06  +4.319976e-06  +2.979617e-06  -8.375417e-06  -9.600374e-05  +5.297518e-08  +1.050835e-07  -1.715733e-04  -4.909727e-08  +1.124154e-07  +4.726609e-03  
+6.397191e-06  -1.879086e-06  +5.257741e-06  -6.323087e-05  -2.602978e-05  +5.485919e-06  +1.299985e-05  -2.301594e-05  -8.375417e-06  +4.167910e-05  +1.149726e-04  +1.406692e-07  +1.577701e-07  -2.158592e-03  -4.149202e-08  -5.057985e-07  +6.345655e-04  
+5.106878e-05  -9.628164e-05  +6.395160e-04  -2.130989e-03  -2.100279e-03  +2.504294e-04  +1.448401e-04  -4.230508e-05  -9.600374e-05  +1.149726e-04  +5.907881e-03  -5.253706e-06  -9.872060e-06  +3.960967e-02  +4.839178e-06  +2.696400e-07  -3.827421e-01  
+5.447901e-07  -1.459945e-08  +1.143371e-07  +1.462765e-06  +2.040983e-06  -1.110822e-07  -8.336858e-09  +3.741435e-07  +5.297518e-08  +1.406692e-07  -5.253706e-06  +1.968246e-07  -1.476228e-08  -4.158703e-05  -2.930028e-09  +3.979227e-08  +3.254952e-04  
-5.713195e-07  +3.905294e-07  -1.809078e-06  +3.839115e-06  +4.739735e-06  -4.679310e-07  -3.173864e-07  -3.896755e-07  +1.050835e-07  +1.577701e-07  -9.872060e-06  -1.476228e-08  +2.132335e-07  -2.239909e-04  +2.892503e-09  +2.225433e-08  +6.438602e-04  
+2.429730e-03  -1.415777e-03  +4.475937e-03  -1.449069e-02  -2.985152e-02  +1.744130e-03  +4.561208e-04  +8.090998e-03  -1.715733e-04  -2.158592e-03  +3.960967e-02  -4.158703e-05  -2.239909e-04  +2.620977e+00  -2.776684e-05  -1.326062e-04  -3.637679e+00  
-2.115708e-08  -7.323158e-08  +5.577783e-07  -1.358829e-06  -1.034913e-06  +1.854367e-07  +5.504300e-08  -4.540595e-08  -4.909727e-08  -4.149202e-08  +4.839178e-06  -2.930028e-09  +2.892503e-09  -2.776684e-05  +1.018808e-07  +1.517289e-08  -4.129105e-04  
-1.873443e-07  +1.118816e-07  +4.325374e-07  +3.821997e-07  +9.842541e-07  +2.176010e-09  -2.247353e-07  -6.844381e-07  +1.124154e-07  -5.057985e-07  +2.696400e-07  +3.979227e-08  +2.225433e-08  -1.326062e-04  +1.517289e-08  +1.798763e-07  -1.806249e-04  
-4.260161e-03  +6.405030e-03  -4.560772e-02  +1.357279e-01  +1.547423e-01  -1.752421e-02  -6.454274e-03  -1.455958e-02  +4.726609e-03  +6.345655e-04  -3.827421e-01  +3.254952e-04  +6.438602e-04  -3.637679e+00  -4.129105e-04  -1.806249e-04  +3.421075e+01  
