mean:
+3.978712e+00  +4.007939e+00  +8.420698e-01  +1.355525e+00  +1.241169e+00  +5.996880e-01  +8.102341e-01  +1.370190e+00  +1.699263e-01  +1.849894e+00  +5.918037e+00  +3.655421e+00  +2.874243e+00  +2.063191e+02  +4.309192e+00  +5.178612e+00  +2.884718e+02  +5.217724e+00  +3.909809e+00  +3.372120e+02  +2.879941e+00  +4.560769e+00  +4.010554e+02  
covariance:
+1.564669e-06  +8.087160e-07  -7.756689e-06  -3.730864e-06  +1.321036e-06  +3.546782e-07  -7.066255e-07  +9.347201e-06  -3.767358e-06  +2.354723e-05  -2.809001e-05  +6.205021e-06  -4.442987e-06  +3.779832e-03  -9.292774e-08  -1.470347e-07  +3.503147e-03  -1.083571e-07  +2.823861e-07  +3.540380e-03  +4.482152e-07  +1.267674e-07  +3.171068e-03  
+8.087160e-07  +3.558987e-06  -9.390922e-07  +3.743244e-06  -1.318454e-07  +2.601824e-07  -6.066962e-07  -2.554885e-06  -5.485617e-07  +4.995932e-06  -5.193479e-06  +3.436715e-06  -2.119085e-06  +7.381840e-04  -1.096195e-07  +8.317795e-08  +8.984074e-04  -8.281636e-08  +1.109735e-07  +1.538745e-03  -1.544282e-08  +1.619825e-08  +9.208611e-04  
-7.756689e-06  -9.390922e-07  +1.493908e-04  +7.491037e-05  -3.042137e-05  +5.494201e-06  +2.744463e-05  -1.223762e-04  +3.330146e-05  -2.529848e-04  +3.654497e-04  -4.062199e-05  +2.843923e-05  -4.481991e-02  -4.956050e-07  -1.816929e-06  -3.357001e-02  +1.286320e-06  -1.722010e-06  -3.546696e-02  -5.463530e-06  +6.159170e-07  -3.122016e-02  
-3.730864e-06  +3.743244e-06  +7.491037e-05  +3.103055e-04  -1.550802e-05  +9.213045e-06  -3.222234e-05  -1.920309e-04  +9.148580e-06  -2.377241e-05  +2.423299e-04  +3.294629e-05  -1.142748e-05  -7.083335e-03  -3.205520e-06  +3.387859e-06  -6.917298e-03  +3.428568e-07  -1.504940e-06  +1.217343e-02  -3.071355e-06  +6.935202e-06  -7.059452e-03  
+1.321036e-06  -1.318454e-07  -3.042137e-05  -1.550802e-05  +1.293834e-05  -1.664331e-06  -4.255472e-06  +2.491370e-05  -6.095946e-06  +4.659924e-05  -6.937163e-05  +4.415563e-06  -3.305010e-06  +8.573544e-03  +1.687718e-07  +1.835635e-07  +5.613980e-03  -4.159304e-07  +8.401688e-07  +5.833835e-03  +1.411154e-06  -3.848966e-07  +5.348567e-03  
+3.546782e-07  +2.601824e-07  +5.494201e-06  +9.213045e-06  -1.664331e-06  +2.537070e-06  +1.065679e-06  -3.881314e-06  -2.598311e-06  +1.425292e-05  -2.663425e-06  +9.231801e-06  -6.113351e-06  +2.087673e-03  -2.858750e-07  -3.548627e-07  +2.768991e-03  +2.331258e-07  +4.524518e-07  +2.698758e-03  +1.665576e-07  +7.072327e-07  +2.330818e-03  
-7.066255e-07  -6.066962e-07  +2.744463e-05  -3.222234e-05  -4.255472e-06  +1.065679e-06  +2.871297e-05  -2.492510e-06  +1.684068e-06  -4.775096e-05  +3.807428e-05  -1.023849e-05  +4.572756e-06  -7.877539e-03  -2.626345e-07  -2.369742e-06  -5.512457e-03  -1.616495e-07  +8.386693e-07  -9.474216e-03  +2.226590e-07  -1.458871e-06  -4.738174e-03  
+9.347201e-06  -2.554885e-06  -1.223762e-04  -1.920309e-04  +2.491370e-05  -3.881314e-06  -2.492510e-06  +3.757705e-04  -4.558445e-05  +2.941697e-04  -4.143814e-04  +3.655744e-05  -3.825650e-05  +4.587506e-02  +3.462591e-07  -6.166542e-06  +4.510381e-02  -3.387823e-06  +5.030612e-06  +2.982205e-02  +4.732067e-06  -2.815932e-07  +3.971814e-02  
-3.767358e-06  -5.485617e-07  +3.330146e-05  +9.148580e-06  -6.095946e-06  -2.598311e-06  +1.684068e-06  -4.558445e-05  +1.973596e-05  -1.227643e-04  +1.191904e-04  -2.995348e-05  +2.164392e-05  -1.880117e-02  +6.990779e-07  +8.135791e-07  -1.733461e-02  +2.346291e-07  -1.363441e-06  -1.676094e-02  -2.246608e-06  -9.064060e-07  -1.538823e-02  
+2.354723e-05  +4.995932e-06  -2.529848e-04  -2.377241e-05  +4.659924e-05  +1.425292e-05  -4.775096e-05  +2.941697e-04  -1.227643e-04  +8.358386e-04  -8.271631e-04  +2.048589e-04  -1.439632e-04  +1.295064e-01  -3.684901e-06  -2.050694e-06  +1.174982e-01  -1.254497e-06  +7.966711e-06  +1.196368e-01  +1.424661e-05  +7.497359e-06  +1.038187e-01  
-2.809001e-05  -5.193479e-06  +3.654497e-04  +2.423299e-04  -6.937163e-05  -2.663425e-06  +3.807428e-05  -4.143814e-04  +1.191904e-04  -8.271631e-04  +1.354396e-03  -2.567756e-04  +1.754636e-04  -1.429152e-01  -2.294849e-06  +6.055856e-06  -1.352798e-01  +4.938785e-06  -1.368757e-05  -1.450146e-01  -1.825787e-05  -5.435504e-06  -1.182789e-01  
+6.205021e-06  +3.436715e-06  -4.062199e-05  +3.294629e-05  +4.415563e-06  +9.231801e-06  -1.023849e-05  +3.655744e-05  -2.995348e-05  +2.048589e-04  -2.567756e-04  +1.040303e-04  -6.564686e-05  +3.324269e-02  -6.120405e-07  -1.207202e-06  +3.728570e-02  -3.374906e-07  +4.583137e-06  +4.538995e-02  +3.852149e-06  +5.110539e-06  +3.111714e-02  
-4.442987e-06  -2.119085e-06  +2.843923e-05  -1.142748e-05  -3.305010e-06  -6.113351e-06  +4.572756e-06  -3.825650e-05  +2.164392e-05  -1.439632e-04  +1.754636e-04  -6.564686e-05  +4.348945e-05  -2.298148e-02  +3.861197e-07  +1.236010e-06  -2.560272e-02  +2.287690e-07  -3.256158e-06  -2.908758e-02  -2.633715e-06  -2.799615e-06  -2.131805e-02  
+3.779832e-03  +7.381840e-04  -4.481991e-02  -7.083335e-03  +8.573544e-03  +2.087673e-03  -7.877539e-03  +4.587506e-02  -1.880117e-02  +1.295064e-01  -1.429152e-01  +3.324269e-02  -2.298148e-02  +2.215452e+01  -3.984930e-04  -2.650156e-04  +1.864833e+01  -3.248314e-04  +1.720189e-03  +1.946530e+01  +2.685894e-03  +1.262490e-03  +1.668066e+01  
-9.292774e-08  -1.096195e-07  -4.956050e-07  -3.205520e-06  +1.687718e-07  -2.858750e-07  -2.626345e-07  +3.462591e-07  +6.990779e-07  -3.684901e-06  -2.294849e-06  -6.120405e-07  +3.861197e-07  -3.984930e-04  +7.278706e-07  +3.741707e-08  -3.787122e-04  +1.431039e-07  +1.389573e-07  -2.761641e-04  +8.168230e-08  -1.435296e-07  -4.285129e-04  
-1.470347e-07  +8.317795e-08  -1.816929e-06  +3.387859e-06  +1.835635e-07  -3.548627e-07  -2.369742e-06  -6.166542e-06  +8.135791e-07  -2.050694e-06  +6.055856e-06  -1.207202e-06  +1.236010e-06  -2.650156e-04  +3.741707e-08  +9.965575e-07  -7.995836e-04  +2.178253e-07  -3.130082e-07  -1.033024e-04  -1.129801e-07  -9.101204e-08  -4.444025e-04  
+3.503147e-03  +8.984074e-04  -3.357001e-02  -6.917298e-03  +5.613980e-03  +2.768991e-03  -5.512457e-03  +4.510381e-02  -1.733461e-02  +1.174982e-01  -1.352798e-01  +3.728570e-02  -2.560272e-02  +1.864833e+01  -3.787122e-04  -7.995836e-04  +1.895471e+01  -2.441533e-04  +1.661487e-03  +1.914991e+01  +2.158226e-03  +1.410465e-03  +1.591118e+01  
-1.083571e-07  -8.281636e-08  +1.286320e-06  +3.428568e-07  -4.159304e-07  +2.331258e-07  -1.616495e-07  -3.387823e-06  +2.346291e-07  -1.254497e-06  +4.938785e-06  -3.374906e-07  +2.287690e-07  -3.248314e-04  +1.431039e-07  +2.178253e-07  -2.441533e-04  +5.925069e-07  +3.330602e-08  -3.502824e-04  +2.383685e-08  -4.832176e-08  -9.835491e-05  
+2.823861e-07  +1.109735e-07  -1.722010e-06  -1.504940e-06  +8.401688e-07  +4.524518e-07  +8.386693e-07  +5.030612e-06  -1.363441e-06  +7.966711e-06  -1.368757e-05  +4.583137e-06  -3.256158e-06  +1.720189e-03  +1.389573e-07  -3.130082e-07  +1.661487e-03  +3.330602e-08  +1.298806e-06  +1.702886e-03  +4.962711e-07  +8.476619e-08  +1.257388e-03  
+3.540380e-03  +1.538745e-03  -3.546696e-02  +1.217343e-02  +5.833835e-03  +2.698758e-03  -9.474216e-03  +2.982205e-02  -1.676094e-02  +1.196368e-01  -1.450146e-01  +4.538995e-02  -2.908758e-02  +1.946530e+01  -2.761641e-04  -1.033024e-04  +1.914991e+01  -3.502824e-04  +1.702886e-03  +2.388461e+01  +2.252580e-03  +2.262516e-03  +1.675064e+01  
+4.482152e-07  -1.544282e-08  -5.463530e-06  -3.071355e-06  +1.411154e-06  +1.665576e-07  +2.226590e-07  +4.732067e-06  -2.246608e-06  +1.424661e-05  -1.825787e-05  +3.852149e-06  -2.633715e-06  +2.685894e-03  +8.168230e-08  -1.129801e-07  +2.158226e-03  +2.383685e-08  +4.962711e-07  +2.252580e-03  +7.976087e-07  +1.152738e-07  +1.883947e-03  
+1.267674e-07  +1.619825e-08  +6.159170e-07  +6.935202e-06  -3.848966e-07  +7.072327e-07  -1.458871e-06  -2.815932e-07  -9.064060e-07  +7.497359e-06  -5.435504e-06  +5.110539e-06  -2.799615e-06  +1.262490e-03  -1.435296e-07  -9.101204e-08  +1.410465e-03  -4.832176e-08  +8.476619e-08  +2.262516e-03  +1.152738e-07  +9.787736e-07  +1.115415e-03  
+3.171068e-03  +9.208611e-04  -3.122016e-02  -7.059452e-03  +5.348567e-03  +2.330818e-03  -4.738174e-03  +3.971814e-02  -1.538823e-02  +1.038187e-01  -1.182789e-01  +3.111714e-02  -2.131805e-02  +1.668066e+01  -4.285129e-04  -4.444025e-04  +1.591118e+01  -9.835491e-05  +1.257388e-03  +1.675064e+01  +1.883947e-03  +1.115415e-03  +1.471700e+01  
