mean:
+3.982337e+00  +3.953213e+00  +8.570333e-01  +1.336151e+00  +1.407075e+00  +4.037877e-01  +8.002475e-01  +1.368376e+00  +1.738807e-01  +1.838253e+00  +5.974921e+00  +3.592168e+00  +2.698346e+00  +1.997063e+02  +4.309431e+00  +5.294464e+00  +2.739483e+02  +5.453406e+00  +3.757901e+00  +3.238868e+02  +2.639741e+00  +4.560132e+00  +3.938786e+02  
covariance:
+1.021860e-06  +2.808216e-07  +5.472161e-07  -1.770383e-07  +1.559643e-06  +2.674430e-07  +3.147139e-07  -1.551144e-06  -7.635221e-07  +2.856202e-06  +1.136444e-06  +4.068771e-08  -3.585951e-08  -1.033529e-04  -2.394210e-07  +1.125869e-07  -1.339173e-04  +7.202400e-08  +5.654237e-09  +1.852086e-04  +7.647931e-08  +8.160370e-08  +2.637389e-04  
+2.808216e-07  +1.066093e-06  +4.963891e-07  -1.087488e-06  -1.057038e-06  +5.224378e-08  -5.000232e-08  -1.066498e-07  -1.965057e-07  +1.566914e-06  +1.799448e-06  +1.201286e-07  -3.589030e-08  -4.311679e-05  -3.405721e-07  +7.199117e-08  -2.293436e-04  +6.395013e-08  -5.572042e-08  +6.048716e-05  +3.571073e-08  +9.448044e-08  +1.886268e-04  
+5.472161e-07  +4.963891e-07  +8.767080e-05  +1.417064e-04  +2.463615e-04  +1.648638e-05  +1.421344e-05  -2.241857e-05  -3.050377e-05  +1.979040e-04  +1.829591e-04  +5.653883e-06  -1.804541e-06  -2.114330e-02  -1.440965e-05  +8.963855e-06  -9.879740e-03  +2.983837e-06  +1.686107e-06  +1.610921e-02  +3.802583e-06  -1.878422e-06  +1.615652e-02  
-1.770383e-07  -1.087488e-06  +1.417064e-04  +4.652582e-04  +6.690819e-04  +2.483890e-05  +2.870827e-05  -7.813064e-05  -5.198193e-05  +3.678587e-04  +1.814085e-04  +7.341469e-06  -6.317133e-06  -4.137359e-02  -2.408275e-05  +1.571543e-05  -2.124573e-02  +5.441462e-06  +3.794146e-06  +3.839386e-02  +6.459924e-06  -3.414632e-06  +3.241436e-02  
+1.559643e-06  -1.057038e-06  +2.463615e-04  +6.690819e-04  +1.235057e-03  +5.360491e-05  +6.809917e-05  -1.245388e-04  -9.876786e-05  +6.483002e-04  +4.818018e-04  +1.517712e-05  -1.019254e-05  -7.556381e-02  -4.617607e-05  +2.692060e-05  -3.787273e-02  +9.088801e-06  +9.166891e-06  +6.785356e-02  +1.436573e-05  -9.788506e-07  +6.649091e-02  
+2.674430e-07  +5.224378e-08  +1.648638e-05  +2.483890e-05  +5.360491e-05  +6.489888e-06  +8.733404e-06  -5.052033e-06  -8.853114e-06  +5.136934e-05  +5.478596e-05  +1.410015e-06  -3.468419e-07  -5.231201e-03  -3.546920e-06  +2.390599e-06  -1.786210e-03  +5.629419e-07  +1.007622e-06  +3.678128e-03  +1.414196e-06  -3.029695e-07  +4.918981e-03  
+3.147139e-07  -5.000232e-08  +1.421344e-05  +2.870827e-05  +6.809917e-05  +8.733404e-06  +3.029412e-05  +1.907724e-05  -1.221114e-05  +4.847474e-05  +8.384440e-05  +8.333758e-07  -6.769390e-07  -1.021516e-02  -4.380658e-06  +3.307299e-06  -9.095842e-04  +7.783297e-08  +1.630188e-06  +5.269881e-03  +3.038302e-06  -1.391440e-06  +6.711870e-03  
-1.551144e-06  -1.066498e-07  -2.241857e-05  -7.813064e-05  -1.245388e-04  -5.052033e-06  +1.907724e-05  +2.172850e-04  +1.081729e-05  -1.247407e-04  +7.921640e-05  -2.527529e-06  +8.152555e-07  -5.417137e-03  +1.046608e-05  -2.289836e-07  +6.658494e-03  -4.778690e-06  -1.220706e-06  -1.114794e-02  -4.255756e-07  -3.780905e-06  -6.818790e-03  
-7.635221e-07  -1.965057e-07  -3.050377e-05  -5.198193e-05  -9.876786e-05  -8.853114e-06  -1.221114e-05  +1.081729e-05  +1.527823e-05  -8.960794e-05  -8.453624e-05  -2.530142e-06  +8.186152e-07  +8.768285e-03  +7.068193e-06  -4.108924e-06  +3.930887e-03  -1.466139e-06  -1.288775e-06  -7.123197e-03  -2.322985e-06  +5.930613e-07  -8.312806e-03  
+2.856202e-06  +1.566914e-06  +1.979040e-04  +3.678587e-04  +6.483002e-04  +5.136934e-05  +4.847474e-05  -1.247407e-04  -8.960794e-05  +5.921543e-04  +4.309696e-04  +1.657832e-05  -5.696523e-06  -4.859295e-02  -4.883656e-05  +2.620755e-05  -2.799406e-02  +1.133336e-05  +6.923594e-06  +4.653640e-02  +1.239455e-05  -2.407085e-06  +5.093382e-02  
+1.136444e-06  +1.799448e-06  +1.829591e-04  +1.814085e-04  +4.818018e-04  +5.478596e-05  +8.384440e-05  +7.921640e-05  -8.453624e-05  +4.309696e-04  +8.298010e-04  +1.602287e-05  -1.376122e-06  -6.240124e-02  -2.331459e-05  +1.984156e-05  -1.946731e-02  +2.252863e-06  +7.839731e-06  +3.085293e-02  +1.521354e-05  -4.535634e-06  +4.777419e-02  
+4.068771e-08  +1.201286e-07  +5.653883e-06  +7.341469e-06  +1.517712e-05  +1.410015e-06  +8.333758e-07  -2.527529e-06  -2.530142e-06  +1.657832e-05  +1.602287e-05  +1.197328e-06  -6.608605e-08  -1.058205e-03  -1.883835e-06  +6.361793e-07  -1.202849e-03  +3.244285e-07  +1.671607e-07  +1.233260e-03  +3.224976e-07  +2.293004e-07  +1.727091e-03  
-3.585951e-08  -3.589030e-08  -1.804541e-06  -6.317133e-06  -1.019254e-05  -3.468419e-07  -6.769390e-07  +8.152555e-07  +8.186152e-07  -5.696523e-06  -1.376122e-06  -6.608605e-08  +7.302447e-07  +6.784264e-04  +6.454575e-07  -1.030677e-07  +2.090586e-04  -1.905817e-07  -9.443407e-08  -7.898843e-04  -2.883675e-07  +3.321398e-08  -7.803739e-04  
-1.033529e-04  -4.311679e-05  -2.114330e-02  -4.137359e-02  -7.556381e-02  -5.231201e-03  -1.021516e-02  -5.417137e-03  +8.768285e-03  -4.859295e-02  -6.240124e-02  -1.058205e-03  +6.784264e-04  +8.277234e+00  +3.884359e-03  -2.542087e-03  +2.066687e+00  -5.968393e-04  -8.357081e-04  -4.765189e+00  -1.436716e-03  +6.176454e-04  -5.141702e+00  
-2.394210e-07  -3.405721e-07  -1.440965e-05  -2.408275e-05  -4.617607e-05  -3.546920e-06  -4.380658e-06  +1.046608e-05  +7.068193e-06  -4.883656e-05  -2.331459e-05  -1.883835e-06  +6.454575e-07  +3.884359e-03  +1.020431e-05  -3.021955e-06  +2.739900e-03  -1.897686e-06  -4.977669e-07  -4.554202e-03  -8.849618e-07  -3.781034e-07  -4.339101e-03  
+1.125869e-07  +7.199117e-08  +8.963855e-06  +1.571543e-05  +2.692060e-05  +2.390599e-06  +3.307299e-06  -2.289836e-07  -4.108924e-06  +2.620755e-05  +1.984156e-05  +6.361793e-07  -1.030677e-07  -2.542087e-03  -3.021955e-06  +1.913583e-06  -1.129411e-03  +5.796215e-07  +2.588423e-07  +1.912461e-03  +4.330195e-07  -2.226333e-07  +2.064002e-03  
-1.339173e-04  -2.293436e-04  -9.879740e-03  -2.124573e-02  -3.787273e-02  -1.786210e-03  -9.095842e-04  +6.658494e-03  +3.930887e-03  -2.799406e-02  -1.946731e-02  -1.202849e-03  +2.090586e-04  +2.066687e+00  +2.739900e-03  -1.129411e-03  +2.624031e+00  -5.593656e-04  -1.505082e-04  -2.474200e+00  -5.254754e-04  -1.414491e-04  -2.629791e+00  
+7.202400e-08  +6.395013e-08  +2.983837e-06  +5.441462e-06  +9.088801e-06  +5.629419e-07  +7.783297e-08  -4.778690e-06  -1.466139e-06  +1.133336e-05  +2.252863e-06  +3.244285e-07  -1.905817e-07  -5.968393e-04  -1.897686e-06  +5.796215e-07  -5.593656e-04  +9.199238e-07  +1.231140e-07  +1.232098e-03  +9.019580e-08  +1.023829e-07  +1.015977e-03  
+5.654237e-09  -5.572042e-08  +1.686107e-06  +3.794146e-06  +9.166891e-06  +1.007622e-06  +1.630188e-06  -1.220706e-06  -1.288775e-06  +6.923594e-06  +7.839731e-06  +1.671607e-07  -9.443407e-08  -8.357081e-04  -4.977669e-07  +2.588423e-07  -1.505082e-04  +1.231140e-07  +4.954117e-07  +7.217259e-04  +2.566978e-07  -3.843235e-09  +7.937858e-04  
+1.852086e-04  +6.048716e-05  +1.610921e-02  +3.839386e-02  +6.785356e-02  +3.678128e-03  +5.269881e-03  -1.114794e-02  -7.123197e-03  +4.653640e-02  +3.085293e-02  +1.233260e-03  -7.898843e-04  -4.765189e+00  -4.554202e-03  +1.912461e-03  -2.474200e+00  +1.232098e-03  +7.217259e-04  +5.406691e+00  +1.118486e-03  -1.059034e-04  +4.551756e+00  
+7.647931e-08  +3.571073e-08  +3.802583e-06  +6.459924e-06  +1.436573e-05  +1.414196e-06  +3.038302e-06  -4.255756e-07  -2.322985e-06  +1.239455e-05  +1.521354e-05  +3.224976e-07  -2.883675e-07  -1.436716e-03  -8.849618e-07  +4.330195e-07  -5.254754e-04  +9.019580e-08  +2.566978e-07  +1.118486e-03  +8.498379e-07  -2.015667e-07  +1.414293e-03  
+8.160370e-08  +9.448044e-08  -1.878422e-06  -3.414632e-06  -9.788506e-07  -3.029695e-07  -1.391440e-06  -3.780905e-06  +5.930613e-07  -2.407085e-06  -4.535634e-06  +2.293004e-07  +3.321398e-08  +6.176454e-04  -3.781034e-07  -2.226333e-07  -1.414491e-04  +1.023829e-07  -3.843235e-09  -1.059034e-04  -2.015667e-07  +1.043900e-06  +1.432096e-04  
+2.637389e-04  +1.886268e-04  +1.615652e-02  +3.241436e-02  +6.649091e-02  +4.918981e-03  +6.711870e-03  -6.818790e-03  -8.312806e-03  +5.093382e-02  +4.777419e-02  +1.727091e-03  -7.803739e-04  -5.141702e+00  -4.339101e-03  +2.064002e-03  -2.629791e+00  +1.015977e-03  +7.937858e-04  +4.551756e+00  +1.414293e-03  +1.432096e-04  +6.178156e+00  
