mean:
+3.984450e+00  +3.978174e+00  +5.961211e-01  +2.025126e+00  +1.270379e+00  +4.996750e-01  +8.299432e-01  +2.214154e+00  +3.801978e-02  +3.869498e+00  +5.927471e+00  +4.573460e+00  +3.237959e+00  +3.266300e+02  +2.590442e+00  +3.726147e+00  +4.571944e+02  +4.639671e+00  +4.959921e+00  +8.082843e+02  +3.990500e+00  +5.154246e+00  +4.386655e+02  
covariance:
+4.244873e-06  -2.519288e-06  +6.844358e-07  -1.401855e-06  -6.761965e-07  +1.153276e-06  -1.591828e-07  +1.148219e-06  -6.462178e-08  +9.612137e-07  +5.120862e-06  +2.428326e-07  +1.868052e-07  -7.306666e-04  +6.329946e-08  +2.443350e-07  -8.649030e-05  -3.287146e-07  +7.807961e-08  -1.647616e-03  +2.601520e-07  +2.291288e-07  +3.655450e-04  
-2.519288e-06  +3.942560e-06  -1.769332e-06  +4.306072e-07  +2.000393e-06  -2.511905e-06  +2.133172e-06  -2.754109e-06  -3.810356e-08  +3.051976e-06  -2.888671e-05  -9.324770e-09  -1.771880e-07  +1.079224e-03  +1.120052e-07  -8.952509e-08  +1.370478e-03  +1.764112e-07  -8.984838e-08  +4.387733e-03  -2.512507e-07  -5.229411e-08  +1.145248e-03  
+6.844358e-07  -1.769332e-06  +1.360423e-05  +2.206764e-06  -1.150623e-05  +5.006193e-06  -2.647088e-06  -1.175859e-05  +1.571972e-07  -1.225904e-05  +5.592358e-05  +2.989598e-07  +8.304164e-08  -3.497112e-03  +4.898917e-08  -6.985072e-07  -3.125187e-03  -7.717340e-07  +1.433280e-07  -8.122434e-03  +9.141022e-07  +5.808296e-08  -1.047345e-03  
-1.401855e-06  +4.306072e-07  +2.206764e-06  +1.094513e-04  -8.175487e-06  -2.714964e-06  -4.109029e-06  -4.446322e-05  +4.890487e-07  -7.274664e-06  -5.458815e-05  -2.223577e-07  +1.424231e-06  +5.203620e-04  -1.171989e-06  -1.455818e-06  -6.001503e-03  +1.446748e-06  +1.327801e-06  +5.984102e-03  +4.839846e-07  -7.028217e-07  -7.952354e-03  
-6.761965e-07  +2.000393e-06  -1.150623e-05  -8.175487e-06  +5.822917e-05  -8.749519e-06  +1.966476e-05  +3.894858e-05  -1.019279e-06  +3.953174e-05  -6.330282e-05  +3.010575e-07  -1.207382e-06  +7.188471e-03  +1.598373e-07  +1.023463e-06  +1.081900e-02  +6.030342e-07  +6.602289e-07  +1.516044e-02  -3.091600e-06  +1.061317e-06  +7.915295e-03  
+1.153276e-06  -2.511905e-06  +5.006193e-06  -2.714964e-06  -8.749519e-06  +8.757283e-06  -8.767803e-06  +5.883450e-06  +2.908244e-07  -1.792301e-05  +9.478745e-05  -1.847803e-07  +1.497342e-07  -3.390026e-03  -2.639805e-07  -1.987399e-07  -6.195397e-03  -8.222178e-08  -3.153050e-08  -1.510412e-02  +9.488662e-07  -6.925752e-07  -4.971573e-03  
-1.591828e-07  +2.133172e-06  -2.647088e-06  -4.109029e-06  +1.966476e-05  -8.767803e-06  +2.820142e-05  +1.135429e-05  -1.376486e-06  +4.350501e-05  -9.352954e-05  +8.700243e-07  -5.964912e-07  +4.500182e-03  +7.241852e-07  +1.756109e-07  +1.100101e-02  -1.111882e-06  -6.685649e-08  +1.682524e-02  -2.106741e-06  +1.249016e-06  +1.113147e-02  
+1.148219e-06  -2.754109e-06  -1.175859e-05  -4.446322e-05  +3.894858e-05  +5.883450e-06  +1.135429e-05  +1.412791e-04  -1.407040e-06  +2.246592e-05  +1.702638e-04  -2.849231e-07  -3.573873e-06  +6.893933e-03  -1.007934e-06  +8.239605e-07  +3.095259e-03  +1.130346e-06  +7.490851e-07  -1.505264e-02  -3.598539e-06  -1.547240e-07  -3.222868e-03  
-6.462178e-08  -3.810356e-08  +1.571972e-07  +4.890487e-07  -1.019279e-06  +2.908244e-07  -1.376486e-06  -1.407040e-06  +9.853689e-08  -2.247647e-06  +2.571529e-06  -5.316687e-08  +3.734027e-08  -2.188667e-04  -3.162740e-08  -1.371417e-08  -4.940656e-04  +5.963524e-08  +2.226134e-09  -5.579170e-04  +1.095397e-07  -6.296871e-08  -4.831942e-04  
+9.612137e-07  +3.051976e-06  -1.225904e-05  -7.274664e-06  +3.953174e-05  -1.792301e-05  +4.350501e-05  +2.246592e-05  -2.247647e-06  +8.782914e-05  -2.134229e-04  +2.669023e-06  -1.397823e-06  +8.776572e-03  +2.081699e-06  +5.788862e-07  +2.180219e-02  -2.210784e-06  +3.439226e-07  +3.357978e-02  -3.235588e-06  +2.646113e-06  +1.915520e-02  
+5.120862e-06  -2.888671e-05  +5.592358e-05  -5.458815e-05  -6.330282e-05  +9.478745e-05  -9.352954e-05  +1.702638e-04  +2.571529e-06  -2.134229e-04  +1.346127e-03  -6.902417e-06  -7.379783e-07  -2.525337e-02  -9.261159e-06  -3.215029e-06  -7.015306e-02  +5.633387e-06  +2.357511e-07  -1.794021e-01  +4.655615e-06  -7.978425e-06  -6.568411e-02  
+2.428326e-07  -9.324770e-09  +2.989598e-07  -2.223577e-07  +3.010575e-07  -1.847803e-07  +8.700243e-07  -2.849231e-07  -5.316687e-08  +2.669023e-06  -6.902417e-06  +4.691300e-07  -3.102559e-08  -1.234325e-04  +1.653215e-07  -9.333497e-08  +5.540229e-04  -2.496777e-07  +1.059170e-07  +4.808144e-04  +5.424179e-08  +1.114384e-07  +7.240603e-04  
+1.868052e-07  -1.771880e-07  +8.304164e-08  +1.424231e-06  -1.207382e-06  +1.497342e-07  -5.964912e-07  -3.573873e-06  +3.734027e-08  -1.397823e-06  -7.379783e-07  -3.102559e-08  +4.655391e-07  -3.058126e-04  -1.327847e-07  +5.838815e-08  -3.481740e-04  +3.041783e-08  +1.467605e-08  +1.521683e-05  +8.665759e-08  +7.911187e-08  +2.776612e-05  
-7.306666e-04  +1.079224e-03  -3.497112e-03  +5.203620e-04  +7.188471e-03  -3.390026e-03  +4.500182e-03  +6.893933e-03  -2.188667e-04  +8.776572e-03  -2.525337e-02  -1.234325e-04  -3.058126e-04  +2.423865e+00  -1.652894e-04  +2.576623e-05  +2.580560e+00  +3.515779e-04  +1.149432e-04  +5.325746e+00  -7.159500e-04  +1.566871e-04  +1.330600e+00  
+6.329946e-08  +1.120052e-07  +4.898917e-08  -1.171989e-06  +1.598373e-07  -2.639805e-07  +7.241852e-07  -1.007934e-06  -3.162740e-08  +2.081699e-06  -9.261159e-06  +1.653215e-07  -1.327847e-07  -1.652894e-04  +3.737903e-07  +5.563871e-08  +5.816616e-04  -2.945971e-07  -6.829764e-08  +7.975272e-04  +6.127157e-08  +5.427333e-08  +6.270711e-04  
+2.443350e-07  -8.952509e-08  -6.985072e-07  -1.455818e-06  +1.023463e-06  -1.987399e-07  +1.756109e-07  +8.239605e-07  -1.371417e-08  +5.788862e-07  -3.215029e-06  -9.333497e-08  +5.838815e-08  +2.576623e-05  +5.563871e-08  +4.360168e-07  +2.370685e-04  -4.306485e-08  -8.975370e-08  +3.423386e-04  +1.976804e-08  +7.145691e-08  +2.704902e-04  
-8.649030e-05  +1.370478e-03  -3.125187e-03  -6.001503e-03  +1.081900e-02  -6.195397e-03  +1.100101e-02  +3.095259e-03  -4.940656e-04  +2.180219e-02  -7.015306e-02  +5.540229e-04  -3.481740e-04  +2.580560e+00  +5.816616e-04  +2.370685e-04  +6.981881e+00  -5.859009e-04  +5.726526e-05  +1.156622e+01  -9.026476e-04  +9.482289e-04  +5.985747e+00  
-3.287146e-07  +1.764112e-07  -7.717340e-07  +1.446748e-06  +6.030342e-07  -8.222178e-08  -1.111882e-06  +1.130346e-06  +5.963524e-08  -2.210784e-06  +5.633387e-06  -2.496777e-07  +3.041783e-08  +3.515779e-04  -2.945971e-07  -4.306485e-08  -5.859009e-04  +5.320787e-07  +2.765336e-08  -2.219228e-04  -9.004288e-08  -7.958302e-08  -8.128616e-04  
+7.807961e-08  -8.984838e-08  +1.433280e-07  +1.327801e-06  +6.602289e-07  -3.153050e-08  -6.685649e-08  +7.490851e-07  +2.226134e-09  +3.439226e-07  +2.357511e-07  +1.059170e-07  +1.467605e-08  +1.149432e-04  -6.829764e-08  -8.975370e-08  +5.726526e-05  +2.765336e-08  +2.253095e-07  +9.048003e-05  +7.256869e-09  +3.381384e-08  -5.105057e-05  
-1.647616e-03  +4.387733e-03  -8.122434e-03  +5.984102e-03  +1.516044e-02  -1.510412e-02  +1.682524e-02  -1.505264e-02  -5.579170e-04  +3.357978e-02  -1.794021e-01  +4.808144e-04  +1.521683e-05  +5.325746e+00  +7.975272e-04  +3.423386e-04  +1.156622e+01  -2.219228e-04  +9.048003e-05  +2.829647e+01  -1.500888e-03  +1.377257e-03  +9.934386e+00  
+2.601520e-07  -2.512507e-07  +9.141022e-07  +4.839846e-07  -3.091600e-06  +9.488662e-07  -2.106741e-06  -3.598539e-06  +1.095397e-07  -3.235588e-06  +4.655615e-06  +5.424179e-08  +8.665759e-08  -7.159500e-04  +6.127157e-08  +1.976804e-08  -9.026476e-04  -9.004288e-08  +7.256869e-09  -1.500888e-03  +4.484766e-07  -3.907370e-08  -5.894521e-04  
+2.291288e-07  -5.229411e-08  +5.808296e-08  -7.028217e-07  +1.061317e-06  -6.925752e-07  +1.249016e-06  -1.547240e-07  -6.296871e-08  +2.646113e-06  -7.978425e-06  +1.114384e-07  +7.911187e-08  +1.566871e-04  +5.427333e-08  +7.145691e-08  +9.482289e-04  -7.958302e-08  +3.381384e-08  +1.377257e-03  -3.907370e-08  +4.195000e-07  +9.636752e-04  
+3.655450e-04  +1.145248e-03  -1.047345e-03  -7.952354e-03  +7.915295e-03  -4.971573e-03  +1.113147e-02  -3.222868e-03  -4.831942e-04  +1.915520e-02  -6.568411e-02  +7.240603e-04  +2.776612e-05  +1.330600e+00  +6.270711e-04  +2.704902e-04  +5.985747e+00  -8.128616e-04  -5.105057e-05  +9.934386e+00  -5.894521e-04  +9.636752e-04  +6.984380e+00  
