mean:
+3.985202e+00  +3.939610e+00  +6.427033e-01  -1.206863e+00  +1.668931e+00  +5.041451e-01  +9.244374e-01  +2.051834e+00  +1.390209e-01  +2.051797e+00  +4.853672e+00  +1.839380e+00  +2.983284e+00  +8.084721e+02  +4.960101e+00  +4.479564e+00  +2.010793e+03  
covariance:
+9.005739e-06  +7.213551e-07  -8.209179e-07  -2.774777e-05  +3.261462e-05  +1.784665e-06  +2.209116e-05  +9.289744e-06  -9.437328e-06  +8.691529e-05  -1.054790e-04  +5.995074e-07  -3.047559e-07  +3.539503e-03  -1.757374e-07  -3.763255e-07  +1.489643e-02  
+7.213551e-07  +6.478282e-06  +2.606381e-06  +1.291790e-05  -1.273309e-05  -9.821469e-07  -1.031715e-05  -1.228424e-05  +4.791618e-06  -4.276426e-05  +4.983026e-05  -3.103173e-07  -8.925124e-08  +5.020237e-04  +2.205887e-07  +1.883827e-07  -6.685385e-03  
-8.209179e-07  +2.606381e-06  +1.587447e-04  -1.776918e-05  -5.474836e-05  -3.759475e-07  +6.015109e-05  -2.020714e-04  +5.104402e-06  -9.520472e-05  -1.698191e-04  +1.544896e-06  -4.161965e-07  +3.986364e-02  +1.305977e-06  +1.535326e-06  +2.861398e-03  
-2.774777e-05  +1.291790e-05  -1.776918e-05  +8.509193e-04  -2.686716e-04  -3.579759e-05  -2.200765e-04  -2.288013e-04  +9.376093e-05  -8.711384e-04  +9.304068e-04  -3.571795e-06  -3.491727e-07  -1.906011e-02  +9.376646e-07  +3.211200e-06  -1.475339e-01  
+3.261462e-05  -1.273309e-05  -5.474836e-05  -2.686716e-04  +4.825117e-04  +1.235600e-05  +2.067298e-04  +2.255050e-04  -9.566805e-05  +9.390387e-04  -1.013878e-03  +3.948984e-06  -1.459226e-06  +3.059997e-02  -2.814052e-06  -3.848644e-06  +1.503328e-01  
+1.784665e-06  -9.821469e-07  -3.759475e-07  -3.579759e-05  +1.235600e-05  +1.689904e-05  +1.198509e-05  +6.300606e-05  -7.468159e-06  +7.191474e-05  -4.383599e-05  -4.907600e-07  -4.874190e-07  -1.155730e-02  +9.246670e-08  -5.560611e-07  +1.847004e-02  
+2.209116e-05  -1.031715e-05  +6.015109e-05  -2.200765e-04  +2.067298e-04  +1.198509e-05  +2.074448e-04  +2.721394e-05  -6.762603e-05  +6.070239e-04  -8.366602e-04  +5.013015e-06  -1.619602e-06  +3.895228e-02  -1.011486e-06  -1.716767e-06  +1.033829e-01  
+9.289744e-06  -1.228424e-05  -2.020714e-04  -2.288013e-04  +2.255050e-04  +6.300606e-05  +2.721394e-05  +8.727114e-04  -5.667268e-05  +5.696544e-04  -4.156848e-05  -4.659219e-06  -2.767409e-06  -9.467778e-02  -2.171021e-06  -5.055937e-06  +9.680918e-02  
-9.437328e-06  +4.791618e-06  +5.104402e-06  +9.376093e-05  -9.566805e-05  -7.468159e-06  -6.762603e-05  -5.667268e-05  +3.090593e-05  -2.855245e-04  +2.986033e-04  -1.652547e-06  +4.663526e-07  -7.484105e-03  +6.700789e-07  +9.993628e-07  -4.478898e-02  
+8.691529e-05  -4.276426e-05  -9.520472e-05  -8.711384e-04  +9.390387e-04  +7.191474e-05  +6.070239e-04  +5.696544e-04  -2.855245e-04  +2.745773e-03  -2.864404e-03  +1.464827e-05  -3.508896e-06  +5.720513e-02  -6.060059e-06  -9.621935e-06  +4.419877e-01  
-1.054790e-04  +4.983026e-05  -1.698191e-04  +9.304068e-04  -1.013878e-03  -4.383599e-05  -8.366602e-04  -4.156848e-05  +2.986033e-04  -2.864404e-03  +4.419369e-03  -2.220219e-05  -9.772192e-08  -1.419432e-01  +4.298531e-06  +7.312357e-06  -5.779897e-01  
+5.995074e-07  -3.103173e-07  +1.544896e-06  -3.571795e-06  +3.948984e-06  -4.907600e-07  +5.013015e-06  -4.659219e-06  -1.652547e-06  +1.464827e-05  -2.220219e-05  +8.023115e-07  -8.535559e-08  +1.366595e-03  -2.084587e-10  -5.987579e-09  +2.152469e-03  
-3.047559e-07  -8.925124e-08  -4.161965e-07  -3.491727e-07  -1.459226e-06  -4.874190e-07  -1.619602e-06  -2.767409e-06  +4.663526e-07  -3.508896e-06  -9.772192e-08  -8.535559e-08  +7.926372e-07  +1.819656e-05  +5.901093e-08  +7.473569e-08  -8.379173e-04  
+3.539503e-03  +5.020237e-04  +3.986364e-02  -1.906011e-02  +3.059997e-02  -1.155730e-02  +3.895228e-02  -9.467778e-02  -7.484105e-03  +5.720513e-02  -1.419432e-01  +1.366595e-03  +1.819656e-05  +3.249470e+01  -2.713589e-04  +5.057445e-04  +1.271026e+00  
-1.757374e-07  +2.205887e-07  +1.305977e-06  +9.376646e-07  -2.814052e-06  +9.246670e-08  -1.011486e-06  -2.171021e-06  +6.700789e-07  -6.060059e-06  +4.298531e-06  -2.084587e-10  +5.901093e-08  -2.713589e-04  +3.319918e-07  +1.127330e-07  -8.301567e-04  
-3.763255e-07  +1.883827e-07  +1.535326e-06  +3.211200e-06  -3.848644e-06  -5.560611e-07  -1.716767e-06  -5.055937e-06  +9.993628e-07  -9.621935e-06  +7.312357e-06  -5.987579e-09  +7.473569e-08  +5.057445e-04  +1.127330e-07  +3.983957e-07  -1.795083e-03  
+1.489643e-02  -6.685385e-03  +2.861398e-03  -1.475339e-01  +1.503328e-01  +1.847004e-02  +1.033829e-01  +9.680918e-02  -4.478898e-02  +4.419877e-01  -5.779897e-01  +2.152469e-03  -8.379173e-04  +1.271026e+00  -8.301567e-04  -1.795083e-03  +1.105183e+02  
