mean:
+3.922534e+00  +3.904694e+00  +6.553297e-01  -1.085437e+00  +1.660022e+00  +5.979888e-01  +9.125285e-01  +2.066250e+00  +1.454639e-01  +1.961262e+00  +4.813861e+00  +1.905808e+00  +3.007431e+00  +7.996047e+02  +4.959940e+00  +4.479701e+00  +2.017247e+03  
covariance:
+3.387190e-05  -1.535545e-06  +9.725040e-06  +8.296081e-05  -9.206336e-06  -9.285866e-06  +3.825857e-05  +4.675183e-05  -6.402484e-06  -1.652190e-05  +2.570083e-04  +6.351937e-07  +7.175370e-07  +4.902128e-03  -4.235557e-07  +4.374140e-08  -2.193186e-02  
-1.535545e-06  +6.777572e-06  +3.558406e-06  -3.531354e-05  -2.384393e-06  +3.946369e-06  -1.848062e-05  -2.241385e-05  +3.407557e-06  +3.637879e-06  -1.549073e-04  +1.436967e-07  -4.541739e-07  -2.751225e-03  -8.720683e-08  +3.012879e-07  +1.339046e-02  
+9.725040e-06  +3.558406e-06  +8.710824e-05  +1.231285e-04  -8.272939e-05  +2.268175e-06  -7.661270e-06  -3.182953e-05  +1.222259e-05  +6.012153e-06  -7.317166e-04  -2.777249e-08  -1.584545e-06  -3.896066e-03  +6.765166e-08  +6.284387e-07  +7.656050e-02  
+8.296081e-05  -3.531354e-05  +1.231285e-04  +1.619195e-03  -3.461504e-04  -1.305050e-04  +5.323539e-04  +1.589657e-04  -9.078583e-05  +3.045401e-05  +1.982710e-03  +7.004295e-06  +4.869827e-06  +3.482136e-02  -2.220829e-07  -1.599548e-06  -1.597176e-01  
-9.206336e-06  -2.384393e-06  -8.272939e-05  -3.461504e-04  +6.917031e-04  +3.287520e-05  -4.070324e-05  -1.030679e-04  -6.234191e-06  -5.364708e-06  +9.368484e-04  +2.722142e-06  -1.033418e-06  -4.670416e-03  +1.339145e-06  +2.030944e-06  -8.585132e-02  
-9.285866e-06  +3.946369e-06  +2.268175e-06  -1.305050e-04  +3.287520e-05  +1.700428e-05  -5.821802e-05  -4.578494e-05  +1.118575e-05  +3.133072e-06  -3.278553e-04  -6.578886e-07  -1.434483e-06  -5.024031e-03  -1.674880e-08  -9.582855e-10  +2.901871e-02  
+3.825857e-05  -1.848062e-05  -7.661270e-06  +5.323539e-04  -4.070324e-05  -5.821802e-05  +2.687369e-04  +2.287558e-04  -5.263261e-05  -2.635967e-05  +1.719416e-03  +3.586239e-06  +4.526446e-06  +2.727598e-02  -1.936353e-09  -1.179216e-06  -1.477147e-01  
+4.675183e-05  -2.241385e-05  -3.182953e-05  +1.589657e-04  -1.030679e-04  -4.578494e-05  +2.287558e-04  +9.724250e-04  -2.853412e-05  -2.573849e-04  +1.954041e-03  +1.513539e-06  +9.018257e-06  +6.404945e-02  +2.729796e-08  -1.587853e-06  -1.499835e-01  
-6.402484e-06  +3.407557e-06  +1.222259e-05  -9.078583e-05  -6.234191e-06  +1.118575e-05  -5.263261e-05  -2.853412e-05  +1.432662e-05  -8.003473e-06  -4.450689e-04  -8.731460e-07  -9.347342e-07  -4.378760e-03  +4.740120e-08  +3.503431e-07  +4.073089e-02  
-1.652190e-05  +3.637879e-06  +6.012153e-06  +3.045401e-05  -5.364708e-06  +3.133072e-06  -2.635967e-05  -2.573849e-04  -8.003473e-06  +1.771813e-04  -4.919027e-04  +5.108599e-07  -1.729851e-06  -2.070910e-02  +5.829614e-07  -3.824655e-07  +3.281395e-02  
+2.570083e-04  -1.549073e-04  -7.317166e-04  +1.982710e-03  +9.368484e-04  -3.278553e-04  +1.719416e-03  +1.954041e-03  -4.450689e-04  -4.919027e-04  +1.974875e-02  +2.731718e-05  +3.542739e-05  +2.381182e-01  -4.950728e-06  -1.194029e-05  -1.795659e+00  
+6.351937e-07  +1.436967e-07  -2.777249e-08  +7.004295e-06  +2.722142e-06  -6.578886e-07  +3.586239e-06  +1.513539e-06  -8.731460e-07  +5.108599e-07  +2.731718e-05  +6.111521e-07  -1.019900e-07  +1.227226e-04  -2.725311e-08  +3.468459e-08  -2.934104e-03  
+7.175370e-07  -4.541739e-07  -1.584545e-06  +4.869827e-06  -1.033418e-06  -1.434483e-06  +4.526446e-06  +9.018257e-06  -9.347342e-07  -1.729851e-06  +3.542739e-05  -1.019900e-07  +7.845452e-07  +8.001609e-04  +7.260897e-08  -5.851857e-09  -2.641143e-03  
+4.902128e-03  -2.751225e-03  -3.896066e-03  +3.482136e-02  -4.670416e-03  -5.024031e-03  +2.727598e-02  +6.404945e-02  -4.378760e-03  -2.070910e-02  +2.381182e-01  +1.227226e-04  +8.001609e-04  +8.062037e+00  -8.796031e-05  -3.811446e-04  -1.724337e+01  
-4.235557e-07  -8.720683e-08  +6.765166e-08  -2.220829e-07  +1.339145e-06  -1.674880e-08  -1.936353e-09  +2.729796e-08  +4.740120e-08  +5.829614e-07  -4.950728e-06  -2.725311e-08  +7.260897e-08  -8.796031e-05  +2.851186e-07  +3.002910e-08  +4.514633e-04  
+4.374140e-08  +3.012879e-07  +6.284387e-07  -1.599548e-06  +2.030944e-06  -9.582855e-10  -1.179216e-06  -1.587853e-06  +3.503431e-07  -3.824655e-07  -1.194029e-05  +3.468459e-08  -5.851857e-09  -3.811446e-04  +3.002910e-08  +3.834088e-07  +8.932690e-04  
-2.193186e-02  +1.339046e-02  +7.656050e-02  -1.597176e-01  -8.585132e-02  +2.901871e-02  -1.477147e-01  -1.499835e-01  +4.073089e-02  +3.281395e-02  -1.795659e+00  -2.934104e-03  -2.641143e-03  -1.724337e+01  +4.514633e-04  +8.932690e-04  +1.747781e+02  
