mean:
+3.930858e+00  +3.908745e+00  +6.402347e-01  -1.168665e+00  +1.574645e+00  +6.075251e-01  +9.322161e-01  +2.054645e+00  +1.449813e-01  +1.967304e+00  +4.762074e+00  +1.905446e+00  +3.007419e+00  +8.019281e+02  +4.960035e+00  +4.480001e+00  +2.008350e+03  
covariance:
+1.386212e-05  +1.026316e-05  +4.350856e-06  +2.780536e-05  -2.617222e-06  -4.396081e-06  -8.199718e-06  +3.049277e-05  +2.526114e-08  -1.283611e-05  +1.429944e-04  +2.597982e-07  +6.878189e-08  +4.275616e-03  -6.306602e-08  -2.173104e-08  -5.393985e-03  
+1.026316e-05  +1.882281e-05  +2.332592e-06  -5.198743e-05  +4.399634e-05  +5.592693e-06  +2.358822e-06  -2.528771e-05  -7.480717e-07  +3.546278e-05  -2.016049e-04  +1.481124e-10  +1.732715e-07  -4.024394e-03  -2.927829e-07  -9.454526e-08  +8.376802e-03  
+4.350856e-06  +2.332592e-06  +5.445842e-05  +7.478065e-05  -1.091716e-04  -1.278563e-07  +2.044127e-05  +3.043450e-05  +6.439646e-07  -3.498168e-05  +7.007416e-05  -5.203200e-07  -1.499163e-06  +7.926550e-03  +4.545065e-07  -3.831970e-07  -2.176982e-03  
+2.780536e-05  -5.198743e-05  +7.478065e-05  +1.808844e-03  -1.233823e-03  -1.124652e-04  +3.315712e-05  +1.183843e-04  +1.218280e-06  -7.136546e-04  +4.052159e-03  +2.843777e-06  -4.397352e-06  +1.361418e-01  +2.620942e-06  +3.232639e-06  -1.343083e-01  
-2.617222e-06  +4.399634e-05  -1.091716e-04  -1.233823e-03  +1.654509e-03  +5.187310e-05  -1.999636e-04  +4.118276e-04  -2.607676e-05  +7.480892e-04  -1.697062e-03  -4.028988e-07  +2.257845e-06  -8.986552e-02  -1.960487e-06  -2.037882e-06  +2.034673e-02  
-4.396081e-06  +5.592693e-06  -1.278563e-07  -1.124652e-04  +5.187310e-05  +1.995805e-05  +1.638718e-05  -7.469145e-05  -4.567348e-07  +7.597274e-05  -5.334062e-04  -2.879149e-07  +4.689880e-07  -1.236833e-02  -8.153579e-08  -9.307215e-08  +1.776288e-02  
-8.199718e-06  +2.358822e-06  +2.044127e-05  +3.315712e-05  -1.999636e-04  +1.638718e-05  +1.249379e-04  -2.682670e-04  +1.944871e-06  -2.903115e-05  -6.830701e-04  -5.500401e-08  +1.232531e-07  +7.172149e-03  +5.311173e-08  +7.208041e-07  +3.460835e-02  
+3.049277e-05  -2.528771e-05  +3.043450e-05  +1.183843e-04  +4.118276e-04  -7.469145e-05  -2.682670e-04  +1.320818e-03  -1.653390e-05  -5.567332e-05  +3.069879e-03  +9.157267e-06  -5.518703e-06  +4.885409e-02  +2.923691e-06  -3.780864e-06  -1.659832e-01  
+2.526114e-08  -7.480717e-07  +6.439646e-07  +1.218280e-06  -2.607676e-05  -4.567348e-07  +1.944871e-06  -1.653390e-05  +3.096733e-06  -2.321582e-05  -6.994648e-06  -2.441211e-07  +2.097369e-07  -1.200857e-03  -1.079802e-07  +9.712279e-08  +2.390824e-03  
-1.283611e-05  +3.546278e-05  -3.498168e-05  -7.136546e-04  +7.480892e-04  +7.597274e-05  -2.903115e-05  -5.567332e-05  -2.321582e-05  +6.278593e-04  -2.214398e-03  -7.083274e-09  +1.183490e-06  -6.058864e-02  -9.974202e-08  -1.630872e-06  +5.858339e-02  
+1.429944e-04  -2.016049e-04  +7.007416e-05  +4.052159e-03  -1.697062e-03  -5.334062e-04  -6.830701e-04  +3.069879e-03  -6.994648e-06  -2.214398e-03  +1.810283e-02  +1.564894e-05  -1.471319e-05  +3.993123e-01  +6.008546e-06  +5.316592e-07  -7.080704e-01  
+2.597982e-07  +1.481124e-10  -5.203200e-07  +2.843777e-06  -4.028988e-07  -2.879149e-07  -5.500401e-08  +9.157267e-06  -2.441211e-07  -7.083274e-09  +1.564894e-05  +6.779354e-07  -2.160947e-08  +9.700814e-04  +7.580044e-10  -1.811079e-08  -1.312582e-03  
+6.878189e-08  +1.732715e-07  -1.499163e-06  -4.397352e-06  +2.257845e-06  +4.689880e-07  +1.232531e-07  -5.518703e-06  +2.097369e-07  +1.183490e-06  -1.471319e-05  -2.160947e-08  +6.450012e-07  -6.587907e-04  -1.491803e-08  +8.385933e-08  +7.406415e-04  
+4.275616e-03  -4.024394e-03  +7.926550e-03  +1.361418e-01  -8.986552e-02  -1.236833e-02  +7.172149e-03  +4.885409e-02  -1.200857e-03  -6.058864e-02  +3.993123e-01  +9.700814e-04  -6.587907e-04  +2.023643e+01  +3.214237e-04  +2.931361e-04  -1.599053e+01  
-6.306602e-08  -2.927829e-07  +4.545065e-07  +2.620942e-06  -1.960487e-06  -8.153579e-08  +5.311173e-08  +2.923691e-06  -1.079802e-07  -9.974202e-08  +6.008546e-06  +7.580044e-10  -1.491803e-08  +3.214237e-04  +2.513724e-07  -4.317746e-08  -6.516378e-04  
-2.173104e-08  -9.454526e-08  -3.831970e-07  +3.232639e-06  -2.037882e-06  -9.307215e-08  +7.208041e-07  -3.780864e-06  +9.712279e-08  -1.630872e-06  +5.316592e-07  -1.811079e-08  +8.385933e-08  +2.931361e-04  -4.317746e-08  +3.256868e-07  +1.868217e-04  
-5.393985e-03  +8.376802e-03  -2.176982e-03  -1.343083e-01  +2.034673e-02  +1.776288e-02  +3.460835e-02  -1.659832e-01  +2.390824e-03  +5.858339e-02  -7.080704e-01  -1.312582e-03  +7.406415e-04  -1.599053e+01  -6.516378e-04  +1.868217e-04  +3.907143e+01  
