mean:
+3.981429e+00  +3.940583e+00  +6.322721e-01  -1.118652e+00  +1.663038e+00  +4.948464e-01  +9.021462e-01  +2.066098e+00  +1.500475e-01  +1.933330e+00  +4.923208e+00  +1.839963e+00  +2.983763e+00  +8.053973e+02  +4.959743e+00  +4.479882e+00  +2.012905e+03  
covariance:
+2.294830e-06  +9.222273e-07  +4.653979e-07  +3.868019e-06  -1.996850e-07  -2.581400e-08  +1.602874e-07  -2.021101e-06  -1.533923e-07  +9.449173e-07  -4.991956e-06  -3.421683e-08  +4.639669e-08  -3.740833e-05  +6.344486e-09  +4.376510e-08  +1.108260e-03  
+9.222273e-07  +2.327982e-06  +3.670561e-06  +8.379310e-06  +1.231613e-06  +2.229731e-06  +1.598987e-06  +1.082604e-06  -1.216352e-06  +7.307858e-06  +2.174019e-05  -6.163402e-08  +2.401629e-08  -6.418688e-04  -4.395309e-09  +6.046628e-08  -3.300467e-03  
+4.653979e-07  +3.670561e-06  +5.059459e-05  +9.979806e-05  -1.205079e-05  +3.048813e-05  +2.743754e-05  +2.173428e-05  -1.947859e-05  +1.050637e-04  +2.795419e-04  -1.941892e-06  +4.396182e-07  -1.190802e-02  +7.604349e-08  +4.392632e-07  -5.180921e-02  
+3.868019e-06  +8.379310e-06  +9.979806e-05  +4.753545e-04  +5.684011e-05  +7.640810e-05  +7.189804e-05  +3.301524e-05  -5.296975e-05  +2.959072e-04  +6.251758e-04  -2.599795e-06  +7.299354e-07  -3.507971e-02  +6.903001e-09  +1.127392e-06  -9.763907e-02  
-1.996850e-07  +1.231613e-06  -1.205079e-05  +5.684011e-05  +1.937781e-04  -2.475689e-05  -3.189413e-06  -3.729143e-05  +1.002147e-05  -6.431647e-05  -1.546510e-04  +5.487413e-06  -1.236941e-07  +6.311850e-03  -1.875402e-07  -1.099437e-06  +6.244419e-02  
-2.581400e-08  +2.229731e-06  +3.048813e-05  +7.640810e-05  -2.475689e-05  +3.138878e-05  +1.736859e-05  +3.151157e-05  -1.621632e-05  +9.188463e-05  +2.467805e-04  -2.070400e-06  +1.197920e-07  -7.818833e-03  +6.362360e-08  +5.530365e-07  -5.229019e-02  
+1.602874e-07  +1.598987e-06  +2.743754e-05  +7.189804e-05  -3.189413e-06  +1.736859e-05  +2.367683e-05  +1.477976e-05  -1.224932e-05  +6.120663e-05  +1.557140e-04  -1.199924e-06  +4.890683e-07  -8.760236e-03  +9.120769e-08  +1.285583e-07  -2.871597e-02  
-2.021101e-06  +1.082604e-06  +2.173428e-05  +3.301524e-05  -3.729143e-05  +3.151157e-05  +1.477976e-05  +1.220098e-04  -1.066384e-05  +5.394196e-05  +2.551747e-04  -2.045688e-06  -7.053886e-07  -4.436620e-03  +1.337422e-07  +4.350187e-07  -5.630075e-02  
-1.533923e-07  -1.216352e-06  -1.947859e-05  -5.296975e-05  +1.002147e-05  -1.621632e-05  -1.224932e-05  -1.066384e-05  +1.054540e-05  -5.792482e-05  -1.384551e-04  +1.117295e-06  -1.717202e-07  +6.459644e-03  -4.285255e-08  -3.420184e-07  +2.679430e-02  
+9.449173e-07  +7.307858e-06  +1.050637e-04  +2.959072e-04  -6.431647e-05  +9.188463e-05  +6.120663e-05  +5.394196e-05  -5.792482e-05  +3.336082e-04  +7.641747e-04  -6.303500e-06  +6.290658e-07  -3.489155e-02  +1.875286e-07  +2.018252e-06  -1.503651e-01  
-4.991956e-06  +2.174019e-05  +2.795419e-04  +6.251758e-04  -1.546510e-04  +2.467805e-04  +1.557140e-04  +2.551747e-04  -1.384551e-04  +7.641747e-04  +2.256021e-03  -1.591058e-05  +1.505205e-06  -7.727132e-02  +4.402602e-07  +5.104822e-06  -4.339820e-01  
-3.421683e-08  -6.163402e-08  -1.941892e-06  -2.599795e-06  +5.487413e-06  -2.070400e-06  -1.199924e-06  -2.045688e-06  +1.117295e-06  -6.303500e-06  -1.591058e-05  +4.418750e-07  +1.460595e-08  +6.196414e-04  -1.202843e-08  -2.022460e-08  +3.977819e-03  
+4.639669e-08  +2.401629e-08  +4.396182e-07  +7.299354e-07  -1.236941e-07  +1.197920e-07  +4.890683e-07  -7.053886e-07  -1.717202e-07  +6.290658e-07  +1.505205e-06  +1.460595e-08  +2.013791e-07  -2.228547e-04  +9.323772e-09  +3.434909e-08  -2.894880e-04  
-3.740833e-05  -6.418688e-04  -1.190802e-02  -3.507971e-02  +6.311850e-03  -7.818833e-03  -8.760236e-03  -4.436620e-03  +6.459644e-03  -3.489155e-02  -7.727132e-02  +6.196414e-04  -2.228547e-04  +6.587527e+00  -2.341513e-05  -2.528627e-04  +1.306315e+01  
+6.344486e-09  -4.395309e-09  +7.604349e-08  +6.903001e-09  -1.875402e-07  +6.362360e-08  +9.120769e-08  +1.337422e-07  -4.285255e-08  +1.875286e-07  +4.402602e-07  -1.202843e-08  +9.323772e-09  -2.341513e-05  +7.801479e-08  +6.803180e-09  -1.514671e-04  
+4.376510e-08  +6.046628e-08  +4.392632e-07  +1.127392e-06  -1.099437e-06  +5.530365e-07  +1.285583e-07  +4.350187e-07  -3.420184e-07  +2.018252e-06  +5.104822e-06  -2.022460e-08  +3.434909e-08  -2.528627e-04  +6.803180e-09  +1.899583e-07  -9.033612e-04  
+1.108260e-03  -3.300467e-03  -5.180921e-02  -9.763907e-02  +6.244419e-02  -5.229019e-02  -2.871597e-02  -5.630075e-02  +2.679430e-02  -1.503651e-01  -4.339820e-01  +3.977819e-03  -2.894880e-04  +1.306315e+01  -1.514671e-04  -9.033612e-04  +9.661637e+01  
