mean:
+3.912374e+00  +3.897280e+00  +8.728482e-01  +1.377765e+00  +1.438683e+00  +5.931342e-01  +8.253309e-01  +1.363482e+00  +1.549760e-01  +1.900056e+00  +5.906703e+00  +3.484156e+00  +2.610686e+00  +1.984761e+02  +4.286258e+00  +5.274404e+00  +2.814272e+02  +5.350173e+00  +3.757864e+00  +3.275421e+02  +2.639981e+00  +4.559252e+00  +3.925964e+02  
covariance:
+5.254149e-06  -8.715150e-07  -9.340295e-07  -4.543591e-06  -1.378172e-06  -1.438430e-06  +9.345005e-06  -1.681893e-05  -5.151710e-06  +3.827634e-05  -4.187877e-05  -6.059793e-07  -6.988824e-07  +7.787197e-05  -7.496751e-07  +4.940576e-08  +1.058923e-04  +6.157594e-07  -1.219819e-07  +1.611796e-03  -2.023677e-07  +8.748023e-07  +3.178329e-03  
-8.715150e-07  +6.318576e-07  +4.394558e-07  -7.345679e-07  -8.921166e-08  -9.834887e-08  +6.849259e-07  -1.070306e-06  -4.538094e-07  +2.978617e-06  -3.751709e-06  +6.100259e-08  -6.629922e-09  -9.789043e-05  -3.016374e-08  -2.846485e-08  -6.235742e-06  -5.797128e-08  +1.041727e-07  +1.732192e-04  +4.443011e-09  -8.894089e-08  -8.277489e-05  
-9.340295e-07  +4.394558e-07  +7.937343e-06  -1.188582e-06  +5.300813e-07  +8.559119e-07  -1.890057e-08  +1.241112e-06  -6.821352e-07  +5.342843e-06  -2.418057e-06  +5.472144e-07  +2.104206e-07  -5.792216e-04  +1.959799e-07  -4.015284e-07  +8.911820e-04  -3.019664e-07  +5.319405e-07  -4.947653e-04  +2.138651e-07  -1.183724e-06  -1.817628e-03  
-4.543591e-06  -7.345679e-07  -1.188582e-06  +7.791618e-05  +3.465766e-06  +5.506927e-06  -1.754364e-05  +3.741438e-05  +1.575868e-05  -1.442535e-04  +1.512721e-04  +8.185864e-07  +4.789126e-06  +4.282569e-04  -7.397635e-07  -2.761088e-06  -2.466274e-03  +2.161210e-06  -5.034330e-07  -4.127766e-03  +1.020042e-06  -1.598411e-06  -1.008487e-02  
-1.378172e-06  -8.921166e-08  +5.300813e-07  +3.465766e-06  +9.410408e-06  +1.482292e-06  -4.806354e-06  +1.078137e-05  +2.208559e-06  -1.467330e-05  +2.010870e-05  +6.698076e-07  -2.913140e-08  -1.808088e-04  +6.959852e-07  -1.539198e-08  +6.236544e-04  -6.456989e-07  +6.113203e-08  -1.426405e-03  +5.909387e-07  -2.379797e-07  -5.455122e-04  
-1.438430e-06  -9.834887e-08  +8.559119e-07  +5.506927e-06  +1.482292e-06  +1.953903e-06  -6.802621e-06  +1.267865e-05  +3.024615e-06  -2.464390e-05  +3.187444e-05  +6.292602e-07  +3.185321e-07  +7.025918e-05  +5.522727e-07  -3.350490e-08  +6.133941e-04  -5.653910e-07  -5.987344e-08  -1.739711e-03  +2.263047e-07  -3.959686e-07  -1.541802e-03  
+9.345005e-06  +6.849259e-07  -1.890057e-08  -1.754364e-05  -4.806354e-06  -6.802621e-06  +5.174521e-05  -7.077903e-05  -2.246506e-05  +1.742520e-04  -2.090119e-04  -1.447489e-06  -2.624780e-06  -3.320200e-03  -3.540010e-06  -7.595089e-07  +1.952099e-03  +1.944168e-06  +1.227218e-06  +8.026927e-03  -1.027847e-06  +2.096471e-06  +1.099361e-02  
-1.681893e-05  -1.070306e-06  +1.241112e-06  +3.741438e-05  +1.078137e-05  +1.267865e-05  -7.077903e-05  +1.761061e-04  +3.697308e-05  -3.017120e-04  +3.452400e-04  +4.699640e-06  +4.184138e-06  -1.651230e-03  +6.779259e-06  -8.991182e-09  +1.903655e-03  -3.682185e-06  -4.577954e-07  -1.373937e-02  +7.061859e-08  -3.953658e-06  -1.787402e-02  
-5.151710e-06  -4.538094e-07  -6.821352e-07  +1.575868e-05  +2.208559e-06  +3.024615e-06  -2.246506e-05  +3.697308e-05  +1.348558e-05  -1.047588e-04  +1.053189e-04  +2.269193e-07  +1.849725e-06  +1.514055e-04  +1.371069e-06  -1.138695e-07  -9.388720e-04  -6.383373e-07  -2.405314e-07  -3.874243e-03  +1.303243e-07  -1.279569e-06  -7.551854e-03  
+3.827634e-05  +2.978617e-06  +5.342843e-06  -1.442535e-04  -1.467330e-05  -2.464390e-05  +1.742520e-04  -3.017120e-04  -1.047588e-04  +8.644930e-04  -8.810297e-04  -1.950355e-06  -1.615259e-05  -2.425429e-04  -1.049492e-05  +1.671040e-06  +6.908023e-03  +3.775362e-06  +3.052236e-06  +3.118237e-02  -9.286295e-07  +1.099510e-05  +6.048605e-02  
-4.187877e-05  -3.751709e-06  -2.418057e-06  +1.512721e-04  +2.010870e-05  +3.187444e-05  -2.090119e-04  +3.452400e-04  +1.053189e-04  -8.810297e-04  +1.077903e-03  +6.525777e-06  +1.580232e-05  +1.064579e-02  +1.451260e-05  +9.573748e-07  -6.804925e-03  -4.257536e-06  -7.951361e-06  -3.770331e-02  +5.042433e-06  -1.102722e-05  -5.140758e-02  
-6.059793e-07  +6.100259e-08  +5.472144e-07  +8.185864e-07  +6.698076e-07  +6.292602e-07  -1.447489e-06  +4.699640e-06  +2.269193e-07  -1.950355e-06  +6.525777e-06  +1.008579e-06  -1.077974e-07  -4.744038e-04  +2.484552e-07  -2.477045e-08  +8.187827e-04  -3.756915e-07  -4.641856e-08  -5.116493e-04  +6.408486e-08  -2.165971e-07  +1.110034e-04  
-6.988824e-07  -6.629922e-09  +2.104206e-07  +4.789126e-06  -2.913140e-08  +3.185321e-07  -2.624780e-06  +4.184138e-06  +1.849725e-06  -1.615259e-05  +1.580232e-05  -1.077974e-07  +7.841455e-07  +2.565574e-04  -1.922511e-08  -2.068877e-07  -5.564536e-04  +1.957608e-07  +5.250971e-08  -2.983503e-04  +4.617732e-08  -2.276028e-07  -1.468406e-03  
+7.787197e-05  -9.789043e-05  -5.792216e-04  +4.282569e-04  -1.808088e-04  +7.025918e-05  -3.320200e-03  -1.651230e-03  +1.514055e-04  -2.425429e-04  +1.064579e-02  -4.744038e-04  +2.565574e-04  +2.535039e+00  +9.199355e-05  +3.354890e-04  -1.750470e+00  +4.697479e-04  -4.816422e-04  +8.931803e-02  +4.374784e-04  +4.004870e-04  +6.536239e-01  
-7.496751e-07  -3.016374e-08  +1.959799e-07  -7.397635e-07  +6.959852e-07  +5.522727e-07  -3.540010e-06  +6.779259e-06  +1.371069e-06  -1.049492e-05  +1.451260e-05  +2.484552e-07  -1.922511e-08  +9.199355e-05  +5.825459e-07  +1.751868e-07  +7.607105e-05  -2.848837e-07  -1.454656e-07  -7.690157e-04  +8.008273e-08  -1.740862e-07  -4.109713e-04  
+4.940576e-08  -2.846485e-08  -4.015284e-07  -2.761088e-06  -1.539198e-08  -3.350490e-08  -7.595089e-07  -8.991182e-09  -1.138695e-07  +1.671040e-06  +9.573748e-07  -2.477045e-08  -2.068877e-07  +3.354890e-04  +1.751868e-07  +3.749709e-07  -1.122653e-05  -1.693480e-07  -1.610045e-07  -1.252134e-04  +3.958278e-08  +1.273506e-07  +4.993134e-04  
+1.058923e-04  -6.235742e-06  +8.911820e-04  -2.466274e-03  +6.236544e-04  +6.133941e-04  +1.952099e-03  +1.903655e-03  -9.388720e-04  +6.908023e-03  -6.804925e-03  +8.187827e-04  -5.564536e-04  -1.750470e+00  +7.607105e-05  -1.122653e-05  +2.732395e+00  -8.274698e-04  +1.863818e-04  -5.914448e-01  -1.486537e-04  -1.753526e-04  +5.870765e-01  
+6.157594e-07  -5.797128e-08  -3.019664e-07  +2.161210e-06  -6.456989e-07  -5.653910e-07  +1.944168e-06  -3.682185e-06  -6.383373e-07  +3.775362e-06  -4.257536e-06  -3.756915e-07  +1.957608e-07  +4.697479e-04  -2.848837e-07  -1.693480e-07  -8.274698e-04  +8.806310e-07  -1.367182e-07  +7.151619e-04  -7.612559e-09  +1.786776e-07  +3.814366e-04  
-1.219819e-07  +1.041727e-07  +5.319405e-07  -5.034330e-07  +6.113203e-08  -5.987344e-08  +1.227218e-06  -4.577954e-07  -2.405314e-07  +3.052236e-06  -7.951361e-06  -4.641856e-08  +5.250971e-08  -4.816422e-04  -1.454656e-07  -1.610045e-07  +1.863818e-04  -1.367182e-07  +5.547251e-07  +1.934968e-04  -1.893646e-07  -5.665378e-08  -4.729944e-04  
+1.611796e-03  +1.732192e-04  -4.947653e-04  -4.127766e-03  -1.426405e-03  -1.739711e-03  +8.026927e-03  -1.373937e-02  -3.874243e-03  +3.118237e-02  -3.770331e-02  -5.116493e-04  -2.983503e-04  +8.931803e-02  -7.690157e-04  -1.252134e-04  -5.914448e-01  +7.151619e-04  +1.934968e-04  +2.173108e+00  -1.931129e-04  +4.846002e-04  +1.900099e+00  
-2.023677e-07  +4.443011e-09  +2.138651e-07  +1.020042e-06  +5.909387e-07  +2.263047e-07  -1.027847e-06  +7.061859e-08  +1.303243e-07  -9.286295e-07  +5.042433e-06  +6.408486e-08  +4.617732e-08  +4.374784e-04  +8.008273e-08  +3.958278e-08  -1.486537e-04  -7.612559e-09  -1.893646e-07  -1.931129e-04  +3.614499e-07  -9.931250e-10  +6.520802e-05  
+8.748023e-07  -8.894089e-08  -1.183724e-06  -1.598411e-06  -2.379797e-07  -3.959686e-07  +2.096471e-06  -3.953658e-06  -1.279569e-06  +1.099510e-05  -1.102722e-05  -2.165971e-07  -2.276028e-07  +4.004870e-04  -1.740862e-07  +1.273506e-07  -1.753526e-04  +1.786776e-07  -5.665378e-08  +4.846002e-04  -9.931250e-10  +6.762286e-07  +1.243217e-03  
+3.178329e-03  -8.277489e-05  -1.817628e-03  -1.008487e-02  -5.455122e-04  -1.541802e-03  +1.099361e-02  -1.787402e-02  -7.551854e-03  +6.048605e-02  -5.140758e-02  +1.110034e-04  -1.468406e-03  +6.536239e-01  -4.109713e-04  +4.993134e-04  +5.870765e-01  +3.814366e-04  -4.729944e-04  +1.900099e+00  +6.520802e-05  +1.243217e-03  +6.574481e+00  
