mean:
+3.971921e+00  +3.896661e+00  +8.345571e-01  +1.337384e+00  +1.210458e+00  +4.972514e-01  +8.087859e-01  +1.398279e+00  +1.765122e-01  +1.817117e+00  +5.972216e+00  +3.620695e+00  +2.918682e+00  +2.026418e+02  +4.299109e+00  +5.128193e+00  +2.771919e+02  +5.238683e+00  +3.820912e+00  +3.226649e+02  +2.805070e+00  +4.491206e+00  +3.869138e+02  
covariance:
+8.826169e-07  -3.606051e-07  -3.097808e-07  -2.796615e-07  +2.771820e-08  -7.937400e-08  +1.274095e-06  +1.623578e-06  -6.950762e-07  +2.296041e-06  +3.497221e-06  +3.602643e-07  +1.981874e-07  +3.785964e-04  +1.733792e-07  -1.146539e-07  +1.265595e-04  +4.688079e-08  -8.122393e-07  +3.530423e-04  +2.140029e-06  +1.087360e-06  -5.864501e-05  
-3.606051e-07  +6.800322e-07  +3.076635e-07  -6.339617e-07  +1.588781e-07  -3.991183e-08  -9.572838e-07  -1.227968e-06  -3.308389e-08  -8.433653e-07  -5.717050e-07  -2.375488e-07  +5.065391e-08  -1.897765e-04  -1.950047e-07  -5.531524e-08  -6.542809e-05  -8.937285e-08  +3.707052e-07  -6.375978e-05  -1.409801e-06  -6.873183e-07  +3.729800e-05  
-3.097808e-07  +3.076635e-07  +1.439128e-06  +8.948519e-08  -1.193627e-07  -3.744798e-07  -2.579478e-06  -4.238155e-06  +5.039017e-07  -2.359701e-06  +9.642656e-07  -8.152927e-07  -1.291189e-07  -6.569195e-04  -5.127855e-07  +4.881035e-08  -3.337013e-04  -4.728678e-07  +1.533230e-06  -1.544335e-04  -3.980058e-06  -2.082255e-06  +5.141094e-04  
-2.796615e-07  -6.339617e-07  +8.948519e-08  +7.063980e-06  -1.915221e-07  -2.171250e-07  -9.279277e-07  -3.449113e-06  +7.974609e-07  +2.725357e-07  +5.280457e-06  -1.542640e-07  -6.668574e-07  -3.498759e-04  +4.020018e-07  +5.124732e-07  -9.258778e-06  -9.741447e-08  +6.211384e-07  -2.677698e-04  +4.811779e-07  -4.601843e-07  +5.928657e-04  
+2.771820e-08  +1.588781e-07  -1.193627e-07  -1.915221e-07  +2.107523e-07  +3.687595e-08  +1.037298e-07  +5.434975e-08  -1.869037e-07  +2.073672e-07  -7.808527e-08  +3.191766e-08  +6.973436e-08  +5.576979e-05  -2.100916e-08  -3.357357e-08  +4.845112e-05  +3.102280e-08  -1.187806e-07  -3.374789e-06  +1.774369e-07  +9.154388e-08  -8.379037e-05  
-7.937400e-08  -3.991183e-08  -3.744798e-07  -2.171250e-07  +3.687595e-08  +4.272250e-07  +4.407840e-07  +1.501231e-06  +4.093010e-07  -1.365114e-06  -5.898846e-06  +5.495823e-08  -6.216861e-08  -1.716629e-06  +2.899198e-08  +1.136400e-07  +7.472242e-05  +2.895656e-07  -3.424194e-08  -3.692150e-04  -1.857538e-07  -4.198547e-08  -3.967918e-04  
+1.274095e-06  -9.572838e-07  -2.579478e-06  -9.279277e-07  +1.037298e-07  +4.407840e-07  +1.192760e-05  +1.481139e-05  -4.176516e-06  +1.442404e-05  +1.167475e-05  +3.433729e-06  +7.451176e-07  +3.123998e-03  +1.464469e-06  -4.840342e-07  +1.251317e-03  +1.792732e-06  -6.790416e-06  +1.690683e-03  +1.611737e-05  +8.857675e-06  -1.416968e-03  
+1.623578e-06  -1.227968e-06  -4.238155e-06  -3.449113e-06  +5.434975e-08  +1.501231e-06  +1.481139e-05  +3.569764e-05  -6.207498e-06  +2.045579e-05  -6.730601e-07  +5.341276e-06  +6.739807e-07  +3.486776e-03  +2.911330e-06  -1.367738e-06  +2.033580e-03  +2.461847e-06  -1.005195e-05  +9.814026e-04  +2.318778e-05  +1.310392e-05  -2.654142e-03  
-6.950762e-07  -3.308389e-08  +5.039017e-07  +7.974609e-07  -1.869037e-07  +4.093010e-07  -4.176516e-06  -6.207498e-06  +5.684224e-06  -1.100998e-05  -1.743746e-05  -1.904097e-06  -1.733165e-07  -1.290376e-03  -8.863876e-07  +5.386057e-07  -5.828687e-04  -3.410022e-07  +3.481675e-06  -1.169622e-03  -8.805222e-06  -4.686380e-06  -1.062446e-04  
+2.296041e-06  -8.433653e-07  -2.359701e-06  +2.725357e-07  +2.073672e-07  -1.365114e-06  +1.442404e-05  +2.045579e-05  -1.100998e-05  +3.827049e-05  +5.205604e-05  +6.150490e-06  +1.308936e-06  +4.209467e-03  +3.307474e-06  -2.146318e-06  +2.295150e-03  +6.828131e-07  -1.199226e-05  +3.717874e-03  +3.050036e-05  +1.559895e-05  +2.732073e-04  
+3.497221e-06  -5.717050e-07  +9.642656e-07  +5.280457e-06  -7.808527e-08  -5.898846e-06  +1.167475e-05  -6.730601e-07  -1.743746e-05  +5.205604e-05  +1.625941e-04  +5.591338e-06  +4.031428e-07  +6.295205e-03  +4.441640e-06  -1.232430e-06  +1.558726e-03  -6.360319e-07  -1.040639e-05  +9.136381e-03  +3.616042e-05  +1.694258e-05  +6.450734e-03  
+3.602643e-07  -2.375488e-07  -8.152927e-07  -1.542640e-07  +3.191766e-08  +5.495823e-08  +3.433729e-06  +5.341276e-06  -1.904097e-06  +6.150490e-06  +5.591338e-06  +1.342833e-06  +2.164382e-07  +9.224759e-04  +6.846889e-07  -2.949142e-07  +4.794563e-04  +4.235743e-07  -2.487673e-06  +5.477193e-04  +6.097529e-06  +3.209848e-06  -3.239832e-04  
+1.981874e-07  +5.065391e-08  -1.291189e-07  -6.668574e-07  +6.973436e-08  -6.216861e-08  +7.451176e-07  +6.739807e-07  -1.733165e-07  +1.308936e-06  +4.031428e-07  +2.164382e-07  +6.287208e-07  +2.641588e-04  -1.378473e-07  -3.683644e-07  +8.069102e-05  -1.700059e-07  -8.768529e-07  +4.850565e-04  +1.184377e-06  +7.276967e-07  -1.729454e-04  
+3.785964e-04  -1.897765e-04  -6.569195e-04  -3.498759e-04  +5.576979e-05  -1.716629e-06  +3.123998e-03  +3.486776e-03  -1.290376e-03  +4.209467e-03  +6.295205e-03  +9.224759e-04  +2.641588e-04  +1.022180e+00  +3.993692e-04  -1.576236e-04  +3.112021e-01  +4.721030e-04  -1.855022e-03  +6.770976e-01  +4.525572e-03  +2.515174e-03  -2.632841e-01  
+1.733792e-07  -1.950047e-07  -5.127855e-07  +4.020018e-07  -2.100916e-08  +2.899198e-08  +1.464469e-06  +2.911330e-06  -8.863876e-07  +3.307474e-06  +4.441640e-06  +6.846889e-07  -1.378473e-07  +3.993692e-04  +6.423146e-07  -1.460834e-08  +2.863280e-04  +2.620777e-07  -1.083302e-06  +1.365428e-04  +3.371912e-06  +1.599899e-06  +2.098097e-06  
-1.146539e-07  -5.531524e-08  +4.881035e-08  +5.124732e-07  -3.357357e-08  +1.136400e-07  -4.840342e-07  -1.367738e-06  +5.386057e-07  -2.146318e-06  -1.232430e-06  -2.949142e-07  -3.683644e-07  -1.576236e-04  -1.460834e-08  +4.726663e-07  -7.990345e-05  +1.836922e-07  +8.695703e-07  -3.832101e-04  -1.401159e-06  -8.712773e-07  +1.679056e-05  
+1.265595e-04  -6.542809e-05  -3.337013e-04  -9.258778e-06  +4.845112e-05  +7.472242e-05  +1.251317e-03  +2.033580e-03  -5.828687e-04  +2.295150e-03  +1.558726e-03  +4.794563e-04  +8.069102e-05  +3.112021e-01  +2.863280e-04  -7.990345e-05  +2.594048e-01  +1.938628e-04  -9.287206e-04  +1.097331e-01  +2.274816e-03  +1.137816e-03  -1.528628e-01  
+4.688079e-08  -8.937285e-08  -4.728678e-07  -9.741447e-08  +3.102280e-08  +2.895656e-07  +1.792732e-06  +2.461847e-06  -3.410022e-07  +6.828131e-07  -6.360319e-07  +4.235743e-07  -1.700059e-07  +4.721030e-04  +2.620777e-07  +1.836922e-07  +1.938628e-04  +6.803451e-07  -6.838892e-07  -8.205903e-05  +1.659756e-06  +9.901150e-07  -4.053698e-04  
-8.122393e-07  +3.707052e-07  +1.533230e-06  +6.211384e-07  -1.187806e-07  -3.424194e-08  -6.790416e-06  -1.005195e-05  +3.481675e-06  -1.199226e-05  -1.040639e-05  -2.487673e-06  -8.768529e-07  -1.855022e-03  -1.083302e-06  +8.695703e-07  -9.287206e-04  -6.838892e-07  +5.362678e-06  -1.570330e-03  -1.194584e-05  -6.465235e-06  +6.932466e-04  
+3.530423e-04  -6.375978e-05  -1.544335e-04  -2.677698e-04  -3.374789e-06  -3.692150e-04  +1.690683e-03  +9.814026e-04  -1.169622e-03  +3.717874e-03  +9.136381e-03  +5.477193e-04  +4.850565e-04  +6.770976e-01  +1.365428e-04  -3.832101e-04  +1.097331e-01  -8.205903e-05  -1.570330e-03  +1.204741e+00  +3.424339e-03  +1.939031e-03  +1.845786e-01  
+2.140029e-06  -1.409801e-06  -3.980058e-06  +4.811779e-07  +1.774369e-07  -1.857538e-07  +1.611737e-05  +2.318778e-05  -8.805222e-06  +3.050036e-05  +3.616042e-05  +6.097529e-06  +1.184377e-06  +4.525572e-03  +3.371912e-06  -1.401159e-06  +2.274816e-03  +1.659756e-06  -1.194584e-05  +3.424339e-03  +3.051359e-05  +1.567488e-05  -8.852454e-04  
+1.087360e-06  -6.873183e-07  -2.082255e-06  -4.601843e-07  +9.154388e-08  -4.198547e-08  +8.857675e-06  +1.310392e-05  -4.686380e-06  +1.559895e-05  +1.694258e-05  +3.209848e-06  +7.276967e-07  +2.515174e-03  +1.599899e-06  -8.712773e-07  +1.137816e-03  +9.901150e-07  -6.465235e-06  +1.939031e-03  +1.567488e-05  +8.462139e-06  -6.765372e-04  
-5.864501e-05  +3.729800e-05  +5.141094e-04  +5.928657e-04  -8.379037e-05  -3.967918e-04  -1.416968e-03  -2.654142e-03  -1.062446e-04  +2.732073e-04  +6.450734e-03  -3.239832e-04  -1.729454e-04  -2.632841e-01  +2.098097e-06  +1.679056e-05  -1.528628e-01  -4.053698e-04  +6.932466e-04  +1.845786e-01  -8.852454e-04  -6.765372e-04  +7.055489e-01  
