mean:
+3.989302e+00  +3.956350e+00  +5.875718e-01  +2.027983e+00  +1.203641e+00  +4.009614e-01  +8.256368e-01  +2.222722e+00  +3.757062e-02  +3.899748e+00  +5.936062e+00  +4.477772e+00  +3.302175e+00  +3.246656e+02  +2.492478e+00  +3.691255e+00  +4.530169e+02  +4.639490e+00  +4.959794e+00  +8.024615e+02  +3.992209e+00  +5.121568e+00  +4.333768e+02  
covariance:
+7.722977e-06  -3.396776e-07  +3.786769e-06  -2.644954e-06  -1.662287e-06  +1.118775e-07  -5.580123e-06  -5.681817e-06  +4.200354e-07  -1.079490e-05  +7.131389e-06  +8.925975e-08  +1.949884e-07  -1.930008e-04  +4.039889e-07  -6.072393e-07  -1.242880e-03  -4.266133e-07  +6.575183e-08  -1.614289e-03  +2.647522e-06  -4.398621e-07  -1.253609e-03  
-3.396776e-07  +3.516330e-06  +1.903074e-06  -4.935642e-06  -3.238077e-06  +7.172639e-07  -5.418134e-06  -2.329350e-06  +3.827927e-07  -8.834629e-06  +5.981560e-06  -4.298572e-08  +4.311656e-07  -5.511928e-04  -6.612759e-08  -2.343693e-07  -1.240038e-03  +2.314350e-07  +4.258672e-08  -2.354953e-03  +7.804513e-08  -1.934569e-07  -1.487962e-03  
+3.786769e-06  +1.903074e-06  +2.532671e-05  -1.956221e-05  -3.174229e-05  +3.968392e-06  -4.113318e-05  -2.475996e-05  +2.372021e-06  -7.061433e-05  +5.891264e-05  -3.580555e-07  +3.020026e-06  -4.904220e-03  +5.172814e-07  -2.249504e-06  -8.552218e-03  -1.070337e-07  -1.605118e-07  -1.301922e-02  +5.462980e-06  -3.288196e-07  -1.051123e-02  
-2.644954e-06  -4.935642e-06  -1.956221e-05  +2.749718e-04  +5.882753e-05  -1.828574e-05  +8.201142e-05  -5.728616e-05  -5.227277e-06  +1.514464e-04  -5.522164e-06  -9.935910e-07  -4.908425e-06  +6.482994e-03  -1.368697e-07  +3.051904e-06  +2.260235e-02  -2.133754e-06  -1.586885e-06  +4.691205e-02  -3.163957e-06  +4.196622e-06  +3.276210e-02  
-1.662287e-06  -3.238077e-06  -3.174229e-05  +5.882753e-05  +1.075270e-04  -7.738971e-06  +9.402179e-05  +2.976936e-05  -5.384811e-06  +1.614118e-04  -7.965320e-05  +1.449619e-06  -8.109130e-06  +1.188771e-02  +1.554828e-06  +4.597110e-06  +2.057094e-02  -1.565450e-06  +1.561962e-06  +3.279127e-02  -9.122890e-06  +1.061141e-06  +2.909259e-02  
+1.118775e-07  +7.172639e-07  +3.968392e-06  -1.828574e-05  -7.738971e-06  +2.789224e-06  -9.143941e-06  +2.943055e-06  +5.295210e-07  -1.553408e-05  +8.421032e-06  -2.604684e-07  +2.504669e-07  -1.242441e-03  +5.646031e-08  -2.524326e-07  -2.690327e-03  +2.579248e-07  +1.056056e-07  -5.275313e-03  +4.660287e-07  -3.935219e-07  -2.765033e-03  
-5.580123e-06  -5.418134e-06  -4.113318e-05  +8.201142e-05  +9.402179e-05  -9.143941e-06  +1.117252e-04  +4.009686e-05  -6.556731e-06  +1.925424e-04  -1.048831e-04  +8.267048e-07  -1.014210e-05  +1.195253e-02  +1.085311e-06  +6.370387e-06  +2.379626e-02  -1.223033e-06  +7.913284e-07  +3.793771e-02  -1.227021e-05  +1.706497e-06  +3.458648e-02  
-5.681817e-06  -2.329350e-06  -2.475996e-05  -5.728616e-05  +2.976936e-05  +2.943055e-06  +4.009686e-05  +9.414827e-05  -2.271186e-06  +6.881959e-05  -7.495664e-05  +1.279280e-07  -5.815537e-06  +2.725722e-03  -3.336126e-07  +3.581560e-06  +4.943343e-03  +7.615832e-08  +1.477684e-06  +1.769260e-03  -9.197868e-06  -8.564021e-07  +7.032543e-03  
+4.200354e-07  +3.827927e-07  +2.372021e-06  -5.227277e-06  -5.384811e-06  +5.295210e-07  -6.556731e-06  -2.271186e-06  +4.254873e-07  -1.173430e-05  +5.644494e-06  -4.280155e-08  +5.887402e-07  -7.171112e-04  -6.641936e-08  -3.869501e-07  -1.435259e-03  +7.384031e-08  -3.722091e-08  -2.249589e-03  +7.882478e-07  -8.513573e-08  -2.138064e-03  
-1.079490e-05  -8.834629e-06  -7.061433e-05  +1.514464e-04  +1.614118e-04  -1.553408e-05  +1.925424e-04  +6.881959e-05  -1.173430e-05  +3.529195e-04  -1.663268e-04  +1.326086e-06  -1.749962e-05  +2.156871e-02  +1.834287e-06  +1.148326e-05  +4.252355e-02  -2.138355e-06  +1.114054e-06  +6.604241e-02  -2.379402e-05  +2.280966e-06  +6.450692e-02  
+7.131389e-06  +5.981560e-06  +5.891264e-05  -5.522164e-06  -7.965320e-05  +8.421032e-06  -1.048831e-04  -7.495664e-05  +5.644494e-06  -1.663268e-04  +2.049529e-04  -1.899418e-06  +8.686781e-06  -9.719304e-03  +2.222146e-07  -6.996699e-06  -1.988253e-02  -2.840263e-09  -2.971262e-07  -3.167663e-02  +1.266579e-05  -2.048574e-06  -2.373748e-02  
+8.925975e-08  -4.298572e-08  -3.580555e-07  -9.935910e-07  +1.449619e-06  -2.604684e-07  +8.267048e-07  +1.279280e-07  -4.280155e-08  +1.326086e-06  -1.899418e-06  +3.245426e-07  -4.648517e-09  +2.029940e-04  +7.069075e-08  +3.813489e-08  +2.373090e-04  -4.314598e-08  +5.165564e-08  +4.518764e-04  -1.296772e-08  +6.968600e-08  +2.069716e-04  
+1.949884e-07  +4.311656e-07  +3.020026e-06  -4.908425e-06  -8.109130e-06  +2.504669e-07  -1.014210e-05  -5.815537e-06  +5.887402e-07  -1.749962e-05  +8.686781e-06  -4.648517e-09  +1.560731e-06  -9.453226e-04  -3.695519e-07  -6.799962e-07  -2.058269e-03  +1.281802e-07  -1.057696e-07  -2.751222e-03  +1.140370e-06  +2.076027e-08  -3.377572e-03  
-1.930008e-04  -5.511928e-04  -4.904220e-03  +6.482994e-03  +1.188771e-02  -1.242441e-03  +1.195253e-02  +2.725722e-03  -7.171112e-04  +2.156871e-02  -9.719304e-03  +2.029940e-04  -9.453226e-04  +2.249340e+00  +2.329396e-04  +5.311502e-04  +2.962460e+00  -1.907456e-04  +1.395815e-04  +4.363455e+00  -1.210340e-03  +1.122142e-06  +3.959515e+00  
+4.039889e-07  -6.612759e-08  +5.172814e-07  -1.368697e-07  +1.554828e-06  +5.646031e-08  +1.085311e-06  -3.336126e-07  -6.641936e-08  +1.834287e-06  +2.222146e-07  +7.069075e-08  -3.695519e-07  +2.329396e-04  +5.235144e-07  +8.906895e-08  +4.276973e-04  -7.989254e-08  -1.959001e-08  +4.722458e-04  +2.008147e-07  -1.047804e-07  +6.546913e-04  
-6.072393e-07  -2.343693e-07  -2.249504e-06  +3.051904e-06  +4.597110e-06  -2.524326e-07  +6.370387e-06  +3.581560e-06  -3.869501e-07  +1.148326e-05  -6.996699e-06  +3.813489e-08  -6.799962e-07  +5.311502e-04  +8.906895e-08  +7.180472e-07  +1.261908e-03  -1.950190e-08  +8.889831e-09  +1.777181e-03  -1.151647e-06  +1.059010e-07  +2.157092e-03  
-1.242880e-03  -1.240038e-03  -8.552218e-03  +2.260235e-02  +2.057094e-02  -2.690327e-03  +2.379626e-02  +4.943343e-03  -1.435259e-03  +4.252355e-02  -1.988253e-02  +2.373090e-04  -2.058269e-03  +2.962460e+00  +4.276973e-04  +1.261908e-03  +5.972652e+00  -3.145460e-04  +3.863692e-05  +9.193131e+00  -2.589567e-03  +3.357978e-04  +7.826296e+00  
-4.266133e-07  +2.314350e-07  -1.070337e-07  -2.133754e-06  -1.565450e-06  +2.579248e-07  -1.223033e-06  +7.615832e-08  +7.384031e-08  -2.138355e-06  -2.840263e-09  -4.314598e-08  +1.281802e-07  -1.907456e-04  -7.989254e-08  -1.950190e-08  -3.145460e-04  +3.058973e-07  -2.345381e-08  -6.959649e-04  -2.036556e-07  -6.343301e-08  -4.739966e-04  
+6.575183e-08  +4.258672e-08  -1.605118e-07  -1.586885e-06  +1.561962e-06  +1.056056e-07  +7.913284e-07  +1.477684e-06  -3.722091e-08  +1.114054e-06  -2.971262e-07  +5.165564e-08  -1.057696e-07  +1.395815e-04  -1.959001e-08  +8.889831e-09  +3.863692e-05  -2.345381e-08  +2.169635e-07  +7.561663e-06  -1.048389e-07  -2.425863e-08  +1.437130e-04  
-1.614289e-03  -2.354953e-03  -1.301922e-02  +4.691205e-02  +3.279127e-02  -5.275313e-03  +3.793771e-02  +1.769260e-03  -2.249589e-03  +6.604241e-02  -3.167663e-02  +4.518764e-04  -2.751222e-03  +4.363455e+00  +4.722458e-04  +1.777181e-03  +9.193131e+00  -6.959649e-04  +7.561663e-06  +1.674811e+01  -3.108699e-03  +1.026100e-03  +1.232900e+01  
+2.647522e-06  +7.804513e-08  +5.462980e-06  -3.163957e-06  -9.122890e-06  +4.660287e-07  -1.227021e-05  -9.197868e-06  +7.882478e-07  -2.379402e-05  +1.266579e-05  -1.296772e-08  +1.140370e-06  -1.210340e-03  +2.008147e-07  -1.151647e-06  -2.589567e-03  -2.036556e-07  -1.048389e-07  -3.108699e-03  +3.356710e-06  -9.693930e-08  -4.053560e-03  
-4.398621e-07  -1.934569e-07  -3.288196e-07  +4.196622e-06  +1.061141e-06  -3.935219e-07  +1.706497e-06  -8.564021e-07  -8.513573e-08  +2.280966e-06  -2.048574e-06  +6.968600e-08  +2.076027e-08  +1.122142e-06  -1.047804e-07  +1.059010e-07  +3.357978e-04  -6.343301e-08  -2.425863e-08  +1.026100e-03  -9.693930e-08  +4.345078e-07  +4.393125e-04  
-1.253609e-03  -1.487962e-03  -1.051123e-02  +3.276210e-02  +2.909259e-02  -2.765033e-03  +3.458648e-02  +7.032543e-03  -2.138064e-03  +6.450692e-02  -2.373748e-02  +2.069716e-04  -3.377572e-03  +3.959515e+00  +6.546913e-04  +2.157092e-03  +7.826296e+00  -4.739966e-04  +1.437130e-04  +1.232900e+01  -4.053560e-03  +4.393125e-04  +1.315718e+01  
