mean:
+3.924291e+00  +3.906088e+00  +6.223822e-01  -1.210830e+00  +1.595280e+00  +5.910234e-01  +8.916858e-01  +2.111045e+00  +1.373380e-01  +2.060293e+00  +4.825614e+00  +1.905614e+00  +3.007716e+00  +8.055021e+02  +4.960105e+00  +4.479950e+00  +2.005972e+03  
covariance:
+3.860544e-05  +3.929136e-06  +1.774882e-05  +6.967824e-05  +1.169321e-05  +5.994310e-06  +4.600563e-06  -5.465221e-05  +7.025969e-06  -1.021818e-04  +1.761290e-04  +6.510134e-07  +1.964700e-08  +2.731472e-03  +6.819655e-07  +1.037227e-08  -7.891782e-03  
+3.929136e-06  +1.192466e-05  -1.141837e-05  -4.507291e-05  +8.113937e-05  -7.617604e-06  -4.851692e-06  +8.194135e-06  -4.553480e-06  +7.672080e-05  -1.594723e-04  -1.828790e-07  -7.338723e-08  -3.842734e-03  +2.575721e-07  -2.735428e-07  +9.410014e-03  
+1.774882e-05  -1.141837e-05  +1.112916e-04  +3.250935e-04  -3.439563e-04  +3.710348e-05  +2.099437e-05  -1.008879e-04  +3.186232e-05  -5.000668e-04  +9.186996e-04  +2.112113e-06  +9.721093e-07  +2.021700e-02  +4.337073e-07  +1.025217e-06  -5.122534e-02  
+6.967824e-05  -4.507291e-05  +3.250935e-04  +1.745939e-03  -1.049482e-03  +1.002409e-04  +7.028869e-05  -5.985166e-04  +8.973051e-05  -1.495538e-03  +3.021514e-03  +7.899431e-06  -1.635657e-06  +7.188182e-02  +1.421213e-06  +3.015987e-06  -1.934969e-01  
+1.169321e-05  +8.113937e-05  -3.439563e-04  -1.049482e-03  +3.640259e-03  -2.324251e-04  -1.374689e-04  -5.843263e-05  -1.012211e-04  +1.932364e-03  -4.360970e-03  -3.373909e-06  +6.811809e-06  -1.322818e-01  +2.175409e-06  -4.424448e-06  +3.031431e-01  
+5.994310e-06  -7.617604e-06  +3.710348e-05  +1.002409e-04  -2.324251e-04  +3.018676e-05  +1.584214e-05  -1.758176e-05  +1.552632e-05  -2.712909e-04  +5.491100e-04  +5.296771e-07  +2.340498e-07  +1.051469e-02  -1.022619e-07  +3.107862e-07  -2.993338e-02  
+4.600563e-06  -4.851692e-06  +2.099437e-05  +7.028869e-05  -1.374689e-04  +1.584214e-05  +2.433842e-05  -7.240258e-06  +6.926296e-06  -1.472078e-04  +3.201803e-04  -2.143530e-07  -8.467620e-08  +3.916898e-03  +3.470358e-07  +1.460679e-07  -1.500032e-02  
-5.465221e-05  +8.194135e-06  -1.008879e-04  -5.985166e-04  -5.843263e-05  -1.758176e-05  -7.240258e-06  +4.825008e-04  -3.833612e-05  +5.538885e-04  -9.153030e-04  -5.389279e-06  -1.722243e-06  -3.749542e-03  -4.568162e-07  -1.609163e-06  +6.394101e-02  
+7.025969e-06  -4.553480e-06  +3.186232e-05  +8.973051e-05  -1.012211e-04  +1.552632e-05  +6.926296e-06  -3.833612e-05  +1.414254e-05  -2.045837e-04  +3.541551e-04  +4.398728e-07  +3.199247e-07  +5.751353e-03  +1.566977e-07  +1.415560e-07  -1.935014e-02  
-1.021818e-04  +7.672080e-05  -5.000668e-04  -1.495538e-03  +1.932364e-03  -2.712909e-04  -1.472078e-04  +5.538885e-04  -2.045837e-04  +3.280615e-03  -6.003519e-03  -6.571577e-06  -3.408842e-06  -1.013990e-01  -1.130282e-06  -3.036640e-06  +3.293187e-01  
+1.761290e-04  -1.594723e-04  +9.186996e-04  +3.021514e-03  -4.360970e-03  +5.491100e-04  +3.201803e-04  -9.153030e-04  +3.541551e-04  -6.003519e-03  +1.189013e-02  +1.157139e-05  -9.935845e-07  +2.233952e-01  +3.050626e-07  +7.065858e-06  -6.638300e-01  
+6.510134e-07  -1.828790e-07  +2.112113e-06  +7.899431e-06  -3.373909e-06  +5.296771e-07  -2.143530e-07  -5.389279e-06  +4.398728e-07  -6.571577e-06  +1.157139e-05  +7.373639e-07  +6.255309e-08  +3.564067e-04  -9.375405e-08  +1.114098e-07  -9.773039e-04  
+1.964700e-08  -7.338723e-08  +9.721093e-07  -1.635657e-06  +6.811809e-06  +2.340498e-07  -8.467620e-08  -1.722243e-06  +3.199247e-07  -3.408842e-06  -9.935845e-07  +6.255309e-08  +8.112091e-07  -5.567966e-04  -4.721251e-08  +2.930805e-08  +3.231462e-04  
+2.731472e-03  -3.842734e-03  +2.021700e-02  +7.188182e-02  -1.322818e-01  +1.051469e-02  +3.916898e-03  -3.749542e-03  +5.751353e-03  -1.013990e-01  +2.233952e-01  +3.564067e-04  -5.567966e-04  +1.091240e+01  -6.334240e-05  +1.785166e-04  -1.417149e+01  
+6.819655e-07  +2.575721e-07  +4.337073e-07  +1.421213e-06  +2.175409e-06  -1.022619e-07  +3.470358e-07  -4.568162e-07  +1.566977e-07  -1.130282e-06  +3.050626e-07  -9.375405e-08  -4.721251e-08  -6.334240e-05  +2.560101e-07  -3.589617e-08  +3.861415e-05  
+1.037227e-08  -2.735428e-07  +1.025217e-06  +3.015987e-06  -4.424448e-06  +3.107862e-07  +1.460679e-07  -1.609163e-06  +1.415560e-07  -3.036640e-06  +7.065858e-06  +1.114098e-07  +2.930805e-08  +1.785166e-04  -3.589617e-08  +2.259653e-07  -3.560463e-04  
-7.891782e-03  +9.410014e-03  -5.122534e-02  -1.934969e-01  +3.031431e-01  -2.993338e-02  -1.500032e-02  +6.394101e-02  -1.935014e-02  +3.293187e-01  -6.638300e-01  -9.773039e-04  +3.231462e-04  -1.417149e+01  +3.861415e-05  -3.560463e-04  +4.778047e+01  
