mean:
+3.913279e+00  +3.903365e+00  +6.475125e-01  -1.168081e+00  +1.688166e+00  +5.946362e-01  +8.965899e-01  +2.092671e+00  +1.480420e-01  +1.928050e+00  +4.893179e+00  +1.905560e+00  +3.007413e+00  +8.044280e+02  +4.959996e+00  +4.480074e+00  +2.020312e+03  
covariance:
+9.819275e-06  -4.496581e-06  +4.858217e-07  -7.338999e-06  +7.786727e-06  -1.140448e-06  -3.539384e-06  -8.413436e-07  +1.510808e-06  -5.008137e-06  -2.440671e-05  +3.100862e-08  +2.229483e-08  +3.110304e-04  +1.831869e-07  -4.969870e-08  +1.649582e-04  
-4.496581e-06  +3.454052e-06  -2.153572e-06  -6.658074e-06  +8.337114e-06  -1.539840e-06  -1.289941e-06  +3.397629e-06  +3.453848e-07  -9.049719e-07  -2.756124e-05  -6.195061e-08  -1.073700e-08  -7.001384e-04  -1.258993e-07  -2.714452e-09  +1.970041e-03  
+4.858217e-07  -2.153572e-06  +2.963621e-05  +1.969569e-05  +4.256963e-05  +6.491491e-06  +3.772252e-06  +1.840626e-05  -4.136971e-07  -7.039886e-06  +8.464001e-05  +5.558865e-07  -1.641475e-08  +1.767316e-03  +9.484306e-08  +3.896008e-07  +4.475173e-03  
-7.338999e-06  -6.658074e-06  +1.969569e-05  +4.390652e-04  -3.959879e-04  +5.150119e-05  +8.923078e-05  -4.397938e-05  -4.119053e-05  +1.413117e-04  +1.027473e-03  +3.022491e-06  -2.983548e-07  +9.423030e-03  +5.940208e-07  +6.125362e-07  -7.331728e-02  
+7.786727e-06  +8.337114e-06  +4.256963e-05  -3.959879e-04  +1.011682e-03  -7.441832e-05  -1.302758e-04  +2.194888e-04  +6.537820e-05  -2.480166e-04  -1.507979e-03  +2.152874e-07  -8.987919e-08  -3.324110e-03  -1.544880e-07  -4.253094e-07  +1.304621e-01  
-1.140448e-06  -1.539840e-06  +6.491491e-06  +5.150119e-05  -7.441832e-05  +1.128089e-05  +1.582521e-05  -8.368444e-06  -7.242205e-06  +2.360423e-05  +1.961306e-04  +3.944421e-07  +6.626788e-08  +1.621947e-03  +1.136351e-07  +1.096070e-07  -1.172174e-02  
-3.539384e-06  -1.289941e-06  +3.772252e-06  +8.923078e-05  -1.302758e-04  +1.582521e-05  +3.489560e-05  -1.241091e-05  -1.379085e-05  +4.615818e-05  +3.099030e-04  +5.918797e-07  -4.045714e-07  +2.292064e-03  +3.997554e-08  +1.729277e-07  -2.243211e-02  
-8.413436e-07  +3.397629e-06  +1.840626e-05  -4.397938e-05  +2.194888e-04  -8.368444e-06  -1.241091e-05  +1.716696e-04  +5.590422e-06  -1.263355e-05  -2.267514e-04  +2.342097e-06  +2.024473e-07  -4.209038e-03  -3.000401e-08  -1.700125e-06  +1.923880e-02  
+1.510808e-06  +3.453848e-07  -4.136971e-07  -4.119053e-05  +6.537820e-05  -7.242205e-06  -1.379085e-05  +5.590422e-06  +6.757174e-06  -2.411914e-05  -1.425068e-04  -2.585034e-07  +5.630753e-09  -5.035212e-04  -6.690049e-09  -7.894294e-09  +1.067633e-02  
-5.008137e-06  -9.049719e-07  -7.039886e-06  +1.413117e-04  -2.480166e-04  +2.360423e-05  +4.615818e-05  -1.263355e-05  -2.411914e-05  +9.824135e-05  +4.771204e-04  +9.876674e-07  +1.536750e-07  +1.684111e-05  -2.788425e-08  -2.631082e-07  -4.013430e-02  
-2.440671e-05  -2.756124e-05  +8.464001e-05  +1.027473e-03  -1.507979e-03  +1.961306e-04  +3.099030e-04  -2.267514e-04  -1.425068e-04  +4.771204e-04  +3.754909e-03  +5.453271e-06  +4.179091e-07  +2.432720e-02  +1.886439e-06  +2.687641e-06  -2.424915e-01  
+3.100862e-08  -6.195061e-08  +5.558865e-07  +3.022491e-06  +2.152874e-07  +3.944421e-07  +5.918797e-07  +2.342097e-06  -2.585034e-07  +9.876674e-07  +5.453271e-06  +1.994495e-07  -1.496743e-08  +9.393036e-05  -2.741622e-10  -5.173004e-09  -2.551136e-04  
+2.229483e-08  -1.073700e-08  -1.641475e-08  -2.983548e-07  -8.987919e-08  +6.626788e-08  -4.045714e-07  +2.024473e-07  +5.630753e-09  +1.536750e-07  +4.179091e-07  -1.496743e-08  +1.844808e-07  -4.032642e-05  +2.847652e-08  -8.558490e-09  +1.270737e-04  
+3.110304e-04  -7.001384e-04  +1.767316e-03  +9.423030e-03  -3.324110e-03  +1.621947e-03  +2.292064e-03  -4.209038e-03  -5.035212e-04  +1.684111e-05  +2.432720e-02  +9.393036e-05  -4.032642e-05  +1.572797e+00  +6.482159e-05  +8.203696e-05  -1.196708e+00  
+1.831869e-07  -1.258993e-07  +9.484306e-08  +5.940208e-07  -1.544880e-07  +1.136351e-07  +3.997554e-08  -3.000401e-08  -6.690049e-09  -2.788425e-08  +1.886439e-06  -2.741622e-10  +2.847652e-08  +6.482159e-05  +7.978422e-08  +3.659283e-09  -1.382574e-04  
-4.969870e-08  -2.714452e-09  +3.896008e-07  +6.125362e-07  -4.253094e-07  +1.096070e-07  +1.729277e-07  -1.700125e-06  -7.894294e-09  -2.631082e-07  +2.687641e-06  -5.173004e-09  -8.558490e-09  +8.203696e-05  +3.659283e-09  +1.814524e-07  +1.577796e-04  
+1.649582e-04  +1.970041e-03  +4.475173e-03  -7.331728e-02  +1.304621e-01  -1.172174e-02  -2.243211e-02  +1.923880e-02  +1.067633e-02  -4.013430e-02  -2.424915e-01  -2.551136e-04  +1.270737e-04  -1.196708e+00  -1.382574e-04  +1.577796e-04  +2.408834e+01  
