mean:
+3.959769e+00  +3.925657e+00  +5.996418e-01  -1.154957e+00  +1.691097e+00  +4.799186e-01  +9.146433e-01  +2.090017e+00  +1.484741e-01  +2.003007e+00  +4.767318e+00  +1.635107e+00  +2.882583e+00  +8.071616e+02  +4.799918e+00  +4.399996e+00  +2.025720e+03  
covariance:
+6.881080e-06  +6.982025e-08  +4.860440e-06  -1.046334e-06  +1.382316e-06  +2.036248e-06  -2.692854e-06  -8.903067e-06  +1.637890e-06  -8.987956e-06  +3.104304e-05  -2.218627e-07  -1.790705e-07  -7.348837e-04  +1.398173e-08  +8.201775e-08  -5.134505e-03  
+6.982025e-08  +8.282954e-06  +3.396549e-07  +1.075198e-05  +9.207634e-07  +9.076321e-07  +5.403087e-07  -3.744007e-05  -6.561204e-08  +4.537974e-06  +8.803771e-06  +1.292648e-07  -1.337050e-07  -1.266733e-04  -7.268219e-08  +1.221712e-08  -1.859967e-03  
+4.860440e-06  +3.396549e-07  +2.165759e-04  -4.244958e-05  -2.023360e-06  +8.173891e-05  -7.564719e-05  +1.011775e-05  +2.592431e-05  -2.386688e-04  +8.368118e-04  -4.417763e-06  -1.890042e-06  -1.891032e-02  -2.456228e-06  +1.638678e-06  -1.048662e-01  
-1.046334e-06  +1.075198e-05  -4.244958e-05  +5.489052e-04  +2.257431e-05  +4.089414e-05  -3.322485e-05  -1.630431e-03  -1.506648e-05  +1.155302e-04  +4.800620e-04  -5.406936e-07  +5.306542e-07  -4.709920e-02  -8.755829e-07  +3.431897e-06  -1.629165e-01  
+1.382316e-06  +9.207634e-07  -2.023360e-06  +2.257431e-05  +7.099226e-05  +2.390492e-06  +1.010544e-06  -5.713314e-05  +3.793570e-06  -2.451986e-05  +1.791185e-05  +3.812367e-07  -3.009348e-07  +1.618705e-03  +1.065599e-07  +3.169361e-08  +2.349009e-03  
+2.036248e-06  +9.076321e-07  +8.173891e-05  +4.089414e-05  +2.390492e-06  +6.342014e-05  -5.452367e-05  -3.758589e-04  +1.235582e-05  -1.158102e-04  +5.506888e-04  -2.934925e-06  -1.369669e-06  -2.585244e-02  -5.160516e-07  +1.719585e-06  -9.884108e-02  
-2.692854e-06  +5.403087e-07  -7.564719e-05  -3.322485e-05  +1.010544e-06  -5.452367e-05  +6.873243e-05  +3.153675e-04  -1.495210e-05  +1.231324e-04  -5.041738e-04  +2.773395e-06  +6.218415e-07  +2.583323e-02  +7.237067e-07  -2.161631e-06  +9.389975e-02  
-8.903067e-06  -3.744007e-05  +1.011775e-05  -1.630431e-03  -5.713314e-05  -3.758589e-04  +3.153675e-04  +8.347887e-03  +2.865147e-05  -2.616380e-04  -3.058061e-03  +1.278609e-05  +3.549317e-06  +3.378099e-01  +4.315437e-07  -1.503961e-05  +9.984645e-01  
+1.637890e-06  -6.561204e-08  +2.592431e-05  -1.506648e-05  +3.793570e-06  +1.235582e-05  -1.495210e-05  +2.865147e-05  +7.324987e-06  -5.660995e-05  +1.339375e-04  -7.082888e-07  -3.278868e-07  -1.891849e-03  -1.879607e-07  +5.539720e-07  -1.449398e-02  
-8.987956e-06  +4.537974e-06  -2.386688e-04  +1.155302e-04  -2.451986e-05  -1.158102e-04  +1.231324e-04  -2.616380e-04  -5.660995e-05  +5.578723e-04  -1.402878e-03  +5.826815e-06  +3.136772e-06  +9.306009e-03  +1.738345e-06  -4.505430e-06  +1.332927e-01  
+3.104304e-05  +8.803771e-06  +8.368118e-04  +4.800620e-04  +1.791185e-05  +5.506888e-04  -5.041738e-04  -3.058061e-03  +1.339375e-04  -1.402878e-03  +6.361819e-03  -2.628712e-05  -8.367065e-06  -2.238460e-01  -8.678920e-06  +1.780197e-05  -9.702653e-01  
-2.218627e-07  +1.292648e-07  -4.417763e-06  -5.406936e-07  +3.812367e-07  -2.934925e-06  +2.773395e-06  +1.278609e-05  -7.082888e-07  +5.826815e-06  -2.628712e-05  +8.858349e-07  -5.529605e-08  +1.316587e-03  -8.299448e-09  -8.338992e-08  +4.618721e-03  
-1.790705e-07  -1.337050e-07  -1.890042e-06  +5.306542e-07  -3.009348e-07  -1.369669e-06  +6.218415e-07  +3.549317e-06  -3.278868e-07  +3.136772e-06  -8.367065e-06  -5.529605e-08  +7.182977e-07  -9.393753e-05  +2.779571e-08  -2.448102e-08  +1.072374e-03  
-7.348837e-04  -1.266733e-04  -1.891032e-02  -4.709920e-02  +1.618705e-03  -2.585244e-02  +2.583323e-02  +3.378099e-01  -1.891849e-03  +9.306009e-03  -2.238460e-01  +1.316587e-03  -9.393753e-05  +2.659304e+01  +3.786675e-04  -9.786307e-04  +6.410506e+01  
+1.398173e-08  -7.268219e-08  -2.456228e-06  -8.755829e-07  +1.065599e-07  -5.160516e-07  +7.237067e-07  +4.315437e-07  -1.879607e-07  +1.738345e-06  -8.678920e-06  -8.299448e-09  +2.779571e-08  +3.786675e-04  +4.132740e-07  -1.215533e-08  +1.456050e-03  
+8.201775e-08  +1.221712e-08  +1.638678e-06  +3.431897e-06  +3.169361e-08  +1.719585e-06  -2.161631e-06  -1.503961e-05  +5.539720e-07  -4.505430e-06  +1.780197e-05  -8.338992e-08  -2.448102e-08  -9.786307e-04  -1.215533e-08  +5.497210e-07  -3.350706e-03  
-5.134505e-03  -1.859967e-03  -1.048662e-01  -1.629165e-01  +2.349009e-03  -9.884108e-02  +9.389975e-02  +9.984645e-01  -1.449398e-02  +1.332927e-01  -9.702653e-01  +4.618721e-03  +1.072374e-03  +6.410506e+01  +1.456050e-03  -3.350706e-03  +2.223241e+02  
