mean:
+3.940973e+00  +3.928941e+00  +8.455714e-01  +1.334242e+00  +1.423768e+00  +5.049146e-01  +7.950014e-01  +1.347731e+00  +1.668574e-01  +1.842567e+00  +6.028658e+00  +3.548485e+00  +2.642837e+00  +2.019133e+02  +4.277021e+00  +5.294663e+00  +2.772590e+02  +5.395692e+00  +3.764642e+00  +3.272593e+02  +2.639609e+00  +4.559878e+00  +3.970838e+02  
covariance:
+9.696316e-05  +1.045309e-04  +4.451624e-05  -2.888214e-05  +1.139410e-05  +1.034624e-05  -1.918069e-05  -1.184474e-04  +2.729650e-05  +1.207535e-04  +1.037298e-04  +6.150960e-07  -8.026281e-05  +3.698318e-03  -1.282691e-04  +5.488132e-06  +1.038105e-02  -4.514647e-05  -8.367027e-05  +1.858518e-02  -3.863295e-06  +7.919958e-07  +1.428332e-02  
+1.045309e-04  +1.288893e-04  +5.670273e-05  -1.135019e-04  +2.372006e-05  +1.835246e-05  -2.342059e-05  -1.194054e-04  +2.364454e-05  +1.888489e-04  +1.150329e-04  -1.527119e-06  -1.167945e-04  +3.279024e-04  -1.852055e-04  +5.286284e-06  +1.801680e-02  -6.648432e-05  -1.170590e-04  +2.515744e-02  -6.605777e-06  -6.783553e-07  +2.183402e-02  
+4.451624e-05  +5.670273e-05  +1.037488e-04  +5.172816e-05  +1.212136e-05  -3.943458e-06  -3.894366e-05  -1.384441e-04  +1.577233e-05  +6.579097e-05  +6.755705e-05  +4.453766e-06  -3.905428e-05  -1.689812e-02  -7.931366e-05  -3.069051e-07  -1.352524e-03  -2.767195e-05  -5.288686e-05  -1.781403e-04  -4.313997e-06  +4.840828e-07  -3.922085e-03  
-2.888214e-05  -1.135019e-04  +5.172816e-05  +1.442316e-03  -1.370090e-04  -8.561731e-05  -8.611059e-05  -4.910352e-04  +8.319560e-05  -6.945408e-04  -7.177765e-05  +3.879879e-05  +3.865942e-04  +2.947351e-02  +5.103620e-04  +5.459440e-06  -1.240329e-01  +2.128975e-04  +2.631490e-04  -6.728181e-02  +9.411182e-06  +2.027445e-05  -9.338881e-02  
+1.139410e-05  +2.372006e-05  +1.212136e-05  -1.370090e-04  +3.113865e-05  +1.019271e-05  +2.791037e-06  +1.856808e-05  -6.346073e-06  +9.242426e-05  +6.546880e-06  -2.512220e-06  -4.943026e-05  -3.330447e-03  -7.430958e-05  -3.486225e-08  +1.210220e-02  -2.859299e-05  -4.109899e-05  +7.844607e-03  -2.902643e-06  -3.383830e-06  +1.021309e-02  
+1.034624e-05  +1.835246e-05  -3.943458e-06  -8.561731e-05  +1.019271e-05  +9.684151e-06  +2.244274e-06  +1.293748e-05  -2.613347e-06  +5.671174e-05  +2.687865e-06  -2.585365e-06  -3.304993e-05  +9.044655e-04  -4.737431e-05  +8.771446e-07  +8.311379e-03  -1.793111e-05  -2.691024e-05  +6.938557e-03  -1.695040e-06  -1.328842e-06  +8.295502e-03  
-1.918069e-05  -2.342059e-05  -3.894366e-05  -8.611059e-05  +2.791037e-06  +2.244274e-06  +2.997968e-05  +8.774417e-05  -1.154137e-05  -1.492234e-06  -3.256723e-05  -2.703362e-06  +3.576498e-06  +5.262431e-03  +1.712235e-05  -2.047495e-07  +5.497485e-03  +4.834516e-06  +1.615353e-05  +2.518760e-03  +2.423177e-06  -1.254108e-06  +2.484018e-03  
-1.184474e-04  -1.194054e-04  -1.384441e-04  -4.910352e-04  +1.856808e-05  +1.293748e-05  +8.774417e-05  +4.632756e-04  -6.812452e-05  +5.140100e-05  -1.178840e-04  -1.930374e-05  -1.150284e-05  -1.613133e-03  +3.582869e-05  -7.572993e-06  +3.398315e-02  -1.427735e-07  +4.842537e-05  +2.614757e-03  +5.973805e-06  -7.699221e-06  +1.916079e-02  
+2.729650e-05  +2.364454e-05  +1.577233e-05  +8.319560e-05  -6.346073e-06  -2.613347e-06  -1.154137e-05  -6.812452e-05  +1.589094e-05  -1.744191e-05  +2.665625e-05  +2.978427e-06  +2.888896e-06  +2.845973e-03  -8.963919e-07  +1.876074e-06  -4.708947e-03  +1.329882e-06  -4.865233e-06  +5.483862e-04  -3.187496e-07  +1.763856e-06  -2.269396e-03  
+1.207535e-04  +1.888489e-04  +6.579097e-05  -6.945408e-04  +9.242426e-05  +5.671174e-05  -1.492234e-06  +5.140100e-05  -1.744191e-05  +5.596848e-04  +1.449256e-04  -1.823171e-05  -3.008493e-04  -1.500149e-02  -4.518731e-04  +3.979516e-06  +6.719625e-02  -1.699974e-04  -2.645536e-04  +5.754741e-02  -1.386217e-05  -1.094720e-05  +6.367279e-02  
+1.037298e-04  +1.150329e-04  +6.755705e-05  -7.177765e-05  +6.546880e-06  +2.687865e-06  -3.256723e-05  -1.178840e-04  +2.665625e-05  +1.449256e-04  +2.219948e-04  +1.601553e-07  -9.449069e-05  -1.066583e-02  -1.467854e-04  +2.456103e-06  +1.389810e-02  -5.467568e-05  -9.571670e-05  +1.629088e-02  -2.902164e-06  +3.770645e-06  +1.764202e-02  
+6.150960e-07  -1.527119e-06  +4.453766e-06  +3.879879e-05  -2.512220e-06  -2.585365e-06  -2.703362e-06  -1.930374e-05  +2.978427e-06  -1.823171e-05  +1.601553e-07  +1.965448e-06  +9.670252e-06  +5.183960e-04  +1.195093e-05  +9.693545e-08  -3.617326e-03  +5.172138e-06  +6.240505e-06  -1.898808e-03  +1.791408e-07  +5.029414e-07  -2.914553e-03  
-8.026281e-05  -1.167945e-04  -3.905428e-05  +3.865942e-04  -4.943026e-05  -3.304993e-05  +3.576498e-06  -1.150284e-05  +2.888896e-06  -3.008493e-04  -9.449069e-05  +9.670252e-06  +1.767485e-04  +8.806340e-03  +2.596684e-04  -2.611743e-06  -3.995652e-02  +9.893201e-05  +1.519757e-04  -3.259291e-02  +7.628407e-06  +5.417432e-06  -3.726072e-02  
+3.698318e-03  +3.279024e-04  -1.689812e-02  +2.947351e-02  -3.330447e-03  +9.044655e-04  +5.262431e-03  -1.613133e-03  +2.845973e-03  -1.500149e-02  -1.066583e-02  +5.183960e-04  +8.806340e-03  +8.276320e+00  +1.248080e-02  +1.660696e-03  -2.541825e+00  +6.327141e-03  +6.603482e-03  +2.303130e+00  +3.363069e-04  +4.068693e-04  +5.827925e-01  
-1.282691e-04  -1.852055e-04  -7.931366e-05  +5.103620e-04  -7.430958e-05  -4.737431e-05  +1.712235e-05  +3.582869e-05  -8.963919e-07  -4.518731e-04  -1.467854e-04  +1.195093e-05  +2.596684e-04  +1.248080e-02  +3.946387e-04  -4.590783e-06  -5.343250e-02  +1.471591e-04  +2.345550e-04  -4.905469e-02  +1.333070e-05  +7.868619e-06  -5.302203e-02  
+5.488132e-06  +5.286284e-06  -3.069051e-07  +5.459440e-06  -3.486225e-08  +8.771446e-07  -2.047495e-07  -7.572993e-06  +1.876074e-06  +3.979516e-06  +2.456103e-06  +9.693545e-08  -2.611743e-06  +1.660696e-03  -4.590783e-06  +1.059860e-06  -1.944520e-06  -9.912644e-07  -3.419676e-06  +1.341497e-03  +4.889774e-08  +1.876231e-07  +6.904537e-04  
+1.038105e-02  +1.801680e-02  -1.352524e-03  -1.240329e-01  +1.210220e-02  +8.311379e-03  +5.497485e-03  +3.398315e-02  -4.708947e-03  +6.719625e-02  +1.389810e-02  -3.617326e-03  -3.995652e-02  -2.541825e+00  -5.343250e-02  -1.944520e-06  +1.234783e+01  -2.193166e-02  -2.894353e-02  +6.926779e+00  -1.100608e-03  -1.507815e-03  +9.358055e+00  
-4.514647e-05  -6.648432e-05  -2.767195e-05  +2.128975e-04  -2.859299e-05  -1.793111e-05  +4.834516e-06  -1.427735e-07  +1.329882e-06  -1.699974e-04  -5.467568e-05  +5.172138e-06  +9.893201e-05  +6.327141e-03  +1.471591e-04  -9.912644e-07  -2.193166e-02  +5.656400e-05  +8.620271e-05  -1.760914e-02  +4.777903e-06  +3.264617e-06  -2.022712e-02  
-8.367027e-05  -1.170590e-04  -5.288686e-05  +2.631490e-04  -4.109899e-05  -2.691024e-05  +1.615353e-05  +4.842537e-05  -4.865233e-06  -2.645536e-04  -9.571670e-05  +6.240505e-06  +1.519757e-04  +6.603482e-03  +2.345550e-04  -3.419676e-06  -2.894353e-02  +8.620271e-05  +1.426733e-04  -2.924891e-02  +8.171543e-06  +3.994298e-06  -3.096320e-02  
+1.858518e-02  +2.515744e-02  -1.781403e-04  -6.728181e-02  +7.844607e-03  +6.938557e-03  +2.518760e-03  +2.614757e-03  +5.483862e-04  +5.754741e-02  +1.629088e-02  -1.898808e-03  -3.259291e-02  +2.303130e+00  -4.905469e-02  +1.341497e-03  +6.926779e+00  -1.760914e-02  -2.924891e-02  +9.620086e+00  -1.891424e-03  -9.726701e-04  +8.424625e+00  
-3.863295e-06  -6.605777e-06  -4.313997e-06  +9.411182e-06  -2.902643e-06  -1.695040e-06  +2.423177e-06  +5.973805e-06  -3.187496e-07  -1.386217e-05  -2.902164e-06  +1.791408e-07  +7.628407e-06  +3.363069e-04  +1.333070e-05  +4.889774e-08  -1.100608e-03  +4.777903e-06  +8.171543e-06  -1.891424e-03  +1.611238e-06  +5.479475e-07  -1.828065e-03  
+7.919958e-07  -6.783553e-07  +4.840828e-07  +2.027445e-05  -3.383830e-06  -1.328842e-06  -1.254108e-06  -7.699221e-06  +1.763856e-06  -1.094720e-05  +3.770645e-06  +5.029414e-07  +5.417432e-06  +4.068693e-04  +7.868619e-06  +1.876231e-07  -1.507815e-03  +3.264617e-06  +3.994298e-06  -9.726701e-04  +5.479475e-07  +1.149284e-06  -1.279519e-03  
+1.428332e-02  +2.183402e-02  -3.922085e-03  -9.338881e-02  +1.021309e-02  +8.295502e-03  +2.484018e-03  +1.916079e-02  -2.269396e-03  +6.367279e-02  +1.764202e-02  -2.914553e-03  -3.726072e-02  +5.827925e-01  -5.302203e-02  +6.904537e-04  +9.358055e+00  -2.022712e-02  -3.096320e-02  +8.424625e+00  -1.828065e-03  -1.279519e-03  +1.081130e+01  
