mean:
+3.984634e+00  +3.940957e+00  +6.331505e-01  -1.148742e+00  +1.650360e+00  +4.998869e-01  +9.231639e-01  +2.005528e+00  +1.413637e-01  +2.027881e+00  +4.849172e+00  +1.839785e+00  +2.983773e+00  +8.049629e+02  +4.959822e+00  +4.480198e+00  +2.002444e+03  
covariance:
+9.297399e-06  +1.314361e-06  -9.220708e-06  +1.751408e-05  +1.967389e-05  -4.345988e-06  +1.306663e-05  -4.073812e-05  -2.889520e-06  +2.944267e-05  -9.063601e-05  +3.022846e-08  -6.823986e-07  +2.619925e-03  +1.767250e-08  -1.854410e-07  +5.428486e-03  
+1.314361e-06  +6.142100e-06  +9.384589e-06  -1.323913e-05  -1.124123e-05  +4.164659e-06  -4.746192e-06  +3.112713e-05  +1.428975e-06  -1.682273e-05  +7.282456e-05  +9.671469e-09  -3.199390e-07  -9.310127e-05  -4.985384e-08  -5.660279e-08  -3.345717e-03  
-9.220708e-06  +9.384589e-06  +1.612158e-04  -1.736975e-04  -2.154744e-04  +5.408938e-05  -5.443452e-05  +3.804923e-04  +9.032518e-06  -1.959201e-04  +8.563132e-04  -6.403158e-07  -8.815278e-07  -9.385298e-03  -4.248631e-07  +4.627919e-07  -2.176956e-02  
+1.751408e-05  -1.323913e-05  -1.736975e-04  +4.610215e-04  +2.889529e-04  -7.097767e-05  +1.329221e-04  -6.299355e-04  -2.450211e-05  +3.407579e-04  -1.288369e-03  +2.250104e-06  -2.817666e-06  +2.278917e-02  +4.569364e-07  -1.731877e-06  +4.749813e-02  
+1.967389e-05  -1.124123e-05  -2.154744e-04  +2.889529e-04  +7.197712e-04  -6.432781e-05  +1.079858e-04  -3.639896e-04  -2.363249e-05  +4.250555e-04  -1.545289e-03  +2.499048e-06  +1.917335e-06  +1.923191e-02  +2.029895e-06  -5.245840e-08  +8.882496e-02  
-4.345988e-06  +4.164659e-06  +5.408938e-05  -7.097767e-05  -6.432781e-05  +2.752542e-05  -3.169184e-05  +1.844550e-04  +3.622994e-06  -7.324056e-05  +3.766965e-04  -8.805084e-08  -3.193314e-07  -4.859507e-03  -1.068742e-07  +1.037741e-07  -1.173298e-02  
+1.306663e-05  -4.746192e-06  -5.443452e-05  +1.329221e-04  +1.079858e-04  -3.169184e-05  +1.344284e-04  -3.663830e-04  -2.311411e-05  +1.904309e-04  -5.879150e-04  +7.802030e-07  +2.150790e-07  +2.860763e-02  +3.537619e-07  +6.456892e-09  +3.245238e-02  
-4.073812e-05  +3.112713e-05  +3.804923e-04  -6.299355e-04  -3.639896e-04  +1.844550e-04  -3.663830e-04  +2.098638e-03  +4.626509e-05  -6.011808e-04  +2.955268e-03  +1.015902e-06  -3.050012e-06  -8.449586e-02  -9.760501e-07  +2.321617e-06  -6.594726e-02  
-2.889520e-06  +1.428975e-06  +9.032518e-06  -2.450211e-05  -2.363249e-05  +3.622994e-06  -2.311411e-05  +4.626509e-05  +6.592597e-06  -4.978095e-05  +9.699990e-05  -4.002882e-07  +2.108694e-07  -4.238888e-03  -1.110687e-07  -1.269175e-08  -7.669427e-03  
+2.944267e-05  -1.682273e-05  -1.959201e-04  +3.407579e-04  +4.250555e-04  -7.324056e-05  +1.904309e-04  -6.011808e-04  -4.978095e-05  +5.954779e-04  -1.616409e-03  +3.605021e-06  -2.968436e-06  +2.869807e-02  +1.718999e-06  -3.932654e-07  +9.241008e-02  
-9.063601e-05  +7.282456e-05  +8.563132e-04  -1.288369e-03  -1.545289e-03  +3.766965e-04  -5.879150e-04  +2.955268e-03  +9.699990e-05  -1.616409e-03  +6.901798e-03  -2.937469e-06  +8.442235e-07  -9.326638e-02  -4.172109e-06  +3.130925e-06  -2.814860e-01  
+3.022846e-08  +9.671469e-09  -6.403158e-07  +2.250104e-06  +2.499048e-06  -8.805084e-08  +7.802030e-07  +1.015902e-06  -4.002882e-07  +3.605021e-06  -2.937469e-06  +5.887276e-07  -8.109975e-09  +3.363090e-05  -1.802161e-08  -1.403458e-08  +5.369908e-04  
-6.823986e-07  -3.199390e-07  -8.815278e-07  -2.817666e-06  +1.917335e-06  -3.193314e-07  +2.150790e-07  -3.050012e-06  +2.108694e-07  -2.968436e-06  +8.442235e-07  -8.109975e-09  +8.262405e-07  +1.311035e-04  -2.990341e-08  +8.494221e-08  -4.332726e-04  
+2.619925e-03  -9.310127e-05  -9.385298e-03  +2.278917e-02  +1.923191e-02  -4.859507e-03  +2.860763e-02  -8.449586e-02  -4.238888e-03  +2.869807e-02  -9.326638e-02  +3.363090e-05  +1.311035e-04  +1.036821e+01  +1.064896e-05  +5.977876e-05  +4.064237e+00  
+1.767250e-08  -4.985384e-08  -4.248631e-07  +4.569364e-07  +2.029895e-06  -1.068742e-07  +3.537619e-07  -9.760501e-07  -1.110687e-07  +1.718999e-06  -4.172109e-06  -1.802161e-08  -2.990341e-08  +1.064896e-05  +2.018744e-07  -1.620209e-08  +2.842159e-04  
-1.854410e-07  -5.660279e-08  +4.627919e-07  -1.731877e-06  -5.245840e-08  +1.037741e-07  +6.456892e-09  +2.321617e-06  -1.269175e-08  -3.932654e-07  +3.130925e-06  -1.403458e-08  +8.494221e-08  +5.977876e-05  -1.620209e-08  +2.614884e-07  +1.937605e-04  
+5.428486e-03  -3.345717e-03  -2.176956e-02  +4.749813e-02  +8.882496e-02  -1.173298e-02  +3.245238e-02  -6.594726e-02  -7.669427e-03  +9.241008e-02  -2.814860e-01  +5.369908e-04  -4.332726e-04  +4.064237e+00  +2.842159e-04  +1.937605e-04  +2.998288e+01  
