mean:
+3.955822e+00  +3.923513e+00  +6.413103e-01  -1.127500e+00  +1.534940e+00  +4.002855e-01  +9.085604e-01  +2.103120e+00  +1.528590e-01  +1.925531e+00  +4.885085e+00  +1.635399e+00  +2.883452e+00  +8.028268e+02  +4.799778e+00  +4.400071e+00  +2.010722e+03  
covariance:
+2.402144e-06  -2.069450e-07  +1.596927e-06  +3.449176e-07  -6.020105e-07  +9.387213e-08  +8.827942e-07  +2.792149e-06  -7.282824e-07  +4.776721e-06  +1.062047e-05  -4.484634e-08  +4.397782e-08  +7.167348e-04  +2.054594e-08  -3.618817e-08  -2.299050e-03  
-2.069450e-07  +2.960827e-06  +1.122082e-07  -1.076799e-06  +2.676384e-07  +9.736569e-08  +5.397356e-07  +1.597852e-06  -1.742483e-08  -1.430561e-07  +2.678722e-07  -2.114607e-08  -6.491158e-08  -9.618912e-07  +6.129033e-09  -2.960737e-08  -1.869378e-04  
+1.596927e-06  +1.122082e-07  +3.140087e-05  +5.626497e-05  +1.545585e-05  +1.798954e-06  +2.992318e-07  +3.611154e-05  -1.129320e-05  +7.527281e-05  +1.452764e-04  +2.746877e-07  -2.540618e-07  +7.626572e-03  +2.035768e-07  +7.298051e-08  -2.421638e-02  
+3.449176e-07  -1.076799e-06  +5.626497e-05  +6.762087e-04  -1.921582e-04  +1.823952e-05  +8.550548e-06  +7.812087e-05  -1.994653e-05  +1.418529e-04  -6.936693e-06  +1.602000e-06  -1.076944e-06  +2.769520e-02  +1.680153e-06  +1.105175e-06  -2.939240e-03  
-6.020105e-07  +2.676384e-07  +1.545585e-05  -1.921582e-04  +5.877788e-04  -3.929853e-06  -1.807360e-05  +7.159843e-05  -2.693655e-05  +1.751936e-04  +6.369535e-04  -2.247504e-06  -1.959465e-06  +1.132622e-03  -6.516031e-07  -9.781196e-07  -7.732223e-02  
+9.387213e-08  +9.736569e-08  +1.798954e-06  +1.823952e-05  -3.929853e-06  +1.354561e-06  +1.527604e-06  +6.642428e-06  -9.603442e-07  +5.583231e-06  +5.560178e-07  +2.587973e-08  +3.526933e-08  +1.549230e-03  +8.392260e-08  -4.863839e-08  -2.164805e-04  
+8.827942e-07  +5.397356e-07  +2.992318e-07  +8.550548e-06  -1.807360e-05  +1.527604e-06  +1.632633e-05  +1.466859e-05  -5.186357e-06  +2.168737e-05  +3.036219e-05  -2.942949e-08  +1.984816e-07  +6.125799e-03  +6.670699e-08  -3.955329e-07  -9.759741e-03  
+2.792149e-06  +1.597852e-06  +3.611154e-05  +7.812087e-05  +7.159843e-05  +6.642428e-06  +1.466859e-05  +2.413679e-04  -3.265808e-05  +2.047632e-04  +3.778168e-04  -1.141260e-06  -1.280931e-07  +3.720654e-02  +1.806051e-07  -6.805403e-07  -6.263735e-02  
-7.282824e-07  -1.742483e-08  -1.129320e-05  -1.994653e-05  -2.693655e-05  -9.603442e-07  -5.186357e-06  -3.265808e-05  +9.587958e-06  -5.736504e-05  -1.169135e-04  +9.977821e-08  +1.333471e-07  -7.459431e-03  -5.618793e-08  +1.863063e-07  +1.901419e-02  
+4.776721e-06  -1.430561e-07  +7.527281e-05  +1.418529e-04  +1.751936e-04  +5.583231e-06  +2.168737e-05  +2.047632e-04  -5.736504e-05  +3.599781e-04  +7.295932e-04  -5.094441e-07  -9.408921e-07  +4.461439e-02  +3.960398e-07  -9.323306e-07  -1.157891e-01  
+1.062047e-05  +2.678722e-07  +1.452764e-04  -6.936693e-06  +6.369535e-04  +5.560178e-07  +3.036219e-05  +3.778168e-04  -1.169135e-04  +7.295932e-04  +1.771488e-03  -1.843383e-06  -3.246602e-06  +7.677350e-02  +8.043413e-08  -2.063592e-06  -2.734284e-01  
-4.484634e-08  -2.114607e-08  +2.746877e-07  +1.602000e-06  -2.247504e-06  +2.587973e-08  -2.942949e-08  -1.141260e-06  +9.977821e-08  -5.094441e-07  -1.843383e-06  +1.609611e-07  -1.200363e-08  -5.790516e-05  +5.202373e-09  +5.123246e-09  +1.392975e-04  
+4.397782e-08  -6.491158e-08  -2.540618e-07  -1.076944e-06  -1.959465e-06  +3.526933e-08  +1.984816e-07  -1.280931e-07  +1.333471e-07  -9.408921e-07  -3.246602e-06  -1.200363e-08  +2.480492e-07  -7.362264e-06  +1.141513e-08  -1.631230e-08  +4.811985e-04  
+7.167348e-04  -9.618912e-07  +7.626572e-03  +2.769520e-02  +1.132622e-03  +1.549230e-03  +6.125799e-03  +3.720654e-02  -7.459431e-03  +4.461439e-02  +7.677350e-02  -5.790516e-05  -7.362264e-06  +9.125567e+00  +4.076205e-05  -1.519454e-04  -1.362944e+01  
+2.054594e-08  +6.129033e-09  +2.035768e-07  +1.680153e-06  -6.516031e-07  +8.392260e-08  +6.670699e-08  +1.806051e-07  -5.618793e-08  +3.960398e-07  +8.043413e-08  +5.202373e-09  +1.141513e-08  +4.076205e-05  +8.899441e-08  -9.584292e-09  -4.882443e-05  
-3.618817e-08  -2.960737e-08  +7.298051e-08  +1.105175e-06  -9.781196e-07  -4.863839e-08  -3.955329e-07  -6.805403e-07  +1.863063e-07  -9.323306e-07  -2.063592e-06  +5.123246e-09  -1.631230e-08  -1.519454e-04  -9.584292e-09  +1.394881e-07  +4.437862e-04  
-2.299050e-03  -1.869378e-04  -2.421638e-02  -2.939240e-03  -7.732223e-02  -2.164805e-04  -9.759741e-03  -6.263735e-02  +1.901419e-02  -1.157891e-01  -2.734284e-01  +1.392975e-04  +4.811985e-04  -1.362944e+01  -4.882443e-05  +4.437862e-04  +5.024330e+01  
