mean:
+3.981671e+00  +3.940339e+00  +6.521846e-01  -1.138224e+00  +1.669126e+00  +5.020943e-01  +9.108028e-01  +2.064361e+00  +1.522597e-01  +1.943163e+00  +4.842677e+00  +1.838974e+00  +2.983680e+00  +8.085497e+02  +4.959631e+00  +4.479765e+00  +2.013491e+03  
covariance:
+2.535400e-06  +4.542801e-08  +3.067751e-06  -7.513564e-06  +7.840536e-07  +4.143810e-07  +3.844354e-07  -9.714991e-06  +1.711279e-06  -7.625375e-06  -6.848145e-05  +6.883895e-09  +1.131881e-09  +2.539478e-03  +1.944268e-09  -1.754019e-08  +6.332216e-03  
+4.542801e-08  +2.947779e-06  -1.689535e-06  +5.244644e-06  +6.981005e-08  -4.412589e-07  -7.360242e-07  +7.318360e-06  -1.335100e-06  +6.273949e-06  +6.922006e-05  +4.900652e-08  +6.695328e-08  -2.587940e-03  +6.985242e-08  +1.158607e-07  -5.611509e-03  
+3.067751e-06  -1.689535e-06  +3.012922e-05  -2.326411e-05  -4.212894e-07  +2.832601e-06  -8.000617e-06  -3.494744e-05  +6.205515e-06  -2.025939e-05  -2.120795e-04  -9.753844e-08  -2.581158e-07  +8.936554e-03  +9.648712e-09  -1.391444e-07  +1.444093e-02  
-7.513564e-06  +5.244644e-06  -2.326411e-05  +1.397109e-04  -1.257903e-07  -2.906964e-06  -1.137317e-05  +1.159472e-04  -1.532913e-05  +7.844230e-05  +5.803121e-04  -4.776585e-08  +5.553524e-08  -1.990986e-02  +1.779410e-07  +6.389521e-07  -4.454854e-02  
+7.840536e-07  +6.981005e-08  -4.212894e-07  -1.257903e-07  +6.026802e-05  +4.910879e-06  -5.944940e-06  -9.235175e-06  +2.844640e-06  -8.269514e-06  -6.438800e-05  +1.746509e-06  -5.244336e-07  +5.303578e-03  -4.005738e-07  +6.257215e-07  +1.241657e-02  
+4.143810e-07  -4.412589e-07  +2.832601e-06  -2.906964e-06  +4.910879e-06  +1.992250e-06  -1.265600e-06  -3.181123e-06  +8.565963e-07  -1.495926e-06  -4.780156e-05  +2.174764e-07  -2.296537e-07  +2.235866e-03  -3.537716e-08  +3.839175e-08  +4.557056e-03  
+3.844354e-07  -7.360242e-07  -8.000617e-06  -1.137317e-05  -5.944940e-06  -1.265600e-06  +1.613684e-05  -4.900793e-06  -2.367190e-07  -9.878854e-06  -4.827693e-05  -3.896481e-07  -3.500222e-07  +6.678692e-04  -3.414085e-08  -6.090060e-07  +3.732491e-03  
-9.714991e-06  +7.318360e-06  -3.494744e-05  +1.159472e-04  -9.235175e-06  -3.181123e-06  -4.900793e-06  +2.049596e-04  -1.891664e-05  +8.199585e-05  +7.997659e-04  -1.792774e-07  +4.788816e-07  -3.329255e-02  +5.529672e-07  +2.548501e-07  -7.029884e-02  
+1.711279e-06  -1.335100e-06  +6.205515e-06  -1.532913e-05  +2.844640e-06  +8.565963e-07  -2.367190e-07  -1.891664e-05  +5.501274e-06  -2.500225e-05  -1.683331e-04  -2.645637e-08  +1.918359e-07  +6.140031e-03  -3.905178e-08  -8.674826e-08  +1.415319e-02  
-7.625375e-06  +6.273949e-06  -2.025939e-05  +7.844230e-05  -8.269514e-06  -1.495926e-06  -9.878854e-06  +8.199585e-05  -2.500225e-05  +1.340825e-04  +7.452041e-04  +4.633324e-07  -1.203699e-06  -2.554837e-02  +1.947887e-07  +8.243984e-07  -6.011682e-02  
-6.848145e-05  +6.922006e-05  -2.120795e-04  +5.803121e-04  -6.438800e-05  -4.780156e-05  -4.827693e-05  +7.997659e-04  -1.683331e-04  +7.452041e-04  +6.891495e-03  +1.943629e-06  +1.665786e-06  -2.580013e-01  +2.251151e-06  +5.033739e-06  -6.094569e-01  
+6.883895e-09  +4.900652e-08  -9.753844e-08  -4.776585e-08  +1.746509e-06  +2.174764e-07  -3.896481e-07  -1.792774e-07  -2.645637e-08  +4.633324e-07  +1.943629e-06  +1.919936e-07  -3.447245e-08  +8.615545e-05  -1.138088e-08  +2.083678e-08  +1.157784e-04  
+1.131881e-09  +6.695328e-08  -2.581158e-07  +5.553524e-08  -5.244336e-07  -2.296537e-07  -3.500222e-07  +4.788816e-07  +1.918359e-07  -1.203699e-06  +1.665786e-06  -3.447245e-08  +2.530506e-07  -2.351886e-04  +1.276151e-08  +3.931610e-08  -2.313864e-04  
+2.539478e-03  -2.587940e-03  +8.936554e-03  -1.990986e-02  +5.303578e-03  +2.235866e-03  +6.678692e-04  -3.329255e-02  +6.140031e-03  -2.554837e-02  -2.580013e-01  +8.615545e-05  -2.351886e-04  +1.110876e+01  -1.164108e-04  -1.319741e-04  +2.389915e+01  
+1.944268e-09  +6.985242e-08  +9.648712e-09  +1.779410e-07  -4.005738e-07  -3.537716e-08  -3.414085e-08  +5.529672e-07  -3.905178e-08  +1.947887e-07  +2.251151e-06  -1.138088e-08  +1.276151e-08  -1.164108e-04  +1.136557e-07  +7.454561e-10  -2.354677e-04  
-1.754019e-08  +1.158607e-07  -1.391444e-07  +6.389521e-07  +6.257215e-07  +3.839175e-08  -6.090060e-07  +2.548501e-07  -8.674826e-08  +8.243984e-07  +5.033739e-06  +2.083678e-08  +3.931610e-08  -1.319741e-04  +7.454561e-10  +1.969906e-07  -1.595419e-04  
+6.332216e-03  -5.611509e-03  +1.444093e-02  -4.454854e-02  +1.241657e-02  +4.557056e-03  +3.732491e-03  -7.029884e-02  +1.415319e-02  -6.011682e-02  -6.094569e-01  +1.157784e-04  -2.313864e-04  +2.389915e+01  -2.354677e-04  -1.595419e-04  +6.046952e+01  
