mean:
+3.990975e+00  +3.958232e+00  +5.887363e-01  +2.017250e+00  +1.202776e+00  +4.072891e-01  +8.432812e-01  +2.208569e+00  +3.900280e-02  +3.865950e+00  +5.910560e+00  +4.477587e+00  +3.302271e+00  +3.279501e+02  +2.492312e+00  +3.691345e+00  +4.559964e+02  +4.639314e+00  +4.960061e+00  +8.045786e+02  +3.992473e+00  +5.121228e+00  +4.356219e+02  
covariance:
+1.011849e-05  -1.661810e-07  +3.283159e-07  +6.658787e-06  -6.506342e-06  -2.458747e-06  -2.134820e-05  -9.932372e-06  +1.133790e-06  -1.484471e-05  +3.186208e-05  -1.854614e-07  +7.160683e-07  -7.451774e-04  -1.383458e-07  -1.833963e-06  -3.362056e-03  -1.259207e-07  +1.616656e-07  -4.359896e-03  +4.702971e-06  -1.326370e-06  -4.221496e-03  
-1.661810e-07  +3.283336e-06  +7.777062e-07  -8.742347e-07  +1.689426e-08  -2.917412e-07  -2.404337e-06  +1.339599e-06  +5.046235e-08  +1.289107e-06  +5.246244e-06  +1.443403e-07  -1.872867e-07  -1.755029e-04  +1.888040e-07  +2.046971e-08  -5.274637e-04  +1.381491e-07  +2.325117e-08  -6.660097e-04  -1.953655e-07  +8.005968e-09  -4.198570e-04  
+3.283159e-07  +7.777062e-07  +1.541025e-05  -8.044935e-06  -7.611379e-06  -4.325087e-06  -2.882226e-05  +6.806797e-06  +7.442939e-07  +4.567126e-06  +5.464250e-05  -6.568717e-07  -1.540039e-07  -1.573477e-03  +1.821999e-06  -2.193375e-07  -6.599651e-03  +1.234894e-06  -4.942071e-08  -1.038257e-02  +9.323700e-07  -1.324137e-06  -6.438868e-03  
+6.658787e-06  -8.742347e-07  -8.044935e-06  +4.581724e-05  -1.501291e-06  +3.934905e-06  +2.202781e-05  -4.328657e-05  +1.956352e-08  -2.409353e-05  -6.941471e-05  -4.681403e-08  -3.301163e-07  +2.146791e-03  -9.650383e-07  -8.573435e-07  +7.914693e-03  -9.698957e-07  -2.703092e-07  +1.266315e-02  +4.878185e-06  +6.369981e-07  +8.316067e-03  
-6.506342e-06  +1.689426e-08  -7.611379e-06  -1.501291e-06  +5.579790e-05  +1.321212e-05  +9.268556e-05  -4.980553e-06  -3.808886e-06  +5.271814e-05  -1.230715e-04  -1.876380e-07  -2.475421e-06  +5.546262e-03  +1.736876e-06  +5.809215e-06  +1.775747e-02  -1.778249e-06  +8.559168e-07  +2.050339e-02  -8.455651e-06  +2.968249e-06  +2.549801e-02  
-2.458747e-06  -2.917412e-07  -4.325087e-06  +3.934905e-06  +1.321212e-05  +5.234313e-06  +3.545741e-05  -5.284973e-06  -1.360749e-06  +1.351386e-05  -5.548390e-05  +1.318838e-07  -1.056985e-06  +1.964901e-03  +4.829507e-08  +1.923439e-06  +7.262178e-03  -7.685433e-07  +1.070452e-07  +9.275136e-03  -3.023374e-06  +1.324078e-06  +9.507118e-03  
-2.134820e-05  -2.404337e-06  -2.882226e-05  +2.202781e-05  +9.268556e-05  +3.545741e-05  +2.691395e-04  -2.572102e-05  -1.042411e-05  +9.917449e-05  -4.070652e-04  +1.473287e-06  -8.733606e-06  +1.523055e-02  -8.431210e-08  +1.389330e-05  +5.379829e-02  -5.147138e-06  +2.279119e-07  +6.867671e-02  -2.431431e-05  +9.228541e-06  +6.919866e-02  
-9.932372e-06  +1.339599e-06  +6.806797e-06  -4.328657e-05  -4.980553e-06  -5.284973e-06  -2.572102e-05  +1.027952e-04  -2.890488e-07  +2.927122e-05  +1.053214e-04  +1.565665e-06  -6.773304e-07  -3.157325e-03  +2.974762e-07  +1.462593e-06  -9.078287e-03  +2.872958e-07  +4.277224e-07  -1.790034e-02  -6.720587e-06  -5.614556e-07  -1.653598e-02  
+1.133790e-06  +5.046235e-08  +7.442939e-07  +1.956352e-08  -3.808886e-06  -1.360749e-06  -1.042411e-05  -2.890488e-07  +4.686306e-07  -5.116633e-06  +1.465788e-05  -5.975940e-08  +3.640757e-07  -5.515617e-04  -6.760455e-08  -6.168364e-07  -2.003420e-03  +1.685696e-07  -2.351448e-08  -2.402365e-03  +1.157834e-06  -3.757451e-07  -2.616673e-03  
-1.484471e-05  +1.289107e-06  +4.567126e-06  -2.409353e-05  +5.271814e-05  +1.351386e-05  +9.917449e-05  +2.927122e-05  -5.116633e-06  +9.781641e-05  -1.090784e-04  -2.601817e-07  -4.108699e-06  +4.717232e-03  +3.782177e-06  +8.562050e-06  +1.677504e-02  -4.034490e-07  +1.117939e-06  +1.353089e-02  -1.568988e-05  +3.640941e-06  +2.453054e-02  
+3.186208e-05  +5.246244e-06  +5.464250e-05  -6.941471e-05  -1.230715e-04  -5.548390e-05  -4.070652e-04  +1.053214e-04  +1.465788e-05  -1.090784e-04  +7.699350e-04  +2.456608e-07  +1.232723e-05  -2.283593e-02  +1.202913e-06  -2.129629e-05  -8.512757e-02  +5.835450e-06  +6.805710e-07  -1.174036e-01  +3.302497e-05  -1.467984e-05  -1.096845e-01  
-1.854614e-07  +1.443403e-07  -6.568717e-07  -4.681403e-08  -1.876380e-07  +1.318838e-07  +1.473287e-06  +1.565665e-06  -5.975940e-08  -2.601817e-07  +2.456608e-07  +4.045337e-07  -1.097065e-07  +7.498519e-05  -2.325356e-07  -1.103703e-08  +4.212356e-04  -1.595186e-07  -2.886380e-08  +5.743119e-04  -2.566716e-07  +1.041655e-07  +2.761179e-04  
+7.160683e-07  -1.872867e-07  -1.540039e-07  -3.301163e-07  -2.475421e-06  -1.056985e-06  -8.733606e-06  -6.773304e-07  +3.640757e-07  -4.108699e-06  +1.232723e-05  -1.097065e-07  +8.649505e-07  -5.632209e-04  -1.079500e-07  -6.015867e-07  -1.793811e-03  +1.493778e-07  -2.233582e-09  -2.169544e-03  +1.024121e-06  -2.425987e-07  -1.994602e-03  
-7.451774e-04  -1.755029e-04  -1.573477e-03  +2.146791e-03  +5.546262e-03  +1.964901e-03  +1.523055e-02  -3.157325e-03  -5.515617e-04  +4.717232e-03  -2.283593e-02  +7.498519e-05  -5.632209e-04  +1.196175e+00  +2.513277e-05  +7.059994e-04  +3.095816e+00  -3.572384e-04  +9.941575e-06  +4.114621e+00  -1.016974e-03  +4.611076e-04  +4.033307e+00  
-1.383458e-07  +1.888040e-07  +1.821999e-06  -9.650383e-07  +1.736876e-06  +4.829507e-08  -8.431210e-08  +2.974762e-07  -6.760455e-08  +3.782177e-06  +1.202913e-06  -2.325356e-07  -1.079500e-07  +2.513277e-05  +6.150191e-07  +2.654661e-07  -9.135624e-05  +1.300307e-07  +6.494090e-08  -7.510076e-04  -1.020150e-07  -8.423444e-08  +3.690774e-04  
-1.833963e-06  +2.046971e-08  -2.193375e-07  -8.573435e-07  +5.809215e-06  +1.923439e-06  +1.389330e-05  +1.462593e-06  -6.168364e-07  +8.562050e-06  -2.129629e-05  -1.103703e-08  -6.015867e-07  +7.059994e-04  +2.654661e-07  +1.297126e-06  +2.603300e-03  -1.530314e-07  +3.624758e-08  +3.026295e-03  -1.892684e-06  +5.318602e-07  +3.634174e-03  
-3.362056e-03  -5.274637e-04  -6.599651e-03  +7.914693e-03  +1.775747e-02  +7.262178e-03  +5.379829e-02  -9.078287e-03  -2.003420e-03  +1.677504e-02  -8.512757e-02  +4.212356e-04  -1.793811e-03  +3.095816e+00  -9.135624e-05  +2.603300e-03  +1.146638e+01  -1.157935e-03  +3.291020e-05  +1.458246e+01  -4.236250e-03  +1.857631e-03  +1.441266e+01  
-1.259207e-07  +1.381491e-07  +1.234894e-06  -9.698957e-07  -1.778249e-06  -7.685433e-07  -5.147138e-06  +2.872958e-07  +1.685696e-07  -4.034490e-07  +5.835450e-06  -1.595186e-07  +1.493778e-07  -3.572384e-04  +1.300307e-07  -1.530314e-07  -1.157935e-03  +4.142579e-07  -3.589850e-08  -1.546756e-03  +1.666229e-07  -1.220558e-07  -1.365690e-03  
+1.616656e-07  +2.325117e-08  -4.942071e-08  -2.703092e-07  +8.559168e-07  +1.070452e-07  +2.279119e-07  +4.277224e-07  -2.351448e-08  +1.117939e-06  +6.805710e-07  -2.886380e-08  -2.233582e-09  +9.941575e-06  +6.494090e-08  +3.624758e-08  +3.291020e-05  -3.589850e-08  +1.857694e-07  -1.825894e-04  +6.046049e-08  -9.023551e-09  +2.043903e-05  
-4.359896e-03  -6.660097e-04  -1.038257e-02  +1.266315e-02  +2.050339e-02  +9.275136e-03  +6.867671e-02  -1.790034e-02  -2.402365e-03  +1.353089e-02  -1.174036e-01  +5.743119e-04  -2.169544e-03  +4.114621e+00  -7.510076e-04  +3.026295e-03  +1.458246e+01  -1.546756e-03  -1.825894e-04  +2.102448e+01  -5.124363e-03  +2.519184e-03  +1.877798e+01  
+4.702971e-06  -1.953655e-07  +9.323700e-07  +4.878185e-06  -8.455651e-06  -3.023374e-06  -2.431431e-05  -6.720587e-06  +1.157834e-06  -1.568988e-05  +3.302497e-05  -2.566716e-07  +1.024121e-06  -1.016974e-03  -1.020150e-07  -1.892684e-06  -4.236250e-03  +1.666229e-07  +6.046049e-08  -5.124363e-03  +4.414625e-06  -1.093539e-06  -5.734832e-03  
-1.326370e-06  +8.005968e-09  -1.324137e-06  +6.369981e-07  +2.968249e-06  +1.324078e-06  +9.228541e-06  -5.614556e-07  -3.757451e-07  +3.640941e-06  -1.467984e-05  +1.041655e-07  -2.425987e-07  +4.611076e-04  -8.423444e-08  +5.318602e-07  +1.857631e-03  -1.220558e-07  -9.023551e-09  +2.519184e-03  -1.093539e-06  +6.091359e-07  +2.365131e-03  
-4.221496e-03  -4.198570e-04  -6.438868e-03  +8.316067e-03  +2.549801e-02  +9.507118e-03  +6.919866e-02  -1.653598e-02  -2.616673e-03  +2.453054e-02  -1.096845e-01  +2.761179e-04  -1.994602e-03  +4.033307e+00  +3.690774e-04  +3.634174e-03  +1.441266e+01  -1.365690e-03  +2.043903e-05  +1.877798e+01  -5.734832e-03  +2.365131e-03  +2.053597e+01  
