mean:
+3.918311e+00  +3.902422e+00  +6.510571e-01  -1.163782e+00  +1.635323e+00  +6.008297e-01  +9.113525e-01  +2.072229e+00  +1.469503e-01  +1.956673e+00  +4.816107e+00  +1.905384e+00  +3.007202e+00  +8.015549e+02  +4.959676e+00  +4.479839e+00  +2.007625e+03  
covariance:
+1.392107e-05  -3.234382e-06  +9.695481e-06  +1.651202e-05  -4.279738e-05  +5.167087e-08  +2.019512e-06  -9.914307e-06  -3.020455e-08  -7.991300e-06  +8.872319e-05  +2.984198e-07  -3.364248e-07  -1.035404e-03  +2.848811e-07  -8.141753e-08  -3.613647e-03  
-3.234382e-06  +3.833867e-06  -9.312187e-06  -2.623286e-05  +4.498674e-05  -2.165045e-06  -2.426691e-06  -3.422907e-07  +7.018640e-07  +8.463275e-06  -1.507801e-04  +3.198912e-08  +2.124415e-07  +5.248532e-04  -1.218620e-07  +4.438011e-08  +5.771661e-03  
+9.695481e-06  -9.312187e-06  +5.628964e-05  +9.541190e-05  -1.865596e-04  +1.250816e-05  +1.314472e-05  +1.583025e-05  -2.748471e-06  -2.827438e-05  +4.628118e-04  +7.450847e-07  -5.793353e-07  -4.192180e-03  +8.908152e-07  +2.425377e-07  -2.452114e-02  
+1.651202e-05  -2.623286e-05  +9.541190e-05  +3.308717e-04  -4.109282e-04  +3.141393e-05  +3.211768e-05  +2.864670e-05  -1.192392e-05  -5.616226e-05  +1.386744e-03  +3.314856e-07  -1.049897e-06  -6.739664e-03  +9.666682e-07  -1.986138e-07  -5.710999e-02  
-4.279738e-05  +4.498674e-05  -1.865596e-04  -4.109282e-04  +8.506671e-04  -4.732428e-05  -4.588388e-05  -3.404262e-05  +1.232523e-05  +1.331979e-04  -2.231327e-03  -1.290175e-06  +2.278268e-06  +1.902171e-02  -2.529929e-06  -3.923944e-07  +1.015970e-01  
+5.167087e-08  -2.165045e-06  +1.250816e-05  +3.141393e-05  -4.732428e-05  +8.032435e-06  +6.290254e-06  +2.357531e-05  -1.656389e-06  -2.758603e-06  +1.210300e-04  +8.529616e-08  +2.677899e-07  -2.872110e-03  +8.545932e-08  +1.752365e-07  -7.500842e-03  
+2.019512e-06  -2.426691e-06  +1.314472e-05  +3.211768e-05  -4.588388e-05  +6.290254e-06  +1.406555e-05  +2.242945e-05  -2.748761e-06  -4.450471e-06  +1.454483e-04  +3.045127e-07  -1.945191e-07  -2.742856e-03  -3.952201e-08  +5.086415e-10  -7.130277e-03  
-9.914307e-06  -3.422907e-07  +1.583025e-05  +2.864670e-05  -3.404262e-05  +2.357531e-05  +2.242945e-05  +1.978042e-04  -5.787788e-06  +1.243838e-05  +1.419573e-04  +9.734778e-07  -1.060819e-07  -2.278492e-03  -3.668103e-07  +2.110586e-07  -1.926527e-02  
-3.020455e-08  +7.018640e-07  -2.748471e-06  -1.192392e-05  +1.232523e-05  -1.656389e-06  -2.748761e-06  -5.787788e-06  +1.204954e-06  -1.675411e-07  -5.512215e-05  +1.693903e-08  +2.643620e-08  +3.072936e-04  +3.916864e-08  +2.350405e-08  +2.527774e-03  
-7.991300e-06  +8.463275e-06  -2.827438e-05  -5.616226e-05  +1.331979e-04  -2.758603e-06  -4.450471e-06  +1.243838e-05  -1.675411e-07  +4.212512e-05  -4.196835e-04  -3.380285e-07  +5.979743e-07  +1.063964e-03  -3.399444e-07  +9.380853e-08  +1.350208e-02  
+8.872319e-05  -1.507801e-04  +4.628118e-04  +1.386744e-03  -2.231327e-03  +1.210300e-04  +1.454483e-04  +1.419573e-04  -5.512215e-05  -4.196835e-04  +8.306031e-03  -2.016151e-06  -7.692789e-06  -1.273864e-02  +2.979508e-06  -3.276360e-06  -3.201282e-01  
+2.984198e-07  +3.198912e-08  +7.450847e-07  +3.314856e-07  -1.290175e-06  +8.529616e-08  +3.045127e-07  +9.734778e-07  +1.693903e-08  -3.380285e-07  -2.016151e-06  +2.103345e-07  -1.366673e-08  -8.553253e-05  +1.083261e-08  -4.139210e-09  -9.391961e-05  
-3.364248e-07  +2.124415e-07  -5.793353e-07  -1.049897e-06  +2.278268e-06  +2.677899e-07  -1.945191e-07  -1.060819e-07  +2.643620e-08  +5.979743e-07  -7.692789e-06  -1.366673e-08  +2.372600e-07  -2.222716e-04  -1.036126e-08  +1.201426e-08  +1.471312e-04  
-1.035404e-03  +5.248532e-04  -4.192180e-03  -6.739664e-03  +1.902171e-02  -2.872110e-03  -2.742856e-03  -2.278492e-03  +3.072936e-04  +1.063964e-03  -1.273864e-02  -8.553253e-05  -2.222716e-04  +2.843175e+00  -4.423417e-05  -1.783418e-04  +1.328371e+00  
+2.848811e-07  -1.218620e-07  +8.908152e-07  +9.666682e-07  -2.529929e-06  +8.545932e-08  -3.952201e-08  -3.668103e-07  +3.916864e-08  -3.399444e-07  +2.979508e-06  +1.083261e-08  -1.036126e-08  -4.423417e-05  +1.140135e-07  +3.095107e-09  -2.360199e-04  
-8.141753e-08  +4.438011e-08  +2.425377e-07  -1.986138e-07  -3.923944e-07  +1.752365e-07  +5.086415e-10  +2.110586e-07  +2.350405e-08  +9.380853e-08  -3.276360e-06  -4.139210e-09  +1.201426e-08  -1.783418e-04  +3.095107e-09  +1.033871e-07  +2.644235e-05  
-3.613647e-03  +5.771661e-03  -2.452114e-02  -5.710999e-02  +1.015970e-01  -7.500842e-03  -7.130277e-03  -1.926527e-02  +2.527774e-03  +1.350208e-02  -3.201282e-01  -9.391961e-05  +1.471312e-04  +1.328371e+00  -2.360199e-04  +2.644235e-05  +1.771707e+01  
