mean:
+3.960531e+00  +3.925310e+00  +6.269376e-01  -1.152070e+00  +1.687680e+00  +4.957454e-01  +9.203235e-01  +2.035230e+00  +1.433128e-01  +2.103265e+00  +4.755838e+00  +1.635000e+00  +2.882728e+00  +8.101166e+02  +4.800168e+00  +4.399746e+00  +2.019820e+03  
covariance:
+6.531879e-06  +2.079207e-07  +2.889196e-07  -8.847662e-06  +1.176447e-06  -8.284749e-07  +1.566287e-06  -1.533585e-06  +2.505097e-07  +3.957017e-06  -1.453092e-05  -3.735146e-07  -3.081790e-08  +5.759055e-04  -6.964500e-08  -1.067675e-07  +6.351944e-06  
+2.079207e-07  +7.195690e-06  -4.816263e-07  +5.073824e-06  +1.581416e-06  +2.736125e-06  -2.535216e-06  +1.515955e-05  +2.954074e-06  -3.449299e-05  +5.725572e-05  +1.832360e-07  -5.788279e-08  -1.323034e-03  +1.505189e-08  -2.012725e-07  -4.055168e-03  
+2.889196e-07  -4.816263e-07  +5.945127e-05  -9.327236e-05  -3.003634e-05  -2.312486e-06  -7.045868e-05  +1.134660e-04  +2.552462e-05  -2.009462e-04  +1.485293e-04  -5.372234e-07  -8.718648e-07  -1.426039e-02  +2.122504e-07  -3.061083e-07  -3.195504e-02  
-8.847662e-06  +5.073824e-06  -9.327236e-05  +1.400831e-03  +1.779997e-04  +2.229213e-04  +3.763333e-05  +3.107519e-04  +3.255283e-05  -9.549694e-04  +2.874907e-03  -8.356378e-06  +2.206227e-06  +7.015945e-03  -2.368100e-07  -5.191883e-06  -1.705156e-02  
+1.176447e-06  +1.581416e-06  -3.003634e-05  +1.779997e-04  +1.866948e-04  -7.414985e-07  +6.254904e-05  -8.916711e-05  -3.377933e-05  +3.411716e-04  -4.089448e-04  -1.894926e-06  -8.020928e-07  +1.668460e-02  +8.988524e-07  -2.536071e-06  +7.336039e-02  
-8.284749e-07  +2.736125e-06  -2.312486e-06  +2.229213e-04  -7.414985e-07  +6.533635e-05  -1.834534e-05  +1.526894e-04  +2.711451e-05  -4.558070e-04  +1.035553e-03  -2.146084e-06  +2.367898e-07  -1.350488e-02  -2.583344e-07  -9.268666e-07  -4.107150e-02  
+1.566287e-06  -2.535216e-06  -7.045868e-05  +3.763333e-05  +6.254904e-05  -1.834534e-05  +1.888065e-04  -2.379306e-04  -5.441605e-05  +4.420051e-04  -5.498182e-04  +1.351514e-06  +9.841547e-07  +3.733362e-02  +3.966349e-08  -1.974789e-07  +6.887038e-02  
-1.533585e-06  +1.515955e-05  +1.134660e-04  +3.107519e-04  -8.916711e-05  +1.526894e-04  -2.379306e-04  +9.289109e-04  +1.401024e-04  -1.732261e-03  +3.163656e-03  -5.333463e-06  +8.316183e-07  -8.193226e-02  -1.263176e-06  -4.568365e-06  -2.047818e-01  
+2.505097e-07  +2.954074e-06  +2.552462e-05  +3.255283e-05  -3.377933e-05  +2.711451e-05  -5.441605e-05  +1.401024e-04  +3.654195e-05  -4.189126e-04  +6.432998e-04  -1.250606e-06  -4.471425e-07  -1.608908e-02  -1.251602e-07  -2.326070e-07  -5.281563e-02  
+3.957017e-06  -3.449299e-05  -2.009462e-04  -9.549694e-04  +3.411716e-04  -4.558070e-04  +4.420051e-04  -1.732261e-03  -4.189126e-04  +5.533464e-03  -9.590446e-03  +1.588431e-05  +3.558920e-06  +1.782624e-01  +2.581710e-06  +3.962166e-06  +6.504026e-01  
-1.453092e-05  +5.725572e-05  +1.485293e-04  +2.874907e-03  -4.089448e-04  +1.035553e-03  -5.498182e-04  +3.163656e-03  +6.432998e-04  -9.590446e-03  +1.953128e-02  -2.953352e-05  -2.201576e-06  -3.000709e-01  -6.840322e-06  -9.947366e-06  -1.067218e+00  
-3.735146e-07  +1.832360e-07  -5.372234e-07  -8.356378e-06  -1.894926e-06  -2.146084e-06  +1.351514e-06  -5.333463e-06  -1.250606e-06  +1.588431e-05  -2.953352e-05  +8.804108e-07  -5.106775e-08  +1.285446e-04  +6.321112e-09  +3.173087e-08  +8.373020e-04  
-3.081790e-08  -5.788279e-08  -8.718648e-07  +2.206227e-06  -8.020928e-07  +2.367898e-07  +9.841547e-07  +8.316183e-07  -4.471425e-07  +3.558920e-06  -2.201576e-06  -5.106775e-08  +6.526540e-07  +1.287972e-04  +2.072665e-09  -7.028981e-08  +6.325588e-04  
+5.759055e-04  -1.323034e-03  -1.426039e-02  +7.015945e-03  +1.668460e-02  -1.350488e-02  +3.733362e-02  -8.193226e-02  -1.608908e-02  +1.782624e-01  -3.000709e-01  +1.285446e-04  +1.287972e-04  +1.492791e+01  +1.933593e-05  -5.063506e-05  +2.652636e+01  
-6.964500e-08  +1.505189e-08  +2.122504e-07  -2.368100e-07  +8.988524e-07  -2.583344e-07  +3.966349e-08  -1.263176e-06  -1.251602e-07  +2.581710e-06  -6.840322e-06  +6.321112e-09  +2.072665e-09  +1.933593e-05  +2.782717e-07  +4.424187e-08  +4.511553e-04  
-1.067675e-07  -2.012725e-07  -3.061083e-07  -5.191883e-06  -2.536071e-06  -9.268666e-07  -1.974789e-07  -4.568365e-06  -2.326070e-07  +3.962166e-06  -9.947366e-06  +3.173087e-08  -7.028981e-08  -5.063506e-05  +4.424187e-08  +4.215267e-07  -3.085369e-04  
+6.351944e-06  -4.055168e-03  -3.195504e-02  -1.705156e-02  +7.336039e-02  -4.107150e-02  +6.887038e-02  -2.047818e-01  -5.281563e-02  +6.504026e-01  -1.067218e+00  +8.373020e-04  +6.325588e-04  +2.652636e+01  +4.511553e-04  -3.085369e-04  +9.817889e+01  
