mean:
+3.958395e+00  +3.925779e+00  +6.672504e-01  -1.156209e+00  +1.649299e+00  +4.059891e-01  +9.521412e-01  +2.050824e+00  +1.489772e-01  +2.060363e+00  +4.687749e+00  +1.635209e+00  +2.883352e+00  +8.083904e+02  +4.800033e+00  +4.399648e+00  +2.007786e+03  
covariance:
+3.537549e-06  +2.581943e-06  -1.072159e-05  +5.839854e-06  -7.006064e-06  -1.173344e-06  -1.248160e-05  +2.577212e-05  +5.607615e-06  -4.397032e-05  +1.415268e-04  -1.143563e-07  +1.689739e-07  -2.901291e-03  +6.553823e-08  -1.896496e-07  -3.538333e-03  
+2.581943e-06  +7.264602e-06  -1.421279e-05  +5.284013e-06  -8.988743e-06  -1.499423e-06  -1.707563e-05  +3.482459e-05  +7.658296e-06  -6.106471e-05  +2.050963e-04  -4.227561e-08  +3.528930e-07  -4.148612e-03  -3.526448e-08  -1.947948e-07  -4.247826e-03  
-1.072159e-05  -1.421279e-05  +1.262050e-04  -2.223716e-05  +6.760756e-05  +1.681830e-06  +6.143414e-05  -2.851021e-04  -3.189604e-05  +3.430288e-04  -1.493730e-03  +7.061399e-07  -1.062009e-06  +3.323548e-02  +3.583268e-07  +6.635559e-07  +4.122705e-02  
+5.839854e-06  +5.284013e-06  -2.223716e-05  +2.081575e-04  -4.493147e-06  -1.512007e-05  -6.561034e-05  -4.360434e-05  +2.323437e-05  -1.122221e-04  +4.542109e-05  +1.406895e-06  +1.248075e-06  +4.629496e-03  -3.191788e-07  -1.328415e-06  +2.450995e-02  
-7.006064e-06  -8.988743e-06  +6.760756e-05  -4.493147e-06  +1.277412e-04  +4.075862e-06  +5.156512e-05  -1.952746e-04  -2.639487e-05  +2.668160e-04  -1.011252e-03  +1.232964e-06  -7.888793e-07  +2.394660e-02  -5.301581e-07  +9.732379e-07  +2.616562e-02  
-1.173344e-06  -1.499423e-06  +1.681830e-06  -1.512007e-05  +4.075862e-06  +2.775480e-06  +1.367243e-05  +4.738369e-06  -4.725248e-06  +2.223112e-05  -1.222592e-05  -1.145597e-07  -2.355790e-07  -4.678802e-04  -2.711643e-08  +1.611348e-07  -2.314694e-03  
-1.248160e-05  -1.707563e-05  +6.143414e-05  -6.561034e-05  +5.156512e-05  +1.367243e-05  +1.342141e-04  -1.581653e-04  -5.413594e-05  +3.554934e-04  -7.278807e-04  +3.311190e-07  -1.445185e-06  +1.030908e-02  +2.832867e-08  +1.570125e-06  +1.468093e-02  
+2.577212e-05  +3.482459e-05  -2.851021e-04  -4.360434e-05  -1.952746e-04  +4.738369e-06  -1.581653e-04  +9.400912e-04  +9.536959e-05  -9.918588e-04  +3.733031e-03  -2.347881e-06  +1.136746e-06  -8.150240e-02  -5.416330e-07  -2.326862e-06  -1.293615e-01  
+5.607615e-06  +7.658296e-06  -3.189604e-05  +2.323437e-05  -2.639487e-05  -4.725248e-06  -5.413594e-05  +9.536959e-05  +2.431635e-05  -1.722045e-04  +3.898848e-04  -3.502349e-07  +5.586297e-07  -6.253117e-03  -4.368070e-08  -6.939445e-07  -1.009872e-02  
-4.397032e-05  -6.106471e-05  +3.430288e-04  -1.122221e-04  +2.668160e-04  +2.223112e-05  +3.554934e-04  -9.918588e-04  -1.722045e-04  +1.450208e-03  -4.454887e-03  +3.649617e-06  -3.851517e-06  +8.739935e-02  +4.728506e-07  +4.926700e-06  +1.247081e-01  
+1.415268e-04  +2.050963e-04  -1.493730e-03  +4.542109e-05  -1.011252e-03  -1.222592e-05  -7.278807e-04  +3.733031e-03  +3.898848e-04  -4.454887e-03  +2.065844e-02  -1.151664e-05  +1.173399e-05  -4.707666e-01  -1.556834e-06  -9.866148e-06  -5.648622e-01  
-1.143563e-07  -4.227561e-08  +7.061399e-07  +1.406895e-06  +1.232964e-06  -1.145597e-07  +3.311190e-07  -2.347881e-06  -3.502349e-07  +3.649617e-06  -1.151664e-05  +2.264250e-07  -1.827676e-09  +1.278622e-04  -1.891211e-09  +2.689474e-08  +5.693016e-04  
+1.689739e-07  +3.528930e-07  -1.062009e-06  +1.248075e-06  -7.888793e-07  -2.355790e-07  -1.445185e-06  +1.136746e-06  +5.586297e-07  -3.851517e-06  +1.173399e-05  -1.827676e-09  +2.452155e-07  -1.543252e-04  +1.066865e-08  -4.436497e-08  +9.289312e-06  
-2.901291e-03  -4.148612e-03  +3.323548e-02  +4.629496e-03  +2.394660e-02  -4.678802e-04  +1.030908e-02  -8.150240e-02  -6.253117e-03  +8.739935e-02  -4.707666e-01  +1.278622e-04  -1.543252e-04  +1.272968e+01  -3.978016e-05  +1.240268e-04  +1.411944e+01  
+6.553823e-08  -3.526448e-08  +3.583268e-07  -3.191788e-07  -5.301581e-07  -2.711643e-08  +2.832867e-08  -5.416330e-07  -4.368070e-08  +4.728506e-07  -1.556834e-06  -1.891211e-09  +1.066865e-08  -3.978016e-05  +1.234611e-07  -1.682647e-08  -6.991362e-05  
-1.896496e-07  -1.947948e-07  +6.635559e-07  -1.328415e-06  +9.732379e-07  +1.611348e-07  +1.570125e-06  -2.326862e-06  -6.939445e-07  +4.926700e-06  -9.866148e-06  +2.689474e-08  -4.436497e-08  +1.240268e-04  -1.682647e-08  +1.414279e-07  +1.921041e-04  
-3.538333e-03  -4.247826e-03  +4.122705e-02  +2.450995e-02  +2.616562e-02  -2.314694e-03  +1.468093e-02  -1.293615e-01  -1.009872e-02  +1.247081e-01  -5.648622e-01  +5.693016e-04  +9.289312e-06  +1.411944e+01  -6.991362e-05  +1.921041e-04  +2.620185e+01  
