mean:
+3.943785e+00  +3.933269e+00  +8.338916e-01  +1.311607e+00  +1.430432e+00  +5.076512e-01  +7.948444e-01  +1.369319e+00  +1.737108e-01  +1.809127e+00  +5.988126e+00  +3.530344e+00  +2.654696e+00  +2.093443e+02  +4.292155e+00  +5.294556e+00  +2.814844e+02  +5.392513e+00  +3.762904e+00  +3.243607e+02  +2.640024e+00  +4.559773e+00  +3.931355e+02  
covariance:
+1.022370e-06  +9.593455e-07  -7.064451e-07  -5.597047e-06  +2.506050e-06  +8.532938e-07  -1.281030e-07  -6.111379e-06  +4.105487e-07  +2.259629e-06  -1.523495e-07  -2.448379e-06  -2.664345e-06  +7.277688e-04  -4.614467e-06  -2.991955e-07  +1.986508e-04  -3.067389e-06  -4.379872e-06  +5.362067e-04  +1.770642e-07  -1.455924e-07  +1.330277e-04  
+9.593455e-07  +1.645112e-05  -1.057539e-05  +8.994945e-06  +5.700315e-06  +3.871168e-06  +5.683278e-07  -1.752162e-05  +1.430281e-06  +8.455158e-06  -5.838227e-06  -1.100592e-05  -1.129159e-05  +4.351440e-03  -1.941054e-05  +2.827284e-07  +2.068912e-03  -1.134118e-05  -1.938534e-05  +2.908648e-03  +1.029585e-07  +8.203590e-07  +2.074319e-03  
-7.064451e-07  -1.057539e-05  +1.178311e-04  -2.436513e-05  -1.606149e-05  -6.892205e-06  -2.293591e-06  -1.075974e-04  +1.275894e-05  -1.242541e-04  +7.372051e-05  +2.461315e-05  +3.489303e-05  -1.742062e-02  +5.379350e-05  -6.475153e-06  -3.485827e-02  +3.236350e-05  +5.116866e-05  -1.217670e-02  +9.519129e-07  +2.118939e-06  -3.681142e-02  
-5.597047e-06  +8.994945e-06  -2.436513e-05  +3.725230e-04  -7.543520e-05  -2.562183e-05  -1.177490e-05  +7.579770e-05  +2.822427e-05  -2.276103e-04  +1.054372e-05  +4.426583e-05  +7.077832e-05  -1.963900e-02  +1.272344e-04  +7.164026e-06  -2.166976e-02  +8.540734e-05  +1.049889e-04  -9.132357e-03  -3.941546e-06  +1.139679e-05  -1.691233e-02  
+2.506050e-06  +5.700315e-06  -1.606149e-05  -7.543520e-05  +3.511494e-05  +8.755158e-06  +2.111905e-06  -9.752440e-06  -8.698615e-06  +8.104368e-05  -1.492590e-05  -2.120271e-05  -2.786397e-05  +1.030592e-02  -5.134740e-05  -8.671580e-07  +1.058893e-02  -3.316675e-05  -4.451493e-05  +5.756435e-03  +1.183696e-06  -3.427992e-06  +1.041029e-02  
+8.532938e-07  +3.871168e-06  -6.892205e-06  -2.562183e-05  +8.755158e-06  +4.792523e-06  +1.955209e-06  -9.898635e-06  -2.782492e-06  +2.791725e-05  -9.898699e-06  -8.746406e-06  -1.158509e-05  +3.901666e-03  -2.007509e-05  +4.119969e-07  +4.379016e-03  -1.205572e-05  -1.786089e-05  +2.332707e-03  +2.852802e-07  -9.429213e-07  +4.034741e-03  
-1.281030e-07  +5.683278e-07  -2.293591e-06  -1.177490e-05  +2.111905e-06  +1.955209e-06  +9.108670e-06  +4.301564e-06  -3.590273e-06  +1.671639e-05  -7.004876e-06  -1.577649e-07  -2.722767e-06  +1.933743e-03  -2.885498e-06  +1.372016e-06  +2.966817e-03  -1.575024e-06  -2.177834e-06  +6.080987e-05  +1.543671e-07  -5.540289e-07  +3.264448e-03  
-6.111379e-06  -1.752162e-05  -1.075974e-04  +7.579770e-05  -9.752440e-06  -9.898635e-06  +4.301564e-06  +3.826427e-04  -2.846720e-05  +1.913743e-04  -6.273888e-05  +8.487631e-06  -4.113390e-06  +1.200729e-02  -5.785893e-07  +7.029983e-06  +3.926898e-02  -1.364544e-06  +4.762104e-06  +8.562738e-04  -4.364057e-06  -1.903982e-06  +4.935387e-02  
+4.105487e-07  +1.430281e-06  +1.275894e-05  +2.822427e-05  -8.698615e-06  -2.782492e-06  -3.590273e-06  -2.846720e-05  +8.937378e-06  -5.735872e-05  +1.239729e-05  +5.121168e-06  +1.032035e-05  -4.610354e-03  +1.742790e-05  -8.811620e-07  -8.822641e-03  +1.115983e-05  +1.377118e-05  -1.777416e-03  +3.223219e-07  +1.643479e-06  -9.639760e-03  
+2.259629e-06  +8.455158e-06  -1.242541e-04  -2.276103e-04  +8.104368e-05  +2.791725e-05  +1.671639e-05  +1.913743e-04  -5.735872e-05  +4.587191e-04  -1.101965e-04  -6.469894e-05  -1.048662e-04  +4.348438e-02  -1.803412e-04  +5.103846e-06  +7.256548e-02  -1.145480e-04  -1.516721e-04  +2.058014e-02  -1.745169e-06  -1.233276e-05  +7.765608e-02  
-1.523495e-07  -5.838227e-06  +7.372051e-05  +1.054372e-05  -1.492590e-05  -9.898699e-06  -7.004876e-06  -6.273888e-05  +1.239729e-05  -1.101965e-04  +1.111125e-04  +2.211516e-05  +3.004247e-05  -1.390844e-02  +5.107289e-05  -6.892149e-06  -2.520062e-02  +2.682273e-05  +4.618202e-05  -8.823648e-03  +3.531192e-07  +4.149211e-06  -2.508490e-02  
-2.448379e-06  -1.100592e-05  +2.461315e-05  +4.426583e-05  -2.120271e-05  -8.746406e-06  -1.577649e-07  +8.487631e-06  +5.121168e-06  -6.469894e-05  +2.211516e-05  +2.375232e-05  +2.855779e-05  -9.978175e-03  +4.997561e-05  +3.246181e-07  -1.035184e-02  +3.125555e-05  +4.560340e-05  -6.240432e-03  -4.752467e-07  +1.524721e-06  -1.022936e-02  
-2.664345e-06  -1.129159e-05  +3.489303e-05  +7.077832e-05  -2.786397e-05  -1.158509e-05  -2.722767e-06  -4.113390e-06  +1.032035e-05  -1.048662e-04  +3.004247e-05  +2.855779e-05  +3.832572e-05  -1.367785e-02  +6.548589e-05  -2.730452e-07  -1.703553e-02  +4.149140e-05  +5.869976e-05  -7.881429e-03  -4.397448e-07  +2.708367e-06  -1.697249e-02  
+7.277688e-04  +4.351440e-03  -1.742062e-02  -1.963900e-02  +1.030592e-02  +3.901666e-03  +1.933743e-03  +1.200729e-02  -4.610354e-03  +4.348438e-02  -1.390844e-02  -9.978175e-03  -1.367785e-02  +5.938404e+00  -2.367866e-02  +7.203020e-04  +7.598778e+00  -1.476707e-02  -2.110120e-02  +3.045027e+00  +9.177959e-05  -1.123227e-03  +8.023093e+00  
-4.614467e-06  -1.941054e-05  +5.379350e-05  +1.272344e-04  -5.134740e-05  -2.007509e-05  -2.885498e-06  -5.785893e-07  +1.742790e-05  -1.803412e-04  +5.107289e-05  +4.997561e-05  +6.548589e-05  -2.367866e-02  +1.161877e-04  -8.889196e-08  -2.767339e-02  +7.263932e-05  +1.032780e-04  -1.351346e-02  -9.005607e-07  +5.288785e-06  -2.714087e-02  
-2.991955e-07  +2.827284e-07  -6.475153e-06  +7.164026e-06  -8.671580e-07  +4.119969e-07  +1.372016e-06  +7.029983e-06  -8.811620e-07  +5.103846e-06  -6.892149e-06  +3.246181e-07  -2.730452e-07  +7.203020e-04  -8.889196e-08  +1.590197e-06  +1.993571e-03  +7.148094e-07  -1.486712e-07  +3.711076e-04  -1.368220e-07  -1.555379e-07  +2.287004e-03  
+1.986508e-04  +2.068912e-03  -3.485827e-02  -2.166976e-02  +1.058893e-02  +4.379016e-03  +2.966817e-03  +3.926898e-02  -8.822641e-03  +7.256548e-02  -2.520062e-02  -1.035184e-02  -1.703553e-02  +7.598778e+00  -2.767339e-02  +1.993571e-03  +1.543672e+01  -1.700215e-02  -2.414608e-02  +4.132536e+00  -5.352572e-04  -1.750880e-03  +1.550003e+01  
-3.067389e-06  -1.134118e-05  +3.236350e-05  +8.540734e-05  -3.316675e-05  -1.205572e-05  -1.575024e-06  -1.364544e-06  +1.115983e-05  -1.145480e-04  +2.682273e-05  +3.125555e-05  +4.149140e-05  -1.476707e-02  +7.263932e-05  +7.148094e-07  -1.700215e-02  +4.705266e-05  +6.472573e-05  -8.360712e-03  -7.316101e-07  +3.353611e-06  -1.692543e-02  
-4.379872e-06  -1.938534e-05  +5.116866e-05  +1.049889e-04  -4.451493e-05  -1.786089e-05  -2.177834e-06  +4.762104e-06  +1.377118e-05  -1.516721e-04  +4.618202e-05  +4.560340e-05  +5.869976e-05  -2.110120e-02  +1.032780e-04  -1.486712e-07  -2.414608e-02  +6.472573e-05  +9.321654e-05  -1.245307e-02  -8.457705e-07  +4.318441e-06  -2.348037e-02  
+5.362067e-04  +2.908648e-03  -1.217670e-02  -9.132357e-03  +5.756435e-03  +2.332707e-03  +6.080987e-05  +8.562738e-04  -1.777416e-03  +2.058014e-02  -8.823648e-03  -6.240432e-03  -7.881429e-03  +3.045027e+00  -1.351346e-02  +3.711076e-04  +4.132536e+00  -8.360712e-03  -1.245307e-02  +2.581686e+00  +1.313500e-04  -4.938064e-04  +4.379390e+00  
+1.770642e-07  +1.029585e-07  +9.519129e-07  -3.941546e-06  +1.183696e-06  +2.852802e-07  +1.543671e-07  -4.364057e-06  +3.223219e-07  -1.745169e-06  +3.531192e-07  -4.752467e-07  -4.397448e-07  +9.177959e-05  -9.005607e-07  -1.368220e-07  -5.352572e-04  -7.316101e-07  -8.457705e-07  +1.313500e-04  +4.450268e-07  -1.588034e-07  -6.336616e-04  
-1.455924e-07  +8.203590e-07  +2.118939e-06  +1.139679e-05  -3.427992e-06  -9.429213e-07  -5.540289e-07  -1.903982e-06  +1.643479e-06  -1.233276e-05  +4.149211e-06  +1.524721e-06  +2.708367e-06  -1.123227e-03  +5.288785e-06  -1.555379e-07  -1.750880e-03  +3.353611e-06  +4.318441e-06  -4.938064e-04  -1.588034e-07  +1.052599e-06  -1.552498e-03  
+1.330277e-04  +2.074319e-03  -3.681142e-02  -1.691233e-02  +1.041029e-02  +4.034741e-03  +3.264448e-03  +4.935387e-02  -9.639760e-03  +7.765608e-02  -2.508490e-02  -1.022936e-02  -1.697249e-02  +8.023093e+00  -2.714087e-02  +2.287004e-03  +1.550003e+01  -1.692543e-02  -2.348037e-02  +4.379390e+00  -6.336616e-04  -1.552498e-03  +1.751356e+01  
