mean:
+3.914061e+00  +3.903720e+00  +6.430369e-01  -1.180069e+00  +1.725653e+00  +5.945987e-01  +8.963932e-01  +2.064652e+00  +1.474221e-01  +1.948009e+00  +4.834182e+00  +1.905962e+00  +3.007321e+00  +8.061101e+02  +4.959936e+00  +4.479611e+00  +2.017023e+03  
covariance:
+9.662496e-06  -3.094482e-06  -5.508022e-06  -4.570560e-06  +5.507576e-06  -1.780982e-06  -5.163144e-06  +3.211297e-06  +1.738356e-06  -4.840732e-06  -4.885959e-05  -1.284244e-07  -1.532351e-07  -7.400275e-04  +3.302029e-08  -2.765456e-07  +2.856531e-03  
-3.094482e-06  +2.715344e-06  -4.958671e-06  -2.242136e-06  +1.745084e-05  -2.332972e-06  -4.832846e-06  -3.708108e-06  +1.476665e-06  -3.292818e-06  -5.713683e-05  +2.061799e-07  +1.816075e-07  +7.863213e-05  -1.381559e-07  -5.191978e-10  +4.579541e-03  
-5.508022e-06  -4.958671e-06  +9.939861e-05  +8.164076e-05  -7.326984e-05  +2.121107e-05  +6.371279e-05  -3.712382e-05  -1.914449e-05  +4.426977e-05  +5.875075e-04  -4.036444e-07  -1.041217e-06  +4.474371e-03  +1.012999e-06  +1.567042e-06  -2.356741e-02  
-4.570560e-06  -2.242136e-06  +8.164076e-05  +1.739993e-04  +8.818492e-05  +1.455262e-05  +2.900141e-05  -5.679059e-05  -1.046383e-05  +3.426954e-05  +3.202246e-04  +8.656154e-07  -3.571295e-07  +1.009362e-02  +4.349177e-07  +1.276006e-06  -4.836416e-03  
+5.507576e-06  +1.745084e-05  -7.326984e-05  +8.818492e-05  +6.797246e-04  -5.384020e-05  -1.405553e-04  -1.298554e-04  +4.134554e-05  -7.151571e-05  -1.413441e-03  +4.079127e-06  +9.525412e-07  +1.010089e-02  -2.662081e-06  -2.012048e-06  +1.321588e-01  
-1.780982e-06  -2.332972e-06  +2.121107e-05  +1.455262e-05  -5.384020e-05  +1.133446e-05  +2.088367e-05  +8.277319e-06  -7.018529e-06  +1.645524e-05  +2.266572e-04  -3.583989e-07  -2.996195e-07  +1.405641e-03  +3.163373e-07  +2.832893e-07  -1.721788e-02  
-5.163144e-06  -4.832846e-06  +6.371279e-05  +2.900141e-05  -1.405553e-04  +2.088367e-05  +6.854635e-05  -7.013441e-06  -2.031920e-05  +4.656695e-05  +5.894930e-04  -7.505534e-07  -8.173188e-07  +1.744310e-03  +9.529456e-07  +6.923836e-07  -3.781262e-02  
+3.211297e-06  -3.708108e-06  -3.712382e-05  -5.679059e-05  -1.298554e-04  +8.277319e-06  -7.013441e-06  +1.674349e-04  +4.805013e-06  -2.955261e-05  +4.119830e-05  -1.423491e-06  -1.195279e-06  -2.773219e-03  -9.931424e-08  -9.510482e-07  -3.431547e-02  
+1.738356e-06  +1.476665e-06  -1.914449e-05  -1.046383e-05  +4.134554e-05  -7.018529e-06  -2.031920e-05  +4.805013e-06  +6.826486e-06  -1.707351e-05  -1.888618e-04  +1.891924e-07  +2.165574e-07  -7.112429e-04  -2.740389e-07  -2.799370e-07  +1.209321e-02  
-4.840732e-06  -3.292818e-06  +4.426977e-05  +3.426954e-05  -7.151571e-05  +1.645524e-05  +4.656695e-05  -2.955261e-05  -1.707351e-05  +5.304474e-05  +4.482220e-04  -4.784672e-08  -3.773251e-07  +2.711571e-03  +5.141023e-07  +7.444026e-07  -2.639188e-02  
-4.885959e-05  -5.713683e-05  +5.875075e-04  +3.202246e-04  -1.413441e-03  +2.266572e-04  +5.894930e-04  +4.119830e-05  -1.888618e-04  +4.482220e-04  +5.900133e-03  -7.498296e-06  -8.002005e-06  +1.978345e-02  +9.239818e-06  +9.688857e-06  -4.037616e-01  
-1.284244e-07  +2.061799e-07  -4.036444e-07  +8.656154e-07  +4.079127e-06  -3.583989e-07  -7.505534e-07  -1.423491e-06  +1.891924e-07  -4.784672e-08  -7.498296e-06  +2.024744e-07  +5.541596e-08  +1.301654e-05  -8.660911e-09  -1.926974e-08  +8.156696e-04  
-1.532351e-07  +1.816075e-07  -1.041217e-06  -3.571295e-07  +9.525412e-07  -2.996195e-07  -8.173188e-07  -1.195279e-06  +2.165574e-07  -3.773251e-07  -8.002005e-06  +5.541596e-08  +2.018069e-07  -1.104966e-04  -6.469781e-10  -3.437149e-08  +5.379901e-04  
-7.400275e-04  +7.863213e-05  +4.474371e-03  +1.009362e-02  +1.010089e-02  +1.405641e-03  +1.744310e-03  -2.773219e-03  -7.112429e-04  +2.711571e-03  +1.978345e-02  +1.301654e-05  -1.104966e-04  +1.656282e+00  +1.995841e-05  +6.608856e-05  -7.662143e-01  
+3.302029e-08  -1.381559e-07  +1.012999e-06  +4.349177e-07  -2.662081e-06  +3.163373e-07  +9.529456e-07  -9.931424e-08  -2.740389e-07  +5.141023e-07  +9.239818e-06  -8.660911e-09  -6.469781e-10  +1.995841e-05  +1.222751e-07  +2.559127e-08  -6.003318e-04  
-2.765456e-07  -5.191978e-10  +1.567042e-06  +1.276006e-06  -2.012048e-06  +2.832893e-07  +6.923836e-07  -9.510482e-07  -2.799370e-07  +7.444026e-07  +9.688857e-06  -1.926974e-08  -3.437149e-08  +6.608856e-05  +2.559127e-08  +1.840480e-07  -3.651391e-04  
+2.856531e-03  +4.579541e-03  -2.356741e-02  -4.836416e-03  +1.321588e-01  -1.721788e-02  -3.781262e-02  -3.431547e-02  +1.209321e-02  -2.639188e-02  -4.037616e-01  +8.156696e-04  +5.379901e-04  -7.662143e-01  -6.003318e-04  -3.651391e-04  +3.926292e+01  
