mean:
+3.984318e+00  +3.940921e+00  +6.762917e-01  -1.132609e+00  +1.660636e+00  +5.125381e-01  +9.092830e-01  +2.052101e+00  +1.465442e-01  +1.978872e+00  +4.858155e+00  +1.839989e+00  +2.983454e+00  +8.072943e+02  +4.959647e+00  +4.479887e+00  +2.009817e+03  
covariance:
+7.055903e-06  +1.110642e-06  +1.428993e-05  -2.394985e-05  +1.197759e-05  +4.542060e-06  -6.070352e-07  +1.559016e-05  -3.303578e-07  +7.779595e-06  -4.171740e-05  +1.473275e-07  -5.172793e-07  -2.501269e-04  +3.149775e-08  +4.541954e-08  +3.431479e-03  
+1.110642e-06  +5.064802e-06  -8.582405e-06  +3.511991e-06  -7.573780e-06  -2.215719e-06  -1.599353e-06  +5.721805e-06  +4.563156e-07  -3.914303e-06  +2.665174e-05  -5.688089e-08  +2.465213e-07  +4.922312e-04  +4.553667e-08  +2.867648e-07  -3.141372e-03  
+1.428993e-05  -8.582405e-06  +4.259061e-04  -6.397313e-04  +4.245213e-04  +1.292782e-04  -1.198405e-05  +1.043169e-04  +3.853537e-06  +1.744095e-04  -1.161878e-03  +5.814386e-06  -2.338253e-06  -2.598406e-02  +1.974714e-07  -1.993826e-06  +1.344577e-01  
-2.394985e-05  +3.511991e-06  -6.397313e-04  +3.371039e-03  -7.359986e-04  -2.003121e-04  +2.996302e-04  -1.957067e-03  -4.489852e-05  -2.057966e-04  +1.984889e-03  -8.107745e-06  -3.209606e-06  +7.748473e-02  -1.586462e-06  -1.316842e-06  +2.594487e-02  
+1.197759e-05  -7.573780e-06  +4.245213e-04  -7.359986e-04  +6.481273e-04  +1.399401e-04  -2.995769e-06  +3.928203e-05  +4.306844e-06  +1.551118e-04  -1.155841e-03  +6.400931e-06  -3.555003e-06  -3.389196e-02  +6.953102e-07  +5.785948e-08  +1.674936e-01  
+4.542060e-06  -2.215719e-06  +1.292782e-04  -2.003121e-04  +1.399401e-04  +4.485936e-05  +1.163144e-06  +3.939158e-05  +1.898812e-07  +5.613454e-05  -3.552150e-04  +2.029240e-06  -9.070767e-07  -6.153230e-03  +1.498208e-07  -5.398479e-07  +4.821614e-02  
-6.070352e-07  -1.599353e-06  -1.198405e-05  +2.996302e-04  -2.995769e-06  +1.163144e-06  +6.621004e-05  -3.033047e-04  -8.054447e-06  -1.389249e-07  +3.668664e-05  +1.381871e-08  -1.396895e-06  +2.949428e-03  -1.152021e-07  -3.200017e-07  +3.536822e-02  
+1.559016e-05  +5.721805e-06  +1.043169e-04  -1.957067e-03  +3.928203e-05  +3.939158e-05  -3.033047e-04  +3.686339e-03  +4.241605e-05  -4.893741e-05  -3.368812e-04  +1.235726e-05  -5.544228e-06  +1.075863e-01  +1.890082e-06  +3.358783e-06  -1.094770e-01  
-3.303578e-07  +4.563156e-07  +3.853537e-06  -4.489852e-05  +4.306844e-06  +1.898812e-07  -8.054447e-06  +4.241605e-05  +2.973153e-06  -8.792504e-06  -1.171617e-05  +1.373707e-07  -4.888873e-08  -3.612172e-04  +6.210627e-08  -2.693373e-08  -4.064909e-03  
+7.779595e-06  -3.914303e-06  +1.744095e-04  -2.057966e-04  +1.551118e-04  +5.613454e-05  -1.389249e-07  -4.893741e-05  -8.792504e-06  +1.916254e-04  -5.803350e-04  +1.552710e-06  +5.090871e-07  -1.331212e-02  -8.985082e-09  -4.871640e-07  +5.355746e-02  
-4.171740e-05  +2.665174e-05  -1.161878e-03  +1.984889e-03  -1.155841e-03  -3.552150e-04  +3.668664e-05  -3.368812e-04  -1.171617e-05  -5.803350e-04  +3.742130e-03  -1.673133e-05  +1.060676e-05  +8.024437e-02  -2.285587e-06  +7.438958e-06  -3.213830e-01  
+1.473275e-07  -5.688089e-08  +5.814386e-06  -8.107745e-06  +6.400931e-06  +2.029240e-06  +1.381871e-08  +1.235726e-05  +1.373707e-07  +1.552710e-06  -1.673133e-05  +7.429348e-07  -9.764506e-08  +4.092305e-05  +2.292974e-09  +3.715084e-08  +2.877092e-03  
-5.172793e-07  +2.465213e-07  -2.338253e-06  -3.209606e-06  -3.555003e-06  -9.070767e-07  -1.396895e-06  -5.544228e-06  -4.888873e-08  +5.090871e-07  +1.060676e-05  -9.764506e-08  +1.072361e-06  -1.142625e-03  -1.077741e-08  +7.359161e-08  -2.451457e-03  
-2.501269e-04  +4.922312e-04  -2.598406e-02  +7.748473e-02  -3.389196e-02  -6.153230e-03  +2.949428e-03  +1.075863e-01  -3.612172e-04  -1.331212e-02  +8.024437e-02  +4.092305e-05  -1.142625e-03  +1.630981e+01  +1.015462e-04  -5.517470e-05  +1.619397e+00  
+3.149775e-08  +4.553667e-08  +1.974714e-07  -1.586462e-06  +6.953102e-07  +1.498208e-07  -1.152021e-07  +1.890082e-06  +6.210627e-08  -8.985082e-09  -2.285587e-06  +2.292974e-09  -1.077741e-08  +1.015462e-04  +2.496161e-07  +6.038140e-10  -4.985331e-05  
+4.541954e-08  +2.867648e-07  -1.993826e-06  -1.316842e-06  +5.785948e-08  -5.398479e-07  -3.200017e-07  +3.358783e-06  -2.693373e-08  -4.871640e-07  +7.438958e-06  +3.715084e-08  +7.359161e-08  -5.517470e-05  +6.038140e-10  +4.039358e-07  -6.810205e-04  
+3.431479e-03  -3.141372e-03  +1.344577e-01  +2.594487e-02  +1.674936e-01  +4.821614e-02  +3.536822e-02  -1.094770e-01  -4.064909e-03  +5.355746e-02  -3.213830e-01  +2.877092e-03  -2.451457e-03  +1.619397e+00  -4.985331e-05  -6.810205e-04  +9.515554e+01  
