mean:
+4.015062e+00  +3.995833e+00  +8.260631e-01  +1.301757e+00  +1.217091e+00  +4.007285e-01  +8.330975e-01  +1.417185e+00  +1.761075e-01  +1.921415e+00  +5.854871e+00  +3.644739e+00  +2.930603e+00  +2.076263e+02  +4.303938e+00  +5.137050e+00  +2.841180e+02  +5.272693e+00  +3.837616e+00  +3.300870e+02  +2.854779e+00  +4.540051e+00  +3.809956e+02  
covariance:
+2.861567e-04  +2.802844e-04  +7.402308e-05  -1.988079e-05  -3.096457e-05  +3.543494e-05  +2.503837e-04  +3.933853e-04  -1.697096e-04  +9.416240e-04  -1.327651e-03  +2.114036e-04  +9.349965e-05  +2.522538e-02  +6.160674e-05  +8.459308e-05  +7.929355e-02  +1.932751e-04  +1.058765e-04  +5.070141e-02  +4.939036e-04  +3.491926e-04  +1.106501e-02  
+2.802844e-04  +4.756678e-04  +1.547499e-04  +1.402121e-04  -1.026722e-04  +3.791187e-05  +3.738866e-04  +3.488441e-04  -2.280891e-04  +1.213865e-03  -1.886250e-03  +3.008402e-04  +1.279719e-04  +4.990969e-02  +1.013526e-04  +1.316523e-04  +1.002332e-01  +2.495516e-04  +1.504440e-04  +7.429638e-02  +6.499042e-04  +4.722820e-04  +3.810185e-02  
+7.402308e-05  +1.547499e-04  +8.203060e-05  +7.393761e-05  -3.536672e-05  +2.312444e-05  +1.586206e-04  +7.550940e-06  -9.387152e-05  +5.037684e-04  -9.589328e-04  +1.272871e-04  +4.928480e-05  +3.459802e-02  +4.541593e-05  +5.941853e-05  +4.635101e-02  +8.630468e-05  +5.868289e-05  +4.245480e-02  +2.246672e-04  +1.744479e-04  +4.971599e-02  
-1.988079e-05  +1.402121e-04  +7.393761e-05  +2.304035e-04  -5.815096e-05  -2.634376e-06  +1.116473e-04  -8.566575e-05  -4.144983e-05  +1.464285e-04  -3.151553e-04  +8.137608e-05  +2.449009e-05  +1.701786e-02  +3.441169e-05  +4.156610e-05  +1.317336e-02  +4.157853e-05  +3.694229e-05  +2.264575e-02  +1.153114e-04  +1.024387e-04  +1.390225e-02  
-3.096457e-05  -1.026722e-04  -3.536672e-05  -5.815096e-05  +3.633655e-05  -2.155334e-06  -7.406170e-05  -3.917642e-05  +3.826889e-05  -1.853295e-04  +2.915828e-04  -5.478613e-05  -2.225016e-05  -8.742140e-03  -2.088852e-05  -2.625724e-05  -1.440732e-02  -4.195245e-05  -2.756325e-05  -1.321599e-02  -1.108485e-04  -8.303878e-05  -5.581444e-03  
+3.543494e-05  +3.791187e-05  +2.312444e-05  -2.634376e-06  -2.155334e-06  +1.630578e-05  +4.990242e-05  +1.080499e-05  -3.844735e-05  +2.323749e-04  -4.899479e-04  +4.641105e-05  +1.915071e-05  +1.744758e-02  +1.459735e-05  +1.984689e-05  +2.168924e-02  +3.249356e-05  +1.958992e-05  +1.839151e-02  +8.017891e-05  +6.134530e-05  +3.062077e-02  
+2.503837e-04  +3.738866e-04  +1.586206e-04  +1.116473e-04  -7.406170e-05  +4.990242e-05  +4.087355e-04  +1.933890e-04  -2.408622e-04  +1.261658e-03  -2.135055e-03  +3.160057e-04  +1.274506e-04  +6.567116e-02  +1.039618e-04  +1.431120e-04  +1.137803e-01  +2.338378e-04  +1.496007e-04  +1.003808e-01  +6.019709e-04  +4.553013e-04  +8.496398e-02  
+3.933853e-04  +3.488441e-04  +7.550940e-06  -8.566575e-05  -3.917642e-05  +1.080499e-05  +1.933890e-04  +9.523927e-04  -1.486949e-04  +8.233050e-04  -5.637249e-04  +1.831080e-04  +9.700178e-05  -2.744446e-02  +4.052768e-05  +5.459169e-05  +5.428149e-02  +2.395375e-04  +1.033633e-04  +9.566787e-03  +5.785446e-04  +3.917184e-04  -1.095810e-01  
-1.697096e-04  -2.280891e-04  -9.387152e-05  -4.144983e-05  +3.826889e-05  -3.844735e-05  -2.408622e-04  -1.486949e-04  +1.575235e-04  -8.520145e-04  +1.479556e-03  -1.974528e-04  -8.142162e-05  -4.466521e-02  -6.377859e-05  -8.689012e-05  -7.520934e-02  -1.511592e-04  -9.286866e-05  -6.310711e-02  -3.851370e-04  -2.872606e-04  -6.184160e-02  
+9.416240e-04  +1.213865e-03  +5.037684e-04  +1.464285e-04  -1.853295e-04  +2.323749e-04  +1.261658e-03  +8.233050e-04  -8.520145e-04  +4.778803e-03  -8.515531e-03  +1.065624e-03  +4.443486e-04  +2.604767e-01  +3.430999e-04  +4.636126e-04  +4.210548e-01  +8.227027e-04  +4.979891e-04  +3.439356e-01  +2.086396e-03  +1.549727e-03  +3.756702e-01  
-1.327651e-03  -1.886250e-03  -9.589328e-04  -3.151553e-04  +2.915828e-04  -4.899479e-04  -2.135055e-03  -5.637249e-04  +1.479556e-03  -8.515531e-03  +1.702515e-02  -1.843258e-03  -7.557333e-04  -5.868513e-01  -6.094195e-04  -8.181240e-04  -7.724855e-01  -1.310109e-03  -8.211624e-04  -6.708606e-01  -3.300484e-03  -2.509065e-03  -9.646288e-01  
+2.114036e-04  +3.008402e-04  +1.272871e-04  +8.137608e-05  -5.478613e-05  +4.641105e-05  +3.160057e-04  +1.831080e-04  -1.974528e-04  +1.065624e-03  -1.843258e-03  +2.594121e-04  +1.047902e-04  +5.644111e-02  +8.479577e-05  +1.137411e-04  +9.509320e-02  +1.954566e-04  +1.213195e-04  +8.140938e-02  +4.964948e-04  +3.756199e-04  +7.392543e-02  
+9.349965e-05  +1.279719e-04  +4.928480e-05  +2.449009e-05  -2.225016e-05  +1.915071e-05  +1.274506e-04  +9.700178e-05  -8.142162e-05  +4.443486e-04  -7.557333e-04  +1.047902e-04  +4.448980e-05  +2.207377e-02  +3.380905e-05  +4.569359e-05  +3.881048e-02  +8.242816e-05  +4.983181e-05  +3.166412e-02  +2.092479e-04  +1.558652e-04  +2.759836e-02  
+2.522538e-02  +4.990969e-02  +3.459802e-02  +1.701786e-02  -8.742140e-03  +1.744758e-02  +6.567116e-02  -2.744446e-02  -4.466521e-02  +2.604767e-01  -5.868513e-01  +5.644111e-02  +2.207377e-02  +2.391702e+01  +1.940829e-02  +2.613663e-02  +2.520348e+01  +3.433909e-02  +2.363855e-02  +2.387755e+01  +8.546895e-02  +6.877104e-02  +4.179215e+01  
+6.160674e-05  +1.013526e-04  +4.541593e-05  +3.441169e-05  -2.088852e-05  +1.459735e-05  +1.039618e-04  +4.052768e-05  -6.377859e-05  +3.430999e-04  -6.094195e-04  +8.479577e-05  +3.380905e-05  +1.940829e-02  +3.053006e-05  +3.865687e-05  +3.007267e-02  +6.158551e-05  +4.025504e-05  +2.668599e-02  +1.586892e-04  +1.208007e-04  +2.542490e-02  
+8.459308e-05  +1.316523e-04  +5.941853e-05  +4.156610e-05  -2.625724e-05  +1.984689e-05  +1.431120e-04  +5.459169e-05  -8.689012e-05  +4.636126e-04  -8.181240e-04  +1.137411e-04  +4.569359e-05  +2.613663e-02  +3.865687e-05  +5.282127e-05  +4.152408e-02  +8.259505e-05  +5.366299e-05  +3.744965e-02  +2.122719e-04  +1.615217e-04  +3.593602e-02  
+7.929355e-02  +1.002332e-01  +4.635101e-02  +1.317336e-02  -1.440732e-02  +2.168924e-02  +1.137803e-01  +5.428149e-02  -7.520934e-02  +4.210548e-01  -7.724855e-01  +9.509320e-02  +3.881048e-02  +2.520348e+01  +3.007267e-02  +4.152408e-02  +3.908186e+01  +7.085071e-02  +4.356336e-02  +3.236154e+01  +1.782549e-01  +1.345270e-01  +3.816687e+01  
+1.932751e-04  +2.495516e-04  +8.630468e-05  +4.157853e-05  -4.195245e-05  +3.249356e-05  +2.338378e-04  +2.395375e-04  -1.511592e-04  +8.227027e-04  -1.310109e-03  +1.954566e-04  +8.242816e-05  +3.433909e-02  +6.158551e-05  +8.259505e-05  +7.085071e-02  +1.619517e-04  +9.458778e-05  +5.460703e-02  +4.086545e-04  +3.012297e-04  +3.526178e-02  
+1.058765e-04  +1.504440e-04  +5.868289e-05  +3.694229e-05  -2.756325e-05  +1.958992e-05  +1.496007e-04  +1.033633e-04  -9.286866e-05  +4.979891e-04  -8.211624e-04  +1.213195e-04  +4.983181e-05  +2.363855e-02  +4.025504e-05  +5.366299e-05  +4.356336e-02  +9.458778e-05  +5.906934e-05  +3.593395e-02  +2.425037e-04  +1.807301e-04  +2.721028e-02  
+5.070141e-02  +7.429638e-02  +4.245480e-02  +2.264575e-02  -1.321599e-02  +1.839151e-02  +1.003808e-01  +9.566787e-03  -6.310711e-02  +3.439356e-01  -6.708606e-01  +8.140938e-02  +3.166412e-02  +2.387755e+01  +2.668599e-02  +3.744965e-02  +3.236154e+01  +5.460703e-02  +3.593395e-02  +3.189267e+01  +1.364844e-01  +1.077062e-01  +3.931175e+01  
+4.939036e-04  +6.499042e-04  +2.246672e-04  +1.153114e-04  -1.108485e-04  +8.017891e-05  +6.019709e-04  +5.785446e-04  -3.851370e-04  +2.086396e-03  -3.300484e-03  +4.964948e-04  +2.092479e-04  +8.546895e-02  +1.586892e-04  +2.122719e-04  +1.782549e-01  +4.086545e-04  +2.425037e-04  +1.364844e-01  +1.050393e-03  +7.669740e-04  +8.508544e-02  
+3.491926e-04  +4.722820e-04  +1.744479e-04  +1.024387e-04  -8.303878e-05  +6.134530e-05  +4.553013e-04  +3.917184e-04  -2.872606e-04  +1.549727e-03  -2.509065e-03  +3.756199e-04  +1.558652e-04  +6.877104e-02  +1.208007e-04  +1.615217e-04  +1.345270e-01  +3.012297e-04  +1.807301e-04  +1.077062e-01  +7.669740e-04  +5.696637e-04  +7.422293e-02  
+1.106501e-02  +3.810185e-02  +4.971599e-02  +1.390225e-02  -5.581444e-03  +3.062077e-02  +8.496398e-02  -1.095810e-01  -6.184160e-02  +3.756702e-01  -9.646288e-01  +7.392543e-02  +2.759836e-02  +4.179215e+01  +2.542490e-02  +3.593602e-02  +3.816687e+01  +3.526178e-02  +2.721028e-02  +3.931175e+01  +8.508544e-02  +7.422293e-02  +8.435320e+01  
