mean:
+3.926110e+00  +3.905276e+00  +6.607314e-01  -1.201502e+00  +1.689879e+00  +6.073313e-01  +9.202504e-01  +2.181271e+00  +1.410677e-01  +2.042885e+00  +4.763358e+00  +1.905483e+00  +3.007104e+00  +8.069018e+02  +4.960014e+00  +4.479943e+00  +2.014315e+03  
covariance:
+3.030925e-05  +1.114933e-05  -2.291268e-06  +4.374842e-06  -8.442668e-06  +2.338807e-06  -9.072102e-06  -2.181712e-05  +2.003278e-06  +2.488307e-06  -3.253785e-05  +8.612583e-08  +2.451181e-07  -1.991537e-03  +4.866350e-08  +3.340146e-07  -2.488942e-03  
+1.114933e-05  +1.248202e-05  +6.529040e-06  -3.390596e-05  -2.745737e-06  +8.791573e-06  -5.441633e-06  -1.594839e-05  -2.055086e-06  +4.993748e-05  -1.396912e-04  +2.610536e-07  +6.481936e-08  +3.942929e-04  +7.208785e-08  -1.039065e-07  +8.129483e-03  
-2.291268e-06  +6.529040e-06  +9.035037e-05  -1.783553e-04  +3.252540e-05  +3.961230e-05  +2.246430e-06  +1.441439e-04  -8.158426e-06  +2.229891e-04  -7.346060e-04  -4.397965e-07  -9.854547e-09  +1.514924e-02  -1.631807e-07  -6.358963e-07  +5.611871e-02  
+4.374842e-06  -3.390596e-05  -1.783553e-04  +8.365272e-04  -4.060051e-05  -1.384129e-04  -2.253394e-06  -1.183684e-05  +5.393015e-05  -9.770195e-04  +2.350585e-03  -4.837040e-07  +7.519412e-08  -2.395517e-02  -1.708382e-06  +1.794930e-06  -1.886099e-01  
-8.442668e-06  -2.745737e-06  +3.252540e-05  -4.060051e-05  +1.590114e-04  +1.674100e-05  +2.827446e-05  +2.420486e-04  -9.215823e-06  +1.815923e-04  -6.004380e-04  -5.263716e-07  +1.850342e-06  +1.279663e-02  +1.418915e-06  -3.359987e-07  +2.786570e-02  
+2.338807e-06  +8.791573e-06  +3.961230e-05  -1.384129e-04  +1.674100e-05  +3.914314e-05  -2.060800e-06  -9.848930e-06  -1.080944e-05  +2.254072e-04  -6.097160e-04  -2.662898e-07  -4.040887e-07  +6.594469e-03  +5.191020e-07  -7.248078e-07  +4.303314e-02  
-9.072102e-06  -5.441633e-06  +2.246430e-06  -2.253394e-06  +2.827446e-05  -2.060800e-06  +5.462806e-05  +7.289087e-05  -1.012008e-05  +4.071885e-05  +9.633501e-07  +2.074851e-07  +1.042943e-06  -1.312295e-03  +7.181994e-07  -5.648259e-08  +9.171002e-03  
-2.181712e-05  -1.594839e-05  +1.441439e-04  -1.183684e-05  +2.420486e-04  -9.848930e-06  +7.289087e-05  +1.081323e-03  +1.137399e-06  +1.210398e-04  -9.818448e-04  +9.936374e-07  +4.629875e-06  +4.563761e-02  +6.477697e-08  +2.217795e-06  +4.980196e-02  
+2.003278e-06  -2.055086e-06  -8.158426e-06  +5.393015e-05  -9.215823e-06  -1.080944e-05  -1.012008e-05  +1.137399e-06  +8.719023e-06  -1.008994e-04  +1.781299e-04  +2.921098e-08  -3.013507e-07  -2.274737e-03  -2.820346e-07  +1.161476e-07  -1.603135e-02  
+2.488307e-06  +4.993748e-05  +2.229891e-04  -9.770195e-04  +1.815923e-04  +2.254072e-04  +4.071885e-05  +1.210398e-04  -1.008994e-04  +1.741413e-03  -4.029063e-03  -8.556066e-07  +2.703624e-06  +6.061731e-02  +3.476206e-06  -2.132720e-06  +2.977748e-01  
-3.253785e-05  -1.396912e-04  -7.346060e-04  +2.350585e-03  -6.004380e-04  -6.097160e-04  +9.633501e-07  -9.818448e-04  +1.781299e-04  -4.029063e-03  +1.177389e-02  +2.082884e-06  -1.017625e-06  -1.805359e-01  -9.270177e-06  +6.995436e-06  -7.824353e-01  
+8.612583e-08  +2.610536e-07  -4.397965e-07  -4.837040e-07  -5.263716e-07  -2.662898e-07  +2.074851e-07  +9.936374e-07  +2.921098e-08  -8.556066e-07  +2.082884e-06  +7.585564e-07  +2.302131e-09  -1.027370e-04  +3.038599e-08  +6.085022e-08  +4.016091e-04  
+2.451181e-07  +6.481936e-08  -9.854547e-09  +7.519412e-08  +1.850342e-06  -4.040887e-07  +1.042943e-06  +4.629875e-06  -3.013507e-07  +2.703624e-06  -1.017625e-06  +2.302131e-09  +7.328401e-07  +3.851408e-04  -6.155572e-08  +5.115062e-08  +5.785906e-05  
-1.991537e-03  +3.942929e-04  +1.514924e-02  -2.395517e-02  +1.279663e-02  +6.594469e-03  -1.312295e-03  +4.563761e-02  -2.274737e-03  +6.061731e-02  -1.805359e-01  -1.027370e-04  +3.851408e-04  +8.624267e+00  -2.321531e-05  +4.353363e-05  +1.423716e+01  
+4.866350e-08  +7.208785e-08  -1.631807e-07  -1.708382e-06  +1.418915e-06  +5.191020e-07  +7.181994e-07  +6.477697e-08  -2.820346e-07  +3.476206e-06  -9.270177e-06  +3.038599e-08  -6.155572e-08  -2.321531e-05  +3.312371e-07  -1.593713e-08  +5.922754e-04  
+3.340146e-07  -1.039065e-07  -6.358963e-07  +1.794930e-06  -3.359987e-07  -7.248078e-07  -5.648259e-08  +2.217795e-06  +1.161476e-07  -2.132720e-06  +6.995436e-06  +6.085022e-08  +5.115062e-08  +4.353363e-05  -1.593713e-08  +3.948367e-07  -2.448999e-04  
-2.488942e-03  +8.129483e-03  +5.611871e-02  -1.886099e-01  +2.786570e-02  +4.303314e-02  +9.171002e-03  +4.980196e-02  -1.603135e-02  +2.977748e-01  -7.824353e-01  +4.016091e-04  +5.785906e-05  +1.423716e+01  +5.922754e-04  -2.448999e-04  +6.728799e+01  
