mean:
+3.982384e+00  +3.941006e+00  +6.498061e-01  -1.134583e+00  +1.679331e+00  +5.011131e-01  +9.274954e-01  +2.071861e+00  +1.461872e-01  +2.021543e+00  +4.807673e+00  +1.839125e+00  +2.983815e+00  +8.094317e+02  +4.959842e+00  +4.479622e+00  +2.018041e+03  
covariance:
+4.114444e-06  -1.978188e-06  +3.382793e-06  -1.940922e-05  +8.154643e-06  -1.736621e-06  +3.524506e-06  -1.540529e-05  -2.737539e-06  +3.297720e-05  -1.526393e-04  +2.039481e-07  -8.269060e-08  +3.781950e-03  -1.345305e-07  -2.375212e-07  +1.556806e-02  
-1.978188e-06  +5.909747e-06  -2.329855e-06  +2.083910e-05  -4.226042e-06  +3.050148e-06  -1.889405e-06  +1.523937e-05  +2.986553e-06  -3.977887e-05  +2.020515e-04  -2.272043e-07  +1.879822e-07  -4.105406e-03  +1.807082e-07  +2.388147e-07  -1.968908e-02  
+3.382793e-06  -2.329855e-06  +2.146592e-05  -4.437475e-05  +2.073929e-05  +8.538696e-07  +6.474117e-06  -2.020320e-05  -3.657013e-06  +4.102540e-05  -1.755705e-04  +5.224386e-07  +1.135754e-07  +7.060766e-03  -3.130689e-07  -4.222251e-07  +1.894398e-02  
-1.940922e-05  +2.083910e-05  -4.437475e-05  +2.647277e-04  -6.862360e-05  +1.604173e-05  -1.893063e-05  +1.401878e-04  +2.026153e-05  -2.694732e-04  +1.315672e-03  -1.561030e-06  -5.401169e-07  -3.079019e-02  +1.571928e-06  +1.195549e-06  -1.475620e-01  
+8.154643e-06  -4.226042e-06  +2.073929e-05  -6.862360e-05  +1.674615e-04  +8.934403e-06  +4.782783e-05  -5.473505e-05  -2.194925e-05  +1.694074e-04  -3.681822e-04  +3.439634e-06  -4.851402e-07  +1.939080e-02  -2.832436e-07  -1.715401e-06  +6.700837e-02  
-1.736621e-06  +3.050148e-06  +8.538696e-07  +1.604173e-05  +8.934403e-06  +5.492978e-06  +5.370489e-06  +1.764680e-05  +1.001851e-07  -2.046945e-05  +1.619371e-04  +1.934318e-07  +4.988405e-08  -1.301819e-03  +2.174721e-07  +1.053771e-08  -1.520807e-02  
+3.524506e-06  -1.889405e-06  +6.474117e-06  -1.893063e-05  +4.782783e-05  +5.370489e-06  +3.566768e-05  -1.480347e-05  -1.164936e-05  +7.388190e-05  -1.258337e-04  +6.150647e-07  -5.250869e-07  +9.461205e-03  -5.488753e-08  -8.183341e-07  +1.995201e-02  
-1.540529e-05  +1.523937e-05  -2.020320e-05  +1.401878e-04  -5.473505e-05  +1.764680e-05  -1.480347e-05  +1.838947e-04  +1.961133e-05  -2.363096e-04  +9.725805e-04  -5.873061e-07  +6.431678e-07  -2.165472e-02  +1.445616e-06  +9.793221e-07  -1.208191e-01  
-2.737539e-06  +2.986553e-06  -3.657013e-06  +2.026153e-05  -2.194925e-05  +1.001851e-07  -1.164936e-05  +1.961133e-05  +6.280795e-06  -5.301593e-05  +1.569274e-04  -3.611355e-07  +2.420530e-07  -5.385226e-03  +1.683734e-07  +3.395145e-07  -2.100537e-02  
+3.297720e-05  -3.977887e-05  +4.102540e-05  -2.694732e-04  +1.694074e-04  -2.046945e-05  +7.388190e-05  -2.363096e-04  -5.301593e-05  +5.627962e-04  -2.178593e-03  +3.642573e-06  -2.127197e-06  +5.683969e-02  -2.392671e-06  -3.477267e-06  +2.564857e-01  
-1.526393e-04  +2.020515e-04  -1.755705e-04  +1.315672e-03  -3.681822e-04  +1.619371e-04  -1.258337e-04  +9.725805e-04  +1.569274e-04  -2.178593e-03  +1.119214e-02  -1.413091e-05  +7.264957e-06  -2.369549e-01  +1.187483e-05  +1.531057e-05  -1.137568e+00  
+2.039481e-07  -2.272043e-07  +5.224386e-07  -1.561030e-06  +3.439634e-06  +1.934318e-07  +6.150647e-07  -5.873061e-07  -3.611355e-07  +3.642573e-06  -1.413091e-05  +2.712821e-07  -2.574731e-08  +5.390164e-04  +4.588366e-09  -5.851084e-08  +1.735818e-03  
-8.269060e-08  +1.879822e-07  +1.135754e-07  -5.401169e-07  -4.851402e-07  +4.988405e-08  -5.250869e-07  +6.431678e-07  +2.420530e-07  -2.127197e-06  +7.264957e-06  -2.574731e-08  +2.826787e-07  -3.513295e-04  +4.920988e-08  +5.151932e-08  -6.497028e-04  
+3.781950e-03  -4.105406e-03  +7.060766e-03  -3.079019e-02  +1.939080e-02  -1.301819e-03  +9.461205e-03  -2.165472e-02  -5.385226e-03  +5.683969e-02  -2.369549e-01  +5.390164e-04  -3.513295e-04  +7.775266e+00  -3.054395e-04  -5.252452e-04  +2.684849e+01  
-1.345305e-07  +1.807082e-07  -3.130689e-07  +1.571928e-06  -2.832436e-07  +2.174721e-07  -5.488753e-08  +1.445616e-06  +1.683734e-07  -2.392671e-06  +1.187483e-05  +4.588366e-09  +4.920988e-08  -3.054395e-04  +1.430196e-07  -2.016520e-09  -1.368955e-03  
-2.375212e-07  +2.388147e-07  -4.222251e-07  +1.195549e-06  -1.715401e-06  +1.053771e-08  -8.183341e-07  +9.793221e-07  +3.395145e-07  -3.477267e-06  +1.531057e-05  -5.851084e-08  +5.151932e-08  -5.252452e-04  -2.016520e-09  +1.778256e-07  -1.370132e-03  
+1.556806e-02  -1.968908e-02  +1.894398e-02  -1.475620e-01  +6.700837e-02  -1.520807e-02  +1.995201e-02  -1.208191e-01  -2.100537e-02  +2.564857e-01  -1.137568e+00  +1.735818e-03  -6.497028e-04  +2.684849e+01  -1.368955e-03  -1.370132e-03  +1.467632e+02  
