mean:
+3.957016e+00  +3.924418e+00  +6.539178e-01  -1.162185e+00  +1.624227e+00  +4.013318e-01  +9.272687e-01  +2.059653e+00  +1.516288e-01  +1.964494e+00  +4.821586e+00  +1.635180e+00  +2.883469e+00  +8.072589e+02  +4.800066e+00  +4.399799e+00  +2.011850e+03  
covariance:
+2.663192e-06  +1.845375e-07  -9.950751e-07  +3.355544e-06  -4.606598e-06  +1.169336e-06  -1.257698e-06  +1.395085e-05  -3.700918e-07  +1.810149e-06  +5.177930e-05  -1.112178e-07  +3.622784e-08  -1.733694e-03  -3.927481e-09  +1.854071e-08  -5.407344e-03  
+1.845375e-07  +2.955170e-06  -1.428794e-06  -3.209581e-07  -2.384596e-06  +3.122259e-07  -1.172761e-06  +3.858890e-06  +2.148491e-08  -3.495850e-07  +2.778676e-05  -1.284230e-07  -3.864876e-08  -7.494074e-04  -6.393526e-08  -7.094758e-08  -2.212416e-03  
-9.950751e-07  -1.428794e-06  +3.668554e-05  -5.222883e-06  +3.386382e-05  +7.087107e-06  +1.086984e-05  +1.769334e-05  -2.365299e-06  +1.291576e-05  -6.815493e-05  +4.187324e-07  -5.766851e-07  +6.031102e-03  +3.662587e-08  +2.964380e-07  -2.319787e-03  
+3.355544e-06  -3.209581e-07  -5.222883e-06  +1.033284e-04  -3.604019e-05  +5.623030e-06  -2.603642e-06  +1.030931e-04  -3.796365e-06  +7.369974e-06  +3.304161e-04  -6.209727e-07  +4.241297e-07  -9.992986e-03  -7.261660e-08  +4.108612e-07  -2.726980e-02  
-4.606598e-06  -2.384596e-06  +3.386382e-05  -3.604019e-05  +1.425186e-04  +6.217381e-06  +2.198594e-05  -3.969338e-05  -2.727262e-07  +7.435834e-06  -3.390607e-04  +1.395147e-06  -1.246705e-06  +1.895042e-02  +1.712066e-07  -4.032554e-07  +2.256931e-02  
+1.169336e-06  +3.122259e-07  +7.087107e-06  +5.623030e-06  +6.217381e-06  +1.049635e-05  +5.477050e-06  +5.673592e-05  -5.522334e-06  +2.386580e-05  +1.683501e-04  -9.857599e-08  -3.774491e-07  -2.891348e-03  +8.471235e-08  +1.145461e-07  -2.152196e-02  
-1.257698e-06  -1.172761e-06  +1.086984e-05  -2.603642e-06  +2.198594e-05  +5.477050e-06  +2.094773e-05  -1.078158e-05  -4.816127e-06  +1.689551e-05  -4.586345e-05  +1.828467e-07  -5.878554e-07  +3.648343e-03  +3.248826e-08  -6.829592e-08  -2.806881e-04  
+1.395085e-05  +3.858890e-06  +1.769334e-05  +1.030931e-04  -3.969338e-05  +5.673592e-05  -1.078158e-05  +5.573085e-04  -2.842020e-05  +1.172557e-04  +1.534669e-03  -1.210602e-06  -7.729925e-07  -4.091052e-02  +1.657606e-07  +8.154265e-07  -1.717092e-01  
-3.700918e-07  +2.148491e-08  -2.365299e-06  -3.796365e-06  -2.727262e-07  -5.522334e-06  -4.816127e-06  -2.842020e-05  +4.094670e-06  -1.634692e-05  -9.893649e-05  +7.521880e-08  +1.244803e-07  +2.109732e-03  -7.652786e-08  -7.248859e-08  +1.183099e-02  
+1.810149e-06  -3.495850e-07  +1.291576e-05  +7.369974e-06  +7.435834e-06  +2.386580e-05  +1.689551e-05  +1.172557e-04  -1.634692e-05  +7.519636e-05  +3.898619e-04  -1.727300e-07  -4.853052e-07  -7.489733e-03  +4.587915e-07  +4.888547e-07  -4.792082e-02  
+5.177930e-05  +2.778676e-05  -6.815493e-05  +3.304161e-04  -3.390607e-04  +1.683501e-04  -4.586345e-05  +1.534669e-03  -9.893649e-05  +3.898619e-04  +5.640360e-03  -8.686645e-06  +1.830882e-06  -1.653856e-01  +8.634303e-07  +1.694892e-06  -5.875134e-01  
-1.112178e-07  -1.284230e-07  +4.187324e-07  -6.209727e-07  +1.395147e-06  -9.857599e-08  +1.828467e-07  -1.210602e-06  +7.521880e-08  -1.727300e-07  -8.686645e-06  +2.111290e-07  +4.933506e-09  +2.884204e-04  -3.237079e-10  +7.383171e-09  +7.898151e-04  
+3.622784e-08  -3.864876e-08  -5.766851e-07  +4.241297e-07  -1.246705e-06  -3.774491e-07  -5.878554e-07  -7.729925e-07  +1.244803e-07  -4.853052e-07  +1.830882e-06  +4.933506e-09  +2.130866e-07  -1.732771e-04  +7.996842e-09  +2.935294e-10  +1.435710e-04  
-1.733694e-03  -7.494074e-04  +6.031102e-03  -9.992986e-03  +1.895042e-02  -2.891348e-03  +3.648343e-03  -4.091052e-02  +2.109732e-03  -7.489733e-03  -1.653856e-01  +2.884204e-04  -1.732771e-04  +6.498593e+00  -4.258972e-05  -2.929452e-05  +1.634322e+01  
-3.927481e-09  -6.393526e-08  +3.662587e-08  -7.261660e-08  +1.712066e-07  +8.471235e-08  +3.248826e-08  +1.657606e-07  -7.652786e-08  +4.587915e-07  +8.634303e-07  -3.237079e-10  +7.996842e-09  -4.258972e-05  +1.529107e-07  -4.883813e-09  -2.308313e-04  
+1.854071e-08  -7.094758e-08  +2.964380e-07  +4.108612e-07  -4.032554e-07  +1.145461e-07  -6.829592e-08  +8.154265e-07  -7.248859e-08  +4.888547e-07  +1.694892e-06  +7.383171e-09  +2.935294e-10  -2.929452e-05  -4.883813e-09  +1.480468e-07  -5.676878e-05  
-5.407344e-03  -2.212416e-03  -2.319787e-03  -2.726980e-02  +2.256931e-02  -2.152196e-02  -2.806881e-04  -1.717092e-01  +1.183099e-02  -4.792082e-02  -5.875134e-01  +7.898151e-04  +1.435710e-04  +1.634322e+01  -2.308313e-04  -5.676878e-05  +6.987714e+01  
