mean:
+3.998593e+00  +3.957376e+00  +5.826209e-01  +2.023495e+00  +1.206169e+00  +4.025094e-01  +8.592837e-01  +2.182174e+00  +4.056509e-02  +3.889457e+00  +5.867446e+00  +4.477583e+00  +3.300733e+00  +3.270975e+02  +2.492389e+00  +3.691820e+00  +4.567897e+02  +4.639180e+00  +4.959878e+00  +8.038312e+02  +3.992627e+00  +5.120766e+00  +4.354141e+02  
covariance:
+6.274623e-05  -1.554872e-05  +1.070676e-05  +4.194383e-06  -8.707046e-06  -9.875841e-06  -1.460807e-04  +6.810178e-05  +8.334556e-06  -1.205565e-04  +3.934693e-04  -4.169596e-06  +6.465921e-06  -5.503129e-03  -3.875576e-06  -2.116005e-06  -2.583779e-02  +4.435901e-08  -1.033236e-06  -3.078204e-02  +1.308067e-05  -7.221702e-06  -1.216105e-02  
-1.554872e-05  +7.628426e-06  -4.057824e-06  -1.676007e-06  +2.611534e-06  +2.373052e-06  +3.807422e-05  -1.834325e-05  -2.289136e-06  +3.241307e-05  -8.602485e-05  +9.914086e-07  -1.601362e-06  +1.715056e-03  +1.246252e-06  +7.773880e-07  +6.402374e-03  +2.597092e-08  +2.810699e-07  +5.226586e-03  -3.719502e-06  +1.465858e-06  +3.305057e-03  
+1.070676e-05  -4.057824e-06  +1.344726e-05  +1.023059e-06  -8.175842e-07  -6.020996e-07  -3.824686e-05  +1.119190e-05  +2.228199e-06  -3.294634e-05  +8.827905e-05  -5.732898e-07  +1.090668e-06  -1.730637e-03  -6.223985e-07  -9.758280e-07  -7.112566e-03  -2.267628e-07  -2.110323e-07  -6.630196e-03  +3.983560e-06  -1.084067e-06  -1.849399e-03  
+4.194383e-06  -1.676007e-06  +1.023059e-06  +6.977069e-05  -8.441885e-06  -1.296858e-06  +3.632908e-06  +6.911762e-06  +5.127886e-07  -4.642386e-06  -9.961904e-05  -1.145989e-06  +7.524867e-07  -2.746543e-03  +1.728663e-07  +9.389837e-07  +4.645397e-03  +2.789360e-07  -1.117374e-06  +1.419952e-02  +3.691689e-06  -1.558604e-06  -1.380632e-03  
-8.707046e-06  +2.611534e-06  -8.175842e-07  -8.441885e-06  +1.945289e-05  +2.014702e-06  +2.432582e-05  +2.330091e-06  -1.416826e-06  +2.235845e-05  -4.446261e-05  +1.227173e-06  -1.320316e-06  +1.896562e-03  +1.248588e-06  +6.749816e-07  +3.293468e-03  -3.604894e-07  +3.139045e-07  +1.838606e-03  -2.582038e-06  +1.811447e-06  +3.447201e-03  
-9.875841e-06  +2.373052e-06  -6.020996e-07  -1.296858e-06  +2.014702e-06  +2.201622e-06  +2.462761e-05  -1.379492e-05  -1.355691e-06  +2.160730e-05  -7.617061e-05  +9.240338e-07  -1.060999e-06  +8.503680e-04  +6.427883e-07  +3.633356e-07  +4.570021e-03  -4.148525e-08  +1.178007e-07  +6.123465e-03  -2.137477e-06  +1.378479e-06  +1.963190e-03  
-1.460807e-04  +3.807422e-05  -3.824686e-05  +3.632908e-06  +2.432582e-05  +2.462761e-05  +4.062819e-04  -1.960758e-04  -2.235459e-05  +3.333668e-04  -1.156360e-03  +9.980152e-06  -1.704484e-05  +1.349835e-02  +1.004694e-05  +7.801608e-06  +7.477388e-02  +4.816137e-07  +1.516495e-06  +9.255101e-02  -3.523886e-05  +1.841173e-05  +3.287817e-02  
+6.810178e-05  -1.834325e-05  +1.119190e-05  +6.911762e-06  +2.330091e-06  -1.379492e-05  -1.960758e-04  +2.820832e-04  +1.069005e-05  -1.941478e-04  +8.525582e-04  -3.163479e-06  +7.727601e-06  -6.102534e-03  -6.611569e-06  -1.768619e-06  -4.225280e-02  +1.162470e-06  +2.896225e-06  -6.476200e-02  +1.668315e-05  -4.972661e-06  -2.076060e-02  
+8.334556e-06  -2.289136e-06  +2.228199e-06  +5.127886e-07  -1.416826e-06  -1.355691e-06  -2.235459e-05  +1.069005e-05  +1.305293e-06  -1.863608e-05  +6.011518e-05  -5.676128e-07  +9.495050e-07  -8.085529e-04  -5.964217e-07  -4.369179e-07  -4.026859e-03  -1.167627e-08  -1.129521e-07  -4.567132e-03  +2.054001e-06  -1.003345e-06  -1.851645e-03  
-1.205565e-04  +3.241307e-05  -3.294634e-05  -4.642386e-06  +2.235845e-05  +2.160730e-05  +3.333668e-04  -1.941478e-04  -1.863608e-05  +2.979097e-04  -1.033435e-03  +1.003388e-05  -1.317040e-05  +1.222834e-02  +8.573910e-06  +6.098527e-06  +6.324600e-02  -4.670064e-07  +6.333749e-07  +8.177756e-02  -2.992121e-05  +1.494670e-05  +2.638461e-02  
+3.934693e-04  -8.602485e-05  +8.827905e-05  -9.961904e-05  -4.446261e-05  -7.617061e-05  -1.156360e-03  +8.525582e-04  +6.011518e-05  -1.033435e-03  +4.371180e-03  -3.194457e-05  +4.325655e-05  -3.324901e-02  -2.752403e-05  -1.790494e-05  -2.376632e-01  +3.313670e-06  +5.016744e-06  -3.753375e-01  +8.982127e-05  -4.813103e-05  -9.102177e-02  
-4.169596e-06  +9.914086e-07  -5.732898e-07  -1.145989e-06  +1.227173e-06  +9.240338e-07  +9.980152e-06  -3.163479e-06  -5.676128e-07  +1.003388e-05  -3.194457e-05  +7.771673e-07  -3.621822e-07  +4.117097e-04  +1.485650e-07  +1.384765e-07  +1.800605e-03  -1.025231e-07  +7.512022e-08  +2.769322e-03  -1.092057e-06  +6.920278e-07  +5.487547e-04  
+6.465921e-06  -1.601362e-06  +1.090668e-06  +7.524867e-07  -1.320316e-06  -1.060999e-06  -1.704484e-05  +7.727601e-06  +9.495050e-07  -1.317040e-05  +4.325655e-05  -3.621822e-07  +1.065830e-06  -5.282647e-04  -5.508667e-07  -2.906354e-07  -3.053238e-03  +4.607389e-09  -1.341604e-07  -3.143128e-03  +1.423845e-06  -7.523313e-07  -1.647054e-03  
-5.503129e-03  +1.715056e-03  -1.730637e-03  -2.746543e-03  +1.896562e-03  +8.503680e-04  +1.349835e-02  -6.102534e-03  -8.085529e-04  +1.222834e-02  -3.324901e-02  +4.117097e-04  -5.282647e-04  +1.082570e+00  +3.776879e-04  +1.688208e-04  +2.252592e+00  -7.205021e-05  +1.983145e-04  +2.188854e+00  -1.321053e-03  +7.050177e-04  +1.389389e+00  
-3.875576e-06  +1.246252e-06  -6.223985e-07  +1.728663e-07  +1.248588e-06  +6.427883e-07  +1.004694e-05  -6.611569e-06  -5.964217e-07  +8.573910e-06  -2.752403e-05  +1.485650e-07  -5.508667e-07  +3.776879e-04  +7.246747e-07  +2.043534e-07  +1.825408e-03  -8.936686e-08  +7.046543e-09  +1.559594e-03  -5.812639e-07  +3.208859e-07  +1.265777e-03  
-2.116005e-06  +7.773880e-07  -9.758280e-07  +9.389837e-07  +6.749816e-07  +3.633356e-07  +7.801608e-06  -1.768619e-06  -4.369179e-07  +6.098527e-06  -1.790494e-05  +1.384765e-07  -2.906354e-07  +1.688208e-04  +2.043534e-07  +4.972593e-07  +1.431974e-03  +9.132325e-08  -1.328823e-08  +1.236140e-03  -6.502362e-07  +3.194523e-07  +5.400490e-04  
-2.583779e-02  +6.402374e-03  -7.112566e-03  +4.645397e-03  +3.293468e-03  +4.570021e-03  +7.477388e-02  -4.225280e-02  -4.026859e-03  +6.324600e-02  -2.376632e-01  +1.800605e-03  -3.053238e-03  +2.252592e+00  +1.825408e-03  +1.431974e-03  +1.477842e+01  +1.053237e-04  +5.054594e-05  +1.972507e+01  -6.113317e-03  +3.221404e-03  +5.771447e+00  
+4.435901e-08  +2.597092e-08  -2.267628e-07  +2.789360e-07  -3.604894e-07  -4.148525e-08  +4.816137e-07  +1.162470e-06  -1.167627e-08  -4.670064e-07  +3.313670e-06  -1.025231e-07  +4.607389e-09  -7.205021e-05  -8.936686e-08  +9.132325e-08  +1.053237e-04  +2.674567e-07  -1.860757e-09  -1.255452e-04  -9.328523e-08  +9.693689e-08  -1.125698e-04  
-1.033236e-06  +2.810699e-07  -2.110323e-07  -1.117374e-06  +3.139045e-07  +1.178007e-07  +1.516495e-06  +2.896225e-06  -1.129521e-07  +6.333749e-07  +5.016744e-06  +7.512022e-08  -1.341604e-07  +1.983145e-04  +7.046543e-09  -1.328823e-08  +5.054594e-05  -1.860757e-09  +2.634058e-07  -4.305540e-04  -1.955553e-07  +1.865493e-07  +1.082620e-04  
-3.078204e-02  +5.226586e-03  -6.630196e-03  +1.419952e-02  +1.838606e-03  +6.123465e-03  +9.255101e-02  -6.476200e-02  -4.567132e-03  +8.177756e-02  -3.753375e-01  +2.769322e-03  -3.143128e-03  +2.188854e+00  +1.559594e-03  +1.236140e-03  +1.972507e+01  -1.255452e-04  -4.305540e-04  +3.520575e+01  -6.926873e-03  +4.191557e-03  +6.292982e+00  
+1.308067e-05  -3.719502e-06  +3.983560e-06  +3.691689e-06  -2.582038e-06  -2.137477e-06  -3.523886e-05  +1.668315e-05  +2.054001e-06  -2.992121e-05  +8.982127e-05  -1.092057e-06  +1.423845e-06  -1.321053e-03  -5.812639e-07  -6.502362e-07  -6.113317e-03  -9.328523e-08  -1.955553e-07  -6.926873e-03  +4.471715e-06  -1.831047e-06  -2.793230e-03  
-7.221702e-06  +1.465858e-06  -1.084067e-06  -1.558604e-06  +1.811447e-06  +1.378479e-06  +1.841173e-05  -4.972661e-06  -1.003345e-06  +1.494670e-05  -4.813103e-05  +6.920278e-07  -7.523313e-07  +7.050177e-04  +3.208859e-07  +3.194523e-07  +3.221404e-03  +9.693689e-08  +1.865493e-07  +4.191557e-03  -1.831047e-06  +1.378646e-06  +1.335311e-03  
-1.216105e-02  +3.305057e-03  -1.849399e-03  -1.380632e-03  +3.447201e-03  +1.963190e-03  +3.287817e-02  -2.076060e-02  -1.851645e-03  +2.638461e-02  -9.102177e-02  +5.487547e-04  -1.647054e-03  +1.389389e+00  +1.265777e-03  +5.400490e-04  +5.771447e+00  -1.125698e-04  +1.082620e-04  +6.292982e+00  -2.793230e-03  +1.335311e-03  +4.173377e+00  
