mean:
+3.927914e+00  +3.910185e+00  +6.237217e-01  -1.134041e+00  +1.666397e+00  +5.940692e-01  +9.127438e-01  +2.068993e+00  +1.485053e-01  +1.982376e+00  +4.582247e+00  +1.906290e+00  +3.007096e+00  +8.051841e+02  +4.959985e+00  +4.480007e+00  +2.004257e+03  
covariance:
+2.061815e-05  +1.564365e-05  -7.328472e-06  -1.755300e-05  -2.357786e-05  -4.207237e-07  -4.383890e-06  -3.336586e-05  +4.329388e-07  +1.170008e-05  -3.676497e-05  -4.941327e-07  +3.521643e-07  +4.877324e-05  -3.771353e-07  +2.564543e-07  -6.527203e-03  
+1.564365e-05  +3.674348e-05  -5.375000e-05  +6.763391e-05  +1.447251e-05  -4.459927e-06  -7.403048e-07  -8.102631e-05  +6.146531e-06  +6.747337e-05  -7.625805e-04  -8.289112e-07  +1.512820e-06  +8.030679e-03  -4.440152e-07  -7.714734e-08  -3.187009e-02  
-7.328472e-06  -5.375000e-05  +2.585562e-04  -3.167352e-04  -1.226771e-04  +1.535986e-05  -3.713727e-05  +1.016391e-04  -1.927694e-05  -2.176380e-04  +2.523983e-03  +2.704943e-06  -3.652261e-06  -2.363601e-02  +1.948654e-07  +1.084067e-06  +1.037362e-01  
-1.755300e-05  +6.763391e-05  -3.167352e-04  +1.476781e-03  +1.991500e-04  -3.666109e-05  +9.713468e-05  -3.504456e-04  +4.622753e-05  +4.268632e-04  -5.807143e-03  -2.064434e-06  -2.113557e-07  +3.740374e-02  +8.925732e-07  -4.429579e-06  -1.068277e-01  
-2.357786e-05  +1.447251e-05  -1.226771e-04  +1.991500e-04  +6.536576e-04  +1.451418e-05  +4.416999e-05  +4.347530e-04  +1.148769e-05  +8.352445e-05  -1.440856e-03  -1.431992e-06  -9.039450e-07  +4.300859e-02  +1.091387e-06  -3.375120e-06  -1.155034e-01  
-4.207237e-07  -4.459927e-06  +1.535986e-05  -3.666109e-05  +1.451418e-05  +5.160152e-06  -1.889363e-06  +4.982260e-05  -2.189517e-06  -3.119126e-05  +3.209823e-04  +9.381939e-08  -3.077470e-07  -2.047933e-03  +1.002300e-07  -8.205911e-08  +8.469612e-03  
-4.383890e-06  -7.403048e-07  -3.713727e-05  +9.713468e-05  +4.416999e-05  -1.889363e-06  +4.093807e-05  +6.463387e-05  -1.636547e-06  +3.277586e-05  -3.444552e-04  -3.148301e-07  -7.736039e-07  +3.799106e-03  +4.193780e-07  -4.455067e-07  -1.442200e-02  
-3.336586e-05  -8.102631e-05  +1.016391e-04  -3.504456e-04  +4.347530e-04  +4.982260e-05  +6.463387e-05  +1.212716e-03  -3.224636e-05  -3.174013e-04  +3.312076e-03  +1.493793e-06  -4.736960e-06  +7.177304e-03  +2.096040e-06  -1.664660e-06  +2.125342e-02  
+4.329388e-07  +6.146531e-06  -1.927694e-05  +4.622753e-05  +1.148769e-05  -2.189517e-06  -1.636547e-06  -3.224636e-05  +5.045897e-06  +2.124866e-05  -3.562119e-04  -1.349463e-08  +4.444750e-07  +2.718900e-03  -4.527140e-08  -1.236076e-07  -9.138817e-03  
+1.170008e-05  +6.747337e-05  -2.176380e-04  +4.268632e-04  +8.352445e-05  -3.119126e-05  +3.277586e-05  -3.174013e-04  +2.124866e-05  +3.915770e-04  -3.696943e-03  -3.562251e-06  +1.679024e-06  +3.855193e-02  -1.160693e-06  -1.023091e-06  -1.450124e-01  
-3.676497e-05  -7.625805e-04  +2.523983e-03  -5.807143e-03  -1.440856e-03  +3.209823e-04  -3.444552e-04  +3.312076e-03  -3.562119e-04  -3.696943e-03  +4.450913e-02  +2.111226e-05  -3.209274e-05  -4.101350e-01  +5.882909e-06  +1.237199e-05  +1.433912e+00  
-4.941327e-07  -8.289112e-07  +2.704943e-06  -2.064434e-06  -1.431992e-06  +9.381939e-08  -3.148301e-07  +1.493793e-06  -1.349463e-08  -3.562251e-06  +2.111226e-05  +6.290654e-07  +1.471299e-08  -5.498616e-04  +3.587681e-08  -3.313396e-08  +2.054093e-03  
+3.521643e-07  +1.512820e-06  -3.652261e-06  -2.113557e-07  -9.039450e-07  -3.077470e-07  -7.736039e-07  -4.736960e-06  +4.444750e-07  +1.679024e-06  -3.209274e-05  +1.471299e-08  +6.240412e-07  +2.208601e-04  -3.740451e-08  -3.279948e-08  -1.308242e-03  
+4.877324e-05  +8.030679e-03  -2.363601e-02  +3.740374e-02  +4.300859e-02  -2.047933e-03  +3.799106e-03  +7.177304e-03  +2.718900e-03  +3.855193e-02  -4.101350e-01  -5.498616e-04  +2.208601e-04  +9.793929e+00  -5.312276e-05  -3.592685e-04  -1.974280e+01  
-3.771353e-07  -4.440152e-07  +1.948654e-07  +8.925732e-07  +1.091387e-06  +1.002300e-07  +4.193780e-07  +2.096040e-06  -4.527140e-08  -1.160693e-06  +5.882909e-06  +3.587681e-08  -3.740451e-08  -5.312276e-05  +2.181870e-07  -1.835154e-08  +5.738561e-04  
+2.564543e-07  -7.714734e-08  +1.084067e-06  -4.429579e-06  -3.375120e-06  -8.205911e-08  -4.455067e-07  -1.664660e-06  -1.236076e-07  -1.023091e-06  +1.237199e-05  -3.313396e-08  -3.279948e-08  -3.592685e-04  -1.835154e-08  +4.525946e-07  +5.829425e-04  
-6.527203e-03  -3.187009e-02  +1.037362e-01  -1.068277e-01  -1.155034e-01  +8.469612e-03  -1.442200e-02  +2.125342e-02  -9.138817e-03  -1.450124e-01  +1.433912e+00  +2.054093e-03  -1.308242e-03  -1.974280e+01  +5.738561e-04  +5.829425e-04  +1.033176e+02  
