mean:
+3.985314e+00  +3.977034e+00  +6.071215e-01  +2.005437e+00  +1.253432e+00  +4.969083e-01  +8.336843e-01  +2.240019e+00  +3.970920e-02  +3.880070e+00  +5.841735e+00  +4.572474e+00  +3.238049e+00  +3.275011e+02  +2.590776e+00  +3.725789e+00  +4.567165e+02  +4.639881e+00  +4.960043e+00  +8.091623e+02  +3.990633e+00  +5.154451e+00  +4.404688e+02  
covariance:
+7.054317e-06  -3.114531e-06  -3.456784e-07  +5.025706e-06  +3.200308e-07  -8.945664e-08  +5.062846e-06  +6.031768e-06  -9.359048e-08  +1.014877e-06  -3.472184e-05  -4.319418e-07  -3.980807e-07  +1.081070e-03  -3.136191e-07  +1.034275e-07  +1.304314e-03  +1.850726e-07  +8.554495e-09  +2.561521e-03  -3.286283e-08  +4.619177e-08  +2.379546e-03  
-3.114531e-06  +4.506004e-06  -5.016303e-06  +2.773517e-06  +1.181812e-06  -4.426781e-07  +5.033457e-06  +3.020550e-06  -9.639915e-08  -1.420781e-06  -4.059311e-05  +2.847750e-07  -2.019000e-07  +1.051317e-03  -1.728394e-07  +3.218264e-07  +1.383891e-03  -3.331479e-07  -2.383719e-07  +3.077775e-03  +1.749347e-08  +2.739396e-07  +1.221102e-03  
-3.456784e-07  -5.016303e-06  +4.616947e-05  -4.295669e-05  -1.674614e-05  +3.055095e-06  -4.836874e-05  -5.293143e-05  +3.984629e-07  +1.550896e-05  +3.617413e-04  -3.929957e-07  +2.061382e-07  -1.213982e-02  +2.867444e-06  -2.891133e-06  -1.185926e-02  +1.297577e-06  +9.852409e-07  -2.912950e-02  +1.756720e-07  -2.492782e-06  -1.418325e-02  
+5.025706e-06  +2.773517e-06  -4.295669e-05  +8.752518e-05  +1.814852e-05  -2.670306e-06  +5.081250e-05  +5.084241e-05  -3.462330e-07  -1.390704e-05  -4.239562e-04  -1.107663e-06  -8.224418e-07  +1.127218e-02  -3.303612e-06  +3.031115e-06  +1.248189e-02  -2.209511e-06  -2.265930e-06  +3.305014e-02  -1.194870e-07  +2.217056e-06  +1.451475e-02  
+3.200308e-07  +1.181812e-06  -1.674614e-05  +1.814852e-05  +1.917903e-05  -1.488675e-06  +1.803202e-05  +2.825457e-05  -5.658541e-08  -7.543037e-06  -1.364019e-04  -3.298064e-07  -6.272311e-07  +4.202817e-03  +2.122489e-07  +1.195905e-06  +4.776276e-03  -4.732404e-07  -5.563771e-07  +1.136538e-02  +1.245642e-07  +6.345716e-07  +6.151122e-03  
-8.945664e-08  -4.426781e-07  +3.055095e-06  -2.670306e-06  -1.488675e-06  +1.173810e-06  -4.413255e-06  -8.795253e-06  +4.343908e-08  +2.455979e-06  +2.870642e-05  -2.052610e-07  +3.283045e-07  -8.968357e-04  +9.931321e-08  -2.155094e-07  -1.466472e-03  +2.649281e-07  +9.316288e-08  -2.898598e-03  +1.263161e-07  -1.589347e-07  -1.676901e-03  
+5.062846e-06  +5.033457e-06  -4.836874e-05  +5.081250e-05  +1.803202e-05  -4.413255e-06  +7.798173e-05  +8.634629e-05  -1.278614e-06  -2.009222e-06  -5.212087e-04  +1.555967e-06  -3.327325e-06  +1.603818e-02  -3.769883e-06  +3.555305e-06  +2.078119e-02  -1.751954e-06  -6.083076e-07  +4.142756e-02  -1.002741e-06  +2.381198e-06  +2.606224e-02  
+6.031768e-06  +3.020550e-06  -5.293143e-05  +5.084241e-05  +2.825457e-05  -8.795253e-06  +8.634629e-05  +1.838380e-04  -1.619937e-06  -7.577061e-06  -4.800691e-04  +3.784924e-06  -5.710075e-06  +1.827993e-02  -3.803678e-06  +3.343623e-06  +2.568828e-02  -1.883136e-06  +1.003472e-06  +4.349840e-02  -2.954607e-06  +2.035146e-06  +3.286509e-02  
-9.359048e-08  -9.639915e-08  +3.984629e-07  -3.462330e-07  -5.658541e-08  +4.343908e-08  -1.278614e-06  -1.619937e-06  +7.134993e-08  -6.950148e-07  +6.616271e-06  -6.929309e-08  +7.786644e-08  -2.204431e-04  +7.549734e-08  -4.016385e-08  -3.732207e-04  +1.943030e-08  -2.525173e-08  -5.642549e-04  +4.411589e-08  -1.278714e-08  -5.216257e-04  
+1.014877e-06  -1.420781e-06  +1.550896e-05  -1.390704e-05  -7.543037e-06  +2.455979e-06  -2.009222e-06  -7.577061e-06  -6.950148e-07  +3.727687e-05  +4.926155e-05  +6.938535e-07  -7.714244e-07  -1.989103e-03  -6.175931e-07  +3.118657e-07  +1.011591e-03  +8.981473e-07  +1.211412e-06  -4.792371e-03  -1.244588e-06  -1.202063e-06  +3.694269e-03  
-3.472184e-05  -4.059311e-05  +3.617413e-04  -4.239562e-04  -1.364019e-04  +2.870642e-05  -5.212087e-04  -4.800691e-04  +6.616271e-06  +4.926155e-05  +3.942880e-03  -2.816021e-06  +2.018069e-05  -1.102703e-01  +2.553745e-05  -2.772897e-05  -1.370241e-01  +1.590549e-05  +1.151167e-05  -2.996958e-01  +4.394354e-06  -1.825283e-05  -1.682673e-01  
-4.319418e-07  +2.847750e-07  -3.929957e-07  -1.107663e-06  -3.298064e-07  -2.052610e-07  +1.555967e-06  +3.784924e-06  -6.929309e-08  +6.938535e-07  -2.816021e-06  +5.713829e-07  -7.011593e-08  +2.498909e-04  -1.720865e-07  -5.399045e-08  +4.513090e-04  -1.312710e-07  +1.257747e-07  +7.077698e-04  -1.222943e-07  +3.294133e-08  +4.661879e-04  
-3.980807e-07  -2.019000e-07  +2.061382e-07  -8.224418e-07  -6.272311e-07  +3.283045e-07  -3.327325e-06  -5.710075e-06  +7.786644e-08  -7.714244e-07  +2.018069e-05  -7.011593e-08  +8.491393e-07  -3.483605e-04  -7.211388e-08  -8.014219e-08  -1.174935e-03  +1.495396e-07  +4.614559e-09  -1.256964e-03  +1.083176e-07  +8.903852e-08  -1.368600e-03  
+1.081070e-03  +1.051317e-03  -1.213982e-02  +1.127218e-02  +4.202817e-03  -8.968357e-04  +1.603818e-02  +1.827993e-02  -2.204431e-04  -1.989103e-03  -1.102703e-01  +2.498909e-04  -3.483605e-04  +3.893695e+00  -9.800379e-04  +8.314832e-04  +4.086599e+00  -3.323139e-04  -1.142357e-04  +8.905975e+00  -1.651676e-04  +6.213517e-04  +5.182480e+00  
-3.136191e-07  -1.728394e-07  +2.867444e-06  -3.303612e-06  +2.122489e-07  +9.931321e-08  -3.769883e-06  -3.803678e-06  +7.549734e-08  -6.175931e-07  +2.553745e-05  -1.720865e-07  -7.211388e-08  -9.800379e-04  +6.662753e-07  -1.576501e-07  -9.135531e-04  +1.377500e-07  -2.008262e-08  -2.222694e-03  +1.723979e-07  -1.551221e-07  -1.244852e-03  
+1.034275e-07  +3.218264e-07  -2.891133e-06  +3.031115e-06  +1.195905e-06  -2.155094e-07  +3.555305e-06  +3.343623e-06  -4.016385e-08  +3.118657e-07  -2.772897e-05  -5.399045e-08  -8.014219e-08  +8.314832e-04  -1.576501e-07  +5.269497e-07  +9.930768e-04  -5.026922e-08  -7.927950e-08  +2.061124e-03  -2.718088e-08  +1.235977e-07  +1.319369e-03  
+1.304314e-03  +1.383891e-03  -1.185926e-02  +1.248189e-02  +4.776276e-03  -1.466472e-03  +2.078119e-02  +2.568828e-02  -3.732207e-04  +1.011591e-03  -1.370241e-01  +4.513090e-04  -1.174935e-03  +4.086599e+00  -9.135531e-04  +9.930768e-04  +6.142193e+00  -3.701253e-04  -8.982523e-05  +1.101903e+01  -4.114242e-04  +5.544379e-04  +7.736222e+00  
+1.850726e-07  -3.331479e-07  +1.297577e-06  -2.209511e-06  -4.732404e-07  +2.649281e-07  -1.751954e-06  -1.883136e-06  +1.943030e-08  +8.981473e-07  +1.590549e-05  -1.312710e-07  +1.495396e-07  -3.323139e-04  +1.377500e-07  -5.026922e-08  -3.701253e-04  +5.353454e-07  +1.846505e-07  -1.328329e-03  +1.773616e-08  -1.799861e-08  -2.602765e-04  
+8.554495e-09  -2.383719e-07  +9.852409e-07  -2.265930e-06  -5.563771e-07  +9.316288e-08  -6.083076e-07  +1.003472e-06  -2.525173e-08  +1.211412e-06  +1.151167e-05  +1.257747e-07  +4.614559e-09  -1.142357e-04  -2.008262e-08  -7.927950e-08  -8.982523e-05  +1.846505e-07  +2.833736e-07  -7.439754e-04  -8.265427e-08  -6.874786e-08  +1.130207e-04  
+2.561521e-03  +3.077775e-03  -2.912950e-02  +3.305014e-02  +1.136538e-02  -2.898598e-03  +4.142756e-02  +4.349840e-02  -5.642549e-04  -4.792371e-03  -2.996958e-01  +7.077698e-04  -1.256964e-03  +8.905975e+00  -2.222694e-03  +2.061124e-03  +1.101903e+01  -1.328329e-03  -7.439754e-04  +2.471260e+01  -4.528354e-04  +1.581516e-03  +1.389478e+01  
-3.286283e-08  +1.749347e-08  +1.756720e-07  -1.194870e-07  +1.245642e-07  +1.263161e-07  -1.002741e-06  -2.954607e-06  +4.411589e-08  -1.244588e-06  +4.394354e-06  -1.222943e-07  +1.083176e-07  -1.651676e-04  +1.723979e-07  -2.718088e-08  -4.114242e-04  +1.773616e-08  -8.265427e-08  -4.528354e-04  +3.083312e-07  +5.383914e-08  -6.579896e-04  
+4.619177e-08  +2.739396e-07  -2.492782e-06  +2.217056e-06  +6.345716e-07  -1.589347e-07  +2.381198e-06  +2.035146e-06  -1.278714e-08  -1.202063e-06  -1.825283e-05  +3.294133e-08  +8.903852e-08  +6.213517e-04  -1.551221e-07  +1.235977e-07  +5.544379e-04  -1.799861e-08  -6.874786e-08  +1.581516e-03  +5.383914e-08  +3.326985e-07  +6.453559e-04  
+2.379546e-03  +1.221102e-03  -1.418325e-02  +1.451475e-02  +6.151122e-03  -1.676901e-03  +2.606224e-02  +3.286509e-02  -5.216257e-04  +3.694269e-03  -1.682673e-01  +4.661879e-04  -1.368600e-03  +5.182480e+00  -1.244852e-03  +1.319369e-03  +7.736222e+00  -2.602765e-04  +1.130207e-04  +1.389478e+01  -6.579896e-04  +6.453559e-04  +1.113770e+01  
