mean:
+3.956986e+00  +3.924243e+00  +6.284867e-01  -1.162271e+00  +1.569531e+00  +4.931190e-01  +9.110372e-01  +2.050272e+00  +1.536181e-01  +1.928274e+00  +4.841623e+00  +1.635200e+00  +2.883069e+00  +8.076710e+02  +4.799994e+00  +4.400224e+00  +2.006083e+03  
covariance:
+5.496314e-06  +3.931858e-07  +1.745458e-06  -4.701039e-07  -3.473772e-06  +1.089704e-06  +1.616349e-06  +4.964637e-07  -7.571031e-09  -1.701247e-06  +1.809627e-05  +9.621412e-08  -1.576906e-08  +1.482231e-03  +1.112054e-07  +3.678819e-08  -1.246317e-03  
+3.931858e-07  +6.219015e-06  -7.767878e-07  +9.295044e-07  -3.597211e-07  -1.610135e-08  +2.341641e-06  +1.021477e-05  -2.309931e-07  -1.443555e-06  +1.109908e-05  -1.956053e-07  -5.894304e-09  +6.137984e-04  +3.581402e-08  -4.114092e-08  +1.043782e-03  
+1.745458e-06  -7.767878e-07  +2.450681e-04  +6.616706e-05  +3.371747e-04  +7.314833e-05  -7.847283e-05  +2.987783e-04  -1.377573e-05  +6.215435e-05  +9.326567e-04  -1.693466e-07  +8.896140e-07  -6.841226e-03  -2.627786e-07  +1.393215e-06  -4.177756e-02  
-4.701039e-07  +9.295044e-07  +6.616706e-05  +3.719569e-04  +2.758140e-04  +1.883600e-05  +1.565758e-06  +2.462511e-04  -1.184533e-06  +1.000020e-05  -4.108954e-06  +2.685500e-06  -3.549243e-07  -1.046324e-02  -5.811346e-07  +1.532675e-07  +9.302265e-03  
-3.473772e-06  -3.597211e-07  +3.371747e-04  +2.758140e-04  +1.804355e-03  +1.544798e-04  -3.039294e-04  +9.601249e-04  -2.909684e-05  +2.929061e-04  +1.672138e-03  +6.169493e-08  +1.502439e-06  -1.003171e-01  +1.354352e-07  +1.054557e-06  -6.968061e-02  
+1.089704e-06  -1.610135e-08  +7.314833e-05  +1.883600e-05  +1.544798e-04  +3.422260e-05  -2.801154e-05  +1.325314e-04  -7.721983e-06  +3.956982e-05  +3.932864e-04  -7.630707e-07  +6.894488e-08  -5.669518e-04  -9.182329e-08  +2.622292e-07  -2.320979e-02  
+1.616349e-06  +2.341641e-06  -7.847283e-05  +1.565758e-06  -3.039294e-04  -2.801154e-05  +9.965586e-05  -1.144705e-04  +3.766413e-06  -7.964400e-05  -3.255173e-04  -1.128245e-06  -6.424913e-07  +2.614473e-02  -5.239763e-07  -1.327235e-07  +1.620057e-02  
+4.964637e-07  +1.021477e-05  +2.987783e-04  +2.462511e-04  +9.601249e-04  +1.325314e-04  -1.144705e-04  +1.367386e-03  -3.556940e-05  +1.427374e-04  +1.967242e-03  -3.900160e-06  +1.226241e-06  -3.355169e-02  -1.776404e-06  +3.913390e-06  -5.818790e-02  
-7.571031e-09  -2.309931e-07  -1.377573e-05  -1.184533e-06  -2.909684e-05  -7.721983e-06  +3.766413e-06  -3.556940e-05  +3.291272e-06  -1.012480e-05  -1.060214e-04  +3.184080e-07  -7.460065e-08  -1.133662e-03  +6.344599e-08  -1.019756e-07  +5.721547e-03  
-1.701247e-06  -1.443555e-06  +6.215435e-05  +1.000020e-05  +2.929061e-04  +3.956982e-05  -7.964400e-05  +1.427374e-04  -1.012480e-05  +1.193068e-04  +3.393047e-04  +5.984702e-07  +5.471561e-07  -1.839825e-02  +2.192956e-07  -1.379920e-07  -2.765389e-02  
+1.809627e-05  +1.109908e-05  +9.326567e-04  -4.108954e-06  +1.672138e-03  +3.932864e-04  -3.255173e-04  +1.967242e-03  -1.060214e-04  +3.393047e-04  +6.292635e-03  -1.566872e-05  +4.164762e-06  +2.196181e-02  -1.991471e-06  +7.370359e-06  -2.773775e-01  
+9.621412e-08  -1.956053e-07  -1.693466e-07  +2.685500e-06  +6.169493e-08  -7.630707e-07  -1.128245e-06  -3.900160e-06  +3.184080e-07  +5.984702e-07  -1.566872e-05  +6.889603e-07  +7.171127e-08  -1.020470e-03  +7.120257e-08  +3.958639e-08  +9.287784e-04  
-1.576906e-08  -5.894304e-09  +8.896140e-07  -3.549243e-07  +1.502439e-06  +6.894488e-08  -6.424913e-07  +1.226241e-06  -7.460065e-08  +5.471561e-07  +4.164762e-06  +7.171127e-08  +5.261968e-07  -2.832184e-04  -1.264560e-08  -8.073968e-10  +3.336143e-05  
+1.482231e-03  +6.137984e-04  -6.841226e-03  -1.046324e-02  -1.003171e-01  -5.669518e-04  +2.614473e-02  -3.355169e-02  -1.133662e-03  -1.839825e-02  +2.196181e-02  -1.020470e-03  -2.832184e-04  +1.641120e+01  -2.824737e-04  +4.109580e-05  -4.445690e+00  
+1.112054e-07  +3.581402e-08  -2.627786e-07  -5.811346e-07  +1.354352e-07  -9.182329e-08  -5.239763e-07  -1.776404e-06  +6.344599e-08  +2.192956e-07  -1.991471e-06  +7.120257e-08  -1.264560e-08  -2.824737e-04  +2.146673e-07  +1.919206e-08  -2.962036e-05  
+3.678819e-08  -4.114092e-08  +1.393215e-06  +1.532675e-07  +1.054557e-06  +2.622292e-07  -1.327235e-07  +3.913390e-06  -1.019756e-07  -1.379920e-07  +7.370359e-06  +3.958639e-08  -8.073968e-10  +4.109580e-05  +1.919206e-08  +2.914676e-07  -1.418885e-04  
-1.246317e-03  +1.043782e-03  -4.177756e-02  +9.302265e-03  -6.968061e-02  -2.320979e-02  +1.620057e-02  -5.818790e-02  +5.721547e-03  -2.765389e-02  -2.773775e-01  +9.287784e-04  +3.336143e-05  -4.445690e+00  -2.962036e-05  -1.418885e-04  +2.579018e+01  
