mean:
+3.942238e+00  +3.935150e+00  +8.157138e-01  +1.224504e+00  +1.434653e+00  +5.020816e-01  +8.075465e-01  +1.393340e+00  +1.709771e-01  +1.852629e+00  +5.995488e+00  +3.545595e+00  +2.644845e+00  +2.021396e+02  +4.278568e+00  +5.295739e+00  +2.782641e+02  +5.397748e+00  +3.768542e+00  +3.234854e+02  +2.639819e+00  +4.559430e+00  +3.903224e+02  
covariance:
+1.136389e-04  +1.270438e-05  -4.666290e-05  -5.966640e-05  +2.165993e-05  +7.161529e-06  +1.830558e-05  +5.375634e-05  +1.073768e-05  +1.321628e-04  -2.350552e-05  -5.406785e-06  -8.337836e-05  -6.264329e-03  -1.153875e-04  +5.209211e-06  +7.413470e-03  -4.065233e-05  -7.469042e-05  +6.822252e-03  +1.456921e-06  +1.733774e-06  +4.046731e-03  
+1.270438e-05  +1.182301e-05  -9.507830e-06  -8.335230e-06  -5.562051e-06  -3.441598e-06  -1.617742e-06  -3.796125e-05  +7.179327e-06  -2.836109e-05  +3.174791e-05  -2.545983e-06  +6.937626e-06  +2.117827e-03  +1.023871e-05  +9.425750e-07  +3.667019e-04  +6.118863e-06  +5.594196e-06  +1.777011e-03  +3.302481e-07  +4.487255e-07  -1.310017e-03  
-4.666290e-05  -9.507830e-06  +4.795491e-05  +7.676923e-05  +2.675549e-06  +7.777609e-06  +1.744300e-05  +1.386916e-04  -1.482851e-05  +3.322962e-05  -1.293104e-04  +1.137834e-05  +2.906287e-06  -6.863807e-03  +1.059033e-05  -3.222593e-07  -5.040016e-03  -6.673188e-06  +6.360165e-06  -2.880879e-03  -1.500154e-06  -1.736292e-07  +5.207928e-03  
-5.966640e-05  -8.335230e-06  +7.676923e-05  +2.200184e-04  -1.072963e-06  +2.680698e-05  +5.715758e-05  +3.135445e-04  -3.303508e-05  +1.648853e-04  -3.945915e-04  +2.290762e-05  -2.402084e-05  -1.724301e-02  -2.529205e-05  +2.615058e-06  -2.099124e-02  -2.936732e-05  -1.885261e-05  +5.352654e-04  -1.037778e-07  +3.929889e-06  +1.786795e-02  
+2.165993e-05  -5.562051e-06  +2.675549e-06  -1.072963e-06  +6.179861e-05  +9.905613e-06  +3.202716e-05  +1.592021e-04  -1.078107e-05  +1.087268e-04  -8.283711e-05  +3.328802e-06  -4.980180e-05  -7.822348e-03  -7.165263e-05  +7.298779e-07  +1.695349e-03  -3.025382e-05  -4.609675e-05  +4.108345e-03  +1.204057e-06  +1.026624e-06  +5.379842e-03  
+7.161529e-06  -3.441598e-06  +7.777609e-06  +2.680698e-05  +9.905613e-06  +1.292266e-05  +2.152835e-05  +1.206233e-04  -1.197214e-05  +1.097940e-04  -1.253098e-04  +5.567712e-06  -3.986165e-05  -7.275895e-03  -5.647132e-05  +8.387475e-07  -3.689113e-03  -2.400160e-05  -3.662088e-05  +1.072020e-03  +8.858853e-07  +3.702852e-07  +4.823314e-03  
+1.830558e-05  -1.617742e-06  +1.744300e-05  +5.715758e-05  +3.202716e-05  +2.152835e-05  +6.537897e-05  +2.458228e-04  -1.798185e-05  +1.562624e-04  -2.302536e-04  +9.530892e-06  -5.898055e-05  -1.268830e-02  -7.858175e-05  +3.323445e-06  -1.030823e-02  -3.418347e-05  -5.489506e-05  +1.027805e-02  +1.563303e-06  +1.522842e-06  +7.403456e-03  
+5.375634e-05  -3.796125e-05  +1.386916e-04  +3.135445e-04  +1.592021e-04  +1.206233e-04  +2.458228e-04  +1.542875e-03  -1.242940e-04  +1.083364e-03  -1.241898e-03  +7.011822e-05  -4.156242e-04  -8.761366e-02  -5.666262e-04  +4.941047e-06  -2.121756e-02  -2.710965e-04  -3.640855e-04  +6.217849e-03  +2.822157e-06  +4.256555e-06  +5.931306e-02  
+1.073768e-05  +7.179327e-06  -1.482851e-05  -3.303508e-05  -1.078107e-05  -1.197214e-05  -1.798185e-05  -1.242940e-04  +1.738565e-05  -1.068086e-04  +1.110031e-04  -6.875538e-06  +3.410729e-05  +7.081364e-03  +5.069762e-05  +5.909757e-07  +2.927044e-03  +2.235523e-05  +3.192906e-05  +1.338665e-03  -7.852479e-07  +3.315430e-07  -4.802613e-03  
+1.321628e-04  -2.836109e-05  +3.322962e-05  +1.648853e-04  +1.087268e-04  +1.097940e-04  +1.562624e-04  +1.083364e-03  -1.068086e-04  +1.121994e-03  -9.755142e-04  +4.619517e-05  -4.359690e-04  -6.999884e-02  -6.284935e-04  +5.403868e-06  -8.661180e-03  -2.629951e-04  -3.969092e-04  -3.536000e-03  +8.382900e-06  +2.110719e-06  +4.956844e-02  
-2.350552e-05  +3.174791e-05  -1.293104e-04  -3.945915e-04  -8.283711e-05  -1.253098e-04  -2.302536e-04  -1.241898e-03  +1.110031e-04  -9.755142e-04  +1.483459e-03  -6.200940e-05  +3.293356e-04  +7.339318e-02  +4.421024e-04  -1.423840e-05  +5.626105e-02  +2.110798e-04  +2.914636e-04  -1.988234e-02  -5.345092e-06  -1.103194e-05  -5.504815e-02  
-5.406785e-06  -2.545983e-06  +1.137834e-05  +2.290762e-05  +3.328802e-06  +5.567712e-06  +9.530892e-06  +7.011822e-05  -6.875538e-06  +4.619517e-05  -6.200940e-05  +5.015118e-06  -1.413486e-05  -3.979736e-03  -1.902506e-05  +1.114293e-07  -1.579918e-03  -1.061952e-05  -1.199579e-05  -1.026957e-03  -1.182722e-08  -1.655427e-07  +3.015146e-03  
-8.337836e-05  +6.937626e-06  +2.906287e-06  -2.402084e-05  -4.980180e-05  -3.986165e-05  -5.898055e-05  -4.156242e-04  +3.410729e-05  -4.359690e-04  +3.293356e-04  -1.413486e-05  +1.892055e-04  +2.830681e-02  +2.677377e-04  -2.340494e-06  -3.634895e-03  +1.106163e-04  +1.694930e-04  -1.148608e-04  -2.738938e-06  -8.153849e-07  -1.796100e-02  
-6.264329e-03  +2.117827e-03  -6.863807e-03  -1.724301e-02  -7.822348e-03  -7.275895e-03  -1.268830e-02  -8.761366e-02  +7.081364e-03  -6.999884e-02  +7.339318e-02  -3.979736e-03  +2.830681e-02  +6.658844e+00  +3.813879e-02  +1.074769e-04  +3.684489e-01  +1.813091e-02  +2.453099e-02  -4.565882e-02  -4.368216e-05  -1.095911e-04  -3.502856e+00  
-1.153875e-04  +1.023871e-05  +1.059033e-05  -2.529205e-05  -7.165263e-05  -5.647132e-05  -7.858175e-05  -5.666262e-04  +5.069762e-05  -6.284935e-04  +4.421024e-04  -1.902506e-05  +2.677377e-04  +3.813879e-02  +3.867557e-04  -2.613464e-06  -5.190237e-03  +1.558483e-04  +2.436741e-04  +1.534964e-03  -4.974700e-06  -5.107827e-07  -2.486849e-02  
+5.209211e-06  +9.425750e-07  -3.222593e-07  +2.615058e-06  +7.298779e-07  +8.387475e-07  +3.323445e-06  +4.941047e-06  +5.909757e-07  +5.403868e-06  -1.423840e-05  +1.114293e-07  -2.340494e-06  +1.074769e-04  -2.613464e-06  +1.578434e-06  -8.477531e-04  -8.104283e-07  -2.001341e-06  +1.069589e-03  +6.987046e-08  +4.132483e-07  +5.503288e-04  
+7.413470e-03  +3.667019e-04  -5.040016e-03  -2.099124e-02  +1.695349e-03  -3.689113e-03  -1.030823e-02  -2.121756e-02  +2.927044e-03  -8.661180e-03  +5.626105e-02  -1.579918e-03  -3.634895e-03  +3.684489e-01  -5.190237e-03  -8.477531e-04  +6.351231e+00  -1.967371e-03  -2.102650e-03  -2.671987e+00  -5.500702e-04  -7.365028e-04  -6.882227e-01  
-4.065233e-05  +6.118863e-06  -6.673188e-06  -2.936732e-05  -3.025382e-05  -2.400160e-05  -3.418347e-05  -2.710965e-04  +2.235523e-05  -2.629951e-04  +2.110798e-04  -1.061952e-05  +1.106163e-04  +1.813091e-02  +1.558483e-04  -8.104283e-07  -1.967371e-03  +6.872375e-05  +9.761809e-05  +1.817087e-03  -1.028188e-06  -8.452066e-07  -1.263749e-02  
-7.469042e-05  +5.594196e-06  +6.360165e-06  -1.885261e-05  -4.609675e-05  -3.662088e-05  -5.489506e-05  -3.640855e-04  +3.192906e-05  -3.969092e-04  +2.914636e-04  -1.199579e-05  +1.694930e-04  +2.453099e-02  +2.436741e-04  -2.001341e-06  -2.102650e-03  +9.761809e-05  +1.550808e-04  -8.752643e-04  -3.336708e-06  -3.218911e-07  -1.536887e-02  
+6.822252e-03  +1.777011e-03  -2.880879e-03  +5.352654e-04  +4.108345e-03  +1.072020e-03  +1.027805e-02  +6.217849e-03  +1.338665e-03  -3.536000e-03  -1.988234e-02  -1.026957e-03  -1.148608e-04  -4.565882e-02  +1.534964e-03  +1.069589e-03  -2.671987e+00  +1.817087e-03  -8.752643e-04  +4.839794e+00  +4.216014e-04  +8.259802e-04  -5.367954e-01  
+1.456921e-06  +3.302481e-07  -1.500154e-06  -1.037778e-07  +1.204057e-06  +8.858853e-07  +1.563303e-06  +2.822157e-06  -7.852479e-07  +8.382900e-06  -5.345092e-06  -1.182722e-08  -2.738938e-06  -4.368216e-05  -4.974700e-06  +6.987046e-08  -5.500702e-04  -1.028188e-06  -3.336708e-06  +4.216014e-04  +7.054730e-07  +3.668930e-08  +3.663062e-05  
+1.733774e-06  +4.487255e-07  -1.736292e-07  +3.929889e-06  +1.026624e-06  +3.702852e-07  +1.522842e-06  +4.256555e-06  +3.315430e-07  +2.110719e-06  -1.103194e-05  -1.655427e-07  -8.153849e-07  -1.095911e-04  -5.107827e-07  +4.132483e-07  -7.365028e-04  -8.452066e-07  -3.218911e-07  +8.259802e-04  +3.668930e-08  +9.527723e-07  +8.129576e-04  
+4.046731e-03  -1.310017e-03  +5.207928e-03  +1.786795e-02  +5.379842e-03  +4.823314e-03  +7.403456e-03  +5.931306e-02  -4.802613e-03  +4.956844e-02  -5.504815e-02  +3.015146e-03  -1.796100e-02  -3.502856e+00  -2.486849e-02  +5.503288e-04  -6.882227e-01  -1.263749e-02  -1.536887e-02  -5.367954e-01  +3.663062e-05  +8.129576e-04  +4.206843e+00  
