mean:
+3.982602e+00  +3.976030e+00  +6.045763e-01  +2.016210e+00  +1.271964e+00  +5.049289e-01  +8.459239e-01  +2.228538e+00  +4.239455e-02  +3.917244e+00  +5.743343e+00  +4.572549e+00  +3.238675e+00  +3.279737e+02  +2.591000e+00  +3.726109e+00  +4.593064e+02  +4.639566e+00  +4.960055e+00  +8.038009e+02  +3.990675e+00  +5.153908e+00  +4.359230e+02  
covariance:
+5.620714e-06  -2.252841e-06  +6.587361e-07  +5.586296e-06  +6.104784e-07  +1.938719e-06  +1.278697e-05  +4.816944e-06  -4.913556e-07  +2.096547e-05  -9.493209e-05  +6.727889e-07  -7.493834e-07  +1.360247e-03  -6.416398e-07  +3.482600e-07  +2.874449e-03  -3.806965e-07  -2.510669e-07  +4.131941e-03  +1.527614e-07  +6.955017e-07  +4.072548e-03  
-2.252841e-06  +4.120659e-06  -1.077213e-06  +1.221643e-06  -1.766174e-07  +2.757093e-07  +1.376989e-06  +1.867064e-06  -5.314100e-08  +2.309614e-06  -1.300751e-05  -2.350460e-07  -2.416693e-07  +2.584893e-04  +1.789245e-07  +1.402718e-07  +1.779622e-04  +1.947045e-08  -5.548131e-08  +9.347339e-04  -8.262150e-08  +5.209415e-08  +3.210921e-04  
+6.587361e-07  -1.077213e-06  +1.636575e-05  +4.690126e-08  -5.856144e-06  -8.681100e-07  -1.728473e-05  -3.181785e-05  +7.372841e-07  -2.464282e-05  +8.450983e-05  -4.582946e-07  +4.604443e-07  -2.860797e-03  +1.107595e-07  -1.326661e-06  -5.689282e-03  -6.484682e-07  -4.341663e-07  -2.121885e-03  +4.700949e-07  -1.076982e-06  -4.919498e-03  
+5.586296e-06  +1.221643e-06  +4.690126e-08  +7.517371e-05  -1.956942e-06  +1.357792e-05  +6.249058e-05  -4.582404e-06  -2.233400e-06  +9.267746e-05  -5.129284e-04  -3.410722e-07  -3.496092e-06  +7.579412e-03  -3.782874e-06  +2.353509e-06  +1.468016e-02  -8.705015e-07  -1.151749e-06  +3.069654e-02  +3.995706e-07  +2.764765e-06  +2.207645e-02  
+6.104784e-07  -1.766174e-07  -5.856144e-06  -1.956942e-06  +1.361165e-05  +4.814121e-07  +7.248459e-06  +9.820615e-06  -2.920156e-07  +1.111836e-05  -3.105722e-05  -1.517114e-07  -2.382428e-07  +9.667568e-04  +4.348320e-07  +5.132434e-07  +7.539093e-04  +2.122926e-07  +8.764104e-08  +7.493172e-04  -4.199976e-07  -3.397171e-07  +2.340170e-03  
+1.938719e-06  +2.757093e-07  -8.681100e-07  +1.357792e-05  +4.814121e-07  +4.295480e-06  +1.825980e-05  +7.720946e-07  -6.609249e-07  +3.089344e-05  -1.556235e-04  +1.076968e-07  -1.182891e-06  +2.301599e-03  -8.932472e-07  +4.655188e-07  +4.200806e-03  -4.861790e-07  -3.881369e-07  +8.639749e-03  +1.091442e-07  +8.904191e-07  +6.320363e-03  
+1.278697e-05  +1.376989e-06  -1.728473e-05  +6.249058e-05  +7.248459e-06  +1.825980e-05  +1.481642e-04  +6.644553e-05  -5.689395e-06  +2.154828e-04  -9.888977e-04  +3.538762e-06  -7.920058e-06  +1.674533e-02  -5.878247e-06  +5.016773e-06  +3.372848e-02  -1.642119e-06  -1.100864e-06  +4.779703e-02  +4.184340e-07  +8.215247e-06  +4.221674e-02  
+4.816944e-06  +1.867064e-06  -3.181785e-05  -4.582404e-06  +9.820615e-06  +7.720946e-07  +6.644553e-05  +1.890178e-04  -2.775901e-06  +9.546611e-05  -3.545437e-04  +6.077317e-06  -4.934943e-06  +7.119009e-03  -7.617866e-08  +4.359379e-06  +2.465472e-02  +2.562664e-07  +8.167864e-07  +7.008444e-03  +4.579402e-07  +5.678338e-06  +1.671925e-02  
-4.913556e-07  -5.314100e-08  +7.372841e-07  -2.233400e-06  -2.920156e-07  -6.609249e-07  -5.689395e-06  -2.775901e-06  +2.634152e-07  -8.546830e-06  +3.679581e-05  -1.624417e-07  +2.870322e-07  -6.593364e-04  +1.834757e-07  -1.831885e-07  -1.253769e-03  +4.649419e-08  +5.002778e-08  -1.720969e-03  -9.722938e-09  -3.032753e-07  -1.585105e-03  
+2.096547e-05  +2.309614e-06  -2.464282e-05  +9.267746e-05  +1.111836e-05  +3.089344e-05  +2.154828e-04  +9.546611e-05  -8.546830e-06  +3.487909e-04  -1.542276e-03  +6.221652e-06  -1.245402e-05  +2.535418e-02  -7.203788e-06  +6.611639e-06  +4.836428e-02  -3.224686e-06  -3.118766e-06  +7.390565e-02  +7.733463e-07  +1.094660e-05  +6.412018e-02  
-9.493209e-05  -1.300751e-05  +8.450983e-05  -5.129284e-04  -3.105722e-05  -1.556235e-04  -9.888977e-04  -3.545437e-04  +3.679581e-05  -1.542276e-03  +7.419993e-03  -2.125295e-05  +6.048723e-05  -1.133197e-01  +4.163025e-05  -3.230768e-05  -2.308138e-01  +1.795626e-05  +1.328465e-05  -3.749501e-01  -5.307311e-06  -5.194498e-05  -3.027394e-01  
+6.727889e-07  -2.350460e-07  -4.582946e-07  -3.410722e-07  -1.517114e-07  +1.076968e-07  +3.538762e-06  +6.077317e-06  -1.624417e-07  +6.221652e-06  -2.125295e-05  +6.278711e-07  -2.265512e-07  +3.717807e-04  -1.615415e-07  +1.658145e-07  +1.194521e-03  -1.461412e-07  +4.643591e-09  +5.530943e-04  +4.109618e-08  +3.783704e-07  +9.616503e-04  
-7.493834e-07  -2.416693e-07  +4.604443e-07  -3.496092e-06  -2.382428e-07  -1.182891e-06  -7.920058e-06  -4.934943e-06  +2.870322e-07  -1.245402e-05  +6.048723e-05  -2.265512e-07  +7.621782e-07  -8.654566e-04  +3.241554e-07  -2.213726e-07  -1.912134e-03  +1.555862e-07  +9.703650e-08  -3.061946e-03  -1.285398e-07  -3.719429e-07  -2.290927e-03  
+1.360247e-03  +2.584893e-04  -2.860797e-03  +7.579412e-03  +9.667568e-04  +2.301599e-03  +1.674533e-02  +7.119009e-03  -6.593364e-04  +2.535418e-02  -1.133197e-01  +3.717807e-04  -8.654566e-04  +2.381814e+00  -7.417661e-04  +5.006345e-04  +4.109812e+00  -1.349062e-04  -9.703807e-05  +5.608522e+00  +7.601465e-05  +1.024859e-03  +4.930697e+00  
-6.416398e-07  +1.789245e-07  +1.107595e-07  -3.782874e-06  +4.348320e-07  -8.932472e-07  -5.878247e-06  -7.617866e-08  +1.834757e-07  -7.203788e-06  +4.163025e-05  -1.615415e-07  +3.241554e-07  -7.417661e-04  +7.860987e-07  -1.933527e-07  -1.818925e-03  +1.407513e-07  -4.174135e-08  -2.519965e-03  -7.558818e-08  -5.459718e-07  -1.852975e-03  
+3.482600e-07  +1.402718e-07  -1.326661e-06  +2.353509e-06  +5.132434e-07  +4.655188e-07  +5.016773e-06  +4.359379e-06  -1.831885e-07  +6.611639e-06  -3.230768e-05  +1.658145e-07  -2.213726e-07  +5.006345e-04  -1.933527e-07  +4.178685e-07  +1.336781e-03  -8.108447e-09  +7.656492e-09  +1.405336e-03  -4.530658e-08  +2.871265e-07  +1.562483e-03  
+2.874449e-03  +1.779622e-04  -5.689282e-03  +1.468016e-02  +7.539093e-04  +4.200806e-03  +3.372848e-02  +2.465472e-02  -1.253769e-03  +4.836428e-02  -2.308138e-01  +1.194521e-03  -1.912134e-03  +4.109812e+00  -1.818925e-03  +1.336781e-03  +1.005857e+01  -4.683775e-04  -5.566712e-05  +1.094635e+01  +2.534669e-04  +2.542569e-03  +1.002347e+01  
-3.806965e-07  +1.947045e-08  -6.484682e-07  -8.705015e-07  +2.122926e-07  -4.861790e-07  -1.642119e-06  +2.562664e-07  +4.649419e-08  -3.224686e-06  +1.795626e-05  -1.461412e-07  +1.555862e-07  -1.349062e-04  +1.407513e-07  -8.108447e-09  -4.683775e-04  +3.273572e-07  +6.038760e-08  -9.169886e-04  -1.482373e-08  -1.000513e-07  -6.968209e-04  
-2.510669e-07  -5.548131e-08  -4.341663e-07  -1.151749e-06  +8.764104e-08  -3.881369e-07  -1.100864e-06  +8.167864e-07  +5.002778e-08  -3.118766e-06  +1.328465e-05  +4.643591e-09  +9.703650e-08  -9.703807e-05  -4.174135e-08  +7.656492e-09  -5.566712e-05  +6.038760e-08  +2.276692e-07  -7.059407e-04  -9.602504e-09  +9.679289e-08  -4.838764e-04  
+4.131941e-03  +9.347339e-04  -2.121885e-03  +3.069654e-02  +7.493172e-04  +8.639749e-03  +4.779703e-02  +7.008444e-03  -1.720969e-03  +7.390565e-02  -3.749501e-01  +5.530943e-04  -3.061946e-03  +5.608522e+00  -2.519965e-03  +1.405336e-03  +1.094635e+01  -9.169886e-04  -7.059407e-04  +2.087595e+01  +3.413760e-04  +2.477095e-03  +1.521409e+01  
+1.527614e-07  -8.262150e-08  +4.700949e-07  +3.995706e-07  -4.199976e-07  +1.091442e-07  +4.184340e-07  +4.579402e-07  -9.722938e-09  +7.733463e-07  -5.307311e-06  +4.109618e-08  -1.285398e-07  +7.601465e-05  -7.558818e-08  -4.530658e-08  +2.534669e-04  -1.482373e-08  -9.602504e-09  +3.413760e-04  +1.957216e-07  +8.500969e-08  +7.910710e-05  
+6.955017e-07  +5.209415e-08  -1.076982e-06  +2.764765e-06  -3.397171e-07  +8.904191e-07  +8.215247e-06  +5.678338e-06  -3.032753e-07  +1.094660e-05  -5.194498e-05  +3.783704e-07  -3.719429e-07  +1.024859e-03  -5.459718e-07  +2.871265e-07  +2.542569e-03  -1.000513e-07  +9.679289e-08  +2.477095e-03  +8.500969e-08  +1.025521e-06  +2.229619e-03  
+4.072548e-03  +3.210921e-04  -4.919498e-03  +2.207645e-02  +2.340170e-03  +6.320363e-03  +4.221674e-02  +1.671925e-02  -1.585105e-03  +6.412018e-02  -3.027394e-01  +9.616503e-04  -2.290927e-03  +4.930697e+00  -1.852975e-03  +1.562483e-03  +1.002347e+01  -6.968209e-04  -4.838764e-04  +1.521409e+01  +7.910710e-05  +2.229619e-03  +1.326795e+01  
