mean:
+3.969053e+00  +3.992586e+00  +8.481039e-01  +1.324763e+00  +1.218222e+00  +4.075250e-01  +8.108924e-01  +1.355823e+00  +1.692871e-01  +1.891336e+00  +5.911708e+00  +3.611144e+00  +2.919968e+00  +2.064293e+02  +4.261064e+00  +5.129301e+00  +2.853137e+02  +5.236124e+00  +3.830534e+00  +3.296031e+02  +2.800078e+00  +4.480091e+00  +3.960004e+02  
covariance:
+1.514108e-06  +3.398863e-07  +4.038542e-06  +8.077718e-06  +1.208771e-06  +2.076989e-06  -7.258188e-07  -2.801919e-06  -2.965035e-06  +1.948292e-05  -1.809007e-05  +5.480767e-08  +5.918153e-07  -2.313537e-05  -1.188306e-06  +9.794892e-08  +2.901004e-03  +4.354352e-07  +1.077175e-07  +2.195009e-03  +1.265496e-08  +1.537665e-07  +1.152320e-03  
+3.398863e-07  +2.941954e-06  +2.221145e-06  +4.574032e-06  +9.925659e-07  +1.527502e-06  -3.236342e-07  -6.623307e-06  -2.203187e-06  +1.449321e-05  -1.373629e-05  -4.425895e-09  +5.673968e-07  +1.052678e-04  -1.217562e-06  +6.615542e-08  +1.693634e-03  +4.182027e-07  +9.795357e-08  +1.582326e-03  +5.646938e-08  +9.257020e-08  +6.542869e-04  
+4.038542e-06  +2.221145e-06  +1.375169e-04  +1.746176e-04  +4.267290e-05  +3.905206e-05  -2.263073e-05  -3.470592e-05  -3.292859e-05  +2.368203e-04  -1.291130e-04  +5.420389e-06  +6.264882e-06  +2.267980e-03  -8.320396e-06  +3.733792e-06  +5.458622e-02  +3.763451e-06  -1.726692e-06  +4.686776e-02  +4.708443e-07  -8.176389e-07  +3.090138e-02  
+8.077718e-06  +4.574032e-06  +1.746176e-04  +4.771513e-04  +7.054626e-05  +7.371755e-05  -7.266596e-06  -4.647802e-05  -5.741376e-05  +3.747646e-04  -2.677072e-04  +7.226528e-06  +1.156234e-05  +2.865118e-03  -2.362889e-05  +3.264823e-06  +9.265731e-02  +6.308599e-06  +2.035426e-06  +7.366280e-02  +2.815585e-06  -2.307965e-07  +4.366324e-02  
+1.208771e-06  +9.925659e-07  +4.267290e-05  +7.054626e-05  +3.008871e-05  +1.346764e-05  -3.792322e-06  -1.298014e-05  -1.016837e-05  +6.962220e-05  -3.215316e-05  +1.517084e-06  +2.196821e-06  +1.292176e-03  -1.770732e-06  +7.086781e-07  +1.729968e-02  +1.055026e-06  -2.237283e-07  +1.467543e-02  +1.030230e-06  -4.626039e-07  +9.209455e-03  
+2.076989e-06  +1.527502e-06  +3.905206e-05  +7.371755e-05  +1.346764e-05  +1.700910e-05  -4.048197e-06  -2.100448e-05  -1.472246e-05  +9.981206e-05  -7.116136e-05  +1.662105e-06  +2.829202e-06  +9.940586e-04  -4.922339e-06  +9.537624e-07  +1.885892e-02  +1.862187e-06  +9.554494e-09  +1.548660e-02  +3.163117e-07  +1.657495e-07  +8.820187e-03  
-7.258188e-07  -3.236342e-07  -2.263073e-05  -7.266596e-06  -3.792322e-06  -4.048197e-06  +1.672883e-05  +3.940254e-06  +6.788478e-06  -6.271101e-05  +3.643325e-05  -9.221963e-07  -7.252131e-07  +8.992704e-04  +1.703492e-06  -2.909858e-07  -1.190240e-02  -1.380607e-06  +2.320279e-07  -8.229172e-03  +5.816650e-07  -4.633808e-08  -7.624310e-03  
-2.801919e-06  -6.623307e-06  -3.470592e-05  -4.647802e-05  -1.298014e-05  -2.100448e-05  +3.940254e-06  +2.484579e-04  +2.225526e-05  -1.426111e-04  +7.557798e-05  -2.857948e-06  -7.132383e-06  -4.691747e-04  +1.242750e-05  +4.794931e-07  -1.294585e-02  -3.061638e-06  -2.093506e-06  -1.789801e-02  -1.398799e-06  -2.625683e-06  -5.677225e-03  
-2.965035e-06  -2.203187e-06  -3.292859e-05  -5.741376e-05  -1.016837e-05  -1.472246e-05  +6.788478e-06  +2.225526e-05  +1.932389e-05  -1.314910e-04  +1.059297e-04  -8.032522e-07  -3.800744e-06  -3.698847e-05  +6.785494e-06  -8.617376e-07  -2.024658e-02  -2.465057e-06  -4.050877e-07  -1.570962e-02  +6.496167e-09  -5.929580e-07  -8.658528e-03  
+1.948292e-05  +1.449321e-05  +2.368203e-04  +3.747646e-04  +6.962220e-05  +9.981206e-05  -6.271101e-05  -1.426111e-04  -1.314910e-04  +9.299136e-04  -7.450710e-04  +5.559291e-06  +2.553677e-05  -1.068053e-03  -4.568710e-05  +5.791035e-06  +1.446819e-01  +1.791643e-05  +2.524267e-06  +1.104914e-01  -7.763438e-07  +3.947548e-06  +6.416560e-02  
-1.809007e-05  -1.373629e-05  -1.291130e-04  -2.677072e-04  -3.215316e-05  -7.116136e-05  +3.643325e-05  +7.557798e-05  +1.059297e-04  -7.450710e-04  +8.441480e-04  +3.395109e-06  -2.439222e-05  +6.702728e-03  +5.115457e-05  -2.046662e-06  -1.156801e-01  -1.889464e-05  -6.039007e-06  -8.260962e-02  +1.294195e-06  -5.236636e-06  -4.228592e-02  
+5.480767e-08  -4.425895e-09  +5.420389e-06  +7.226528e-06  +1.517084e-06  +1.662105e-06  -9.221963e-07  -2.857948e-06  -8.032522e-07  +5.559291e-06  +3.395109e-06  +9.722399e-07  +6.201776e-08  +5.544002e-04  -8.802269e-08  +2.769940e-07  +1.536481e-03  -1.531969e-07  -1.349811e-07  +1.737994e-03  -7.641443e-10  -1.155347e-10  +1.364335e-03  
+5.918153e-07  +5.673968e-07  +6.264882e-06  +1.156234e-05  +2.196821e-06  +2.829202e-06  -7.252131e-07  -7.132383e-06  -3.800744e-06  +2.553677e-05  -2.439222e-05  +6.201776e-08  +1.586643e-06  -3.065530e-05  -2.284167e-06  +2.432745e-07  +4.146808e-03  +6.052431e-07  +2.112437e-07  +3.544511e-03  +1.689611e-08  +2.469704e-07  +1.622969e-03  
-2.313537e-05  +1.052678e-04  +2.267980e-03  +2.865118e-03  +1.292176e-03  +9.940586e-04  +8.992704e-04  -4.691747e-04  -3.698847e-05  -1.068053e-03  +6.702728e-03  +5.544002e-04  -3.065530e-05  +1.562681e+00  +2.214227e-04  +3.627548e-04  +9.968772e-02  -1.674738e-04  -8.760098e-05  +2.829964e-01  +1.372505e-04  +7.736326e-05  +2.130910e-01  
-1.188306e-06  -1.217562e-06  -8.320396e-06  -2.362889e-05  -1.770732e-06  -4.922339e-06  +1.703492e-06  +1.242750e-05  +6.785494e-06  -4.568710e-05  +5.115457e-05  -8.802269e-08  -2.284167e-06  +2.214227e-04  +5.745472e-06  -3.372818e-07  -8.184364e-03  -1.412944e-06  -6.259250e-07  -6.116968e-03  +1.602206e-07  -6.978748e-07  -3.095490e-03  
+9.794892e-08  +6.615542e-08  +3.733792e-06  +3.264823e-06  +7.086781e-07  +9.537624e-07  -2.909858e-07  +4.794931e-07  -8.617376e-07  +5.791035e-06  -2.046662e-06  +2.769940e-07  +2.432745e-07  +3.627548e-04  -3.372818e-07  +6.566958e-07  +1.429145e-03  +1.068586e-07  -1.109328e-07  +1.328146e-03  -1.211702e-07  -1.087180e-08  +1.024658e-03  
+2.901004e-03  +1.693634e-03  +5.458622e-02  +9.265731e-02  +1.729968e-02  +1.885892e-02  -1.190240e-02  -1.294585e-02  -2.024658e-02  +1.446819e-01  -1.156801e-01  +1.536481e-03  +4.146808e-03  +9.968772e-02  -8.184364e-03  +1.429145e-03  +3.141342e+01  +3.062203e-03  +4.282864e-04  +2.307635e+01  -5.685904e-05  +1.670541e-04  +1.500210e+01  
+4.354352e-07  +4.182027e-07  +3.763451e-06  +6.308599e-06  +1.055026e-06  +1.862187e-06  -1.380607e-06  -3.061638e-06  -2.465057e-06  +1.791643e-05  -1.889464e-05  -1.531969e-07  +6.052431e-07  -1.674738e-04  -1.412944e-06  +1.068586e-07  +3.062203e-03  +1.210510e-06  +1.498696e-07  +2.128260e-03  -4.934465e-09  +2.552994e-07  +1.355527e-03  
+1.077175e-07  +9.795357e-08  -1.726692e-06  +2.035426e-06  -2.237283e-07  +9.554494e-09  +2.320279e-07  -2.093506e-06  -4.050877e-07  +2.524267e-06  -6.039007e-06  -1.349811e-07  +2.112437e-07  -8.760098e-05  -6.259250e-07  -1.109328e-07  +4.282864e-04  +1.498696e-07  +5.142167e-07  +4.224789e-05  +1.122972e-08  +9.443657e-08  -1.957145e-04  
+2.195009e-03  +1.582326e-03  +4.686776e-02  +7.366280e-02  +1.467543e-02  +1.548660e-02  -8.229172e-03  -1.789801e-02  -1.570962e-02  +1.104914e-01  -8.260962e-02  +1.737994e-03  +3.544511e-03  +2.829964e-01  -6.116968e-03  +1.328146e-03  +2.307635e+01  +2.128260e-03  +4.224789e-05  +2.009801e+01  +1.551905e-04  +1.665339e-04  +1.235681e+01  
+1.265496e-08  +5.646938e-08  +4.708443e-07  +2.815585e-06  +1.030230e-06  +3.163117e-07  +5.816650e-07  -1.398799e-06  +6.496167e-09  -7.763438e-07  +1.294195e-06  -7.641443e-10  +1.689611e-08  +1.372505e-04  +1.602206e-07  -1.211702e-07  -5.685904e-05  -4.934465e-09  +1.122972e-08  +1.551905e-04  +4.516825e-07  +4.420285e-09  +1.029928e-05  
+1.537665e-07  +9.257020e-08  -8.176389e-07  -2.307965e-07  -4.626039e-07  +1.657495e-07  -4.633808e-08  -2.625683e-06  -5.929580e-07  +3.947548e-06  -5.236636e-06  -1.155347e-10  +2.469704e-07  +7.736326e-05  -6.978748e-07  -1.087180e-08  +1.670541e-04  +2.552994e-07  +9.443657e-08  +1.665339e-04  +4.420285e-09  +5.533733e-07  +1.108521e-04  
+1.152320e-03  +6.542869e-04  +3.090138e-02  +4.366324e-02  +9.209455e-03  +8.820187e-03  -7.624310e-03  -5.677225e-03  -8.658528e-03  +6.416560e-02  -4.228592e-02  +1.364335e-03  +1.622969e-03  +2.130910e-01  -3.095490e-03  +1.024658e-03  +1.500210e+01  +1.355527e-03  -1.957145e-04  +1.235681e+01  +1.029928e-05  +1.108521e-04  +9.632973e+00  
