mean:
+3.966673e+00  +4.003063e+00  +6.202092e-01  +2.014937e+00  +1.309664e+00  +6.031577e-01  +8.340457e-01  +2.227099e+00  +3.897690e-02  +3.912002e+00  +5.856645e+00  +4.623785e+00  +3.191116e+00  +3.273820e+02  +2.670723e+00  +3.677967e+00  +4.569275e+02  +4.719995e+00  +4.880066e+00  +8.020613e+02  +3.938405e+00  +5.173632e+00  +4.336959e+02  
covariance:
+2.446028e-06  -1.022999e-06  +8.024689e-07  +1.060570e-05  -5.487295e-07  +6.159850e-08  +1.522038e-06  -3.551692e-07  -1.197120e-07  +9.477693e-06  -3.078303e-05  -1.705445e-08  +5.424499e-08  +3.928210e-04  +9.905583e-08  +5.854879e-08  +6.269854e-04  -5.924164e-08  -1.751771e-07  +7.212856e-04  +7.455235e-08  +2.960937e-07  -4.484475e-04  
-1.022999e-06  +8.817488e-06  +2.617745e-07  -2.622424e-06  +3.552666e-06  +5.368212e-07  -9.988025e-07  +2.660598e-06  +5.073590e-08  -2.739242e-07  +1.382458e-05  -6.368119e-08  -5.233098e-07  -3.078553e-04  -2.615714e-07  -3.198749e-07  -4.333856e-04  -1.336393e-07  -3.461286e-08  -1.346465e-03  +3.897974e-07  -2.723806e-07  +1.033192e-03  
+8.024689e-07  +2.617745e-07  +2.254206e-05  +2.542112e-06  +2.910380e-06  +3.008229e-06  +1.688682e-05  +2.883549e-05  -1.003167e-06  +3.826964e-05  -5.592208e-05  +1.002637e-06  -2.385058e-06  -4.274623e-04  -3.840580e-07  +8.840364e-07  +7.038229e-03  -9.632361e-07  -5.483184e-07  +1.169769e-03  +3.036312e-07  +4.414541e-07  +4.360457e-03  
+1.060570e-05  -2.622424e-06  +2.542112e-06  +3.056611e-04  -8.343866e-06  +1.713488e-06  +1.818925e-05  -6.159850e-05  -1.306256e-06  +1.920269e-04  -6.471373e-04  -1.392376e-06  +4.165653e-06  +8.021739e-03  +2.046563e-06  -2.088050e-06  +2.282164e-03  -8.851981e-07  -5.387593e-06  +1.258587e-02  +4.499799e-06  +6.492310e-06  -7.298529e-03  
-5.487295e-07  +3.552666e-06  +2.910380e-06  -8.343866e-06  +3.355830e-05  +1.965088e-06  +1.533912e-05  +3.814250e-05  -5.498991e-07  +3.481639e-05  -1.210346e-04  +2.938076e-07  +8.149594e-07  +2.576292e-03  -2.407452e-07  +1.645778e-06  +5.296161e-03  -5.885670e-07  -9.363645e-07  +6.611486e-03  -6.754042e-07  +1.287918e-06  +1.686850e-04  
+6.159850e-08  +5.368212e-07  +3.008229e-06  +1.713488e-06  +1.965088e-06  +1.290131e-06  +5.087977e-06  +1.242708e-05  -2.560601e-07  +1.384382e-05  -3.639331e-05  +4.192199e-07  -4.064673e-07  +3.669316e-04  -1.621836e-07  +2.931009e-07  +1.739528e-03  -1.064132e-07  -8.321150e-08  +7.016562e-04  +1.387302e-07  +2.075918e-07  +6.781680e-04  
+1.522038e-06  -9.988025e-07  +1.688682e-05  +1.818925e-05  +1.533912e-05  +5.087977e-06  +3.959644e-05  +7.350235e-05  -1.893097e-06  +9.506900e-05  -2.763040e-04  +1.765688e-06  -1.328742e-06  +4.442146e-03  -4.339603e-07  +2.311287e-06  +1.208132e-02  -6.961356e-07  -1.273973e-06  +9.521987e-03  -2.587924e-07  +2.466862e-06  +2.448438e-03  
-3.551692e-07  +2.660598e-06  +2.883549e-05  -6.159850e-05  +3.814250e-05  +1.242708e-05  +7.350235e-05  +2.304588e-04  -3.437387e-06  +1.459843e-04  -3.970379e-04  +5.274747e-06  -3.809218e-06  +8.023671e-03  -1.788998e-06  +6.682346e-06  +2.615729e-02  -7.238310e-07  +1.364362e-07  +1.294761e-02  -1.894348e-06  +2.059134e-06  +6.823732e-03  
-1.197120e-07  +5.073590e-08  -1.003167e-06  -1.306256e-06  -5.498991e-07  -2.560601e-07  -1.893097e-06  -3.437387e-06  +1.219666e-07  -4.944576e-06  +1.325070e-05  -8.940254e-08  +9.393190e-08  -1.921725e-04  +2.293366e-08  -1.052567e-07  -5.883983e-04  +4.095623e-08  +6.549412e-08  -4.024291e-04  -1.423830e-09  -1.191566e-07  -1.578241e-04  
+9.477693e-06  -2.739242e-07  +3.826964e-05  +1.920269e-04  +3.481639e-05  +1.384382e-05  +9.506900e-05  +1.459843e-04  -4.944576e-06  +3.315799e-04  -1.006517e-03  +3.802040e-06  -8.949107e-07  +1.421860e-02  +3.194289e-08  +4.318928e-06  +2.863659e-02  -2.515710e-06  -5.744162e-06  +2.764263e-02  +1.717935e-06  +9.673257e-06  +2.758638e-04  
-3.078303e-05  +1.382458e-05  -5.592208e-05  -6.471373e-04  -1.210346e-04  -3.639331e-05  -2.763040e-04  -3.970379e-04  +1.325070e-05  -1.006517e-03  +3.418292e-03  -9.526694e-06  -7.043066e-06  -5.323822e-02  -3.101640e-06  -1.231315e-05  -7.954740e-02  +5.917861e-06  +1.947305e-05  -1.022646e-01  -3.465286e-06  -3.432197e-05  +2.201313e-02  
-1.705445e-08  -6.368119e-08  +1.002637e-06  -1.392376e-06  +2.938076e-07  +4.192199e-07  +1.765688e-06  +5.274747e-06  -8.940254e-08  +3.802040e-06  -9.526694e-06  +3.211624e-07  -1.779811e-07  +6.108203e-05  -2.225062e-09  +1.733771e-07  +6.634476e-04  -2.826805e-08  +2.133475e-08  +2.728117e-04  +1.724793e-08  +8.210003e-08  +4.005871e-04  
+5.424499e-08  -5.233098e-07  -2.385058e-06  +4.165653e-06  +8.149594e-07  -4.064673e-07  -1.328742e-06  -3.809218e-06  +9.393190e-08  -8.949107e-07  -7.043066e-06  -1.779811e-07  +8.125694e-07  +2.982622e-04  +3.663907e-08  -2.391531e-08  -5.548653e-04  +4.084343e-08  -9.096044e-09  +5.917155e-04  -9.668703e-08  +1.824291e-07  -7.810623e-04  
+3.928210e-04  -3.078553e-04  -4.274623e-04  +8.021739e-03  +2.576292e-03  +3.669316e-04  +4.442146e-03  +8.023671e-03  -1.921725e-04  +1.421860e-02  -5.323822e-02  +6.108203e-05  +2.982622e-04  +1.295423e+00  +5.296791e-05  +2.699371e-04  +1.262526e+00  -7.136278e-05  -2.078761e-04  +1.778737e+00  -4.084684e-05  +4.963364e-04  -7.990819e-01  
+9.905583e-08  -2.615714e-07  -3.840580e-07  +2.046563e-06  -2.407452e-07  -1.621836e-07  -4.339603e-07  -1.788998e-06  +2.293366e-08  +3.194289e-08  -3.101640e-06  -2.225062e-09  +3.663907e-08  +5.296791e-05  +2.519357e-07  -1.595241e-08  -8.585466e-05  -3.295080e-08  -8.194010e-08  +2.266236e-04  +9.884792e-09  +1.077868e-07  -2.296839e-04  
+5.854879e-08  -3.198749e-07  +8.840364e-07  -2.088050e-06  +1.645778e-06  +2.931009e-07  +2.311287e-06  +6.682346e-06  -1.052567e-07  +4.318928e-06  -1.231315e-05  +1.733771e-07  -2.391531e-08  +2.699371e-04  -1.595241e-08  +4.419027e-07  +8.305777e-04  -5.281903e-08  -4.064269e-09  +6.365162e-04  -1.208597e-07  +1.211788e-07  +2.791468e-04  
+6.269854e-04  -4.333856e-04  +7.038229e-03  +2.282164e-03  +5.296161e-03  +1.739528e-03  +1.208132e-02  +2.615729e-02  -5.883983e-04  +2.863659e-02  -7.954740e-02  +6.634476e-04  -5.548653e-04  +1.262526e+00  -8.585466e-05  +8.305777e-04  +4.746344e+00  -3.933510e-04  -2.582002e-04  +2.763889e+00  -8.656380e-05  +7.162243e-04  +8.701612e-01  
-5.924164e-08  -1.336393e-07  -9.632361e-07  -8.851981e-07  -5.885670e-07  -1.064132e-07  -6.961356e-07  -7.238310e-07  +4.095623e-08  -2.515710e-06  +5.917861e-06  -2.826805e-08  +4.084343e-08  -7.136278e-05  -3.295080e-08  -5.281903e-08  -3.933510e-04  +2.042939e-07  +5.266743e-08  -2.525852e-04  -4.305410e-08  -1.221562e-07  -1.853408e-05  
-1.751771e-07  -3.461286e-08  -5.483184e-07  -5.387593e-06  -9.363645e-07  -8.321150e-08  -1.273973e-06  +1.364362e-07  +6.549412e-08  -5.744162e-06  +1.947305e-05  +2.133475e-08  -9.096044e-09  -2.078761e-04  -8.194010e-08  -4.064269e-09  -2.582002e-04  +5.266743e-08  +3.814659e-07  -7.133468e-04  -1.503432e-08  -2.877606e-07  +1.296202e-04  
+7.212856e-04  -1.346465e-03  +1.169769e-03  +1.258587e-02  +6.611486e-03  +7.016562e-04  +9.521987e-03  +1.294761e-02  -4.024291e-04  +2.764263e-02  -1.022646e-01  +2.728117e-04  +5.917155e-04  +1.778737e+00  +2.266236e-04  +6.365162e-04  +2.763889e+00  -2.525852e-04  -7.133468e-04  +4.709271e+00  -2.982060e-04  +1.334165e-03  -7.936922e-01  
+7.455235e-08  +3.897974e-07  +3.036312e-07  +4.499799e-06  -6.754042e-07  +1.387302e-07  -2.587924e-07  -1.894348e-06  -1.423830e-09  +1.717935e-06  -3.465286e-06  +1.724793e-08  -9.668703e-08  -4.084684e-05  +9.884792e-09  -1.208597e-07  -8.656380e-05  -4.305410e-08  -1.503432e-08  -2.982060e-04  +3.099953e-07  -1.290647e-08  +1.032844e-04  
+2.960937e-07  -2.723806e-07  +4.414541e-07  +6.492310e-06  +1.287918e-06  +2.075918e-07  +2.466862e-06  +2.059134e-06  -1.191566e-07  +9.673257e-06  -3.432197e-05  +8.210003e-08  +1.824291e-07  +4.963364e-04  +1.077868e-07  +1.211788e-07  +7.162243e-04  -1.221562e-07  -2.877606e-07  +1.334165e-03  -1.290647e-08  +5.793365e-07  -3.598188e-04  
-4.484475e-04  +1.033192e-03  +4.360457e-03  -7.298529e-03  +1.686850e-04  +6.781680e-04  +2.448438e-03  +6.823732e-03  -1.578241e-04  +2.758638e-04  +2.201313e-02  +4.005871e-04  -7.810623e-04  -7.990819e-01  -2.296839e-04  +2.791468e-04  +8.701612e-01  -1.853408e-05  +1.296202e-04  -7.936922e-01  +1.032844e-04  -3.598188e-04  +2.891891e+00  
