mean:
+4.012788e+00  +3.999167e+00  +8.387997e-01  +1.299063e+00  +1.212655e+00  +3.942881e-01  +8.330011e-01  +1.395602e+00  +1.782303e-01  +1.911529e+00  +5.886550e+00  +3.645796e+00  +2.932820e+00  +2.147030e+02  +4.304135e+00  +5.139441e+00  +2.874454e+02  +5.272753e+00  +3.836008e+00  +3.310669e+02  +2.862607e+00  +4.542849e+00  +3.936148e+02  
covariance:
+3.634213e-04  +3.317989e-04  +2.474081e-04  -7.320789e-05  -2.761389e-05  -1.071865e-05  +2.452186e-04  +3.260060e-04  -1.815460e-04  +1.066944e-03  -1.589214e-03  +3.083649e-04  +9.031805e-05  +4.550245e-02  +1.025065e-04  +1.052183e-04  +1.187597e-01  +2.474551e-04  +1.807536e-04  +9.406029e-02  +4.529158e-04  +4.066301e-04  +9.719430e-02  
+3.317989e-04  +3.168269e-04  +2.255928e-04  -7.552248e-05  -2.609505e-05  -9.848692e-06  +2.294992e-04  +2.992713e-04  -1.683095e-04  +9.881294e-04  -1.480747e-03  +2.840812e-04  +8.421749e-05  +4.210573e-02  +9.445865e-05  +9.671827e-05  +1.094068e-01  +2.286329e-04  +1.665092e-04  +8.723393e-02  +4.193219e-04  +3.764587e-04  +9.125363e-02  
+2.474081e-04  +2.255928e-04  +3.067208e-04  -2.877369e-05  +2.760882e-06  -9.937867e-06  +2.317508e-04  +4.077246e-04  -1.646010e-04  +9.672510e-04  -1.951106e-03  +2.756479e-04  +8.155331e-05  +3.785697e-02  +9.567199e-05  +9.515563e-05  +1.231409e-01  +2.015014e-04  +1.796689e-04  +1.183512e-01  +3.595245e-04  +3.403105e-04  +1.087352e-01  
-7.320789e-05  -7.552248e-05  -2.877369e-05  +7.856348e-05  +1.121196e-05  +8.503479e-07  -4.100261e-05  -6.738564e-05  +3.328097e-05  -2.013843e-04  +2.341603e-04  -5.300163e-05  -2.140937e-05  -9.725276e-03  -1.779506e-05  -1.848303e-05  -1.897488e-02  -5.182742e-05  -2.722141e-05  -9.982825e-03  -9.609850e-05  -8.181983e-05  -1.702170e-02  
-2.761389e-05  -2.609505e-05  +2.760882e-06  +1.121196e-05  +1.027418e-05  +2.940871e-07  -1.084699e-05  +6.757093e-06  +9.678006e-06  -5.295696e-05  -1.672273e-05  -1.447749e-05  -5.625461e-06  -3.178250e-03  -4.161999e-06  -4.794161e-06  -2.248607e-03  -1.638450e-05  -4.696468e-06  +1.374535e-03  -3.136976e-05  -2.434985e-05  -5.239097e-04  
-1.071865e-05  -9.848692e-06  -9.937867e-06  +8.503479e-07  +2.940871e-07  +3.145520e-06  -1.377723e-05  -1.507684e-05  +5.099711e-06  -1.848866e-05  -1.066787e-05  -9.310806e-06  -1.291011e-06  -3.275555e-04  -2.866635e-06  -3.436032e-06  -3.909444e-03  -5.839797e-06  -7.048493e-06  -2.884011e-03  -1.016971e-05  -1.099953e-05  -1.205141e-03  
+2.452186e-04  +2.294992e-04  +2.317508e-04  -4.100261e-05  -1.084699e-05  -1.377723e-05  +2.328554e-04  +3.121063e-04  -1.503762e-04  +8.324920e-04  -1.311819e-03  +2.450238e-04  +7.271229e-05  +3.219569e-02  +8.291667e-05  +8.607891e-05  +1.018412e-01  +1.854697e-04  +1.552418e-04  +8.780573e-02  +3.362341e-04  +3.104675e-04  +7.621793e-02  
+3.260060e-04  +2.992713e-04  +4.077246e-04  -6.738564e-05  +6.757093e-06  -1.507684e-05  +3.121063e-04  +9.585829e-04  -2.084711e-04  +1.192092e-03  -2.374955e-03  +3.824554e-04  +1.375822e-04  +5.165357e-02  +1.429645e-04  +1.334142e-04  +1.657093e-01  +2.944722e-04  +2.518345e-04  +1.319312e-01  +5.321676e-04  +5.061013e-04  +1.216634e-01  
-1.815460e-04  -1.683095e-04  -1.646010e-04  +3.328097e-05  +9.678006e-06  +5.099711e-06  -1.503762e-04  -2.084711e-04  +1.131612e-04  -6.459641e-04  +1.077051e-03  -1.795711e-04  -5.543870e-05  -2.668853e-02  -6.090539e-05  -6.246300e-05  -7.359353e-02  -1.404027e-04  -1.096621e-04  -6.418939e-02  -2.551717e-04  -2.309660e-04  -6.091743e-02  
+1.066944e-03  +9.881294e-04  +9.672510e-04  -2.013843e-04  -5.295696e-05  -1.848866e-05  +8.324920e-04  +1.192092e-03  -6.459641e-04  +3.850386e-03  -6.820275e-03  +1.048516e-03  +3.213409e-04  +1.598922e-01  +3.573037e-04  +3.619300e-04  +4.341356e-01  +8.226493e-04  +6.358742e-04  +3.872345e-01  +1.490998e-03  +1.348098e-03  +3.825227e-01  
-1.589214e-03  -1.480747e-03  -1.951106e-03  +2.341603e-04  -1.672273e-05  -1.066787e-05  -1.311819e-03  -2.374955e-03  +1.077051e-03  -6.820275e-03  +1.592826e-02  -1.772326e-03  -5.168868e-04  -2.602550e-01  -6.247282e-04  -5.950710e-04  -8.212538e-01  -1.299757e-03  -1.136860e-03  -8.362878e-01  -2.311483e-03  -2.165251e-03  -8.416490e-01  
+3.083649e-04  +2.840812e-04  +2.756479e-04  -5.300163e-05  -1.447749e-05  -9.310806e-06  +2.450238e-04  +3.824554e-04  -1.795711e-04  +1.048516e-03  -1.772326e-03  +3.007058e-04  +9.187540e-05  +4.394858e-02  +1.027245e-04  +1.037057e-04  +1.224986e-01  +2.345974e-04  +1.838003e-04  +1.050303e-01  +4.258346e-04  +3.882740e-04  +1.009794e-01  
+9.031805e-05  +8.421749e-05  +8.155331e-05  -2.140937e-05  -5.625461e-06  -1.291011e-06  +7.271229e-05  +1.375822e-04  -5.543870e-05  +3.213409e-04  -5.168868e-04  +9.187540e-05  +3.612006e-05  +1.580092e-02  +3.145156e-05  +3.204702e-05  +3.546643e-02  +7.836331e-05  +5.361970e-05  +2.913120e-02  +1.419643e-04  +1.258772e-04  +2.814174e-02  
+4.550245e-02  +4.210573e-02  +3.785697e-02  -9.725276e-03  -3.178250e-03  -3.275555e-04  +3.219569e-02  +5.165357e-02  -2.668853e-02  +1.598922e-01  -2.602550e-01  +4.394858e-02  +1.580092e-02  +8.408133e+00  +1.457216e-02  +1.513843e-02  +1.691955e+01  +3.753603e-02  +2.480906e-02  +1.421690e+01  +6.795604e-02  +5.989159e-02  +1.479125e+01  
+1.025065e-04  +9.445865e-05  +9.567199e-05  -1.779506e-05  -4.161999e-06  -2.866635e-06  +8.291667e-05  +1.429645e-04  -6.090539e-05  +3.573037e-04  -6.247282e-04  +1.027245e-04  +3.145156e-05  +1.457216e-02  +3.647373e-05  +3.572939e-05  +4.236413e-02  +7.934768e-05  +6.351337e-05  +3.592869e-02  +1.444026e-04  +1.323328e-04  +3.436201e-02  
+1.052183e-04  +9.671827e-05  +9.515563e-05  -1.848303e-05  -4.794161e-06  -3.436032e-06  +8.607891e-05  +1.334142e-04  -6.246300e-05  +3.619300e-04  -5.950710e-04  +1.037057e-04  +3.204702e-05  +1.513843e-02  +3.572939e-05  +3.654153e-05  +4.236682e-02  +8.106081e-05  +6.361414e-05  +3.577252e-02  +1.473565e-04  +1.340453e-04  +3.365308e-02  
+1.187597e-01  +1.094068e-01  +1.231409e-01  -1.897488e-02  -2.248607e-03  -3.909444e-03  +1.018412e-01  +1.657093e-01  -7.359353e-02  +4.341356e-01  -8.212538e-01  +1.224986e-01  +3.546643e-02  +1.691955e+01  +4.236413e-02  +4.236682e-02  +5.359141e+01  +9.169917e-02  +7.822540e-02  +4.840477e+01  +1.649853e-01  +1.534492e-01  +4.616169e+01  
+2.474551e-04  +2.286329e-04  +2.015014e-04  -5.182742e-05  -1.638450e-05  -5.839797e-06  +1.854697e-04  +2.944722e-04  -1.404027e-04  +8.226493e-04  -1.299757e-03  +2.345974e-04  +7.836331e-05  +3.753603e-02  +7.934768e-05  +8.106081e-05  +9.169917e-02  +1.932313e-04  +1.380955e-04  +7.533883e-02  +3.502803e-04  +3.132292e-04  +7.470133e-02  
+1.807536e-04  +1.665092e-04  +1.796689e-04  -2.722141e-05  -4.696468e-06  -7.048493e-06  +1.552418e-04  +2.518345e-04  -1.096621e-04  +6.358742e-04  -1.136860e-03  +1.838003e-04  +5.361970e-05  +2.480906e-02  +6.351337e-05  +6.361414e-05  +7.822540e-02  +1.380955e-04  +1.174204e-04  +6.893959e-02  +2.496962e-04  +2.318860e-04  +6.469044e-02  
+9.406029e-02  +8.723393e-02  +1.183512e-01  -9.982825e-03  +1.374535e-03  -2.884011e-03  +8.780573e-02  +1.319312e-01  -6.418939e-02  +3.872345e-01  -8.362878e-01  +1.050303e-01  +2.913120e-02  +1.421690e+01  +3.592869e-02  +3.577252e-02  +4.840477e+01  +7.533883e-02  +6.893959e-02  +5.037943e+01  +1.325821e-01  +1.260650e-01  +4.688425e+01  
+4.529158e-04  +4.193219e-04  +3.595245e-04  -9.609850e-05  -3.136976e-05  -1.016971e-05  +3.362341e-04  +5.321676e-04  -2.551717e-04  +1.490998e-03  -2.311483e-03  +4.258346e-04  +1.419643e-04  +6.795604e-02  +1.444026e-04  +1.473565e-04  +1.649853e-01  +3.502803e-04  +2.496962e-04  +1.325821e-01  +6.400921e-04  +5.708982e-04  +1.322054e-01  
+4.066301e-04  +3.764587e-04  +3.403105e-04  -8.181983e-05  -2.434985e-05  -1.099953e-05  +3.104675e-04  +5.061013e-04  -2.309660e-04  +1.348098e-03  -2.165251e-03  +3.882740e-04  +1.258772e-04  +5.989159e-02  +1.323328e-04  +1.340453e-04  +1.534492e-01  +3.132292e-04  +2.318860e-04  +1.260650e-01  +5.708982e-04  +5.148431e-04  +1.240710e-01  
+9.719430e-02  +9.125363e-02  +1.087352e-01  -1.702170e-02  -5.239097e-04  -1.205141e-03  +7.621793e-02  +1.216634e-01  -6.091743e-02  +3.825227e-01  -8.416490e-01  +1.009794e-01  +2.814174e-02  +1.479125e+01  +3.436201e-02  +3.365308e-02  +4.616169e+01  +7.470133e-02  +6.469044e-02  +4.688425e+01  +1.322054e-01  +1.240710e-01  +4.869701e+01  
