mean:
+3.982079e+00  +3.940400e+00  +6.536593e-01  -1.149889e+00  +1.672180e+00  +4.992324e-01  +9.077610e-01  +2.065105e+00  +1.489463e-01  +2.002589e+00  +4.796398e+00  +1.840119e+00  +2.983825e+00  +8.158584e+02  +4.960032e+00  +4.479537e+00  +2.025421e+03  
covariance:
+3.830253e-06  -1.025636e-06  +3.029278e-06  -8.378824e-06  -8.076519e-07  -3.060900e-06  -4.703750e-06  -6.653143e-06  -9.159719e-07  +2.059072e-05  -1.107759e-04  +2.687381e-07  -3.422721e-07  +7.292989e-03  -6.335454e-08  -2.222531e-07  +1.693319e-02  
-1.025636e-06  +4.930352e-06  -4.536230e-06  +1.131312e-05  +2.073275e-06  +3.948357e-06  +6.415578e-06  +7.709823e-06  +1.284179e-06  -2.744416e-05  +1.505326e-04  -1.781734e-07  +3.916777e-07  -9.616978e-03  +9.101429e-08  +3.035168e-07  -2.281472e-02  
+3.029278e-06  -4.536230e-06  +3.733566e-05  -4.407650e-05  +1.378389e-05  +1.380312e-06  -9.458852e-06  -7.375666e-05  -3.368231e-06  +5.924345e-05  -2.669428e-04  +1.433689e-06  -2.130618e-06  +1.851985e-02  -1.350883e-07  -6.881055e-07  +4.563587e-02  
-8.378824e-06  +1.131312e-05  -4.407650e-05  +2.512004e-04  -6.444785e-05  -3.168516e-06  +1.606713e-06  +6.710855e-05  +1.161167e-05  -1.376793e-04  +5.495787e-04  -4.688998e-06  +5.274997e-06  -3.273010e-02  -6.592242e-07  +2.477272e-06  -7.933042e-02  
-8.076519e-07  +2.073275e-06  +1.378389e-05  -6.444785e-05  +7.611376e-05  +1.527861e-05  +1.784189e-05  +1.371434e-05  -1.858811e-06  -3.916345e-06  +6.986976e-05  +3.178567e-06  -2.398628e-06  -2.355385e-03  -3.421639e-07  -4.595221e-07  -4.850051e-03  
-3.060900e-06  +3.948357e-06  +1.380312e-06  -3.168516e-06  +1.527861e-05  +1.186340e-05  +1.396387e-05  +6.633795e-06  +7.696769e-07  -3.784962e-05  +2.349371e-04  +2.313860e-07  -2.959136e-07  -1.484922e-02  +1.987351e-07  +2.446850e-07  -3.309152e-02  
-4.703750e-06  +6.415578e-06  -9.458852e-06  +1.606713e-06  +1.784189e-05  +1.396387e-05  +3.152769e-05  +3.665609e-05  -1.544902e-08  -6.086417e-05  +3.865205e-04  -8.091373e-08  -1.004957e-07  -2.552571e-02  +4.790398e-07  +2.506093e-07  -5.952819e-02  
-6.653143e-06  +7.709823e-06  -7.375666e-05  +6.710855e-05  +1.371434e-05  +6.633795e-06  +3.665609e-05  +3.256517e-04  +7.321296e-06  -1.374336e-04  +5.380153e-04  -1.091619e-06  +2.674766e-06  -3.858349e-02  -7.783310e-07  +3.117066e-07  -9.633836e-02  
-9.159719e-07  +1.284179e-06  -3.368231e-06  +1.161167e-05  -1.858811e-06  +7.696769e-07  -1.544902e-08  +7.321296e-06  +1.748052e-06  -1.666464e-05  +6.249076e-05  -2.367470e-07  +4.591879e-07  -4.261373e-03  -2.727070e-08  +2.564688e-07  -9.754997e-03  
+2.059072e-05  -2.744416e-05  +5.924345e-05  -1.376793e-04  -3.916345e-06  -3.784962e-05  -6.086417e-05  -1.374336e-04  -1.666464e-05  +3.167455e-04  -1.573047e-03  +3.551698e-06  -5.546009e-06  +1.049581e-01  -8.219540e-07  -3.563073e-06  +2.441155e-01  
-1.107759e-04  +1.505326e-04  -2.669428e-04  +5.495787e-04  +6.986976e-05  +2.349371e-04  +3.865205e-04  +5.380153e-04  +6.249076e-05  -1.573047e-03  +8.750772e-03  -1.761441e-05  +2.475379e-05  -5.731852e-01  +7.381874e-06  +1.644870e-05  -1.346836e+00  
+2.687381e-07  -1.781734e-07  +1.433689e-06  -4.688998e-06  +3.178567e-06  +2.313860e-07  -8.091373e-08  -1.091619e-06  -2.367470e-07  +3.551698e-06  -1.761441e-05  +3.474666e-07  -2.029324e-07  +1.215222e-03  -2.979927e-08  -5.851134e-08  +3.095787e-03  
-3.422721e-07  +3.916777e-07  -2.130618e-06  +5.274997e-06  -2.398628e-06  -2.959136e-07  -1.004957e-07  +2.674766e-06  +4.591879e-07  -5.546009e-06  +2.475379e-05  -2.029324e-07  +4.486634e-07  -1.643264e-03  +3.334038e-08  +9.546174e-08  -4.256564e-03  
+7.292989e-03  -9.616978e-03  +1.851985e-02  -3.273010e-02  -2.355385e-03  -1.484922e-02  -2.552571e-02  -3.858349e-02  -4.261373e-03  +1.049581e-01  -5.731852e-01  +1.215222e-03  -1.643264e-03  +3.970587e+01  -5.410090e-04  -1.165485e-03  +9.041636e+01  
-6.335454e-08  +9.101429e-08  -1.350883e-07  -6.592242e-07  -3.421639e-07  +1.987351e-07  +4.790398e-07  -7.783310e-07  -2.727070e-08  -8.219540e-07  +7.381874e-06  -2.979927e-08  +3.334038e-08  -5.410090e-04  +1.444955e-07  -2.992011e-09  -1.291741e-03  
-2.222531e-07  +3.035168e-07  -6.881055e-07  +2.477272e-06  -4.595221e-07  +2.446850e-07  +2.506093e-07  +3.117066e-07  +2.564688e-07  -3.563073e-06  +1.644870e-05  -5.851134e-08  +9.546174e-08  -1.165485e-03  -2.992011e-09  +1.942467e-07  -2.468913e-03  
+1.693319e-02  -2.281472e-02  +4.563587e-02  -7.933042e-02  -4.850051e-03  -3.309152e-02  -5.952819e-02  -9.633836e-02  -9.754997e-03  +2.441155e-01  -1.346836e+00  +3.095787e-03  -4.256564e-03  +9.041636e+01  -1.291741e-03  -2.468913e-03  +2.156424e+02  
