mean:
+4.009478e+00  +3.989923e+00  +7.157002e-01  -1.186071e+00  +1.717530e+00  +6.015831e-01  +9.307006e-01  +2.178549e+00  +1.075595e-01  +2.015491e+00  +4.741997e+00  +1.986211e+00  +3.087378e+00  +8.026668e+02  +5.040003e+00  +4.559700e+00  +2.002305e+03  
covariance:
+2.773159e-05  +1.898871e-05  -8.272489e-06  +4.627295e-06  +3.817939e-06  +2.340892e-06  -2.956217e-06  +6.253200e-05  +2.046176e-06  -4.338987e-05  +1.252251e-04  -5.440955e-07  +9.986163e-08  +7.214676e-03  +3.012285e-07  +6.650249e-08  -3.904162e-03  
+1.898871e-05  +3.206472e-05  -8.001362e-06  -2.366179e-05  +6.232081e-06  +2.351444e-06  -1.774888e-05  -5.560623e-05  +7.522954e-07  +1.751324e-05  -7.013301e-05  -4.839062e-07  +6.157650e-07  -1.691277e-03  +1.504476e-07  +1.621014e-07  +9.530870e-03  
-8.272489e-06  -8.001362e-06  +1.931147e-04  -1.074167e-04  -1.532606e-04  -5.024363e-05  +3.680313e-05  -3.020951e-04  -4.614605e-06  +1.303344e-04  -5.723049e-04  -4.575352e-07  -2.474739e-07  -1.269534e-02  -3.530272e-07  -7.290965e-07  +1.416052e-02  
+4.627295e-06  -2.366179e-05  -1.074167e-04  +1.085921e-03  -9.217556e-05  -3.482376e-05  +3.145524e-04  +1.139514e-03  -2.317954e-05  -3.788358e-04  +1.898243e-03  -4.465990e-06  -2.905150e-06  +1.526143e-01  -1.418094e-07  +3.224249e-06  -1.089694e-01  
+3.817939e-06  +6.232081e-06  -1.532606e-04  -9.217556e-05  +4.425922e-04  +5.899222e-05  -8.699252e-05  -1.543405e-04  +5.559411e-06  +1.354822e-04  -5.299110e-04  -5.116471e-07  +1.287091e-06  -4.042481e-02  +1.573761e-06  -1.659534e-06  +6.128253e-02  
+2.340892e-06  +2.351444e-06  -5.024363e-05  -3.482376e-05  +5.899222e-05  +2.562516e-05  -4.232170e-05  -4.371153e-06  +3.017607e-06  -3.109585e-07  +2.090325e-05  +5.574534e-07  +1.826647e-07  -1.192382e-02  +3.104567e-07  +8.621159e-08  -7.176085e-04  
-2.956217e-06  -1.774888e-05  +3.680313e-05  +3.145524e-04  -8.699252e-05  -4.232170e-05  +2.053949e-04  +5.610328e-04  -1.326597e-05  -1.941853e-04  +8.292566e-04  -1.751295e-06  -2.332028e-06  +6.985976e-02  -1.532664e-07  +3.555245e-07  -3.947293e-02  
+6.253200e-05  -5.560623e-05  -3.020951e-04  +1.139514e-03  -1.543405e-04  -4.371153e-06  +5.610328e-04  +4.677083e-03  -5.802069e-07  -1.985421e-03  +7.485739e-03  +5.434070e-06  -9.730458e-06  +3.925336e-01  +2.325771e-06  +1.817851e-06  -4.267838e-01  
+2.046176e-06  +7.522954e-07  -4.614605e-06  -2.317954e-05  +5.559411e-06  +3.017607e-06  -1.326597e-05  -5.802069e-07  +2.402717e-06  -9.821122e-06  +7.141783e-06  +2.062099e-07  +1.392891e-07  -2.021861e-03  +6.333304e-08  -1.018834e-07  -7.571419e-04  
-4.338987e-05  +1.751324e-05  +1.303344e-04  -3.788358e-04  +1.354822e-04  -3.109585e-07  -1.941853e-04  -1.985421e-03  -9.821122e-06  +9.968822e-04  -3.496650e-03  -2.526260e-06  +2.605304e-06  -1.644832e-01  -1.442998e-06  -1.067708e-07  +2.025229e-01  
+1.252251e-04  -7.013301e-05  -5.723049e-04  +1.898243e-03  -5.299110e-04  +2.090325e-05  +8.292566e-04  +7.485739e-03  +7.141783e-06  -3.496650e-03  +1.336345e-02  +1.044498e-05  -1.274648e-05  +6.340749e-01  +3.292400e-06  +5.069002e-06  -8.011858e-01  
-5.440955e-07  -4.839062e-07  -4.575352e-07  -4.465990e-06  -5.116471e-07  +5.574534e-07  -1.751295e-06  +5.434070e-06  +2.062099e-07  -2.526260e-06  +1.044498e-05  +5.981644e-07  -1.818790e-08  -4.609373e-04  +6.489463e-09  +3.521924e-08  -1.735323e-03  
+9.986163e-08  +6.157650e-07  -2.474739e-07  -2.905150e-06  +1.287091e-06  +1.826647e-07  -2.332028e-06  -9.730458e-06  +1.392891e-07  +2.605304e-06  -1.274648e-05  -1.818790e-08  +5.978508e-07  -6.632677e-04  -2.654356e-08  -7.292402e-08  +1.197814e-03  
+7.214676e-03  -1.691277e-03  -1.269534e-02  +1.526143e-01  -4.042481e-02  -1.192382e-02  +6.985976e-02  +3.925336e-01  -2.021861e-03  -1.644832e-01  +6.340749e-01  -4.609373e-04  -6.632677e-04  +4.587000e+01  -2.204086e-04  +4.475017e-04  -3.085685e+01  
+3.012285e-07  +1.504476e-07  -3.530272e-07  -1.418094e-07  +1.573761e-06  +3.104567e-07  -1.532664e-07  +2.325771e-06  +6.333304e-08  -1.442998e-06  +3.292400e-06  +6.489463e-09  -2.654356e-08  -2.204086e-04  +3.051347e-07  -1.331034e-08  -7.127125e-04  
+6.650249e-08  +1.621014e-07  -7.290965e-07  +3.224249e-06  -1.659534e-06  +8.621159e-08  +3.555245e-07  +1.817851e-06  -1.018834e-07  -1.067708e-07  +5.069002e-06  +3.521924e-08  -7.292402e-08  +4.475017e-04  -1.331034e-08  +3.544046e-07  +2.788350e-04  
-3.904162e-03  +9.530870e-03  +1.416052e-02  -1.089694e-01  +6.128253e-02  -7.176085e-04  -3.947293e-02  -4.267838e-01  -7.571419e-04  +2.025229e-01  -8.011858e-01  -1.735323e-03  +1.197814e-03  -3.085685e+01  -7.127125e-04  +2.788350e-04  +8.122921e+01  
