mean:
+3.911127e+00  +3.896910e+00  +8.519513e-01  +1.305302e+00  +1.446270e+00  +6.056989e-01  +8.166104e-01  +1.396864e+00  +1.605174e-01  +1.870160e+00  +5.907210e+00  +3.484553e+00  +2.610856e+00  +2.039586e+02  +4.263002e+00  +5.274739e+00  +2.933152e+02  +5.350381e+00  +3.757960e+00  +3.305819e+02  +2.640112e+00  +4.559206e+00  +3.953745e+02  
covariance:
+3.296475e-06  -9.037267e-07  +1.419777e-06  +3.320296e-06  -1.185389e-06  +1.852642e-06  +4.103306e-06  +7.702043e-06  -2.981251e-06  +1.888435e-05  -1.326659e-05  -1.902409e-07  -5.510797e-07  +2.609668e-04  +2.243547e-07  +2.931079e-07  +2.767977e-03  +4.565444e-07  -2.739152e-07  +2.028714e-03  -1.494516e-07  +2.494722e-07  +2.580694e-03  
-9.037267e-07  +1.005005e-06  +1.268263e-06  +8.105983e-07  -5.463815e-07  +5.956043e-07  +2.858659e-06  +1.110237e-05  -1.442651e-06  +9.372297e-06  -1.120097e-05  -3.360051e-07  -3.373685e-08  +3.368859e-05  -2.254224e-08  +1.649064e-07  +1.373088e-03  +1.851558e-07  +1.047606e-07  +1.715175e-03  +5.514061e-08  +5.418681e-08  +1.326640e-03  
+1.419777e-06  +1.268263e-06  +1.925977e-05  +1.864879e-05  -4.473772e-06  +4.360172e-06  +2.516418e-05  +1.155563e-04  -1.136539e-05  +8.042521e-05  -7.474942e-05  -4.451489e-06  -4.395614e-07  +9.761890e-04  +1.653497e-06  +1.233865e-06  +1.537857e-02  +1.155464e-06  +8.762040e-07  +1.209018e-02  +5.356450e-07  +4.912448e-07  +8.875130e-03  
+3.320296e-06  +8.105983e-07  +1.864879e-05  +1.468148e-04  +2.403921e-06  +1.004100e-05  +3.806175e-05  +2.295033e-05  -1.530114e-05  +9.115941e-05  -7.284038e-05  -3.915596e-06  +1.809674e-07  +4.385630e-03  -1.688664e-06  -5.261911e-06  +2.417067e-02  +1.284194e-06  +5.047137e-06  +6.145281e-03  +9.288401e-07  -1.396655e-06  +7.182349e-03  
-1.185389e-06  -5.463815e-07  -4.473772e-06  +2.403921e-06  +1.146762e-05  -2.901670e-06  -1.077089e-05  -4.584571e-05  +5.885670e-06  -4.584280e-05  +5.080235e-05  +1.098279e-06  +1.068437e-06  -2.765279e-04  -8.661043e-07  -1.565414e-06  -5.515084e-03  -1.247182e-06  +6.055884e-07  -7.628880e-03  +5.940985e-07  -1.041645e-06  -7.593441e-03  
+1.852642e-06  +5.956043e-07  +4.360172e-06  +1.004100e-05  -2.901670e-06  +7.226041e-06  +1.417303e-05  +2.926919e-05  -9.024060e-06  +6.828735e-05  -5.850745e-05  -4.762233e-07  -1.692600e-06  +1.047089e-03  -6.357332e-07  +6.980833e-07  +9.509820e-03  +1.088127e-06  -3.645883e-07  +8.061762e-03  -1.565748e-07  +3.942326e-07  +8.766514e-03  
+4.103306e-06  +2.858659e-06  +2.516418e-05  +3.806175e-05  -1.077089e-05  +1.417303e-05  +5.580735e-05  +1.834833e-04  -2.639233e-05  +1.886473e-04  -1.861147e-04  -6.044463e-06  -1.944998e-06  +1.783186e-03  +1.331923e-06  +2.922667e-06  +2.992463e-02  +3.806205e-06  +7.075258e-07  +2.874186e-02  +2.668471e-07  +1.551922e-06  +2.582519e-02  
+7.702043e-06  +1.110237e-05  +1.155563e-04  +2.295033e-05  -4.584571e-05  +2.926919e-05  +1.834833e-04  +1.037867e-03  -8.064574e-05  +5.992258e-04  -6.433297e-04  -3.539963e-05  -4.613184e-06  +1.229027e-03  +1.202506e-05  +1.989313e-05  +1.076372e-01  +1.262887e-05  +2.363822e-06  +1.111476e-01  +2.523711e-06  +1.097236e-05  +8.250576e-02  
-2.981251e-06  -1.442651e-06  -1.136539e-05  -1.530114e-05  +5.885670e-06  -9.024060e-06  -2.639233e-05  -8.064574e-05  +1.540630e-05  -1.083612e-04  +9.639194e-05  +2.244347e-06  +1.926653e-06  -1.268537e-03  -3.668590e-07  -1.608825e-06  -1.619059e-02  -1.954465e-06  +9.565550e-08  -1.461738e-02  +9.053050e-08  -8.491476e-07  -1.443860e-02  
+1.888435e-05  +9.372297e-06  +8.042521e-05  +9.115941e-05  -4.584280e-05  +6.828735e-05  +1.886473e-04  +5.992258e-04  -1.083612e-04  +8.183806e-04  -7.571193e-04  -1.574404e-05  -1.596747e-05  +8.998347e-03  +1.556484e-06  +1.302354e-05  +1.175808e-01  +1.431917e-05  -2.999175e-06  +1.103894e-01  -1.258498e-06  +6.887431e-06  +1.102755e-01  
-1.326659e-05  -1.120097e-05  -7.474942e-05  -7.284038e-05  +5.080235e-05  -5.850745e-05  -1.861147e-04  -6.433297e-04  +9.639194e-05  -7.571193e-04  +8.588793e-04  +1.840304e-05  +1.380267e-05  -5.052850e-03  +2.926200e-07  -1.418596e-05  -1.023165e-01  -1.579184e-05  +4.868863e-06  -1.142263e-01  +1.749431e-06  -7.912982e-06  -1.094382e-01  
-1.902409e-07  -3.360051e-07  -4.451489e-06  -3.915596e-06  +1.098279e-06  -4.762233e-07  -6.044463e-06  -3.539963e-05  +2.244347e-06  -1.574404e-05  +1.840304e-05  +1.825481e-06  -8.587122e-08  -1.079810e-04  -4.045937e-07  -5.209892e-07  -4.017485e-03  -4.755133e-07  -4.639158e-07  -3.015040e-03  -1.735846e-07  -3.091282e-07  -1.960554e-03  
-5.510797e-07  -3.373685e-08  -4.395614e-07  +1.809674e-07  +1.068437e-06  -1.692600e-06  -1.944998e-06  -4.613184e-06  +1.926653e-06  -1.596747e-05  +1.380267e-05  -8.587122e-08  +9.792754e-07  -2.654954e-04  +4.152330e-08  -1.884338e-07  -1.950660e-03  -2.439142e-07  +3.309069e-07  -1.392035e-03  +2.511105e-07  -1.789884e-07  -2.003401e-03  
+2.609668e-04  +3.368859e-05  +9.761890e-04  +4.385630e-03  -2.765279e-04  +1.047089e-03  +1.783186e-03  +1.229027e-03  -1.268537e-03  +8.998347e-03  -5.052850e-03  -1.079810e-04  -2.654954e-04  +6.241977e-01  +5.160556e-05  -2.310178e-04  +1.730383e+00  -1.856400e-05  +2.937146e-05  +2.084521e-01  -1.133509e-04  +2.100437e-05  +5.841728e-01  
+2.243547e-07  -2.254224e-08  +1.653497e-06  -1.688664e-06  -8.661043e-07  -6.357332e-07  +1.331923e-06  +1.202506e-05  -3.668590e-07  +1.556484e-06  +2.926200e-07  -4.045937e-07  +4.152330e-08  +5.160556e-05  +1.464531e-06  +3.264589e-07  +5.896506e-04  +7.319162e-08  +5.154633e-08  -6.183158e-05  -2.655919e-07  +1.895494e-07  +2.803751e-04  
+2.931079e-07  +1.649064e-07  +1.233865e-06  -5.261911e-06  -1.565414e-06  +6.980833e-07  +2.922667e-06  +1.989313e-05  -1.608825e-06  +1.302354e-05  -1.418596e-05  -5.209892e-07  -1.884338e-07  -2.310178e-04  +3.264589e-07  +1.079558e-06  +1.619638e-03  +4.210821e-07  -2.190194e-07  +2.691505e-03  -4.827111e-08  +4.630256e-07  +2.435216e-03  
+2.767977e-03  +1.373088e-03  +1.537857e-02  +2.417067e-02  -5.515084e-03  +9.509820e-03  +2.992463e-02  +1.076372e-01  -1.619059e-02  +1.175808e-01  -1.023165e-01  -4.017485e-03  -1.950660e-03  +1.730383e+00  +5.896506e-04  +1.619638e-03  +2.112421e+01  +2.110062e-03  +8.443994e-04  +1.559767e+01  +5.582035e-05  +1.036617e-03  +1.443442e+01  
+4.565444e-07  +1.851558e-07  +1.155464e-06  +1.284194e-06  -1.247182e-06  +1.088127e-06  +3.806205e-06  +1.262887e-05  -1.954465e-06  +1.431917e-05  -1.579184e-05  -4.755133e-07  -2.439142e-07  -1.856400e-05  +7.319162e-08  +4.210821e-07  +2.110062e-03  +8.037372e-07  -3.871040e-08  +2.494816e-03  -6.944463e-08  +2.171486e-07  +2.517711e-03  
-2.739152e-07  +1.047606e-07  +8.762040e-07  +5.047137e-06  +6.055884e-07  -3.645883e-07  +7.075258e-07  +2.363822e-06  +9.565550e-08  -2.999175e-06  +4.868863e-06  -4.639158e-07  +3.309069e-07  +2.937146e-05  +5.154633e-08  -2.190194e-07  +8.443994e-04  -3.871040e-08  +9.627472e-07  -1.978956e-04  +1.914046e-07  -2.242058e-07  -6.581918e-04  
+2.028714e-03  +1.715175e-03  +1.209018e-02  +6.145281e-03  -7.628880e-03  +8.061762e-03  +2.874186e-02  +1.111476e-01  -1.461738e-02  +1.103894e-01  -1.142263e-01  -3.015040e-03  -1.392035e-03  +2.084521e-01  -6.183158e-05  +2.691505e-03  +1.559767e+01  +2.494816e-03  -1.978956e-04  +1.946766e+01  +3.074389e-04  +1.233977e-03  +1.691417e+01  
-1.494516e-07  +5.514061e-08  +5.356450e-07  +9.288401e-07  +5.940985e-07  -1.565748e-07  +2.668471e-07  +2.523711e-06  +9.053050e-08  -1.258498e-06  +1.749431e-06  -1.735846e-07  +2.511105e-07  -1.133509e-04  -2.655919e-07  -4.827111e-08  +5.582035e-05  -6.944463e-08  +1.914046e-07  +3.074389e-04  +4.470514e-07  -1.162067e-07  -1.984755e-04  
+2.494722e-07  +5.418681e-08  +4.912448e-07  -1.396655e-06  -1.041645e-06  +3.942326e-07  +1.551922e-06  +1.097236e-05  -8.491476e-07  +6.887431e-06  -7.912982e-06  -3.091282e-07  -1.789884e-07  +2.100437e-05  +1.895494e-07  +4.630256e-07  +1.036617e-03  +2.171486e-07  -2.242058e-07  +1.233977e-03  -1.162067e-07  +5.445142e-07  +1.200471e-03  
+2.580694e-03  +1.326640e-03  +8.875130e-03  +7.182349e-03  -7.593441e-03  +8.766514e-03  +2.582519e-02  +8.250576e-02  -1.443860e-02  +1.102755e-01  -1.094382e-01  -1.960554e-03  -2.003401e-03  +5.841728e-01  +2.803751e-04  +2.435216e-03  +1.443442e+01  +2.517711e-03  -6.581918e-04  +1.691417e+01  -1.984755e-04  +1.200471e-03  +1.733361e+01  
