mean:
+3.943626e+00  +3.933128e+00  +8.508263e-01  +1.295485e+00  +1.424867e+00  +5.076481e-01  +8.044957e-01  +1.390619e+00  +1.705812e-01  +1.817001e+00  +5.998634e+00  +3.529985e+00  +2.654679e+00  +2.024440e+02  +4.291432e+00  +5.294432e+00  +2.773577e+02  +5.392802e+00  +3.762533e+00  +3.234940e+02  +2.639663e+00  +4.559863e+00  +3.932452e+02  
covariance:
+7.258142e-07  -5.385097e-07  -4.321854e-07  -1.439367e-06  +5.454362e-07  -2.218721e-07  -8.126705e-08  -3.043093e-07  +5.827021e-07  -1.188933e-06  +1.429091e-07  +2.640046e-07  +2.122839e-07  -6.969061e-05  +3.520656e-07  -1.160234e-07  -2.063349e-04  +1.593467e-07  +3.609938e-07  -1.094984e-04  +1.496424e-09  +5.639688e-08  -1.096010e-04  
-5.385097e-07  +4.959669e-06  +9.122252e-07  -5.843601e-07  +4.377738e-06  +2.522815e-06  +3.194378e-06  +1.203106e-05  +8.469900e-08  +2.353779e-06  -3.336246e-06  -4.867316e-06  -5.694244e-06  +7.355027e-04  -1.103663e-05  +2.988728e-07  -4.465159e-04  -4.567086e-06  -1.015837e-05  +2.203296e-03  -4.857602e-07  +3.088313e-08  +9.032626e-04  
-4.321854e-07  +9.122252e-07  +7.293106e-05  -6.009880e-06  +9.460468e-06  +2.939148e-05  +1.317470e-05  +4.102323e-05  -1.364806e-05  +8.708271e-05  +4.309842e-05  -2.406903e-05  -2.976043e-05  +9.796024e-03  -5.659620e-05  +6.749234e-06  +1.538053e-02  -2.282538e-05  -4.843816e-05  +1.689149e-02  +2.354637e-07  -3.716870e-06  +5.137074e-03  
-1.439367e-06  -5.843601e-07  -6.009880e-06  +2.256946e-04  -4.600012e-05  +4.221351e-06  -1.584488e-05  -6.738834e-05  -4.350972e-06  +3.445543e-05  +2.859562e-05  +1.839772e-06  +1.359441e-05  +7.583500e-03  +2.191366e-05  +5.962235e-06  +4.888569e-03  +1.303855e-05  +1.805401e-05  -1.497692e-02  +1.551248e-07  +7.068456e-06  +2.172562e-03  
+5.454362e-07  +4.377738e-06  +9.460468e-06  -4.600012e-05  +5.361620e-05  +9.500958e-06  +1.165867e-05  +4.646016e-05  -1.384856e-07  +4.692718e-06  -1.498702e-05  -1.120407e-05  -1.492503e-05  +2.978773e-03  -2.767144e-05  +7.011735e-07  -3.795115e-04  -1.217001e-05  -2.385100e-05  +7.691768e-03  -1.260236e-06  -1.023094e-06  -1.463799e-03  
-2.218721e-07  +2.522815e-06  +2.939148e-05  +4.221351e-06  +9.500958e-06  +1.708754e-05  +4.665337e-06  +2.242390e-05  -5.286516e-06  +3.781719e-05  +1.732986e-05  -1.465761e-05  -1.682407e-05  +6.550002e-03  -3.293662e-05  +3.502842e-06  +5.777851e-03  -1.254982e-05  -2.933783e-05  +7.638630e-03  -4.595126e-07  -9.723755e-07  +1.894881e-03  
-8.126705e-08  +3.194378e-06  +1.317470e-05  -1.584488e-05  +1.165867e-05  +4.665337e-06  +1.779139e-05  +2.292918e-05  -3.386529e-06  +1.408816e-05  -8.126327e-06  -1.017642e-05  -1.321462e-05  -1.531029e-03  -2.513038e-05  +1.099893e-06  +1.924588e-03  -1.104400e-05  -2.060319e-05  +7.909836e-03  -8.292007e-08  -1.999186e-06  +2.214519e-03  
-3.043093e-07  +1.203106e-05  +4.102323e-05  -6.738834e-05  +4.646016e-05  +2.242390e-05  +2.292918e-05  +1.838571e-04  -6.769634e-06  +5.210363e-05  +2.655363e-05  -2.956351e-05  -4.051640e-05  +6.653310e-03  -7.553942e-05  +1.915540e-06  +5.744257e-03  -3.243422e-05  -6.767031e-05  +2.381739e-02  -1.562829e-06  -4.746025e-06  +7.693047e-03  
+5.827021e-07  +8.469900e-08  -1.364806e-05  -4.350972e-06  -1.384856e-07  -5.286516e-06  -3.386529e-06  -6.769634e-06  +4.541693e-06  -2.307852e-05  -8.118478e-06  +4.970537e-06  +5.755797e-06  -1.143772e-03  +1.122001e-05  -1.839482e-06  -3.689189e-03  +4.452586e-06  +9.254562e-06  -3.485097e-03  -2.641471e-07  +9.446571e-07  -1.636040e-03  
-1.188933e-06  +2.353779e-06  +8.708271e-05  +3.445543e-05  +4.692718e-06  +3.781719e-05  +1.408816e-05  +5.210363e-05  -2.307852e-05  +1.600685e-04  +4.703246e-05  -3.470344e-05  -3.969928e-05  +9.545953e-03  -7.827265e-05  +1.293154e-05  +2.384687e-02  -3.033256e-05  -6.546257e-05  +2.218206e-02  +1.672837e-06  -5.129115e-06  +1.041162e-02  
+1.429091e-07  -3.336246e-06  +4.309842e-05  +2.859562e-05  -1.498702e-05  +1.732986e-05  -8.126327e-06  +2.655363e-05  -8.118478e-06  +4.703246e-05  +1.196201e-04  -3.785732e-06  -5.546273e-06  +1.288511e-02  -8.380271e-06  +3.551728e-06  +9.866616e-03  -2.052143e-06  -1.198366e-05  +3.012726e-03  -1.551533e-06  +1.028781e-06  +4.373130e-03  
+2.640046e-07  -4.867316e-06  -2.406903e-05  +1.839772e-06  -1.120407e-05  -1.465761e-05  -1.017642e-05  -2.956351e-05  +4.970537e-06  -3.470344e-05  -3.785732e-06  +2.300441e-05  +2.507444e-05  -3.285795e-03  +5.015368e-05  -1.936018e-06  -3.481881e-03  +2.044436e-05  +4.378824e-05  -1.175498e-02  +4.502475e-07  +1.215054e-06  -5.004533e-03  
+2.122839e-07  -5.694244e-06  -2.976043e-05  +1.359441e-05  -1.492503e-05  -1.682407e-05  -1.321462e-05  -4.051640e-05  +5.755797e-06  -3.969928e-05  -5.546273e-06  +2.507444e-05  +2.910631e-05  -3.532161e-03  +5.693490e-05  -2.202322e-06  -4.164068e-03  +2.352658e-05  +4.957103e-05  -1.412754e-02  +5.133051e-07  +1.980289e-06  -5.509697e-03  
-6.969061e-05  +7.355027e-04  +9.796024e-03  +7.583500e-03  +2.978773e-03  +6.550002e-03  -1.531029e-03  +6.653310e-03  -1.143772e-03  +9.545953e-03  +1.288511e-02  -3.285795e-03  -3.532161e-03  +5.422298e+00  -6.850598e-03  +1.221391e-03  +1.799019e+00  -2.290252e-03  -7.065936e-03  +7.806229e-01  -6.776818e-04  +8.349139e-04  -3.433800e-02  
+3.520656e-07  -1.103663e-05  -5.659620e-05  +2.191366e-05  -2.767144e-05  -3.293662e-05  -2.513038e-05  -7.553942e-05  +1.122001e-05  -7.827265e-05  -8.380271e-06  +5.015368e-05  +5.693490e-05  -6.850598e-03  +1.140675e-04  -4.238673e-06  -8.184634e-03  +4.642588e-05  +9.891595e-05  -2.757552e-02  +6.940520e-07  +3.798420e-06  -1.104144e-02  
-1.160234e-07  +2.988728e-07  +6.749234e-06  +5.962235e-06  +7.011735e-07  +3.502842e-06  +1.099893e-06  +1.915540e-06  -1.839482e-06  +1.293154e-05  +3.551728e-06  -1.936018e-06  -2.202322e-06  +1.221391e-03  -4.238673e-06  +1.873414e-06  +2.189310e-03  -1.297950e-06  -3.543888e-06  +1.162095e-03  +1.738347e-07  -9.559769e-08  +1.428001e-04  
-2.063349e-04  -4.465159e-04  +1.538053e-02  +4.888569e-03  -3.795115e-04  +5.777851e-03  +1.924588e-03  +5.744257e-03  -3.689189e-03  +2.384687e-02  +9.866616e-03  -3.481881e-03  -4.164068e-03  +1.799019e+00  -8.184634e-03  +2.189310e-03  +4.649661e+00  -3.017831e-03  -6.645036e-03  +2.845410e+00  +3.437057e-04  -9.281485e-04  +9.536137e-01  
+1.593467e-07  -4.567086e-06  -2.282538e-05  +1.303855e-05  -1.217001e-05  -1.254982e-05  -1.104400e-05  -3.243422e-05  +4.452586e-06  -3.033256e-05  -2.052143e-06  +2.044436e-05  +2.352658e-05  -2.290252e-03  +4.642588e-05  -1.297950e-06  -3.017831e-03  +1.982542e-05  +4.026513e-05  -1.168065e-02  +3.630236e-07  +1.734071e-06  -4.907544e-03  
+3.609938e-07  -1.015837e-05  -4.843816e-05  +1.805401e-05  -2.385100e-05  -2.933783e-05  -2.060319e-05  -6.767031e-05  +9.254562e-06  -6.546257e-05  -1.198366e-05  +4.378824e-05  +4.957103e-05  -7.065936e-03  +9.891595e-05  -3.543888e-06  -6.645036e-03  +4.026513e-05  +8.710082e-05  -2.348725e-02  +9.696367e-07  +2.907902e-06  -9.549120e-03  
-1.094984e-04  +2.203296e-03  +1.689149e-02  -1.497692e-02  +7.691768e-03  +7.638630e-03  +7.909836e-03  +2.381739e-02  -3.485097e-03  +2.218206e-02  +3.012726e-03  -1.175498e-02  -1.412754e-02  +7.806229e-01  -2.757552e-02  +1.162095e-03  +2.845410e+00  -1.168065e-02  -2.348725e-02  +8.527883e+00  +4.462442e-05  -1.602949e-03  +2.919022e+00  
+1.496424e-09  -4.857602e-07  +2.354637e-07  +1.551248e-07  -1.260236e-06  -4.595126e-07  -8.292007e-08  -1.562829e-06  -2.641471e-07  +1.672837e-06  -1.551533e-06  +4.502475e-07  +5.133051e-07  -6.776818e-04  +6.940520e-07  +1.738347e-07  +3.437057e-04  +3.630236e-07  +9.696367e-07  +4.462442e-05  +6.846560e-07  -2.235911e-07  -5.104192e-05  
+5.639688e-08  +3.088313e-08  -3.716870e-06  +7.068456e-06  -1.023094e-06  -9.723755e-07  -1.999186e-06  -4.746025e-06  +9.446571e-07  -5.129115e-06  +1.028781e-06  +1.215054e-06  +1.980289e-06  +8.349139e-04  +3.798420e-06  -9.559769e-08  -9.281485e-04  +1.734071e-06  +2.907902e-06  -1.602949e-03  -2.235911e-07  +1.523810e-06  -3.055339e-04  
-1.096010e-04  +9.032626e-04  +5.137074e-03  +2.172562e-03  -1.463799e-03  +1.894881e-03  +2.214519e-03  +7.693047e-03  -1.636040e-03  +1.041162e-02  +4.373130e-03  -5.004533e-03  -5.509697e-03  -3.433800e-02  -1.104144e-02  +1.428001e-04  +9.536137e-01  -4.907544e-03  -9.549120e-03  +2.919022e+00  -5.104192e-05  -3.055339e-04  +2.781756e+00  
