mean:
+3.962020e+00  +3.953420e+00  +8.655902e-01  +1.306775e+00  +1.427843e+00  +5.022408e-01  +7.992856e-01  +1.376102e+00  +1.716320e-01  +1.849825e+00  +6.138126e+00  +3.547289e+00  +2.673940e+00  +1.999264e+02  +4.328457e+00  +5.293343e+00  +2.771275e+02  +5.413705e+00  +3.801215e+00  +3.201443e+02  +2.639726e+00  +4.559236e+00  +3.927496e+02  
covariance:
+8.105886e-07  +6.037799e-08  -4.912823e-08  +2.183091e-06  +8.568264e-08  -1.298801e-08  +6.349012e-08  +2.035513e-08  -3.297138e-09  -3.894535e-07  +3.862254e-08  +1.147575e-09  +1.829014e-08  +5.454203e-05  +3.931264e-08  -2.872192e-08  -1.331075e-04  +1.028354e-08  -5.631975e-08  -1.035555e-05  -3.901702e-08  +2.807653e-08  +1.248355e-05  
+6.037799e-08  +1.161204e-06  +1.799837e-06  -1.368821e-06  +5.468725e-07  +4.478673e-07  +7.157522e-07  +8.142524e-07  -7.616814e-07  +3.118009e-06  +1.462824e-05  -3.040782e-08  +6.937290e-08  -1.324751e-04  -5.406143e-08  +1.061807e-07  +1.795469e-04  +1.914191e-07  +2.082639e-08  +1.308777e-04  +2.796332e-08  +4.565593e-08  +4.602150e-04  
-4.912823e-08  +1.799837e-06  +1.238152e-04  +3.318744e-06  -1.568856e-06  +2.237753e-05  +2.949351e-05  +7.294228e-05  -4.603563e-05  +1.697040e-04  +8.922762e-04  +3.079824e-06  +1.074458e-06  -7.063967e-03  -3.022627e-06  +8.971255e-07  +9.266246e-03  +6.867723e-06  +3.439220e-06  +3.108283e-03  +2.438722e-07  +2.477524e-06  +3.029936e-02  
+2.183091e-06  -1.368821e-06  +3.318744e-06  +2.534086e-04  -1.397971e-05  -1.029677e-05  -1.091110e-06  -8.065940e-05  +1.040928e-05  -8.511638e-05  +1.617745e-05  -2.576046e-06  -3.965136e-06  +2.970010e-03  +3.274412e-06  -3.549546e-06  -1.124488e-02  +2.209649e-06  -3.246214e-06  +2.573213e-04  -3.054269e-06  +1.975433e-07  -3.974845e-03  
+8.568264e-08  +5.468725e-07  -1.568856e-06  -1.397971e-05  +3.791972e-05  -4.046509e-07  +1.773903e-06  -6.074249e-07  -2.075696e-06  +2.190587e-05  -3.297547e-05  -6.999168e-07  +9.032868e-07  -1.180973e-03  -3.156832e-07  +4.193794e-08  -6.997205e-04  +1.322587e-06  +9.306886e-07  -4.039514e-04  +9.711146e-07  -7.163233e-08  -3.281413e-03  
-1.298801e-08  +4.478673e-07  +2.237753e-05  -1.029677e-05  -4.046509e-07  +6.330196e-06  +6.883864e-06  +1.489251e-05  -1.005094e-05  +3.873379e-05  +1.838631e-04  +3.993366e-07  +8.745826e-07  -1.732191e-03  -6.733952e-07  +3.592029e-07  +1.473156e-03  +1.651424e-06  +5.921008e-07  +5.997355e-04  +4.191528e-07  +2.928835e-07  +5.746045e-03  
+6.349012e-08  +7.157522e-07  +2.949351e-05  -1.091110e-06  +1.773903e-06  +6.883864e-06  +2.374935e-05  +3.643500e-05  -1.501941e-05  +3.903222e-05  +2.931616e-04  -8.242933e-07  +1.007023e-06  -1.569248e-03  -9.015767e-07  +1.207516e-06  +4.603555e-03  +2.487760e-06  +1.422230e-06  +1.749460e-03  +9.872223e-07  +7.565385e-07  +1.368096e-02  
+2.035513e-08  +8.142524e-07  +7.294228e-05  -8.065940e-05  -6.074249e-07  +1.489251e-05  +3.643500e-05  +2.374686e-04  -2.911406e-05  +9.030429e-05  +5.536886e-04  +3.721002e-06  +6.184798e-07  +1.506346e-03  -1.476857e-06  +5.368503e-06  +1.580869e-02  -1.525658e-06  +4.799123e-06  +5.741514e-03  +5.806203e-07  +2.336978e-06  +3.523209e-02  
-3.297138e-09  -7.616814e-07  -4.603563e-05  +1.040928e-05  -2.075696e-06  -1.005094e-05  -1.501941e-05  -2.911406e-05  +2.084979e-05  -7.771153e-05  -3.733499e-04  -8.043374e-07  -1.333624e-06  +3.398978e-03  +1.586998e-06  -5.446670e-07  -4.024688e-03  -3.179292e-06  -1.719067e-06  -1.085007e-03  -7.690386e-07  -9.174387e-07  -1.319715e-02  
-3.894535e-07  +3.118009e-06  +1.697040e-04  -8.511638e-05  +2.190587e-05  +3.873379e-05  +3.903222e-05  +9.030429e-05  -7.771153e-05  +3.417968e-04  +1.272956e-03  +4.857701e-06  +6.226661e-06  -1.566247e-02  -6.500825e-06  +9.763164e-07  +1.242813e-02  +1.138100e-05  +7.945317e-06  +1.260169e-03  +3.639873e-06  +2.401956e-06  +3.719142e-02  
+3.862254e-08  +1.462824e-05  +8.922762e-04  +1.617745e-05  -3.297547e-05  +1.838631e-04  +2.931616e-04  +5.536886e-04  -3.733499e-04  +1.272956e-03  +7.483088e-03  +1.327509e-05  +1.724226e-05  -5.284348e-02  -2.780466e-05  +1.355207e-05  +7.876447e-02  +6.307946e-05  +2.153001e-05  +3.026129e-02  +8.600624e-06  +2.327477e-05  +2.838338e-01  
+1.147575e-09  -3.040782e-08  +3.079824e-06  -2.576046e-06  -6.999168e-07  +3.993366e-07  -8.242933e-07  +3.721002e-06  -8.043374e-07  +4.857701e-06  +1.327509e-05  +8.771494e-07  -1.657094e-07  +7.755066e-05  -9.226927e-10  -4.940720e-08  +3.250335e-04  -1.781048e-07  +2.206663e-07  -3.090108e-05  -1.170315e-07  +1.704075e-07  +5.504769e-04  
+1.829014e-08  +6.937290e-08  +1.074458e-06  -3.965136e-06  +9.032868e-07  +8.745826e-07  +1.007023e-06  +6.184798e-07  -1.333624e-06  +6.226661e-06  +1.724226e-05  -1.657094e-07  +1.129741e-06  -2.549380e-04  -1.796317e-07  -2.326466e-08  -1.525935e-04  +3.384264e-07  +6.641956e-08  +7.168642e-05  +2.766930e-07  +3.423310e-08  +8.093696e-04  
+5.454203e-05  -1.324751e-04  -7.063967e-03  +2.970010e-03  -1.180973e-03  -1.732191e-03  -1.569248e-03  +1.506346e-03  +3.398978e-03  -1.566247e-02  -5.284348e-02  +7.755066e-05  -2.549380e-04  +1.667653e+00  +2.722845e-04  +2.369424e-05  -4.134507e-01  -7.843365e-04  -3.297175e-04  +2.129453e-02  -3.138435e-04  +6.179863e-05  -4.723759e-01  
+3.931264e-08  -5.406143e-08  -3.022627e-06  +3.274412e-06  -3.156832e-07  -6.733952e-07  -9.015767e-07  -1.476857e-06  +1.586998e-06  -6.500825e-06  -2.780466e-05  -9.226927e-10  -1.796317e-07  +2.722845e-04  +4.430804e-07  +7.644132e-09  -5.813739e-04  -2.767548e-07  -1.273650e-07  -2.766926e-05  -1.302769e-07  -1.341223e-07  -1.255224e-03  
-2.872192e-08  +1.061807e-07  +8.971255e-07  -3.549546e-06  +4.193794e-08  +3.592029e-07  +1.207516e-06  +5.368503e-06  -5.446670e-07  +9.763164e-07  +1.355207e-05  -4.940720e-08  -2.326466e-08  +2.369424e-05  +7.644132e-09  +6.762141e-07  +4.925319e-04  +1.347700e-07  -6.854980e-08  +1.378427e-04  +3.592956e-08  +5.059545e-08  +6.661939e-04  
-1.331075e-04  +1.795469e-04  +9.266246e-03  -1.124488e-02  -6.997205e-04  +1.473156e-03  +4.603555e-03  +1.580869e-02  -4.024688e-03  +1.242813e-02  +7.876447e-02  +3.250335e-04  -1.525935e-04  -4.134507e-01  -5.813739e-04  +4.925319e-04  +3.096265e+00  +3.258078e-04  +6.085348e-04  +5.296370e-01  +1.772879e-04  +5.290338e-04  +4.885309e+00  
+1.028354e-08  +1.914191e-07  +6.867723e-06  +2.209649e-06  +1.322587e-06  +1.651424e-06  +2.487760e-06  -1.525658e-06  -3.179292e-06  +1.138100e-05  +6.307946e-05  -1.781048e-07  +3.384264e-07  -7.843365e-04  -2.767548e-07  +1.347700e-07  +3.258078e-04  +1.502912e-06  -4.559992e-08  +2.099945e-04  +2.384306e-07  +3.238609e-07  +1.688202e-03  
-5.631975e-08  +2.082639e-08  +3.439220e-06  -3.246214e-06  +9.306886e-07  +5.921008e-07  +1.422230e-06  +4.799123e-06  -1.719067e-06  +7.945317e-06  +2.153001e-05  +2.206663e-07  +6.641956e-08  -3.297175e-04  -1.273650e-07  -6.854980e-08  +6.085348e-04  -4.559992e-08  +8.470323e-07  +2.292497e-05  +1.907578e-07  +1.080499e-07  +7.523919e-04  
-1.035555e-05  +1.308777e-04  +3.108283e-03  +2.573213e-04  -4.039514e-04  +5.997355e-04  +1.749460e-03  +5.741514e-03  -1.085007e-03  +1.260169e-03  +3.026129e-02  -3.090108e-05  +7.168642e-05  +2.129453e-02  -2.766926e-05  +1.378427e-04  +5.296370e-01  +2.099945e-04  +2.292497e-05  +8.922090e-01  +4.298643e-05  +2.113616e-04  +1.978030e+00  
-3.901702e-08  +2.796332e-08  +2.438722e-07  -3.054269e-06  +9.711146e-07  +4.191528e-07  +9.872223e-07  +5.806203e-07  -7.690386e-07  +3.639873e-06  +8.600624e-06  -1.170315e-07  +2.766930e-07  -3.138435e-04  -1.302769e-07  +3.592956e-08  +1.772879e-04  +2.384306e-07  +1.907578e-07  +4.298643e-05  +5.238426e-07  +9.647488e-08  +1.871390e-04  
+2.807653e-08  +4.565593e-08  +2.477524e-06  +1.975433e-07  -7.163233e-08  +2.928835e-07  +7.565385e-07  +2.336978e-06  -9.174387e-07  +2.401956e-06  +2.327477e-05  +1.704075e-07  +3.423310e-08  +6.179863e-05  -1.341223e-07  +5.059545e-08  +5.290338e-04  +3.238609e-07  +1.080499e-07  +2.113616e-04  +9.647488e-08  +6.873516e-07  +1.424182e-03  
+1.248355e-05  +4.602150e-04  +3.029936e-02  -3.974845e-03  -3.281413e-03  +5.746045e-03  +1.368096e-02  +3.523209e-02  -1.319715e-02  +3.719142e-02  +2.838338e-01  +5.504769e-04  +8.093696e-04  -4.723759e-01  -1.255224e-03  +6.661939e-04  +4.885309e+00  +1.688202e-03  +7.523919e-04  +1.978030e+00  +1.871390e-04  +1.424182e-03  +1.662513e+01  
