mean:
+3.993979e+00  +3.956687e+00  +5.917497e-01  +2.027757e+00  +1.215119e+00  +4.033209e-01  +8.484570e-01  +2.259495e+00  +4.192534e-02  +3.900281e+00  +5.825542e+00  +4.477469e+00  +3.301964e+00  +3.286932e+02  +2.492570e+00  +3.691421e+00  +4.566186e+02  +4.639117e+00  +4.959799e+00  +8.027146e+02  +3.992949e+00  +5.121254e+00  +4.330873e+02  
covariance:
+8.620957e-05  -2.890522e-05  +1.143449e-05  +6.806252e-05  -2.817675e-05  -1.310898e-05  -1.267959e-04  -1.405325e-04  +8.601870e-06  -1.732901e-04  +4.837336e-04  -2.026464e-06  +9.174295e-06  -5.630303e-03  -4.300588e-07  -1.160039e-05  -2.086795e-02  -1.712811e-06  -1.095476e-06  -1.668841e-02  +1.817401e-05  -8.660749e-06  -1.170641e-02  
-2.890522e-05  +1.266522e-05  -4.518835e-06  -2.252611e-05  +9.501136e-06  +4.481857e-06  +4.300146e-05  +5.436442e-05  -2.970457e-06  +6.000389e-05  -1.648432e-04  +8.676727e-07  -3.349675e-06  +1.998357e-03  +9.511831e-08  +4.087028e-06  +7.412073e-03  +7.091951e-07  +3.123405e-07  +5.217768e-03  -6.835568e-06  +3.247694e-06  +3.988717e-03  
+1.143449e-05  -4.518835e-06  +8.686265e-06  +1.596584e-05  +4.387694e-06  +4.702874e-08  -3.560969e-06  -2.138089e-05  +7.908982e-07  -1.574178e-05  +2.946844e-05  +4.599654e-07  +5.948433e-07  -7.307150e-04  -4.237380e-08  -2.303039e-06  -5.876573e-04  -5.364281e-07  -4.118280e-07  +3.041747e-03  +2.584404e-06  -1.220732e-06  +2.821540e-04  
+6.806252e-05  -2.252611e-05  +1.596584e-05  +1.034927e-04  -1.791076e-05  -5.298588e-06  -6.865650e-05  -1.092216e-04  +5.885261e-06  -1.204978e-04  +2.350737e-04  -7.698101e-07  +6.546737e-06  -4.614517e-03  -1.098095e-06  -9.062575e-06  -1.015089e-02  -4.577145e-07  -1.600358e-06  +6.514040e-03  +1.517462e-05  -6.606757e-06  -4.097073e-03  
-2.817675e-05  +9.501136e-06  +4.387694e-06  -1.791076e-05  +5.343320e-05  +9.003248e-06  +8.069123e-05  +5.666722e-05  -3.986986e-06  +8.662444e-05  -2.629829e-04  +1.591033e-06  -3.782450e-06  +3.216537e-03  +1.088517e-06  +4.525195e-06  +1.388053e-02  +1.540216e-06  -4.061601e-07  +1.532739e-02  -6.705848e-06  +3.559317e-06  +9.220408e-03  
-1.310898e-05  +4.481857e-06  +4.702874e-08  -5.298588e-06  +9.003248e-06  +4.105972e-06  +3.068006e-05  +2.477258e-05  -1.687651e-06  +3.347312e-05  -1.141289e-04  +6.879488e-07  -1.900843e-06  +9.610094e-04  -2.610662e-07  +2.161764e-06  +5.010676e-03  +5.602664e-07  +4.296746e-08  +7.188936e-03  -3.236532e-06  +1.572955e-06  +3.266717e-03  
-1.267959e-04  +4.300146e-05  -3.560969e-06  -6.865650e-05  +8.069123e-05  +3.068006e-05  +2.739749e-04  +2.306268e-04  -1.569154e-05  +3.154073e-04  -9.808720e-04  +5.274758e-06  -1.619173e-05  +1.028589e-02  +1.442924e-07  +1.815127e-05  +4.552185e-02  +4.768270e-06  +6.952489e-07  +5.184644e-02  -2.863901e-05  +1.457895e-05  +2.724630e-02  
-1.405325e-04  +5.436442e-05  -2.138089e-05  -1.092216e-04  +5.666722e-05  +2.477258e-05  +2.306268e-04  +3.090204e-04  -1.567239e-05  +3.022101e-04  -8.249682e-04  +6.612407e-06  -1.565677e-05  +1.110285e-02  -7.113071e-08  +2.053062e-05  +4.062290e-02  +4.888224e-06  +9.298804e-07  +2.858022e-02  -3.659118e-05  +1.723802e-05  +1.770981e-02  
+8.601870e-06  -2.970457e-06  +7.908982e-07  +5.885261e-06  -3.986986e-06  -1.687651e-06  -1.569154e-05  -1.567239e-05  +1.025609e-06  -1.996277e-05  +5.764271e-05  -2.971866e-07  +1.040062e-06  -6.109793e-04  -3.193368e-08  -1.209996e-06  -2.640694e-03  -2.614194e-07  -6.393559e-08  -2.489533e-03  +1.980987e-06  -9.925285e-07  -1.562678e-03  
-1.732901e-04  +6.000389e-05  -1.574178e-05  -1.204978e-04  +8.662444e-05  +3.347312e-05  +3.154073e-04  +3.022101e-04  -1.996277e-05  +4.232782e-04  -1.208038e-03  +4.588701e-06  -2.189392e-05  +1.169615e-02  +1.650970e-06  +2.456816e-05  +5.345429e-02  +4.779025e-06  +9.404052e-07  +5.149557e-02  -3.965363e-05  +2.021211e-05  +3.646616e-02  
+4.837336e-04  -1.648432e-04  +2.946844e-05  +2.350737e-04  -2.629829e-04  -1.141289e-04  -9.808720e-04  -8.249682e-04  +5.764271e-05  -1.208038e-03  +3.988246e-03  -1.536576e-05  +6.547378e-05  -3.420529e-02  +1.834686e-06  -7.571165e-05  -1.648054e-01  -1.519842e-05  -1.612916e-06  -2.251768e-01  +1.098338e-04  -5.498110e-05  -1.209398e-01  
-2.026464e-06  +8.676727e-07  +4.599654e-07  -7.698101e-07  +1.591033e-06  +6.879488e-07  +5.274758e-06  +6.612407e-06  -2.971866e-07  +4.588701e-06  -1.536576e-05  +5.458923e-07  -2.992541e-07  +2.336461e-04  -1.318056e-07  +2.490540e-07  +9.663465e-04  +6.477862e-08  +9.520191e-09  +1.019869e-03  -7.554270e-07  +3.214688e-07  +1.875909e-04  
+9.174295e-06  -3.349675e-06  +5.948433e-07  +6.546737e-06  -3.782450e-06  -1.900843e-06  -1.619173e-05  -1.565677e-05  +1.040062e-06  -2.189392e-05  +6.547378e-05  -2.992541e-07  +1.678942e-06  -5.690743e-04  +1.229686e-07  -1.258103e-06  -2.611600e-03  -4.841513e-08  -8.966865e-08  -3.016293e-03  +2.358756e-06  -1.062324e-06  -2.034706e-03  
-5.630303e-03  +1.998357e-03  -7.307150e-04  -4.614517e-03  +3.216537e-03  +9.610094e-04  +1.028589e-02  +1.110285e-02  -6.109793e-04  +1.169615e-02  -3.420529e-02  +2.336461e-04  -5.690743e-04  +7.980520e-01  -3.292551e-05  +7.868820e-04  +1.703388e+00  +1.655584e-04  +8.726517e-05  +1.364711e+00  -1.311853e-03  +5.752910e-04  +5.493347e-01  
-4.300588e-07  +9.511831e-08  -4.237380e-08  -1.098095e-06  +1.088517e-06  -2.610662e-07  +1.442924e-07  -7.113071e-08  -3.193368e-08  +1.650970e-06  +1.834686e-06  -1.318056e-07  +1.229686e-07  -3.292551e-05  +4.401905e-07  -9.140724e-08  +9.186317e-05  -9.061314e-09  -3.727340e-08  -7.513531e-04  +2.424643e-07  +3.750618e-08  +6.574453e-05  
-1.160039e-05  +4.087028e-06  -2.303039e-06  -9.062575e-06  +4.525195e-06  +2.161764e-06  +1.815127e-05  +2.053062e-05  -1.209996e-06  +2.456816e-05  -7.571165e-05  +2.490540e-07  -1.258103e-06  +7.868820e-04  -9.140724e-08  +2.220273e-06  +3.029159e-03  +4.165091e-07  +9.926556e-08  +3.146487e-03  -2.687953e-06  +1.284670e-06  +1.922239e-03  
-2.086795e-02  +7.412073e-03  -5.876573e-04  -1.015089e-02  +1.388053e-02  +5.010676e-03  +4.552185e-02  +4.062290e-02  -2.640694e-03  +5.345429e-02  -1.648054e-01  +9.663465e-04  -2.611600e-03  +1.703388e+00  +9.186317e-05  +3.029159e-03  +8.127694e+00  +9.087088e-04  +1.237488e-05  +8.671148e+00  -4.965648e-03  +2.580926e-03  +4.741654e+00  
-1.712811e-06  +7.091951e-07  -5.364281e-07  -4.577145e-07  +1.540216e-06  +5.602664e-07  +4.768270e-06  +4.888224e-06  -2.614194e-07  +4.779025e-06  -1.519842e-05  +6.477862e-08  -4.841513e-08  +1.655584e-04  -9.061314e-09  +4.165091e-07  +9.087088e-04  +4.231944e-07  -1.208777e-08  +6.918758e-04  -5.012092e-07  +2.890889e-07  +3.174246e-04  
-1.095476e-06  +3.123405e-07  -4.118280e-07  -1.600358e-06  -4.061601e-07  +4.296746e-08  +6.952489e-07  +9.298804e-07  -6.393559e-08  +9.404052e-07  -1.612916e-06  +9.520191e-09  -8.966865e-08  +8.726517e-05  -3.727340e-08  +9.926556e-08  +1.237488e-05  -1.208777e-08  +1.875667e-07  -3.798199e-04  -1.347829e-07  +5.295898e-08  -6.318252e-05  
-1.668841e-02  +5.217768e-03  +3.041747e-03  +6.514040e-03  +1.532739e-02  +7.188936e-03  +5.184644e-02  +2.858022e-02  -2.489533e-03  +5.149557e-02  -2.251768e-01  +1.019869e-03  -3.016293e-03  +1.364711e+00  -7.513531e-04  +3.146487e-03  +8.671148e+00  +6.918758e-04  -3.798199e-04  +2.011002e+01  -3.974628e-03  +1.912328e-03  +7.694071e+00  
+1.817401e-05  -6.835568e-06  +2.584404e-06  +1.517462e-05  -6.705848e-06  -3.236532e-06  -2.863901e-05  -3.659118e-05  +1.980987e-06  -3.965363e-05  +1.098338e-04  -7.554270e-07  +2.358756e-06  -1.311853e-03  +2.424643e-07  -2.687953e-06  -4.965648e-03  -5.012092e-07  -1.347829e-07  -3.974628e-03  +5.254680e-06  -2.253801e-06  -2.687153e-03  
-8.660749e-06  +3.247694e-06  -1.220732e-06  -6.606757e-06  +3.559317e-06  +1.572955e-06  +1.457895e-05  +1.723802e-05  -9.925285e-07  +2.021211e-05  -5.498110e-05  +3.214688e-07  -1.062324e-06  +5.752910e-04  +3.750618e-08  +1.284670e-06  +2.580926e-03  +2.890889e-07  +5.295898e-08  +1.912328e-03  -2.253801e-06  +1.272023e-06  +1.521894e-03  
-1.170641e-02  +3.988717e-03  +2.821540e-04  -4.097073e-03  +9.220408e-03  +3.266717e-03  +2.724630e-02  +1.770981e-02  -1.562678e-03  +3.646616e-02  -1.209398e-01  +1.875909e-04  -2.034706e-03  +5.493347e-01  +6.574453e-05  +1.922239e-03  +4.741654e+00  +3.174246e-04  -6.318252e-05  +7.694071e+00  -2.687153e-03  +1.521894e-03  +5.459486e+00  
