mean:
+3.983637e+00  +3.977828e+00  +6.113920e-01  +2.017361e+00  +1.271370e+00  +4.991960e-01  +8.369934e-01  +2.222581e+00  +3.763490e-02  +3.903342e+00  +5.925729e+00  +4.573571e+00  +3.238560e+00  +3.268157e+02  +2.590068e+00  +3.726209e+00  +4.564007e+02  +4.639714e+00  +4.959768e+00  +8.046884e+02  +3.990400e+00  +5.154262e+00  +4.365362e+02  
covariance:
+4.312597e-06  -1.804028e-06  +3.497085e-06  +1.864080e-05  -1.787757e-07  -3.925796e-08  +4.515230e-06  +6.253008e-07  -2.277844e-07  +6.952098e-06  -1.308707e-05  +8.450636e-08  -5.037628e-07  -1.028722e-04  +1.527694e-07  -1.864345e-09  +1.429628e-04  -9.934404e-08  -3.790179e-08  +1.384905e-03  +1.586990e-07  +7.442735e-08  +4.525737e-04  
-1.804028e-06  +3.001073e-06  +7.860249e-07  +2.405326e-06  +5.167453e-07  -3.349087e-07  +2.776548e-06  +1.028347e-06  -1.182309e-07  +2.410454e-06  -1.186073e-05  +2.893706e-09  -1.960819e-07  -1.589537e-04  -5.108585e-10  +1.715858e-08  +7.678221e-04  -1.458073e-07  +1.411346e-07  +1.519738e-03  -1.265313e-07  +5.899758e-08  +8.373588e-04  
+3.497085e-06  +7.860249e-07  +2.969620e-05  +8.410429e-05  +4.110479e-06  -2.617227e-06  +3.440563e-05  -1.284839e-05  -1.509872e-06  +3.858515e-05  -9.530550e-05  -3.328591e-08  -2.817283e-06  -2.477850e-03  +1.185072e-06  +2.208121e-08  +6.311658e-03  -7.496231e-07  +3.488906e-07  +1.505781e-02  -3.793930e-07  +7.950331e-07  +5.651611e-03  
+1.864080e-05  +2.405326e-06  +8.410429e-05  +5.920110e-04  -2.407314e-05  -2.240197e-06  +1.252290e-04  -7.688167e-05  -5.159426e-06  +1.392398e-04  -4.409383e-04  -3.944255e-06  -1.109999e-05  -8.474001e-03  +4.820917e-06  -2.498375e-06  -6.145716e-05  -4.525140e-06  -1.464755e-06  +4.517135e-02  +3.621816e-06  +6.947492e-06  +6.993581e-03  
-1.787757e-07  +5.167453e-07  +4.110479e-06  -2.407314e-05  +3.063315e-05  -1.892860e-06  +6.440466e-06  +5.619323e-06  -2.503294e-07  +1.241765e-05  -1.111497e-05  +4.963934e-07  +1.323889e-07  +2.112249e-04  -2.885442e-07  +4.113839e-08  +4.577082e-03  +7.824230e-07  +9.851314e-07  +6.205703e-03  -7.680128e-07  -8.408732e-07  +4.439190e-03  
-3.925796e-08  -3.349087e-07  -2.617227e-06  -2.240197e-06  -1.892860e-06  +7.309451e-07  -4.300782e-06  -2.298326e-07  +1.656942e-07  -3.728730e-06  +1.047555e-05  +1.107139e-08  +2.453291e-07  +1.724399e-04  +6.721465e-08  -1.267375e-07  -1.310709e-03  -1.159473e-07  -1.636478e-07  -2.188195e-03  +1.409295e-07  +4.153385e-09  -1.060888e-03  
+4.515230e-06  +2.776548e-06  +3.440563e-05  +1.252290e-04  +6.440466e-06  -4.300782e-06  +5.979717e-05  -1.257248e-06  -2.482312e-06  +6.301379e-05  -1.774562e-04  -7.311816e-07  -3.927209e-06  -3.611734e-03  +5.155882e-07  +5.564059e-07  +1.035709e-02  -5.476273e-07  +6.116783e-07  +2.571314e-02  -5.459794e-07  +1.086875e-06  +9.793396e-03  
+6.253008e-07  +1.028347e-06  -1.284839e-05  -7.688167e-05  +5.619323e-06  -2.298326e-07  -1.257248e-06  +6.535787e-05  +2.726531e-08  +9.450472e-06  -1.983922e-06  +1.002569e-06  +1.183903e-06  +9.362945e-04  -8.378201e-07  +1.151872e-06  +4.477143e-03  +6.142675e-07  +5.009625e-07  +2.824853e-04  -1.163264e-06  -7.014124e-07  +4.495541e-03  
-2.277844e-07  -1.182309e-07  -1.509872e-06  -5.159426e-06  -2.503294e-07  +1.656942e-07  -2.482312e-06  +2.726531e-08  +1.303843e-07  -2.902976e-06  +6.904495e-06  +2.318078e-08  +1.746993e-07  +1.290577e-04  -4.684943e-08  -1.772819e-08  -4.350808e-04  +4.824950e-08  -1.689345e-08  -1.009963e-03  +3.642129e-08  -3.263266e-08  -4.899269e-04  
+6.952098e-06  +2.410454e-06  +3.858515e-05  +1.392398e-04  +1.241765e-05  -3.728730e-06  +6.301379e-05  +9.450472e-06  -2.902976e-06  +8.732242e-05  -1.814921e-04  -2.370117e-07  -4.384629e-06  -2.697743e-03  +1.684978e-06  +1.226902e-08  +1.099655e-02  -1.464045e-06  +9.960761e-07  +2.527451e-02  -7.966650e-07  +1.027067e-06  +1.443928e-02  
-1.308707e-05  -1.186073e-05  -9.530550e-05  -4.409383e-04  -1.111497e-05  +1.047555e-05  -1.774562e-04  -1.983922e-06  +6.904495e-06  -1.814921e-04  +6.535342e-04  +1.613222e-06  +1.156593e-05  +1.360785e-02  -1.974074e-06  -6.356888e-07  -2.579092e-02  +2.489819e-06  -2.824968e-06  -8.452572e-02  -2.733213e-07  -5.548741e-06  -1.894362e-02  
+8.450636e-08  +2.893706e-09  -3.328591e-08  -3.944255e-06  +4.963934e-07  +1.107139e-08  -7.311816e-07  +1.002569e-06  +2.318078e-08  -2.370117e-07  +1.613222e-06  +2.606299e-07  -2.892579e-08  +1.237943e-05  +2.905814e-08  -3.478841e-09  +1.172536e-04  -1.227409e-08  +5.796190e-08  -1.336393e-04  -4.453308e-08  -9.540225e-08  +2.138079e-05  
-5.037628e-07  -1.960819e-07  -2.817283e-06  -1.109999e-05  +1.323889e-07  +2.453291e-07  -3.927209e-06  +1.183903e-06  +1.746993e-07  -4.384629e-06  +1.156593e-05  -2.892579e-08  +5.799793e-07  +2.570542e-04  -1.140904e-07  -7.094527e-09  -5.624297e-04  +1.291161e-07  -1.556216e-08  -1.487269e-03  -1.386541e-08  -2.872793e-08  -5.362703e-04  
-1.028722e-04  -1.589537e-04  -2.477850e-03  -8.474001e-03  +2.112249e-04  +1.724399e-04  -3.611734e-03  +9.362945e-04  +1.290577e-04  -2.697743e-03  +1.360785e-02  +1.237943e-05  +2.570542e-04  +6.204273e-01  -5.599172e-05  -5.251977e-05  -5.999472e-01  -8.675167e-06  +3.420246e-05  -1.962483e+00  -1.339620e-06  -1.341542e-04  +7.503795e-02  
+1.527694e-07  -5.108585e-10  +1.185072e-06  +4.820917e-06  -2.885442e-07  +6.721465e-08  +5.155882e-07  -8.378201e-07  -4.684943e-08  +1.684978e-06  -1.974074e-06  +2.905814e-08  -1.140904e-07  -5.599172e-05  +3.019673e-07  -5.850916e-08  -1.102761e-04  -1.454224e-07  +1.384290e-08  +7.311333e-05  -9.206350e-09  +8.976639e-08  +1.593857e-04  
-1.864345e-09  +1.715858e-08  +2.208121e-08  -2.498375e-06  +4.113839e-08  -1.267375e-07  +5.564059e-07  +1.151872e-06  -1.772819e-08  +1.226902e-08  -6.356888e-07  -3.478841e-09  -7.094527e-09  -5.251977e-05  -5.850916e-08  +2.704947e-07  +2.076732e-04  +7.661173e-10  -1.478211e-08  +3.148274e-04  -9.914714e-08  -5.192641e-08  +2.150294e-04  
+1.429628e-04  +7.678221e-04  +6.311658e-03  -6.145716e-05  +4.577082e-03  -1.310709e-03  +1.035709e-02  +4.477143e-03  -4.350808e-04  +1.099655e-02  -2.579092e-02  +1.172536e-04  -5.624297e-04  -5.999472e-01  -1.102761e-04  +2.076732e-04  +3.820275e+00  +2.403162e-04  +3.149782e-04  +5.195617e+00  -4.184589e-04  -1.342916e-04  +2.746959e+00  
-9.934404e-08  -1.458073e-07  -7.496231e-07  -4.525140e-06  +7.824230e-07  -1.159473e-07  -5.476273e-07  +6.142675e-07  +4.824950e-08  -1.464045e-06  +2.489819e-06  -1.227409e-08  +1.291161e-07  -8.675167e-06  -1.454224e-07  +7.661173e-10  +2.403162e-04  +3.855332e-07  +3.454398e-08  -1.014767e-04  +6.027607e-08  -2.887460e-08  -2.770073e-04  
-3.790179e-08  +1.411346e-07  +3.488906e-07  -1.464755e-06  +9.851314e-07  -1.636478e-07  +6.116783e-07  +5.009625e-07  -1.689345e-08  +9.960761e-07  -2.824968e-06  +5.796190e-08  -1.556216e-08  +3.420246e-05  +1.384290e-08  -1.478211e-08  +3.149782e-04  +3.454398e-08  +2.751838e-07  +4.902372e-04  -1.681079e-08  -2.881279e-09  +2.543257e-04  
+1.384905e-03  +1.519738e-03  +1.505781e-02  +4.517135e-02  +6.205703e-03  -2.188195e-03  +2.571314e-02  +2.824853e-04  -1.009963e-03  +2.527451e-02  -8.452572e-02  -1.336393e-04  -1.487269e-03  -1.962483e+00  +7.311333e-05  +3.148274e-04  +5.195617e+00  -1.014767e-04  +4.902372e-04  +1.362370e+01  -3.657418e-04  +4.663089e-04  +3.947087e+00  
+1.586990e-07  -1.265313e-07  -3.793930e-07  +3.621816e-06  -7.680128e-07  +1.409295e-07  -5.459794e-07  -1.163264e-06  +3.642129e-08  -7.966650e-07  -2.733213e-07  -4.453308e-08  -1.386541e-08  -1.339620e-06  -9.206350e-09  -9.914714e-08  -4.184589e-04  +6.027607e-08  -1.681079e-08  -3.657418e-04  +2.713392e-07  +1.106755e-07  -5.440632e-04  
+7.442735e-08  +5.899758e-08  +7.950331e-07  +6.947492e-06  -8.408732e-07  +4.153385e-09  +1.086875e-06  -7.014124e-07  -3.263266e-08  +1.027067e-06  -5.548741e-06  -9.540225e-08  -2.872793e-08  -1.341542e-04  +8.976639e-08  -5.192641e-08  -1.342916e-04  -2.887460e-08  -2.881279e-09  +4.663089e-04  +1.106755e-07  +2.931357e-07  -1.277464e-04  
+4.525737e-04  +8.373588e-04  +5.651611e-03  +6.993581e-03  +4.439190e-03  -1.060888e-03  +9.793396e-03  +4.495541e-03  -4.899269e-04  +1.443928e-02  -1.894362e-02  +2.138079e-05  -5.362703e-04  +7.503795e-02  +1.593857e-04  +2.150294e-04  +2.746959e+00  -2.770073e-04  +2.543257e-04  +3.947087e+00  -5.440632e-04  -1.277464e-04  +4.481569e+00  
