mean:
+3.924313e+00  +3.907746e+00  +6.430280e-01  -1.110057e+00  +1.687731e+00  +5.934195e-01  +9.211851e-01  +2.047953e+00  +1.435103e-01  +1.979117e+00  +4.726615e+00  +1.905511e+00  +3.007144e+00  +8.099355e+02  +4.960136e+00  +4.479815e+00  +2.016922e+03  
covariance:
+3.593211e-05  +1.149686e-05  -1.722859e-06  +1.088126e-05  -1.200937e-05  -2.319572e-06  -7.265540e-06  -4.391638e-06  +1.808064e-06  -1.591846e-06  -9.650664e-06  +4.591649e-07  -3.213551e-08  -5.349364e-04  +4.019097e-07  +3.448110e-07  -1.055955e-03  
+1.149686e-05  +1.494326e-05  +1.059719e-05  +8.588552e-06  -9.996044e-06  -1.378687e-06  -1.321359e-06  -3.655750e-05  +1.607725e-06  -9.263185e-08  -8.948566e-05  +3.745891e-07  +7.623035e-07  +5.720075e-04  +3.091112e-07  +1.213215e-07  -3.070372e-03  
-1.722859e-06  +1.059719e-05  +2.078767e-04  +2.905427e-04  +8.642657e-05  -2.590357e-05  +1.104016e-04  -4.716131e-04  +7.499166e-06  +8.241051e-05  -1.627299e-03  -1.132911e-08  +5.253405e-06  +2.146008e-02  +2.213351e-06  -5.838682e-07  +5.106017e-03  
+1.088126e-05  +8.588552e-06  +2.905427e-04  +1.286071e-03  +2.235436e-04  -5.673818e-05  +2.392874e-04  -8.057450e-04  -1.223933e-05  +4.326024e-04  -3.452443e-03  -3.189374e-06  +2.243454e-07  +5.910960e-02  +4.624815e-06  -5.406949e-07  +5.386468e-02  
-1.200937e-05  -9.996044e-06  +8.642657e-05  +2.235436e-04  +2.112206e-04  -1.927329e-05  +9.648625e-05  -3.130593e-04  -3.494264e-06  +1.120298e-04  -1.131115e-03  +1.354247e-06  -1.849745e-06  +2.333388e-02  +1.520008e-06  -2.295010e-06  +2.881338e-02  
-2.319572e-06  -1.378687e-06  -2.590357e-05  -5.673818e-05  -1.927329e-05  +1.138275e-05  -2.315301e-05  +1.374553e-04  -4.041958e-07  -2.686652e-05  +3.320762e-04  -5.236388e-07  -4.799849e-07  -5.405360e-03  -2.599664e-07  -2.097574e-07  -2.136478e-03  
-7.265540e-06  -1.321359e-06  +1.104016e-04  +2.392874e-04  +9.648625e-05  -2.315301e-05  +1.002556e-04  -3.630272e-04  -1.908515e-06  +1.006951e-04  -1.158850e-03  +1.655347e-06  +7.014026e-07  +2.036447e-02  +1.227028e-06  -6.015692e-07  +1.284788e-02  
-4.391638e-06  -3.655750e-05  -4.716131e-04  -8.057450e-04  -3.130593e-04  +1.374553e-04  -3.630272e-04  +2.333192e-03  -5.806225e-06  -4.051331e-04  +5.194896e-03  -7.094512e-06  -1.160303e-05  -8.081487e-02  -5.205999e-06  -2.041064e-06  -6.864777e-02  
+1.808064e-06  +1.607725e-06  +7.499166e-06  -1.223933e-05  -3.494264e-06  -4.041958e-07  -1.908515e-06  -5.806225e-06  +3.435450e-06  -1.714574e-05  -3.486304e-05  -6.753044e-08  +6.027313e-07  -7.228281e-04  +1.027391e-07  +4.341014e-08  -2.729683e-03  
-1.591846e-06  -9.263185e-08  +8.241051e-05  +4.326024e-04  +1.120298e-04  -2.686652e-05  +1.006951e-04  -4.051331e-04  -1.714574e-05  +2.597611e-04  -1.250119e-03  +8.263163e-07  -9.517269e-07  +2.853564e-02  +1.558385e-06  -6.040466e-07  +3.224834e-02  
-9.650664e-06  -8.948566e-05  -1.627299e-03  -3.452443e-03  -1.131115e-03  +3.320762e-04  -1.158850e-03  +5.194896e-03  -3.486304e-05  -1.250119e-03  +1.695585e-02  -1.276335e-05  -2.899962e-05  -2.645419e-01  -2.075394e-05  +5.486007e-06  -1.302663e-01  
+4.591649e-07  +3.745891e-07  -1.132911e-08  -3.189374e-06  +1.354247e-06  -5.236388e-07  +1.655347e-06  -7.094512e-06  -6.753044e-08  +8.263163e-07  -1.276335e-05  +8.151527e-07  -9.812701e-08  +2.054776e-04  +3.598789e-08  -1.400042e-07  -9.893312e-04  
-3.213551e-08  +7.623035e-07  +5.253405e-06  +2.243454e-07  -1.849745e-06  -4.799849e-07  +7.014026e-07  -1.160303e-05  +6.027313e-07  -9.517269e-07  -2.899962e-05  -9.812701e-08  +8.286810e-07  +2.318337e-04  +7.984689e-08  +3.782836e-08  -3.341019e-04  
-5.349364e-04  +5.720075e-04  +2.146008e-02  +5.910960e-02  +2.333388e-02  -5.405360e-03  +2.036447e-02  -8.081487e-02  -7.228281e-04  +2.853564e-02  -2.645419e-01  +2.054776e-04  +2.318337e-04  +6.190726e+00  +2.701401e-04  -1.637068e-04  +4.123767e+00  
+4.019097e-07  +3.091112e-07  +2.213351e-06  +4.624815e-06  +1.520008e-06  -2.599664e-07  +1.227028e-06  -5.205999e-06  +1.027391e-07  +1.558385e-06  -2.075394e-05  +3.598789e-08  +7.984689e-08  +2.701401e-04  +2.555279e-07  +2.492469e-09  +1.236790e-04  
+3.448110e-07  +1.213215e-07  -5.838682e-07  -5.406949e-07  -2.295010e-06  -2.097574e-07  -6.015692e-07  -2.041064e-06  +4.341014e-08  -6.040466e-07  +5.486007e-06  -1.400042e-07  +3.782836e-08  -1.637068e-04  +2.492469e-09  +3.611543e-07  +4.854769e-05  
-1.055955e-03  -3.070372e-03  +5.106017e-03  +5.386468e-02  +2.881338e-02  -2.136478e-03  +1.284788e-02  -6.864777e-02  -2.729683e-03  +3.224834e-02  -1.302663e-01  -9.893312e-04  -3.341019e-04  +4.123767e+00  +1.236790e-04  +4.854769e-05  +2.102625e+01  
