mean:
+3.968111e+00  +3.992171e+00  +8.547798e-01  +1.360156e+00  +1.238572e+00  +4.012771e-01  +8.218583e-01  +1.393703e+00  +1.664432e-01  +1.907688e+00  +5.943647e+00  +3.610936e+00  +2.920789e+00  +2.027659e+02  +4.261188e+00  +5.129048e+00  +2.813267e+02  +5.236164e+00  +3.830763e+00  +3.265871e+02  +2.800115e+00  +4.479999e+00  +3.966445e+02  
covariance:
+1.405576e-06  +1.033148e-07  +4.532731e-06  +2.535441e-05  +1.758945e-06  +1.879097e-06  -1.063222e-06  +1.650965e-06  -3.445311e-06  +2.343293e-05  -1.145603e-05  +2.830382e-08  +5.350216e-07  -2.903914e-04  -1.084972e-06  -2.174896e-08  +1.035433e-03  +1.347719e-07  +1.491122e-07  +7.461337e-04  +1.364242e-07  +7.421898e-08  +8.856884e-04  
+1.033148e-07  +2.852420e-06  +6.513624e-07  +7.365820e-06  +5.055945e-07  +5.304164e-07  -7.707044e-07  +7.481771e-07  -1.069192e-06  +7.402445e-06  -3.517303e-06  -7.466922e-08  +1.852280e-07  +1.518470e-04  -3.663403e-07  -1.709062e-08  +1.176533e-04  -4.602787e-08  +2.197035e-08  +2.781610e-04  +1.238475e-07  +3.340329e-08  +3.864765e-04  
+4.532731e-06  +6.513624e-07  +8.695456e-05  +4.483123e-04  +3.070385e-05  +3.748282e-05  -1.863122e-05  +3.606580e-05  -3.655205e-05  +2.687909e-04  -1.778219e-04  +1.499793e-06  +6.071392e-06  -6.698715e-03  -1.000676e-05  +2.129433e-07  +1.658325e-02  +1.115109e-06  +1.120369e-06  +1.014969e-02  +5.108373e-07  +1.631219e-08  +9.919475e-03  
+2.535441e-05  +7.365820e-06  +4.483123e-04  +3.032255e-03  +2.332129e-04  +2.864599e-04  -1.035270e-04  +1.360671e-04  -1.991207e-04  +1.495343e-03  -1.330437e-03  +5.098475e-06  +5.369133e-05  -4.415469e-02  -6.015136e-05  +5.277465e-06  +1.009773e-01  +7.784404e-06  +5.880917e-06  +6.545376e-02  +4.350054e-06  +2.622764e-06  +4.596384e-02  
+1.758945e-06  +5.055945e-07  +3.070385e-05  +2.332129e-04  +6.368459e-05  +2.435125e-05  -3.531641e-06  +9.819389e-06  -1.878474e-05  +1.367904e-04  -1.087778e-04  -2.842773e-07  +6.873275e-06  -3.497973e-03  -7.285054e-06  +7.352234e-07  +9.699806e-03  +2.414079e-06  +1.031773e-07  +6.758827e-03  -7.633702e-08  +7.446272e-07  +3.117395e-03  
+1.879097e-06  +5.304164e-07  +3.748282e-05  +2.864599e-04  +2.435125e-05  +3.309856e-05  -1.479086e-05  -1.491604e-06  -1.250689e-05  +1.090262e-04  -1.360447e-04  +1.923281e-07  +5.002028e-06  -3.467255e-03  -2.726644e-06  +9.560424e-07  +9.557381e-03  +5.964057e-07  -1.383200e-07  +5.130948e-03  +7.514807e-08  +5.405042e-07  +2.853983e-03  
-1.063222e-06  -7.707044e-07  -1.863122e-05  -1.035270e-04  -3.531641e-06  -1.479086e-05  +2.905503e-05  +1.952963e-05  +2.700385e-06  -5.782510e-05  +5.948674e-05  -8.003689e-07  +7.350611e-07  -2.178265e-03  -3.142503e-06  +2.255235e-07  -2.369726e-03  +1.133312e-06  +7.824769e-07  +1.149929e-03  -1.575667e-07  -7.067056e-07  -2.042463e-03  
+1.650965e-06  +7.481771e-07  +3.606580e-05  +1.360671e-04  +9.819389e-06  -1.491604e-06  +1.952963e-05  +2.411269e-04  -1.734115e-05  +8.664598e-05  +6.071878e-06  -5.162364e-08  +4.730393e-06  -6.056722e-03  -7.278893e-06  +1.171150e-06  +2.524353e-03  -9.442035e-07  +1.440271e-06  +6.573563e-03  +9.219730e-07  -2.431740e-06  +2.691692e-03  
-3.445311e-06  -1.069192e-06  -3.655205e-05  -1.991207e-04  -1.878474e-05  -1.250689e-05  +2.700385e-06  -1.734115e-05  +2.987461e-05  -1.969923e-04  +7.947702e-05  -2.447267e-07  -4.894760e-06  +3.171939e-03  +1.059262e-05  -1.194149e-07  -8.891453e-03  -1.607934e-06  -1.662364e-06  -8.396416e-03  -8.658902e-07  -4.046476e-07  -8.218485e-03  
+2.343293e-05  +7.402445e-06  +2.687909e-04  +1.495343e-03  +1.367904e-04  +1.090262e-04  -5.782510e-05  +8.664598e-05  -1.969923e-04  +1.371692e-03  -6.313033e-04  +2.647220e-06  +3.186253e-05  -1.863237e-02  -6.499560e-05  +8.993893e-07  +6.316524e-02  +9.259515e-06  +9.767061e-06  +5.387414e-02  +5.626240e-06  +3.674869e-06  +5.573780e-02  
-1.145603e-05  -3.517303e-06  -1.778219e-04  -1.330437e-03  -1.087778e-04  -1.360447e-04  +5.948674e-05  +6.071878e-06  +7.947702e-05  -6.313033e-04  +8.277778e-04  -5.449080e-07  -2.712641e-05  +1.480922e-02  +3.404907e-05  -6.910936e-07  -4.116599e-02  -6.165692e-06  -1.480596e-06  -2.142472e-02  -2.528768e-06  -1.933217e-06  -1.305660e-02  
+2.830382e-08  -7.466922e-08  +1.499793e-06  +5.098475e-06  -2.842773e-07  +1.923281e-07  -8.003689e-07  -5.162364e-08  -2.447267e-07  +2.647220e-06  -5.449080e-07  +6.721807e-07  -1.816780e-07  +1.554818e-05  +1.776740e-07  -1.669257e-07  -1.140451e-04  -1.867093e-07  -9.709513e-08  +1.271280e-04  +7.097199e-10  +5.265736e-08  +1.673349e-04  
+5.350216e-07  +1.852280e-07  +6.071392e-06  +5.369133e-05  +6.873275e-06  +5.002028e-06  +7.350611e-07  +4.730393e-06  -4.894760e-06  +3.186253e-05  -2.712641e-05  -1.816780e-07  +2.787093e-06  -1.219240e-03  -2.603652e-06  +2.338586e-07  +1.628441e-03  +3.905325e-07  +1.827181e-07  +2.014940e-03  +2.495694e-07  +3.513790e-07  +9.799340e-04  
-2.903914e-04  +1.518470e-04  -6.698715e-03  -4.415469e-02  -3.497973e-03  -3.467255e-03  -2.178265e-03  -6.056722e-03  +3.171939e-03  -1.863237e-02  +1.480922e-02  +1.554818e-05  -1.219240e-03  +2.305924e+00  +1.011525e-03  +9.669010e-05  -1.485214e+00  -2.829706e-04  -9.871940e-05  -1.414257e+00  -5.454294e-05  +1.633375e-04  -3.440470e-01  
-1.084972e-06  -3.663403e-07  -1.000676e-05  -6.015136e-05  -7.285054e-06  -2.726644e-06  -3.142503e-06  -7.278893e-06  +1.059262e-05  -6.499560e-05  +3.404907e-05  +1.776740e-07  -2.603652e-06  +1.011525e-03  +6.400598e-06  -1.695757e-07  -2.960868e-03  -9.932836e-07  -9.483337e-07  -3.358435e-03  -2.708345e-07  -2.887873e-07  -2.971958e-03  
-2.174896e-08  -1.709062e-08  +2.129433e-07  +5.277465e-06  +7.352234e-07  +9.560424e-07  +2.255235e-07  +1.171150e-06  -1.194149e-07  +8.993893e-07  -6.910936e-07  -1.669257e-07  +2.338586e-07  +9.669010e-05  -1.695757e-07  +6.710545e-07  +4.984673e-04  +1.770140e-07  +2.030998e-07  +3.854351e-04  -9.081694e-08  +4.930878e-08  +1.672002e-04  
+1.035433e-03  +1.176533e-04  +1.658325e-02  +1.009773e-01  +9.699806e-03  +9.557381e-03  -2.369726e-03  +2.524353e-03  -8.891453e-03  +6.316524e-02  -4.116599e-02  -1.140451e-04  +1.628441e-03  -1.485214e+00  -2.960868e-03  +4.984673e-04  +5.493247e+00  +7.761724e-04  +5.228363e-04  +3.064490e+00  -2.184172e-05  -3.990474e-05  +2.901967e+00  
+1.347719e-07  -4.602787e-08  +1.115109e-06  +7.784404e-06  +2.414079e-06  +5.964057e-07  +1.133312e-06  -9.442035e-07  -1.607934e-06  +9.259515e-06  -6.165692e-06  -1.867093e-07  +3.905325e-07  -2.829706e-04  -9.932836e-07  +1.770140e-07  +7.761724e-04  +6.801824e-07  +1.743945e-07  +5.184542e-04  -8.011174e-08  +1.371669e-08  +3.297243e-04  
+1.491122e-07  +2.197035e-08  +1.120369e-06  +5.880917e-06  +1.031773e-07  -1.383200e-07  +7.824769e-07  +1.440271e-06  -1.662364e-06  +9.767061e-06  -1.480596e-06  -9.709513e-08  +1.827181e-07  -9.871940e-05  -9.483337e-07  +2.030998e-07  +5.228363e-04  +1.743945e-07  +7.306479e-07  +5.531089e-04  +6.654034e-08  -4.361860e-08  +7.161376e-04  
+7.461337e-04  +2.781610e-04  +1.014969e-02  +6.545376e-02  +6.758827e-03  +5.130948e-03  +1.149929e-03  +6.573563e-03  -8.396416e-03  +5.387414e-02  -2.142472e-02  +1.271280e-04  +2.014940e-03  -1.414257e+00  -3.358435e-03  +3.854351e-04  +3.064490e+00  +5.184542e-04  +5.531089e-04  +4.602221e+00  +6.065190e-05  +2.681429e-04  +3.060699e+00  
+1.364242e-07  +1.238475e-07  +5.108373e-07  +4.350054e-06  -7.633702e-08  +7.514807e-08  -1.575667e-07  +9.219730e-07  -8.658902e-07  +5.626240e-06  -2.528768e-06  +7.097199e-10  +2.495694e-07  -5.454294e-05  -2.708345e-07  -9.081694e-08  -2.184172e-05  -8.011174e-08  +6.654034e-08  +6.065190e-05  +3.711178e-07  -9.397021e-09  +1.988724e-04  
+7.421898e-08  +3.340329e-08  +1.631219e-08  +2.622764e-06  +7.446272e-07  +5.405042e-07  -7.067056e-07  -2.431740e-06  -4.046476e-07  +3.674869e-06  -1.933217e-06  +5.265736e-08  +3.513790e-07  +1.633375e-04  -2.887873e-07  +4.930878e-08  -3.990474e-05  +1.371669e-08  -4.361860e-08  +2.681429e-04  -9.397021e-09  +5.297160e-07  +1.878282e-04  
+8.856884e-04  +3.864765e-04  +9.919475e-03  +4.596384e-02  +3.117395e-03  +2.853983e-03  -2.042463e-03  +2.691692e-03  -8.218485e-03  +5.573780e-02  -1.305660e-02  +1.673349e-04  +9.799340e-04  -3.440470e-01  -2.971958e-03  +1.672002e-04  +2.901967e+00  +3.297243e-04  +7.161376e-04  +3.060699e+00  +1.988724e-04  +1.878282e-04  +4.264628e+00  
