mean:
+3.984046e+00  +3.979554e+00  +6.078838e-01  +1.965518e+00  +1.250261e+00  +4.988896e-01  +8.217535e-01  +2.217740e+00  +3.702419e-02  +3.882382e+00  +5.938022e+00  +4.573037e+00  +3.237986e+00  +3.249106e+02  +2.590293e+00  +3.725764e+00  +4.554900e+02  +4.640370e+00  +4.959814e+00  +8.071535e+02  +3.990706e+00  +5.154440e+00  +4.363702e+02  
covariance:
+3.564669e-06  -1.830994e-06  -2.667968e-07  -3.413000e-06  -2.028988e-06  +8.776082e-07  +4.892159e-07  -2.056224e-06  -8.049918e-08  +2.339555e-06  +4.253160e-06  +5.985356e-08  -4.494105e-07  +1.059778e-05  -1.740332e-07  +2.968125e-09  +6.433870e-04  +9.704650e-08  +9.841610e-08  -7.400708e-04  +2.314005e-07  -1.173798e-07  +1.552897e-04  
-1.830994e-06  +3.297773e-06  +6.555491e-07  -2.633364e-06  +2.867625e-06  -1.071231e-06  +1.763808e-06  +5.909474e-06  -8.831500e-08  +8.255123e-07  -7.305751e-06  +6.425655e-08  +1.482792e-07  -1.085199e-04  +1.022883e-07  +1.240412e-07  -2.214331e-05  -8.103047e-08  -1.514485e-07  +1.325204e-03  -2.283129e-07  +1.139875e-07  +6.633414e-04  
-2.667968e-07  +6.555491e-07  +1.155568e-05  -5.763091e-07  -2.750588e-06  -2.014389e-06  +6.151449e-06  +1.630991e-05  -3.872506e-07  +1.388787e-05  -1.804757e-05  +2.374024e-07  +2.333599e-07  +3.512721e-04  +8.700263e-07  -1.433119e-07  +1.099239e-03  -6.327413e-07  -1.033818e-07  +1.480379e-03  +5.481367e-07  +3.129183e-07  +3.568160e-03  
-3.413000e-06  -2.633364e-06  -5.763091e-07  +2.006598e-04  -7.569609e-06  +4.181572e-06  -4.997552e-05  -7.761716e-05  +2.425347e-06  -5.309345e-05  +3.275809e-05  -1.072044e-06  +7.431887e-06  +2.070634e-03  -6.367664e-07  -3.444220e-06  -1.569204e-02  -1.293446e-06  -9.792842e-07  -2.145808e-02  +5.950874e-07  +5.826636e-07  -1.782673e-02  
-2.028988e-06  +2.867625e-06  -2.750588e-06  -7.569609e-06  +4.274084e-05  -9.370306e-06  +1.065415e-05  +3.757472e-05  -2.433215e-07  +7.418792e-06  -7.172898e-05  -6.262253e-07  +8.187868e-07  +1.382571e-03  -5.623818e-07  +4.939072e-07  +7.531766e-04  +2.805437e-07  -1.915321e-07  +1.153589e-02  -1.265678e-06  +3.663681e-07  +4.228408e-03  
+8.776082e-07  -1.071231e-06  -2.014389e-06  +4.181572e-06  -9.370306e-06  +5.031514e-06  -7.077884e-06  -1.686513e-05  +1.902263e-07  -2.538405e-06  +3.556721e-05  +3.354549e-07  -4.733998e-07  -7.015619e-04  +3.120494e-08  +1.361660e-07  -8.867121e-04  -1.099461e-07  +2.424121e-07  -5.931788e-03  +4.349198e-07  -3.788358e-07  -2.969632e-03  
+4.892159e-07  +1.763808e-06  +6.151449e-06  -4.997552e-05  +1.065415e-05  -7.077884e-06  +2.385330e-05  +4.157853e-05  -1.011949e-06  +2.071305e-05  -5.633219e-05  +1.180287e-07  -1.116471e-06  +5.480205e-04  +1.170917e-07  +6.535361e-07  +5.242047e-03  +2.190622e-07  -1.528937e-07  +1.281107e-02  -5.643055e-07  +5.656707e-07  +8.593407e-03  
-2.056224e-06  +5.909474e-06  +1.630991e-05  -7.761716e-05  +3.757472e-05  -1.686513e-05  +4.157853e-05  +1.282763e-04  -1.901450e-06  +6.007339e-05  -1.415724e-04  +8.577883e-07  -1.150099e-06  +1.942339e-03  +1.110385e-06  +1.487376e-06  +8.490337e-03  -4.028554e-07  +4.801705e-07  +2.672464e-02  -3.635540e-07  +2.012603e-06  +1.771246e-02  
-8.049918e-08  -8.831500e-08  -3.872506e-07  +2.425347e-06  -2.433215e-07  +1.902263e-07  -1.011949e-06  -1.901450e-06  +7.092173e-08  -1.378859e-06  +1.746337e-06  -2.572686e-08  +8.287258e-08  -8.434099e-06  -1.466297e-08  -3.549297e-08  -2.612345e-04  +2.932573e-09  -1.145637e-08  -4.412619e-04  +8.516665e-10  -1.781175e-08  -3.819451e-04  
+2.339555e-06  +8.255123e-07  +1.388787e-05  -5.309345e-05  +7.418792e-06  -2.538405e-06  +2.071305e-05  +6.007339e-05  -1.378859e-06  +5.434784e-05  -3.919890e-05  +9.675078e-07  -2.590819e-06  +2.050052e-04  +7.936958e-07  +1.149708e-06  +6.447320e-03  -5.824149e-07  +9.557312e-07  +6.990802e-03  +1.185873e-06  +7.279194e-07  +9.409213e-03  
+4.253160e-06  -7.305751e-06  -1.804757e-05  +3.275809e-05  -7.172898e-05  +3.556721e-05  -5.633219e-05  -1.415724e-04  +1.746337e-06  -3.919890e-05  +3.036221e-04  +1.843994e-06  -2.577145e-06  -5.552103e-03  +8.465679e-07  +6.314720e-08  -6.343227e-03  +2.009687e-07  +1.930836e-06  -4.326349e-02  +2.910471e-06  -3.451717e-06  -2.347420e-02  
+5.985356e-08  +6.425655e-08  +2.374024e-07  -1.072044e-06  -6.262253e-07  +3.354549e-07  +1.180287e-07  +8.577883e-07  -2.572686e-08  +9.675078e-07  +1.843994e-06  +3.151155e-07  -5.669121e-08  -3.199129e-05  +4.168173e-08  +5.839938e-08  +4.714350e-05  -6.810057e-08  +2.141579e-08  -1.050218e-04  +1.967717e-08  -4.826078e-08  +3.393987e-05  
-4.494105e-07  +1.482792e-07  +2.333599e-07  +7.431887e-06  +8.187868e-07  -4.733998e-07  -1.116471e-06  -1.150099e-06  +8.287258e-08  -2.590819e-06  -2.577145e-06  -5.669121e-08  +7.773602e-07  +1.617098e-04  +1.736748e-08  -1.025004e-07  -7.775244e-04  -5.537835e-08  -1.168577e-07  +1.296381e-04  -8.223247e-08  +1.620195e-07  -6.461427e-05  
+1.059778e-05  -1.085199e-04  +3.512721e-04  +2.070634e-03  +1.382571e-03  -7.015619e-04  +5.480205e-04  +1.942339e-03  -8.434099e-06  +2.050052e-04  -5.552103e-03  -3.199129e-05  +1.617098e-04  +3.368633e-01  -4.660400e-05  -1.369224e-04  +3.791480e-02  +3.648028e-05  +3.007279e-05  +7.395509e-01  +1.567027e-05  +5.519318e-05  +1.866122e-01  
-1.740332e-07  +1.022883e-07  +8.700263e-07  -6.367664e-07  -5.623818e-07  +3.120494e-08  +1.170917e-07  +1.110385e-06  -1.466297e-08  +7.936958e-07  +8.465679e-07  +4.168173e-08  +1.736748e-08  -4.660400e-05  +2.923650e-07  +2.259126e-08  +4.770299e-06  -4.348168e-08  +7.798626e-08  -9.100621e-05  +1.014698e-07  -1.718420e-08  +2.790572e-04  
+2.968125e-09  +1.240412e-07  -1.433119e-07  -3.444220e-06  +4.939072e-07  +1.361660e-07  +6.535361e-07  +1.487376e-06  -3.549297e-08  +1.149708e-06  +6.314720e-08  +5.839938e-08  -1.025004e-07  -1.369224e-04  +2.259126e-08  +2.483891e-07  +1.173114e-04  -3.835821e-08  -2.484490e-09  +2.663779e-04  -2.777988e-08  +1.561660e-08  +1.779320e-04  
+6.433870e-04  -2.214331e-05  +1.099239e-03  -1.569204e-02  +7.531766e-04  -8.867121e-04  +5.242047e-03  +8.490337e-03  -2.612345e-04  +6.447320e-03  -6.343227e-03  +4.714350e-05  -7.775244e-04  +3.791480e-02  +4.770299e-06  +1.173114e-04  +1.968010e+00  +1.582587e-04  +1.464617e-04  +2.364191e+00  +1.850930e-05  -3.295399e-05  +1.565504e+00  
+9.704650e-08  -8.103047e-08  -6.327413e-07  -1.293446e-06  +2.805437e-07  -1.099461e-07  +2.190622e-07  -4.028554e-07  +2.932573e-09  -5.824149e-07  +2.009687e-07  -6.810057e-08  -5.537835e-08  +3.648028e-05  -4.348168e-08  -3.835821e-08  +1.582587e-04  +2.203259e-07  +4.629744e-08  +2.786548e-04  +1.073851e-08  -1.552134e-08  +2.729973e-06  
+9.841610e-08  -1.514485e-07  -1.033818e-07  -9.792842e-07  -1.915321e-07  +2.424121e-07  -1.528937e-07  +4.801705e-07  -1.145637e-08  +9.557312e-07  +1.930836e-06  +2.141579e-08  -1.168577e-07  +3.007279e-05  +7.798626e-08  -2.484490e-09  +1.464617e-04  +4.629744e-08  +2.135203e-07  -9.599050e-05  +1.204536e-07  -3.519514e-08  -9.489410e-05  
-7.400708e-04  +1.325204e-03  +1.480379e-03  -2.145808e-02  +1.153589e-02  -5.931788e-03  +1.281107e-02  +2.672464e-02  -4.412619e-04  +6.990802e-03  -4.326349e-02  -1.050218e-04  +1.296381e-04  +7.395509e-01  -9.100621e-05  +2.663779e-04  +2.364191e+00  +2.786548e-04  -9.599050e-05  +9.652306e+00  -6.143234e-04  +5.157873e-04  +4.433864e+00  
+2.314005e-07  -2.283129e-07  +5.481367e-07  +5.950874e-07  -1.265678e-06  +4.349198e-07  -5.643055e-07  -3.635540e-07  +8.516665e-10  +1.185873e-06  +2.910471e-06  +1.967717e-08  -8.223247e-08  +1.567027e-05  +1.014698e-07  -2.777988e-08  +1.850930e-05  +1.073851e-08  +1.204536e-07  -6.143234e-04  +2.944490e-07  -6.860016e-09  -9.551309e-05  
-1.173798e-07  +1.139875e-07  +3.129183e-07  +5.826636e-07  +3.663681e-07  -3.788358e-07  +5.656707e-07  +2.012603e-06  -1.781175e-08  +7.279194e-07  -3.451717e-06  -4.826078e-08  +1.620195e-07  +5.519318e-05  -1.718420e-08  +1.561660e-08  -3.295399e-05  -1.552134e-08  -3.519514e-08  +5.157873e-04  -6.860016e-09  +2.639050e-07  +2.250638e-04  
+1.552897e-04  +6.633414e-04  +3.568160e-03  -1.782673e-02  +4.228408e-03  -2.969632e-03  +8.593407e-03  +1.771246e-02  -3.819451e-04  +9.409213e-03  -2.347420e-02  +3.393987e-05  -6.461427e-05  +1.866122e-01  +2.790572e-04  +1.779320e-04  +1.565504e+00  +2.729973e-06  -9.489410e-05  +4.433864e+00  -9.551309e-05  +2.250638e-04  +4.825790e+00  
