mean:
+4.018031e+00  +3.960182e+00  +8.376665e-01  +1.315518e+00  +1.233263e+00  +5.086988e-01  +8.323840e-01  +1.286916e+00  +1.650176e-01  +2.041328e+00  +5.697145e+00  +3.660061e+00  +2.856635e+00  +2.151405e+02  +4.309907e+00  +5.128664e+00  +2.955244e+02  +5.252562e+00  +3.798411e+00  +3.415341e+02  +2.880737e+00  +4.480707e+00  +4.033124e+02  
covariance:
+3.847073e-06  +6.562401e-07  +3.536424e-06  -9.919758e-06  -2.404524e-06  -7.877456e-06  +7.022641e-06  +2.597647e-05  +1.195808e-05  -1.038842e-04  +1.694420e-04  +9.261138e-08  +2.088528e-07  -8.066636e-03  +7.717708e-07  -6.562877e-07  -1.099207e-02  -2.297995e-07  -1.414640e-07  -1.244065e-02  -3.721150e-08  -8.199672e-09  -8.003772e-03  
+6.562401e-07  +1.919349e-06  +1.916490e-07  -2.993844e-06  -5.611591e-07  -1.195735e-06  +1.859749e-06  +5.699238e-06  +2.400572e-06  -2.088268e-05  +3.148029e-05  +2.863759e-08  +5.319267e-08  -1.736646e-03  +1.263253e-07  -1.104358e-07  -2.428414e-03  +3.915089e-08  -1.101626e-07  -2.443360e-03  -5.033560e-08  -6.601573e-08  -1.495710e-03  
+3.536424e-06  +1.916490e-07  +2.719967e-05  -1.344953e-05  -1.174900e-06  -3.441994e-06  -1.228846e-05  +2.224539e-05  +1.802953e-05  -1.143713e-04  +1.153579e-04  -1.335123e-06  -9.677616e-07  -8.882569e-03  +8.167204e-07  -2.268043e-06  -6.248688e-03  -1.088200e-06  -6.346190e-07  -1.387967e-02  +4.982296e-07  -1.498475e-06  -2.162958e-03  
-9.919758e-06  -2.993844e-06  -1.344953e-05  +2.412604e-04  +1.061510e-05  +6.763993e-06  +6.529761e-06  -1.857545e-04  -6.864075e-05  +4.885546e-04  -4.256355e-04  +2.896569e-07  +2.578695e-06  +3.494379e-02  -1.842217e-06  +1.167620e-06  +4.886990e-02  +1.052502e-06  +1.831743e-06  +5.176910e-02  +1.904286e-06  +7.725997e-06  +2.023686e-02  
-2.404524e-06  -5.611591e-07  -1.174900e-06  +1.061510e-05  +5.602583e-06  +9.572576e-06  -1.035122e-05  -2.826377e-05  -1.085069e-05  +1.046062e-04  -1.878128e-04  -2.115487e-07  -3.072123e-07  +8.671649e-03  -7.712350e-07  +3.002832e-07  +1.227785e-02  -6.638343e-08  -5.332219e-08  +1.324421e-02  +1.654602e-07  -1.482153e-07  +8.852646e-03  
-7.877456e-06  -1.195735e-06  -3.441994e-06  +6.763993e-06  +9.572576e-06  +4.090607e-05  -4.360761e-05  -7.655474e-05  -2.893278e-05  +3.165937e-04  -6.933071e-04  -2.725590e-06  -1.551338e-06  +2.687676e-02  -2.663256e-06  +2.086054e-06  +3.685291e-02  +4.680218e-07  -9.608935e-07  +4.482921e-02  -4.602235e-07  -2.298009e-06  +3.229946e-02  
+7.022641e-06  +1.859749e-06  -1.228846e-05  +6.529761e-06  -1.035122e-05  -4.360761e-05  +7.635513e-05  +8.391513e-05  +2.518067e-05  -3.416100e-04  +7.471260e-04  +4.218977e-06  +2.856120e-06  -2.953370e-02  +3.910517e-06  -9.504515e-07  -4.462735e-02  -4.231272e-07  +2.119397e-06  -4.590707e-02  +1.808924e-07  +3.154357e-06  -3.976233e-02  
+2.597647e-05  +5.699238e-06  +2.224539e-05  -1.857545e-04  -2.826377e-05  -7.655474e-05  +8.391513e-05  +4.307423e-04  +1.456470e-04  -1.252742e-03  +1.794561e-03  +3.268012e-06  +2.938024e-06  -9.427936e-02  +1.190992e-05  -2.505403e-06  -1.412276e-01  -2.707875e-06  +3.389275e-07  -1.341294e-01  -1.462144e-06  -6.071092e-06  -9.142871e-02  
+1.195808e-05  +2.400572e-06  +1.802953e-05  -6.864075e-05  -1.085069e-05  -2.893278e-05  +2.518067e-05  +1.456470e-04  +6.797658e-05  -5.562969e-04  +7.477453e-04  -9.362985e-07  +1.438924e-06  -4.178172e-02  +4.667526e-06  -2.806168e-06  -5.992389e-02  -1.844031e-06  -1.150522e-06  -5.825346e-02  -8.076405e-07  -2.225761e-06  -3.733817e-02  
-1.038842e-04  -2.088268e-05  -1.143713e-04  +4.885546e-04  +1.046062e-04  +3.165937e-04  -3.416100e-04  -1.252742e-03  -5.562969e-04  +4.864713e-03  -7.257088e-03  -2.317119e-06  -1.722800e-05  +3.772123e-01  -4.250929e-05  +2.441900e-05  +5.415268e-01  +1.454778e-05  +4.488356e-06  +5.383931e-01  +4.541400e-06  +8.830869e-06  +3.625852e-01  
+1.694420e-04  +3.148029e-05  +1.153579e-04  -4.256355e-04  -1.878128e-04  -6.933071e-04  +7.471260e-04  +1.794561e-03  +7.477453e-04  -7.257088e-03  +1.345070e-02  +3.174381e-05  +3.453485e-05  -5.919894e-01  +5.901254e-05  -4.180385e-05  -8.325882e-01  -1.487201e-05  +4.599101e-06  -9.164574e-01  +9.618424e-07  +2.032130e-05  -6.411887e-01  
+9.261138e-08  +2.863759e-08  -1.335123e-06  +2.896569e-07  -2.115487e-07  -2.725590e-06  +4.218977e-06  +3.268012e-06  -9.362985e-07  -2.317119e-06  +3.174381e-05  +1.411811e-06  +3.420407e-07  -6.243604e-04  -6.280873e-08  -1.830814e-07  -9.569948e-04  -2.395850e-07  +9.931924e-08  -1.554712e-03  +6.492344e-08  +3.943695e-07  -1.558391e-03  
+2.088528e-07  +5.319267e-08  -9.677616e-07  +2.578695e-06  -3.072123e-07  -1.551338e-06  +2.856120e-06  +2.938024e-06  +1.438924e-06  -1.722800e-05  +3.453485e-05  +3.420407e-07  +1.251829e-06  -1.457339e-03  +8.464133e-08  -1.671388e-07  -3.123105e-03  -2.351963e-07  -1.867225e-07  -1.349197e-03  -1.280999e-07  +3.628656e-07  -1.809423e-03  
-8.066636e-03  -1.736646e-03  -8.882569e-03  +3.494379e-02  +8.671649e-03  +2.687676e-02  -2.953370e-02  -9.427936e-02  -4.178172e-02  +3.772123e-01  -5.919894e-01  -6.243604e-04  -1.457339e-03  +3.308162e+01  -3.092140e-03  +2.269102e-03  +4.385309e+01  +1.383208e-03  +7.907665e-04  +4.568515e+01  -3.373801e-04  +4.843889e-04  +2.821073e+01  
+7.717708e-07  +1.263253e-07  +8.167204e-07  -1.842217e-06  -7.712350e-07  -2.663256e-06  +3.910517e-06  +1.190992e-05  +4.667526e-06  -4.250929e-05  +5.901254e-05  -6.280873e-08  +8.464133e-08  -3.092140e-03  +9.606436e-07  -1.245845e-07  -4.803612e-03  -1.357057e-07  +2.876414e-07  -4.163990e-03  +5.662360e-08  -2.358131e-07  -3.278486e-03  
-6.562877e-07  -1.104358e-07  -2.268043e-06  +1.167620e-06  +3.002832e-07  +2.086054e-06  -9.504515e-07  -2.505403e-06  -2.806168e-06  +2.441900e-05  -4.180385e-05  -1.830814e-07  -1.671388e-07  +2.269102e-03  -1.245845e-07  +1.004050e-06  +2.499429e-03  +2.786767e-07  +3.403661e-08  +3.402608e-03  +1.514575e-08  +2.580827e-08  +1.494792e-03  
-1.099207e-02  -2.428414e-03  -6.248688e-03  +4.886990e-02  +1.227785e-02  +3.685291e-02  -4.462735e-02  -1.412276e-01  -5.992389e-02  +5.415268e-01  -8.325882e-01  -9.569948e-04  -3.123105e-03  +4.385309e+01  -4.803612e-03  +2.499429e-03  +6.448118e+01  +1.762176e-03  +7.241394e-04  +6.040113e+01  +3.982903e-04  +4.432164e-04  +4.193896e+01  
-2.297995e-07  +3.915089e-08  -1.088200e-06  +1.052502e-06  -6.638343e-08  +4.680218e-07  -4.231272e-07  -2.707875e-06  -1.844031e-06  +1.454778e-05  -1.487201e-05  -2.395850e-07  -2.351963e-07  +1.383208e-03  -1.357057e-07  +2.786767e-07  +1.762176e-03  +7.193989e-07  +1.367279e-07  +1.488549e-03  -8.633336e-08  +1.835431e-07  +8.880969e-04  
-1.414640e-07  -1.101626e-07  -6.346190e-07  +1.831743e-06  -5.332219e-08  -9.608935e-07  +2.119397e-06  +3.389275e-07  -1.150522e-06  +4.488356e-06  +4.599101e-06  +9.931924e-08  -1.867225e-07  +7.907665e-04  +2.876414e-07  +3.403661e-08  +7.241394e-04  +1.367279e-07  +8.596150e-07  +5.526014e-04  -2.097713e-08  -2.746839e-08  -4.433665e-04  
-1.244065e-02  -2.443360e-03  -1.387967e-02  +5.176910e-02  +1.324421e-02  +4.482921e-02  -4.590707e-02  -1.341294e-01  -5.825346e-02  +5.383931e-01  -9.164574e-01  -1.554712e-03  -1.349197e-03  +4.568515e+01  -4.163990e-03  +3.402608e-03  +6.040113e+01  +1.488549e-03  +5.526014e-04  +6.935643e+01  -4.765265e-04  -1.224810e-05  +4.281824e+01  
-3.721150e-08  -5.033560e-08  +4.982296e-07  +1.904286e-06  +1.654602e-07  -4.602235e-07  +1.808924e-07  -1.462144e-06  -8.076405e-07  +4.541400e-06  +9.618424e-07  +6.492344e-08  -1.280999e-07  -3.373801e-04  +5.662360e-08  +1.514575e-08  +3.982903e-04  -8.633336e-08  -2.097713e-08  -4.765265e-04  +5.082489e-07  +1.239440e-08  +1.920000e-04  
-8.199672e-09  -6.601573e-08  -1.498475e-06  +7.725997e-06  -1.482153e-07  -2.298009e-06  +3.154357e-06  -6.071092e-06  -2.225761e-06  +8.830869e-06  +2.032130e-05  +3.943695e-07  +3.628656e-07  +4.843889e-04  -2.358131e-07  +2.580827e-08  +4.432164e-04  +1.835431e-07  -2.746839e-08  -1.224810e-05  +1.239440e-08  +1.158095e-06  -9.339045e-04  
-8.003772e-03  -1.495710e-03  -2.162958e-03  +2.023686e-02  +8.852646e-03  +3.229946e-02  -3.976233e-02  -9.142871e-02  -3.733817e-02  +3.625852e-01  -6.411887e-01  -1.558391e-03  -1.809423e-03  +2.821073e+01  -3.278486e-03  +1.494792e-03  +4.193896e+01  +8.880969e-04  -4.433665e-04  +4.281824e+01  +1.920000e-04  -9.339045e-04  +3.280923e+01  
