mean:
+3.957120e+00  +3.924603e+00  +6.544083e-01  -1.201575e+00  +1.625231e+00  +4.043038e-01  +9.347437e-01  +2.066037e+00  +1.509000e-01  +1.990145e+00  +4.783338e+00  +1.635276e+00  +2.883067e+00  +8.070719e+02  +4.800010e+00  +4.399917e+00  +2.006461e+03  
covariance:
+3.033573e-06  +1.008993e-06  -1.007959e-06  +2.566221e-05  -8.123565e-06  +1.358823e-06  -3.061918e-06  +2.429334e-05  +7.881897e-07  -8.162239e-06  +7.445739e-05  -3.548996e-07  +1.131785e-07  -9.943598e-04  +6.314570e-08  -3.378827e-08  -2.010501e-03  
+1.008993e-06  +4.004748e-06  -8.592684e-07  +2.722386e-05  -6.290303e-06  +1.594000e-06  -3.674315e-06  +2.873552e-05  +8.181248e-07  -8.872262e-06  +8.895730e-05  -2.921427e-07  +1.625955e-07  -1.381554e-03  -7.657156e-09  -7.008182e-08  -2.004545e-03  
-1.007959e-06  -8.592684e-07  +6.410955e-05  +3.218972e-05  +5.728438e-05  +9.244127e-06  +1.679309e-05  +1.091454e-04  -8.629176e-06  +4.128905e-05  +8.385432e-05  +7.649535e-07  +5.747425e-07  +4.898570e-03  +1.674953e-07  +7.235034e-07  +1.096717e-02  
+2.566221e-05  +2.722386e-05  +3.218972e-05  +1.204685e-03  -2.629565e-04  +6.048270e-05  -8.234134e-05  +1.014842e-03  +2.997800e-06  -1.946855e-04  +2.896030e-03  -9.334761e-06  +2.739288e-06  -1.750481e-02  +1.455852e-06  -6.713946e-08  -5.650460e-02  
-8.123565e-06  -6.290303e-06  +5.728438e-05  -2.629565e-04  +3.189630e-04  +1.749800e-06  +3.602366e-05  -8.198219e-05  -1.685383e-05  +1.449729e-04  -5.453615e-04  +3.820178e-06  +4.432923e-07  +1.357400e-02  -2.796318e-07  +1.593223e-06  +3.252124e-02  
+1.358823e-06  +1.594000e-06  +9.244127e-06  +6.048270e-05  +1.749800e-06  +7.412807e-06  +1.684346e-06  +7.763132e-05  -2.093125e-06  -1.320926e-07  +1.703119e-04  -3.171964e-07  +8.527261e-08  +1.012241e-03  +4.806451e-08  +1.104017e-07  -4.628864e-03  
-3.061918e-06  -3.674315e-06  +1.679309e-05  -8.234134e-05  +3.602366e-05  +1.684346e-06  +3.048350e-05  -5.964677e-05  -6.482604e-06  +4.011203e-05  -2.528635e-04  +1.002715e-06  -4.542356e-07  +7.390389e-03  -2.502563e-07  +2.575255e-07  +1.809688e-03  
+2.429334e-05  +2.873552e-05  +1.091454e-04  +1.014842e-03  -8.198219e-05  +7.763132e-05  -5.964677e-05  +1.188023e-03  -6.841879e-06  -1.328354e-04  +2.855612e-03  -6.637406e-06  +3.461250e-06  -1.270642e-02  +1.859523e-06  +6.952908e-07  -4.735537e-02  
+7.881897e-07  +8.181248e-07  -8.629176e-06  +2.997800e-06  -1.685383e-05  -2.093125e-06  -6.482604e-06  -6.841879e-06  +3.258364e-06  -1.733107e-05  +1.223368e-05  -2.224653e-07  +2.283931e-08  -2.330988e-03  +2.583166e-08  -1.930506e-07  -1.605276e-03  
-8.162239e-06  -8.872262e-06  +4.128905e-05  -1.946855e-04  +1.449729e-04  -1.320926e-07  +4.011203e-05  -1.328354e-04  -1.733107e-05  +1.372253e-04  -5.348075e-04  +2.792866e-06  -3.999524e-07  +1.538084e-02  -1.677863e-07  +1.250520e-06  +2.316379e-02  
+7.445739e-05  +8.895730e-05  +8.385432e-05  +2.896030e-03  -5.453615e-04  +1.703119e-04  -2.528635e-04  +2.855612e-03  +1.223368e-05  -5.348075e-04  +8.053750e-03  -2.429291e-05  +9.944142e-06  -6.395830e-02  +3.789241e-06  -6.760723e-07  -1.508509e-01  
-3.548996e-07  -2.921427e-07  +7.649535e-07  -9.334761e-06  +3.820178e-06  -3.171964e-07  +1.002715e-06  -6.637406e-06  -2.224653e-07  +2.792866e-06  -2.429291e-05  +2.411223e-07  -1.699688e-08  +3.124884e-04  -1.160342e-08  +3.760025e-08  +6.302978e-04  
+1.131785e-07  +1.625955e-07  +5.747425e-07  +2.739288e-06  +4.432923e-07  +8.527261e-08  -4.542356e-07  +3.461250e-06  +2.283931e-08  -3.999524e-07  +9.944142e-06  -1.699688e-08  +2.120147e-07  -2.366459e-04  +2.368255e-08  -1.128773e-08  +1.695683e-04  
-9.943598e-04  -1.381554e-03  +4.898570e-03  -1.750481e-02  +1.357400e-02  +1.012241e-03  +7.390389e-03  -1.270642e-02  -2.330988e-03  +1.538084e-02  -6.395830e-02  +3.124884e-04  -2.366459e-04  +3.259847e+00  -4.576456e-05  +1.441426e-04  +9.292067e-01  
+6.314570e-08  -7.657156e-09  +1.674953e-07  +1.455852e-06  -2.796318e-07  +4.806451e-08  -2.502563e-07  +1.859523e-06  +2.583166e-08  -1.677863e-07  +3.789241e-06  -1.160342e-08  +2.368255e-08  -4.576456e-05  +1.173986e-07  +9.738414e-09  +6.412667e-05  
-3.378827e-08  -7.008182e-08  +7.235034e-07  -6.713946e-08  +1.593223e-06  +1.104017e-07  +2.575255e-07  +6.952908e-07  -1.930506e-07  +1.250520e-06  -6.760723e-07  +3.760025e-08  -1.128773e-08  +1.441426e-04  +9.738414e-09  +1.330456e-07  +9.216808e-05  
-2.010501e-03  -2.004545e-03  +1.096717e-02  -5.650460e-02  +3.252124e-02  -4.628864e-03  +1.809688e-03  -4.735537e-02  -1.605276e-03  +2.316379e-02  -1.508509e-01  +6.302978e-04  +1.695683e-04  +9.292067e-01  +6.412667e-05  +9.216808e-05  +1.391889e+01  
