mean:
+3.955923e+00  +3.923360e+00  +6.365142e-01  -1.137467e+00  +1.606837e+00  +3.952566e-01  +9.141491e-01  +2.085148e+00  +1.550043e-01  +1.890457e+00  +4.923470e+00  +1.635131e+00  +2.883216e+00  +8.014904e+02  +4.800221e+00  +4.399764e+00  +2.007454e+03  
covariance:
+1.945433e-06  -1.536734e-07  +9.278170e-07  +1.098603e-06  -1.376277e-06  +3.229303e-07  -1.970387e-07  +3.524648e-07  -6.545670e-07  +5.262599e-06  +1.027130e-05  -6.046008e-08  +1.599506e-08  -2.434190e-04  +4.714862e-09  -3.383211e-08  -5.920599e-04  
-1.536734e-07  +2.888749e-06  +1.626991e-06  +4.707124e-07  +1.368068e-06  +7.486157e-07  +7.007595e-08  -5.333626e-07  -5.192625e-07  +3.544307e-06  +1.081125e-05  -3.170380e-08  -5.867739e-09  +6.589003e-05  -4.452858e-08  -3.456862e-08  -3.437037e-04  
+9.278170e-07  +1.626991e-06  +6.176800e-05  +7.427649e-05  -7.591363e-05  +1.116517e-05  +1.108980e-05  -1.180143e-05  -7.830524e-06  +3.424983e-05  +1.777943e-04  -6.453351e-07  +3.542760e-07  -9.739073e-03  +2.236234e-08  +3.023146e-07  +5.723423e-03  
+1.098603e-06  +4.707124e-07  +7.427649e-05  +2.762356e-04  -1.831299e-04  +2.544218e-05  +5.997449e-06  +2.477544e-05  -2.131652e-05  +1.170036e-04  +4.098827e-04  -1.725076e-06  -1.099486e-06  -1.574339e-02  -1.565731e-07  +1.036375e-06  +5.646108e-03  
-1.376277e-06  +1.368068e-06  -7.591363e-05  -1.831299e-04  +5.203904e-04  -3.030674e-05  -1.086989e-05  -3.478271e-06  +6.337860e-05  -4.094033e-04  -5.846961e-04  +1.629679e-06  -6.114275e-07  +2.599003e-02  +6.336105e-07  +4.520453e-07  +3.930307e-02  
+3.229303e-07  +7.486157e-07  +1.116517e-05  +2.544218e-05  -3.030674e-05  +7.174861e-06  +2.058433e-06  +5.416721e-06  -6.890019e-06  +4.025168e-05  +1.052733e-04  -3.569163e-07  -3.048161e-08  -1.153494e-03  -7.047058e-08  +7.763655e-08  -3.235197e-03  
-1.970387e-07  +7.007595e-08  +1.108980e-05  +5.997449e-06  -1.086989e-05  +2.058433e-06  +1.485127e-05  -2.094298e-05  -1.319277e-06  -6.138493e-06  +1.287791e-05  -1.482144e-07  +7.059877e-08  -1.964891e-03  +1.796751e-08  +3.725811e-07  +3.790411e-03  
+3.524648e-07  -5.333626e-07  -1.180143e-05  +2.477544e-05  -3.478271e-06  +5.416721e-06  -2.094298e-05  +1.156402e-04  -8.009154e-06  +6.868290e-05  +1.446496e-04  -4.912799e-07  -2.524904e-07  +3.750030e-03  +9.105638e-08  -9.158461e-07  -1.738506e-02  
-6.545670e-07  -5.192625e-07  -7.830524e-06  -2.131652e-05  +6.337860e-05  -6.890019e-06  -1.319277e-06  -8.009154e-06  +1.389205e-05  -9.015229e-05  -1.297491e-04  +4.722132e-07  +6.982701e-09  +2.640932e-03  +2.067125e-07  +1.589340e-07  +1.079708e-02  
+5.262599e-06  +3.544307e-06  +3.424983e-05  +1.170036e-04  -4.094033e-04  +4.025168e-05  -6.138493e-06  +6.868290e-05  -9.015229e-05  +6.161053e-04  +7.995229e-04  -2.791693e-06  -3.182686e-08  -1.587912e-02  -1.438884e-06  -1.725888e-06  -7.786604e-02  
+1.027130e-05  +1.081125e-05  +1.777943e-04  +4.098827e-04  -5.846961e-04  +1.052733e-04  +1.287791e-05  +1.446496e-04  -1.297491e-04  +7.995229e-04  +1.909041e-03  -6.328170e-06  -5.176920e-07  -2.819656e-02  -7.470812e-07  +2.541471e-08  -8.409981e-02  
-6.046008e-08  -3.170380e-08  -6.453351e-07  -1.725076e-06  +1.629679e-06  -3.569163e-07  -1.482144e-07  -4.912799e-07  +4.722132e-07  -2.791693e-06  -6.328170e-06  +1.936534e-07  -6.271964e-09  +1.734000e-04  +6.316715e-09  +1.902689e-08  +2.909051e-04  
+1.599506e-08  -5.867739e-09  +3.542760e-07  -1.099486e-06  -6.114275e-07  -3.048161e-08  +7.059877e-08  -2.524904e-07  +6.982701e-09  -3.182686e-08  -5.176920e-07  -6.271964e-09  +1.794350e-07  -8.005489e-05  +3.574577e-09  -2.860551e-08  -5.182265e-05  
-2.434190e-04  +6.589003e-05  -9.739073e-03  -1.574339e-02  +2.599003e-02  -1.153494e-03  -1.964891e-03  +3.750030e-03  +2.640932e-03  -1.587912e-02  -2.819656e-02  +1.734000e-04  -8.005489e-05  +3.910699e+00  +1.106549e-05  -5.370843e-05  +2.773072e-01  
+4.714862e-09  -4.452858e-08  +2.236234e-08  -1.565731e-07  +6.336105e-07  -7.047058e-08  +1.796751e-08  +9.105638e-08  +2.067125e-07  -1.438884e-06  -7.470812e-07  +6.316715e-09  +3.574577e-09  +1.106549e-05  +1.076969e-07  +1.434762e-09  +1.443862e-04  
-3.383211e-08  -3.456862e-08  +3.023146e-07  +1.036375e-06  +4.520453e-07  +7.763655e-08  +3.725811e-07  -9.158461e-07  +1.589340e-07  -1.725888e-06  +2.541471e-08  +1.902689e-08  -2.860551e-08  -5.370843e-05  +1.434762e-09  +1.354008e-07  +3.536441e-04  
-5.920599e-04  -3.437037e-04  +5.723423e-03  +5.646108e-03  +3.930307e-02  -3.235197e-03  +3.790411e-03  -1.738506e-02  +1.079708e-02  -7.786604e-02  -8.409981e-02  +2.909051e-04  -5.182265e-05  +2.773072e-01  +1.443862e-04  +3.536441e-04  +1.513978e+01  
