mean:
+3.911926e+00  +3.898060e+00  +8.468892e-01  +1.310155e+00  +1.440570e+00  +6.075774e-01  +8.071519e-01  +1.391656e+00  +1.590629e-01  +1.884332e+00  +5.851836e+00  +3.485064e+00  +2.609937e+00  +1.954227e+02  +4.262221e+00  +5.275588e+00  +2.794774e+02  +5.350481e+00  +3.757738e+00  +3.256316e+02  +2.639904e+00  +4.559497e+00  +3.957570e+02  
covariance:
+4.924463e-06  -1.034797e-06  -1.559044e-06  +3.106450e-06  +6.137337e-06  +3.025584e-06  +4.311591e-06  +1.745766e-05  -4.215345e-06  +3.862486e-05  -6.490458e-05  -6.937427e-07  -7.502621e-07  -1.363996e-03  +6.743293e-07  +3.683533e-07  +3.573103e-03  +1.702382e-07  +3.424686e-08  +8.633244e-04  +1.089514e-07  +2.533444e-07  +2.994377e-03  
-1.034797e-06  +1.002143e-06  -2.572119e-07  +1.537306e-08  -1.908928e-07  +5.872489e-07  +8.983637e-07  +5.869888e-06  -9.254518e-07  +8.329528e-06  -1.560486e-05  -2.045685e-07  -6.681126e-08  -3.777396e-04  +1.506231e-08  -2.090276e-09  +8.986508e-04  -2.592564e-08  +1.386729e-08  +5.091328e-04  -9.968264e-08  +4.182797e-08  +5.725519e-04  
-1.559044e-06  -2.572119e-07  +6.645243e-06  -1.065124e-05  -4.822507e-06  -2.709992e-06  -4.018300e-06  -2.811716e-05  +2.897835e-06  -2.783729e-05  +5.762773e-05  -2.887956e-08  +3.770001e-07  +1.198051e-03  -9.523044e-07  -1.203313e-07  -2.405025e-03  +1.718149e-07  -1.421878e-07  -5.175775e-04  -9.783955e-08  -7.022369e-07  -4.124549e-03  
+3.106450e-06  +1.537306e-08  -1.065124e-05  +8.565935e-05  -1.336728e-06  +2.473977e-06  +4.890835e-06  +7.447003e-05  -4.053838e-06  +4.236519e-05  -8.326838e-05  +2.611797e-06  -2.861523e-07  +4.075296e-04  -1.060053e-06  -1.477926e-07  +1.877481e-03  -2.209610e-06  +6.823037e-07  +1.368814e-03  +4.565295e-07  +1.000426e-06  +6.990883e-03  
+6.137337e-06  -1.908928e-07  -4.822507e-06  -1.336728e-06  +4.396063e-05  +6.371523e-06  +1.074273e-05  +4.641397e-05  -9.416011e-06  +9.106151e-05  -1.577538e-04  -2.947735e-06  -2.459363e-06  -4.871154e-03  +2.944729e-06  -1.205573e-08  +1.027476e-02  +7.387061e-07  +1.299729e-06  +1.510161e-03  +3.276124e-07  +1.119614e-06  +7.947039e-03  
+3.025584e-06  +5.872489e-07  -2.709992e-06  +2.473977e-06  +6.371523e-06  +7.763642e-06  +7.001458e-06  +2.224127e-05  -8.021551e-06  +7.758777e-05  -1.202979e-04  -6.749301e-07  -2.345346e-06  -2.128362e-03  +4.413830e-07  +6.007459e-07  +6.220924e-03  +2.011060e-07  -2.837436e-07  +1.672664e-03  +3.365166e-07  +2.840365e-07  +6.891672e-03  
+4.311591e-06  +8.983637e-07  -4.018300e-06  +4.890835e-06  +1.074273e-05  +7.001458e-06  +1.814398e-05  +5.780800e-05  -1.010895e-05  +9.452147e-05  -1.762213e-04  -2.838977e-06  -8.368294e-07  -5.008391e-03  +1.727708e-06  +1.385474e-06  +8.670175e-03  +1.257617e-06  +3.303450e-07  +4.756935e-03  +2.549943e-07  +7.586972e-07  +6.499461e-03  
+1.745766e-05  +5.869888e-06  -2.811716e-05  +7.447003e-05  +4.641397e-05  +2.224127e-05  +5.780800e-05  +4.997819e-04  -4.238424e-05  +4.484723e-04  -9.176558e-04  -1.387153e-05  +3.012845e-06  -1.980240e-02  +8.535452e-06  -1.141695e-06  +5.666879e-02  -2.064760e-06  +3.920925e-06  +1.984568e-02  -4.774883e-06  +6.331039e-06  +2.757717e-02  
-4.215345e-06  -9.254518e-07  +2.897835e-06  -4.053838e-06  -9.416011e-06  -8.021551e-06  -1.010895e-05  -4.238424e-05  +1.087971e-05  -1.012320e-04  +1.616205e-04  +1.762877e-06  +2.033205e-06  +3.305779e-03  -5.863080e-07  -4.739916e-07  -9.421677e-03  +1.123771e-08  +5.691283e-08  -2.994934e-03  -8.163552e-08  -2.049541e-07  -7.377386e-03  
+3.862486e-05  +8.329528e-06  -2.783729e-05  +4.236519e-05  +9.106151e-05  +7.758777e-05  +9.452147e-05  +4.484723e-04  -1.012320e-04  +1.006369e-03  -1.636703e-03  -1.847372e-05  -1.862345e-05  -3.323063e-02  +5.536639e-06  +3.753875e-06  +9.752185e-02  -1.208329e-06  -1.115652e-07  +3.035719e-02  -3.945227e-08  +2.838875e-06  +7.131320e-02  
-6.490458e-05  -1.560486e-05  +5.762773e-05  -8.326838e-05  -1.577538e-04  -1.202979e-04  -1.762213e-04  -9.176558e-04  +1.616205e-04  -1.636703e-03  +2.936227e-03  +3.708742e-05  +2.056504e-05  +6.517983e-02  -1.980592e-05  -7.484502e-06  -1.705330e-01  -1.473748e-06  -4.951009e-06  -5.750402e-02  +1.861498e-06  -1.207081e-05  -1.149808e-01  
-6.937427e-07  -2.045685e-07  -2.887956e-08  +2.611797e-06  -2.947735e-06  -6.749301e-07  -2.838977e-06  -1.387153e-05  +1.762877e-06  -1.847372e-05  +3.708742e-05  +1.430487e-06  -1.828205e-07  +1.133662e-03  -4.002978e-07  +1.415761e-08  -2.546621e-03  -3.063347e-07  -1.768733e-07  -9.813318e-04  +4.202990e-08  -7.234558e-08  -2.152655e-04  
-7.502621e-07  -6.681126e-08  +3.770001e-07  -2.861523e-07  -2.459363e-06  -2.345346e-06  -8.368294e-07  +3.012845e-06  +2.033205e-06  -1.862345e-05  +2.056504e-05  -1.828205e-07  +1.466361e-06  +2.852540e-04  +9.831951e-08  -1.522524e-07  -8.087601e-04  -1.644725e-07  +1.754145e-07  -1.114987e-04  -2.676528e-07  +6.912639e-08  -2.161740e-03  
-1.363996e-03  -3.777396e-04  +1.198051e-03  +4.075296e-04  -4.871154e-03  -2.128362e-03  -5.008391e-03  -1.980240e-02  +3.305779e-03  -3.323063e-02  +6.517983e-02  +1.133662e-03  +2.852540e-04  +2.430609e+00  -6.327183e-04  -4.312109e-04  -3.773501e+00  -4.366885e-04  -1.915143e-04  -1.964547e+00  -5.932654e-05  -3.102520e-04  -2.335632e+00  
+6.743293e-07  +1.506231e-08  -9.523044e-07  -1.060053e-06  +2.944729e-06  +4.413830e-07  +1.727708e-06  +8.535452e-06  -5.863080e-07  +5.536639e-06  -1.980592e-05  -4.002978e-07  +9.831951e-08  -6.327183e-04  +1.191824e-06  -3.846310e-08  +1.215326e-03  +3.382391e-07  +4.812038e-07  +5.618667e-05  -5.430142e-08  +5.556160e-07  +9.397387e-04  
+3.683533e-07  -2.090276e-09  -1.203313e-07  -1.477926e-07  -1.205573e-08  +6.007459e-07  +1.385474e-06  -1.141695e-06  -4.739916e-07  +3.753875e-06  -7.484502e-06  +1.415761e-08  -1.522524e-07  -4.312109e-04  -3.846310e-08  +6.541155e-07  -3.827746e-04  +2.310381e-07  -1.856716e-07  +5.523157e-04  +1.665207e-07  -3.266990e-08  +4.272999e-04  
+3.573103e-03  +8.986508e-04  -2.405025e-03  +1.877481e-03  +1.027476e-02  +6.220924e-03  +8.670175e-03  +5.666879e-02  -9.421677e-03  +9.752185e-02  -1.705330e-01  -2.546621e-03  -8.087601e-04  -3.773501e+00  +1.215326e-03  -3.827746e-04  +1.277558e+01  -3.780658e-04  +6.772971e-04  +2.907273e+00  -5.087171e-04  +6.127096e-04  +6.283256e+00  
+1.702382e-07  -2.592564e-08  +1.718149e-07  -2.209610e-06  +7.387061e-07  +2.011060e-07  +1.257617e-06  -2.064760e-06  +1.123771e-08  -1.208329e-06  -1.473748e-06  -3.063347e-07  -1.644725e-07  -4.366885e-04  +3.382391e-07  +2.310381e-07  -3.780658e-04  +9.853490e-07  +3.189978e-08  +3.394096e-04  +1.650462e-07  +1.779437e-07  +1.862272e-04  
+3.424686e-08  +1.386729e-08  -1.421878e-07  +6.823037e-07  +1.299729e-06  -2.837436e-07  +3.303450e-07  +3.920925e-06  +5.691283e-08  -1.115652e-07  -4.951009e-06  -1.768733e-07  +1.754145e-07  -1.915143e-04  +4.812038e-07  -1.856716e-07  +6.772971e-04  +3.189978e-08  +5.929742e-07  -8.168560e-05  -4.240169e-08  +3.420711e-07  +2.130497e-04  
+8.633244e-04  +5.091328e-04  -5.175775e-04  +1.368814e-03  +1.510161e-03  +1.672664e-03  +4.756935e-03  +1.984568e-02  -2.994934e-03  +3.035719e-02  -5.750402e-02  -9.813318e-04  -1.114987e-04  -1.964547e+00  +5.618667e-05  +5.523157e-04  +2.907273e+00  +3.394096e-04  -8.168560e-05  +2.521673e+00  +9.623526e-06  +1.232315e-05  +1.558643e+00  
+1.089514e-07  -9.968264e-08  -9.783955e-08  +4.565295e-07  +3.276124e-07  +3.365166e-07  +2.549943e-07  -4.774883e-06  -8.163552e-08  -3.945227e-08  +1.861498e-06  +4.202990e-08  -2.676528e-07  -5.932654e-05  -5.430142e-08  +1.665207e-07  -5.087171e-04  +1.650462e-07  -4.240169e-08  +9.623526e-06  +4.211770e-07  -3.904662e-08  +1.454756e-04  
+2.533444e-07  +4.182797e-08  -7.022369e-07  +1.000426e-06  +1.119614e-06  +2.840365e-07  +7.586972e-07  +6.331039e-06  -2.049541e-07  +2.838875e-06  -1.207081e-05  -7.234558e-08  +6.912639e-08  -3.102520e-04  +5.556160e-07  -3.266990e-08  +6.127096e-04  +1.779437e-07  +3.420711e-07  +1.232315e-05  -3.904662e-08  +6.730786e-07  +7.252483e-04  
+2.994377e-03  +5.725519e-04  -4.124549e-03  +6.990883e-03  +7.947039e-03  +6.891672e-03  +6.499461e-03  +2.757717e-02  -7.377386e-03  +7.131320e-02  -1.149808e-01  -2.152655e-04  -2.161740e-03  -2.335632e+00  +9.397387e-04  +4.272999e-04  +6.283256e+00  +1.862272e-04  +2.130497e-04  +1.558643e+00  +1.454756e-04  +7.252483e-04  +8.206218e+00  
