mean:
+3.919155e+00  +3.902189e+00  +6.462992e-01  -1.134888e+00  +1.732042e+00  +5.987624e-01  +9.143473e-01  +2.056831e+00  +1.470295e-01  +1.965055e+00  +4.798429e+00  +1.905635e+00  +3.007129e+00  +8.070305e+02  +4.959984e+00  +4.480022e+00  +2.016887e+03  
covariance:
+2.010109e-05  -2.848369e-06  +1.953499e-06  +4.780974e-06  +7.306412e-08  +5.044679e-07  +7.304205e-06  +1.512237e-05  -1.015826e-06  +3.330768e-06  +2.596031e-05  -2.731271e-09  -2.510361e-07  +2.743901e-04  -2.647204e-08  -2.492538e-07  -3.302300e-03  
-2.848369e-06  +3.698243e-06  -5.947905e-06  +2.591119e-05  +3.081257e-05  -1.865387e-06  -4.772265e-06  -2.206029e-05  +1.881990e-06  +8.000348e-07  -1.479468e-04  +1.083395e-07  +3.756571e-07  +1.991454e-03  -1.245078e-07  -8.603700e-08  +8.055854e-03  
+1.953499e-06  -5.947905e-06  +3.126555e-05  -6.976088e-05  -5.458021e-05  +4.675387e-06  +1.350605e-05  +4.640393e-05  -5.334715e-06  -4.757973e-07  +3.604921e-04  -1.496406e-07  -4.093833e-07  -4.696811e-03  +2.727858e-07  +6.753825e-07  -1.581804e-02  
+4.780974e-06  +2.591119e-05  -6.976088e-05  +4.647680e-04  +4.345792e-04  -2.590873e-05  -6.149350e-05  -2.966691e-04  +2.582319e-05  +2.959565e-05  -1.983492e-03  +2.852755e-06  +3.915167e-06  +2.760303e-02  -1.556557e-06  -1.852261e-06  +1.080382e-01  
+7.306412e-08  +3.081257e-05  -5.458021e-05  +4.345792e-04  +6.655256e-04  -2.166082e-05  -5.572171e-05  -3.376927e-04  +2.980776e-05  +1.884540e-05  -2.247897e-03  +4.208251e-06  +5.508578e-06  +2.362316e-02  -1.606366e-06  +3.497026e-07  +1.256214e-01  
+5.044679e-07  -1.865387e-06  +4.675387e-06  -2.590873e-05  -2.166082e-05  +3.619066e-06  +4.624280e-06  +2.413244e-05  -1.776021e-06  -1.065463e-06  +1.212430e-04  -1.449557e-08  -1.368178e-07  -8.840235e-04  +4.836492e-08  +6.627014e-08  -7.878339e-03  
+7.304205e-06  -4.772265e-06  +1.350605e-05  -6.149350e-05  -5.572171e-05  +4.624280e-06  +1.946486e-05  +6.306309e-05  -5.398458e-06  -1.281767e-07  +2.999231e-04  -3.051867e-07  -9.151808e-07  -3.165777e-03  +1.323898e-07  +1.733176e-07  -1.795187e-02  
+1.512237e-05  -2.206029e-05  +4.640393e-05  -2.966691e-04  -3.376927e-04  +2.413244e-05  +6.306309e-05  +4.140725e-04  -2.384320e-05  -3.051104e-06  +1.527129e-03  -3.977433e-07  -4.658600e-06  -2.423463e-02  -2.372235e-07  -1.217727e-06  -9.034311e-02  
-1.015826e-06  +1.881990e-06  -5.334715e-06  +2.582319e-05  +2.980776e-05  -1.776021e-06  -5.398458e-06  -2.384320e-05  +2.555017e-06  -1.117163e-06  -1.390006e-04  +1.492567e-07  +3.273601e-07  +1.781558e-03  -3.888251e-08  -3.375657e-08  +7.488785e-03  
+3.330768e-06  +8.000348e-07  -4.757973e-07  +2.959565e-05  +1.884540e-05  -1.065463e-06  -1.281767e-07  -3.051104e-06  -1.117163e-06  +1.720873e-05  -8.403022e-05  +1.704911e-08  +3.021627e-08  +1.132387e-03  -2.455433e-07  -5.124356e-07  +6.577532e-03  
+2.596031e-05  -1.479468e-04  +3.604921e-04  -1.983492e-03  -2.247897e-03  +1.212430e-04  +2.999231e-04  +1.527129e-03  -1.390006e-04  -8.403022e-05  +1.030766e-02  -1.076618e-05  -2.106296e-05  -1.427485e-01  +6.035366e-06  +7.314299e-06  -5.524981e-01  
-2.731271e-09  +1.083395e-07  -1.496406e-07  +2.852755e-06  +4.208251e-06  -1.449557e-08  -3.051867e-07  -3.977433e-07  +1.492567e-07  +1.704911e-08  -1.076618e-05  +2.130215e-07  +1.781288e-08  +1.759448e-05  -2.645615e-08  -4.053608e-09  +3.756170e-04  
-2.510361e-07  +3.756571e-07  -4.093833e-07  +3.915167e-06  +5.508578e-06  -1.368178e-07  -9.151808e-07  -4.658600e-06  +3.273601e-07  +3.021627e-08  -2.106296e-05  +1.781288e-08  +2.501168e-07  +3.256254e-04  +3.573346e-09  +2.823412e-08  +1.134656e-03  
+2.743901e-04  +1.991454e-03  -4.696811e-03  +2.760303e-02  +2.362316e-02  -8.840235e-04  -3.165777e-03  -2.423463e-02  +1.781558e-03  +1.132387e-03  -1.427485e-01  +1.759448e-05  +3.256254e-04  +4.913110e+00  -1.801256e-05  -2.782956e-04  +6.549581e+00  
-2.647204e-08  -1.245078e-07  +2.727858e-07  -1.556557e-06  -1.606366e-06  +4.836492e-08  +1.323898e-07  -2.372235e-07  -3.888251e-08  -2.455433e-07  +6.035366e-06  -2.645615e-08  +3.573346e-09  -1.801256e-05  +1.162997e-07  +2.803941e-08  -3.541197e-04  
-2.492538e-07  -8.603700e-08  +6.753825e-07  -1.852261e-06  +3.497026e-07  +6.627014e-08  +1.733176e-07  -1.217727e-06  -3.375657e-08  -5.124356e-07  +7.314299e-06  -4.053608e-09  +2.823412e-08  -2.782956e-04  +2.803941e-08  +2.570027e-07  -2.218475e-04  
-3.302300e-03  +8.055854e-03  -1.581804e-02  +1.080382e-01  +1.256214e-01  -7.878339e-03  -1.795187e-02  -9.034311e-02  +7.488785e-03  +6.577532e-03  -5.524981e-01  +3.756170e-04  +1.134656e-03  +6.549581e+00  -3.541197e-04  -2.218475e-04  +3.477159e+01  
