mean:
+3.955826e+00  +3.923728e+00  +6.412394e-01  -1.134775e+00  +1.593543e+00  +4.006554e-01  +9.224430e-01  +2.081249e+00  +1.518887e-01  +1.947617e+00  +4.849353e+00  +1.634946e+00  +2.883134e+00  +8.017828e+02  +4.800006e+00  +4.399908e+00  +2.013133e+03  
covariance:
+2.322090e-06  +2.806948e-07  +2.015481e-06  +4.530415e-06  -4.310012e-06  +1.449582e-06  -6.638313e-07  +5.040957e-06  -5.751833e-07  +2.882839e-06  +4.397223e-05  -1.961707e-07  -7.801516e-08  +6.279482e-04  +9.400880e-09  -7.260642e-08  -3.458499e-03  
+2.806948e-07  +3.327049e-06  +3.596391e-06  +4.314237e-06  -3.084117e-06  +1.407049e-06  -9.357350e-07  +2.285030e-06  -3.103341e-07  +1.661029e-06  +3.450215e-05  -2.563552e-07  +1.600928e-08  +1.736922e-04  +8.203270e-09  +2.232076e-08  -2.270321e-03  
+2.015481e-06  +3.596391e-06  +8.065422e-05  +9.178673e-05  -1.621098e-04  +2.270146e-05  -5.436083e-06  +9.718049e-05  -1.033711e-05  +5.290216e-05  +4.213884e-04  -1.198587e-06  -1.550889e-07  -6.846010e-03  +4.615250e-07  +4.011804e-07  -9.921198e-03  
+4.530415e-06  +4.314237e-06  +9.178673e-05  +4.264204e-04  -2.121757e-04  +5.277097e-05  +4.155068e-05  +1.651136e-04  -2.905472e-05  +1.242368e-04  +7.171696e-04  -1.311646e-06  -1.468700e-06  +1.035520e-02  +6.912720e-07  +2.078629e-06  -2.363241e-02  
-4.310012e-06  -3.084117e-06  -1.621098e-04  -2.121757e-04  +5.433309e-04  -5.832805e-05  -3.447933e-06  -2.117527e-04  +2.792616e-05  -1.355370e-04  -9.182974e-04  +9.602041e-07  -4.129341e-07  +1.840202e-02  -9.638273e-07  -7.418941e-07  +2.138510e-02  
+1.449582e-06  +1.407049e-06  +2.270146e-05  +5.277097e-05  -5.832805e-05  +1.119893e-05  +2.655128e-06  +3.363888e-05  -5.351618e-06  +2.376685e-05  +1.888179e-04  -4.486362e-07  -4.454845e-08  +5.968618e-04  +1.108319e-07  +1.218682e-07  -8.986025e-03  
-6.638313e-07  -9.357350e-07  -5.436083e-06  +4.155068e-05  -3.447933e-06  +2.655128e-06  +2.394164e-05  +6.000238e-06  -3.271439e-06  +6.013204e-06  -6.872123e-05  +5.775866e-07  -2.984934e-08  +1.428545e-03  +2.620743e-07  +5.170874e-07  +3.421106e-03  
+5.040957e-06  +2.285030e-06  +9.718049e-05  +1.651136e-04  -2.117527e-04  +3.363888e-05  +6.000238e-06  +3.497199e-04  -1.812231e-05  +7.357962e-05  +7.522658e-04  -5.643052e-07  -2.724868e-06  -9.868213e-03  +1.338718e-07  +2.016550e-07  -2.253379e-02  
-5.751833e-07  -3.103341e-07  -1.033711e-05  -2.905472e-05  +2.792616e-05  -5.351618e-06  -3.271439e-06  -1.812231e-05  +3.297827e-06  -1.301633e-05  -8.975823e-05  +1.902320e-07  +6.024064e-08  -2.283182e-04  -2.971767e-08  -8.380590e-08  +4.240709e-03  
+2.882839e-06  +1.661029e-06  +5.290216e-05  +1.242368e-04  -1.355370e-04  +2.376685e-05  +6.013204e-06  +7.357962e-05  -1.301633e-05  +6.272411e-05  +3.924111e-04  -1.014871e-06  -2.355739e-07  -8.209652e-04  +1.661493e-07  +3.657910e-07  -1.397415e-02  
+4.397223e-05  +3.450215e-05  +4.213884e-04  +7.171696e-04  -9.182974e-04  +1.888179e-04  -6.872123e-05  +7.522658e-04  -8.975823e-05  +3.924111e-04  +4.813814e-03  -1.499193e-05  -2.835949e-06  +1.892001e-02  -1.506785e-06  -3.692777e-06  -3.068398e-01  
-1.961707e-07  -2.563552e-07  -1.198587e-06  -1.311646e-06  +9.602041e-07  -4.486362e-07  +5.775866e-07  -5.643052e-07  +1.902320e-07  -1.014871e-06  -1.499193e-05  +1.923694e-07  -5.769176e-09  -1.085468e-04  -5.115433e-09  +2.875429e-08  +1.106260e-03  
-7.801516e-08  +1.600928e-08  -1.550889e-07  -1.468700e-06  -4.129341e-07  -4.454845e-08  -2.984934e-08  -2.724868e-06  +6.024064e-08  -2.355739e-07  -2.835949e-06  -5.769176e-09  +1.857101e-07  -2.165384e-05  +7.221351e-09  +4.595215e-09  -2.206891e-04  
+6.279482e-04  +1.736922e-04  -6.846010e-03  +1.035520e-02  +1.840202e-02  +5.968618e-04  +1.428545e-03  -9.868213e-03  -2.283182e-04  -8.209652e-04  +1.892001e-02  -1.085468e-04  -2.165384e-05  +3.894765e+00  -1.080947e-04  -4.244042e-05  -5.526458e+00  
+9.400880e-09  +8.203270e-09  +4.615250e-07  +6.912720e-07  -9.638273e-07  +1.108319e-07  +2.620743e-07  +1.338718e-07  -2.971767e-08  +1.661493e-07  -1.506785e-06  -5.115433e-09  +7.221351e-09  -1.080947e-04  +1.281067e-07  +1.262491e-08  +2.283720e-04  
-7.260642e-08  +2.232076e-08  +4.011804e-07  +2.078629e-06  -7.418941e-07  +1.218682e-07  +5.170874e-07  +2.016550e-07  -8.380590e-08  +3.657910e-07  -3.692777e-06  +2.875429e-08  +4.595215e-09  -4.244042e-05  +1.262491e-08  +1.516769e-07  +4.436407e-04  
-3.458499e-03  -2.270321e-03  -9.921198e-03  -2.363241e-02  +2.138510e-02  -8.986025e-03  +3.421106e-03  -2.253379e-02  +4.240709e-03  -1.397415e-02  -3.068398e-01  +1.106260e-03  -2.206891e-04  -5.526458e+00  +2.283720e-04  +4.436407e-04  +3.578881e+01  
