mean:
+3.983811e+00  +3.979264e+00  +6.107071e-01  +1.969070e+00  +1.262780e+00  +5.009905e-01  +8.264914e-01  +2.209357e+00  +3.726234e-02  +3.870846e+00  +5.939628e+00  +4.573316e+00  +3.237736e+00  +3.270582e+02  +2.590410e+00  +3.725520e+00  +4.573737e+02  +4.640215e+00  +4.959788e+00  +8.019942e+02  +3.990294e+00  +5.154139e+00  +4.352881e+02  
covariance:
+3.088796e-06  -1.479689e-06  +7.474765e-07  -4.938183e-07  -9.534652e-07  +3.312088e-07  +2.875930e-07  -2.439643e-06  -6.469430e-08  +4.638872e-06  -6.224644e-06  -3.277745e-08  -2.279272e-07  -1.579751e-04  +1.866468e-07  +5.344180e-09  +3.034627e-04  -2.739620e-07  +3.916672e-08  +1.067925e-04  +2.570616e-07  +1.539373e-08  +8.285104e-04  
-1.479689e-06  +2.405667e-06  -6.734632e-07  +2.444236e-06  -1.064466e-06  -1.819329e-07  -5.754060e-07  +1.417227e-06  +2.697114e-08  -2.688118e-06  +2.814402e-06  +6.357184e-08  +7.434702e-08  +1.092984e-04  -1.187034e-07  -8.964155e-08  -5.400132e-04  +1.122232e-07  -2.674516e-08  -1.839036e-04  -9.961691e-08  +2.680516e-08  -5.691328e-04  
+7.474765e-07  -6.734632e-07  +1.428812e-05  -1.310681e-05  -3.952044e-05  +6.194777e-06  -1.469333e-06  -1.651989e-05  -2.306475e-07  -8.824193e-07  +6.645001e-05  -6.619832e-07  +1.097564e-07  -9.357992e-04  +1.239125e-07  -3.122347e-07  +1.574381e-03  -6.700465e-07  +1.566606e-08  -6.905730e-03  +1.021958e-06  -1.383384e-06  +2.249108e-03  
-4.938183e-07  +2.444236e-06  -1.310681e-05  +1.323915e-04  -5.838370e-05  -2.831855e-07  -2.647048e-05  -1.298866e-05  +7.943901e-07  +1.528678e-06  -6.500083e-06  -2.380750e-06  +2.047558e-06  +4.899658e-03  -1.008366e-07  -3.921620e-06  -1.419626e-02  +8.940523e-07  +1.268357e-06  -4.577399e-03  +1.494558e-06  +5.272848e-06  -1.600586e-02  
-9.534652e-07  -1.064466e-06  -3.952044e-05  -5.838370e-05  +2.419343e-04  -2.449949e-05  +3.331952e-05  +8.945165e-05  -2.852271e-07  +2.667240e-05  -2.593738e-04  +4.682436e-06  -3.003738e-06  +2.665310e-04  +1.530254e-06  +5.068825e-06  +6.858167e-03  +1.502072e-06  -7.877849e-07  +3.168947e-02  -4.298426e-06  +4.713719e-07  +9.114271e-03  
+3.312088e-07  -1.819329e-07  +6.194777e-06  -2.831855e-07  -2.449949e-05  +3.709567e-06  -1.998773e-06  -8.929546e-06  -8.910464e-08  -6.780848e-07  +3.916574e-05  -5.938545e-07  +3.355707e-07  -2.828690e-04  -2.934680e-07  -3.425678e-07  +5.190310e-04  -1.727218e-07  +8.838979e-08  -4.168911e-03  +4.509445e-07  -6.792909e-07  +5.799396e-04  
+2.875930e-07  -5.754060e-07  -1.469333e-06  -2.647048e-05  +3.331952e-05  -1.998773e-06  +1.043676e-05  +1.228506e-05  -2.884855e-07  +7.204276e-06  -2.577031e-05  +6.021687e-07  -1.419722e-06  -7.585831e-04  +3.267073e-07  +9.939869e-07  +3.866996e-03  +4.729209e-08  -4.212089e-07  +3.726203e-03  -6.286851e-07  -8.644473e-07  +4.590160e-03  
-2.439643e-06  +1.417227e-06  -1.651989e-05  -1.298866e-05  +8.945165e-05  -8.929546e-06  +1.228506e-05  +7.162573e-05  -1.202180e-07  +3.223215e-06  -6.351293e-05  +2.035116e-06  -1.344484e-06  +2.448528e-03  -2.995468e-07  +1.064259e-06  +3.016506e-03  +1.436097e-06  +2.322166e-07  +9.661843e-03  -8.136206e-07  -4.319564e-07  -1.183502e-03  
-6.469430e-08  +2.697114e-08  -2.306475e-07  +7.943901e-07  -2.852271e-07  -8.910464e-08  -2.884855e-07  -1.202180e-07  +3.539586e-08  -6.829286e-07  -4.546863e-07  +5.485349e-09  +4.862130e-08  +3.665388e-05  -2.234111e-08  -2.367008e-08  -1.571967e-04  +1.945306e-08  +6.980975e-09  +3.457929e-05  -7.995879e-09  +5.289973e-08  -2.364654e-04  
+4.638872e-06  -2.688118e-06  -8.824193e-07  +1.528678e-06  +2.667240e-05  -6.780848e-07  +7.204276e-06  +3.223215e-06  -6.829286e-07  +4.653342e-05  -6.115147e-05  -2.563724e-07  -2.447748e-06  -3.078099e-04  +2.104161e-06  +7.173911e-07  +2.517619e-03  -1.304437e-06  -2.882575e-07  +3.996367e-03  +4.142239e-07  +3.957770e-07  +7.085029e-03  
-6.224644e-06  +2.814402e-06  +6.645001e-05  -6.500083e-06  -2.593738e-04  +3.916574e-05  -2.577031e-05  -6.351293e-05  -4.546863e-07  -6.115147e-05  +5.538743e-04  -5.472353e-06  +7.285452e-06  -8.612970e-04  -6.443372e-06  -3.998200e-06  +4.926319e-03  +1.663449e-06  +1.486013e-06  -5.056063e-02  +4.244934e-06  -9.107370e-06  -3.872851e-04  
-3.277745e-08  +6.357184e-08  -6.619832e-07  -2.380750e-06  +4.682436e-06  -5.938545e-07  +6.021687e-07  +2.035116e-06  +5.485349e-09  -2.563724e-07  -5.472353e-06  +2.921718e-07  -2.502306e-08  -3.387091e-05  +5.439289e-08  +1.007038e-07  +1.494205e-04  -9.114818e-09  -1.122839e-08  +7.522389e-04  -2.210888e-08  -4.489166e-09  +1.414675e-04  
-2.279272e-07  +7.434702e-08  +1.097564e-07  +2.047558e-06  -3.003738e-06  +3.355707e-07  -1.419722e-06  -1.344484e-06  +4.862130e-08  -2.447748e-06  +7.285452e-06  -2.502306e-08  +6.015935e-07  -7.338312e-06  -2.488163e-07  -2.057419e-08  -3.543636e-04  +6.932941e-08  +8.426168e-08  -4.576071e-04  -5.799930e-08  -3.364254e-08  -4.198867e-04  
-1.579751e-04  +1.092984e-04  -9.357992e-04  +4.899658e-03  +2.665310e-04  -2.828690e-04  -7.585831e-04  +2.448528e-03  +3.665388e-05  -3.078099e-04  -8.612970e-04  -3.387091e-05  -7.338312e-06  +5.266303e-01  -2.677633e-05  -2.042982e-04  -5.413643e-01  +1.484260e-04  +1.135336e-04  -4.086627e-02  +1.685230e-04  +1.924142e-04  -9.200743e-01  
+1.866468e-07  -1.187034e-07  +1.239125e-07  -1.008366e-07  +1.530254e-06  -2.934680e-07  +3.267073e-07  -2.995468e-07  -2.234111e-08  +2.104161e-06  -6.443372e-06  +5.439289e-08  -2.488163e-07  -2.677633e-05  +3.702591e-07  +1.026728e-08  -1.513282e-04  -1.562538e-07  -3.911199e-08  +4.163725e-04  +9.063856e-08  +1.552288e-07  +2.336761e-04  
+5.344180e-09  -8.964155e-08  -3.122347e-07  -3.921620e-06  +5.068825e-06  -3.425678e-07  +9.939869e-07  +1.064259e-06  -2.367008e-08  +7.173911e-07  -3.998200e-06  +1.007038e-07  -2.057419e-08  -2.042982e-04  +1.026728e-08  +3.751185e-07  +4.582192e-04  +1.143881e-08  -8.045353e-08  +6.087361e-04  -1.503064e-07  -1.074182e-07  +6.321236e-04  
+3.034627e-04  -5.400132e-04  +1.574381e-03  -1.419626e-02  +6.858167e-03  +5.190310e-04  +3.866996e-03  +3.016506e-03  -1.571967e-04  +2.517619e-03  +4.926319e-03  +1.494205e-04  -3.543636e-04  -5.413643e-01  -1.513282e-04  +4.582192e-04  +2.585225e+00  -1.159089e-05  -1.667200e-04  +1.548097e-01  -2.077719e-04  -8.537751e-04  +2.419689e+00  
-2.739620e-07  +1.122232e-07  -6.700465e-07  +8.940523e-07  +1.502072e-06  -1.727218e-07  +4.729209e-08  +1.436097e-06  +1.945306e-08  -1.304437e-06  +1.663449e-06  -9.114818e-09  +6.932941e-08  +1.484260e-04  -1.562538e-07  +1.143881e-08  -1.159089e-05  +2.837540e-07  +1.024698e-08  +2.811538e-05  -1.190661e-08  +2.341072e-08  -3.050734e-04  
+3.916672e-08  -2.674516e-08  +1.566606e-08  +1.268357e-06  -7.877849e-07  +8.838979e-08  -4.212089e-07  +2.322166e-07  +6.980975e-09  -2.882575e-07  +1.486013e-06  -1.122839e-08  +8.426168e-08  +1.135336e-04  -3.911199e-08  -8.045353e-08  -1.667200e-04  +1.024698e-08  +1.225644e-07  -1.569520e-04  +8.611078e-08  +1.500742e-08  -2.356149e-04  
+1.067925e-04  -1.839036e-04  -6.905730e-03  -4.577399e-03  +3.168947e-02  -4.168911e-03  +3.726203e-03  +9.661843e-03  +3.457929e-05  +3.996367e-03  -5.056063e-02  +7.522389e-04  -4.576071e-04  -4.086627e-02  +4.163725e-04  +6.087361e-04  +1.548097e-01  +2.811538e-05  -1.569520e-04  +5.639646e+00  -5.726804e-04  +6.550262e-04  +6.375121e-01  
+2.570616e-07  -9.961691e-08  +1.021958e-06  +1.494558e-06  -4.298426e-06  +4.509445e-07  -6.286851e-07  -8.136206e-07  -7.995879e-09  +4.142239e-07  +4.244934e-06  -2.210888e-08  -5.799930e-08  +1.685230e-04  +9.063856e-08  -1.503064e-07  -2.077719e-04  -1.190661e-08  +8.611078e-08  -5.726804e-04  +4.399900e-07  +6.912806e-08  -2.268844e-04  
+1.539373e-08  +2.680516e-08  -1.383384e-06  +5.272848e-06  +4.713719e-07  -6.792909e-07  -8.644473e-07  -4.319564e-07  +5.289973e-08  +3.957770e-07  -9.107370e-06  -4.489166e-09  -3.364254e-08  +1.924142e-04  +1.552288e-07  -1.074182e-07  -8.537751e-04  +2.341072e-08  +1.500742e-08  +6.550262e-04  +6.912806e-08  +5.500260e-07  -7.973899e-04  
+8.285104e-04  -5.691328e-04  +2.249108e-03  -1.600586e-02  +9.114271e-03  +5.799396e-04  +4.590160e-03  -1.183502e-03  -2.364654e-04  +7.085029e-03  -3.872851e-04  +1.414675e-04  -4.198867e-04  -9.200743e-01  +2.336761e-04  +6.321236e-04  +2.419689e+00  -3.050734e-04  -2.356149e-04  +6.375121e-01  -2.268844e-04  -7.973899e-04  +4.292684e+00  
