mean:
+3.982591e+00  +3.953560e+00  +8.509480e-01  +1.300429e+00  +1.405351e+00  +4.036083e-01  +8.012447e-01  +1.384635e+00  +1.728878e-01  +1.844324e+00  +5.978933e+00  +3.591560e+00  +2.698803e+00  +2.013234e+02  +4.309286e+00  +5.293664e+00  +2.767336e+02  +5.453641e+00  +3.758091e+00  +3.280595e+02  +2.639936e+00  +4.559522e+00  +3.934627e+02  
covariance:
+1.031206e-06  +1.485965e-07  +1.980322e-06  -4.743714e-07  +1.776439e-06  +8.751402e-08  +3.876427e-07  +3.933368e-06  -1.251126e-06  +6.255378e-06  +3.194610e-06  +1.216562e-07  +9.685197e-08  -7.138830e-05  -2.190003e-07  +1.891879e-07  +6.847261e-05  +2.233636e-08  +1.494101e-07  +5.772992e-04  +1.162927e-07  +9.743509e-08  +4.857621e-04  
+1.485965e-07  +9.984893e-07  +5.699144e-07  -2.292088e-07  +4.918992e-07  +1.711243e-08  +2.623458e-07  +2.388640e-06  -3.449891e-07  +2.463213e-06  +1.085693e-06  +2.823405e-08  +1.803493e-08  -8.063896e-05  -1.729021e-07  +1.415079e-08  -4.884182e-05  +2.797901e-08  +7.002491e-09  +3.040469e-04  +3.039745e-09  +5.117751e-08  +1.847335e-04  
+1.980322e-06  +5.699144e-07  +1.088367e-04  -3.494107e-05  +4.958075e-05  +2.229126e-06  -1.107840e-05  +2.140776e-04  -4.727459e-05  +3.403849e-04  +2.169459e-04  +7.366520e-06  +2.098696e-06  -7.796978e-03  -1.235021e-05  +8.933939e-06  +5.534220e-03  +1.519224e-06  +5.969518e-06  +2.993084e-02  +2.491932e-06  +1.509065e-06  +2.424186e-02  
-4.743714e-07  -2.292088e-07  -3.494107e-05  +1.026252e-04  -3.470553e-05  -3.077655e-06  +1.103641e-05  -1.509742e-06  +1.822414e-05  -1.443577e-04  -6.316012e-05  -4.451303e-06  -1.705905e-06  -9.909072e-04  +4.448348e-06  -2.154906e-06  -5.164979e-03  -9.393139e-07  +3.681088e-06  -5.663197e-03  -6.558355e-07  +1.600891e-06  -4.575220e-03  
+1.776439e-06  +4.918992e-07  +4.958075e-05  -3.470553e-05  +1.079611e-04  +4.234914e-06  +6.532611e-06  +9.280364e-05  -3.283764e-05  +2.348212e-04  +9.519840e-05  +7.813270e-06  +1.788028e-06  -2.461393e-03  -2.757916e-05  +6.964238e-06  +5.666195e-03  +9.786318e-07  +3.405223e-06  +2.711016e-02  +5.362616e-06  -4.530023e-08  +1.281222e-02  
+8.751402e-08  +1.711243e-08  +2.229126e-06  -3.077655e-06  +4.234914e-06  +1.615295e-06  +1.281897e-06  +3.805904e-06  -2.919223e-06  +2.008620e-05  +1.111605e-05  +3.296376e-07  +8.718686e-08  -1.864071e-04  -1.615025e-06  +3.383377e-07  +4.515239e-04  +6.071499e-07  +1.154581e-07  +1.750383e-03  +3.918649e-07  +2.857080e-07  +1.188216e-03  
+3.876427e-07  +2.623458e-07  -1.107840e-05  +1.103641e-05  +6.532611e-06  +1.281897e-06  +1.469635e-05  +6.096328e-06  +2.997102e-07  -1.593386e-05  -1.186428e-05  -1.701354e-06  +8.393408e-07  +8.263768e-04  -1.565983e-06  +2.443362e-07  +2.749195e-04  +3.429521e-07  +9.208581e-07  -1.899606e-04  +6.756213e-07  +2.420894e-07  -7.228889e-04  
+3.933368e-06  +2.388640e-06  +2.140776e-04  -1.509742e-06  +9.280364e-05  +3.805904e-06  +6.096328e-06  +6.592597e-04  -1.010334e-04  +6.996358e-04  +4.804968e-04  +1.193958e-05  +4.890490e-06  -2.199820e-02  -3.848416e-05  +2.253806e-05  +1.092729e-02  +6.505612e-06  +1.734460e-05  +8.023522e-02  +3.777462e-06  +5.595924e-06  +5.547601e-02  
-1.251126e-06  -3.449891e-07  -4.727459e-05  +1.822414e-05  -3.283764e-05  -2.919223e-06  +2.997102e-07  -1.010334e-04  +2.575411e-05  -1.783941e-04  -1.079783e-04  -3.829994e-06  -1.207996e-06  +3.517691e-03  +9.386016e-06  -4.488351e-06  -3.353603e-03  -1.539336e-06  -2.501751e-06  -1.720522e-02  -2.070201e-06  -8.271819e-07  -1.191865e-02  
+6.255378e-06  +2.463213e-06  +3.403849e-04  -1.443577e-04  +2.348212e-04  +2.008620e-05  -1.593386e-05  +6.996358e-04  -1.783941e-04  +1.279435e-03  +7.605905e-04  +2.950436e-05  +7.469747e-06  -2.542674e-02  -6.873509e-05  +3.159761e-05  +2.373985e-02  +1.100515e-05  +1.633404e-05  +1.228727e-01  +1.414830e-05  +5.495374e-06  +8.380308e-02  
+3.194610e-06  +1.085693e-06  +2.169459e-04  -6.316012e-05  +9.519840e-05  +1.111605e-05  -1.186428e-05  +4.804968e-04  -1.079783e-04  +7.605905e-04  +5.403358e-04  +1.337226e-05  +5.205723e-06  -1.800729e-02  -2.613429e-05  +1.884434e-05  +1.303524e-02  +7.825675e-06  +1.116215e-05  +7.101723e-02  +6.229216e-06  +3.474017e-06  +5.507550e-02  
+1.216562e-07  +2.823405e-08  +7.366520e-06  -4.451303e-06  +7.813270e-06  +3.296376e-07  -1.701354e-06  +1.193958e-05  -3.829994e-06  +2.950436e-05  +1.337226e-05  +1.830492e-06  +1.279076e-07  -1.376363e-04  -2.466151e-06  +7.082361e-07  +4.368661e-04  +1.558667e-07  +1.544265e-07  +3.636559e-03  +5.980877e-07  -1.990849e-08  +1.737381e-03  
+9.685197e-08  +1.803493e-08  +2.098696e-06  -1.705905e-06  +1.788028e-06  +8.718686e-08  +8.393408e-07  +4.890490e-06  -1.207996e-06  +7.469747e-06  +5.205723e-06  +1.279076e-07  +7.094381e-07  +1.704328e-04  +4.333590e-07  +2.439775e-07  +2.675109e-04  -2.823182e-08  +1.614350e-07  +3.438795e-04  +8.808546e-08  -1.825275e-07  +4.999476e-04  
-7.138830e-05  -8.063896e-05  -7.796978e-03  -9.909072e-04  -2.461393e-03  -1.864071e-04  +8.263768e-04  -2.199820e-02  +3.517691e-03  -2.542674e-02  -1.800729e-02  -1.376363e-04  +1.704328e-04  +1.865491e+00  +1.808352e-03  -7.999976e-04  -3.949946e-01  -4.963090e-04  -5.214587e-04  -3.209818e+00  +1.237469e-04  -4.655922e-04  -2.110429e+00  
-2.190003e-07  -1.729021e-07  -1.235021e-05  +4.448348e-06  -2.757916e-05  -1.615025e-06  -1.565983e-06  -3.848416e-05  +9.386016e-06  -6.873509e-05  -2.613429e-05  -2.466151e-06  +4.333590e-07  +1.808352e-03  +1.271854e-05  -2.309369e-06  -1.596718e-03  -9.648607e-07  -1.059441e-06  -1.016057e-02  -1.345899e-06  -7.180913e-07  -4.215121e-03  
+1.891879e-07  +1.415079e-08  +8.933939e-06  -2.154906e-06  +6.964238e-06  +3.383377e-07  +2.443362e-07  +2.253806e-05  -4.488351e-06  +3.159761e-05  +1.884434e-05  +7.082361e-07  +2.439775e-07  -7.999976e-04  -2.309369e-06  +1.248058e-06  +6.349036e-04  +2.637162e-07  +6.597761e-07  +3.337989e-03  +2.829425e-07  +2.221164e-07  +2.235637e-03  
+6.847261e-05  -4.884182e-05  +5.534220e-03  -5.164979e-03  +5.666195e-03  +4.515239e-04  +2.749195e-04  +1.092729e-02  -3.353603e-03  +2.373985e-02  +1.303524e-02  +4.368661e-04  +2.675109e-04  -3.949946e-01  -1.596718e-03  +6.349036e-04  +1.295157e+00  +3.037028e-04  +2.358066e-04  +2.227930e+00  +3.590720e-04  -1.158338e-04  +1.074745e+00  
+2.233636e-08  +2.797901e-08  +1.519224e-06  -9.393139e-07  +9.786318e-07  +6.071499e-07  +3.429521e-07  +6.505612e-06  -1.539336e-06  +1.100515e-05  +7.825675e-06  +1.558667e-07  -2.823182e-08  -4.963090e-04  -9.648607e-07  +2.637162e-07  +3.037028e-04  +8.884155e-07  +1.485350e-08  +1.715739e-03  +2.416249e-08  +2.156161e-07  +7.779501e-04  
+1.494101e-07  +7.002491e-09  +5.969518e-06  +3.681088e-06  +3.405223e-06  +1.154581e-07  +9.208581e-07  +1.734460e-05  -2.501751e-06  +1.633404e-05  +1.116215e-05  +1.544265e-07  +1.614350e-07  -5.214587e-04  -1.059441e-06  +6.597761e-07  +2.358066e-04  +1.485350e-08  +1.593222e-06  +1.379355e-03  +3.477446e-07  +1.475663e-07  +1.582080e-03  
+5.772992e-04  +3.040469e-04  +2.993084e-02  -5.663197e-03  +2.711016e-02  +1.750383e-03  -1.899606e-04  +8.023522e-02  -1.720522e-02  +1.228727e-01  +7.101723e-02  +3.636559e-03  +3.438795e-04  -3.209818e+00  -1.016057e-02  +3.337989e-03  +2.227930e+00  +1.715739e-03  +1.379355e-03  +1.748629e+01  +1.773550e-03  +7.761819e-04  +8.341007e+00  
+1.162927e-07  +3.039745e-09  +2.491932e-06  -6.558355e-07  +5.362616e-06  +3.918649e-07  +6.756213e-07  +3.777462e-06  -2.070201e-06  +1.414830e-05  +6.229216e-06  +5.980877e-07  +8.808546e-08  +1.237469e-04  -1.345899e-06  +2.829425e-07  +3.590720e-04  +2.416249e-08  +3.477446e-07  +1.773550e-03  +9.647656e-07  -9.512558e-08  +8.608916e-04  
+9.743509e-08  +5.117751e-08  +1.509065e-06  +1.600891e-06  -4.530023e-08  +2.857080e-07  +2.420894e-07  +5.595924e-06  -8.271819e-07  +5.495374e-06  +3.474017e-06  -1.990849e-08  -1.825275e-07  -4.655922e-04  -7.180913e-07  +2.221164e-07  -1.158338e-04  +2.156161e-07  +1.475663e-07  +7.761819e-04  -9.512558e-08  +7.461478e-07  +6.382254e-04  
+4.857621e-04  +1.847335e-04  +2.424186e-02  -4.575220e-03  +1.281222e-02  +1.188216e-03  -7.228889e-04  +5.547601e-02  -1.191865e-02  +8.380308e-02  +5.507550e-02  +1.737381e-03  +4.999476e-04  -2.110429e+00  -4.215121e-03  +2.235637e-03  +1.074745e+00  +7.779501e-04  +1.582080e-03  +8.341007e+00  +8.608916e-04  +6.382254e-04  +7.077970e+00  
