mean:
+3.978332e+00  +4.010279e+00  +8.698645e-01  +1.371896e+00  +1.248783e+00  +6.087155e-01  +8.416276e-01  +1.388112e+00  +1.617995e-01  +2.012318e+00  +5.667996e+00  +3.595051e+00  +2.901451e+00  +2.076639e+02  +4.310248e+00  +5.178090e+00  +2.859288e+02  +5.217793e+00  +3.910530e+00  +3.302104e+02  +2.879563e+00  +4.560192e+00  +3.977584e+02  
covariance:
+5.149834e-06  -1.024766e-06  +1.303136e-05  +4.370028e-05  -2.519999e-06  +1.054763e-05  -3.055754e-06  +3.050403e-05  -1.436440e-05  +1.233191e-04  -2.737158e-04  +5.828656e-07  +1.468204e-07  +3.058684e-03  -3.554862e-07  +7.161292e-08  +5.698728e-03  +6.081531e-07  -1.659393e-07  +8.821258e-03  -2.711950e-09  +1.242309e-07  +4.477558e-03  
-1.024766e-06  +4.277114e-06  -6.176645e-06  -2.106820e-05  +9.082435e-07  -5.469496e-06  +2.006784e-06  -1.648715e-05  +6.428730e-06  -5.657203e-05  +1.368503e-04  -2.802599e-07  -6.904866e-08  -1.157342e-03  +3.084259e-08  +4.323760e-08  -2.854017e-03  -5.920755e-09  +7.369419e-08  -4.921915e-03  +2.949290e-08  -8.283848e-08  -1.850687e-03  
+1.303136e-05  -6.176645e-06  +6.795085e-05  +1.476651e-04  -1.347106e-05  +3.265325e-05  -1.844172e-05  +1.463000e-04  -4.875983e-05  +4.282555e-04  -8.545258e-04  +4.056073e-06  -1.387550e-06  +1.238184e-02  -1.963743e-06  +1.915583e-06  +2.342368e-02  +1.082130e-06  +2.276077e-07  +3.016011e-02  -4.324572e-07  +8.351038e-07  +2.038195e-02  
+4.370028e-05  -2.106820e-05  +1.476651e-04  +6.564159e-04  -2.953273e-05  +1.091673e-04  +1.222248e-05  +4.202585e-04  -1.789297e-04  +1.434466e-03  -2.868299e-03  +5.160915e-06  -1.741671e-06  +2.727739e-02  -5.865630e-06  +7.573696e-07  +6.497343e-02  +7.586054e-06  +2.279772e-06  +9.846508e-02  +1.295767e-07  -1.869363e-06  +4.548602e-02  
-2.519999e-06  +9.082435e-07  -1.347106e-05  -2.953273e-05  +9.332223e-06  -5.673360e-06  +2.821188e-06  -3.142867e-05  +9.312407e-06  -7.967837e-05  +1.626575e-04  -8.069085e-07  +6.159086e-07  -2.124942e-03  +3.559791e-07  -7.121599e-07  -4.519672e-03  -7.791750e-07  -1.859629e-08  -6.548059e-03  +4.209170e-07  -3.441612e-07  -3.946805e-03  
+1.054763e-05  -5.469496e-06  +3.265325e-05  +1.091673e-04  -5.673360e-06  +2.946459e-05  -1.093245e-05  +7.660486e-05  -3.353493e-05  +3.023551e-04  -7.301668e-04  +1.501497e-06  +5.057681e-07  +7.055444e-03  -4.548251e-07  -1.371705e-07  +1.470533e-02  +1.024342e-06  -3.786249e-07  +2.608442e-02  -1.462255e-07  +4.668693e-07  +1.071919e-02  
-3.055754e-06  +2.006784e-06  -1.844172e-05  +1.222248e-05  +2.821188e-06  -1.093245e-05  +4.210839e-05  -2.475320e-05  -2.252502e-06  -6.722550e-05  +2.653461e-04  -2.184904e-06  -2.270197e-06  -5.163764e-03  +8.991642e-07  -2.790278e-06  -5.782676e-03  +1.029652e-06  +1.125355e-06  -1.171894e-02  +7.432240e-07  -1.556144e-06  -7.482276e-03  
+3.050403e-05  -1.648715e-05  +1.463000e-04  +4.202585e-04  -3.142867e-05  +7.660486e-05  -2.475320e-05  +5.136393e-04  -1.129679e-04  +9.763243e-04  -2.032022e-03  +9.407561e-06  -2.498668e-06  +2.628715e-02  -2.830143e-06  +8.196821e-06  +5.629954e-02  +5.851415e-06  +2.498822e-06  +9.414152e-02  -8.759578e-07  +4.969164e-07  +4.338728e-02  
-1.436440e-05  +6.428730e-06  -4.875983e-05  -1.789297e-04  +9.312407e-06  -3.353493e-05  -2.252502e-06  -1.129679e-04  +5.842988e-05  -4.639824e-04  +8.960464e-04  -1.720676e-06  +6.911913e-07  -1.032540e-02  +1.672265e-06  +5.149223e-07  -2.046642e-02  -2.063683e-06  -8.498926e-08  -2.468986e-02  -2.859496e-07  +4.215509e-07  -1.529154e-02  
+1.233191e-04  -5.657203e-05  +4.282555e-04  +1.434466e-03  -7.967837e-05  +3.023551e-04  -6.722550e-05  +9.763243e-04  -4.639824e-04  +3.897030e-03  -7.979187e-03  +1.778455e-05  +1.721125e-07  +9.315646e-02  -1.400507e-05  +1.484486e-06  +1.784100e-01  +1.614873e-05  -1.893164e-06  +2.379418e-01  +6.433783e-07  +5.457537e-07  +1.376508e-01  
-2.737158e-04  +1.368503e-04  -8.545258e-04  -2.868299e-03  +1.626575e-04  -7.301668e-04  +2.653461e-04  -2.032022e-03  +8.960464e-04  -7.979187e-03  +1.873670e-02  -3.737429e-05  -1.309368e-05  -1.900894e-01  +1.396885e-05  -2.381724e-06  -3.797405e-01  -3.644069e-05  +1.271715e-05  -6.402621e-01  +3.576633e-06  -1.156924e-05  -2.837358e-01  
+5.828656e-07  -2.802599e-07  +4.056073e-06  +5.160915e-06  -8.069085e-07  +1.501497e-06  -2.184904e-06  +9.407561e-06  -1.720676e-06  +1.778455e-05  -3.737429e-05  +8.272935e-07  -3.497232e-07  +7.318867e-04  -2.200924e-07  +1.656505e-07  +1.553188e-03  -1.552919e-07  +1.950075e-08  +1.401676e-03  -5.784534e-08  +1.988437e-07  +1.376263e-03  
+1.468204e-07  -6.904866e-08  -1.387550e-06  -1.741671e-06  +6.159086e-07  +5.057681e-07  -2.270197e-06  -2.498668e-06  +6.911913e-07  +1.721125e-07  -1.309368e-05  -3.497232e-07  +1.472993e-06  +6.196016e-04  -4.040868e-08  +2.493435e-07  -5.144149e-04  +2.724593e-08  -2.098080e-07  +1.110323e-03  -1.048589e-08  -2.736611e-08  -2.436488e-04  
+3.058684e-03  -1.157342e-03  +1.238184e-02  +2.727739e-02  -2.124942e-03  +7.055444e-03  -5.163764e-03  +2.628715e-02  -1.032540e-02  +9.315646e-02  -1.900894e-01  +7.318867e-04  +6.196016e-04  +3.998072e+00  -4.846582e-04  +4.468536e-04  +4.392805e+00  +2.916460e-04  -1.121824e-04  +6.550211e+00  -6.576250e-05  +1.816888e-04  +4.284314e+00  
-3.554862e-07  +3.084259e-08  -1.963743e-06  -5.865630e-06  +3.559791e-07  -4.548251e-07  +8.991642e-07  -2.830143e-06  +1.672265e-06  -1.400507e-05  +1.396885e-05  -2.200924e-07  -4.040868e-08  -4.846582e-04  +7.384010e-07  -1.542198e-07  -6.229002e-04  +1.497184e-07  +5.387671e-08  +1.217167e-04  +2.752149e-08  -1.067092e-07  -7.573095e-04  
+7.161292e-08  +4.323760e-08  +1.915583e-06  +7.573696e-07  -7.121599e-07  -1.371705e-07  -2.790278e-06  +8.196821e-06  +5.149223e-07  +1.484486e-06  -2.381724e-06  +1.656505e-07  +2.493435e-07  +4.468536e-04  -1.542198e-07  +9.808777e-07  +3.789449e-04  +2.143480e-07  +2.807438e-08  +1.284955e-03  -1.176111e-07  +5.702148e-08  +6.422706e-04  
+5.698728e-03  -2.854017e-03  +2.342368e-02  +6.497343e-02  -4.519672e-03  +1.470533e-02  -5.782676e-03  +5.629954e-02  -2.046642e-02  +1.784100e-01  -3.797405e-01  +1.553188e-03  -5.144149e-04  +4.392805e+00  -6.229002e-04  +3.789449e-04  +1.038948e+01  +5.455057e-04  +1.056673e-04  +1.345070e+01  -8.047008e-05  +5.083247e-04  +7.107704e+00  
+6.081531e-07  -5.920755e-09  +1.082130e-06  +7.586054e-06  -7.791750e-07  +1.024342e-06  +1.029652e-06  +5.851415e-06  -2.063683e-06  +1.614873e-05  -3.644069e-05  -1.552919e-07  +2.724593e-08  +2.916460e-04  +1.497184e-07  +2.143480e-07  +5.455057e-04  +1.071953e-06  -1.838859e-08  +1.544898e-03  +1.136795e-08  +7.437052e-08  +2.253215e-04  
-1.659393e-07  +7.369419e-08  +2.276077e-07  +2.279772e-06  -1.859629e-08  -3.786249e-07  +1.125355e-06  +2.498822e-06  -8.498926e-08  -1.893164e-06  +1.271715e-05  +1.950075e-08  -2.098080e-07  -1.121824e-04  +5.387671e-08  +2.807438e-08  +1.056673e-04  -1.838859e-08  +5.288673e-07  +2.399123e-04  +1.488367e-08  -1.196365e-07  -5.667434e-05  
+8.821258e-03  -4.921915e-03  +3.016011e-02  +9.846508e-02  -6.548059e-03  +2.608442e-02  -1.171894e-02  +9.414152e-02  -2.468986e-02  +2.379418e-01  -6.402621e-01  +1.401676e-03  +1.110323e-03  +6.550211e+00  +1.217167e-04  +1.284955e-03  +1.345070e+01  +1.544898e-03  +2.399123e-04  +3.409983e+01  -7.237267e-04  +7.273971e-04  +9.407598e+00  
-2.711950e-09  +2.949290e-08  -4.324572e-07  +1.295767e-07  +4.209170e-07  -1.462255e-07  +7.432240e-07  -8.759578e-07  -2.859496e-07  +6.433783e-07  +3.576633e-06  -5.784534e-08  -1.048589e-08  -6.576250e-05  +2.752149e-08  -1.176111e-07  -8.047008e-05  +1.136795e-08  +1.488367e-08  -7.237267e-04  +3.088529e-07  -5.912758e-08  -6.384034e-05  
+1.242309e-07  -8.283848e-08  +8.351038e-07  -1.869363e-06  -3.441612e-07  +4.668693e-07  -1.556144e-06  +4.969164e-07  +4.215509e-07  +5.457537e-07  -1.156924e-05  +1.988437e-07  -2.736611e-08  +1.816888e-04  -1.067092e-07  +5.702148e-08  +5.083247e-04  +7.437052e-08  -1.196365e-07  +7.273971e-04  -5.912758e-08  +6.163640e-07  +2.494861e-04  
+4.477558e-03  -1.850687e-03  +2.038195e-02  +4.548602e-02  -3.946805e-03  +1.071919e-02  -7.482276e-03  +4.338728e-02  -1.529154e-02  +1.376508e-01  -2.837358e-01  +1.376263e-03  -2.436488e-04  +4.284314e+00  -7.573095e-04  +6.422706e-04  +7.107704e+00  +2.253215e-04  -5.667434e-05  +9.407598e+00  -6.384034e-05  +2.494861e-04  +7.692109e+00  
