mean:
+3.955766e+00  +3.923297e+00  +6.468184e-01  -1.163311e+00  +1.610939e+00  +4.035124e-01  +9.050116e-01  +2.065785e+00  +1.552279e-01  +1.891352e+00  +4.925530e+00  +1.635174e+00  +2.883002e+00  +8.014102e+02  +4.800105e+00  +4.399908e+00  +2.016501e+03  
covariance:
+1.863321e-06  -9.552263e-08  +2.354181e-06  -1.272528e-06  -4.644121e-07  +1.309948e-08  -3.057937e-07  +2.782032e-06  -5.133742e-07  +4.894054e-06  +9.144974e-06  -3.381786e-08  -1.792426e-08  -4.077840e-04  -5.002723e-09  +2.974211e-08  -2.407507e-03  
-9.552263e-08  +2.962425e-06  +1.923089e-06  -3.438744e-06  +4.752034e-06  +4.274690e-07  +3.905582e-07  +3.287346e-06  -9.594523e-07  +6.414817e-06  +9.054646e-06  -2.519016e-08  -3.727430e-08  -1.692973e-04  +3.914895e-08  +3.291180e-08  -2.118031e-03  
+2.354181e-06  +1.923089e-06  +1.743395e-04  +8.833950e-05  +4.763063e-05  +1.346159e-05  -7.880994e-06  +6.012756e-05  -2.004241e-05  +1.384610e-04  +2.538064e-04  -2.694994e-07  -5.302353e-07  -1.861427e-02  -3.101131e-08  +8.824328e-07  -3.523509e-02  
-1.272528e-06  -3.438744e-06  +8.833950e-05  +2.690517e-04  +9.130454e-06  -3.120727e-06  -3.053668e-05  -1.380221e-04  +1.535505e-05  -8.009217e-05  -1.124939e-04  +1.923911e-06  +9.729363e-07  -1.217615e-02  +7.156409e-08  +1.098083e-06  +5.953847e-02  
-4.644121e-07  +4.752034e-06  +4.763063e-05  +9.130454e-06  +1.457771e-04  +1.131240e-05  +1.114072e-05  +3.898976e-05  -7.472328e-06  +3.715849e-05  +9.197159e-05  +1.267331e-07  -3.249512e-07  -3.233702e-05  +2.934915e-07  +1.187019e-06  +7.012389e-05  
+1.309948e-08  +4.274690e-07  +1.346159e-05  -3.120727e-06  +1.131240e-05  +3.358153e-06  +2.974093e-06  +1.995958e-05  -3.542601e-06  +2.052742e-05  +3.503593e-05  -6.014668e-08  -6.244065e-08  -4.617898e-04  +4.720608e-08  +1.879121e-07  -6.022012e-03  
-3.057937e-07  +3.905582e-07  -7.880994e-06  -3.053668e-05  +1.114072e-05  +2.974093e-06  +1.524142e-05  +2.643305e-05  -5.152029e-06  +2.089916e-05  +2.783565e-05  -7.375055e-08  -1.515005e-07  +2.276154e-03  -7.970668e-09  +4.149900e-08  -5.761124e-03  
+2.782032e-06  +3.287346e-06  +6.012756e-05  -1.380221e-04  +3.898976e-05  +1.995958e-05  +2.643305e-05  +3.562090e-04  -4.911081e-05  +3.090554e-04  +4.637561e-04  -1.520394e-06  -1.087220e-06  -2.056634e-03  +8.900259e-08  -6.952773e-07  -1.064820e-01  
-5.133742e-07  -9.594523e-07  -2.004241e-05  +1.535505e-05  -7.472328e-06  -3.542601e-06  -5.152029e-06  -4.911081e-05  +1.217048e-05  -7.573945e-05  -1.087870e-04  +4.069635e-07  +2.450602e-07  +2.463730e-03  +1.819722e-07  -6.594472e-08  +2.162839e-02  
+4.894054e-06  +6.414817e-06  +1.384610e-04  -8.009217e-05  +3.715849e-05  +2.052742e-05  +2.089916e-05  +3.090554e-04  -7.573945e-05  +4.931687e-04  +7.019606e-04  -2.783818e-06  -1.476970e-06  -1.818309e-02  -1.254770e-06  +2.112426e-07  -1.424510e-01  
+9.144974e-06  +9.054646e-06  +2.538064e-04  -1.124939e-04  +9.197159e-05  +3.503593e-05  +2.783565e-05  +4.637561e-04  -1.087870e-04  +7.019606e-04  +1.115573e-03  -3.368100e-06  -2.021982e-06  -3.121916e-02  -1.183929e-06  +8.259984e-07  -2.154771e-01  
-3.381786e-08  -2.519016e-08  -2.694994e-07  +1.923911e-06  +1.267331e-07  -6.014668e-08  -7.375055e-08  -1.520394e-06  +4.069635e-07  -2.783818e-06  -3.368100e-06  +1.980916e-07  +5.310505e-08  +9.994273e-05  +3.870359e-08  +3.490490e-08  +1.007824e-03  
-1.792426e-08  -3.727430e-08  -5.302353e-07  +9.729363e-07  -3.249512e-07  -6.244065e-08  -1.515005e-07  -1.087220e-06  +2.450602e-07  -1.476970e-06  -2.021982e-06  +5.310505e-08  +1.927996e-07  +8.139017e-05  +1.248905e-08  +2.917032e-08  +3.405528e-04  
-4.077840e-04  -1.692973e-04  -1.861427e-02  -1.217615e-02  -3.233702e-05  -4.617898e-04  +2.276154e-03  -2.056634e-03  +2.463730e-03  -1.818309e-02  -3.121916e-02  +9.994273e-05  +8.139017e-05  +3.282041e+00  +3.920785e-05  -8.184157e-05  +3.919411e+00  
-5.002723e-09  +3.914895e-08  -3.101131e-08  +7.156409e-08  +2.934915e-07  +4.720608e-08  -7.970668e-09  +8.900259e-08  +1.819722e-07  -1.254770e-06  -1.183929e-06  +3.870359e-08  +1.248905e-08  +3.920785e-05  +1.519109e-07  +9.062431e-09  +3.357715e-04  
+2.974211e-08  +3.291180e-08  +8.824328e-07  +1.098083e-06  +1.187019e-06  +1.879121e-07  +4.149900e-08  -6.952773e-07  -6.594472e-08  +2.112426e-07  +8.259984e-07  +3.490490e-08  +2.917032e-08  -8.184157e-05  +9.062431e-09  +2.215584e-07  +2.460878e-04  
-2.407507e-03  -2.118031e-03  -3.523509e-02  +5.953847e-02  +7.012389e-05  -6.022012e-03  -5.761124e-03  -1.064820e-01  +2.162839e-02  -1.424510e-01  -2.154771e-01  +1.007824e-03  +3.405528e-04  +3.919411e+00  +3.357715e-04  +2.460878e-04  +5.885932e+01  
