mean:
+3.968362e+00  +4.003091e+00  +6.166592e-01  +1.985225e+00  +1.283710e+00  +5.991424e-01  +8.200666e-01  +2.193075e+00  +3.694162e-02  +3.866162e+00  +6.012656e+00  +4.623796e+00  +3.191170e+00  +3.267988e+02  +2.670825e+00  +3.677163e+00  +4.522069e+02  +4.720244e+00  +4.880068e+00  +8.031317e+02  +3.938674e+00  +5.173915e+00  +4.335479e+02  
covariance:
+1.952238e-06  -3.278817e-07  +3.338313e-07  +1.238543e-06  +1.615048e-06  -1.104188e-07  +3.853231e-07  -5.890475e-08  -5.205129e-08  +1.930620e-06  -2.269127e-06  -2.607329e-08  +4.770016e-08  +9.533966e-05  -1.274906e-08  +1.144338e-07  +5.617792e-05  +1.162716e-07  -2.872500e-08  +4.502283e-04  +1.211171e-07  -3.487023e-08  +1.796641e-04  
-3.278817e-07  +4.579994e-06  -5.726999e-07  -5.510840e-06  -2.146254e-06  +1.460405e-07  +4.139918e-07  -5.981945e-07  -5.115459e-08  -1.248586e-08  +6.582357e-06  +2.749043e-07  -1.407082e-07  -3.767080e-04  -1.027464e-07  -1.014921e-07  +5.843882e-04  -4.988034e-07  -5.016659e-08  -7.996944e-04  -3.501752e-07  -1.180986e-07  +4.612717e-04  
+3.338313e-07  -5.726999e-07  +2.614124e-05  +1.738447e-05  +3.141832e-05  -2.882831e-06  +6.649226e-06  -2.922187e-05  -6.706273e-07  +4.412168e-05  -4.299144e-05  -2.814788e-07  +5.434892e-07  +3.994734e-03  +2.249126e-06  +1.304567e-06  +2.924903e-03  -2.634730e-07  -6.871813e-07  +1.559142e-02  +4.892086e-07  +5.575177e-07  +5.186878e-03  
+1.238543e-06  -5.510840e-06  +1.738447e-05  +1.362317e-04  +3.350684e-05  -1.491426e-06  -3.592930e-06  -2.531898e-05  +1.510669e-07  +3.257918e-05  -1.287974e-04  -3.296681e-06  +2.510401e-06  +5.575356e-05  +1.190762e-06  -7.194679e-07  -3.094184e-03  +2.309388e-06  -1.131350e-06  +1.764929e-02  +5.026673e-07  -5.776864e-07  -9.410956e-04  
+1.615048e-06  -2.146254e-06  +3.141832e-05  +3.350684e-05  +8.145869e-05  -3.061155e-06  +1.236383e-05  -4.121297e-05  -1.193094e-06  +8.055254e-05  -7.963470e-05  -3.083483e-07  +7.145898e-07  +4.985473e-03  +3.596177e-06  +2.707999e-06  +3.921850e-03  -1.099625e-07  -1.271906e-06  +2.282445e-02  +1.169771e-06  -2.912700e-07  +8.795705e-03  
-1.104188e-07  +1.460405e-07  -2.882831e-06  -1.491426e-06  -3.061155e-06  +1.897290e-06  -5.589620e-07  +1.376784e-06  +3.436006e-08  -4.644078e-06  +1.352656e-05  -2.647076e-08  -4.701956e-07  -1.566815e-03  +3.786101e-07  -1.382694e-07  -2.897399e-04  -1.604873e-07  -5.547000e-09  -3.763510e-03  +2.873691e-08  -2.279543e-07  -2.323208e-04  
+3.853231e-07  +4.139918e-07  +6.649226e-06  -3.592930e-06  +1.236383e-05  -5.589620e-07  +6.947019e-06  -1.341639e-05  -5.023411e-07  +2.031228e-05  -1.372390e-06  +3.756881e-07  +1.533906e-07  +2.027084e-03  +6.078978e-07  +1.166110e-06  +1.950203e-03  -2.247538e-08  -4.155074e-07  +4.859045e-03  +1.988589e-07  +4.542540e-08  +3.253172e-03  
-5.890475e-08  -5.981945e-07  -2.922187e-05  -2.531898e-05  -4.121297e-05  +1.376784e-06  -1.341639e-05  +9.344258e-05  +1.042130e-06  -6.783154e-05  +7.547065e-05  +5.435389e-07  -1.842044e-06  +4.196256e-05  -3.305022e-06  -2.544266e-06  -4.322619e-03  +5.565734e-07  +2.586388e-06  -1.778267e-02  -9.468759e-07  +2.500196e-07  -1.111438e-02  
-5.205129e-08  -5.115459e-08  -6.706273e-07  +1.510669e-07  -1.193094e-06  +3.436006e-08  -5.023411e-07  +1.042130e-06  +7.312267e-08  -2.275013e-06  -5.765191e-07  -4.432473e-08  +1.697752e-08  -2.225091e-04  -7.487946e-08  -1.127859e-07  -2.123639e-04  +8.888774e-09  +1.713529e-08  -4.508492e-04  -3.635190e-09  -1.576228e-08  -3.523084e-04  
+1.930620e-06  -1.248586e-08  +4.412168e-05  +3.257918e-05  +8.055254e-05  -4.644078e-06  +2.031228e-05  -6.783154e-05  -2.275013e-06  +1.311561e-04  -5.345876e-05  +6.584467e-07  +8.394389e-07  +1.059160e-02  +4.413789e-06  +5.186323e-06  +9.598351e-03  -1.111237e-07  -1.337980e-06  +3.187564e-02  +8.886194e-07  +4.425683e-07  +1.706331e-02  
-2.269127e-06  +6.582357e-06  -4.299144e-05  -1.287974e-04  -7.963470e-05  +1.352656e-05  -1.372390e-06  +7.547065e-05  -5.765191e-07  -5.345876e-05  +3.643584e-04  +4.501415e-06  -7.930540e-06  +1.483504e-04  -9.478590e-07  -7.210237e-08  +6.045695e-03  -1.970942e-06  +3.810910e-06  -4.429863e-02  -2.174338e-06  +9.899636e-07  +1.535161e-03  
-2.607329e-08  +2.749043e-07  -2.814788e-07  -3.296681e-06  -3.083483e-07  -2.647076e-08  +3.756881e-07  +5.435389e-07  -4.432473e-08  +6.584467e-07  +4.501415e-06  +2.913628e-07  -1.107308e-07  +1.703502e-04  -1.685527e-08  +1.006046e-07  +2.136667e-04  -6.961477e-08  +2.011429e-08  -1.798054e-04  -4.282434e-08  +1.303042e-08  +2.583853e-04  
+4.770016e-08  -1.407082e-07  +5.434892e-07  +2.510401e-06  +7.145898e-07  -4.701956e-07  +1.533906e-07  -1.842044e-06  +1.697752e-08  +8.394389e-07  -7.930540e-06  -1.107308e-07  +5.970180e-07  +1.131366e-04  -1.540924e-07  +7.106610e-08  -2.188106e-04  +8.029552e-08  -1.377343e-07  +1.064339e-03  +3.583856e-08  +7.893564e-08  -5.033981e-05  
+9.533966e-05  -3.767080e-04  +3.994734e-03  +5.575356e-05  +4.985473e-03  -1.566815e-03  +2.027084e-03  +4.196256e-05  -2.225091e-04  +1.059160e-02  +1.483504e-04  +1.703502e-04  +1.131366e-04  +3.293743e+00  -2.140180e-04  +5.248979e-04  +1.234913e+00  +2.252715e-04  +2.134882e-04  +4.420736e+00  +1.465054e-06  +4.095914e-04  +1.256539e+00  
-1.274906e-08  -1.027464e-07  +2.249126e-06  +1.190762e-06  +3.596177e-06  +3.786101e-07  +6.078978e-07  -3.305022e-06  -7.487946e-08  +4.413789e-06  -9.478590e-07  -1.685527e-08  -1.540924e-07  -2.140180e-04  +6.772454e-07  +1.721245e-07  +3.189600e-04  -1.097830e-07  -1.078392e-07  +4.715373e-04  +1.711435e-07  -6.318624e-09  +6.322377e-04  
+1.144338e-07  -1.014921e-07  +1.304567e-06  -7.194679e-07  +2.707999e-06  -1.382694e-07  +1.166110e-06  -2.544266e-06  -1.127859e-07  +5.186323e-06  -7.210237e-08  +1.006046e-07  +7.106610e-08  +5.248979e-04  +1.721245e-07  +5.104974e-07  +3.987926e-04  +8.536435e-09  -6.267398e-08  +1.146084e-03  +2.906585e-08  +5.125195e-08  +8.086313e-04  
+5.617792e-05  +5.843882e-04  +2.924903e-03  -3.094184e-03  +3.921850e-03  -2.897399e-04  +1.950203e-03  -4.322619e-03  -2.123639e-04  +9.598351e-03  +6.045695e-03  +2.136667e-04  -2.188106e-04  +1.234913e+00  +3.189600e-04  +3.987926e-04  +1.429097e+00  -1.024264e-04  +3.114986e-05  +1.776812e+00  +6.535257e-05  +1.021110e-04  +1.626770e+00  
+1.162716e-07  -4.988034e-07  -2.634730e-07  +2.309388e-06  -1.099625e-07  -1.604873e-07  -2.247538e-08  +5.565734e-07  +8.888774e-09  -1.111237e-07  -1.970942e-06  -6.961477e-08  +8.029552e-08  +2.252715e-04  -1.097830e-07  +8.536435e-09  -1.024264e-04  +2.685716e-07  -1.768801e-09  +2.831051e-04  +5.539087e-08  +2.005060e-08  -1.968484e-04  
-2.872500e-08  -5.016659e-08  -6.871813e-07  -1.131350e-06  -1.271906e-06  -5.547000e-09  -4.155074e-07  +2.586388e-06  +1.713529e-08  -1.337980e-06  +3.810910e-06  +2.011429e-08  -1.377343e-07  +2.134882e-04  -1.078392e-07  -6.267398e-08  +3.114986e-05  -1.768801e-09  +2.189950e-07  -4.350070e-04  -3.590177e-08  +1.336899e-08  -1.867016e-04  
+4.502283e-04  -7.996944e-04  +1.559142e-02  +1.764929e-02  +2.282445e-02  -3.763510e-03  +4.859045e-03  -1.778267e-02  -4.508492e-04  +3.187564e-02  -4.429863e-02  -1.798054e-04  +1.064339e-03  +4.420736e+00  +4.715373e-04  +1.146084e-03  +1.776812e+00  +2.831051e-04  -4.350070e-04  +1.401886e+01  +9.170176e-05  +5.278275e-04  +3.400439e+00  
+1.211171e-07  -3.501752e-07  +4.892086e-07  +5.026673e-07  +1.169771e-06  +2.873691e-08  +1.988589e-07  -9.468759e-07  -3.635190e-09  +8.886194e-07  -2.174338e-06  -4.282434e-08  +3.583856e-08  +1.465054e-06  +1.711435e-07  +2.906585e-08  +6.535257e-05  +5.539087e-08  -3.590177e-08  +9.170176e-05  +2.782349e-07  -2.205391e-08  +1.779734e-05  
-3.487023e-08  -1.180986e-07  +5.575177e-07  -5.776864e-07  -2.912700e-07  -2.279543e-07  +4.542540e-08  +2.500196e-07  -1.576228e-08  +4.425683e-07  +9.899636e-07  +1.303042e-08  +7.893564e-08  +4.095914e-04  -6.318624e-09  +5.125195e-08  +1.021110e-04  +2.005060e-08  +1.336899e-08  +5.278275e-04  -2.205391e-08  +2.288806e-07  +1.174005e-04  
+1.796641e-04  +4.612717e-04  +5.186878e-03  -9.410956e-04  +8.795705e-03  -2.323208e-04  +3.253172e-03  -1.111438e-02  -3.523084e-04  +1.706331e-02  +1.535161e-03  +2.583853e-04  -5.033981e-05  +1.256539e+00  +6.322377e-04  +8.086313e-04  +1.626770e+00  -1.968484e-04  -1.867016e-04  +3.400439e+00  +1.779734e-05  +1.174005e-04  +2.970313e+00  
