mean:
+3.956152e+00  +3.923514e+00  +6.362522e-01  -1.166111e+00  +1.619634e+00  +4.014150e-01  +9.195418e-01  +2.067003e+00  +1.517841e-01  +1.931391e+00  +4.884900e+00  +1.635128e+00  +2.883209e+00  +8.069805e+02  +4.800167e+00  +4.399599e+00  +2.017901e+03  
covariance:
+2.218691e-06  +4.673585e-07  +1.382267e-06  +4.141902e-06  -3.894121e-06  +4.709514e-08  -1.670011e-06  +3.433088e-06  -2.047829e-07  +3.488404e-06  +1.653568e-05  -3.273385e-08  -6.950109e-09  -1.154848e-03  +1.490777e-08  +7.857879e-09  -2.682146e-03  
+4.673585e-07  +2.926454e-06  +2.251832e-06  +4.958853e-07  +1.812835e-06  +4.327801e-07  -4.650139e-07  +1.677261e-06  -5.002644e-07  +3.992118e-06  +1.665955e-05  -1.313963e-07  +2.014721e-09  -1.116907e-03  +1.881770e-08  -2.985928e-08  -1.892130e-03  
+1.382267e-06  +2.251832e-06  +7.220976e-05  +1.123918e-04  +1.496671e-05  +1.454860e-05  +6.741346e-06  +8.345595e-05  -2.071724e-05  +1.249033e-04  +3.432881e-04  -1.259060e-06  -7.356214e-07  -2.726777e-02  -2.205004e-07  +1.298896e-07  -2.464366e-02  
+4.141902e-06  +4.958853e-07  +1.123918e-04  +3.658425e-04  -7.308339e-05  +2.457381e-05  -8.752718e-06  +1.837888e-04  -4.168606e-05  +2.690076e-04  +7.465164e-04  -2.083305e-06  -1.521038e-06  -6.026686e-02  -7.190032e-07  +3.477766e-07  -6.086549e-02  
-3.894121e-06  +1.812835e-06  +1.496671e-05  -7.308339e-05  +2.162701e-04  +1.042661e-05  +3.525433e-05  +1.706338e-05  +1.519107e-06  -3.824394e-05  -1.180195e-04  -1.030444e-07  -1.636049e-07  +1.103860e-02  -1.314117e-07  -2.023038e-07  +2.006515e-02  
+4.709514e-08  +4.327801e-07  +1.454860e-05  +2.457381e-05  +1.042661e-05  +5.650880e-06  +4.204176e-06  +2.226067e-05  -6.542193e-06  +3.783397e-05  +9.219947e-05  -1.461814e-07  -1.581302e-07  -6.950721e-03  -8.737002e-08  +1.273605e-07  -7.296818e-03  
-1.670011e-06  -4.650139e-07  +6.741346e-06  -8.752718e-06  +3.525433e-05  +4.204176e-06  +2.077986e-05  -1.252624e-05  -3.309879e-06  +4.247108e-06  -2.722289e-05  +1.959311e-07  -1.616938e-07  +1.946163e-03  +3.909346e-08  +9.844602e-08  +1.185587e-02  
+3.433088e-06  +1.677261e-06  +8.345595e-05  +1.837888e-04  +1.706338e-05  +2.226067e-05  -1.252624e-05  +2.907330e-04  -3.114823e-05  +2.064524e-04  +6.052820e-04  -1.103541e-06  -6.485382e-08  -5.564246e-02  +2.565030e-07  +3.436462e-07  -8.558630e-02  
-2.047829e-07  -5.002644e-07  -2.071724e-05  -4.168606e-05  +1.519107e-06  -6.542193e-06  -3.309879e-06  -3.114823e-05  +1.009953e-05  -5.975863e-05  -1.487323e-04  +3.043605e-07  +1.750832e-07  +1.144912e-02  +1.042478e-07  -1.125084e-07  +1.287156e-02  
+3.488404e-06  +3.992118e-06  +1.249033e-04  +2.690076e-04  -3.824394e-05  +3.783397e-05  +4.247108e-06  +2.064524e-04  -5.975863e-05  +3.760059e-04  +9.457073e-04  -1.944657e-06  -9.231520e-07  -7.346083e-02  -4.929212e-07  +6.953579e-07  -8.961883e-02  
+1.653568e-05  +1.665955e-05  +3.432881e-04  +7.465164e-04  -1.180195e-04  +9.219947e-05  -2.722289e-05  +6.052820e-04  -1.487323e-04  +9.457073e-04  +2.844857e-03  -8.591550e-06  -2.690093e-06  -2.063955e-01  -2.651718e-06  +6.961280e-08  -2.965197e-01  
-3.273385e-08  -1.313963e-07  -1.259060e-06  -2.083305e-06  -1.030444e-07  -1.461814e-07  +1.959311e-07  -1.103541e-06  +3.043605e-07  -1.944657e-06  -8.591550e-06  +2.565478e-07  +3.808777e-08  +5.027613e-04  +2.841265e-08  +3.952359e-08  +9.720318e-04  
-6.950109e-09  +2.014721e-09  -7.356214e-07  -1.521038e-06  -1.636049e-07  -1.581302e-07  -1.616938e-07  -6.485382e-08  +1.750832e-07  -9.231520e-07  -2.690093e-06  +3.808777e-08  +1.740801e-07  +1.885084e-04  +2.255941e-08  +1.025056e-08  +2.636437e-04  
-1.154848e-03  -1.116907e-03  -2.726777e-02  -6.026686e-02  +1.103860e-02  -6.950721e-03  +1.946163e-03  -5.564246e-02  +1.144912e-02  -7.346083e-02  -2.063955e-01  +5.027613e-04  +1.885084e-04  +1.730192e+01  +6.388653e-05  -1.160365e-04  +2.208633e+01  
+1.490777e-08  +1.881770e-08  -2.205004e-07  -7.190032e-07  -1.314117e-07  -8.737002e-08  +3.909346e-08  +2.565030e-07  +1.042478e-07  -4.929212e-07  -2.651718e-06  +2.841265e-08  +2.255941e-08  +6.388653e-05  +1.331531e-07  -1.956209e-09  +1.029336e-04  
+7.857879e-09  -2.985928e-08  +1.298896e-07  +3.477766e-07  -2.023038e-07  +1.273605e-07  +9.844602e-08  +3.436462e-07  -1.125084e-07  +6.953579e-07  +6.961280e-08  +3.952359e-08  +1.025056e-08  -1.160365e-04  -1.956209e-09  +1.217369e-07  +1.048578e-04  
-2.682146e-03  -1.892130e-03  -2.464366e-02  -6.086549e-02  +2.006515e-02  -7.296818e-03  +1.185587e-02  -8.558630e-02  +1.287156e-02  -8.961883e-02  -2.965197e-01  +9.720318e-04  +2.636437e-04  +2.208633e+01  +1.029336e-04  +1.048578e-04  +4.786575e+01  
