mean:
+3.945893e+00  +3.932555e+00  +8.211910e-01  +1.267697e+00  +1.434944e+00  +5.033490e-01  +8.024949e-01  +1.381089e+00  +1.731280e-01  +1.817982e+00  +5.994203e+00  +3.548345e+00  +2.644862e+00  +2.048872e+02  +4.281605e+00  +5.295274e+00  +2.738027e+02  +5.397968e+00  +3.768311e+00  +3.259523e+02  +2.640479e+00  +4.559805e+00  +3.950623e+02  
covariance:
+1.151266e-05  -5.796290e-06  +1.273678e-05  +3.283466e-05  +9.774036e-06  -6.032143e-06  +5.669499e-06  -1.288248e-05  +1.282966e-05  -6.784900e-05  +1.557379e-05  -1.450523e-07  +3.964088e-05  -4.792823e-03  +6.044481e-05  +1.739680e-07  -3.415918e-03  +2.182711e-05  +3.621063e-05  -3.426798e-04  -2.035888e-07  -2.503887e-07  -1.033500e-02  
-5.796290e-06  +5.177200e-06  -6.461940e-06  -2.321425e-05  -4.093091e-06  +3.005859e-06  -3.115063e-06  +7.109237e-06  -6.488267e-06  +3.548999e-05  -3.654460e-06  +1.116725e-07  -1.967696e-05  +2.916023e-03  -3.033771e-05  -5.185576e-07  +8.484662e-04  -1.051281e-05  -1.813637e-05  +1.084745e-04  +1.798508e-07  +8.183546e-08  +5.014630e-03  
+1.273678e-05  -6.461940e-06  +2.649310e-05  +1.733483e-05  +1.002124e-05  -8.946482e-06  +4.134471e-06  -2.915027e-05  +1.691507e-05  -9.534652e-05  +1.775532e-05  -1.876980e-07  +4.896183e-05  -7.132126e-03  +7.628885e-05  -1.139822e-06  -5.356930e-03  +2.675622e-05  +4.615033e-05  +6.899209e-04  -4.707962e-07  -7.171063e-07  -1.530643e-02  
+3.283466e-05  -2.321425e-05  +1.733483e-05  +9.817706e-04  -8.165761e-05  +2.360343e-05  +3.481088e-05  +1.733379e-04  +9.881942e-06  +9.436475e-05  -5.372657e-04  -1.899446e-05  -5.678920e-06  -2.301511e-02  +2.480388e-06  +1.914295e-05  +8.853376e-02  -2.994335e-05  -1.135937e-05  -1.714245e-02  -7.307207e-06  +5.863396e-06  +5.272675e-02  
+9.774036e-06  -4.093091e-06  +1.002124e-05  -8.165761e-05  +5.072651e-05  -9.322228e-06  +1.230504e-05  -7.355069e-05  +1.525729e-05  -1.151603e-04  +9.715887e-05  +2.843924e-06  +6.667487e-05  -2.113384e-04  +9.912378e-05  -8.557631e-07  -2.594202e-02  +4.689902e-05  +5.971041e-05  +4.145942e-03  +2.022137e-06  +9.285741e-07  -2.659861e-02  
-6.032143e-06  +3.005859e-06  -8.946482e-06  +2.360343e-05  -9.322228e-06  +7.963743e-06  -2.424956e-06  +2.170362e-05  -9.871964e-06  +6.406911e-05  -3.324799e-05  -6.243808e-07  -3.183175e-05  +2.866701e-03  -4.745619e-05  +1.114945e-06  +6.604739e-03  -1.806001e-05  -2.942437e-05  -1.866720e-03  +4.187798e-07  +6.060855e-07  +1.018081e-02  
+5.669499e-06  -3.115063e-06  +4.134471e-06  +3.481088e-05  +1.230504e-05  -2.424956e-06  +2.054193e-05  -3.716091e-05  +6.538905e-06  -4.934182e-05  -1.454218e-05  +4.034756e-07  +3.005869e-05  -1.650794e-03  +4.417491e-05  +1.578383e-06  -5.409740e-03  +2.111825e-05  +2.401847e-05  +4.786530e-03  +1.147053e-07  +7.671661e-07  -9.471770e-03  
-1.288248e-05  +7.109237e-06  -2.915027e-05  +1.733379e-04  -7.355069e-05  +2.170362e-05  -3.716091e-05  +3.224067e-04  -3.845020e-05  +3.200946e-04  -1.344368e-04  -6.706109e-06  -1.577980e-04  +2.581343e-03  -2.351860e-04  +1.260615e-06  +6.765568e-02  -1.160815e-04  -1.401783e-04  -2.449609e-02  +1.303207e-06  -4.940832e-06  +6.922251e-02  
+1.282966e-05  -6.488267e-06  +1.691507e-05  +9.881942e-06  +1.525729e-05  -9.871964e-06  +6.538905e-06  -3.845020e-05  +1.927146e-05  -1.099019e-04  +3.435028e-05  +2.774490e-07  +5.722919e-05  -5.754738e-03  +8.671999e-05  -2.833646e-07  -9.698874e-03  +3.340745e-05  +5.266338e-05  +1.887639e-03  -6.971249e-07  -2.718485e-08  -1.709461e-02  
-6.784900e-05  +3.548999e-05  -9.534652e-05  +9.436475e-05  -1.151603e-04  +6.406911e-05  -4.934182e-05  +3.200946e-04  -1.099019e-04  +7.169209e-04  -2.884759e-04  -4.610097e-06  -3.627605e-04  +2.994478e-02  -5.465909e-04  +3.393678e-06  +8.164502e-02  -2.230396e-04  -3.315234e-04  -2.222901e-02  +3.458658e-06  -1.036605e-06  +1.187601e-01  
+1.557379e-05  -3.654460e-06  +1.775532e-05  -5.372657e-04  +9.715887e-05  -3.324799e-05  -1.454218e-05  -1.344368e-04  +3.435028e-05  -2.884759e-04  +5.230167e-04  +1.063289e-05  +1.402006e-04  +1.158228e-03  +2.059721e-04  -1.096210e-05  -7.528327e-02  +9.860143e-05  +1.329176e-04  +5.668286e-03  +5.336160e-06  -3.188104e-06  -6.819070e-02  
-1.450523e-07  +1.116725e-07  -1.876980e-07  -1.899446e-05  +2.843924e-06  -6.243808e-07  +4.034756e-07  -6.706109e-06  +2.774490e-07  -4.610097e-06  +1.063289e-05  +1.179659e-06  +2.157888e-06  +6.630783e-04  +3.029226e-06  -2.673522e-07  -2.483305e-03  +2.077066e-06  +2.068147e-06  +3.101876e-04  +1.762638e-07  -9.436240e-08  -2.103453e-03  
+3.964088e-05  -1.967696e-05  +4.896183e-05  -5.678920e-06  +6.667487e-05  -3.183175e-05  +3.005869e-05  -1.577980e-04  +5.722919e-05  -3.627605e-04  +1.402006e-04  +2.157888e-06  +2.045875e-04  -1.456718e-02  +3.053583e-04  -1.438456e-06  -4.380227e-02  +1.249075e-04  +1.835153e-04  +8.460449e-03  -1.015441e-06  +1.748116e-06  -6.365099e-02  
-4.792823e-03  +2.916023e-03  -7.132126e-03  -2.301511e-02  -2.113384e-04  +2.866701e-03  -1.650794e-03  +2.581343e-03  -5.754738e-03  +2.994478e-02  +1.158228e-03  +6.630783e-04  -1.456718e-02  +4.061539e+00  -2.306041e-02  -1.377659e-04  -1.375393e+00  -6.887670e-03  -1.377774e-02  +5.754252e-03  +4.529810e-04  +9.882339e-05  +3.162213e+00  
+6.044481e-05  -3.033771e-05  +7.628885e-05  +2.480388e-06  +9.912378e-05  -4.745619e-05  +4.417491e-05  -2.351860e-04  +8.671999e-05  -5.465909e-04  +2.059721e-04  +3.029226e-06  +3.053583e-04  -2.306041e-02  +4.587941e-04  -1.884436e-06  -6.436309e-02  +1.864551e-04  +2.753659e-04  +1.222768e-02  -1.549191e-06  +2.652524e-06  -9.555587e-02  
+1.739680e-07  -5.185576e-07  -1.139822e-06  +1.914295e-05  -8.557631e-07  +1.114945e-06  +1.578383e-06  +1.260615e-06  -2.833646e-07  +3.393678e-06  -1.096210e-05  -2.673522e-07  -1.438456e-06  -1.377659e-04  -1.884436e-06  +1.069499e-06  +1.575859e-03  -7.262611e-07  -1.534828e-06  -4.599951e-05  -3.159733e-08  +2.341510e-07  +1.192466e-03  
-3.415918e-03  +8.484662e-04  -5.356930e-03  +8.853376e-02  -2.594202e-02  +6.604739e-03  -5.409740e-03  +6.765568e-02  -9.698874e-03  +8.164502e-02  -7.528327e-02  -2.483305e-03  -4.380227e-02  -1.375393e+00  -6.436309e-02  +1.575859e-03  +2.256768e+01  -3.220816e-02  -3.917456e-02  -4.364631e+00  -6.832333e-04  -8.151327e-04  +1.971874e+01  
+2.182711e-05  -1.051281e-05  +2.675622e-05  -2.994335e-05  +4.689902e-05  -1.806001e-05  +2.111825e-05  -1.160815e-04  +3.340745e-05  -2.230396e-04  +9.860143e-05  +2.077066e-06  +1.249075e-04  -6.887670e-03  +1.864551e-04  -7.262611e-07  -3.220816e-02  +8.035250e-05  +1.114374e-04  +7.090226e-03  -1.934370e-07  +1.795405e-06  -4.160901e-02  
+3.621063e-05  -1.813637e-05  +4.615033e-05  -1.135937e-05  +5.971041e-05  -2.942437e-05  +2.401847e-05  -1.401783e-04  +5.266338e-05  -3.315234e-04  +1.329176e-04  +2.068147e-06  +1.835153e-04  -1.377774e-02  +2.753659e-04  -1.534828e-06  -3.917456e-02  +1.114374e-04  +1.665593e-04  +7.052574e-03  -9.054324e-07  +1.141489e-06  -5.762616e-02  
-3.426798e-04  +1.084745e-04  +6.899209e-04  -1.714245e-02  +4.145942e-03  -1.866720e-03  +4.786530e-03  -2.449609e-02  +1.887639e-03  -2.222901e-02  +5.668286e-03  +3.101876e-04  +8.460449e-03  +5.754252e-03  +1.222768e-02  -4.599951e-05  -4.364631e+00  +7.090226e-03  +7.052574e-03  +3.699103e+00  -2.411649e-04  +1.219415e-04  -4.191909e+00  
-2.035888e-07  +1.798508e-07  -4.707962e-07  -7.307207e-06  +2.022137e-06  +4.187798e-07  +1.147053e-07  +1.303207e-06  -6.971249e-07  +3.458658e-06  +5.336160e-06  +1.762638e-07  -1.015441e-06  +4.529810e-04  -1.549191e-06  -3.159733e-08  -6.832333e-04  -1.934370e-07  -9.054324e-07  -2.411649e-04  +6.023031e-07  -3.379392e-08  -1.761034e-04  
-2.503887e-07  +8.183546e-08  -7.171063e-07  +5.863396e-06  +9.285741e-07  +6.060855e-07  +7.671661e-07  -4.940832e-06  -2.718485e-08  -1.036605e-06  -3.188104e-06  -9.436240e-08  +1.748116e-06  +9.882339e-05  +2.652524e-06  +2.341510e-07  -8.151327e-04  +1.795405e-06  +1.141489e-06  +1.219415e-04  -3.379392e-08  +9.422983e-07  -5.289020e-04  
-1.033500e-02  +5.014630e-03  -1.530643e-02  +5.272675e-02  -2.659861e-02  +1.018081e-02  -9.471770e-03  +6.922251e-02  -1.709461e-02  +1.187601e-01  -6.819070e-02  -2.103453e-03  -6.365099e-02  +3.162213e+00  -9.555587e-02  +1.192466e-03  +1.971874e+01  -4.160901e-02  -5.762616e-02  -4.191909e+00  -1.761034e-04  -5.289020e-04  +2.442601e+01  
