mean:
+3.913889e+00  +3.897388e+00  +8.654019e-01  +1.367244e+00  +1.446020e+00  +6.024875e-01  +8.256754e-01  +1.385352e+00  +1.549957e-01  +1.889431e+00  +5.900509e+00  +3.484941e+00  +2.611174e+00  +1.928107e+02  +4.285898e+00  +5.274932e+00  +2.737564e+02  +5.350531e+00  +3.758557e+00  +3.220250e+02  +2.640025e+00  +4.560010e+00  +3.950975e+02  
covariance:
+5.030305e-06  -8.743752e-07  +4.205611e-06  +2.346938e-05  +8.630115e-06  -7.759139e-07  +4.675508e-06  +6.284050e-07  -2.220221e-06  +1.534707e-05  -2.434006e-05  -2.551204e-07  -1.026614e-07  -1.400342e-03  -1.249325e-08  +6.858429e-07  +3.736481e-04  +1.435144e-08  +3.650922e-07  +1.216349e-03  -3.367463e-07  +3.180272e-07  +1.300466e-03  
-8.743752e-07  +6.304454e-07  +5.379711e-07  +3.388320e-06  +2.834594e-07  +2.430833e-07  +1.324317e-06  -4.646288e-07  -5.887391e-07  +2.902286e-06  -2.929115e-06  -4.558705e-09  -4.378041e-09  -3.761913e-04  -7.761050e-08  +1.338790e-07  +5.719190e-05  +6.747092e-08  +3.090402e-08  +1.924688e-04  +3.663190e-08  -3.135749e-08  +2.497049e-04  
+4.205611e-06  +5.379711e-07  +3.325929e-05  +1.141646e-04  +3.262542e-05  -3.039433e-06  +2.878587e-05  -2.276506e-05  -1.060590e-05  +7.807294e-05  -9.196045e-05  -1.977352e-07  +4.690367e-08  -4.241038e-03  -2.718563e-07  +4.072105e-06  +1.964623e-03  -2.412374e-07  +1.851525e-06  +6.090107e-03  -1.223649e-06  +3.553036e-07  +2.532376e-03  
+2.346938e-05  +3.388320e-06  +1.141646e-04  +8.058325e-04  +1.362400e-04  -1.282741e-05  +1.570068e-04  -3.694240e-05  -6.002309e-05  +4.715647e-04  -6.220367e-04  +6.160751e-07  -1.092537e-06  -3.645669e-02  -9.483137e-06  +1.854634e-05  +5.115467e-03  -3.047451e-06  +7.198535e-06  +2.380410e-02  -8.443978e-06  +1.505322e-06  +2.264091e-02  
+8.630115e-06  +2.834594e-07  +3.262542e-05  +1.362400e-04  +1.386813e-04  -4.439987e-06  +3.230862e-05  +1.432004e-05  -1.131555e-05  +8.862755e-05  -1.590472e-04  -2.702720e-07  +3.525915e-07  -1.430340e-02  +7.164999e-07  +3.441759e-06  +3.314567e-03  -3.434320e-06  +5.569990e-06  +1.327090e-02  -2.410557e-06  -6.676064e-07  +1.172571e-02  
-7.759139e-07  +2.430833e-07  -3.039433e-06  -1.282741e-05  -4.439987e-06  +3.813632e-06  -7.129701e-07  +5.635663e-06  +3.650174e-08  -2.148325e-06  +5.370208e-06  -3.563487e-07  -1.914337e-07  -1.049930e-03  -5.797291e-07  -1.810638e-07  +4.752995e-04  +7.095947e-07  -5.090673e-08  -4.368923e-04  +6.864679e-07  -9.905737e-09  +1.614529e-03  
+4.675508e-06  +1.324317e-06  +2.878587e-05  +1.570068e-04  +3.230862e-05  -7.129701e-07  +4.259060e-05  -1.445028e-05  -1.470797e-05  +1.047673e-04  -1.302657e-04  -4.806865e-07  +1.863499e-07  -8.398615e-03  -1.756247e-06  +5.203725e-06  +2.274896e-03  +8.681237e-07  +2.020024e-06  +7.694311e-03  -7.481958e-07  +5.802256e-07  +6.410580e-03  
+6.284050e-07  -4.646288e-07  -2.276506e-05  -3.694240e-05  +1.432004e-05  +5.635663e-06  -1.445028e-05  +1.170841e-04  +5.703544e-06  -3.396447e-05  -1.521173e-05  -1.706397e-06  +4.885518e-07  -1.261276e-02  -1.492439e-06  -4.333843e-06  +2.798252e-03  -1.274464e-06  +3.043557e-06  -2.037516e-03  -9.274594e-07  -1.152221e-06  +5.637345e-03  
-2.220221e-06  -5.887391e-07  -1.060590e-05  -6.002309e-05  -1.131555e-05  +3.650174e-08  -1.470797e-05  +5.703544e-06  +6.403389e-06  -4.398771e-05  +4.990243e-05  +2.360139e-07  +2.312688e-08  +3.079359e-03  +6.741645e-07  -1.776624e-06  -7.240054e-04  -2.252462e-07  -3.260040e-07  -2.596760e-03  +3.162626e-07  -3.960311e-07  -3.108916e-03  
+1.534707e-05  +2.902286e-06  +7.807294e-05  +4.715647e-04  +8.862755e-05  -2.148325e-06  +1.047673e-04  -3.396447e-05  -4.398771e-05  +3.412498e-04  -4.018937e-04  -1.401367e-06  -9.882776e-07  -2.470788e-02  -5.341543e-06  +1.220849e-05  +5.192363e-03  +8.328299e-07  +1.753756e-06  +1.758076e-02  -3.409532e-06  +3.091245e-06  +2.353546e-02  
-2.434006e-05  -2.929115e-06  -9.196045e-05  -6.220367e-04  -1.590472e-04  +5.370208e-06  -1.302657e-04  -1.521173e-05  +4.990243e-05  -4.018937e-04  +6.126552e-04  +2.284406e-06  +2.342381e-06  +4.507508e-02  +5.816276e-06  -1.502668e-05  -9.977094e-03  -6.199535e-07  -9.179147e-06  -2.346330e-02  +6.331705e-06  -3.021970e-06  -2.834883e-02  
-2.551204e-07  -4.558705e-09  -1.977352e-07  +6.160751e-07  -2.702720e-07  -3.563487e-07  -4.806865e-07  -1.706397e-06  +2.360139e-07  -1.401367e-06  +2.284406e-06  +4.268127e-07  +4.326988e-08  +3.572914e-04  -8.288162e-08  +1.918791e-08  -1.980920e-04  -2.480475e-07  +9.205987e-09  -1.901586e-04  -1.230971e-07  -1.309855e-07  -4.425637e-04  
-1.026614e-07  -4.378041e-09  +4.690367e-08  -1.092537e-06  +3.525915e-07  -1.914337e-07  +1.863499e-07  +4.885518e-07  +2.312688e-08  -9.882776e-07  +2.342381e-06  +4.326988e-08  +4.281289e-07  +3.412674e-04  -3.235765e-08  +8.217417e-08  -1.605985e-05  -1.633880e-07  +1.642615e-07  +1.668556e-04  +1.174626e-07  -7.314725e-08  +1.768400e-05  
-1.400342e-03  -3.761913e-04  -4.241038e-03  -3.645669e-02  -1.430340e-02  -1.049930e-03  -8.398615e-03  -1.261276e-02  +3.079359e-03  -2.470788e-02  +4.507508e-02  +3.572914e-04  +3.412674e-04  +5.886601e+00  +5.922607e-04  -6.847683e-04  -1.559050e+00  -1.776124e-04  -1.228177e-03  -1.796150e+00  +5.359139e-04  +7.868402e-05  -2.980185e+00  
-1.249325e-08  -7.761050e-08  -2.718563e-07  -9.483137e-06  +7.164999e-07  -5.797291e-07  -1.756247e-06  -1.492439e-06  +6.741645e-07  -5.341543e-06  +5.816276e-06  -8.288162e-08  -3.235765e-08  +5.922607e-04  +6.762455e-07  -1.437114e-07  +1.198393e-05  +3.712153e-08  -5.538353e-08  -1.079053e-05  +7.495506e-09  +1.627140e-07  -4.061733e-04  
+6.858429e-07  +1.338790e-07  +4.072105e-06  +1.854634e-05  +3.441759e-06  -1.810638e-07  +5.203725e-06  -4.333843e-06  -1.776624e-06  +1.220849e-05  -1.502668e-05  +1.918791e-08  +8.217417e-08  -6.847683e-04  -1.437114e-07  +9.524826e-07  +2.654556e-04  +9.183725e-08  +3.378749e-07  +9.853031e-04  -1.288858e-08  +6.525516e-08  +5.592165e-04  
+3.736481e-04  +5.719190e-05  +1.964623e-03  +5.115467e-03  +3.314567e-03  +4.752995e-04  +2.274896e-03  +2.798252e-03  -7.240054e-04  +5.192363e-03  -9.977094e-03  -1.980920e-04  -1.605985e-05  -1.559050e+00  +1.198393e-05  +2.654556e-04  +9.514358e-01  +2.409196e-04  +6.196687e-04  +6.653082e-01  -3.202699e-05  +8.020059e-05  +7.539746e-01  
+1.435144e-08  +6.747092e-08  -2.412374e-07  -3.047451e-06  -3.434320e-06  +7.095947e-07  +8.681237e-07  -1.274464e-06  -2.252462e-07  +8.328299e-07  -6.199535e-07  -2.480475e-07  -1.633880e-07  -1.776124e-04  +3.712153e-08  +9.183725e-08  +2.409196e-04  +9.054653e-07  -1.370677e-07  -4.568596e-05  +2.694014e-07  +2.764749e-07  +2.051475e-04  
+3.650922e-07  +3.090402e-08  +1.851525e-06  +7.198535e-06  +5.569990e-06  -5.090673e-08  +2.020024e-06  +3.043557e-06  -3.260040e-07  +1.753756e-06  -9.179147e-06  +9.205987e-09  +1.642615e-07  -1.228177e-03  -5.538353e-08  +3.378749e-07  +6.196687e-04  -1.370677e-07  +1.121502e-06  +7.369811e-04  -8.127113e-08  -1.349876e-07  +2.046147e-04  
+1.216349e-03  +1.924688e-04  +6.090107e-03  +2.380410e-02  +1.327090e-02  -4.368923e-04  +7.694311e-03  -2.037516e-03  -2.596760e-03  +1.758076e-02  -2.346330e-02  -1.901586e-04  +1.668556e-04  -1.796150e+00  -1.079053e-05  +9.853031e-04  +6.653082e-01  -4.568596e-05  +7.369811e-04  +2.554988e+00  -1.686977e-04  +5.425381e-05  +1.611118e+00  
-3.367463e-07  +3.663190e-08  -1.223649e-06  -8.443978e-06  -2.410557e-06  +6.864679e-07  -7.481958e-07  -9.274594e-07  +3.162626e-07  -3.409532e-06  +6.331705e-06  -1.230971e-07  +1.174626e-07  +5.359139e-04  +7.495506e-09  -1.288858e-08  -3.202699e-05  +2.694014e-07  -8.127113e-08  -1.686977e-04  +6.415297e-07  +1.007093e-07  +2.101512e-04  
+3.180272e-07  -3.135749e-08  +3.553036e-07  +1.505322e-06  -6.676064e-07  -9.905737e-09  +5.802256e-07  -1.152221e-06  -3.960311e-07  +3.091245e-06  -3.021970e-06  -1.309855e-07  -7.314725e-08  +7.868402e-05  +1.627140e-07  +6.525516e-08  +8.020059e-05  +2.764749e-07  -1.349876e-07  +5.425381e-05  +1.007093e-07  +4.406077e-07  +3.425780e-04  
+1.300466e-03  +2.497049e-04  +2.532376e-03  +2.264091e-02  +1.172571e-02  +1.614529e-03  +6.410580e-03  +5.637345e-03  -3.108916e-03  +2.353546e-02  -2.834883e-02  -4.425637e-04  +1.768400e-05  -2.980185e+00  -4.061733e-04  +5.592165e-04  +7.539746e-01  +2.051475e-04  +2.046147e-04  +1.611118e+00  +2.101512e-04  +3.425780e-04  +4.240326e+00  
