mean:
+3.961514e+00  +3.953402e+00  +8.637130e-01  +1.311987e+00  +1.419123e+00  +5.067867e-01  +8.032609e-01  +1.397351e+00  +1.720336e-01  +1.848192e+00  +6.110709e+00  +3.527295e+00  +2.674545e+00  +1.960726e+02  +4.327923e+00  +5.293914e+00  +2.730792e+02  +5.413873e+00  +3.801192e+00  +3.142898e+02  +2.640144e+00  +4.559893e+00  +3.919187e+02  
covariance:
+8.917818e-07  -3.635550e-08  +2.545270e-07  -2.510426e-07  +1.598832e-06  +2.337308e-07  +1.278189e-07  +3.762379e-08  -1.738885e-07  +7.079482e-07  +2.126543e-06  +9.423321e-08  +1.471358e-09  -1.909782e-04  -6.325831e-09  +2.965945e-08  -1.106168e-04  -4.678028e-08  +2.566222e-08  -3.229079e-05  +5.237939e-08  +2.202636e-08  +1.119222e-04  
-3.635550e-08  +1.478770e-06  +7.237298e-07  +7.570323e-07  +2.657111e-06  +3.355870e-07  +3.776466e-08  -2.237102e-07  -3.005686e-07  +2.094161e-06  +5.415761e-06  -3.266015e-07  -1.967209e-08  -2.270608e-04  -3.530679e-08  +5.146252e-08  -2.225003e-04  +8.351300e-08  -3.414678e-08  -1.470221e-04  +8.316138e-08  -2.130916e-08  +1.169047e-04  
+2.545270e-07  +7.237298e-07  +9.159177e-05  +1.879135e-06  +2.858034e-04  +3.329075e-05  -2.097934e-05  +1.468973e-04  -2.803674e-05  +1.579123e-04  +5.265193e-04  -1.137548e-05  +4.048214e-07  -1.899230e-02  -2.371259e-06  +1.722368e-06  -4.104012e-04  +5.238203e-07  +1.576931e-07  -1.960459e-02  +2.800887e-06  -8.288342e-07  +4.725357e-03  
-2.510426e-07  +7.570323e-07  +1.879135e-06  +2.343850e-04  +4.819773e-05  +3.150855e-06  +2.441412e-06  -3.975702e-05  +1.011152e-06  -2.422164e-05  +8.885278e-05  -1.402249e-05  +1.482989e-06  +8.215834e-03  +1.467487e-06  -2.065376e-06  -1.062624e-03  +9.059973e-06  -1.930458e-06  +1.496924e-03  +1.796130e-06  -6.478662e-07  -2.964753e-03  
+1.598832e-06  +2.657111e-06  +2.858034e-04  +4.819773e-05  +1.204570e-03  +1.264045e-04  -1.564066e-05  +4.102454e-04  -1.211973e-04  +6.691080e-04  +1.824919e-03  -4.932154e-05  +2.375834e-06  -8.454873e-02  -1.266249e-05  +1.391416e-06  -2.194032e-02  +2.390943e-06  +7.270972e-06  -6.828395e-02  +1.576380e-05  +1.548722e-06  +3.122143e-02  
+2.337308e-07  +3.355870e-07  +3.329075e-05  +3.150855e-06  +1.264045e-04  +1.717696e-05  -6.589041e-06  +3.983929e-05  -1.367161e-05  +7.935204e-05  +2.165261e-04  -3.838634e-06  +1.463692e-07  -1.001640e-02  -1.463117e-06  +8.702805e-07  -3.123449e-03  -1.155028e-07  -7.708522e-08  -8.598934e-03  +1.632835e-06  -1.409186e-07  +2.489136e-03  
+1.278189e-07  +3.776466e-08  -2.097934e-05  +2.441412e-06  -1.564066e-05  -6.589041e-06  +3.327646e-05  -1.722061e-05  -2.946580e-06  +3.657669e-06  -1.212977e-04  -5.230253e-06  +3.595447e-07  -1.613163e-03  +7.367649e-08  -1.853322e-06  -2.625833e-03  +3.483423e-07  +2.466565e-06  +3.357810e-03  +8.468682e-07  +5.236316e-07  +2.127584e-03  
+3.762379e-08  -2.237102e-07  +1.468973e-04  -3.975702e-05  +4.102454e-04  +3.983929e-05  -1.722061e-05  +5.235414e-04  -3.885681e-05  +2.199451e-04  +6.721501e-04  -1.484970e-05  +2.753902e-06  -2.736187e-02  -3.456960e-06  +4.438256e-06  +1.442085e-02  -1.841843e-06  +1.455016e-06  -2.498379e-02  +1.097924e-06  -5.767474e-06  +8.812832e-04  
-1.738885e-07  -3.005686e-07  -2.803674e-05  +1.011152e-06  -1.211973e-04  -1.367161e-05  -2.946580e-06  -3.885681e-05  +1.511102e-05  -8.140936e-05  -1.819586e-04  +6.132281e-06  -2.358647e-07  +1.067399e-02  +1.352618e-06  -8.957879e-08  +3.520229e-03  -2.391153e-08  -7.609136e-07  +7.757736e-03  -1.885805e-06  -9.416894e-08  -3.596975e-03  
+7.079482e-07  +2.094161e-06  +1.579123e-04  -2.422164e-05  +6.691080e-04  +7.935204e-05  +3.657669e-06  +2.199451e-04  -8.140936e-05  +4.691084e-04  +9.988337e-04  -3.021218e-05  +7.737109e-07  -6.264727e-02  -7.821762e-06  +2.199411e-06  -2.138870e-02  -9.692508e-07  +2.689611e-06  -4.522430e-02  +1.037473e-05  +2.485109e-07  +1.826474e-02  
+2.126543e-06  +5.415761e-06  +5.265193e-04  +8.885278e-05  +1.824919e-03  +2.165261e-04  -1.212977e-04  +6.721501e-04  -1.819586e-04  +9.988337e-04  +3.443109e-03  -6.977932e-05  +3.354477e-06  -1.190638e-01  -1.722401e-05  +5.703611e-06  -2.143523e-02  +4.457499e-06  +1.608851e-06  -1.212455e-01  +2.078810e-05  -7.184862e-07  +4.526687e-02  
+9.423321e-08  -3.266015e-07  -1.137548e-05  -1.402249e-05  -4.932154e-05  -3.838634e-06  -5.230253e-06  -1.484970e-05  +6.132281e-06  -3.021218e-05  -6.977932e-05  +7.446896e-06  +2.411852e-07  +3.800679e-03  +2.360863e-07  +2.260849e-07  +1.041484e-03  -9.733397e-07  -4.972570e-07  +4.111088e-03  -8.081254e-07  +1.290286e-07  -1.084563e-03  
+1.471358e-09  -1.967209e-08  +4.048214e-07  +1.482989e-06  +2.375834e-06  +1.463692e-07  +3.595447e-07  +2.753902e-06  -2.358647e-07  +7.737109e-07  +3.354477e-06  +2.411852e-07  +8.379006e-07  -4.193158e-05  +8.154218e-08  +1.316332e-07  -1.908300e-04  +1.128013e-07  +6.349186e-09  +2.694011e-04  +8.094983e-08  -1.038011e-08  +2.640757e-04  
-1.909782e-04  -2.270608e-04  -1.899230e-02  +8.215834e-03  -8.454873e-02  -1.001640e-02  -1.613163e-03  -2.736187e-02  +1.067399e-02  -6.264727e-02  -1.190638e-01  +3.800679e-03  -4.193158e-05  +9.614617e+00  +9.750030e-04  -1.401933e-04  +3.858383e+00  +4.780015e-04  -3.097958e-04  +6.243924e+00  -1.422033e-03  -2.028339e-04  -2.988746e+00  
-6.325831e-09  -3.530679e-08  -2.371259e-06  +1.467487e-06  -1.266249e-05  -1.463117e-06  +7.367649e-08  -3.456960e-06  +1.352618e-06  -7.821762e-06  -1.722401e-05  +2.360863e-07  +8.154218e-08  +9.750030e-04  +5.646929e-07  -1.277146e-07  +4.080678e-04  +8.823690e-08  -1.478757e-07  +6.284409e-04  -2.254356e-07  -1.480378e-08  -4.441490e-04  
+2.965945e-08  +5.146252e-08  +1.722368e-06  -2.065376e-06  +1.391416e-06  +8.702805e-07  -1.853322e-06  +4.438256e-06  -8.957879e-08  +2.199411e-06  +5.703611e-06  +2.260849e-07  +1.316332e-07  -1.401933e-04  -1.277146e-07  +1.107462e-06  +4.649907e-04  +2.022895e-07  -2.029942e-07  -9.602222e-05  -1.066571e-07  -2.453803e-07  -7.334707e-04  
-1.106168e-04  -2.225003e-04  -4.104012e-04  -1.062624e-03  -2.194032e-02  -3.123449e-03  -2.625833e-03  +1.442085e-02  +3.520229e-03  -2.138870e-02  -2.143523e-02  +1.041484e-03  -1.908300e-04  +3.858383e+00  +4.080678e-04  +4.649907e-04  +5.130739e+00  +5.389077e-04  +8.108449e-05  +2.475127e+00  -9.365357e-04  -5.723597e-04  -2.566792e+00  
-4.678028e-08  +8.351300e-08  +5.238203e-07  +9.059973e-06  +2.390943e-06  -1.155028e-07  +3.483423e-07  -1.841843e-06  -2.391153e-08  -9.692508e-07  +4.457499e-06  -9.733397e-07  +1.128013e-07  +4.780015e-04  +8.823690e-08  +2.022895e-07  +5.389077e-04  +1.100251e-06  -1.691988e-08  +2.417845e-04  -6.991771e-08  -5.559258e-08  -3.474189e-04  
+2.566222e-08  -3.414678e-08  +1.576931e-07  -1.930458e-06  +7.270972e-06  -7.708522e-08  +2.466565e-06  +1.455016e-06  -7.609136e-07  +2.689611e-06  +1.608851e-06  -4.972570e-07  +6.349186e-09  -3.097958e-04  -1.478757e-07  -2.029942e-07  +8.108449e-05  -1.691988e-08  +7.088964e-07  +8.075671e-05  +1.093207e-07  +1.644384e-07  +4.287277e-04  
-3.229079e-05  -1.470221e-04  -1.960459e-02  +1.496924e-03  -6.828395e-02  -8.598934e-03  +3.357810e-03  -2.498379e-02  +7.757736e-03  -4.522430e-02  -1.212455e-01  +4.111088e-03  +2.694011e-04  +6.243924e+00  +6.284409e-04  -9.602222e-05  +2.475127e+00  +2.417845e-04  +8.075671e-05  +7.132602e+00  -7.771985e-04  -4.106425e-05  -1.956923e+00  
+5.237939e-08  +8.316138e-08  +2.800887e-06  +1.796130e-06  +1.576380e-05  +1.632835e-06  +8.468682e-07  +1.097924e-06  -1.885805e-06  +1.037473e-05  +2.078810e-05  -8.081254e-07  +8.094983e-08  -1.422033e-03  -2.254356e-07  -1.066571e-07  -9.365357e-04  -6.991771e-08  +1.093207e-07  -7.771985e-04  +7.565389e-07  +1.777530e-07  +8.165135e-04  
+2.202636e-08  -2.130916e-08  -8.288342e-07  -6.478662e-07  +1.548722e-06  -1.409186e-07  +5.236316e-07  -5.767474e-06  -9.416894e-08  +2.485109e-07  -7.184862e-07  +1.290286e-07  -1.038011e-08  -2.028339e-04  -1.480378e-08  -2.453803e-07  -5.723597e-04  -5.559258e-08  +1.644384e-07  -4.106425e-05  +1.777530e-07  +5.547707e-07  +5.723678e-04  
+1.119222e-04  +1.169047e-04  +4.725357e-03  -2.964753e-03  +3.122143e-02  +2.489136e-03  +2.127584e-03  +8.812832e-04  -3.596975e-03  +1.826474e-02  +4.526687e-02  -1.084563e-03  +2.640757e-04  -2.988746e+00  -4.441490e-04  -7.334707e-04  -2.566792e+00  -3.474189e-04  +4.287277e-04  -1.956923e+00  +8.165135e-04  +5.723678e-04  +3.647596e+00  
