mean:
+3.978073e+00  +4.008184e+00  +8.317065e-01  +1.321192e+00  +1.243414e+00  +5.989954e-01  +8.115830e-01  +1.377681e+00  +1.697370e-01  +1.878522e+00  +5.885020e+00  +3.655292e+00  +2.873855e+00  +2.103975e+02  +4.309241e+00  +5.178423e+00  +2.912652e+02  +5.217486e+00  +3.909332e+00  +3.399417e+02  +2.879958e+00  +4.560418e+00  +4.046414e+02  
covariance:
+1.597322e-06  +7.903688e-07  -1.274747e-05  -1.003487e-05  +2.225288e-06  +7.380811e-07  +2.391717e-07  +1.312271e-05  -2.724934e-06  +1.755745e-05  -4.663907e-05  +4.785654e-06  -3.165328e-06  +4.223378e-03  -6.310775e-07  +9.160420e-08  +3.721643e-03  -1.846321e-07  -2.477066e-09  +4.749591e-03  +2.576774e-07  +2.329208e-09  +5.792399e-03  
+7.903688e-07  +3.941207e-06  -5.588038e-07  +2.051384e-06  -3.961646e-07  +1.023618e-07  -2.939195e-07  -1.619073e-06  +9.807199e-08  +2.382175e-07  +3.728750e-06  -3.629399e-07  -4.572375e-09  -3.944571e-04  +1.309976e-07  -1.250416e-07  -3.903421e-04  +2.620407e-08  +4.487060e-08  -2.435109e-04  -7.886925e-08  -8.212618e-08  -4.221036e-04  
-1.274747e-05  -5.588038e-07  +2.550734e-04  +2.229408e-04  -4.944336e-05  -1.673700e-05  +4.402859e-06  -3.050632e-04  +5.303949e-05  -3.699664e-04  +7.948804e-04  -1.118096e-04  +7.301117e-05  -8.357293e-02  +1.492002e-05  +1.070816e-07  -7.573226e-02  +4.149219e-06  -3.418243e-07  -9.420193e-02  -7.472785e-06  +1.788298e-07  -1.145260e-01  
-1.003487e-05  +2.051384e-06  +2.229408e-04  +4.166705e-04  -4.368816e-05  -1.226115e-05  +1.890493e-05  -3.609066e-04  +4.562456e-05  -3.288631e-04  +6.207885e-04  -1.062032e-04  +7.102498e-05  -7.026582e-02  +1.628764e-05  +3.779257e-06  -7.486951e-02  +5.240736e-06  +4.427582e-06  -8.136886e-02  -5.855575e-06  +3.198464e-06  -1.055679e-01  
+2.225288e-06  -3.961646e-07  -4.944336e-05  -4.368816e-05  +1.302615e-05  +3.542213e-06  -1.076399e-06  +6.181562e-05  -1.055708e-05  +7.371978e-05  -1.449952e-04  +2.265649e-05  -1.491289e-05  +1.627171e-02  -3.234688e-06  -4.832332e-07  +1.520788e-02  -1.095600e-06  +3.482157e-07  +1.815685e-02  +1.739461e-06  -5.042130e-09  +2.198198e-02  
+7.380811e-07  +1.023618e-07  -1.673700e-05  -1.226115e-05  +3.542213e-06  +2.193175e-06  -2.573971e-06  +2.543041e-05  -4.246429e-06  +3.120734e-05  -4.225741e-05  +1.151314e-05  -7.484010e-06  +5.363933e-03  -1.263789e-06  -5.108177e-07  +5.676779e-03  -3.158709e-07  +1.581176e-07  +6.682258e-03  +7.783683e-07  +2.185488e-07  +7.285891e-03  
+2.391717e-07  -2.939195e-07  +4.402859e-06  +1.890493e-05  -1.076399e-06  -2.573971e-06  +2.135886e-05  -4.061506e-05  +2.418936e-06  -3.852151e-05  -1.876995e-05  -2.302127e-05  +1.284983e-05  -1.884943e-03  +2.333322e-06  +2.262943e-06  -3.351756e-03  +4.646685e-07  +2.719677e-07  -2.786658e-03  -2.807376e-07  -1.422187e-06  -6.147637e-04  
+1.312271e-05  -1.619073e-06  -3.050632e-04  -3.609066e-04  +6.181562e-05  +2.543041e-05  -4.061506e-05  +6.254104e-04  -6.816372e-05  +5.010525e-04  -7.955425e-04  +1.629112e-04  -1.109209e-04  +9.600790e-02  -2.225143e-05  -9.196430e-06  +1.033549e-01  -8.178778e-06  +5.504694e-07  +1.135095e-01  +9.361769e-06  -3.193688e-06  +1.427878e-01  
-2.724934e-06  +9.807199e-08  +5.303949e-05  +4.562456e-05  -1.055708e-05  -4.246429e-06  +2.418936e-06  -6.816372e-05  +1.316758e-05  -8.782880e-05  +1.546756e-04  -2.935070e-05  +1.917638e-05  -1.795624e-02  +3.371809e-06  +5.175893e-07  -1.714519e-02  +7.865684e-07  -1.467626e-07  -2.122094e-02  -1.952085e-06  -1.635573e-07  -2.439219e-02  
+1.755745e-05  +2.382175e-07  -3.699664e-04  -3.288631e-04  +7.371978e-05  +3.120734e-05  -3.852151e-05  +5.010525e-04  -8.782880e-05  +6.380579e-04  -1.104263e-03  +2.239991e-04  -1.426550e-04  +1.269771e-01  -2.583107e-05  -5.542831e-06  +1.209431e-01  -5.893941e-06  +8.959026e-07  +1.487224e-01  +1.300296e-05  +2.856227e-06  +1.685499e-01  
-4.663907e-05  +3.728750e-06  +7.948804e-04  +6.207885e-04  -1.449952e-04  -4.225741e-05  -1.876995e-05  -7.955425e-04  +1.546756e-04  -1.104263e-03  +3.391660e-03  -3.381783e-04  +2.076349e-04  -2.920842e-01  +4.425147e-05  -8.589972e-06  -2.436649e-01  +1.135644e-05  -2.251461e-06  -3.172986e-01  -1.475800e-05  -2.237694e-06  -3.774324e-01  
+4.785654e-06  -3.629399e-07  -1.118096e-04  -1.062032e-04  +2.265649e-05  +1.151314e-05  -2.302127e-05  +1.629112e-04  -2.935070e-05  +2.239991e-04  -3.381783e-04  +1.039689e-04  -6.381067e-05  +4.278473e-02  -1.005324e-05  -3.661616e-06  +4.196911e-02  -1.704258e-06  +1.103629e-06  +5.365294e-02  +4.544619e-06  +1.175550e-06  +5.161532e-02  
-3.165328e-06  -4.572375e-09  +7.301117e-05  +7.102498e-05  -1.491289e-05  -7.484010e-06  +1.284983e-05  -1.109209e-04  +1.917638e-05  -1.426550e-04  +2.076349e-04  -6.381067e-05  +4.107604e-05  -2.719755e-02  +6.252706e-06  +2.210780e-06  -2.807034e-02  +1.120848e-06  -8.203582e-07  -3.450854e-02  -2.935467e-06  -1.229231e-07  -3.493172e-02  
+4.223378e-03  -3.944571e-04  -8.357293e-02  -7.026582e-02  +1.627171e-02  +5.363933e-03  -1.884943e-03  +9.600790e-02  -1.795624e-02  +1.269771e-01  -2.920842e-01  +4.278473e-02  -2.719755e-02  +3.150043e+01  -5.408442e-03  +1.549327e-04  +2.734093e+01  -1.723396e-03  +5.423411e-04  +3.507182e+01  +2.271874e-03  +4.715879e-04  +4.046390e+01  
-6.310775e-07  +1.309976e-07  +1.492002e-05  +1.628764e-05  -3.234688e-06  -1.263789e-06  +2.333322e-06  -2.225143e-05  +3.371809e-06  -2.583107e-05  +4.425147e-05  -1.005324e-05  +6.252706e-06  -5.408442e-03  +1.563365e-06  +4.127280e-07  -5.218105e-03  +4.945321e-07  -3.255254e-08  -6.098910e-03  -5.004791e-07  -1.565999e-07  -6.894275e-03  
+9.160420e-08  -1.250416e-07  +1.070816e-07  +3.779257e-06  -4.832332e-07  -5.108177e-07  +2.262943e-06  -9.196430e-06  +5.175893e-07  -5.542831e-06  -8.589972e-06  -3.661616e-06  +2.210780e-06  +1.549327e-04  +4.127280e-07  +9.437684e-07  -6.590376e-04  +1.251117e-07  -9.445131e-08  -7.528000e-05  -1.245166e-07  +7.428332e-08  +4.159806e-04  
+3.721643e-03  -3.903421e-04  -7.573226e-02  -7.486951e-02  +1.520788e-02  +5.676779e-03  -3.351756e-03  +1.033549e-01  -1.714519e-02  +1.209431e-01  -2.436649e-01  +4.196911e-02  -2.807034e-02  +2.734093e+01  -5.218105e-03  -6.590376e-04  +2.753599e+01  -1.628190e-03  +6.551332e-04  +3.166185e+01  +2.166034e-03  -1.638648e-04  +3.780059e+01  
-1.846321e-07  +2.620407e-08  +4.149219e-06  +5.240736e-06  -1.095600e-06  -3.158709e-07  +4.646685e-07  -8.178778e-06  +7.865684e-07  -5.893941e-06  +1.135644e-05  -1.704258e-06  +1.120848e-06  -1.723396e-03  +4.945321e-07  +1.251117e-07  -1.628190e-03  +7.137931e-07  -5.466402e-09  -1.690260e-03  -8.744173e-08  -1.111501e-07  -2.150600e-03  
-2.477066e-09  +4.487060e-08  -3.418243e-07  +4.427582e-06  +3.482157e-07  +1.581176e-07  +2.719677e-07  +5.504694e-07  -1.467626e-07  +8.959026e-07  -2.251461e-06  +1.103629e-06  -8.203582e-07  +5.423411e-04  -3.255254e-08  -9.445131e-08  +6.551332e-04  -5.466402e-09  +8.384691e-07  +4.410197e-04  +9.145062e-08  +2.150301e-08  +3.061452e-04  
+4.749591e-03  -2.435109e-04  -9.420193e-02  -8.136886e-02  +1.815685e-02  +6.682258e-03  -2.786658e-03  +1.135095e-01  -2.122094e-02  +1.487224e-01  -3.172986e-01  +5.365294e-02  -3.450854e-02  +3.507182e+01  -6.098910e-03  -7.528000e-05  +3.166185e+01  -1.690260e-03  +4.410197e-04  +4.190516e+01  +2.916571e-03  +9.779502e-05  +4.569328e+01  
+2.576774e-07  -7.886925e-08  -7.472785e-06  -5.855575e-06  +1.739461e-06  +7.783683e-07  -2.807376e-07  +9.361769e-06  -1.952085e-06  +1.300296e-05  -1.475800e-05  +4.544619e-06  -2.935467e-06  +2.271874e-03  -5.004791e-07  -1.245166e-07  +2.166034e-03  -8.744173e-08  +9.145062e-08  +2.916571e-03  +7.885698e-07  +7.971381e-08  +2.979922e-03  
+2.329208e-09  -8.212618e-08  +1.788298e-07  +3.198464e-06  -5.042130e-09  +2.185488e-07  -1.422187e-06  -3.193688e-06  -1.635573e-07  +2.856227e-06  -2.237694e-06  +1.175550e-06  -1.229231e-07  +4.715879e-04  -1.565999e-07  +7.428332e-08  -1.638648e-04  -1.111501e-07  +2.150301e-08  +9.779502e-05  +7.971381e-08  +9.926584e-07  -3.006402e-04  
+5.792399e-03  -4.221036e-04  -1.145260e-01  -1.055679e-01  +2.198198e-02  +7.285891e-03  -6.147637e-04  +1.427878e-01  -2.439219e-02  +1.685499e-01  -3.774324e-01  +5.161532e-02  -3.493172e-02  +4.046390e+01  -6.894275e-03  +4.159806e-04  +3.780059e+01  -2.150600e-03  +3.061452e-04  +4.569328e+01  +2.979922e-03  -3.006402e-04  +5.681390e+01  
