mean:
+3.956271e+00  +3.923516e+00  +6.565989e-01  -1.189422e+00  +1.633310e+00  +4.041565e-01  +9.144651e-01  +2.054829e+00  +1.484488e-01  +2.026402e+00  +4.778421e+00  +1.635148e+00  +2.883188e+00  +8.077859e+02  +4.799956e+00  +4.400163e+00  +2.014053e+03  
covariance:
+3.492603e-06  +1.007674e-06  -3.855077e-06  +8.276934e-06  -4.058153e-06  -7.190650e-07  +1.909026e-06  +1.594646e-05  +2.081133e-06  -2.415160e-05  +8.178955e-05  -2.678190e-07  -9.137604e-08  -2.463595e-03  -3.129830e-08  -1.004489e-07  -5.379030e-03  
+1.007674e-06  +4.068235e-06  -4.347920e-06  +9.025585e-06  -9.659571e-07  -5.288694e-07  +4.975697e-07  +1.001252e-05  +2.030467e-06  -2.122315e-05  +6.769061e-05  -1.820805e-07  -4.318562e-08  -2.462318e-03  -1.765109e-08  -8.120093e-08  -3.962110e-03  
-3.855077e-06  -4.347920e-06  +3.777797e-05  -8.831048e-05  +3.662144e-05  +1.387455e-06  -7.836510e-06  -6.811829e-05  -4.884751e-06  +8.266349e-05  -4.036989e-04  +2.753880e-07  +8.705263e-07  +1.547059e-02  -4.932707e-08  +6.438818e-09  +1.104683e-02  
+8.276934e-06  +9.025585e-06  -8.831048e-05  +3.253071e-04  -1.378276e-04  -6.088057e-06  +8.187762e-06  +1.744364e-04  +1.444811e-05  -2.076244e-04  +9.734451e-04  -5.149909e-07  -1.896815e-06  -3.924968e-02  +7.556792e-08  -7.961205e-08  -2.552295e-02  
-4.058153e-06  -9.659571e-07  +3.662144e-05  -1.378276e-04  +2.488744e-04  +1.089383e-05  -1.011820e-06  -7.625322e-05  -8.869682e-06  +1.179401e-04  -4.658451e-04  -1.615283e-07  +1.159430e-06  +2.375755e-02  -3.269416e-07  -5.107262e-07  +1.809708e-02  
-7.190650e-07  -5.288694e-07  +1.387455e-06  -6.088057e-06  +1.089383e-05  +2.083508e-06  +1.037189e-07  -9.354800e-06  -1.973621e-06  +1.989645e-05  -5.304663e-05  +7.458608e-08  +4.172884e-08  +1.835444e-03  +2.311282e-08  +2.200762e-08  +5.030262e-03  
+1.909026e-06  +4.975697e-07  -7.836510e-06  +8.187762e-06  -1.011820e-06  +1.037189e-07  +1.557332e-05  +2.948105e-05  +3.527878e-07  -3.494896e-05  +1.680883e-04  -2.815964e-07  -5.570169e-08  -3.009477e-03  -1.796338e-08  -1.081365e-07  -1.130151e-02  
+1.594646e-05  +1.001252e-05  -6.811829e-05  +1.744364e-04  -7.625322e-05  -9.354800e-06  +2.948105e-05  +4.086650e-04  +3.114575e-05  -3.947821e-04  +1.335683e-03  +4.772762e-08  -2.084365e-06  -4.858814e-02  -4.858242e-07  -2.121831e-06  -9.064969e-02  
+2.081133e-06  +2.030467e-06  -4.884751e-06  +1.444811e-05  -8.869682e-06  -1.973621e-06  +3.527878e-07  +3.114575e-05  +5.174787e-06  -4.902605e-05  +1.234865e-04  -2.854779e-07  -1.004171e-07  -4.561155e-03  -1.035385e-07  -2.386175e-07  -1.184056e-02  
-2.415160e-05  -2.122315e-05  +8.266349e-05  -2.076244e-04  +1.179401e-04  +1.989645e-05  -3.494896e-05  -3.947821e-04  -4.902605e-05  +5.734043e-04  -1.786967e-03  +2.833896e-06  +1.410006e-06  +5.904314e-02  +9.516622e-07  +2.188633e-06  +1.369654e-01  
+8.178955e-05  +6.769061e-05  -4.036989e-04  +9.734451e-04  -4.658451e-04  -5.304663e-05  +1.680883e-04  +1.335683e-03  +1.234865e-04  -1.786967e-03  +7.294733e-03  -7.018994e-06  -5.378081e-06  -2.291401e-01  -1.487944e-06  -2.594602e-06  -3.718618e-01  
-2.678190e-07  -1.820805e-07  +2.753880e-07  -5.149909e-07  -1.615283e-07  +7.458608e-08  -2.815964e-07  +4.772762e-08  -2.854779e-07  +2.833896e-06  -7.018994e-06  +2.417266e-07  -3.557148e-08  +1.273382e-04  +1.484851e-08  +1.666515e-08  +8.423831e-04  
-9.137604e-08  -4.318562e-08  +8.705263e-07  -1.896815e-06  +1.159430e-06  +4.172884e-08  -5.570169e-08  -2.084365e-06  -1.004171e-07  +1.410006e-06  -5.378081e-06  -3.557148e-08  +2.162841e-07  +3.918813e-04  +1.852729e-08  -1.344373e-09  +9.172061e-06  
-2.463595e-03  -2.462318e-03  +1.547059e-02  -3.924968e-02  +2.375755e-02  +1.835444e-03  -3.009477e-03  -4.858814e-02  -4.561155e-03  +5.904314e-02  -2.291401e-01  +1.273382e-04  +3.918813e-04  +9.464653e+00  +5.246784e-05  +1.307251e-04  +1.054749e+01  
-3.129830e-08  -1.765109e-08  -4.932707e-08  +7.556792e-08  -3.269416e-07  +2.311282e-08  -1.796338e-08  -4.858242e-07  -1.035385e-07  +9.516622e-07  -1.487944e-06  +1.484851e-08  +1.852729e-08  +5.246784e-05  +1.310858e-07  +6.030197e-09  +2.365071e-04  
-1.004489e-07  -8.120093e-08  +6.438818e-09  -7.961205e-08  -5.107262e-07  +2.200762e-08  -1.081365e-07  -2.121831e-06  -2.386175e-07  +2.188633e-06  -2.594602e-06  +1.666515e-08  -1.344373e-09  +1.307251e-04  +6.030197e-09  +1.627570e-07  +6.664313e-04  
-5.379030e-03  -3.962110e-03  +1.104683e-02  -2.552295e-02  +1.809708e-02  +5.030262e-03  -1.130151e-02  -9.064969e-02  -1.184056e-02  +1.369654e-01  -3.718618e-01  +8.423831e-04  +9.172061e-06  +1.054749e+01  +2.365071e-04  +6.664313e-04  +4.387914e+01  
