mean:
+4.245460e+00  +3.448486e+00  +7.490859e-01  +2.515837e+00  +1.495283e+00  +4.899253e-01  +1.383848e-01  -6.706730e-02  +7.606636e-01  +2.534761e+00  +1.444704e-01  +1.713186e+00  +4.336795e+00  +2.312199e+00  +2.637992e+00  +9.722505e+02  +5.218737e+00  +3.971969e+00  +2.861110e+03  
covariance:
+2.376174e-04  +8.638114e-05  +9.482249e-05  +6.622185e-05  +3.904848e-04  +1.212941e-04  -1.107488e-04  -8.293565e-04  -6.867514e-05  -7.128767e-04  +1.943920e-04  -8.483314e-04  -1.591970e-04  +5.205652e-06  -4.041853e-06  +2.939863e-02  -2.863252e-06  -1.439029e-06  -1.244538e-01  
+8.638114e-05  +3.767340e-04  -5.260894e-04  +4.687628e-06  +5.610061e-04  +1.275223e-04  -3.964669e-05  -1.389338e-03  +1.634050e-04  -1.654517e-03  +3.157996e-04  -1.649823e-03  -1.307029e-03  +2.979477e-06  -5.416872e-06  -1.380435e-01  -1.673250e-06  -3.044827e-06  -8.592953e-02  
+9.482249e-05  -5.260894e-04  +7.071955e-03  +4.395745e-03  +2.259360e-03  +1.016398e-03  -1.729656e-03  -4.581424e-04  -2.755392e-03  -5.332620e-04  -1.004152e-03  +7.018370e-03  +1.358552e-02  +1.662297e-05  -3.393381e-05  +1.948027e+00  +1.257604e-05  -4.433686e-07  -1.415820e+00  
+6.622185e-05  +4.687628e-06  +4.395745e-03  +3.104693e-02  +8.066561e-03  +9.965593e-04  -1.441830e-03  -1.176386e-02  +5.436599e-05  -7.545749e-03  -8.769828e-04  +4.356240e-03  +1.697808e-02  +2.045443e-05  -3.525193e-04  +1.802232e+00  +1.025173e-04  +1.597464e-04  -8.475107e-01  
+3.904848e-04  +5.610061e-04  +2.259360e-03  +8.066561e-03  +1.279989e-02  +2.699626e-03  -2.660936e-03  -1.864221e-02  +3.949434e-04  -2.007591e-02  +8.061104e-04  -3.991310e-03  +1.416331e-03  +3.665158e-05  -2.663752e-04  +1.388234e+00  +4.901685e-05  +6.380940e-05  -3.222678e+00  
+1.212941e-04  +1.275223e-04  +1.016398e-03  +9.965593e-04  +2.699626e-03  +8.093921e-04  -7.966694e-04  -4.301454e-03  -2.578021e-04  -5.064837e-03  +2.130780e-04  -8.402019e-04  +1.152599e-03  +3.756801e-06  -5.583550e-05  +4.705521e-01  +5.163460e-06  +4.573650e-06  -9.309837e-01  
-1.107488e-04  -3.964669e-05  -1.729656e-03  -1.441830e-03  -2.660936e-03  -7.966694e-04  +1.008273e-03  +3.876153e-03  +4.909367e-04  +5.016478e-03  -7.905440e-05  +2.021926e-06  -2.516113e-03  -1.605234e-05  +6.192963e-05  -6.347795e-01  -1.177122e-05  -5.665544e-07  +9.791242e-01  
-8.293565e-04  -1.389338e-03  -4.581424e-04  -1.176386e-02  -1.864221e-02  -4.301454e-03  +3.876153e-03  +3.578841e-02  -1.600577e-03  +3.553077e-02  -2.227648e-03  +1.215503e-02  +5.284635e-03  -6.666876e-05  +4.030299e-04  -1.526338e+00  -6.767807e-05  -7.901207e-05  +4.880721e+00  
-6.867514e-05  +1.634050e-04  -2.755392e-03  +5.436599e-05  +3.949434e-04  -2.578021e-04  +4.909367e-04  -1.600577e-03  +2.491582e-03  -1.093362e-03  -7.922123e-05  -6.767256e-04  -6.981605e-03  -3.191113e-05  +1.554885e-06  -6.320820e-01  +1.513356e-05  +1.744971e-05  +3.205549e-01  
-7.128767e-04  -1.654517e-03  -5.332620e-04  -7.545749e-03  -2.007591e-02  -5.064837e-03  +5.016478e-03  +3.553077e-02  -1.093362e-03  +5.222011e-02  -2.205601e-03  +1.206805e-02  +2.298176e-03  +2.876541e-05  +4.377108e-04  -1.815527e+00  -3.978569e-05  -8.754300e-05  +6.046862e+00  
+1.943920e-04  +3.157996e-04  -1.004152e-03  -8.769828e-04  +8.061104e-04  +2.130780e-04  -7.905440e-05  -2.227648e-03  -7.922123e-05  -2.205601e-03  +1.599295e-03  -7.965489e-03  -4.039864e-03  +2.239003e-05  -5.159667e-05  -3.264815e-01  -1.360118e-05  -1.203470e-05  -1.748999e-01  
-8.483314e-04  -1.649823e-03  +7.018370e-03  +4.356240e-03  -3.991310e-03  -8.402019e-04  +2.021926e-06  +1.215503e-02  -6.767256e-04  +1.206805e-02  -7.965489e-03  +4.423611e-02  +2.290621e-02  -5.595855e-05  +2.438733e-04  +2.066131e+00  +6.536368e-05  +4.945939e-05  +5.389701e-01  
-1.591970e-04  -1.307029e-03  +1.358552e-02  +1.697808e-02  +1.416331e-03  +1.152599e-03  -2.516113e-03  +5.284635e-03  -6.981605e-03  +2.298176e-03  -4.039864e-03  +2.290621e-02  +5.297168e-02  +1.013407e-04  -5.761239e-05  +4.094978e+00  -1.576785e-05  -3.763722e-05  -1.101430e+00  
+5.205652e-06  +2.979477e-06  +1.662297e-05  +2.045443e-05  +3.665158e-05  +3.756801e-06  -1.605234e-05  -6.666876e-05  -3.191113e-05  +2.876541e-05  +2.239003e-05  -5.595855e-05  +1.013407e-04  +2.514352e-05  -7.217713e-06  -1.424520e-02  +3.178390e-06  -8.300234e-07  +1.135396e-02  
-4.041853e-06  -5.416872e-06  -3.393381e-05  -3.525193e-04  -2.663752e-04  -5.583550e-05  +6.192963e-05  +4.030299e-04  +1.554885e-06  +4.377108e-04  -5.159667e-05  +2.438733e-04  -5.761239e-05  -7.217713e-06  +4.526709e-05  -1.976299e-02  -3.932859e-06  -4.287931e-06  +5.633195e-02  
+2.939863e-02  -1.380435e-01  +1.948027e+00  +1.802232e+00  +1.388234e+00  +4.705521e-01  -6.347795e-01  -1.526338e+00  -6.320820e-01  -1.815527e+00  -3.264815e-01  +2.066131e+00  +4.094978e+00  -1.424520e-02  -1.976299e-02  +7.521166e+02  +4.047243e-03  +5.429787e-03  -6.871716e+02  
-2.863252e-06  -1.673250e-06  +1.257604e-05  +1.025173e-04  +4.901685e-05  +5.163460e-06  -1.177122e-05  -6.767807e-05  +1.513356e-05  -3.978569e-05  -1.360118e-05  +6.536368e-05  -1.576785e-05  +3.178390e-06  -3.932859e-06  +4.047243e-03  +8.839546e-06  +8.377607e-07  -6.112324e-03  
-1.439029e-06  -3.044827e-06  -4.433686e-07  +1.597464e-04  +6.380940e-05  +4.573650e-06  -5.665544e-07  -7.901207e-05  +1.744971e-05  -8.754300e-05  -1.203470e-05  +4.945939e-05  -3.763722e-05  -8.300234e-07  -4.287931e-06  +5.429787e-03  +8.377607e-07  +1.211928e-05  -9.879565e-03  
-1.244538e-01  -8.592953e-02  -1.415820e+00  -8.475107e-01  -3.222678e+00  -9.309837e-01  +9.791242e-01  +4.880721e+00  +3.205549e-01  +6.046862e+00  -1.748999e-01  +5.389701e-01  -1.101430e+00  +1.135396e-02  +5.633195e-02  -6.871716e+02  -6.112324e-03  -9.879565e-03  +1.500540e+03  
