mean:
+3.981544e+00  +3.954122e+00  +8.569369e-01  +1.323970e+00  +1.410766e+00  +4.018994e-01  +8.119538e-01  +1.399068e+00  +1.702424e-01  +1.866591e+00  +5.962014e+00  +3.591915e+00  +2.698707e+00  +2.011451e+02  +4.309323e+00  +5.293869e+00  +2.716958e+02  +5.453592e+00  +3.757897e+00  +3.233977e+02  +2.640077e+00  +4.559726e+00  +3.941801e+02  
covariance:
+1.027361e-06  +1.922624e-07  +1.207501e-06  +3.749797e-06  +2.830395e-06  +6.098757e-07  +7.679737e-07  +1.763492e-06  -1.497222e-06  +8.946017e-06  +5.763011e-07  +1.945015e-07  +1.647355e-08  -2.624992e-04  -5.534031e-07  +2.056364e-07  -1.778615e-04  +1.742701e-08  +3.126389e-08  +5.651367e-04  +1.637875e-07  +3.217372e-08  +6.553786e-04  
+1.922624e-07  +1.035084e-06  +5.078183e-07  +1.777844e-06  +1.488485e-06  +2.945323e-07  +3.597652e-07  +9.137072e-07  -5.344968e-07  +4.052593e-06  -2.415786e-09  +1.230071e-07  -6.315251e-09  -1.075998e-04  -3.778076e-07  +8.283951e-08  -1.663691e-04  +3.765193e-08  +5.561658e-08  +3.122131e-04  +1.094853e-07  +4.195416e-08  +3.550243e-04  
+1.207501e-06  +5.078183e-07  +5.459949e-05  -4.694780e-05  +4.623614e-05  +3.459854e-06  +1.797080e-06  -2.701415e-07  -1.415710e-05  +1.086518e-04  +7.187799e-06  +4.105222e-06  -6.666112e-07  -9.851937e-03  -1.261118e-05  +2.094549e-07  -1.273812e-02  +4.275328e-07  +4.209882e-07  +1.233800e-03  +2.015536e-06  +7.912095e-07  +1.555960e-03  
+3.749797e-06  +1.777844e-06  -4.694780e-05  +7.122873e-04  +1.860059e-04  +3.593469e-05  +7.138820e-05  +2.346595e-04  -8.000184e-05  +5.682471e-04  +9.273911e-06  +7.413945e-06  -2.365867e-06  -1.734958e-03  -3.194373e-05  +1.498892e-05  +1.851446e-02  +4.839221e-06  +2.047790e-06  +5.503299e-02  +8.722790e-06  +4.587077e-06  +5.663658e-02  
+2.830395e-06  +1.488485e-06  +4.623614e-05  +1.860059e-04  +2.556435e-04  +1.122932e-05  +6.546411e-05  +1.516681e-04  -5.125579e-05  +3.593623e-04  -6.537543e-05  +6.817868e-06  +1.546699e-06  -1.560032e-02  -4.385902e-05  +8.326247e-06  -1.440452e-02  +5.165463e-06  +7.515893e-07  +2.726944e-02  +8.018469e-06  +2.414399e-06  +2.524764e-02  
+6.098757e-07  +2.945323e-07  +3.459854e-06  +3.593469e-05  +1.122932e-05  +5.511308e-06  +2.841809e-06  +1.257722e-05  -8.364771e-06  +6.145100e-05  +1.018333e-05  +8.216983e-07  -8.029622e-07  -9.524664e-04  -2.747289e-06  +1.616210e-06  +1.846558e-04  +1.592241e-07  +1.880342e-07  +4.364707e-03  +1.002543e-06  +2.157818e-07  +4.627994e-03  
+7.679737e-07  +3.597652e-07  +1.797080e-06  +7.138820e-05  +6.546411e-05  +2.841809e-06  +2.745250e-05  +5.423793e-05  -1.503614e-05  +9.681496e-05  -1.917315e-05  +9.328080e-07  +6.720714e-07  -2.526601e-03  -1.096247e-05  +2.711801e-06  -8.471534e-07  +1.195581e-06  +1.264219e-07  +9.347127e-03  +2.542240e-06  +4.556734e-07  +8.422772e-03  
+1.763492e-06  +9.137072e-07  -2.701415e-07  +2.346595e-04  +1.516681e-04  +1.257722e-05  +5.423793e-05  +2.055180e-04  -4.547486e-05  +3.103760e-04  -2.712568e-06  +2.079425e-06  -7.794342e-07  -5.616939e-03  -2.471682e-05  +6.860329e-06  +3.708764e-03  +1.527681e-06  +2.258559e-06  +3.086540e-02  +5.648343e-06  +8.606018e-07  +2.497439e-02  
-1.497222e-06  -5.344968e-07  -1.415710e-05  -8.000184e-05  -5.125579e-05  -8.364771e-06  -1.503614e-05  -4.547486e-05  +2.186471e-05  -1.530965e-04  -1.293760e-05  -2.354666e-06  +9.987109e-07  +4.398430e-03  +1.083933e-05  -3.306921e-06  +1.329263e-03  -7.184585e-07  -3.706706e-07  -1.062931e-02  -2.380219e-06  -7.858359e-07  -1.068209e-02  
+8.946017e-06  +4.052593e-06  +1.086518e-04  +5.682471e-04  +3.593623e-04  +6.145100e-05  +9.681496e-05  +3.103760e-04  -1.530965e-04  +1.107682e-03  +8.518216e-05  +1.838215e-05  -7.722277e-06  -3.269148e-02  -7.828569e-05  +2.354688e-05  -1.265124e-02  +5.705943e-06  +2.619055e-06  +7.375457e-02  +1.675590e-05  +6.226096e-06  +7.556444e-02  
+5.763011e-07  -2.415786e-09  +7.187799e-06  +9.273911e-06  -6.537543e-05  +1.018333e-05  -1.917315e-05  -2.712568e-06  -1.293760e-05  +8.518216e-05  +1.615823e-04  -1.603912e-06  -4.349711e-06  +5.091129e-04  +1.045257e-05  +1.125221e-06  +7.345802e-03  -3.171481e-06  +5.367837e-07  +6.786455e-03  -1.227662e-06  -4.969671e-07  +5.383777e-03  
+1.945015e-07  +1.230071e-07  +4.105222e-06  +7.413945e-06  +6.817868e-06  +8.216983e-07  +9.328080e-07  +2.079425e-06  -2.354666e-06  +1.838215e-05  -1.603912e-06  +1.253176e-06  +5.190972e-08  -7.908195e-04  -2.197669e-06  +2.930238e-07  -1.270215e-03  +2.640688e-07  +2.122836e-07  +6.437939e-04  +2.191239e-07  +3.287463e-07  +9.326404e-04  
+1.647355e-08  -6.315251e-09  -6.666112e-07  -2.365867e-06  +1.546699e-06  -8.029622e-07  +6.720714e-07  -7.794342e-07  +9.987109e-07  -7.722277e-06  -4.349711e-06  +5.190972e-08  +7.439115e-07  +1.532300e-04  +9.204206e-08  -6.121057e-08  -5.902269e-05  +5.510758e-08  +9.128647e-10  -2.764183e-04  -5.492691e-08  +2.499942e-09  -4.642958e-04  
-2.624992e-04  -1.075998e-04  -9.851937e-03  -1.734958e-03  -1.560032e-02  -9.524664e-04  -2.526601e-03  -5.616939e-03  +4.398430e-03  -3.269148e-02  +5.091129e-04  -7.908195e-04  +1.532300e-04  +2.576536e+00  +3.497028e-03  -2.644220e-04  +2.322996e+00  -2.692047e-04  +3.291536e-05  -1.059383e+00  -5.377065e-04  -2.502172e-04  -1.183255e+00  
-5.534031e-07  -3.778076e-07  -1.261118e-05  -3.194373e-05  -4.385902e-05  -2.747289e-06  -1.096247e-05  -2.471682e-05  +1.083933e-05  -7.828569e-05  +1.045257e-05  -2.197669e-06  +9.204206e-08  +3.497028e-03  +1.134182e-05  -1.657061e-06  +3.481238e-03  -1.289318e-06  -6.172654e-07  -5.509770e-03  -1.375519e-06  -8.654245e-07  -4.844465e-03  
+2.056364e-07  +8.283951e-08  +2.094549e-07  +1.498892e-05  +8.326247e-06  +1.616210e-06  +2.711801e-06  +6.860329e-06  -3.306921e-06  +2.354688e-05  +1.125221e-06  +2.930238e-07  -6.121057e-08  -2.644220e-04  -1.657061e-06  +1.234864e-06  +2.130252e-04  +2.793230e-07  -4.465422e-08  +1.942855e-03  +3.942912e-07  +1.475047e-07  +2.035581e-03  
-1.778615e-04  -1.663691e-04  -1.273812e-02  +1.851446e-02  -1.440452e-02  +1.846558e-04  -8.471534e-07  +3.708764e-03  +1.329263e-03  -1.265124e-02  +7.345802e-03  -1.270215e-03  -5.902269e-05  +2.322996e+00  +3.481238e-03  +2.130252e-04  +4.903019e+00  -5.672582e-04  -1.123672e-04  +1.298798e+00  -5.797107e-04  -2.254889e-04  +4.644265e-01  
+1.742701e-08  +3.765193e-08  +4.275328e-07  +4.839221e-06  +5.165463e-06  +1.592241e-07  +1.195581e-06  +1.527681e-06  -7.184585e-07  +5.705943e-06  -3.171481e-06  +2.640688e-07  +5.510758e-08  -2.692047e-04  -1.289318e-06  +2.793230e-07  -5.672582e-04  +6.829231e-07  +5.935804e-08  +2.896774e-04  +9.157610e-08  +1.949569e-07  +5.883912e-04  
+3.126389e-08  +5.561658e-08  +4.209882e-07  +2.047790e-06  +7.515893e-07  +1.880342e-07  +1.264219e-07  +2.258559e-06  -3.706706e-07  +2.619055e-06  +5.367837e-07  +2.122836e-07  +9.128647e-10  +3.291536e-05  -6.172654e-07  -4.465422e-08  -1.123672e-04  +5.935804e-08  +6.051338e-07  +5.615098e-04  +8.848500e-08  +7.978839e-08  +1.310261e-04  
+5.651367e-04  +3.122131e-04  +1.233800e-03  +5.503299e-02  +2.726944e-02  +4.364707e-03  +9.347127e-03  +3.086540e-02  -1.062931e-02  +7.375457e-02  +6.786455e-03  +6.437939e-04  -2.764183e-04  -1.059383e+00  -5.509770e-03  +1.942855e-03  +1.298798e+00  +2.896774e-04  +5.615098e-04  +8.378431e+00  +1.275271e-03  +3.438305e-04  +6.431983e+00  
+1.637875e-07  +1.094853e-07  +2.015536e-06  +8.722790e-06  +8.018469e-06  +1.002543e-06  +2.542240e-06  +5.648343e-06  -2.380219e-06  +1.675590e-05  -1.227662e-06  +2.191239e-07  -5.492691e-08  -5.377065e-04  -1.375519e-06  +3.942912e-07  -5.797107e-04  +9.157610e-08  +8.848500e-08  +1.275271e-03  +7.443124e-07  +3.423143e-08  +1.360177e-03  
+3.217372e-08  +4.195416e-08  +7.912095e-07  +4.587077e-06  +2.414399e-06  +2.157818e-07  +4.556734e-07  +8.606018e-07  -7.858359e-07  +6.226096e-06  -4.969671e-07  +3.287463e-07  +2.499942e-09  -2.502172e-04  -8.654245e-07  +1.475047e-07  -2.254889e-04  +1.949569e-07  +7.978839e-08  +3.438305e-04  +3.423143e-08  +5.223688e-07  +4.467096e-04  
+6.553786e-04  +3.550243e-04  +1.555960e-03  +5.663658e-02  +2.524764e-02  +4.627994e-03  +8.422772e-03  +2.497439e-02  -1.068209e-02  +7.556444e-02  +5.383777e-03  +9.326404e-04  -4.642958e-04  -1.183255e+00  -4.844465e-03  +2.035581e-03  +4.644265e-01  +5.883912e-04  +1.310261e-04  +6.431983e+00  +1.360177e-03  +4.467096e-04  +7.082174e+00  
