mean:
+3.967475e+00  +3.992803e+00  +8.358421e-01  +1.297137e+00  +1.202649e+00  +3.963694e-01  +8.199668e-01  +1.344334e+00  +1.830528e-01  +1.856952e+00  +5.773311e+00  +3.611352e+00  +2.919091e+00  +4.263904e+00  +5.129471e+00  +5.235361e+00  +3.831054e+00  +2.800270e+00  +4.480438e+00  
covariance:
+3.170768e-06  +1.961109e-06  -4.019119e-07  -8.605440e-06  -9.343512e-07  -2.390331e-06  +2.398730e-06  -1.464264e-05  -6.378364e-06  +4.477939e-05  -1.348828e-04  -1.051536e-06  -9.550595e-08  -7.524694e-06  +1.248644e-07  -1.648459e-07  +8.425685e-07  +9.948405e-07  +2.812262e-08  
+1.961109e-06  +6.957770e-06  -1.773768e-06  -5.152158e-06  -2.116619e-06  -1.590661e-06  +4.818319e-06  -1.218666e-05  -4.887924e-06  +3.026129e-05  -9.051463e-05  -6.936241e-07  -1.455851e-07  -7.411477e-06  -1.212482e-07  +2.624457e-08  +7.222533e-07  +1.169431e-06  -3.912463e-07  
-4.019119e-07  -1.773768e-06  +1.355498e-05  +2.362032e-05  +3.275981e-06  +7.963477e-07  -1.188430e-05  +1.784763e-05  +3.585372e-06  -5.653369e-06  +2.309581e-05  +1.485499e-06  +6.900322e-08  +1.076324e-05  -1.396292e-06  -5.859816e-07  -3.631393e-07  -2.179928e-06  +1.942251e-06  
-8.605440e-06  -5.152158e-06  +2.362032e-05  +1.538766e-04  +4.907020e-06  +1.530376e-05  -3.658914e-05  +1.296336e-04  +4.659428e-05  -2.859596e-04  +8.708350e-04  +7.930000e-06  -1.519837e-06  +6.641206e-05  -5.772707e-06  -2.309814e-08  -8.494774e-06  -1.112285e-05  +3.906224e-06  
-9.343512e-07  -2.116619e-06  +3.275981e-06  +4.907020e-06  +5.349887e-06  +6.927045e-07  -2.136453e-06  +5.018703e-06  +8.708068e-07  -3.304734e-06  +1.705725e-05  +5.183897e-07  +3.025077e-07  +2.711639e-06  -5.462447e-07  +8.385883e-08  -2.148367e-07  -4.941667e-07  +4.899585e-07  
-2.390331e-06  -1.590661e-06  +7.963477e-07  +1.530376e-05  +6.927045e-07  +4.848646e-06  +3.394927e-07  +2.326325e-05  +9.548420e-06  -7.254967e-05  +2.189010e-04  +2.422416e-06  +4.237827e-07  +1.037496e-05  -4.987693e-07  +6.470208e-07  -1.364968e-06  -1.456455e-06  +6.021507e-08  
+2.398730e-06  +4.818319e-06  -1.188430e-05  -3.658914e-05  -2.136453e-06  +3.394927e-07  +7.028259e-05  -7.612676e-06  -1.589155e-05  +1.059601e-05  -5.951809e-05  -3.379500e-07  +1.427572e-06  -3.527758e-05  +5.690738e-07  +2.016801e-06  +6.522224e-07  +6.557233e-06  +2.386917e-08  
-1.464264e-05  -1.218666e-05  +1.784763e-05  +1.296336e-04  +5.018703e-06  +2.326325e-05  -7.612676e-06  +2.965100e-04  +6.287595e-05  -4.513175e-04  +1.324180e-03  +1.178057e-05  -1.068716e-06  +7.139322e-05  -5.459446e-06  +2.681837e-06  -7.464366e-06  -1.083991e-05  +6.696561e-06  
-6.378364e-06  -4.887924e-06  +3.585372e-06  +4.659428e-05  +8.708068e-07  +9.548420e-06  -1.589155e-05  +6.287595e-05  +2.894384e-05  -1.872645e-04  +5.480096e-04  +4.575413e-06  -1.172109e-07  +3.369121e-05  -5.083481e-07  +5.055006e-07  -3.471597e-06  -5.054547e-06  +1.657113e-08  
+4.477939e-05  +3.026129e-05  -5.653369e-06  -2.859596e-04  -3.304734e-06  -7.254967e-05  +1.059601e-05  -4.513175e-04  -1.872645e-04  +1.384710e-03  -4.035949e-03  -3.368948e-05  -1.805765e-06  -1.973963e-04  +3.153112e-06  -6.862586e-06  +2.513875e-05  +2.745794e-05  +3.707411e-07  
-1.348828e-04  -9.051463e-05  +2.309581e-05  +8.708350e-04  +1.705725e-05  +2.189010e-04  -5.951809e-05  +1.324180e-03  +5.480096e-04  -4.035949e-03  +1.211631e-02  +1.025742e-04  +6.360559e-06  +5.917040e-04  -2.010478e-05  +2.015377e-05  -7.701575e-05  -8.334774e-05  -1.526041e-06  
-1.051536e-06  -6.936241e-07  +1.485499e-06  +7.930000e-06  +5.183897e-07  +2.422416e-06  -3.379500e-07  +1.178057e-05  +4.575413e-06  -3.368948e-05  +1.025742e-04  +2.300066e-06  +8.588752e-08  +5.260049e-06  -6.051125e-07  +2.352289e-07  -4.236666e-07  -7.262427e-07  +4.158385e-07  
-9.550595e-08  -1.455851e-07  +6.900322e-08  -1.519837e-06  +3.025077e-07  +4.237827e-07  +1.427572e-06  -1.068716e-06  -1.172109e-07  -1.805765e-06  +6.360559e-06  +8.588752e-08  +9.609272e-07  -1.383442e-07  +1.576737e-07  +1.198022e-07  +4.771715e-10  -4.729964e-08  +2.234860e-08  
-7.524694e-06  -7.411477e-06  +1.076324e-05  +6.641206e-05  +2.711639e-06  +1.037496e-05  -3.527758e-05  +7.139322e-05  +3.369121e-05  -1.973963e-04  +5.917040e-04  +5.260049e-06  -1.383442e-07  +4.924903e-05  -1.086995e-06  -4.883138e-07  -4.543575e-06  -7.740264e-06  +1.051877e-06  
+1.248644e-07  -1.212482e-07  -1.396292e-06  -5.772707e-06  -5.462447e-07  -4.987693e-07  +5.690738e-07  -5.459446e-06  -5.083481e-07  +3.153112e-06  -2.010478e-05  -6.051125e-07  +1.576737e-07  -1.086995e-06  +1.378197e-06  +6.555892e-09  +2.235244e-07  +3.119362e-07  -3.723117e-07  
-1.648459e-07  +2.624457e-08  -5.859816e-07  -2.309814e-08  +8.385883e-08  +6.470208e-07  +2.016801e-06  +2.681837e-06  +5.055006e-07  -6.862586e-06  +2.015377e-05  +2.352289e-07  +1.198022e-07  -4.883138e-07  +6.555892e-09  +6.022753e-07  +3.475017e-08  +1.004195e-07  +1.255769e-08  
+8.425685e-07  +7.222533e-07  -3.631393e-07  -8.494774e-06  -2.148367e-07  -1.364968e-06  +6.522224e-07  -7.464366e-06  -3.471597e-06  +2.513875e-05  -7.701575e-05  -4.236666e-07  +4.771715e-10  -4.543575e-06  +2.235244e-07  +3.475017e-08  +1.445829e-06  +5.943571e-07  +3.841424e-08  
+9.948405e-07  +1.169431e-06  -2.179928e-06  -1.112285e-05  -4.941667e-07  -1.456455e-06  +6.557233e-06  -1.083991e-05  -5.054547e-06  +2.745794e-05  -8.334774e-05  -7.262427e-07  -4.729964e-08  -7.740264e-06  +3.119362e-07  +1.004195e-07  +5.943571e-07  +1.526728e-06  -2.712628e-07  
+2.812262e-08  -3.912463e-07  +1.942251e-06  +3.906224e-06  +4.899585e-07  +6.021507e-08  +2.386917e-08  +6.696561e-06  +1.657113e-08  +3.707411e-07  -1.526041e-06  +4.158385e-07  +2.234860e-08  +1.051877e-06  -3.723117e-07  +1.255769e-08  +3.841424e-08  -2.712628e-07  +1.068191e-06  
