mean:
+3.960223e+00  +3.925815e+00  +6.028449e-01  -1.131909e+00  +1.694117e+00  +4.952292e-01  +9.076877e-01  +2.074121e+00  +1.451420e-01  +2.054615e+00  +4.833272e+00  +1.635028e+00  +2.883272e+00  +8.064178e+02  +4.800080e+00  +4.399922e+00  +2.028133e+03  
covariance:
+6.975080e-06  +1.390671e-06  +1.149644e-05  -3.802989e-06  -7.652408e-07  +1.384484e-06  -8.274059e-06  +1.508031e-05  +4.843275e-06  -3.810936e-05  +5.231528e-05  -5.811598e-07  -4.118153e-07  +1.384386e-04  -1.119356e-07  +1.617675e-08  -1.354989e-02  
+1.390671e-06  +8.482094e-06  +7.380621e-06  +1.059445e-05  +1.154473e-06  +3.469902e-06  -1.315972e-06  +3.664026e-05  +3.691377e-06  -3.090166e-05  +2.955035e-05  -7.517749e-08  -7.535586e-08  -2.689028e-04  +2.456252e-08  +4.390192e-07  -8.857745e-03  
+1.149644e-05  +7.380621e-06  +1.409017e-04  +2.103356e-05  -4.265396e-05  +2.787119e-05  -7.309732e-05  +2.058337e-04  +4.936568e-05  -4.598738e-04  +5.817172e-04  -5.244362e-06  -5.869487e-06  -3.789748e-03  +1.290520e-07  +1.610000e-06  -1.520147e-01  
-3.802989e-06  +1.059445e-05  +2.103356e-05  +5.666707e-04  +7.324916e-05  +2.297005e-05  +4.386772e-05  +4.972321e-04  +8.179698e-06  -2.088378e-04  +4.136425e-04  -6.868457e-07  +4.242043e-06  +3.925743e-04  -2.477569e-06  +1.551331e-06  -1.037576e-01  
-7.652408e-07  +1.154473e-06  -4.265396e-05  +7.324916e-05  +1.006026e-04  -1.822092e-06  +2.941502e-05  +3.289374e-05  -1.406903e-05  +1.329127e-04  -1.824071e-04  +2.236018e-06  +2.495476e-06  +6.946582e-03  -6.585759e-07  -1.221380e-06  +4.149630e-02  
+1.384484e-06  +3.469902e-06  +2.787119e-05  +2.297005e-05  -1.822092e-06  +2.191300e-05  +3.702642e-06  +2.325985e-04  +1.059364e-05  -1.409961e-04  +2.321486e-04  -7.768420e-07  -9.360880e-07  +3.237206e-03  -2.636383e-07  +1.261042e-06  -4.100343e-02  
-8.274059e-06  -1.315972e-06  -7.309732e-05  +4.386772e-05  +2.941502e-05  +3.702642e-06  +9.163305e-05  +1.592286e-04  -3.233492e-05  +2.410966e-04  -3.107754e-04  +3.090658e-06  +3.852337e-06  +9.690706e-03  -2.228340e-07  +8.550133e-08  +9.591669e-02  
+1.508031e-05  +3.664026e-05  +2.058337e-04  +4.972321e-04  +3.289374e-05  +2.325985e-04  +1.592286e-04  +3.118879e-03  +8.143780e-05  -1.373664e-03  +2.490526e-03  -7.212624e-06  +5.295824e-07  +5.604647e-02  -3.151324e-06  +1.477016e-05  -4.003796e-01  
+4.843275e-06  +3.691377e-06  +4.936568e-05  +8.179698e-06  -1.406903e-05  +1.059364e-05  -3.233492e-05  +8.143780e-05  +2.152327e-05  -1.985155e-04  +2.675027e-04  -2.024104e-06  -1.933423e-06  -2.015149e-03  +2.453547e-08  +8.499009e-07  -6.468406e-02  
-3.810936e-05  -3.090166e-05  -4.598738e-04  -2.088378e-04  +1.329127e-04  -1.409961e-04  +2.410966e-04  -1.373664e-03  -1.985155e-04  +2.124164e-03  -3.239724e-03  +2.016033e-05  +1.575699e-05  +3.923795e-03  +9.717418e-07  -1.185399e-05  +6.724010e-01  
+5.231528e-05  +2.955035e-05  +5.817172e-04  +4.136425e-04  -1.824071e-04  +2.321486e-04  -3.107754e-04  +2.490526e-03  +2.675027e-04  -3.239724e-03  +6.361412e-03  -3.235533e-05  -1.833338e-05  +2.117899e-02  -4.352551e-06  +1.742647e-05  -1.072680e+00  
-5.811598e-07  -7.517749e-08  -5.244362e-06  -6.868457e-07  +2.236018e-06  -7.768420e-07  +3.090658e-06  -7.212624e-06  -2.024104e-06  +2.016033e-05  -3.235533e-05  +7.500963e-07  +1.461839e-07  +1.131194e-04  +3.693762e-08  -3.165874e-09  +6.430762e-03  
-4.118153e-07  -7.535586e-08  -5.869487e-06  +4.242043e-06  +2.495476e-06  -9.360880e-07  +3.852337e-06  +5.295824e-07  -1.933423e-06  +1.575699e-05  -1.833338e-05  +1.461839e-07  +1.020917e-06  +5.798016e-04  +1.200182e-08  -6.162695e-08  +5.086120e-03  
+1.384386e-04  -2.689028e-04  -3.789748e-03  +3.925743e-04  +6.946582e-03  +3.237206e-03  +9.690706e-03  +5.604647e-02  -2.015149e-03  +3.923795e-03  +2.117899e-02  +1.131194e-04  +5.798016e-04  +5.612348e+00  -5.336703e-05  +1.030512e-04  +5.201966e+00  
-1.119356e-07  +2.456252e-08  +1.290520e-07  -2.477569e-06  -6.585759e-07  -2.636383e-07  -2.228340e-07  -3.151324e-06  +2.453547e-08  +9.717418e-07  -4.352551e-06  +3.693762e-08  +1.200182e-08  -5.336703e-05  +4.191164e-07  +6.234517e-08  +7.972707e-04  
+1.617675e-08  +4.390192e-07  +1.610000e-06  +1.551331e-06  -1.221380e-06  +1.261042e-06  +8.550133e-08  +1.477016e-05  +8.499009e-07  -1.185399e-05  +1.742647e-05  -3.165874e-09  -6.162695e-08  +1.030512e-04  +6.234517e-08  +7.561691e-07  -3.285058e-03  
-1.354989e-02  -8.857745e-03  -1.520147e-01  -1.037576e-01  +4.149630e-02  -4.100343e-02  +9.591669e-02  -4.003796e-01  -6.468406e-02  +6.724010e-01  -1.072680e+00  +6.430762e-03  +5.086120e-03  +5.201966e+00  +7.972707e-04  -3.285058e-03  +2.527783e+02  
