mean:
+3.991967e+00  +3.957622e+00  +6.004641e-01  +2.021923e+00  +1.209898e+00  +4.042616e-01  +8.485817e-01  +2.205468e+00  +3.851708e-02  +3.885606e+00  +5.903551e+00  +4.477610e+00  +3.302462e+00  +3.278043e+02  +2.492615e+00  +3.691431e+00  +4.570643e+02  +4.639153e+00  +4.959711e+00  +8.029944e+02  +3.992286e+00  +5.121431e+00  +4.374553e+02  
covariance:
+1.778357e-05  -4.017385e-06  -6.286338e-06  +6.760154e-06  -1.222724e-05  -7.289520e-07  -2.504907e-05  +1.616413e-06  +1.670460e-06  -3.172815e-05  +4.344753e-05  -5.790427e-07  +2.479999e-06  -4.217552e-05  -7.539477e-08  -1.249196e-06  -7.068433e-03  -5.863508e-07  +6.452639e-07  -4.853070e-03  +5.832589e-06  -1.764795e-06  -5.424611e-03  
-4.017385e-06  +3.679776e-06  +6.834932e-07  -1.395835e-06  +2.289250e-06  +1.672282e-07  +4.790994e-06  +2.339131e-06  -3.592806e-07  +6.606646e-06  -5.293347e-06  +6.665332e-08  -6.184530e-07  -1.023819e-05  +2.076203e-07  +2.553309e-07  +1.515891e-03  +3.088606e-07  -1.867661e-07  +3.704773e-04  -1.620873e-06  +4.904270e-07  +9.961117e-04  
-6.286338e-06  +6.834932e-07  +2.268386e-05  +7.267716e-06  +1.559503e-05  +3.201997e-06  +4.663926e-05  -5.093988e-05  -2.531297e-06  +6.495267e-05  -1.332218e-04  -6.197849e-07  -3.458680e-06  +5.311979e-04  -1.075348e-07  +3.072671e-06  +1.022480e-02  -6.359142e-07  -4.891875e-07  +1.762760e-02  -3.349372e-06  +1.223291e-06  +1.313239e-02  
+6.760154e-06  -1.395835e-06  +7.267716e-06  +7.263544e-05  +1.814882e-06  +1.107677e-06  +2.684204e-05  -6.490805e-05  -8.934469e-07  +3.316254e-05  -1.085848e-04  -9.573349e-07  +7.660938e-07  -5.495588e-04  -9.022176e-07  +9.249830e-07  +2.450879e-03  +6.599646e-08  +1.124801e-07  +1.577243e-02  +2.873616e-06  -5.819411e-07  +5.719485e-03  
-1.222724e-05  +2.289250e-06  +1.559503e-05  +1.814882e-06  +7.247732e-05  +2.424734e-06  +8.798051e-05  +3.719370e-06  -4.439272e-06  +1.095700e-04  -1.728098e-04  +6.262997e-07  -6.457395e-06  +3.907785e-03  +4.348174e-07  +6.103411e-06  +2.476845e-02  -1.654765e-06  +8.584628e-07  +1.821993e-02  -9.128527e-06  +3.626072e-06  +2.292247e-02  
-7.289520e-07  +1.672282e-07  +3.201997e-06  +1.107677e-06  +2.424734e-06  +1.099748e-06  +6.177796e-06  -1.210266e-05  -3.609414e-07  +1.112068e-05  -2.401656e-05  -3.107558e-07  -2.754971e-07  +1.758929e-04  -1.710530e-09  +4.116180e-07  +7.122166e-04  -1.190922e-07  -1.984390e-07  +2.889487e-03  -3.176261e-07  +2.986275e-07  +2.085627e-03  
-2.504907e-05  +4.790994e-06  +4.663926e-05  +2.684204e-05  +8.798051e-05  +6.177796e-06  +1.977956e-04  -7.528900e-05  -9.943619e-06  +2.360015e-04  -4.480197e-04  +1.116693e-06  -1.234590e-05  +4.731414e-03  -2.391468e-07  +1.217046e-05  +4.929401e-02  -2.434456e-06  +1.924745e-07  +5.189656e-02  -1.687001e-05  +6.945220e-06  +4.922969e-02  
+1.616413e-06  +2.339131e-06  -5.093988e-05  -6.490805e-05  +3.719370e-06  -1.210266e-05  -7.528900e-05  +3.171732e-04  +3.504932e-06  -1.295932e-04  +4.198444e-04  +4.739481e-06  -7.044501e-08  +8.335464e-04  +4.059297e-06  -3.095613e-06  +4.630860e-03  +5.441808e-07  +4.453298e-06  -5.721503e-02  -2.482391e-06  -8.086605e-07  -2.280776e-02  
+1.670460e-06  -3.592806e-07  -2.531297e-06  -8.934469e-07  -4.439272e-06  -3.609414e-07  -9.943619e-06  +3.504932e-06  +5.594301e-07  -1.244276e-05  +2.226129e-05  -4.086556e-08  +6.590001e-07  -2.232963e-04  -3.511131e-08  -6.194803e-07  -2.521083e-03  +1.003284e-07  +1.444217e-08  -2.559032e-03  +9.796656e-07  -3.904183e-07  -2.528604e-03  
-3.172815e-05  +6.606646e-06  +6.495267e-05  +3.316254e-05  +1.095700e-04  +1.112068e-05  +2.360015e-04  -1.295932e-04  -1.244276e-05  +3.157791e-04  -5.913510e-04  -1.585274e-07  -1.445032e-05  +6.052652e-03  +9.178182e-07  +1.533257e-05  +5.513881e-02  -3.070503e-06  -8.056738e-07  +6.738596e-02  -2.017131e-05  +9.286872e-06  +6.235144e-02  
+4.344753e-05  -5.293347e-06  -1.332218e-04  -1.085848e-04  -1.728098e-04  -2.401656e-05  -4.480197e-04  +4.198444e-04  +2.226129e-05  -5.913510e-04  +1.324301e-03  +1.310474e-06  +2.206220e-05  -9.146465e-03  +2.687926e-06  -2.765810e-05  -8.828185e-02  +6.369490e-06  +3.828492e-06  -1.538793e-01  +2.923124e-05  -1.598161e-05  -1.182225e-01  
-5.790427e-07  +6.665332e-08  -6.197849e-07  -9.573349e-07  +6.262997e-07  -3.107558e-07  +1.116693e-06  +4.739481e-06  -4.086556e-08  -1.585274e-07  +1.310474e-06  +5.062355e-07  -1.754706e-07  +4.433301e-06  -3.562231e-08  +8.977831e-09  +7.974338e-04  -5.646028e-08  +8.052380e-08  -2.949135e-04  -3.041621e-07  +3.874085e-08  +1.378793e-04  
+2.479999e-06  -6.184530e-07  -3.458680e-06  +7.660938e-07  -6.457395e-06  -2.754971e-07  -1.234590e-05  -7.044501e-08  +6.590001e-07  -1.445032e-05  +2.206220e-05  -1.754706e-07  +1.423829e-06  -3.655011e-04  -1.506102e-07  -8.559682e-07  -3.794197e-03  +1.496559e-07  -7.865107e-08  -2.702316e-03  +1.460664e-06  -4.269694e-07  -3.109296e-03  
-4.217552e-05  -1.023819e-05  +5.311979e-04  -5.495588e-04  +3.907785e-03  +1.758929e-04  +4.731414e-03  +8.335464e-04  -2.232963e-04  +6.052652e-03  -9.146465e-03  +4.433301e-06  -3.655011e-04  +6.414890e-01  +3.298945e-05  +3.615550e-04  +1.214051e+00  -1.685749e-04  +1.633280e-04  +9.468847e-01  -3.071663e-04  +1.576612e-04  +1.392408e+00  
-7.539477e-08  +2.076203e-07  -1.075348e-07  -9.022176e-07  +4.348174e-07  -1.710530e-09  -2.391468e-07  +4.059297e-06  -3.511131e-08  +9.178182e-07  +2.687926e-06  -3.562231e-08  -1.506102e-07  +3.298945e-05  +4.369257e-07  +7.875973e-08  +1.927931e-04  -1.344421e-08  -1.198462e-08  -6.524279e-04  -8.814055e-08  +4.336313e-08  +2.728882e-07  
-1.249196e-06  +2.553309e-07  +3.072671e-06  +9.249830e-07  +6.103411e-06  +4.116180e-07  +1.217046e-05  -3.095613e-06  -6.194803e-07  +1.533257e-05  -2.765810e-05  +8.977831e-09  -8.559682e-07  +3.615550e-04  +7.875973e-08  +1.037448e-06  +3.202768e-03  -1.620974e-07  +3.804446e-08  +3.116545e-03  -1.109525e-06  +5.185211e-07  +3.294960e-03  
-7.068433e-03  +1.515891e-03  +1.022480e-02  +2.450879e-03  +2.476845e-02  +7.122166e-04  +4.929401e-02  +4.630860e-03  -2.521083e-03  +5.513881e-02  -8.828185e-02  +7.974338e-04  -3.794197e-03  +1.214051e+00  +1.927931e-04  +3.202768e-03  +1.542989e+01  -7.129405e-04  +4.571538e-04  +9.923379e+00  -5.025503e-03  +1.834191e-03  +1.246200e+01  
-5.863508e-07  +3.088606e-07  -6.359142e-07  +6.599646e-08  -1.654765e-06  -1.190922e-07  -2.434456e-06  +5.441808e-07  +1.003284e-07  -3.070503e-06  +6.369490e-06  -5.646028e-08  +1.496559e-07  -1.685749e-04  -1.344421e-08  -1.620974e-07  -7.129405e-04  +3.261079e-07  -8.653337e-08  -6.556158e-04  -9.685057e-08  +2.436031e-08  -8.186208e-04  
+6.452639e-07  -1.867661e-07  -4.891875e-07  +1.124801e-07  +8.584628e-07  -1.984390e-07  +1.924745e-07  +4.453298e-06  +1.444217e-08  -8.056738e-07  +3.828492e-06  +8.052380e-08  -7.865107e-08  +1.633280e-04  -1.198462e-08  +3.804446e-08  +4.571538e-04  -8.653337e-08  +2.826915e-07  -3.902444e-04  +1.188898e-07  -8.914191e-08  +8.366820e-05  
-4.853070e-03  +3.704773e-04  +1.762760e-02  +1.577243e-02  +1.821993e-02  +2.889487e-03  +5.189656e-02  -5.721503e-02  -2.559032e-03  +6.738596e-02  -1.538793e-01  -2.949135e-04  -2.702316e-03  +9.468847e-01  -6.524279e-04  +3.116545e-03  +9.923379e+00  -6.556158e-04  -3.902444e-04  +1.973649e+01  -3.135683e-03  +1.463885e-03  +1.389332e+01  
+5.832589e-06  -1.620873e-06  -3.349372e-06  +2.873616e-06  -9.128527e-06  -3.176261e-07  -1.687001e-05  -2.482391e-06  +9.796656e-07  -2.017131e-05  +2.923124e-05  -3.041621e-07  +1.460664e-06  -3.071663e-04  -8.814055e-08  -1.109525e-06  -5.025503e-03  -9.685057e-08  +1.188898e-07  -3.135683e-03  +3.124335e-06  -9.979502e-07  -4.263332e-03  
-1.764795e-06  +4.904270e-07  +1.223291e-06  -5.819411e-07  +3.626072e-06  +2.986275e-07  +6.945220e-06  -8.086605e-07  -3.904183e-07  +9.286872e-06  -1.598161e-05  +3.874085e-08  -4.269694e-07  +1.576612e-04  +4.336313e-08  +5.185211e-07  +1.834191e-03  +2.436031e-08  -8.914191e-08  +1.463885e-03  -9.979502e-07  +6.102491e-07  +1.808977e-03  
-5.424611e-03  +9.961117e-04  +1.313239e-02  +5.719485e-03  +2.292247e-02  +2.085627e-03  +4.922969e-02  -2.280776e-02  -2.528604e-03  +6.235144e-02  -1.182225e-01  +1.378793e-04  -3.109296e-03  +1.392408e+00  +2.728882e-07  +3.294960e-03  +1.246200e+01  -8.186208e-04  +8.366820e-05  +1.389332e+01  -4.263332e-03  +1.808977e-03  +1.425485e+01  
