mean:
+4.009326e+00  +3.955625e+00  +5.880069e-01  +2.040903e+00  +1.265284e+00  +4.115332e-01  +8.772655e-01  +2.157646e+00  +4.143611e-02  +3.886483e+00  +5.867841e+00  +4.477329e+00  +3.302477e+00  +3.268849e+02  +2.492230e+00  +3.691807e+00  +4.606751e+02  +4.640196e+00  +4.959899e+00  +8.026230e+02  +4.020546e+00  +5.122564e+00  +4.358467e+02  
covariance:
+4.968573e-05  -1.793874e-05  +3.495174e-05  -9.949606e-05  -9.644660e-05  -2.189660e-05  -9.557824e-05  +5.013044e-05  +5.126706e-06  -7.445945e-05  +4.132996e-04  -5.067888e-06  +3.078623e-06  -6.225435e-04  -2.820157e-06  -1.308584e-06  -1.591452e-02  -1.021597e-06  +1.115538e-06  -1.590667e-02  +2.650324e-08  -2.015332e-06  -8.963010e-03  
-1.793874e-05  +1.103125e-05  -1.365571e-05  +3.994773e-05  +5.537017e-05  +9.097777e-06  +4.424187e-05  -1.195748e-05  -2.419224e-06  +3.146855e-05  -1.423734e-04  +1.855206e-06  -1.300759e-06  +2.520858e-04  +1.092479e-06  +3.460426e-07  +7.407973e-03  +2.877327e-07  -2.863674e-07  +4.659401e-03  +1.296813e-07  +2.840469e-07  +3.099464e-03  
+3.495174e-05  -1.365571e-05  +3.634603e-05  -8.208681e-05  -9.179396e-05  -1.875982e-05  -9.533790e-05  +2.369484e-05  +4.474341e-06  -6.125132e-05  +3.632624e-04  -3.148108e-06  +2.363160e-06  -2.772538e-04  -1.566919e-06  -1.191553e-06  -1.573928e-02  -1.025303e-06  +1.078001e-06  -1.545287e-02  +5.669285e-07  -1.598676e-06  -7.767214e-03  
-9.949606e-05  +3.994773e-05  -8.208681e-05  +2.979503e-04  +2.210994e-04  +5.103320e-05  +2.356872e-04  -1.076065e-04  -1.164736e-05  +1.719106e-04  -1.032459e-03  +8.038486e-06  -6.492415e-06  +4.229620e-03  +4.181989e-06  +6.126360e-06  +3.722391e-02  +2.148519e-06  -2.373592e-06  +3.899209e-02  +1.786639e-07  +3.930574e-06  +1.930606e-02  
-9.644660e-05  +5.537017e-05  -9.179396e-05  +2.210994e-04  +4.606697e-04  +5.771899e-05  +3.209129e-04  -2.481493e-05  -1.668444e-05  +1.935920e-04  -7.852856e-04  +9.820155e-06  -6.433290e-06  +4.160205e-04  +5.592309e-06  +1.230441e-06  +5.389167e-02  +2.539979e-06  -9.684198e-07  +2.448010e-02  -1.040067e-06  -1.001387e-06  +2.049686e-02  
-2.189660e-05  +9.097777e-06  -1.875982e-05  +5.103320e-05  +5.771899e-05  +1.201406e-05  +5.297005e-05  -2.283759e-05  -2.702745e-06  +3.927483e-05  -2.089037e-04  +2.255109e-06  -1.570548e-06  +1.442308e-04  +1.274030e-06  +8.662448e-07  +8.579169e-03  +7.648846e-07  -6.476222e-07  +7.691709e-03  -5.874202e-08  +8.649851e-07  +4.802566e-03  
-9.557824e-05  +4.424187e-05  -9.533790e-05  +2.356872e-04  +3.209129e-04  +5.297005e-05  +2.907959e-04  -4.485047e-05  -1.411907e-05  +1.754797e-04  -9.321903e-04  +8.507175e-06  -7.099776e-06  +5.105311e-04  +4.368026e-06  +2.665010e-06  +4.897242e-02  +2.360539e-06  -2.055146e-06  +3.769694e-02  -1.727934e-06  +2.065502e-06  +2.029095e-02  
+5.013044e-05  -1.195748e-05  +2.369484e-05  -1.076065e-04  -2.481493e-05  -2.283759e-05  -4.485047e-05  +1.502870e-04  +2.772075e-06  -7.843243e-05  +4.802815e-04  -8.318977e-06  +3.384332e-06  -5.654893e-04  -4.177399e-06  -2.840347e-06  -7.284022e-03  -1.628099e-06  +1.601693e-06  -1.698457e-02  -1.575622e-06  -3.642000e-06  -1.292872e-02  
+5.126706e-06  -2.419224e-06  +4.474341e-06  -1.164736e-05  -1.668444e-05  -2.702745e-06  -1.411907e-05  +2.772075e-06  +7.719411e-07  -9.255842e-06  +4.392957e-05  -4.853244e-07  +3.627235e-07  -7.405840e-06  -2.776966e-07  -1.111166e-07  -2.373178e-03  -1.300488e-07  +9.072649e-08  -1.671154e-03  +4.497177e-08  -8.509438e-08  -1.001381e-03  
-7.445945e-05  +3.146855e-05  -6.125132e-05  +1.719106e-04  +1.935920e-04  +3.927483e-05  +1.754797e-04  -7.843243e-05  -9.255842e-06  +1.356470e-04  -6.860476e-04  +8.190641e-06  -5.589701e-06  +6.019957e-04  +4.374591e-06  +2.725050e-06  +2.891914e-02  +1.923569e-06  -1.706466e-06  +2.573447e-02  +8.304862e-08  +2.694267e-06  +1.599781e-02  
+4.132996e-04  -1.423734e-04  +3.632624e-04  -1.032459e-03  -7.852856e-04  -2.089037e-04  -9.321903e-04  +4.802815e-04  +4.392957e-05  -6.860476e-04  +4.378649e-03  -4.058990e-05  +2.783813e-05  -8.840409e-03  -1.999238e-05  -2.032760e-05  -1.512031e-01  -1.155102e-05  +1.398695e-05  -1.788672e-01  +3.140233e-06  -2.268219e-05  -9.203233e-02  
-5.067888e-06  +1.855206e-06  -3.148108e-06  +8.038486e-06  +9.820155e-06  +2.255109e-06  +8.507175e-06  -8.318977e-06  -4.853244e-07  +8.190641e-06  -4.058990e-05  +9.480866e-07  -3.598195e-07  -3.102428e-05  +3.952927e-07  +5.549747e-08  +1.533008e-03  +6.747338e-08  -1.142620e-07  +1.579791e-03  +9.997889e-09  +1.833311e-07  +1.275906e-03  
+3.078623e-06  -1.300759e-06  +2.363160e-06  -6.492415e-06  -6.433290e-06  -1.570548e-06  -7.099776e-06  +3.384332e-06  +3.627235e-07  -5.589701e-06  +2.783813e-05  -3.598195e-07  +6.227959e-07  +9.219606e-05  -2.282322e-07  -5.875088e-08  -1.387144e-03  +4.213503e-08  -8.256094e-09  -1.233608e-03  +5.250020e-09  -3.642335e-08  -5.080572e-04  
-6.225435e-04  +2.520858e-04  -2.772538e-04  +4.229620e-03  +4.160205e-04  +1.442308e-04  +5.105311e-04  -5.654893e-04  -7.405840e-06  +6.019957e-04  -8.840409e-03  -3.102428e-05  +9.219606e-05  +4.957491e-01  -8.828178e-05  +6.276630e-05  -8.158031e-02  -7.616724e-05  -7.262564e-05  +3.771328e-02  +7.176873e-05  +7.123905e-05  -7.291798e-03  
-2.820157e-06  +1.092479e-06  -1.566919e-06  +4.181989e-06  +5.592309e-06  +1.274030e-06  +4.368026e-06  -4.177399e-06  -2.776966e-07  +4.374591e-06  -1.999238e-05  +3.952927e-07  -2.282322e-07  -8.828178e-05  +3.799337e-07  +7.322333e-08  +7.390284e-04  +7.566468e-08  -4.323432e-08  +6.738789e-04  +4.490467e-08  +5.082820e-08  +5.331561e-04  
-1.308584e-06  +3.460426e-07  -1.191553e-06  +6.126360e-06  +1.230441e-06  +8.662448e-07  +2.665010e-06  -2.840347e-06  -1.111166e-07  +2.725050e-06  -2.032760e-05  +5.549747e-08  -5.875088e-08  +6.276630e-05  +7.322333e-08  +3.735618e-07  +1.783231e-04  +9.357574e-08  -4.385281e-08  +7.150235e-04  +5.417415e-08  +1.518754e-07  +3.332999e-04  
-1.591452e-02  +7.407973e-03  -1.573928e-02  +3.722391e-02  +5.389167e-02  +8.579169e-03  +4.897242e-02  -7.284022e-03  -2.373178e-03  +2.891914e-02  -1.512031e-01  +1.533008e-03  -1.387144e-03  -8.158031e-02  +7.390284e-04  +1.783231e-04  +9.019951e+00  +2.931202e-04  -2.718540e-04  +6.533488e+00  -3.458375e-04  +1.827690e-04  +3.373368e+00  
-1.021597e-06  +2.877327e-07  -1.025303e-06  +2.148519e-06  +2.539979e-06  +7.648846e-07  +2.360539e-06  -1.628099e-06  -1.300488e-07  +1.923569e-06  -1.155102e-05  +6.747338e-08  +4.213503e-08  -7.616724e-05  +7.566468e-08  +9.357574e-08  +2.931202e-04  +3.131414e-07  -1.376120e-07  +3.878677e-04  -5.683849e-08  +8.742910e-08  +4.116614e-04  
+1.115538e-06  -2.863674e-07  +1.078001e-06  -2.373592e-06  -9.684198e-07  -6.476222e-07  -2.055146e-06  +1.601693e-06  +9.072649e-08  -1.706466e-06  +1.398695e-05  -1.142620e-07  -8.256094e-09  -7.262564e-05  -4.323432e-08  -4.385281e-08  -2.718540e-04  -1.376120e-07  +2.219177e-07  -4.929312e-04  +3.406818e-08  -1.535798e-07  -3.566265e-04  
-1.590667e-02  +4.659401e-03  -1.545287e-02  +3.899209e-02  +2.448010e-02  +7.691709e-03  +3.769694e-02  -1.698457e-02  -1.671154e-03  +2.573447e-02  -1.788672e-01  +1.579791e-03  -1.233608e-03  +3.771328e-02  +6.738789e-04  +7.150235e-04  +6.533488e+00  +3.878677e-04  -4.929312e-04  +8.694503e+00  -3.146223e-04  +9.452674e-04  +3.696616e+00  
+2.650324e-08  +1.296813e-07  +5.669285e-07  +1.786639e-07  -1.040067e-06  -5.874202e-08  -1.727934e-06  -1.575622e-06  +4.497177e-08  +8.304862e-08  +3.140233e-06  +9.997889e-09  +5.250020e-09  +7.176873e-05  +4.490467e-08  +5.417415e-08  -3.458375e-04  -5.683849e-08  +3.406818e-08  -3.146223e-04  +3.131398e-07  +5.727922e-08  -1.205882e-04  
-2.015332e-06  +2.840469e-07  -1.598676e-06  +3.930574e-06  -1.001387e-06  +8.649851e-07  +2.065502e-06  -3.642000e-06  -8.509438e-08  +2.694267e-06  -2.268219e-05  +1.833311e-07  -3.642335e-08  +7.123905e-05  +5.082820e-08  +1.518754e-07  +1.827690e-04  +8.742910e-08  -1.535798e-07  +9.452674e-04  +5.727922e-08  +4.948896e-07  +5.033223e-04  
-8.963010e-03  +3.099464e-03  -7.767214e-03  +1.930606e-02  +2.049686e-02  +4.802566e-03  +2.029095e-02  -1.292872e-02  -1.001381e-03  +1.599781e-02  -9.203233e-02  +1.275906e-03  -5.080572e-04  -7.291798e-03  +5.331561e-04  +3.332999e-04  +3.373368e+00  +4.116614e-04  -3.566265e-04  +3.696616e+00  -1.205882e-04  +5.033223e-04  +2.721150e+00  
