mean:
+4.018333e+00  +3.961413e+00  +8.322685e-01  +1.288000e+00  +1.225230e+00  +4.981712e-01  +8.268912e-01  +1.300427e+00  +1.774274e-01  +1.972356e+00  +5.693731e+00  +3.661000e+00  +2.855228e+00  +2.189991e+02  +4.309235e+00  +5.128666e+00  +2.925401e+02  +5.251682e+00  +3.798986e+00  +3.396919e+02  +2.880354e+00  +4.479771e+00  +4.067080e+02  
covariance:
+3.833700e-06  +6.182638e-07  +4.523531e-06  +1.975049e-06  -1.302591e-06  -1.540829e-06  +4.021094e-06  +2.984556e-05  +1.000016e-05  -8.472186e-05  +2.121820e-04  +9.003642e-07  +7.263787e-07  -8.833478e-03  +1.729871e-06  -9.327067e-07  -1.446367e-02  -5.211318e-07  +6.502815e-08  -1.488690e-02  -1.133528e-06  +4.711112e-07  -1.033193e-02  
+6.182638e-07  +1.635238e-06  +1.162755e-06  +6.118730e-07  -3.804353e-07  -3.900008e-07  +8.778805e-07  +6.213746e-06  +2.289298e-06  -1.934630e-05  +5.026429e-05  +1.201481e-07  +4.168399e-08  -1.959102e-03  +3.250324e-07  -1.570575e-07  -3.276796e-03  -5.863991e-08  -1.138914e-07  -3.753151e-03  -2.948801e-07  -1.034844e-07  -2.548261e-03  
+4.523531e-06  +1.162755e-06  +2.325733e-05  -8.225428e-07  -4.302293e-06  -8.585659e-06  +1.247566e-05  +4.886559e-05  +7.689595e-06  -9.209030e-05  +3.640923e-04  +3.176424e-06  +1.807937e-06  -1.782464e-02  +1.347169e-06  -2.242370e-06  -2.475534e-02  -1.581243e-06  +3.143011e-07  -2.969770e-02  -1.764122e-06  +2.760624e-07  -1.898451e-02  
+1.975049e-06  +6.118730e-07  -8.225428e-07  +3.236361e-05  +1.530594e-06  +1.808371e-06  -1.542107e-06  +5.895961e-06  +1.121512e-05  -8.056579e-05  +1.224143e-04  +5.063031e-07  +9.322822e-07  -2.688534e-03  +2.586939e-06  -2.625488e-06  -9.632762e-03  -2.239432e-07  -2.397245e-07  -1.273667e-02  -1.535515e-07  +2.969680e-06  -5.461261e-03  
-1.302591e-06  -3.804353e-07  -4.302293e-06  +1.530594e-06  +2.442962e-06  +2.293865e-06  -3.986965e-06  -1.615129e-05  -3.474711e-06  +3.716809e-05  -1.277736e-04  -7.068794e-07  -2.172062e-07  +5.585354e-03  -5.890391e-07  +1.747527e-07  +8.567801e-03  +2.347815e-07  +8.174263e-08  +8.730879e-03  +8.063535e-07  +1.782543e-07  +6.517008e-03  
-1.540829e-06  -3.900008e-07  -8.585659e-06  +1.808371e-06  +2.293865e-06  +6.150634e-06  -1.016215e-05  -2.440619e-05  -3.128512e-07  +2.899714e-05  -1.799924e-04  -1.854624e-06  -1.009610e-06  +8.464989e-03  -3.253168e-07  +4.394125e-07  +1.208325e-02  +8.462039e-07  -1.212573e-07  +1.275392e-02  +8.586710e-07  +9.390903e-07  +1.009082e-02  
+4.021094e-06  +8.778805e-07  +1.247566e-05  -1.542107e-06  -3.986965e-06  -1.016215e-05  +5.265712e-05  +1.122709e-04  +2.771813e-06  -1.327377e-04  +5.523708e-04  +3.448905e-06  +6.541747e-06  -2.230480e-02  +4.710808e-06  -2.650336e-06  -3.871876e-02  -2.969904e-06  -8.867450e-08  -4.056139e-02  -2.305926e-06  -2.657017e-06  -3.317516e-02  
+2.984556e-05  +6.213746e-06  +4.886559e-05  +5.895961e-06  -1.615129e-05  -2.440619e-05  +1.122709e-04  +5.205861e-04  +9.733527e-05  -9.670604e-04  +2.605994e-03  +1.225762e-05  +1.749760e-05  -1.134944e-01  +2.345855e-05  -9.876144e-06  -1.774525e-01  -1.104805e-05  +1.252859e-06  -1.861259e-01  -1.569648e-05  -2.118258e-06  -1.382825e-01  
+1.000016e-05  +2.289298e-06  +7.689595e-06  +1.121512e-05  -3.474711e-06  -3.128512e-07  +2.771813e-06  +9.733527e-05  +4.790944e-05  -3.633100e-04  +7.581005e-04  +1.889022e-06  +1.273001e-06  -3.006751e-02  +7.070627e-06  -2.885955e-06  -5.207685e-02  -5.255435e-07  +7.211202e-08  -5.203292e-02  -3.959276e-06  +2.996884e-06  -3.518488e-02  
-8.472186e-05  -1.934630e-05  -9.209030e-05  -8.056579e-05  +3.716809e-05  +2.899714e-05  -1.327377e-04  -9.670604e-04  -3.633100e-04  +3.026996e-03  -7.022652e-03  -2.259872e-05  -2.267452e-05  +2.786232e-01  -6.247005e-05  +2.722858e-05  +4.837152e-01  +1.010185e-05  +1.789938e-07  +4.871253e-01  +3.540406e-05  -1.659842e-05  +3.423930e-01  
+2.121820e-04  +5.026429e-05  +3.640923e-04  +1.224143e-04  -1.277736e-04  -1.799924e-04  +5.523708e-04  +2.605994e-03  +7.581005e-04  -7.022652e-03  +1.906669e-02  +8.051961e-05  +7.263409e-05  -7.642183e-01  +1.423800e-04  -6.645647e-05  -1.303697e+00  -3.703188e-05  -4.628972e-06  -1.329882e+00  -9.469611e-05  +1.003027e-05  -9.664790e-01  
+9.003642e-07  +1.201481e-07  +3.176424e-06  +5.063031e-07  -7.068794e-07  -1.854624e-06  +3.448905e-06  +1.225762e-05  +1.889022e-06  -2.259872e-05  +8.051961e-05  +1.080985e-06  +4.638931e-07  -3.954729e-03  +4.601304e-07  -3.285999e-07  -5.440901e-03  -4.252153e-07  +3.507378e-07  -5.631271e-03  -3.508773e-07  +9.270745e-08  -3.988112e-03  
+7.263787e-07  +4.168399e-08  +1.807937e-06  +9.322822e-07  -2.172062e-07  -1.009610e-06  +6.541747e-06  +1.749760e-05  +1.273001e-06  -2.267452e-05  +7.263409e-05  +4.638931e-07  +1.601316e-06  -3.076539e-03  +8.295042e-07  -8.521746e-07  -5.436642e-03  -5.882265e-07  +1.179735e-07  -5.932122e-03  -2.075503e-07  -1.151030e-07  -4.222114e-03  
-8.833478e-03  -1.959102e-03  -1.782464e-02  -2.688534e-03  +5.585354e-03  +8.464989e-03  -2.230480e-02  -1.134944e-01  -3.006751e-02  +2.786232e-01  -7.642183e-01  -3.954729e-03  -3.076539e-03  +3.316708e+01  -5.588609e-03  +2.575223e-03  +5.173742e+01  +2.149334e-03  -3.927282e-04  +5.351282e+01  +4.145434e-03  -4.222753e-04  +3.863739e+01  
+1.729871e-06  +3.250324e-07  +1.347169e-06  +2.586939e-06  -5.890391e-07  -3.253168e-07  +4.710808e-06  +2.345855e-05  +7.070627e-06  -6.247005e-05  +1.423800e-04  +4.601304e-07  +8.295042e-07  -5.588609e-03  +1.931346e-06  -6.632126e-07  -1.011937e-02  -3.024894e-07  +7.361316e-08  -1.020346e-02  -7.249985e-07  +4.564162e-07  -7.160337e-03  
-9.327067e-07  -1.570575e-07  -2.242370e-06  -2.625488e-06  +1.747527e-07  +4.394125e-07  -2.650336e-06  -9.876144e-06  -2.885955e-06  +2.722858e-05  -6.645647e-05  -3.285999e-07  -8.521746e-07  +2.575223e-03  -6.632126e-07  +1.268840e-06  +5.118323e-03  +3.166222e-07  +8.759571e-08  +5.938998e-03  +1.107805e-07  -4.553251e-07  +3.203740e-03  
-1.446367e-02  -3.276796e-03  -2.475534e-02  -9.632762e-03  +8.567801e-03  +1.208325e-02  -3.871876e-02  -1.774525e-01  -5.207685e-02  +4.837152e-01  -1.303697e+00  -5.440901e-03  -5.436642e-03  +5.173742e+01  -1.011937e-02  +5.118323e-03  +9.075941e+01  +2.552366e-03  +4.980575e-04  +9.210972e+01  +6.171376e-03  -9.971612e-04  +6.618449e+01  
-5.211318e-07  -5.863991e-08  -1.581243e-06  -2.239432e-07  +2.347815e-07  +8.462039e-07  -2.969904e-06  -1.104805e-05  -5.255435e-07  +1.010185e-05  -3.703188e-05  -4.252153e-07  -5.882265e-07  +2.149334e-03  -3.024894e-07  +3.166222e-07  +2.552366e-03  +7.947400e-07  -9.389455e-08  +3.008122e-03  +2.474098e-07  +1.099176e-07  +2.264217e-03  
+6.502815e-08  -1.138914e-07  +3.143011e-07  -2.397245e-07  +8.174263e-08  -1.212573e-07  -8.867450e-08  +1.252859e-06  +7.211202e-08  +1.789938e-07  -4.628972e-06  +3.507378e-07  +1.179735e-07  -3.927282e-04  +7.361316e-08  +8.759571e-08  +4.980575e-04  -9.389455e-08  +7.474049e-07  +9.556544e-04  -1.001478e-08  +2.488840e-07  +5.336979e-04  
-1.488690e-02  -3.753151e-03  -2.969770e-02  -1.273667e-02  +8.730879e-03  +1.275392e-02  -4.056139e-02  -1.861259e-01  -5.203292e-02  +4.871253e-01  -1.329882e+00  -5.631271e-03  -5.932122e-03  +5.351282e+01  -1.020346e-02  +5.938998e-03  +9.210972e+01  +3.008122e-03  +9.556544e-04  +9.815494e+01  +6.325150e-03  -1.212381e-03  +6.833673e+01  
-1.133528e-06  -2.948801e-07  -1.764122e-06  -1.535515e-07  +8.063535e-07  +8.586710e-07  -2.305926e-06  -1.569648e-05  -3.959276e-06  +3.540406e-05  -9.469611e-05  -3.508773e-07  -2.075503e-07  +4.145434e-03  -7.249985e-07  +1.107805e-07  +6.171376e-03  +2.474098e-07  -1.001478e-08  +6.325150e-03  +9.341908e-07  +3.153223e-08  +4.922176e-03  
+4.711112e-07  -1.034844e-07  +2.760624e-07  +2.969680e-06  +1.782543e-07  +9.390903e-07  -2.657017e-06  -2.118258e-06  +2.996884e-06  -1.659842e-05  +1.003027e-05  +9.270745e-08  -1.151030e-07  -4.222753e-04  +4.564162e-07  -4.553251e-07  -9.971612e-04  +1.099176e-07  +2.488840e-07  -1.212381e-03  +3.153223e-08  +1.632783e-06  +4.480961e-04  
-1.033193e-02  -2.548261e-03  -1.898451e-02  -5.461261e-03  +6.517008e-03  +1.009082e-02  -3.317516e-02  -1.382825e-01  -3.518488e-02  +3.423930e-01  -9.664790e-01  -3.988112e-03  -4.222114e-03  +3.863739e+01  -7.160337e-03  +3.203740e-03  +6.618449e+01  +2.264217e-03  +5.336979e-04  +6.833673e+01  +4.922176e-03  +4.480961e-04  +5.132973e+01  
