mean:
+3.982101e+00  +3.953517e+00  +8.507671e-01  +1.356412e+00  +1.409101e+00  +4.026304e-01  +8.003685e-01  +1.379181e+00  +1.710792e-01  +1.836409e+00  +6.048556e+00  +3.592035e+00  +2.698511e+00  +2.006511e+02  +4.327839e+00  +5.294808e+00  +2.768548e+02  +5.453327e+00  +3.757441e+00  +3.262279e+02  +2.639983e+00  +4.560284e+00  +3.934355e+02  
covariance:
+9.425335e-07  +1.034895e-07  +2.519704e-07  -7.510308e-06  -2.493193e-07  -3.194395e-08  -4.377798e-07  -3.237013e-06  +4.242400e-08  -6.503736e-07  -6.849785e-06  +5.366332e-10  +2.772855e-08  +9.334631e-05  +3.213224e-08  -4.974618e-09  -2.231453e-04  -5.328834e-08  +8.043808e-09  -1.228027e-04  -4.845044e-08  -4.732654e-08  -6.206017e-04  
+1.034895e-07  +1.094350e-06  +1.470013e-07  +6.452716e-06  +1.145911e-06  +2.883887e-07  +3.082972e-07  +9.441035e-07  -4.706706e-07  +2.899966e-06  +6.605608e-06  -1.427067e-08  -5.519188e-08  -5.647251e-05  -1.294409e-07  +1.799747e-07  +4.640809e-05  +1.306850e-07  +1.632406e-08  +4.396503e-04  +3.005728e-08  +7.984614e-08  +5.554761e-04  
+2.519704e-07  +1.470013e-07  +1.801175e-05  +2.198532e-05  +1.379300e-05  +1.877296e-06  -5.269255e-06  -1.006880e-05  -3.134787e-06  +2.586821e-05  +2.617570e-05  +1.494342e-06  +1.621310e-06  -1.692893e-04  -1.060683e-06  +8.859586e-07  +1.278741e-04  -7.582526e-07  -1.241662e-07  +4.525185e-03  +1.443643e-07  -8.021374e-07  -3.179700e-04  
-7.510308e-06  +6.452716e-06  +2.198532e-05  +2.008538e-03  +1.153997e-04  +4.033442e-05  +3.387500e-05  +4.113350e-04  -9.491088e-05  +4.410742e-04  +1.662452e-03  +1.376870e-05  +3.845573e-06  -3.182738e-02  -1.560973e-05  +1.400713e-05  +2.569265e-02  +1.120596e-05  +3.134953e-06  +8.321414e-02  +7.332793e-06  +1.988169e-05  +1.559368e-01  
-2.493193e-07  +1.145911e-06  +1.379300e-05  +1.153997e-04  +1.060229e-04  +4.765648e-06  +1.248894e-05  -6.361157e-06  -1.381812e-05  +7.452120e-05  +1.271328e-04  +2.010744e-06  +1.754446e-06  -3.629126e-03  -2.773356e-06  +3.096517e-06  -6.710674e-04  +2.567847e-06  +1.182486e-06  +1.553855e-02  +2.900749e-06  +2.301059e-07  +7.036151e-03  
-3.194395e-08  +2.883887e-07  +1.877296e-06  +4.033442e-05  +4.765648e-06  +2.472859e-06  -9.197797e-07  -2.815230e-06  -2.924774e-06  +1.876419e-05  +3.568222e-05  +5.529911e-07  +6.438539e-08  -9.323468e-04  -8.551931e-07  +7.740720e-07  +2.803336e-04  +4.495011e-07  +2.817698e-07  +2.312448e-03  +2.835375e-07  +3.467357e-07  +2.755941e-03  
-4.377798e-07  +3.082972e-07  -5.269255e-06  +3.387500e-05  +1.248894e-05  -9.197797e-07  +2.568134e-05  +7.283641e-05  -4.253244e-06  -2.636093e-06  +3.948217e-05  -2.397799e-06  +5.496111e-07  +6.657866e-04  -1.802070e-07  +1.542541e-06  +2.886633e-03  +2.051563e-06  +3.234923e-07  +3.342721e-03  +7.299257e-07  +2.082880e-07  +4.241258e-03  
-3.237013e-06  +9.441035e-07  -1.006880e-05  +4.113350e-04  -6.361157e-06  -2.815230e-06  +7.283641e-05  +4.919070e-04  -1.713664e-05  -1.727740e-05  +3.861714e-04  -4.035922e-06  +1.592211e-06  +3.691744e-03  -1.546887e-06  +4.752814e-06  +2.006187e-02  +1.906701e-06  +1.785609e-06  +1.078294e-02  -6.387877e-07  +1.375588e-06  +4.176749e-02  
+4.242400e-08  -4.706706e-07  -3.134787e-06  -9.491088e-05  -1.381812e-05  -2.924774e-06  -4.253244e-06  -1.713664e-05  +7.096236e-06  -3.341008e-05  -8.819611e-05  -5.891474e-07  -4.545876e-07  +1.814053e-03  +1.195392e-06  -1.238471e-06  -1.313730e-03  -1.176883e-06  -3.770592e-07  -6.028200e-03  -6.686077e-07  -7.320211e-07  -7.589940e-03  
-6.503736e-07  +2.899966e-06  +2.586821e-05  +4.410742e-04  +7.452120e-05  +1.876419e-05  -2.636093e-06  -1.727740e-05  -3.341008e-05  +2.028469e-04  +4.073427e-04  +5.945265e-06  +2.188177e-06  -1.115005e-02  -6.854987e-06  +6.017988e-06  +2.767704e-03  +5.210785e-06  +1.904645e-06  +3.127431e-02  +3.506884e-06  +3.191482e-06  +3.223209e-02  
-6.849785e-06  +6.605608e-06  +2.617570e-05  +1.662452e-03  +1.271328e-04  +3.568222e-05  +3.948217e-05  +3.861714e-04  -8.819611e-05  +4.073427e-04  +1.503326e-03  +9.409564e-06  +3.995768e-06  -2.700222e-02  -1.478703e-05  +1.358952e-05  +2.530736e-02  +1.208147e-05  +4.053759e-06  +7.407124e-02  +6.231413e-06  +1.412810e-05  +1.364244e-01  
+5.366332e-10  -1.427067e-08  +1.494342e-06  +1.376870e-05  +2.010744e-06  +5.529911e-07  -2.397799e-06  -4.035922e-06  -5.891474e-07  +5.945265e-06  +9.409564e-06  +9.983704e-07  -1.953852e-08  -4.933267e-04  -1.450843e-07  -3.659960e-08  -1.571185e-04  -8.778419e-08  +9.180585e-08  +1.072115e-03  +5.280114e-08  +9.361970e-08  +5.308334e-04  
+2.772855e-08  -5.519188e-08  +1.621310e-06  +3.845573e-06  +1.754446e-06  +6.438539e-08  +5.496111e-07  +1.592211e-06  -4.545876e-07  +2.188177e-06  +3.995768e-06  -1.953852e-08  +1.105834e-06  +2.158805e-04  -1.462773e-07  +1.479939e-07  -6.102227e-06  +4.012139e-09  -1.959033e-07  +6.314558e-04  +3.662851e-08  -2.345028e-07  -1.563380e-04  
+9.334631e-05  -5.647251e-05  -1.692893e-04  -3.182738e-02  -3.629126e-03  -9.323468e-04  +6.657866e-04  +3.691744e-03  +1.814053e-03  -1.115005e-02  -2.700222e-02  -4.933267e-04  +2.158805e-04  +1.570806e+00  +1.940650e-04  +1.043598e-04  -2.510120e-01  -3.726571e-04  -3.128689e-04  -1.859378e+00  -3.778905e-04  -4.720645e-04  -2.629667e+00  
+3.213224e-08  -1.294409e-07  -1.060683e-06  -1.560973e-05  -2.773356e-06  -8.551931e-07  -1.802070e-07  -1.546887e-06  +1.195392e-06  -6.854987e-06  -1.478703e-05  -1.450843e-07  -1.462773e-07  +1.940650e-04  +8.288549e-07  -2.291894e-07  -1.152784e-04  -1.828662e-07  -1.392906e-07  -9.735371e-04  -1.497280e-07  -9.081574e-08  -1.197762e-03  
-4.974618e-09  +1.799747e-07  +8.859586e-07  +1.400713e-05  +3.096517e-06  +7.740720e-07  +1.542541e-06  +4.752814e-06  -1.238471e-06  +6.017988e-06  +1.358952e-05  -3.659960e-08  +1.479939e-07  +1.043598e-04  -2.291894e-07  +8.776431e-07  +2.748010e-04  +2.939570e-07  +5.457940e-09  +8.684852e-04  +5.139350e-09  +8.764765e-08  +7.725771e-04  
-2.231453e-04  +4.640809e-05  +1.278741e-04  +2.569265e-02  -6.710674e-04  +2.803336e-04  +2.886633e-03  +2.006187e-02  -1.313730e-03  +2.767704e-03  +2.530736e-02  -1.571185e-04  -6.102227e-06  -2.510120e-01  -1.152784e-04  +2.748010e-04  +1.814001e+00  +1.659975e-04  +2.486570e-04  +7.694726e-01  +3.590468e-05  +1.544404e-04  +2.551708e+00  
-5.328834e-08  +1.306850e-07  -7.582526e-07  +1.120596e-05  +2.567847e-06  +4.495011e-07  +2.051563e-06  +1.906701e-06  -1.176883e-06  +5.210785e-06  +1.208147e-05  -8.778419e-08  +4.012139e-09  -3.726571e-04  -1.828662e-07  +2.939570e-07  +1.659975e-04  +8.341935e-07  +7.322869e-08  +1.019377e-03  +1.011003e-07  +2.517460e-07  +1.067154e-03  
+8.043808e-09  +1.632406e-08  -1.241662e-07  +3.134953e-06  +1.182486e-06  +2.817698e-07  +3.234923e-07  +1.785609e-06  -3.770592e-07  +1.904645e-06  +4.053759e-06  +9.180585e-08  -1.959033e-07  -3.128689e-04  -1.392906e-07  +5.457940e-09  +2.486570e-04  +7.322869e-08  +5.523487e-07  +2.672441e-04  +6.577137e-08  +1.248750e-07  +6.757043e-04  
-1.228027e-04  +4.396503e-04  +4.525185e-03  +8.321414e-02  +1.553855e-02  +2.312448e-03  +3.342721e-03  +1.078294e-02  -6.028200e-03  +3.127431e-02  +7.407124e-02  +1.072115e-03  +6.314558e-04  -1.859378e+00  -9.735371e-04  +8.684852e-04  +7.694726e-01  +1.019377e-03  +2.672441e-04  +7.587537e+00  +8.896744e-04  +7.551741e-04  +6.037096e+00  
-4.845044e-08  +3.005728e-08  +1.443643e-07  +7.332793e-06  +2.900749e-06  +2.835375e-07  +7.299257e-07  -6.387877e-07  -6.686077e-07  +3.506884e-06  +6.231413e-06  +5.280114e-08  +3.662851e-08  -3.778905e-04  -1.497280e-07  +5.139350e-09  +3.590468e-05  +1.011003e-07  +6.577137e-08  +8.896744e-04  +4.839093e-07  +1.096143e-07  +4.683520e-04  
-4.732654e-08  +7.984614e-08  -8.021374e-07  +1.988169e-05  +2.301059e-07  +3.467357e-07  +2.082880e-07  +1.375588e-06  -7.320211e-07  +3.191482e-06  +1.412810e-05  +9.361970e-08  -2.345028e-07  -4.720645e-04  -9.081574e-08  +8.764765e-08  +1.544404e-04  +2.517460e-07  +1.248750e-07  +7.551741e-04  +1.096143e-07  +7.192362e-07  +1.574076e-03  
-6.206017e-04  +5.554761e-04  -3.179700e-04  +1.559368e-01  +7.036151e-03  +2.755941e-03  +4.241258e-03  +4.176749e-02  -7.589940e-03  +3.223209e-02  +1.364244e-01  +5.308334e-04  -1.563380e-04  -2.629667e+00  -1.197762e-03  +7.725771e-04  +2.551708e+00  +1.067154e-03  +6.757043e-04  +6.037096e+00  +4.683520e-04  +1.574076e-03  +1.500095e+01  
