mean:
+3.992701e+00  +3.957918e+00  +6.006000e-01  +2.053734e+00  +1.260959e+00  +4.067559e-01  +8.576860e-01  +2.191928e+00  +3.880479e-02  +3.910274e+00  +5.884211e+00  +4.477196e+00  +3.301292e+00  +3.231793e+02  +2.492567e+00  +3.691840e+00  +4.582046e+02  +4.639833e+00  +4.959890e+00  +8.046044e+02  +4.021090e+00  +5.122266e+00  +4.336940e+02  
covariance:
+9.002537e-06  -1.585043e-06  +1.558196e-07  +4.749982e-06  +3.816391e-06  -1.041631e-07  +1.990313e-06  -1.251842e-05  +8.805040e-08  +4.435956e-07  -8.181483e-06  +3.957831e-08  +2.880290e-07  -1.402889e-04  -3.039609e-07  -6.075036e-09  -1.291359e-04  +2.740570e-07  +1.693387e-08  +7.538268e-04  +3.116968e-07  +3.534549e-07  +2.460402e-04  
-1.585043e-06  +2.817484e-06  -9.194057e-07  -2.960770e-07  +1.455100e-07  -3.898096e-08  -3.245110e-07  +3.597336e-06  +5.449683e-08  -2.091590e-06  +5.284403e-06  -8.884013e-09  +2.431263e-07  +3.084200e-05  +1.578894e-08  +3.943313e-08  +8.724969e-05  -3.528720e-08  +1.371294e-07  -3.410124e-04  -8.048056e-08  -1.134020e-07  +2.568762e-04  
+1.558196e-07  -9.194057e-07  +1.470612e-05  -2.568359e-05  -4.606782e-05  -6.992498e-08  -4.298770e-05  +2.472203e-05  +1.822567e-06  -4.462402e-05  +7.914947e-05  -9.752224e-07  -9.121642e-08  +2.671236e-03  -6.808584e-07  -1.156351e-06  -6.745722e-03  -3.006745e-07  -1.818584e-07  -6.818294e-03  +9.296228e-07  -9.469870e-07  -5.241074e-03  
+4.749982e-06  -2.960770e-07  -2.568359e-05  +3.515758e-04  +1.673256e-04  -2.091008e-07  +1.803780e-04  -1.636816e-04  -8.214906e-06  +2.580426e-04  -5.557465e-04  +3.177033e-06  +8.463466e-07  -2.433590e-03  +4.536878e-06  +2.564057e-06  +3.571721e-02  +1.068896e-06  -6.303503e-07  +4.125195e-02  -3.299009e-07  +3.297672e-06  +1.844425e-02  
+3.816391e-06  +1.455100e-07  -4.606782e-05  +1.673256e-04  +2.545653e-04  +3.501214e-06  +2.175548e-04  -1.256983e-04  -9.436864e-06  +2.674625e-04  -5.082329e-04  +5.298538e-06  -1.216925e-06  -1.048061e-02  +5.445170e-06  +5.999224e-06  +3.620507e-02  -5.977978e-07  -3.730305e-07  +3.655039e-02  -2.521347e-06  +3.467081e-06  +2.349924e-02  
-1.041631e-07  -3.898096e-08  -6.992498e-08  -2.091008e-07  +3.501214e-06  +3.878488e-07  +2.319684e-06  -3.611676e-07  -1.148870e-07  +3.721766e-06  -6.122615e-06  +8.840932e-08  -2.844179e-08  -1.174849e-04  +2.026872e-07  +1.633833e-07  +3.648781e-04  -7.645379e-08  -5.246049e-09  +2.691168e-04  +1.520551e-09  -4.077536e-08  +8.196970e-05  
+1.990313e-06  -3.245110e-07  -4.298770e-05  +1.803780e-04  +2.175548e-04  +2.319684e-06  +2.336448e-04  -1.631895e-04  -1.049626e-05  +3.004025e-04  -5.466599e-04  +4.206849e-06  -3.889480e-06  -8.992875e-03  +5.744488e-06  +5.365952e-06  +3.896293e-02  -1.265000e-06  -1.079074e-06  +3.960760e-02  -4.003352e-06  +4.204752e-06  +2.624621e-02  
-1.251842e-05  +3.597336e-06  +2.472203e-05  -1.636816e-04  -1.256983e-04  -3.611676e-07  -1.631895e-04  +2.463229e-04  +6.766689e-06  -2.056394e-04  +3.979487e-04  -1.425145e-06  +3.332457e-06  +4.983588e-03  -3.593846e-06  -3.715488e-06  -2.463575e-02  +6.367039e-07  +9.598208e-07  -3.640452e-02  +3.943625e-06  -5.035589e-06  -1.957179e-02  
+8.805040e-08  +5.449683e-08  +1.822567e-06  -8.214906e-06  -9.436864e-06  -1.148870e-07  -1.049626e-05  +6.766689e-06  +5.126407e-07  -1.399656e-05  +2.503247e-05  -1.812882e-07  +1.907358e-07  +3.771342e-04  -2.715403e-07  -2.310221e-07  -1.787312e-03  +7.077913e-08  +6.335835e-08  -1.748635e-03  +1.681944e-07  -1.729910e-07  -1.175221e-03  
+4.435956e-07  -2.091590e-06  -4.462402e-05  +2.580426e-04  +2.674625e-04  +3.721766e-06  +3.004025e-04  -2.056394e-04  -1.399656e-05  +4.217301e-04  -7.590931e-04  +4.999885e-06  -5.775983e-06  -9.339192e-03  +8.317847e-06  +6.562281e-06  +5.147559e-02  -2.436444e-06  -2.196625e-06  +5.201744e-02  -4.300650e-06  +4.857814e-06  +3.323246e-02  
-8.181483e-06  +5.284403e-06  +7.914947e-05  -5.557465e-04  -5.082329e-04  -6.122615e-06  -5.466599e-04  +3.979487e-04  +2.503247e-05  -7.590931e-04  +1.473348e-03  -9.859683e-06  +7.905829e-06  +1.506910e-02  -1.531093e-05  -1.200827e-05  -9.726145e-02  +3.935814e-06  +4.334103e-06  -9.986478e-02  +5.684331e-06  -8.843475e-06  -5.830190e-02  
+3.957831e-08  -8.884013e-09  -9.752224e-07  +3.177033e-06  +5.298538e-06  +8.840932e-08  +4.206849e-06  -1.425145e-06  -1.812882e-07  +4.999885e-06  -9.859683e-06  +3.229649e-07  -6.523938e-08  -3.272813e-04  +1.679155e-07  +1.447673e-07  +7.253776e-04  -2.276769e-08  +1.332814e-08  +8.106471e-04  -2.574680e-08  +1.159124e-07  +4.293766e-04  
+2.880290e-07  +2.431263e-07  -9.121642e-08  +8.463466e-07  -1.216925e-06  -2.844179e-08  -3.889480e-06  +3.332457e-06  +1.907358e-07  -5.775983e-06  +7.905829e-06  -6.523938e-08  +7.947628e-07  +7.042745e-05  -2.044034e-07  +1.998343e-08  -5.394333e-04  +1.211844e-07  +9.723841e-08  -6.948245e-04  +1.967090e-07  -6.780146e-08  -3.888247e-04  
-1.402889e-04  +3.084200e-05  +2.671236e-03  -2.433590e-03  -1.048061e-02  -1.174849e-04  -8.992875e-03  +4.983588e-03  +3.771342e-04  -9.339192e-03  +1.506910e-02  -3.272813e-04  +7.042745e-05  +1.102779e+00  -1.992284e-04  -3.182288e-04  -1.214931e+00  -4.159945e-05  +3.123682e-05  -1.604212e+00  +2.761131e-04  -2.760577e-04  -8.973831e-01  
-3.039609e-07  +1.578894e-08  -6.808584e-07  +4.536878e-06  +5.445170e-06  +2.026872e-07  +5.744488e-06  -3.593846e-06  -2.715403e-07  +8.317847e-06  -1.531093e-05  +1.679155e-07  -2.044034e-07  -1.992284e-04  +5.452040e-07  +2.545099e-07  +9.686580e-04  -7.363889e-08  -7.949255e-08  +1.114345e-03  -3.685891e-08  +4.639402e-08  +5.708211e-04  
-6.075036e-09  +3.943313e-08  -1.156351e-06  +2.564057e-06  +5.999224e-06  +1.633833e-07  +5.365952e-06  -3.715488e-06  -2.310221e-07  +6.562281e-06  -1.200827e-05  +1.447673e-07  +1.998343e-08  -3.182288e-04  +2.545099e-07  +3.497560e-07  +8.014340e-04  -6.411481e-08  -3.070205e-08  +9.410216e-04  -9.179580e-08  +9.029640e-08  +6.448405e-04  
-1.291359e-04  +8.724969e-05  -6.745722e-03  +3.571721e-02  +3.620507e-02  +3.648781e-04  +3.896293e-02  -2.463575e-02  -1.787312e-03  +5.147559e-02  -9.726145e-02  +7.253776e-04  -5.394333e-04  -1.214931e+00  +9.686580e-04  +8.014340e-04  +7.228978e+00  -1.847465e-04  -1.947983e-04  +6.444462e+00  -4.923946e-04  +5.926884e-04  +4.248852e+00  
+2.740570e-07  -3.528720e-08  -3.006745e-07  +1.068896e-06  -5.977978e-07  -7.645379e-08  -1.265000e-06  +6.367039e-07  +7.077913e-08  -2.436444e-06  +3.935814e-06  -2.276769e-08  +1.211844e-07  -4.159945e-05  -7.363889e-08  -6.411481e-08  -1.847465e-04  +2.566335e-07  +6.033544e-08  -1.376457e-04  +3.589311e-08  -1.602497e-08  -1.992863e-04  
+1.693387e-08  +1.371294e-07  -1.818584e-07  -6.303503e-07  -3.730305e-07  -5.246049e-09  -1.079074e-06  +9.598208e-07  +6.335835e-08  -2.196625e-06  +4.334103e-06  +1.332814e-08  +9.723841e-08  +3.123682e-05  -7.949255e-08  -3.070205e-08  -1.947983e-04  +6.033544e-08  +1.589999e-07  -2.197155e-04  -1.339406e-08  -2.829317e-08  -4.376288e-05  
+7.538268e-04  -3.410124e-04  -6.818294e-03  +4.125195e-02  +3.655039e-02  +2.691168e-04  +3.960760e-02  -3.640452e-02  -1.748635e-03  +5.201744e-02  -9.986478e-02  +8.106471e-04  -6.948245e-04  -1.604212e+00  +1.114345e-03  +9.410216e-04  +6.444462e+00  -1.376457e-04  -2.197155e-04  +8.550926e+00  -7.260221e-04  +9.302927e-04  +4.410072e+00  
+3.116968e-07  -8.048056e-08  +9.296228e-07  -3.299009e-07  -2.521347e-06  +1.520551e-09  -4.003352e-06  +3.943625e-06  +1.681944e-07  -4.300650e-06  +5.684331e-06  -2.574680e-08  +1.967090e-07  +2.761131e-04  -3.685891e-08  -9.179580e-08  -4.923946e-04  +3.589311e-08  -1.339406e-08  -7.260221e-04  +3.553435e-07  -1.005718e-07  -5.465338e-04  
+3.534549e-07  -1.134020e-07  -9.469870e-07  +3.297672e-06  +3.467081e-06  -4.077536e-08  +4.204752e-06  -5.035589e-06  -1.729910e-07  +4.857814e-06  -8.843475e-06  +1.159124e-07  -6.780146e-08  -2.760577e-04  +4.639402e-08  +9.029640e-08  +5.926884e-04  -1.602497e-08  -2.829317e-08  +9.302927e-04  -1.005718e-07  +3.179017e-07  +4.789652e-04  
+2.460402e-04  +2.568762e-04  -5.241074e-03  +1.844425e-02  +2.349924e-02  +8.196970e-05  +2.624621e-02  -1.957179e-02  -1.175221e-03  +3.323246e-02  -5.830190e-02  +4.293766e-04  -3.888247e-04  -8.973831e-01  +5.708211e-04  +6.448405e-04  +4.248852e+00  -1.992863e-04  -4.376288e-05  +4.410072e+00  -5.465338e-04  +4.789652e-04  +3.592090e+00  
