mean:
+3.910838e+00  +3.898062e+00  +8.306578e-01  +1.305820e+00  +1.450482e+00  +5.988707e-01  +8.332042e-01  +1.429244e+00  +1.566139e-01  +1.923620e+00  +5.820009e+00  +3.484800e+00  +2.610923e+00  +2.033516e+02  +4.263012e+00  +5.275798e+00  +2.904747e+02  +5.349589e+00  +3.757613e+00  +3.296263e+02  +2.640657e+00  +4.559294e+00  +3.994929e+02  
covariance:
+4.562970e-06  -8.669144e-07  -5.741728e-06  -7.239203e-06  +1.066669e-06  -2.696847e-06  +1.104767e-05  -3.283718e-07  -7.331068e-06  +5.900209e-05  -5.291079e-05  +4.866732e-07  -7.176529e-07  +2.338763e-04  -5.474772e-07  +2.460313e-07  +6.550796e-03  +2.888369e-07  +5.025984e-07  +3.525917e-03  +6.553055e-08  -2.678098e-08  +4.715812e-03  
-8.669144e-07  +9.876599e-07  -1.138048e-06  -5.663519e-07  +2.638709e-07  -4.008146e-07  +1.722741e-06  +3.637638e-08  -1.523709e-06  +1.234012e-05  -1.028608e-05  +1.599587e-07  -9.128947e-08  +6.958635e-05  -1.904872e-07  +1.538616e-07  +1.196507e-03  -2.043085e-07  +1.444580e-07  +7.862246e-04  +9.985810e-08  -1.427925e-07  +9.482894e-04  
-5.741728e-06  -1.138048e-06  +2.386712e-05  +1.346313e-05  -5.145692e-06  +6.631434e-06  -3.654972e-05  -4.180923e-06  +2.436894e-05  -2.043036e-04  +1.712803e-04  -2.355607e-06  +2.068051e-06  -1.816371e-06  +3.040340e-06  -1.162175e-06  -2.130160e-02  +8.229930e-07  -8.374317e-07  -1.099967e-02  -7.912297e-07  +1.245132e-06  -1.652471e-02  
-7.239203e-06  -5.663519e-07  +1.346313e-05  +6.530908e-05  -1.144503e-06  +1.226047e-05  -3.100077e-05  -2.116777e-05  +2.031127e-05  -1.834902e-04  +1.955622e-04  -1.190062e-06  +2.856280e-06  -1.436869e-03  +1.843038e-06  -1.211907e-07  -2.100309e-02  -9.732149e-07  -3.432698e-06  -1.292114e-02  +9.071896e-07  -2.094692e-07  -1.499974e-02  
+1.066669e-06  +2.638709e-07  -5.145692e-06  -1.144503e-06  +4.225182e-06  -2.825329e-07  +7.501946e-06  +4.578861e-06  -4.966469e-06  +4.112131e-05  -3.558879e-05  -7.927066e-08  -2.041285e-07  -6.878400e-04  -9.609940e-07  +7.188144e-08  +5.499867e-03  -9.040149e-07  +1.919618e-07  +1.184362e-03  +3.673480e-07  -5.991180e-07  +2.810971e-03  
-2.696847e-06  -4.008146e-07  +6.631434e-06  +1.226047e-05  -2.825329e-07  +5.827498e-06  -1.382725e-05  +5.402983e-06  +9.458422e-06  -8.205428e-05  +7.270995e-05  -1.146700e-06  +1.041720e-06  -1.154773e-03  +1.571622e-07  -5.969741e-07  -8.163951e-03  -7.115804e-07  -1.541026e-06  -7.206129e-03  -3.799622e-08  -1.628552e-07  -6.689375e-03  
+1.104767e-05  +1.722741e-06  -3.654972e-05  -3.100077e-05  +7.501946e-06  -1.382725e-05  +6.835750e-05  -3.442732e-06  -4.390785e-05  +3.699306e-04  -3.171101e-04  +4.720099e-06  -3.885020e-06  +1.616690e-03  -3.813889e-06  +1.977684e-06  +3.882100e-02  -5.205200e-08  +2.521184e-06  +2.135846e-02  +1.091508e-06  -1.481745e-06  +2.963416e-02  
-3.283718e-07  +3.637638e-08  -4.180923e-06  -2.116777e-05  +4.578861e-06  +5.402983e-06  -3.442732e-06  +9.865825e-05  +3.970932e-06  -3.798216e-05  +4.516859e-06  -3.693961e-06  +2.362493e-07  -6.986398e-03  -2.580030e-06  -1.561727e-06  +2.606295e-03  -3.452940e-06  -6.114586e-07  -1.061537e-02  -7.258314e-07  -9.464040e-07  -3.171276e-03  
-7.331068e-06  -1.523709e-06  +2.436894e-05  +2.031127e-05  -4.966469e-06  +9.458422e-06  -4.390785e-05  +3.970932e-06  +3.023472e-05  -2.521888e-04  +2.137397e-04  -2.933181e-06  +2.385424e-06  -1.301219e-03  +2.929112e-06  -1.745546e-06  -2.640005e-02  +3.276417e-07  -1.660217e-06  -1.474431e-02  -8.964614e-07  +1.084204e-06  -1.996467e-02  
+5.900209e-05  +1.234012e-05  -2.043036e-04  -1.834902e-04  +4.112131e-05  -8.205428e-05  +3.699306e-04  -3.798216e-05  -2.521888e-04  +2.159493e-03  -1.847892e-03  +2.565043e-05  -2.036055e-05  +1.383984e-02  -2.492188e-05  +1.552338e-05  +2.237969e-01  -1.739501e-06  +1.346043e-05  +1.270279e-01  +7.116031e-06  -8.522531e-06  +1.712693e-01  
-5.291079e-05  -1.028608e-05  +1.712803e-04  +1.955622e-04  -3.558879e-05  +7.270995e-05  -3.171101e-04  +4.516859e-06  +2.137397e-04  -1.847892e-03  +1.658011e-03  -2.006606e-05  +1.821457e-05  -1.039016e-02  +2.180769e-05  -1.178797e-05  -1.962215e-01  +1.751376e-06  -1.311772e-05  -1.085170e-01  -4.280951e-06  +7.288793e-06  -1.465693e-01  
+4.866732e-07  +1.599587e-07  -2.355607e-06  -1.190062e-06  -7.927066e-08  -1.146700e-06  +4.720099e-06  -3.693961e-06  -2.933181e-06  +2.565043e-05  -2.006606e-05  +1.089949e-06  -3.789584e-07  +6.032149e-04  -7.212104e-08  +1.707089e-07  +1.632850e-03  +4.605149e-07  +3.477417e-08  +1.907259e-03  +4.037070e-09  -1.180661e-10  +2.390599e-03  
-7.176529e-07  -9.128947e-08  +2.068051e-06  +2.856280e-06  -2.041285e-07  +1.041720e-06  -3.885020e-06  +2.362493e-07  +2.385424e-06  -2.036055e-05  +1.821457e-05  -3.789584e-07  +5.515036e-07  -4.421884e-04  +6.125032e-08  -1.113795e-07  -1.803682e-03  -2.909040e-07  -1.278766e-07  -1.334062e-03  -2.048491e-08  -1.679152e-07  -1.855986e-03  
+2.338763e-04  +6.958635e-05  -1.816371e-06  -1.436869e-03  -6.878400e-04  -1.154773e-03  +1.616690e-03  -6.986398e-03  -1.301219e-03  +1.383984e-02  -1.039016e-02  +6.032149e-04  -4.421884e-04  +1.810543e+00  +3.055844e-04  +4.328367e-04  -3.732539e-02  +9.060334e-04  -2.018214e-04  +1.401513e+00  +4.181202e-05  +6.421824e-04  +1.477433e+00  
-5.474772e-07  -1.904872e-07  +3.040340e-06  +1.843038e-06  -9.609940e-07  +1.571622e-07  -3.813889e-06  -2.580030e-06  +2.929112e-06  -2.492188e-05  +2.180769e-05  -7.212104e-08  +6.125032e-08  +3.055844e-04  +1.079831e-06  -1.741565e-07  -2.950666e-03  +6.294632e-07  +4.667136e-08  -8.005068e-04  -1.849360e-07  +4.927765e-07  -1.832007e-03  
+2.460313e-07  +1.538616e-07  -1.162175e-06  -1.211907e-07  +7.188144e-08  -5.969741e-07  +1.977684e-06  -1.561727e-06  -1.745546e-06  +1.552338e-05  -1.178797e-05  +1.707089e-07  -1.113795e-07  +4.328367e-04  -1.741565e-07  +6.472866e-07  +1.215367e-03  +1.473490e-08  -1.468774e-07  +9.336471e-04  +1.211189e-07  +1.065554e-07  +1.333773e-03  
+6.550796e-03  +1.196507e-03  -2.130160e-02  -2.100309e-02  +5.499867e-03  -8.163951e-03  +3.882100e-02  +2.606295e-03  -2.640005e-02  +2.237969e-01  -1.962215e-01  +1.632850e-03  -1.803682e-03  -3.732539e-02  -2.950666e-03  +1.215367e-03  +2.608676e+01  -1.274826e-03  +2.150506e-03  +1.269792e+01  +7.524487e-04  -1.465817e-03  +1.676235e+01  
+2.888369e-07  -2.043085e-07  +8.229930e-07  -9.732149e-07  -9.040149e-07  -7.115804e-07  -5.205200e-08  -3.452940e-06  +3.276417e-07  -1.739501e-06  +1.751376e-06  +4.605149e-07  -2.909040e-07  +9.060334e-04  +6.294632e-07  +1.473490e-08  -1.274826e-03  +1.087449e-06  -1.389580e-07  +5.076378e-04  -1.739478e-07  +5.899847e-07  +3.698901e-04  
+5.025984e-07  +1.444580e-07  -8.374317e-07  -3.432698e-06  +1.919618e-07  -1.541026e-06  +2.521184e-06  -6.114586e-07  -1.660217e-06  +1.346043e-05  -1.311772e-05  +3.477417e-08  -1.278766e-07  -2.018214e-04  +4.667136e-08  -1.468774e-07  +2.150506e-03  -1.389580e-07  +1.148249e-06  +1.879543e-03  -2.926904e-08  -2.237345e-07  +6.837640e-04  
+3.525917e-03  +7.862246e-04  -1.099967e-02  -1.292114e-02  +1.184362e-03  -7.206129e-03  +2.135846e-02  -1.061537e-02  -1.474431e-02  +1.270279e-01  -1.085170e-01  +1.907259e-03  -1.334062e-03  +1.401513e+00  -8.005068e-04  +9.336471e-04  +1.269792e+01  +5.076378e-04  +1.879543e-03  +1.037982e+01  +2.709767e-04  -3.477325e-04  +1.009517e+01  
+6.553055e-08  +9.985810e-08  -7.912297e-07  +9.071896e-07  +3.673480e-07  -3.799622e-08  +1.091508e-06  -7.258314e-07  -8.964614e-07  +7.116031e-06  -4.280951e-06  +4.037070e-09  -2.048491e-08  +4.181202e-05  -1.849360e-07  +1.211189e-07  +7.524487e-04  -1.739478e-07  -2.926904e-08  +2.709767e-04  +2.630953e-07  -8.283518e-08  +4.795551e-04  
-2.678098e-08  -1.427925e-07  +1.245132e-06  -2.094692e-07  -5.991180e-07  -1.628552e-07  -1.481745e-06  -9.464040e-07  +1.084204e-06  -8.522531e-06  +7.288793e-06  -1.180661e-10  -1.679152e-07  +6.421824e-04  +4.927765e-07  +1.065554e-07  -1.465817e-03  +5.899847e-07  -2.237345e-07  -3.477325e-04  -8.283518e-08  +7.018155e-07  -2.819294e-04  
+4.715812e-03  +9.482894e-04  -1.652471e-02  -1.499974e-02  +2.810971e-03  -6.689375e-03  +2.963416e-02  -3.171276e-03  -1.996467e-02  +1.712693e-01  -1.465693e-01  +2.390599e-03  -1.855986e-03  +1.477433e+00  -1.832007e-03  +1.333773e-03  +1.676235e+01  +3.698901e-04  +6.837640e-04  +1.009517e+01  +4.795551e-04  -2.819294e-04  +1.446148e+01  
