mean:
+3.962619e+00  +3.927899e+00  +5.711963e-01  -1.171435e+00  +1.693461e+00  +4.838329e-01  +9.047880e-01  +2.067860e+00  +1.514012e-01  +2.015379e+00  +4.830325e+00  +1.635431e+00  +2.882858e+00  +8.067834e+02  +4.800042e+00  +4.399418e+00  +2.018379e+03  
covariance:
+9.215692e-06  +3.401163e-06  +2.147254e-05  +1.076421e-05  -2.566777e-07  +1.064519e-07  -1.211393e-06  +2.228946e-06  +3.777729e-06  -2.151631e-06  -2.869228e-05  +9.607345e-08  +3.503801e-07  -3.077623e-03  -1.924996e-07  +1.741681e-07  -8.224648e-03  
+3.401163e-06  +1.461075e-05  +2.939937e-05  +3.076152e-05  +3.606388e-06  +1.364024e-05  -9.962340e-06  +2.011026e-05  +1.113226e-05  -7.773652e-05  +1.266623e-04  -5.158309e-07  -1.472836e-07  -2.004804e-03  -3.823790e-08  +7.985824e-07  -1.236082e-02  
+2.147254e-05  +2.939937e-05  +3.442926e-04  +1.790977e-04  -3.329587e-05  +7.848023e-05  -8.678497e-05  +1.010171e-04  +7.965629e-05  -5.739185e-04  +9.639558e-04  +1.467235e-07  +2.569268e-06  -4.048971e-02  -2.544200e-06  +6.484197e-06  -1.451522e-01  
+1.076421e-05  +3.076152e-05  +1.790977e-04  +4.274956e-04  +1.841963e-05  +8.235788e-05  -1.038808e-04  +1.904424e-04  +8.832349e-05  -7.438037e-04  +1.110418e-03  +1.923541e-06  +5.015614e-06  -4.336807e-02  -2.584154e-07  +6.630729e-06  -1.052614e-01  
-2.566777e-07  +3.606388e-06  -3.329587e-05  +1.841963e-05  +6.261596e-05  +9.885663e-06  -2.815153e-06  +4.824370e-05  +6.412463e-06  -8.904317e-05  +1.669068e-04  -4.199753e-07  +4.856890e-07  +8.533136e-03  +4.525095e-07  -2.124300e-06  +1.288417e-02  
+1.064519e-07  +1.364024e-05  +7.848023e-05  +8.235788e-05  +9.885663e-06  +7.558942e-05  -4.238857e-05  +1.356063e-04  +4.270607e-05  -4.424547e-04  +9.154099e-04  -8.412037e-07  -7.072984e-07  +4.804522e-03  +2.056800e-08  +1.590776e-06  -4.528466e-02  
-1.211393e-06  -9.962340e-06  -8.678497e-05  -1.038808e-04  -2.815153e-06  -4.238857e-05  +7.989758e-05  -4.874357e-05  -4.312889e-05  +3.724896e-04  -7.042743e-04  -4.334232e-07  -9.202640e-07  +1.803412e-02  +2.536580e-07  -3.772146e-06  +5.528077e-02  
+2.228946e-06  +2.011026e-05  +1.010171e-04  +1.904424e-04  +4.824370e-05  +1.356063e-04  -4.874357e-05  +8.926814e-04  +9.791263e-05  -1.141736e-03  +2.122266e-03  -2.693711e-09  +3.225549e-07  -2.645510e-04  -1.354365e-06  +4.155628e-06  -1.469715e-01  
+3.777729e-06  +1.113226e-05  +7.965629e-05  +8.832349e-05  +6.412463e-06  +4.270607e-05  -4.312889e-05  +9.791263e-05  +4.021042e-05  -3.599911e-04  +6.206478e-04  -5.214297e-07  +4.399944e-07  -1.116382e-02  -1.813384e-07  +2.383455e-06  -5.400326e-02  
-2.151631e-06  -7.773652e-05  -5.739185e-04  -7.438037e-04  -8.904317e-05  -4.424547e-04  +3.724896e-04  -1.141736e-03  -3.599911e-04  +3.678625e-03  -6.725558e-03  +5.541592e-06  -5.280834e-07  +6.285525e-02  -1.416393e-07  -1.802668e-05  +4.616011e-01  
-2.869228e-05  +1.266623e-04  +9.639558e-04  +1.110418e-03  +1.669068e-04  +9.154099e-04  -7.042743e-04  +2.122266e-03  +6.206478e-04  -6.725558e-03  +1.394436e-02  -8.684415e-06  -4.038087e-06  -2.053459e-02  -8.736600e-07  +2.755909e-05  -7.336614e-01  
+9.607345e-08  -5.158309e-07  +1.467235e-07  +1.923541e-06  -4.199753e-07  -8.412037e-07  -4.334232e-07  -2.693711e-09  -5.214297e-07  +5.541592e-06  -8.684415e-06  +8.523980e-07  +1.373098e-07  -4.525860e-04  -2.597336e-08  -9.470472e-08  +6.126089e-04  
+3.503801e-07  -1.472836e-07  +2.569268e-06  +5.015614e-06  +4.856890e-07  -7.072984e-07  -9.202640e-07  +3.225549e-07  +4.399944e-07  -5.280834e-07  -4.038087e-06  +1.373098e-07  +9.252150e-07  -1.019869e-03  -1.230884e-07  +4.185047e-08  -1.223640e-03  
-3.077623e-03  -2.004804e-03  -4.048971e-02  -4.336807e-02  +8.533136e-03  +4.804522e-03  +1.803412e-02  -2.645510e-04  -1.116382e-02  +6.285525e-02  -2.053459e-02  -4.525860e-04  -1.019869e-03  +1.862697e+01  +2.252454e-04  -1.869712e-03  +2.748711e+01  
-1.924996e-07  -3.823790e-08  -2.544200e-06  -2.584154e-07  +4.525095e-07  +2.056800e-08  +2.536580e-07  -1.354365e-06  -1.813384e-07  -1.416393e-07  -8.736600e-07  -2.597336e-08  -1.230884e-07  +2.252454e-04  +3.705499e-07  -5.065802e-08  +1.356746e-03  
+1.741681e-07  +7.985824e-07  +6.484197e-06  +6.630729e-06  -2.124300e-06  +1.590776e-06  -3.772146e-06  +4.155628e-06  +2.383455e-06  -1.802668e-05  +2.755909e-05  -9.470472e-08  +4.185047e-08  -1.869712e-03  -5.065802e-08  +8.311340e-07  -4.524806e-03  
-8.224648e-03  -1.236082e-02  -1.451522e-01  -1.052614e-01  +1.288417e-02  -4.528466e-02  +5.528077e-02  -1.469715e-01  -5.400326e-02  +4.616011e-01  -7.336614e-01  +6.126089e-04  -1.223640e-03  +2.748711e+01  +1.356746e-03  -4.524806e-03  +1.153061e+02  
