mean:
+4.018255e+00  +3.960138e+00  +8.430843e-01  +1.330050e+00  +1.233155e+00  +4.997885e-01  +8.229322e-01  +1.322630e+00  +1.654650e-01  +1.967244e+00  +5.822882e+00  +3.660465e+00  +2.856410e+00  +2.155427e+02  +4.310170e+00  +5.128451e+00  +2.935061e+02  +5.252179e+00  +3.797252e+00  +3.337323e+02  +2.880428e+00  +4.479706e+00  +4.042268e+02  
covariance:
+2.644815e-06  +4.001558e-07  +2.931903e-06  -1.958687e-05  -1.104299e-06  -1.609541e-06  +5.043690e-06  +5.461145e-06  +5.775945e-06  -4.905297e-05  +7.281203e-05  -8.851958e-08  +1.287587e-07  -2.685527e-03  +2.911729e-07  -3.809816e-07  -5.158507e-03  +1.973048e-07  +1.643592e-07  -3.502715e-03  -5.562221e-08  -1.482522e-07  -5.052537e-03  
+4.001558e-07  +1.901495e-06  +5.559210e-07  -4.427259e-06  -2.735558e-07  -1.670913e-08  +1.694171e-06  -2.510958e-07  +1.536214e-06  -1.375182e-05  +2.101102e-05  +4.196341e-08  +8.140677e-08  -5.981388e-04  +4.675616e-08  -9.506451e-08  -1.564681e-03  +8.347105e-08  +3.252509e-08  -9.099196e-04  +6.850877e-08  +1.658887e-08  -1.289293e-03  
+2.931903e-06  +5.559210e-07  +2.753501e-05  -7.146487e-05  -1.480645e-06  +6.937753e-07  +6.042199e-06  +2.176098e-05  +2.021786e-05  -1.533293e-04  +1.678742e-04  +1.578614e-06  -1.294349e-06  -7.553344e-03  +8.576331e-07  -1.878330e-06  -1.324769e-02  -8.401245e-07  +2.810319e-07  -1.048180e-02  -6.693496e-08  +3.993808e-07  -1.324000e-02  
-1.958687e-05  -4.427259e-06  -7.146487e-05  +5.817977e-04  +2.299566e-05  +2.157880e-05  -1.028624e-04  -1.350783e-04  -1.172573e-04  +9.929521e-04  -1.188295e-03  -1.515744e-06  +2.497621e-06  +5.664017e-02  -8.402612e-06  +1.233384e-05  +1.065417e-01  -1.763167e-06  +1.515915e-06  +7.788201e-02  +1.066877e-06  -1.785519e-06  +9.338242e-02  
-1.104299e-06  -2.735558e-07  -1.480645e-06  +2.299566e-05  +6.867995e-06  +4.281638e-06  -6.351117e-06  -9.555400e-06  -4.082725e-06  +4.193084e-05  -7.753303e-05  +4.755804e-07  -2.022683e-07  +2.883734e-03  -3.788403e-07  +2.764867e-07  +5.464699e-03  -5.105624e-07  -1.480877e-07  +3.842924e-03  +2.525720e-07  -9.069174e-08  +4.601605e-03  
-1.609541e-06  -1.670913e-08  +6.937753e-07  +2.157880e-05  +4.281638e-06  +1.513058e-05  -1.284218e-05  -2.388494e-05  -3.840562e-06  +5.467130e-05  -1.577443e-04  +1.142350e-06  +5.590632e-07  +4.036426e-03  -9.704609e-08  +5.713888e-07  +6.896146e-03  -1.865626e-08  -1.020404e-06  +6.080292e-03  +1.776829e-07  +4.871804e-07  +9.605551e-03  
+5.043690e-06  +1.694171e-06  +6.042199e-06  -1.028624e-04  -6.351117e-06  -1.284218e-05  +5.114512e-05  +2.457827e-05  +2.535314e-05  -2.616149e-04  +3.918172e-04  +8.436414e-08  -6.990818e-07  -1.375860e-02  +1.046684e-06  -3.813101e-06  -2.985935e-02  +6.119256e-07  +1.531690e-07  -2.113704e-02  +3.491858e-07  +1.940204e-07  -3.060876e-02  
+5.461145e-06  -2.510958e-07  +2.176098e-05  -1.350783e-04  -9.555400e-06  -2.388494e-05  +2.457827e-05  +2.004507e-04  +3.201687e-05  -2.760306e-04  +3.476458e-04  +1.119465e-06  -5.598127e-07  -2.089374e-02  +2.944765e-06  -3.138509e-06  -2.932668e-02  -6.020100e-07  +1.416714e-06  -2.202251e-02  -5.434862e-07  -1.790149e-06  -2.600418e-02  
+5.775945e-06  +1.536214e-06  +2.021786e-05  -1.172573e-04  -4.082725e-06  -3.840562e-06  +2.535314e-05  +3.201687e-05  +3.589352e-05  -2.939324e-04  +3.747937e-04  +1.522585e-07  +1.151826e-06  -1.587359e-02  +2.368990e-06  -2.657917e-06  -2.949768e-02  +5.683959e-07  +2.062357e-07  -1.865462e-02  -3.421288e-07  -5.482984e-07  -2.888819e-02  
-4.905297e-05  -1.375182e-05  -1.533293e-04  +9.929521e-04  +4.193084e-05  +5.467130e-05  -2.616149e-04  -2.760306e-04  -2.939324e-04  +2.518629e-03  -3.371602e-03  +1.778090e-08  -8.213120e-06  +1.352607e-01  -1.833253e-05  +2.469799e-05  +2.585785e-01  -5.013495e-06  -2.683921e-06  +1.664940e-01  +2.010727e-06  +3.883082e-06  +2.560340e-01  
+7.281203e-05  +2.101102e-05  +1.678742e-04  -1.188295e-03  -7.753303e-05  -1.577443e-04  +3.918172e-04  +3.476458e-04  +3.747937e-04  -3.371602e-03  +5.512236e-03  -1.216871e-05  +1.792364e-05  -1.790976e-01  +1.940146e-05  -2.487017e-05  -3.533503e-01  +8.053808e-06  +1.237325e-05  -2.291222e-01  -2.564457e-06  -8.163946e-06  -3.698450e-01  
-8.851958e-08  +4.196341e-08  +1.578614e-06  -1.515744e-06  +4.755804e-07  +1.142350e-06  +8.436414e-08  +1.119465e-06  +1.522585e-07  +1.778090e-08  -1.216871e-05  +1.067869e-06  -7.307557e-07  +7.549764e-05  -8.783080e-08  -1.648192e-07  +3.519221e-04  -1.885113e-07  -1.500810e-07  -5.723121e-04  +2.063333e-07  +1.177233e-07  +6.086992e-05  
+1.287587e-07  +8.140677e-08  -1.294349e-06  +2.497621e-06  -2.022683e-07  +5.590632e-07  -6.990818e-07  -5.598127e-07  +1.151826e-06  -8.213120e-06  +1.792364e-05  -7.307557e-07  +1.904872e-06  -3.962861e-04  +2.078228e-07  +1.614548e-07  -1.198623e-03  +2.894741e-07  +5.459350e-08  +5.321858e-04  -2.555124e-07  -2.264373e-07  -3.584177e-04  
-2.685527e-03  -5.981388e-04  -7.553344e-03  +5.664017e-02  +2.883734e-03  +4.036426e-03  -1.375860e-02  -2.089374e-02  -1.587359e-02  +1.352607e-01  -1.790976e-01  +7.549764e-05  -3.962861e-04  +8.404541e+00  -1.111138e-03  +1.457622e-03  +1.403299e+01  -4.160667e-04  +4.965888e-05  +9.235144e+00  +2.374381e-04  +2.561041e-04  +1.390250e+01  
+2.911729e-07  +4.675616e-08  +8.576331e-07  -8.402612e-06  -3.788403e-07  -9.704609e-08  +1.046684e-06  +2.944765e-06  +2.368990e-06  -1.833253e-05  +1.940146e-05  -8.783080e-08  +2.078228e-07  -1.111138e-03  +5.984135e-07  -6.606588e-08  -1.764763e-03  +2.173034e-07  -8.302136e-09  -7.215675e-04  -7.963526e-08  -1.217164e-07  -1.949837e-03  
-3.809816e-07  -9.506451e-08  -1.878330e-06  +1.233384e-05  +2.764867e-07  +5.713888e-07  -3.813101e-06  -3.138509e-06  -2.657917e-06  +2.469799e-05  -2.487017e-05  -1.648192e-07  +1.614548e-07  +1.457622e-03  -6.606588e-08  +1.026913e-06  +2.786317e-03  +2.306547e-08  +6.998720e-08  +1.996644e-03  +2.618924e-08  +5.060975e-08  +2.525493e-03  
-5.158507e-03  -1.564681e-03  -1.324769e-02  +1.065417e-01  +5.464699e-03  +6.896146e-03  -2.985935e-02  -2.932668e-02  -2.949768e-02  +2.585785e-01  -3.533503e-01  +3.519221e-04  -1.198623e-03  +1.403299e+01  -1.764763e-03  +2.786317e-03  +2.855899e+01  -6.695980e-04  -3.096777e-04  +1.805747e+01  +2.379760e-04  +2.671197e-04  +2.613251e+01  
+1.973048e-07  +8.347105e-08  -8.401245e-07  -1.763167e-06  -5.105624e-07  -1.865626e-08  +6.119256e-07  -6.020100e-07  +5.683959e-07  -5.013495e-06  +8.053808e-06  -1.885113e-07  +2.894741e-07  -4.160667e-04  +2.173034e-07  +2.306547e-08  -6.695980e-04  +5.994280e-07  -1.110847e-08  -6.071275e-05  -6.296882e-08  -1.305478e-07  -6.443078e-04  
+1.643592e-07  +3.252509e-08  +2.810319e-07  +1.515915e-06  -1.480877e-07  -1.020404e-06  +1.531690e-07  +1.416714e-06  +2.062357e-07  -2.683921e-06  +1.237325e-05  -1.500810e-07  +5.459350e-08  +4.965888e-05  -8.302136e-09  +6.998720e-08  -3.096777e-04  -1.110847e-08  +7.433454e-07  -1.027501e-05  +1.131590e-08  -2.563825e-07  -6.641136e-04  
-3.502715e-03  -9.099196e-04  -1.048180e-02  +7.788201e-02  +3.842924e-03  +6.080292e-03  -2.113704e-02  -2.202251e-02  -1.865462e-02  +1.664940e-01  -2.291222e-01  -5.723121e-04  +5.321858e-04  +9.235144e+00  -7.215675e-04  +1.996644e-03  +1.805747e+01  -6.071275e-05  -1.027501e-05  +1.437561e+01  -3.520069e-05  -8.090154e-05  +1.730919e+01  
-5.562221e-08  +6.850877e-08  -6.693496e-08  +1.066877e-06  +2.525720e-07  +1.776829e-07  +3.491858e-07  -5.434862e-07  -3.421288e-07  +2.010727e-06  -2.564457e-06  +2.063333e-07  -2.555124e-07  +2.374381e-04  -7.963526e-08  +2.618924e-08  +2.379760e-04  -6.296882e-08  +1.131590e-08  -3.520069e-05  +3.559182e-07  +7.408451e-08  +4.307071e-05  
-1.482522e-07  +1.658887e-08  +3.993808e-07  -1.785519e-06  -9.069174e-08  +4.871804e-07  +1.940204e-07  -1.790149e-06  -5.482984e-07  +3.883082e-06  -8.163946e-06  +1.177233e-07  -2.264373e-07  +2.561041e-04  -1.217164e-07  +5.060975e-08  +2.671197e-04  -1.305478e-07  -2.563825e-07  -8.090154e-05  +7.408451e-08  +6.793925e-07  +7.874098e-04  
-5.052537e-03  -1.289293e-03  -1.324000e-02  +9.338242e-02  +4.601605e-03  +9.605551e-03  -3.060876e-02  -2.600418e-02  -2.888819e-02  +2.560340e-01  -3.698450e-01  +6.086992e-05  -3.584177e-04  +1.390250e+01  -1.949837e-03  +2.525493e-03  +2.613251e+01  -6.443078e-04  -6.641136e-04  +1.730919e+01  +4.307071e-05  +7.874098e-04  +2.962338e+01  
