mean:
+3.985659e+00  +3.940769e+00  +6.787287e-01  -1.167878e+00  +1.655685e+00  +4.999577e-01  +9.163711e-01  +2.054762e+00  +1.526364e-01  +1.905669e+00  +4.841933e+00  +1.839283e+00  +2.983789e+00  +8.070626e+02  +4.959911e+00  +4.480142e+00  +2.019087e+03  
covariance:
+6.616611e-06  +2.088074e-06  +6.826795e-06  +8.273126e-06  +8.312596e-06  -7.924246e-07  -7.869714e-07  -1.174837e-05  +1.292980e-06  -7.495853e-06  -3.146657e-05  -4.478036e-08  -3.257236e-07  +5.640768e-04  +5.904966e-08  -8.501816e-09  +4.084338e-03  
+2.088074e-06  +5.469156e-06  -5.135913e-08  -8.209343e-07  +1.898955e-06  +4.349399e-07  +1.663738e-06  -8.140383e-06  -2.841332e-07  +3.641577e-06  +9.759488e-06  -3.688193e-08  -1.459039e-07  -9.525927e-05  -1.258039e-08  -1.095313e-08  +4.226385e-04  
+6.826795e-06  -5.135913e-08  +2.497682e-04  +1.384541e-04  +1.803167e-04  -4.614408e-05  -1.482578e-05  -1.846173e-04  +6.030269e-05  -3.744463e-04  -8.914390e-04  +2.124547e-06  +2.665439e-07  +5.142642e-02  -6.280787e-08  +4.431017e-07  +8.155562e-02  
+8.273126e-06  -8.209343e-07  +1.384541e-04  +8.726030e-04  +7.119703e-05  +8.992802e-06  +1.565125e-04  -1.132928e-04  -3.848849e-06  -1.327366e-04  +8.985790e-05  -5.446875e-06  -6.121436e-06  +4.684404e-02  +2.382361e-06  +1.138002e-06  +1.866813e-02  
+8.312596e-06  +1.898955e-06  +1.803167e-04  +7.119703e-05  +3.703485e-04  -2.598130e-05  +4.799389e-07  -2.095320e-04  +5.261422e-05  -3.275929e-04  -8.762025e-04  +4.754339e-07  +2.090074e-07  +3.762761e-02  -3.345830e-08  +5.446778e-08  +8.899865e-02  
-7.924246e-07  +4.349399e-07  -4.614408e-05  +8.992802e-06  -2.598130e-05  +1.961071e-05  +2.709294e-05  +3.204581e-05  -1.799975e-05  +9.890409e-05  +2.172399e-04  -6.292337e-07  -4.520242e-07  -9.652819e-03  +2.033149e-07  +4.332523e-08  -1.485026e-02  
-7.869714e-07  +1.663738e-06  -1.482578e-05  +1.565125e-04  +4.799389e-07  +2.709294e-05  +1.808229e-04  -1.160772e-05  -2.415463e-05  -1.264963e-05  +3.116575e-04  -1.837703e-06  -1.617888e-06  +2.340587e-02  +2.775733e-07  +1.629186e-06  +9.363495e-03  
-1.174837e-05  -8.140383e-06  -1.846173e-04  -1.132928e-04  -2.095320e-04  +3.204581e-05  -1.160772e-05  +8.531166e-04  -4.575793e-05  +2.750796e-04  +9.082652e-04  -3.258535e-06  -1.888422e-06  -3.279990e-02  +7.001084e-07  -4.988486e-06  -1.583036e-01  
+1.292980e-06  -2.841332e-07  +6.030269e-05  -3.848849e-06  +5.261422e-05  -1.799975e-05  -2.415463e-05  -4.575793e-05  +2.323265e-05  -1.256905e-04  -3.103184e-04  +7.936219e-07  +5.536509e-07  +1.149656e-02  -1.610796e-07  -6.102839e-08  +2.336859e-02  
-7.495853e-06  +3.641577e-06  -3.744463e-04  -1.327366e-04  -3.275929e-04  +9.890409e-05  -1.264963e-05  +2.750796e-04  -1.256905e-04  +8.716253e-04  +1.631505e-03  -3.460784e-06  -1.871464e-06  -1.054141e-01  +5.741299e-07  -1.290879e-06  -1.525646e-01  
-3.146657e-05  +9.759488e-06  -8.914390e-04  +8.985790e-05  -8.762025e-04  +2.172399e-04  +3.116575e-04  +9.082652e-04  -3.103184e-04  +1.631505e-03  +5.117573e-03  -1.170151e-05  -6.614077e-06  -1.364426e-01  +2.298109e-06  +1.170327e-06  -4.459150e-01  
-4.478036e-08  -3.688193e-08  +2.124547e-06  -5.446875e-06  +4.754339e-07  -6.292337e-07  -1.837703e-06  -3.258535e-06  +7.936219e-07  -3.460784e-06  -1.170151e-05  +6.454783e-07  +6.910390e-08  +1.350760e-04  +5.814015e-08  +7.290871e-08  +1.059064e-03  
-3.257236e-07  -1.459039e-07  +2.665439e-07  -6.121436e-06  +2.090074e-07  -4.520242e-07  -1.617888e-06  -1.888422e-06  +5.536509e-07  -1.871464e-06  -6.614077e-06  +6.910390e-08  +9.464829e-07  +3.158745e-04  +4.841044e-08  +8.114214e-08  +5.549329e-04  
+5.640768e-04  -9.525927e-05  +5.142642e-02  +4.684404e-02  +3.762761e-02  -9.652819e-03  +2.340587e-02  -3.279990e-02  +1.149656e-02  -1.054141e-01  -1.364426e-01  +1.350760e-04  +3.158745e-04  +2.101201e+01  -1.230604e-05  +4.619553e-04  +2.291020e+01  
+5.904966e-08  -1.258039e-08  -6.280787e-08  +2.382361e-06  -3.345830e-08  +2.033149e-07  +2.775733e-07  +7.001084e-07  -1.610796e-07  +5.741299e-07  +2.298109e-06  +5.814015e-08  +4.841044e-08  -1.230604e-05  +2.466004e-07  -1.510475e-08  -2.780614e-04  
-8.501816e-09  -1.095313e-08  +4.431017e-07  +1.138002e-06  +5.446778e-08  +4.332523e-08  +1.629186e-06  -4.988486e-06  -6.102839e-08  -1.290879e-06  +1.170327e-06  +7.290871e-08  +8.114214e-08  +4.619553e-04  -1.510475e-08  +4.272141e-07  +8.268224e-04  
+4.084338e-03  +4.226385e-04  +8.155562e-02  +1.866813e-02  +8.899865e-02  -1.485026e-02  +9.363495e-03  -1.583036e-01  +2.336859e-02  -1.525646e-01  -4.459150e-01  +1.059064e-03  +5.549329e-04  +2.291020e+01  -2.780614e-04  +8.268224e-04  +8.557208e+01  
