mean:
+3.913729e+00  +3.897715e+00  +8.524297e-01  +1.290647e+00  +1.431491e+00  +6.068414e-01  +8.212537e-01  +1.391692e+00  +1.569259e-01  +1.876564e+00  +5.863763e+00  +3.484867e+00  +2.610255e+00  +1.967707e+02  +4.263029e+00  +5.275771e+00  +2.835918e+02  +5.350671e+00  +3.758426e+00  +3.248388e+02  +2.640364e+00  +4.559664e+00  +3.958009e+02  
covariance:
+5.214228e-06  -1.096883e-06  +4.615831e-06  +5.896666e-06  -1.000992e-06  +1.884224e-06  +6.254093e-06  -9.638332e-06  -2.876371e-06  +2.006720e-05  -2.930785e-05  -6.563333e-07  -4.120475e-07  -1.654789e-03  -4.098413e-07  +1.602059e-07  +2.166948e-03  +5.480518e-07  +5.591834e-07  +2.607914e-03  -1.401930e-07  +3.622059e-07  +2.329824e-03  
-1.096883e-06  +7.989177e-07  +1.680233e-06  +1.679321e-06  -7.223416e-07  -1.804617e-07  +1.334150e-06  -1.050231e-06  -6.633436e-07  +3.753922e-06  -5.535665e-06  -1.766171e-07  +1.176772e-07  -3.623009e-05  -1.431283e-07  +1.253174e-07  +1.582993e-04  -2.323635e-08  -1.075843e-08  +3.255238e-04  -4.256313e-08  -5.765214e-08  +1.571349e-04  
+4.615831e-06  +1.680233e-06  +5.987056e-05  +5.055038e-05  +7.777332e-06  +1.899675e-06  +3.740260e-05  -4.291100e-05  -1.495451e-05  +1.168169e-04  -1.704318e-04  -6.089584e-06  +2.724897e-06  -8.249215e-03  -2.377942e-06  +3.546265e-06  +1.182517e-02  +1.478853e-06  +2.118420e-06  +1.584439e-02  -5.902519e-07  -9.903771e-08  +8.189915e-03  
+5.896666e-06  +1.679321e-06  +5.055038e-05  +1.408575e-04  +1.142584e-05  +3.078468e-06  +5.774148e-05  -5.363405e-05  -1.389628e-05  +8.702484e-05  -2.057325e-04  -3.230032e-06  +2.925893e-06  -9.495282e-03  -3.476213e-06  +2.165832e-06  +1.625195e-02  +1.373134e-06  +6.696349e-06  +1.980105e-02  -1.295948e-06  -1.141616e-06  +1.178072e-02  
-1.000992e-06  -7.223416e-07  +7.777332e-06  +1.142584e-05  +6.679840e-05  -5.581820e-06  -4.144814e-06  +7.021222e-06  +6.216438e-06  -5.293654e-05  +4.551721e-05  +8.119177e-07  +2.696885e-06  +1.337319e-03  +1.978937e-06  +5.197085e-07  -3.074165e-03  -1.606168e-06  +2.490353e-07  -4.881677e-04  +9.479618e-07  -9.426399e-07  -3.000779e-03  
+1.884224e-06  -1.804617e-07  +1.899675e-06  +3.078468e-06  -5.581820e-06  +5.809755e-06  +2.334308e-06  -8.776659e-06  -2.838847e-06  +2.716756e-05  -3.809839e-05  +3.344594e-07  -8.993077e-07  -3.223583e-03  -4.240798e-07  +5.845211e-07  +5.056481e-03  +5.063198e-07  +1.038594e-06  +3.195530e-03  -1.850537e-07  +3.336393e-07  +3.460338e-03  
+6.254093e-06  +1.334150e-06  +3.740260e-05  +5.774148e-05  -4.144814e-06  +2.334308e-06  +5.253483e-05  -5.851920e-05  -1.656663e-05  +1.141702e-04  -1.801654e-04  -4.929563e-06  +1.277976e-07  -5.385497e-03  -3.945377e-06  +1.149011e-06  +8.952634e-03  +1.793619e-06  +2.692431e-06  +1.402740e-02  -9.723692e-07  +4.205380e-07  +1.120056e-02  
-9.638332e-06  -1.050231e-06  -4.291100e-05  -5.363405e-05  +7.021222e-06  -8.776659e-06  -5.851920e-05  +1.126772e-04  +2.348264e-05  -1.737224e-04  +2.231665e-04  +5.407326e-06  -3.718498e-08  +6.806219e-03  +6.080104e-06  -1.988028e-06  -1.177860e-02  -3.206570e-06  -2.980967e-06  -1.829314e-02  +3.107205e-08  -1.984228e-06  -1.615512e-02  
-2.876371e-06  -6.633436e-07  -1.495451e-05  -1.389628e-05  +6.216438e-06  -2.838847e-06  -1.656663e-05  +2.348264e-05  +8.001710e-06  -5.794152e-05  +7.414008e-05  +1.839808e-06  +2.519847e-07  +2.910738e-03  +1.639125e-06  -8.985643e-07  -4.429136e-03  -1.021911e-06  -8.055785e-07  -5.767407e-03  +2.113623e-07  -5.567645e-07  -4.879475e-03  
+2.006720e-05  +3.753922e-06  +1.168169e-04  +8.702484e-05  -5.293654e-05  +2.716756e-05  +1.141702e-04  -1.737224e-04  -5.794152e-05  +4.699950e-04  -5.867649e-04  -1.316922e-05  -2.226468e-06  -2.556709e-02  -1.242507e-05  +7.998931e-06  +3.834529e-02  +7.653787e-06  +5.550758e-06  +4.522392e-02  -2.033960e-06  +4.438856e-06  +3.861493e-02  
-2.930785e-05  -5.535665e-06  -1.704318e-04  -2.057325e-04  +4.551721e-05  -3.809839e-05  -1.801654e-04  +2.231665e-04  +7.414008e-05  -5.867649e-04  +9.129770e-04  +1.718746e-05  +3.498660e-06  +4.216480e-02  +1.496525e-05  -8.848929e-06  -6.462476e-02  -7.821488e-06  -1.346022e-05  -7.017674e-02  +6.927510e-06  -3.229297e-06  -5.755876e-02  
-6.563333e-07  -1.766171e-07  -6.089584e-06  -3.230032e-06  +8.119177e-07  +3.344594e-07  -4.929563e-06  +5.407326e-06  +1.839808e-06  -1.316922e-05  +1.718746e-05  +1.241556e-06  -2.823504e-07  +4.256138e-04  +2.728190e-07  -2.410764e-07  -4.900641e-04  -3.559784e-07  -3.596631e-08  -1.486507e-03  +6.328996e-08  -8.308269e-08  -6.936758e-04  
-4.120475e-07  +1.176772e-07  +2.724897e-06  +2.925893e-06  +2.696885e-06  -8.993077e-07  +1.277976e-07  -3.718498e-08  +2.519847e-07  -2.226468e-06  +3.498660e-06  -2.823504e-07  +9.585723e-07  +3.031521e-04  +8.841418e-08  +2.623839e-07  -4.641496e-04  -1.160420e-08  -1.906760e-07  +2.377094e-04  +1.770907e-07  -1.100109e-07  -3.919716e-04  
-1.654789e-03  -3.623009e-05  -8.249215e-03  -9.495282e-03  +1.337319e-03  -3.223583e-03  -5.385497e-03  +6.806219e-03  +2.910738e-03  -2.556709e-02  +4.216480e-02  +4.256138e-04  +3.031521e-04  +3.419760e+00  +3.552852e-04  -5.822825e-04  -4.802084e+00  -2.929076e-04  -1.102823e-03  -3.759964e+00  +3.869153e-04  +3.569813e-05  -2.775450e+00  
-4.098413e-07  -1.431283e-07  -2.377942e-06  -3.476213e-06  +1.978937e-06  -4.240798e-07  -3.945377e-06  +6.080104e-06  +1.639125e-06  -1.242507e-05  +1.496525e-05  +2.728190e-07  +8.841418e-08  +3.552852e-04  +7.665657e-07  -1.487800e-07  -7.039567e-04  -2.711464e-07  -5.526300e-08  -9.533474e-04  +4.723492e-08  -4.841562e-09  -8.724229e-04  
+1.602059e-07  +1.253174e-07  +3.546265e-06  +2.165832e-06  +5.197085e-07  +5.845211e-07  +1.149011e-06  -1.988028e-06  -8.985643e-07  +7.998931e-06  -8.848929e-06  -2.410764e-07  +2.623839e-07  -5.822825e-04  -1.487800e-07  +6.197336e-07  +8.620125e-04  +1.452653e-07  +3.919078e-08  +8.873374e-04  +1.157827e-07  +9.468588e-09  +3.651541e-04  
+2.166948e-03  +1.582993e-04  +1.182517e-02  +1.625195e-02  -3.074165e-03  +5.056481e-03  +8.952634e-03  -1.177860e-02  -4.429136e-03  +3.834529e-02  -6.462476e-02  -4.900641e-04  -4.641496e-04  -4.802084e+00  -7.039567e-04  +8.620125e-04  +7.736362e+00  +5.097604e-04  +1.707109e-03  +5.662367e+00  -4.860031e-04  -1.102917e-04  +4.337742e+00  
+5.480518e-07  -2.323635e-08  +1.478853e-06  +1.373134e-06  -1.606168e-06  +5.063198e-07  +1.793619e-06  -3.206570e-06  -1.021911e-06  +7.653787e-06  -7.821488e-06  -3.559784e-07  -1.160420e-08  -2.929076e-04  -2.711464e-07  +1.452653e-07  +5.097604e-04  +6.183468e-07  +4.506327e-08  +7.633851e-04  +1.106812e-07  +1.687517e-07  +6.119965e-04  
+5.591834e-07  -1.075843e-08  +2.118420e-06  +6.696349e-06  +2.490353e-07  +1.038594e-06  +2.692431e-06  -2.980967e-06  -8.055785e-07  +5.550758e-06  -1.346022e-05  -3.596631e-08  -1.906760e-07  -1.102823e-03  -5.526300e-08  +3.919078e-08  +1.707109e-03  +4.506327e-08  +1.036901e-06  +1.296233e-03  -1.027566e-07  +1.234577e-08  +8.690568e-04  
+2.607914e-03  +3.255238e-04  +1.584439e-02  +1.980105e-02  -4.881677e-04  +3.195530e-03  +1.402740e-02  -1.829314e-02  -5.767407e-03  +4.522392e-02  -7.017674e-02  -1.486507e-03  +2.377094e-04  -3.759964e+00  -9.533474e-04  +8.873374e-04  +5.662367e+00  +7.633851e-04  +1.296233e-03  +6.827779e+00  -3.243680e-04  +2.733011e-04  +5.012830e+00  
-1.401930e-07  -4.256313e-08  -5.902519e-07  -1.295948e-06  +9.479618e-07  -1.850537e-07  -9.723692e-07  +3.107205e-08  +2.113623e-07  -2.033960e-06  +6.927510e-06  +6.328996e-08  +1.770907e-07  +3.869153e-04  +4.723492e-08  +1.157827e-07  -4.860031e-04  +1.106812e-07  -1.027566e-07  -3.243680e-04  +4.528614e-07  +8.440800e-08  -3.293187e-04  
+3.622059e-07  -5.765214e-08  -9.903771e-08  -1.141616e-06  -9.426399e-07  +3.336393e-07  +4.205380e-07  -1.984228e-06  -5.567645e-07  +4.438856e-06  -3.229297e-06  -8.308269e-08  -1.100109e-07  +3.569813e-05  -4.841562e-09  +9.468588e-09  -1.102917e-04  +1.687517e-07  +1.234577e-08  +2.733011e-04  +8.440800e-08  +5.246053e-07  +5.198307e-04  
+2.329824e-03  +1.571349e-04  +8.189915e-03  +1.178072e-02  -3.000779e-03  +3.460338e-03  +1.120056e-02  -1.615512e-02  -4.879475e-03  +3.861493e-02  -5.755876e-02  -6.936758e-04  -3.919716e-04  -2.775450e+00  -8.724229e-04  +3.651541e-04  +4.337742e+00  +6.119965e-04  +8.690568e-04  +5.012830e+00  -3.293187e-04  +5.198307e-04  +5.272175e+00  
