mean:
+3.912786e+00  +3.897149e+00  +8.078346e-01  +1.293410e+00  +1.453274e+00  +6.018469e-01  +8.210445e-01  +1.364287e+00  +1.566745e-01  +1.886167e+00  +5.919585e+00  +3.484735e+00  +2.609905e+00  +2.024024e+02  +4.263530e+00  +5.275886e+00  +2.877740e+02  +5.349253e+00  +3.757690e+00  +3.304224e+02  +2.640660e+00  +4.559398e+00  +3.987393e+02  
covariance:
+3.747727e-06  -6.871361e-07  -1.068788e-05  +2.463470e-06  +1.811763e-06  +4.995175e-07  +1.414813e-06  -6.705414e-06  -3.063428e-06  +2.634520e-05  -2.370485e-05  -6.854008e-07  -1.047294e-06  -7.410761e-04  -1.984555e-07  +1.184048e-06  +3.863277e-03  +1.261155e-08  +2.095104e-08  +4.156620e-03  -2.316942e-07  +7.208380e-07  +3.094850e-03  
-6.871361e-07  +6.387537e-07  -1.206257e-06  +1.139843e-06  +3.534954e-07  +5.966859e-08  +1.954799e-07  -9.041743e-07  -6.345386e-07  +4.278031e-06  -5.419094e-06  +2.031430e-08  -2.214673e-07  -2.901205e-04  -2.911572e-08  -7.304694e-08  +5.841829e-04  -4.936900e-08  +6.318374e-08  +3.568547e-04  +2.288269e-08  -1.421218e-07  +1.366661e-04  
-1.068788e-05  -1.206257e-06  +1.206801e-04  -4.648725e-05  -2.361379e-05  -4.480975e-06  -1.465478e-05  +7.600551e-05  +3.211031e-05  -3.118783e-04  +2.881707e-04  +5.190907e-06  +1.444186e-05  +1.274715e-02  +2.613592e-06  -9.439400e-06  -4.499611e-02  +1.428009e-06  -2.646075e-06  -4.085432e-02  +2.145706e-06  -4.138600e-06  -3.311582e-02  
+2.463470e-06  +1.139843e-06  -4.648725e-05  +8.227062e-05  +5.973270e-06  +2.460100e-06  +6.884744e-06  -4.652562e-05  -1.169973e-05  +1.091997e-04  -1.012581e-04  +8.195806e-07  -6.929144e-06  -7.569329e-03  -1.085314e-06  +2.336620e-06  +1.752697e-02  -8.580110e-07  +2.686953e-06  +1.554209e-02  -2.765553e-06  +1.452693e-06  +1.328018e-02  
+1.811763e-06  +3.534954e-07  -2.361379e-05  +5.973270e-06  +8.794671e-06  +8.845811e-07  +2.876156e-06  -1.388545e-05  -6.106820e-06  +6.031979e-05  -5.985628e-05  -1.167902e-06  -2.774110e-06  -3.006928e-03  -5.162243e-07  +1.627358e-06  +8.612262e-03  -3.451572e-07  +7.969298e-07  +7.729978e-03  -2.365182e-07  +4.916179e-07  +5.940460e-03  
+4.995175e-07  +5.966859e-08  -4.480975e-06  +2.460100e-06  +8.845811e-07  +1.539422e-06  -8.793015e-08  -5.647214e-06  -1.721864e-06  +1.571283e-05  -9.322369e-06  +2.291323e-07  -5.999149e-07  -1.391949e-04  -2.351535e-07  +7.096992e-07  +1.129895e-03  +3.309518e-07  -4.592780e-07  +1.283379e-03  +8.016001e-08  +2.465788e-07  +1.558508e-03  
+1.414813e-06  +1.954799e-07  -1.465478e-05  +6.884744e-06  +2.876156e-06  -8.793015e-08  +9.077861e-06  -5.404287e-06  -3.572101e-06  +2.764340e-05  -3.540500e-05  -1.696109e-06  +1.963916e-07  -1.023355e-04  -7.154715e-07  +1.217357e-06  +6.635480e-03  +6.692335e-07  +6.322678e-07  +7.613029e-03  -1.310612e-07  +9.883769e-07  +4.777023e-03  
-6.705414e-06  -9.041743e-07  +7.600551e-05  -4.652562e-05  -1.388545e-05  -5.647214e-06  -5.404287e-06  +9.148789e-05  +2.227022e-05  -2.125585e-04  +1.617019e-04  +2.643667e-07  +9.267807e-06  +6.870631e-03  +3.097994e-06  -7.048977e-06  -2.631572e-02  +1.066535e-06  -8.050952e-08  -2.561045e-02  +1.314945e-06  -2.481641e-06  -2.293519e-02  
-3.063428e-06  -6.345386e-07  +3.211031e-05  -1.169973e-05  -6.106820e-06  -1.721864e-06  -3.572101e-06  +2.227022e-05  +9.997308e-06  -9.042135e-05  +7.816382e-05  +1.063491e-06  +4.110714e-06  +3.149630e-03  +9.068243e-07  -2.645168e-06  -1.219033e-02  +1.516394e-07  -1.753023e-07  -1.085889e-02  +3.662831e-07  -8.790133e-07  -9.135787e-03  
+2.634520e-05  +4.278031e-06  -3.118783e-04  +1.091997e-04  +6.031979e-05  +1.571283e-05  +2.764340e-05  -2.125585e-04  -9.042135e-05  +8.866684e-04  -7.847050e-04  -1.055435e-05  -4.278535e-05  -3.328752e-02  -8.298766e-06  +2.480490e-05  +1.184247e-01  -3.214745e-06  +2.309157e-06  +1.026398e-01  -3.706548e-06  +6.932990e-06  +8.623228e-02  
-2.370485e-05  -5.419094e-06  +2.881707e-04  -1.012581e-04  -5.985628e-05  -9.322369e-06  -3.540500e-05  +1.617019e-04  +7.816382e-05  -7.847050e-04  +8.711068e-04  +1.512871e-05  +4.159293e-05  +3.804862e-02  +5.947693e-06  -1.673426e-05  -1.135413e-01  +5.983418e-06  -6.284888e-06  -9.798004e-02  +3.556837e-06  -1.297329e-06  -6.519080e-02  
-6.854008e-07  +2.031430e-08  +5.190907e-06  +8.195806e-07  -1.167902e-06  +2.291323e-07  -1.696109e-06  +2.643667e-07  +1.063491e-06  -1.055435e-05  +1.512871e-05  +9.468235e-07  +2.582337e-07  +3.435793e-04  +7.375391e-08  -4.023805e-07  -2.274758e-03  +2.670031e-08  -2.284517e-07  -2.271739e-03  +2.863994e-08  -3.180924e-07  -1.208167e-03  
-1.047294e-06  -2.214673e-07  +1.444186e-05  -6.929144e-06  -2.774110e-06  -5.999149e-07  +1.963916e-07  +9.267807e-06  +4.110714e-06  -4.278535e-05  +4.159293e-05  +2.582337e-07  +3.873237e-06  +2.636210e-03  +4.487278e-08  -7.317569e-07  -5.273493e-03  +4.867528e-07  -3.227798e-07  -3.532088e-03  +3.666405e-07  -2.821055e-08  -3.571269e-03  
-7.410761e-04  -2.901205e-04  +1.274715e-02  -7.569329e-03  -3.006928e-03  -1.391949e-04  -1.023355e-04  +6.870631e-03  +3.149630e-03  -3.328752e-02  +3.804862e-02  +3.435793e-04  +2.636210e-03  +3.326343e+00  -1.901871e-04  -2.171392e-04  -4.911143e+00  +6.077799e-04  -1.005115e-03  -3.241331e+00  +5.441326e-04  +1.153395e-04  -2.144874e+00  
-1.984555e-07  -2.911572e-08  +2.613592e-06  -1.085314e-06  -5.162243e-07  -2.351535e-07  -7.154715e-07  +3.097994e-06  +9.068243e-07  -8.298766e-06  +5.947693e-06  +7.375391e-08  +4.487278e-08  -1.901871e-04  +6.444911e-07  -2.210766e-07  -9.885601e-04  -1.382522e-07  +1.792816e-07  -1.293095e-03  -1.330826e-07  +1.506464e-07  -9.961508e-04  
+1.184048e-06  -7.304694e-08  -9.439400e-06  +2.336620e-06  +1.627358e-06  +7.096992e-07  +1.217357e-06  -7.048977e-06  -2.645168e-06  +2.480490e-05  -1.673426e-05  -4.023805e-07  -7.317569e-07  -2.171392e-04  -2.210766e-07  +1.522381e-06  +3.383373e-03  +5.665747e-08  -2.539832e-07  +3.474207e-03  -7.070883e-08  +8.419400e-07  +3.424210e-03  
+3.863277e-03  +5.841829e-04  -4.499611e-02  +1.752697e-02  +8.612262e-03  +1.129895e-03  +6.635480e-03  -2.631572e-02  -1.219033e-02  +1.184247e-01  -1.135413e-01  -2.274758e-03  -5.273493e-03  -4.911143e+00  -9.885601e-04  +3.383373e-03  +1.844083e+01  -4.829179e-04  +1.141737e-03  +1.600866e+01  -8.335885e-04  +1.484984e-03  +1.241574e+01  
+1.261155e-08  -4.936900e-08  +1.428009e-06  -8.580110e-07  -3.451572e-07  +3.309518e-07  +6.692335e-07  +1.066535e-06  +1.516394e-07  -3.214745e-06  +5.983418e-06  +2.670031e-08  +4.867528e-07  +6.077799e-04  -1.382522e-07  +5.665747e-08  -4.829179e-04  +7.113316e-07  -2.467219e-07  -9.421850e-05  +1.562369e-07  +1.981151e-07  -1.625870e-05  
+2.095104e-08  +6.318374e-08  -2.646075e-06  +2.686953e-06  +7.969298e-07  -4.592780e-07  +6.322678e-07  -8.050952e-08  -1.753023e-07  +2.309157e-06  -6.284888e-06  -2.284517e-07  -3.227798e-07  -1.005115e-03  +1.792816e-07  -2.539832e-07  +1.141737e-03  -2.467219e-07  +1.149699e-06  +9.035018e-04  -4.243654e-07  +1.025498e-07  +1.408766e-04  
+4.156620e-03  +3.568547e-04  -4.085432e-02  +1.554209e-02  +7.729978e-03  +1.283379e-03  +7.613029e-03  -2.561045e-02  -1.085889e-02  +1.026398e-01  -9.798004e-02  -2.271739e-03  -3.532088e-03  -3.241331e+00  -1.293095e-03  +3.474207e-03  +1.600866e+01  -9.421850e-05  +9.035018e-04  +1.612836e+01  -7.425829e-04  +1.756062e-03  +1.158947e+01  
-2.316942e-07  +2.288269e-08  +2.145706e-06  -2.765553e-06  -2.365182e-07  +8.016001e-08  -1.310612e-07  +1.314945e-06  +3.662831e-07  -3.706548e-06  +3.556837e-06  +2.863994e-08  +3.666405e-07  +5.441326e-04  -1.330826e-07  -7.070883e-08  -8.335885e-04  +1.562369e-07  -4.243654e-07  -7.425829e-04  +4.330288e-07  -2.009889e-07  -5.865580e-04  
+7.208380e-07  -1.421218e-07  -4.138600e-06  +1.452693e-06  +4.916179e-07  +2.465788e-07  +9.883769e-07  -2.481641e-06  -8.790133e-07  +6.932990e-06  -1.297329e-06  -3.180924e-07  -2.821055e-08  +1.153395e-04  +1.506464e-07  +8.419400e-07  +1.484984e-03  +1.981151e-07  +1.025498e-07  +1.756062e-03  -2.009889e-07  +1.154667e-06  +1.924366e-03  
+3.094850e-03  +1.366661e-04  -3.311582e-02  +1.328018e-02  +5.940460e-03  +1.558508e-03  +4.777023e-03  -2.293519e-02  -9.135787e-03  +8.623228e-02  -6.519080e-02  -1.208167e-03  -3.571269e-03  -2.144874e+00  -9.961508e-04  +3.424210e-03  +1.241574e+01  -1.625870e-05  +1.408766e-04  +1.158947e+01  -5.865580e-04  +1.924366e-03  +1.155704e+01  
