mean:
+3.959902e+00  +3.925560e+00  +6.758066e-01  -1.234592e+00  +1.672374e+00  +5.059139e-01  +9.306392e-01  +1.971779e+00  +1.440373e-01  +1.995048e+00  +4.932546e+00  +1.635009e+00  +2.883216e+00  +8.121113e+02  +4.799764e+00  +4.399844e+00  +2.012775e+03  
covariance:
+7.068304e-06  +5.508458e-07  -4.501970e-06  -8.216632e-06  +3.240752e-06  -5.171452e-07  +4.081334e-06  +6.720934e-06  -7.725609e-07  +4.716828e-06  +3.394411e-06  -2.908617e-08  +1.377481e-07  +4.035357e-04  -1.823686e-07  -5.899610e-08  -1.483151e-03  
+5.508458e-07  +8.256915e-06  -6.321316e-07  -2.374555e-05  +9.246990e-06  -2.524193e-06  +8.608114e-06  +4.001668e-07  -1.738880e-06  +1.174015e-05  -5.965260e-07  -1.894900e-07  -2.775747e-08  +2.236910e-03  -9.453129e-08  -4.808869e-08  +1.987949e-03  
-4.501970e-06  -6.321316e-07  +1.759167e-04  -4.260613e-05  +6.114322e-05  +7.898490e-06  +7.403458e-05  -4.191218e-04  -1.899754e-05  +1.179250e-04  -1.001241e-04  +1.461106e-06  +5.110532e-07  +4.049367e-02  +3.347333e-07  +2.932673e-07  +3.648285e-02  
-8.216632e-06  -2.374555e-05  -4.260613e-05  +3.748179e-03  -1.172856e-03  +1.161246e-04  -9.904673e-04  +1.877619e-03  +2.095063e-04  -1.195125e-03  +7.643783e-04  -3.558145e-07  +4.777628e-06  -2.201966e-01  -3.213993e-06  -5.609419e-07  -4.212078e-01  
+3.240752e-06  +9.246990e-06  +6.114322e-05  -1.172856e-03  +6.518580e-04  -1.532076e-05  +3.812883e-04  -8.865780e-04  -7.446480e-05  +4.211100e-04  -4.262979e-04  -1.854536e-06  -9.481023e-08  +8.745931e-02  +1.021522e-06  -4.203024e-07  +1.880474e-01  
-5.171452e-07  -2.524193e-06  +7.898490e-06  +1.161246e-04  -1.532076e-05  +2.508374e-05  -3.448558e-05  -3.568208e-05  +8.455515e-06  -4.701249e-05  -3.778191e-05  +1.284102e-06  +1.035561e-07  -9.340609e-03  +2.514941e-09  +3.919587e-07  +2.867021e-03  
+4.081334e-06  +8.608114e-06  +7.403458e-05  -9.904673e-04  +3.812883e-04  -3.448558e-05  +3.821273e-04  -5.794025e-04  -7.149664e-05  +3.653758e-04  -3.082496e-04  -1.037180e-07  -1.049862e-06  +7.922750e-02  +9.169168e-07  -5.988015e-07  +1.118292e-01  
+6.720934e-06  +4.001668e-07  -4.191218e-04  +1.877619e-03  -8.865780e-04  -3.568208e-05  -5.794025e-04  +2.655930e-03  +1.440886e-04  -9.347826e-04  +9.410043e-04  -5.431718e-06  +9.941598e-07  -1.838918e-01  -2.083985e-06  -5.874258e-07  -4.031008e-01  
-7.725609e-07  -1.738880e-06  -1.899754e-05  +2.095063e-04  -7.446480e-05  +8.455515e-06  -7.149664e-05  +1.440886e-04  +1.848398e-05  -1.058098e-04  +4.044254e-05  -4.941331e-08  -1.819737e-07  -1.916004e-02  -1.338608e-07  +3.035697e-07  -2.651210e-02  
+4.716828e-06  +1.174015e-05  +1.179250e-04  -1.195125e-03  +4.211100e-04  -4.701249e-05  +3.653758e-04  -9.347826e-04  -1.058098e-04  +6.846741e-04  -2.227065e-04  +3.656745e-07  +2.078365e-06  +1.131305e-01  +8.027675e-07  -2.118044e-06  +1.706851e-01  
+3.394411e-06  -5.965260e-07  -1.001241e-04  +7.643783e-04  -4.262979e-04  -3.778191e-05  -3.082496e-04  +9.410043e-04  +4.044254e-05  -2.227065e-04  +9.528590e-04  -3.455642e-06  +3.322356e-06  -5.319803e-02  -1.614132e-06  -2.356871e-07  -1.751159e-01  
-2.908617e-08  -1.894900e-07  +1.461106e-06  -3.558145e-07  -1.854536e-06  +1.284102e-06  -1.037180e-07  -5.431718e-06  -4.941331e-08  +3.656745e-07  -3.455642e-06  +5.517137e-07  -8.106450e-08  +5.131337e-04  -7.853604e-09  +7.776031e-08  +7.316303e-04  
+1.377481e-07  -2.775747e-08  +5.110532e-07  +4.777628e-06  -9.481023e-08  +1.035561e-07  -1.049862e-06  +9.941598e-07  -1.819737e-07  +2.078365e-06  +3.322356e-06  -8.106450e-08  +5.896033e-07  +3.108834e-04  -3.494988e-08  +6.569585e-09  -2.677040e-04  
+4.035357e-04  +2.236910e-03  +4.049367e-02  -2.201966e-01  +8.745931e-02  -9.340609e-03  +7.922750e-02  -1.838918e-01  -1.916004e-02  +1.131305e-01  -5.319803e-02  +5.131337e-04  +3.108834e-04  +3.253264e+01  -2.832423e-06  -4.948991e-04  +2.844205e+01  
-1.823686e-07  -9.453129e-08  +3.347333e-07  -3.213993e-06  +1.021522e-06  +2.514941e-09  +9.169168e-07  -2.083985e-06  -1.338608e-07  +8.027675e-07  -1.614132e-06  -7.853604e-09  -3.494988e-08  -2.832423e-06  +2.552557e-07  -1.116980e-08  +4.338625e-04  
-5.899610e-08  -4.808869e-08  +2.932673e-07  -5.609419e-07  -4.203024e-07  +3.919587e-07  -5.988015e-07  -5.874258e-07  +3.035697e-07  -2.118044e-06  -2.356871e-07  +7.776031e-08  +6.569585e-09  -4.948991e-04  -1.116980e-08  +4.745606e-07  -2.505130e-04  
-1.483151e-03  +1.987949e-03  +3.648285e-02  -4.212078e-01  +1.880474e-01  +2.867021e-03  +1.118292e-01  -4.031008e-01  -2.651210e-02  +1.706851e-01  -1.751159e-01  +7.316303e-04  -2.677040e-04  +2.844205e+01  +4.338625e-04  -2.505130e-04  +8.889397e+01  
