mean:
+3.958995e+00  +3.925860e+00  +6.660739e-01  -1.134751e+00  +1.688654e+00  +5.037884e-01  +9.273571e-01  +2.117491e+00  +1.429055e-01  +2.043380e+00  +4.827321e+00  +1.634483e+00  +2.883030e+00  +8.033070e+02  +4.799857e+00  +4.400051e+00  +2.013992e+03  
covariance:
+6.384303e-06  -2.997576e-07  +6.107624e-06  -1.010398e-06  +2.440965e-06  -5.779880e-07  +1.532794e-06  +4.032433e-06  -8.476326e-08  +4.614834e-06  -3.221397e-06  -1.630598e-07  -4.081886e-09  +5.397037e-04  +1.670643e-07  -1.454568e-07  -2.556436e-03  
-2.997576e-07  +6.532742e-06  +2.525721e-06  +8.474986e-06  +5.842023e-06  -7.459776e-07  +5.761576e-06  -6.456572e-06  -4.254088e-07  +4.033350e-06  -1.165527e-05  +4.189609e-07  +6.146863e-08  +2.324204e-04  +5.770804e-08  +4.931217e-08  +5.854250e-04  
+6.107624e-06  +2.525721e-06  +5.238868e-04  -1.385268e-04  +1.236973e-04  -2.371389e-05  -1.742418e-05  -3.878328e-04  -7.235032e-05  +9.815765e-04  -1.046135e-03  +2.397666e-06  -3.468626e-06  -7.153295e-04  -5.740943e-07  +7.489174e-07  -1.098940e-01  
-1.010398e-06  +8.474986e-06  -1.385268e-04  +9.071169e-04  +1.527265e-04  -1.703875e-05  +2.415422e-04  +3.574822e-04  +8.592644e-06  -3.676420e-04  -1.097380e-04  +6.435238e-06  +6.611858e-06  +6.961726e-03  -1.186665e-06  +9.289876e-07  +1.706014e-01  
+2.440965e-06  +5.842023e-06  +1.236973e-04  +1.527265e-04  +2.463589e-04  -1.206169e-06  +1.093917e-04  -2.935023e-05  -3.332281e-05  +3.262054e-04  -5.127368e-04  +2.597376e-06  +2.017436e-06  -2.298079e-03  -3.152880e-07  +6.506294e-08  +1.923278e-02  
-5.779880e-07  -7.459776e-07  -2.371389e-05  -1.703875e-05  -1.206169e-06  +1.102075e-05  -5.056989e-06  -1.097068e-05  +1.946139e-06  -2.290063e-05  +4.577533e-05  +1.855008e-07  -1.099823e-07  -1.365247e-03  -1.680064e-07  +8.731285e-08  -7.253392e-03  
+1.532794e-06  +5.761576e-06  -1.742418e-05  +2.415422e-04  +1.093917e-04  -5.056989e-06  +1.262408e-04  +6.143781e-05  -8.230128e-06  -2.486461e-05  -1.829318e-04  +1.584292e-06  +2.812768e-06  +4.672674e-03  +2.468526e-08  -2.257118e-07  +6.253769e-02  
+4.032433e-06  -6.456572e-06  -3.878328e-04  +3.574822e-04  -2.935023e-05  -1.097068e-05  +6.143781e-05  +1.421113e-03  +8.814643e-05  -1.215313e-03  +1.256324e-03  -4.218815e-06  +7.720876e-06  +1.168472e-02  -6.487290e-07  -4.136388e-06  +5.525461e-02  
-8.476326e-08  -4.254088e-07  -7.235032e-05  +8.592644e-06  -3.332281e-05  +1.946139e-06  -8.230128e-06  +8.814643e-05  +1.692056e-05  -1.930151e-04  +2.108069e-04  -6.322220e-07  +2.536281e-07  +1.776423e-03  +3.227967e-07  -2.380407e-07  +5.062415e-03  
+4.614834e-06  +4.033350e-06  +9.815765e-04  -3.676420e-04  +3.262054e-04  -2.290063e-05  -2.486461e-05  -1.215313e-03  -1.930151e-04  +2.486868e-03  -2.580382e-03  +6.100612e-06  -6.544118e-06  -2.431185e-02  -3.029408e-06  +2.789193e-06  -1.419772e-01  
-3.221397e-06  -1.165527e-05  -1.046135e-03  -1.097380e-04  -5.127368e-04  +4.577533e-05  -1.829318e-04  +1.256324e-03  +2.108069e-04  -2.580382e-03  +3.529034e-03  -1.176969e-05  +1.336984e-06  +1.537720e-02  +2.671639e-06  -2.497067e-06  -4.013584e-02  
-1.630598e-07  +4.189609e-07  +2.397666e-06  +6.435238e-06  +2.597376e-06  +1.855008e-07  +1.584292e-06  -4.218815e-06  -6.322220e-07  +6.100612e-06  -1.176969e-05  +6.365693e-07  +4.756094e-08  -5.331237e-05  +2.657286e-08  +9.340035e-08  +7.789271e-04  
-4.081886e-09  +6.146863e-08  -3.468626e-06  +6.611858e-06  +2.017436e-06  -1.099823e-07  +2.812768e-06  +7.720876e-06  +2.536281e-07  -6.544118e-06  +1.336984e-06  +4.756094e-08  +5.611053e-07  +1.279017e-04  -6.905362e-09  -7.134841e-08  +2.546963e-03  
+5.397037e-04  +2.324204e-04  -7.153295e-04  +6.961726e-03  -2.298079e-03  -1.365247e-03  +4.672674e-03  +1.168472e-02  +1.776423e-03  -2.431185e-02  +1.537720e-02  -5.331237e-05  +1.279017e-04  +2.950467e+00  +1.833692e-04  -1.038960e-04  +3.187549e+00  
+1.670643e-07  +5.770804e-08  -5.740943e-07  -1.186665e-06  -3.152880e-07  -1.680064e-07  +2.468526e-08  -6.487290e-07  +3.227967e-07  -3.029408e-06  +2.671639e-06  +2.657286e-08  -6.905362e-09  +1.833692e-04  +2.411492e-07  -1.089894e-09  +1.602931e-04  
-1.454568e-07  +4.931217e-08  +7.489174e-07  +9.289876e-07  +6.506294e-08  +8.731285e-08  -2.257118e-07  -4.136388e-06  -2.380407e-07  +2.789193e-06  -2.497067e-06  +9.340035e-08  -7.134841e-08  -1.038960e-04  -1.089894e-09  +3.605208e-07  -1.246161e-04  
-2.556436e-03  +5.854250e-04  -1.098940e-01  +1.706014e-01  +1.923278e-02  -7.253392e-03  +6.253769e-02  +5.525461e-02  +5.062415e-03  -1.419772e-01  -4.013584e-02  +7.789271e-04  +2.546963e-03  +3.187549e+00  +1.602931e-04  -1.246161e-04  +1.147712e+02  
