mean:
+3.982163e+00  +3.975531e+00  +6.066440e-01  +2.048443e+00  +1.290207e+00  +5.036230e-01  +8.839796e-01  +2.183038e+00  +4.098827e-02  +3.925095e+00  +5.769444e+00  +4.572943e+00  +3.238532e+00  +3.276932e+02  +2.590084e+00  +3.726008e+00  +4.582920e+02  +4.639797e+00  +4.959934e+00  +8.059808e+02  +3.990553e+00  +5.154286e+00  +4.362322e+02  
covariance:
+4.705451e-06  -1.646335e-06  +8.753344e-07  +6.537128e-06  -4.677350e-08  +1.191729e-06  +1.449271e-05  -1.096135e-05  -5.513002e-07  +1.711091e-05  -6.734491e-05  +3.599036e-07  -5.078557e-07  +5.437239e-04  +7.220255e-09  +3.729353e-07  +1.727224e-03  -1.275108e-07  -8.640178e-08  +2.516944e-03  -1.372585e-08  +3.693370e-08  +1.048457e-03  
-1.646335e-06  +3.671093e-06  -2.294184e-06  +7.573703e-06  +3.827319e-06  +4.911142e-07  +9.877271e-06  -8.680964e-06  -2.804785e-07  +1.061004e-05  -5.370803e-05  -1.948771e-07  -1.918926e-10  +1.142082e-03  -2.335560e-07  +1.195942e-07  +8.411380e-04  -5.804596e-08  -6.784988e-08  +1.728963e-03  -4.554707e-07  +8.823544e-09  +1.249533e-03  
+8.753344e-07  -2.294184e-06  +1.567334e-05  -3.347782e-05  -1.151446e-05  -9.694832e-07  -2.317779e-05  +2.735905e-05  +5.150221e-07  -1.807394e-05  +1.441801e-04  +1.216863e-06  -1.864663e-07  -3.314532e-03  +1.674393e-06  -6.657611e-07  -1.175872e-03  -5.226248e-07  +9.586617e-08  -4.560726e-03  +1.367637e-06  +2.428394e-07  -1.815905e-03  
+6.537128e-06  +7.573703e-06  -3.347782e-05  +2.586071e-04  +6.166138e-05  +1.077478e-05  +2.197775e-04  -2.210801e-04  -5.908878e-06  +1.925264e-04  -1.181410e-03  -2.021528e-06  -1.959806e-06  +2.161761e-02  -5.339735e-06  +3.197817e-06  +1.573227e-02  +1.647522e-06  -1.544279e-06  +4.028785e-02  -5.419559e-06  +2.390937e-07  +1.226877e-02  
-4.677350e-08  +3.827319e-06  -1.151446e-05  +6.166138e-05  +3.690576e-05  +3.983640e-06  +6.794368e-05  -5.220722e-05  -1.935359e-06  +6.807303e-05  -3.330751e-04  +2.120393e-07  -5.626129e-07  +5.956671e-03  -1.704990e-06  +1.430157e-06  +4.904355e-03  -2.287846e-07  -7.147700e-07  +1.151945e-02  -2.153653e-06  +4.494495e-07  +5.551789e-03  
+1.191729e-06  +4.911142e-07  -9.694832e-07  +1.077478e-05  +3.983640e-06  +2.152547e-06  +2.474380e-05  -1.263935e-05  -8.973078e-07  +2.958024e-05  -1.062368e-04  +3.423412e-07  -6.675030e-07  +1.313762e-03  -3.473034e-07  +7.386149e-07  +2.741119e-03  -2.942384e-07  -1.724898e-07  +3.881643e-03  -4.319376e-07  +1.310505e-07  +2.500470e-03  
+1.449271e-05  +9.877271e-06  -2.317779e-05  +2.197775e-04  +6.794368e-05  +2.474380e-05  +4.018903e-04  -2.669543e-04  -1.352181e-05  +4.250929e-04  -1.785960e-03  +4.009570e-06  -8.138261e-06  +2.660215e-02  -6.057977e-06  +8.757466e-06  +4.055013e-02  -4.566270e-06  -2.960079e-06  +6.348025e-02  -8.330219e-06  +3.542638e-06  +3.516279e-02  
-1.096135e-05  -8.680964e-06  +2.735905e-05  -2.210801e-04  -5.220722e-05  -1.263935e-05  -2.669543e-04  +3.449007e-04  +7.357518e-06  -2.537951e-04  +1.489534e-03  +1.614566e-06  +9.241403e-07  -2.818415e-02  +2.532155e-06  -3.255091e-06  -2.055946e-02  +6.655903e-07  +2.694802e-06  -5.069739e-02  +7.400067e-06  -1.930257e-06  -2.075608e-02  
-5.513002e-07  -2.804785e-07  +5.150221e-07  -5.908878e-06  -1.935359e-06  -8.973078e-07  -1.352181e-05  +7.357518e-06  +5.133785e-07  -1.510090e-05  +5.596869e-05  -1.956365e-07  +3.179142e-07  -7.510946e-04  +2.166946e-07  -3.215576e-07  -1.473818e-03  +1.751333e-07  +7.714863e-08  -2.030971e-03  +2.589557e-07  -1.107374e-07  -1.265697e-03  
+1.711091e-05  +1.061004e-05  -1.807394e-05  +1.925264e-04  +6.807303e-05  +2.958024e-05  +4.250929e-04  -2.537951e-04  -1.510090e-05  +4.922026e-04  -1.847041e-03  +6.049440e-06  -9.535498e-06  +2.500038e-02  -6.734178e-06  +1.015301e-05  +4.628347e-02  -5.453298e-06  -2.328940e-06  +6.788154e-02  -8.713521e-06  +3.237276e-06  +4.121781e-02  
-6.734491e-05  -5.370803e-05  +1.441801e-04  -1.181410e-03  -3.330751e-04  -1.062368e-04  -1.785960e-03  +1.489534e-03  +5.596869e-05  -1.847041e-03  +8.811093e-03  -7.529622e-06  +2.777884e-05  -1.430833e-01  +2.401323e-05  -3.441219e-05  -1.663412e-01  +1.666331e-05  +1.617852e-05  -3.091560e-01  +4.174950e-05  -1.505663e-05  -1.529803e-01  
+3.599036e-07  -1.948771e-07  +1.216863e-06  -2.021528e-06  +2.120393e-07  +3.423412e-07  +4.009570e-06  +1.614566e-06  -1.956365e-07  +6.049440e-06  -7.529622e-06  +5.621166e-07  -1.732331e-07  -1.122278e-04  -1.090904e-07  +1.344585e-07  +6.418157e-04  -2.312211e-07  +2.833233e-08  +5.982320e-04  -3.670308e-08  +1.249447e-07  +5.454909e-04  
-5.078557e-07  -1.918926e-10  -1.864663e-07  -1.959806e-06  -5.626129e-07  -6.675030e-07  -8.138261e-06  +9.241403e-07  +3.179142e-07  -9.535498e-06  +2.777884e-05  -1.732331e-07  +6.653852e-07  -1.511292e-04  +4.858850e-08  -2.374377e-07  -1.155560e-03  +8.223162e-08  +6.923432e-08  -1.072559e-03  +4.468867e-08  -4.244638e-08  -6.659702e-04  
+5.437239e-04  +1.142082e-03  -3.314532e-03  +2.161761e-02  +5.956671e-03  +1.313762e-03  +2.660215e-02  -2.818415e-02  -7.510946e-04  +2.500038e-02  -1.430833e-01  -1.122278e-04  -1.511292e-04  +2.971258e+00  -3.994650e-04  +3.100445e-04  +2.029722e+00  -1.438369e-04  -2.677818e-04  +4.681951e+00  -7.539908e-04  +1.704149e-04  +2.373333e+00  
+7.220255e-09  -2.335560e-07  +1.674393e-06  -5.339735e-06  -1.704990e-06  -3.473034e-07  -6.057977e-06  +2.532155e-06  +2.166946e-07  -6.734178e-06  +2.401323e-05  -1.090904e-07  +4.858850e-08  -3.994650e-04  +6.919959e-07  -1.983420e-07  -5.845508e-04  -7.945420e-08  -1.232233e-07  -1.068499e-03  +2.104031e-07  +5.475565e-08  -5.490469e-04  
+3.729353e-07  +1.195942e-07  -6.657611e-07  +3.197817e-06  +1.430157e-06  +7.386149e-07  +8.757466e-06  -3.255091e-06  -3.215576e-07  +1.015301e-05  -3.441219e-05  +1.344585e-07  -2.374377e-07  +3.100445e-04  -1.983420e-07  +4.819323e-07  +9.816198e-04  -1.410766e-07  -4.839727e-08  +1.315732e-03  -1.577827e-07  +1.214726e-07  +7.882370e-04  
+1.727224e-03  +8.411380e-04  -1.175872e-03  +1.573227e-02  +4.904355e-03  +2.741119e-03  +4.055013e-02  -2.055946e-02  -1.473818e-03  +4.628347e-02  -1.663412e-01  +6.418157e-04  -1.155560e-03  +2.029722e+00  -5.845508e-04  +9.816198e-04  +4.852106e+00  -5.756369e-04  -2.514124e-04  +6.090412e+00  -7.156749e-04  +3.432454e-04  +3.811291e+00  
-1.275108e-07  -5.804596e-08  -5.226248e-07  +1.647522e-06  -2.287846e-07  -2.942384e-07  -4.566270e-06  +6.655903e-07  +1.751333e-07  -5.453298e-06  +1.666331e-05  -2.312211e-07  +8.223162e-08  -1.438369e-04  -7.945420e-08  -1.410766e-07  -5.756369e-04  +4.505332e-07  +1.008652e-07  -6.420858e-04  +1.339226e-07  -2.105091e-07  -6.357638e-04  
-8.640178e-08  -6.784988e-08  +9.586617e-08  -1.544279e-06  -7.147700e-07  -1.724898e-07  -2.960079e-06  +2.694802e-06  +7.714863e-08  -2.328940e-06  +1.617852e-05  +2.833233e-08  +6.923432e-08  -2.677818e-04  -1.232233e-07  -4.839727e-08  -2.514124e-04  +1.008652e-07  +2.886724e-07  -5.251351e-04  +1.085249e-07  -1.315521e-07  -2.756139e-04  
+2.516944e-03  +1.728963e-03  -4.560726e-03  +4.028785e-02  +1.151945e-02  +3.881643e-03  +6.348025e-02  -5.069739e-02  -2.030971e-03  +6.788154e-02  -3.091560e-01  +5.982320e-04  -1.072559e-03  +4.681951e+00  -1.068499e-03  +1.315732e-03  +6.090412e+00  -6.420858e-04  -5.251351e-04  +1.161343e+01  -1.581303e-03  +6.853318e-04  +5.415781e+00  
-1.372585e-08  -4.554707e-07  +1.367637e-06  -5.419559e-06  -2.153653e-06  -4.319376e-07  -8.330219e-06  +7.400067e-06  +2.589557e-07  -8.713521e-06  +4.174950e-05  -3.670308e-08  +4.468867e-08  -7.539908e-04  +2.104031e-07  -1.577827e-07  -7.156749e-04  +1.339226e-07  +1.085249e-07  -1.581303e-03  +4.683903e-07  -1.286857e-07  -8.734818e-04  
+3.693370e-08  +8.823544e-09  +2.428394e-07  +2.390937e-07  +4.494495e-07  +1.310505e-07  +3.542638e-06  -1.930257e-06  -1.107374e-07  +3.237276e-06  -1.505663e-05  +1.249447e-07  -4.244638e-08  +1.704149e-04  +5.475565e-08  +1.214726e-07  +3.432454e-04  -2.105091e-07  -1.315521e-07  +6.853318e-04  -1.286857e-07  +3.457067e-07  +2.209348e-04  
+1.048457e-03  +1.249533e-03  -1.815905e-03  +1.226877e-02  +5.551789e-03  +2.500470e-03  +3.516279e-02  -2.075608e-02  -1.265697e-03  +4.121781e-02  -1.529803e-01  +5.454909e-04  -6.659702e-04  +2.373333e+00  -5.490469e-04  +7.882370e-04  +3.811291e+00  -6.357638e-04  -2.756139e-04  +5.415781e+00  -8.734818e-04  +2.209348e-04  +4.444880e+00  
