mean:
+3.982096e+00  +3.940961e+00  +6.585510e-01  -1.132610e+00  +1.676925e+00  +5.013702e-01  +9.103505e-01  +2.077993e+00  +1.469724e-01  +2.028619e+00  +4.819990e+00  +1.839367e+00  +2.983830e+00  +8.091725e+02  +4.960018e+00  +4.479943e+00  +2.011564e+03  
covariance:
+4.904854e-06  -1.835014e-06  +5.069765e-06  -2.660830e-05  +8.982247e-06  -1.954560e-06  -4.537357e-07  -3.181481e-05  -4.492924e-06  +5.134584e-05  -1.490129e-04  +2.950295e-07  -1.295193e-07  +4.811328e-03  -1.091467e-07  -5.469073e-08  +9.904887e-03  
-1.835014e-06  +5.062230e-06  -3.329127e-06  +2.266336e-05  -6.198375e-06  +2.453802e-06  +4.289402e-07  +3.112148e-05  +4.627336e-06  -5.110422e-05  +1.551322e-04  -4.057434e-07  +1.534472e-07  -4.938001e-03  +3.660427e-08  +2.083861e-07  -9.275028e-03  
+5.069765e-06  -3.329127e-06  +6.366598e-05  -7.586589e-05  +5.776242e-05  +7.591377e-06  -7.930009e-06  -5.721896e-05  -1.072901e-05  +1.200973e-04  -2.585268e-04  +5.124357e-07  -1.714550e-06  +1.128834e-02  -3.681030e-07  +7.755955e-08  +3.369587e-02  
-2.660830e-05  +2.266336e-05  -7.586589e-05  +3.764774e-04  -1.620439e-04  +9.423605e-06  +7.265748e-06  +3.253855e-04  +4.334681e-05  -5.016667e-04  +1.449532e-03  -4.154843e-06  +2.225854e-06  -4.547237e-02  +1.394784e-06  +9.737022e-08  -9.699916e-02  
+8.982247e-06  -6.198375e-06  +5.776242e-05  -1.620439e-04  +1.809926e-04  +8.276815e-06  -3.385995e-06  -5.640778e-05  -1.736056e-05  +2.001337e-04  -5.160102e-04  +3.864403e-06  -1.639010e-06  +2.045592e-02  -8.052805e-07  -6.709679e-07  +4.081547e-02  
-1.954560e-06  +2.453802e-06  +7.591377e-06  +9.423605e-06  +8.276815e-06  +7.061631e-06  +4.402895e-07  +2.627274e-05  +1.510289e-06  -2.346121e-05  +1.144403e-04  -5.148374e-08  -3.107051e-07  -3.041227e-03  +1.955783e-07  +2.590038e-07  -1.926453e-03  
-4.537357e-07  +4.289402e-07  -7.930009e-06  +7.265748e-06  -3.385995e-06  +4.402895e-07  +1.098799e-05  +7.568557e-06  -6.810934e-07  -8.207719e-06  +2.864375e-05  -2.777173e-07  -5.350885e-07  -2.037207e-04  -6.710519e-08  -2.033240e-07  -1.879732e-03  
-3.181481e-05  +3.112148e-05  -5.721896e-05  +3.253855e-04  -5.640778e-05  +2.627274e-05  +7.568557e-06  +5.235703e-04  +5.357425e-05  -6.140505e-04  +1.784428e-03  -1.828356e-06  +6.214762e-07  -5.481184e-02  +1.501465e-06  -5.323789e-07  -1.339008e-01  
-4.492924e-06  +4.627336e-06  -1.072901e-05  +4.334681e-05  -1.736056e-05  +1.510289e-06  -6.810934e-07  +5.357425e-05  +8.747115e-06  -9.207196e-05  +2.479555e-04  -6.179412e-07  +4.543642e-07  -8.207426e-03  +2.111188e-07  +1.212953e-07  -1.843782e-02  
+5.134584e-05  -5.110422e-05  +1.200973e-04  -5.016667e-04  +2.001337e-04  -2.346121e-05  -8.207719e-06  -6.140505e-04  -9.207196e-05  +1.030743e-03  -2.859350e-03  +7.385385e-06  -3.949066e-06  +9.315684e-02  -2.340490e-06  -1.270657e-06  +2.018388e-01  
-1.490129e-04  +1.551322e-04  -2.585268e-04  +1.449532e-03  -5.160102e-04  +1.144403e-04  +2.864375e-05  +1.784428e-03  +2.479555e-04  -2.859350e-03  +8.523057e-03  -2.091822e-05  +9.165740e-06  -2.727613e-01  +7.235285e-06  +5.548535e-06  -5.308641e-01  
+2.950295e-07  -4.057434e-07  +5.124357e-07  -4.154843e-06  +3.864403e-06  -5.148374e-08  -2.777173e-07  -1.828356e-06  -6.179412e-07  +7.385385e-06  -2.091822e-05  +3.414471e-07  +7.715317e-09  +6.731797e-04  +1.964616e-08  -3.702600e-09  +1.268226e-03  
-1.295193e-07  +1.534472e-07  -1.714550e-06  +2.225854e-06  -1.639010e-06  -3.107051e-07  -5.350885e-07  +6.214762e-07  +4.543642e-07  -3.949066e-06  +9.165740e-06  +7.715317e-09  +3.038144e-07  -4.548494e-04  +3.915376e-08  +4.317690e-08  -9.222480e-04  
+4.811328e-03  -4.938001e-03  +1.128834e-02  -4.547237e-02  +2.045592e-02  -3.041227e-03  -2.037207e-04  -5.481184e-02  -8.207426e-03  +9.315684e-02  -2.727613e-01  +6.731797e-04  -4.548494e-04  +9.705800e+00  -2.542939e-04  -2.785002e-04  +1.831401e+01  
-1.091467e-07  +3.660427e-08  -3.681030e-07  +1.394784e-06  -8.052805e-07  +1.955783e-07  -6.710519e-08  +1.501465e-06  +2.111188e-07  -2.340490e-06  +7.235285e-06  +1.964616e-08  +3.915376e-08  -2.542939e-04  +2.099682e-07  -1.836496e-08  -4.642597e-04  
-5.469073e-08  +2.083861e-07  +7.755955e-08  +9.737022e-08  -6.709679e-07  +2.590038e-07  -2.033240e-07  -5.323789e-07  +1.212953e-07  -1.270657e-06  +5.548535e-06  -3.702600e-09  +4.317690e-08  -2.785002e-04  -1.836496e-08  +2.096485e-07  -4.694802e-05  
+9.904887e-03  -9.275028e-03  +3.369587e-02  -9.699916e-02  +4.081547e-02  -1.926453e-03  -1.879732e-03  -1.339008e-01  -1.843782e-02  +2.018388e-01  -5.308641e-01  +1.268226e-03  -9.222480e-04  +1.831401e+01  -4.642597e-04  -4.694802e-05  +5.194690e+01  
