mean:
+3.958103e+00  +3.923562e+00  +6.546044e-01  -1.160659e+00  +1.612235e+00  +5.009460e-01  +9.277280e-01  +2.063199e+00  +1.501514e-01  +1.966537e+00  +4.808993e+00  +1.635250e+00  +2.883317e+00  +8.024586e+02  +4.799970e+00  +4.400191e+00  +2.000082e+03  
covariance:
+6.016764e-06  -1.250842e-07  +1.548981e-06  -6.215769e-06  +4.342129e-06  +1.668891e-07  +2.467691e-06  -8.001232e-06  +7.611768e-07  -1.419993e-06  -2.083134e-05  +1.210022e-08  -3.049750e-08  -8.606298e-04  -7.312605e-10  +2.420129e-07  +8.471346e-04  
-1.250842e-07  +6.790269e-06  -1.370946e-06  -9.423776e-06  -6.476598e-06  +9.270086e-07  +6.037944e-06  -1.878755e-05  -3.553667e-07  +2.561169e-06  -3.763914e-05  -1.497978e-07  -2.046217e-07  -1.892745e-04  -6.790913e-08  -3.918408e-08  -1.561627e-04  
+1.548981e-06  -1.370946e-06  +5.308696e-05  -2.032664e-06  +1.098811e-04  +4.680958e-06  +1.865474e-05  +6.435312e-06  +1.703548e-06  -4.093184e-06  -1.718797e-04  -2.456850e-07  -4.126791e-07  -1.577428e-02  -1.596852e-07  +5.106466e-07  +1.521336e-02  
-6.215769e-06  -9.423776e-06  -2.032664e-06  +2.463604e-03  -6.139855e-04  -1.171570e-04  -1.307881e-04  +1.874839e-03  -5.693318e-05  +1.941034e-04  +2.848994e-03  +3.768933e-06  +6.989814e-06  +1.338911e-01  +2.685025e-07  +7.595339e-07  -1.236602e-01  
+4.342129e-06  -6.476598e-06  +1.098811e-04  -6.139855e-04  +1.814354e-03  +5.133469e-05  -1.025846e-04  +3.881303e-04  +2.619892e-05  -2.603807e-04  +7.891788e-04  -1.368009e-06  -9.084284e-06  -6.400146e-02  +1.797135e-06  +2.700386e-06  +6.304657e-02  
+1.668891e-07  +9.270086e-07  +4.680958e-06  -1.171570e-04  +5.133469e-05  +1.235453e-05  +1.819535e-05  -1.037357e-04  +3.489151e-06  -1.569046e-05  -2.180205e-04  -3.573754e-08  -3.888038e-07  -7.907198e-03  +2.393362e-08  -2.347484e-08  +6.598796e-03  
+2.467691e-06  +6.037944e-06  +1.865474e-05  -1.307881e-04  -1.025846e-04  +1.819535e-05  +1.980036e-04  -3.266972e-04  -1.575168e-05  +9.465804e-05  -8.751750e-04  -1.416965e-07  +2.973750e-07  -2.268941e-02  -6.674750e-07  -5.379490e-07  -1.630487e-02  
-8.001232e-06  -1.878755e-05  +6.435312e-06  +1.874839e-03  +3.881303e-04  -1.037357e-04  -3.266972e-04  +2.731108e-03  -3.865826e-05  -3.690908e-05  +4.369521e-03  +3.048501e-06  -3.316614e-06  +1.291998e-01  +3.960705e-07  +2.574573e-06  -1.268213e-01  
+7.611768e-07  -3.553667e-07  +1.703548e-06  -5.693318e-05  +2.619892e-05  +3.489151e-06  -1.575168e-05  -3.865826e-05  +6.355429e-06  -2.585291e-05  -5.708367e-05  -9.273989e-08  -5.861522e-08  -2.135991e-03  +1.293826e-07  +2.923582e-08  +9.267560e-03  
-1.419993e-06  +2.561169e-06  -4.093184e-06  +1.941034e-04  -2.603807e-04  -1.569046e-05  +9.465804e-05  -3.690908e-05  -2.585291e-05  +1.770900e-04  -2.021034e-04  +8.210516e-07  +1.464470e-06  -4.016936e-03  -6.336077e-07  +7.353574e-08  -3.906581e-02  
-2.083134e-05  -3.763914e-05  -1.718797e-04  +2.848994e-03  +7.891788e-04  -2.180205e-04  -8.751750e-04  +4.369521e-03  -5.708367e-05  -2.021034e-04  +9.773895e-03  +3.877190e-06  -7.346195e-06  +2.776371e-01  +2.818632e-06  +2.195686e-06  -1.832341e-01  
+1.210022e-08  -1.497978e-07  -2.456850e-07  +3.768933e-06  -1.368009e-06  -3.573754e-08  -1.416965e-07  +3.048501e-06  -9.273989e-08  +8.210516e-07  +3.877190e-06  +5.751896e-07  +1.490956e-07  -8.473588e-05  -2.185120e-08  +6.235763e-08  -3.619428e-04  
-3.049750e-08  -2.046217e-07  -4.126791e-07  +6.989814e-06  -9.084284e-06  -3.888038e-07  +2.973750e-07  -3.316614e-06  -5.861522e-08  +1.464470e-06  -7.346195e-06  +1.490956e-07  +6.078098e-07  +3.152235e-04  -1.436499e-08  -5.849079e-08  -9.557699e-05  
-8.606298e-04  -1.892745e-04  -1.577428e-02  +1.338911e-01  -6.400146e-02  -7.907198e-03  -2.268941e-02  +1.291998e-01  -2.135991e-03  -4.016936e-03  +2.776371e-01  -8.473588e-05  +3.152235e-04  +1.793037e+01  +1.232744e-04  -2.265804e-04  -9.659013e+00  
-7.312605e-10  -6.790913e-08  -1.596852e-07  +2.685025e-07  +1.797135e-06  +2.393362e-08  -6.674750e-07  +3.960705e-07  +1.293826e-07  -6.336077e-07  +2.818632e-06  -2.185120e-08  -1.436499e-08  +1.232744e-04  +2.020442e-07  -1.320800e-08  +6.095966e-06  
+2.420129e-07  -3.918408e-08  +5.106466e-07  +7.595339e-07  +2.700386e-06  -2.347484e-08  -5.379490e-07  +2.574573e-06  +2.923582e-08  +7.353574e-08  +2.195686e-06  +6.235763e-08  -5.849079e-08  -2.265804e-04  -1.320800e-08  +2.904309e-07  +2.971785e-04  
+8.471346e-04  -1.561627e-04  +1.521336e-02  -1.236602e-01  +6.304657e-02  +6.598796e-03  -1.630487e-02  -1.268213e-01  +9.267560e-03  -3.906581e-02  -1.832341e-01  -3.619428e-04  -9.557699e-05  -9.659013e+00  +6.095966e-06  +2.971785e-04  +3.339336e+01  
