mean:
+3.955678e+00  +3.922797e+00  +6.398968e-01  -1.176687e+00  +1.609946e+00  +3.940432e-01  +9.033208e-01  +2.081008e+00  +1.544619e-01  +1.901173e+00  +4.942284e+00  +1.635276e+00  +2.883171e+00  +7.988654e+02  +4.799790e+00  +4.399915e+00  +2.002420e+03  
covariance:
+2.030125e-06  +3.852658e-07  +3.140670e-06  +6.452734e-06  +3.226922e-06  +2.554629e-06  +6.361506e-07  +1.941561e-06  -1.314667e-06  +9.451503e-06  +1.782425e-05  -1.265773e-07  +9.980568e-09  +1.308979e-04  -3.372334e-08  -5.637073e-08  -6.426147e-04  
+3.852658e-07  +3.287509e-06  +3.389539e-06  +7.367347e-06  +6.419671e-06  +2.774969e-06  +5.920269e-07  +6.176874e-07  -1.612621e-06  +1.092442e-05  +2.048056e-05  -1.404264e-07  +9.123592e-08  -2.060905e-04  -1.575087e-08  -1.067275e-07  -6.586309e-04  
+3.140670e-06  +3.389539e-06  +7.009610e-05  +1.338110e-04  +8.109883e-05  +3.751450e-05  +9.163898e-06  +1.509178e-05  -2.022325e-05  +1.269148e-04  +2.491588e-04  -4.513559e-07  -2.813872e-07  +5.446003e-03  +1.025106e-07  -1.458714e-07  -7.439109e-03  
+6.452734e-06  +7.367347e-06  +1.338110e-04  +6.936615e-04  +8.126841e-05  +8.334896e-05  -1.746504e-05  -7.290439e-06  -5.112206e-05  +3.336189e-04  +8.599918e-04  -5.041832e-07  -2.813522e-07  -1.232296e-02  +1.962154e-06  +3.470946e-07  +7.643535e-03  
+3.226922e-06  +6.419671e-06  +8.109883e-05  +8.126841e-05  +1.816171e-04  +4.139359e-05  +2.547213e-05  +1.812768e-05  -2.163854e-05  +1.227637e-04  +2.524000e-04  -3.952583e-07  +3.649477e-07  +1.025235e-02  +1.377991e-07  +2.895196e-07  -1.477854e-02  
+2.554629e-06  +2.774969e-06  +3.751450e-05  +8.334896e-05  +4.139359e-05  +2.643506e-05  +5.884802e-06  +1.776615e-05  -1.393920e-05  +8.962784e-05  +1.619444e-04  -5.323136e-07  -1.920343e-08  +2.485420e-03  +1.146223e-07  -5.016530e-07  -6.337045e-03  
+6.361506e-07  +5.920269e-07  +9.163898e-06  -1.746504e-05  +2.547213e-05  +5.884802e-06  +1.204569e-05  +7.941861e-06  -3.415940e-06  +1.223325e-05  +2.139133e-05  -3.072426e-07  +6.842700e-08  +3.108906e-03  -2.605020e-08  +1.524551e-07  -4.480561e-03  
+1.941561e-06  +6.176874e-07  +1.509178e-05  -7.290439e-06  +1.812768e-05  +1.776615e-05  +7.941861e-06  +1.095622e-04  -4.866801e-06  +3.203913e-05  +4.186975e-05  +2.166285e-07  -5.773230e-07  +1.746986e-03  -2.509004e-10  -8.980929e-07  -1.362293e-02  
-1.314667e-06  -1.612621e-06  -2.022325e-05  -5.112206e-05  -2.163854e-05  -1.393920e-05  -3.415940e-06  -4.866801e-06  +8.258792e-06  -5.092196e-05  -9.567015e-05  +3.568243e-07  -1.249689e-08  -1.181525e-03  -5.959354e-08  +1.937506e-07  +2.738661e-03  
+9.451503e-06  +1.092442e-05  +1.269148e-04  +3.336189e-04  +1.227637e-04  +8.962784e-05  +1.223325e-05  +3.203913e-05  -5.092196e-05  +3.358890e-04  +5.947694e-04  -2.281603e-06  +9.010330e-08  +6.603933e-03  +2.278823e-07  -1.820485e-06  -1.630941e-02  
+1.782425e-05  +2.048056e-05  +2.491588e-04  +8.599918e-04  +2.524000e-04  +1.619444e-04  +2.139133e-05  +4.186975e-05  -9.567015e-05  +5.947694e-04  +1.514128e-03  -3.483323e-06  +9.510086e-07  -4.681266e-03  +1.782054e-06  -6.635840e-07  -1.465019e-02  
-1.265773e-07  -1.404264e-07  -4.513559e-07  -5.041832e-07  -3.952583e-07  -5.323136e-07  -3.072426e-07  +2.166285e-07  +3.568243e-07  -2.281603e-06  -3.483323e-06  +1.697214e-07  -6.115497e-09  +4.769974e-06  +3.696429e-08  +2.181752e-08  +2.205186e-04  
+9.980568e-09  +9.123592e-08  -2.813872e-07  -2.813522e-07  +3.649477e-07  -1.920343e-08  +6.842700e-08  -5.773230e-07  -1.249689e-08  +9.010330e-08  +9.510086e-07  -6.115497e-09  +1.747638e-07  -4.960073e-05  +1.488601e-08  -2.960493e-08  +9.188973e-05  
+1.308979e-04  -2.060905e-04  +5.446003e-03  -1.232296e-02  +1.025235e-02  +2.485420e-03  +3.108906e-03  +1.746986e-03  -1.181525e-03  +6.603933e-03  -4.681266e-03  +4.769974e-06  -4.960073e-05  +3.280807e+00  -1.396203e-05  +3.913769e-05  -2.615930e+00  
-3.372334e-08  -1.575087e-08  +1.025106e-07  +1.962154e-06  +1.377991e-07  +1.146223e-07  -2.605020e-08  -2.509004e-10  -5.959354e-08  +2.278823e-07  +1.782054e-06  +3.696429e-08  +1.488601e-08  -1.396203e-05  +1.538485e-07  -6.010559e-10  +1.609074e-05  
-5.637073e-08  -1.067275e-07  -1.458714e-07  +3.470946e-07  +2.895196e-07  -5.016530e-07  +1.524551e-07  -8.980929e-07  +1.937506e-07  -1.820485e-06  -6.635840e-07  +2.181752e-08  -2.960493e-08  +3.913769e-05  -6.010559e-10  +2.072438e-07  +1.531204e-04  
-6.426147e-04  -6.586309e-04  -7.439109e-03  +7.643535e-03  -1.477854e-02  -6.337045e-03  -4.480561e-03  -1.362293e-02  +2.738661e-03  -1.630941e-02  -1.465019e-02  +2.205186e-04  +9.188973e-05  -2.615930e+00  +1.609074e-05  +1.531204e-04  +6.024099e+00  
