mean:
+3.913381e+00  +3.903827e+00  +6.455450e-01  -1.166531e+00  +1.723025e+00  +5.941363e-01  +8.982291e-01  +2.079187e+00  +1.509501e-01  +1.924628e+00  +4.805677e+00  +1.905879e+00  +3.007384e+00  +8.007239e+02  +4.959852e+00  +4.480097e+00  +2.015442e+03  
covariance:
+1.086117e-05  -3.888135e-06  -1.325966e-06  +1.095622e-05  +9.030417e-06  -4.372130e-06  -1.115424e-06  +3.198894e-06  +2.899557e-06  -1.120113e-05  -9.157678e-05  -1.148119e-07  -2.798703e-07  +7.803528e-04  +4.207780e-08  +9.954550e-08  +5.006476e-03  
-3.888135e-06  +4.235938e-06  -9.345035e-06  +8.044992e-06  +1.415573e-05  -3.766275e-06  -2.223050e-06  -3.166248e-06  +1.660183e-06  -4.900516e-06  -9.398226e-05  +6.750557e-08  +1.565357e-07  -1.290333e-03  -1.296425e-07  -1.078607e-07  +6.498701e-03  
-1.325966e-06  -9.345035e-06  +8.982358e-05  -4.425173e-05  -4.501259e-05  +3.197016e-05  +5.336791e-06  -1.537506e-05  -1.221892e-05  +3.796498e-05  +6.524112e-04  +7.480103e-08  +2.167438e-07  +3.766931e-03  +6.693219e-07  +7.601496e-07  -3.664624e-02  
+1.095622e-05  +8.044992e-06  -4.425173e-05  +3.049148e-04  +2.618223e-04  -4.622817e-05  -2.901343e-05  +9.299797e-05  +2.397357e-05  -7.325992e-05  -9.567482e-04  +1.209550e-06  +1.353206e-06  +1.690559e-03  -2.027376e-07  -1.600161e-06  +7.788292e-02  
+9.030417e-06  +1.415573e-05  -4.501259e-05  +2.618223e-04  +4.381173e-04  -5.181176e-05  -4.431621e-05  +3.324717e-05  +3.200203e-05  -8.961702e-05  -1.311660e-03  +2.115839e-06  +2.870703e-06  -5.858194e-03  -1.716415e-06  -1.796515e-06  +9.360999e-02  
-4.372130e-06  -3.766275e-06  +3.197016e-05  -4.622817e-05  -5.181176e-05  +1.916859e-05  +6.961577e-06  -1.008684e-05  -9.464982e-06  +3.169668e-05  +4.032056e-04  -9.148360e-08  +1.467169e-08  +1.327170e-03  +2.875833e-07  +2.675064e-07  -2.504977e-02  
-1.115424e-06  -2.223050e-06  +5.336791e-06  -2.901343e-05  -4.431621e-05  +6.961577e-06  +1.297498e-05  +1.069556e-05  -5.379139e-06  +1.354799e-05  +1.821410e-04  -4.105411e-07  -3.005101e-07  +1.160855e-03  +4.754893e-08  -8.377444e-08  -1.399835e-02  
+3.198894e-06  -3.166248e-06  -1.537506e-05  +9.299797e-05  +3.324717e-05  -1.008684e-05  +1.069556e-05  +2.122498e-04  -1.654744e-06  +4.493578e-07  +6.074769e-05  +3.952997e-07  +1.223438e-06  +1.303857e-02  +6.987063e-07  -1.630734e-06  -1.586321e-02  
+2.899557e-06  +1.660183e-06  -1.221892e-05  +2.397357e-05  +3.200203e-05  -9.464982e-06  -5.379139e-06  -1.654744e-06  +6.020335e-06  -1.974932e-05  -2.204133e-04  +1.203391e-07  +2.870188e-08  -1.017197e-03  -1.518992e-07  -4.817906e-08  +1.400724e-02  
-1.120113e-05  -4.900516e-06  +3.796498e-05  -7.325992e-05  -8.961702e-05  +3.169668e-05  +1.354799e-05  +4.493578e-07  -1.974932e-05  +7.442345e-05  +7.203152e-04  -3.043229e-07  +9.963360e-08  +3.171581e-03  +3.726863e-07  +7.194312e-10  -4.426217e-02  
-9.157678e-05  -9.398226e-05  +6.524112e-04  -9.567482e-04  -1.311660e-03  +4.032056e-04  +1.821410e-04  +6.074769e-05  -2.204133e-04  +7.203152e-04  +9.411659e-03  -2.581994e-06  -5.228406e-07  +5.068422e-02  +8.590918e-06  +5.740773e-06  -6.024489e-01  
-1.148119e-07  +6.750557e-08  +7.480103e-08  +1.209550e-06  +2.115839e-06  -9.148360e-08  -4.105411e-07  +3.952997e-07  +1.203391e-07  -3.043229e-07  -2.581994e-06  +1.802650e-07  +2.696670e-08  +2.906161e-06  +6.170296e-09  -1.357050e-08  +2.577871e-04  
-2.798703e-07  +1.565357e-07  +2.167438e-07  +1.353206e-06  +2.870703e-06  +1.467169e-08  -3.005101e-07  +1.223438e-06  +2.870188e-08  +9.963360e-08  -5.228406e-07  +2.696670e-08  +1.813546e-07  +5.661172e-05  -1.474393e-08  -1.915421e-08  -3.896297e-05  
+7.803528e-04  -1.290333e-03  +3.766931e-03  +1.690559e-03  -5.858194e-03  +1.327170e-03  +1.160855e-03  +1.303857e-02  -1.017197e-03  +3.171581e-03  +5.068422e-02  +2.906161e-06  +5.661172e-05  +2.073557e+00  +1.017430e-04  -6.875912e-05  -3.453938e+00  
+4.207780e-08  -1.296425e-07  +6.693219e-07  -2.027376e-07  -1.716415e-06  +2.875833e-07  +4.754893e-08  +6.987063e-07  -1.518992e-07  +3.726863e-07  +8.590918e-06  +6.170296e-09  -1.474393e-08  +1.017430e-04  +9.313292e-08  +1.513537e-08  -4.771543e-04  
+9.954550e-08  -1.078607e-07  +7.601496e-07  -1.600161e-06  -1.796515e-06  +2.675064e-07  -8.377444e-08  -1.630734e-06  -4.817906e-08  +7.194312e-10  +5.740773e-06  -1.357050e-08  -1.915421e-08  -6.875912e-05  +1.513537e-08  +1.779656e-07  -2.314667e-04  
+5.006476e-03  +6.498701e-03  -3.664624e-02  +7.788292e-02  +9.360999e-02  -2.504977e-02  -1.399835e-02  -1.586321e-02  +1.400724e-02  -4.426217e-02  -6.024489e-01  +2.577871e-04  -3.896297e-05  -3.453938e+00  -4.771543e-04  -2.314667e-04  +4.768384e+01  
