mean:
+3.957425e+00  +3.956265e+00  +7.285599e-01  -1.182556e+00  +1.642117e+00  +5.991294e-01  +8.984308e-01  +2.071116e+00  +1.480302e-01  +1.967383e+00  +5.015072e+00  +1.937354e+00  +3.046387e+00  +5.035389e+02  +4.994738e+00  +4.519830e+00  +1.473148e+03  
covariance:
+4.214501e-06  +8.235313e-08  -1.584537e-06  +1.654390e-06  +4.053879e-07  -3.837310e-07  +4.127061e-06  -1.005159e-05  -1.302435e-06  +7.022315e-06  +2.328038e-05  +2.019574e-07  +3.880238e-07  -2.487015e-03  +6.769224e-07  -2.078009e-07  -5.403968e-03  
+8.235313e-08  +2.651062e-06  -6.200622e-07  +4.217010e-06  +2.164258e-06  -3.721499e-07  +1.142698e-06  -1.060487e-06  -6.110438e-07  +5.163414e-06  +7.996485e-06  -2.110303e-07  +6.134317e-08  -3.938073e-04  -2.894551e-07  -1.919726e-07  -2.461527e-03  
-1.584537e-06  -6.200622e-07  +2.408409e-06  +6.763912e-08  +4.355013e-06  +9.268688e-07  -2.834039e-07  +5.957441e-06  +3.483781e-07  -3.461522e-06  -1.203147e-05  -5.231890e-07  -4.771471e-07  +1.980496e-03  -2.090954e-07  +9.797841e-08  +1.846004e-03  
+1.654390e-06  +4.217010e-06  +6.763912e-08  +4.483760e-05  +2.248844e-05  +5.002358e-07  +1.651483e-05  -1.846524e-05  -5.868423e-06  +3.284697e-05  +6.837071e-05  -4.060352e-06  -5.294987e-07  +1.498174e-03  -8.158910e-07  -1.189982e-06  -2.099932e-02  
+4.053879e-07  +2.164258e-06  +4.355013e-06  +2.248844e-05  +7.331007e-05  +6.402893e-06  +2.447124e-05  -3.578530e-05  -9.228946e-06  +4.251962e-05  +1.022777e-04  -3.483421e-06  -1.857884e-06  +4.157568e-03  -2.308244e-07  -1.064008e-06  -2.894925e-02  
-3.837310e-07  -3.721499e-07  +9.268688e-07  +5.002358e-07  +6.402893e-06  +1.395960e-06  +2.814808e-06  -1.563059e-06  -1.049795e-06  +3.788279e-06  +5.591834e-06  -3.550964e-07  -1.752685e-07  +9.308449e-04  +1.084696e-07  +9.318604e-08  -2.288009e-03  
+4.127061e-06  +1.142698e-06  -2.834039e-07  +1.651483e-05  +2.447124e-05  +2.814808e-06  +2.290930e-05  -3.472543e-05  -8.171313e-06  +3.902706e-05  +9.639033e-05  -1.227436e-06  +6.493002e-07  -1.517799e-03  +1.416798e-06  -4.532443e-07  -2.147702e-02  
-1.005159e-05  -1.060487e-06  +5.957441e-06  -1.846524e-05  -3.578530e-05  -1.563059e-06  -3.472543e-05  +9.745495e-05  +1.453006e-05  -7.486075e-05  -2.214833e-04  -1.711718e-06  -2.680364e-06  +8.538562e-03  -3.316404e-06  +6.695637e-07  +3.837380e-02  
-1.302435e-06  -6.110438e-07  +3.483781e-07  -5.868423e-06  -9.228946e-06  -1.049795e-06  -8.171313e-06  +1.453006e-05  +3.366130e-06  -1.567089e-05  -3.755366e-05  +2.282455e-07  -3.288265e-07  +8.149427e-04  -4.935940e-07  +8.847175e-08  +8.185855e-03  
+7.022315e-06  +5.163414e-06  -3.461522e-06  +3.284697e-05  +4.251962e-05  +3.788279e-06  +3.902706e-05  -7.486075e-05  -1.567089e-05  +8.151781e-05  +1.923189e-04  -1.125204e-06  +1.904200e-06  -5.266778e-03  +2.324292e-06  -8.917366e-07  -4.246569e-02  
+2.328038e-05  +7.996485e-06  -1.203147e-05  +6.837071e-05  +1.022777e-04  +5.591834e-06  +9.639033e-05  -2.214833e-04  -3.755366e-05  +1.923189e-04  +5.946507e-04  +2.186170e-06  +4.210089e-06  -8.230273e-03  +5.674775e-06  -1.318500e-06  -9.424987e-02  
+2.019574e-07  -2.110303e-07  -5.231890e-07  -4.060352e-06  -3.483421e-06  -3.550964e-07  -1.227436e-06  -1.711718e-06  +2.282455e-07  -1.125204e-06  +2.186170e-06  +8.209324e-07  +2.442088e-07  -4.353337e-04  +1.392050e-07  +1.805395e-07  +1.919417e-03  
+3.880238e-07  +6.134317e-08  -4.771471e-07  -5.294987e-07  -1.857884e-06  -1.752685e-07  +6.493002e-07  -2.680364e-06  -3.288265e-07  +1.904200e-06  +4.210089e-06  +2.442088e-07  +3.447931e-07  -9.201550e-04  +2.231380e-07  -1.441654e-08  -5.910190e-04  
-2.487015e-03  -3.938073e-04  +1.980496e-03  +1.498174e-03  +4.157568e-03  +9.308449e-04  -1.517799e-03  +8.538562e-03  +8.149427e-04  -5.266778e-03  -8.230273e-03  -4.353337e-04  -9.201550e-04  +4.314854e+00  -7.853615e-04  +2.748025e-04  +3.973050e+00  
+6.769224e-07  -2.894551e-07  -2.090954e-07  -8.158910e-07  -2.308244e-07  +1.084696e-07  +1.416798e-06  -3.316404e-06  -4.935940e-07  +2.324292e-06  +5.674775e-06  +1.392050e-07  +2.231380e-07  -7.853615e-04  +3.817710e-07  +3.493740e-09  -1.219682e-03  
-2.078009e-07  -1.919726e-07  +9.797841e-08  -1.189982e-06  -1.064008e-06  +9.318604e-08  -4.532443e-07  +6.695637e-07  +8.847175e-08  -8.917366e-07  -1.318500e-06  +1.805395e-07  -1.441654e-08  +2.748025e-04  +3.493740e-09  +1.579898e-07  +9.685160e-04  
-5.403968e-03  -2.461527e-03  +1.846004e-03  -2.099932e-02  -2.894925e-02  -2.288009e-03  -2.147702e-02  +3.837380e-02  +8.185855e-03  -4.246569e-02  -9.424987e-02  +1.919417e-03  -5.910190e-04  +3.973050e+00  -1.219682e-03  +9.685160e-04  +2.816271e+01  
