mean:
+3.929784e+00  +3.907540e+00  +6.468465e-01  -1.183842e+00  +1.692296e+00  +5.933190e-01  +9.169097e-01  +2.159047e+00  +1.354922e-01  +2.039394e+00  +4.939406e+00  +1.905313e+00  +3.006659e+00  +8.105248e+02  +4.959946e+00  +4.479945e+00  +2.028430e+03  
covariance:
+2.580279e-05  +1.689055e-05  -4.295713e-06  -6.536065e-06  +7.196862e-06  +4.024724e-06  -4.500067e-06  -2.643841e-06  +5.715234e-06  -5.437290e-05  +1.645216e-05  -5.551525e-07  -9.706388e-07  +1.841869e-03  -4.291922e-07  -7.150205e-07  -1.289790e-02  
+1.689055e-05  +2.104151e-05  -1.410750e-06  +2.683044e-05  +1.007409e-05  -1.215147e-06  +1.549191e-05  +4.431512e-05  -8.860364e-06  +7.718087e-05  -3.342923e-05  +1.037063e-08  -1.399088e-06  +4.244457e-03  -3.948758e-07  -6.186199e-07  +1.701271e-02  
-4.295713e-06  -1.410750e-06  +4.978160e-05  -7.234762e-05  +1.136423e-05  -7.720654e-07  +2.854518e-05  +1.921245e-05  -1.920174e-05  +1.917413e-04  -7.624481e-05  +1.436377e-06  +6.284629e-07  +9.484200e-03  -6.337901e-07  -3.633291e-07  +2.397664e-02  
-6.536065e-06  +2.683044e-05  -7.234762e-05  +9.787315e-04  +5.560043e-05  -8.769432e-05  +1.383478e-04  +5.558586e-04  -1.036702e-04  +9.716356e-04  -5.498748e-04  +3.750810e-07  -2.244506e-06  +2.410393e-02  -1.516777e-06  +2.852057e-06  +3.101256e-01  
+7.196862e-06  +1.007409e-05  +1.136423e-05  +5.560043e-05  +6.227245e-05  -6.215272e-06  +2.926271e-05  +1.087151e-04  -1.467804e-05  +1.340355e-04  -6.345239e-05  +9.216306e-08  -3.448602e-07  +1.032278e-02  -5.393518e-07  -1.187156e-06  +3.872383e-02  
+4.024724e-06  -1.215147e-06  -7.720654e-07  -8.769432e-05  -6.215272e-06  +1.419343e-05  -2.471679e-05  -6.174979e-05  +1.770369e-05  -1.649684e-04  +7.451491e-05  -7.179612e-07  +4.552605e-07  -3.475693e-03  +8.366263e-08  -2.685841e-07  -4.309269e-02  
-4.500067e-06  +1.549191e-05  +2.854518e-05  +1.383478e-04  +2.926271e-05  -2.471679e-05  +1.620623e-04  +1.671519e-04  -8.107975e-05  +7.370029e-04  -2.654078e-04  +1.545536e-06  -1.499769e-06  +1.824292e-02  -8.224894e-07  -5.921016e-07  +1.582676e-01  
-2.643841e-06  +4.431512e-05  +1.921245e-05  +5.558586e-04  +1.087151e-04  -6.174979e-05  +1.671519e-04  +1.051882e-03  -1.286066e-04  +1.245828e-03  -6.127382e-04  +3.398130e-06  -2.069577e-06  +4.987247e-02  -6.563594e-07  -7.717374e-07  +3.313164e-01  
+5.715234e-06  -8.860364e-06  -1.920174e-05  -1.036702e-04  -1.467804e-05  +1.770369e-05  -8.107975e-05  -1.286066e-04  +5.011361e-05  -4.623140e-04  +1.744587e-04  -1.172562e-06  +8.411012e-07  -1.173891e-02  +3.217068e-07  +1.001782e-07  -1.000646e-01  
-5.437290e-05  +7.718087e-05  +1.917413e-04  +9.716356e-04  +1.340355e-04  -1.649684e-04  +7.370029e-04  +1.245828e-03  -4.623140e-04  +4.368798e-03  -1.700753e-03  +1.073660e-05  -7.861426e-06  +1.136194e-01  -3.081664e-06  +3.340578e-07  +9.414546e-01  
+1.645216e-05  -3.342923e-05  -7.624481e-05  -5.498748e-04  -6.345239e-05  +7.451491e-05  -2.654078e-04  -6.127382e-04  +1.744587e-04  -1.700753e-03  +9.989631e-04  -1.714019e-06  +5.962443e-06  -6.058911e-02  +3.135170e-06  -3.382528e-06  -3.952407e-01  
-5.551525e-07  +1.037063e-08  +1.436377e-06  +3.750810e-07  +9.216306e-08  -7.179612e-07  +1.545536e-06  +3.398130e-06  -1.172562e-06  +1.073660e-05  -1.714019e-06  +6.296019e-07  -9.645192e-08  +9.344613e-05  +8.811968e-09  +5.440357e-08  +1.582222e-03  
-9.706388e-07  -1.399088e-06  +6.284629e-07  -2.244506e-06  -3.448602e-07  +4.552605e-07  -1.499769e-06  -2.069577e-06  +8.411012e-07  -7.861426e-06  +5.962443e-06  -9.645192e-08  +8.313496e-07  -3.628063e-04  +4.206814e-09  +1.216349e-08  -1.627056e-03  
+1.841869e-03  +4.244457e-03  +9.484200e-03  +2.410393e-02  +1.032278e-02  -3.475693e-03  +1.824292e-02  +4.987247e-02  -1.173891e-02  +1.136194e-01  -6.058911e-02  +9.344613e-05  -3.628063e-04  +6.380244e+00  -4.055456e-04  -3.011527e-04  +2.532675e+01  
-4.291922e-07  -3.948758e-07  -6.337901e-07  -1.516777e-06  -5.393518e-07  +8.366263e-08  -8.224894e-07  -6.563594e-07  +3.217068e-07  -3.081664e-06  +3.135170e-06  +8.811968e-09  +4.206814e-09  -4.055456e-04  +3.040359e-07  +1.636495e-08  -4.847226e-04  
-7.150205e-07  -6.186199e-07  -3.633291e-07  +2.852057e-06  -1.187156e-06  -2.685841e-07  -5.921016e-07  -7.717374e-07  +1.001782e-07  +3.340578e-07  -3.382528e-06  +5.440357e-08  +1.216349e-08  -3.011527e-04  +1.636495e-08  +5.467208e-07  -4.896878e-05  
-1.289790e-02  +1.701271e-02  +2.397664e-02  +3.101256e-01  +3.872383e-02  -4.309269e-02  +1.582676e-01  +3.313164e-01  -1.000646e-01  +9.414546e-01  -3.952407e-01  +1.582222e-03  -1.627056e-03  +2.532675e+01  -4.847226e-04  -4.896878e-05  +2.265927e+02  
