mean:
+4.017380e+00  +3.960433e+00  +8.348914e-01  +1.290573e+00  +1.227095e+00  +5.061691e-01  +8.184228e-01  +1.392426e+00  +1.738112e-01  +1.869696e+00  +5.899269e+00  +3.659859e+00  +2.855739e+00  +2.150900e+02  +4.309383e+00  +5.128199e+00  +2.972382e+02  +5.251821e+00  +3.797896e+00  +3.426676e+02  +2.880027e+00  +4.479908e+00  +4.104695e+02  
covariance:
+1.714304e-06  +3.386881e-07  +8.048195e-08  +2.489172e-06  -2.851492e-07  -2.102609e-06  -7.415105e-07  +1.565879e-08  +8.401254e-07  -4.239231e-06  +2.345731e-05  +1.204741e-07  +8.339637e-08  -1.521228e-03  +1.945470e-07  -4.322210e-07  -3.248902e-03  -9.307343e-08  +5.573971e-08  -3.267812e-03  -1.182927e-07  +2.542899e-07  -3.830387e-03  
+3.386881e-07  +1.724809e-06  +3.413673e-07  +2.883713e-06  -2.090775e-07  -6.006184e-07  -9.370947e-08  -2.058688e-06  -5.484988e-08  +3.687753e-07  +8.572447e-06  +5.741922e-08  +1.419635e-08  -2.125831e-04  -1.558704e-08  -1.505320e-07  -7.379690e-04  +3.340272e-08  -1.794195e-07  -8.780713e-04  -4.410064e-08  +4.198000e-08  -9.724188e-04  
+8.048195e-08  +3.413673e-07  +1.436639e-05  -7.902098e-07  -8.880012e-07  +1.180131e-06  +2.043861e-06  +1.554517e-06  +3.088575e-06  -2.320649e-05  +1.201882e-05  +1.361569e-06  +7.305053e-07  -2.915287e-04  -2.993643e-07  +5.626229e-07  +6.047814e-04  -2.633831e-07  -3.341917e-07  +1.069912e-03  -8.984024e-07  -2.088379e-07  -1.254842e-03  
+2.489172e-06  +2.883713e-06  -7.902098e-07  +1.890591e-04  -6.892861e-06  -4.122728e-05  +2.915319e-06  -3.473234e-05  -5.552646e-06  +1.827145e-05  +3.071617e-04  -5.930764e-07  -9.573322e-07  -2.064190e-02  +3.335981e-06  -8.935980e-06  -5.511176e-02  -4.383225e-07  -1.656570e-06  -5.051210e-02  -5.107760e-07  +1.969141e-06  -6.116702e-02  
-2.851492e-07  -2.090775e-07  -8.880012e-07  -6.892861e-06  +4.076896e-06  +5.174536e-06  +5.712688e-07  +2.643848e-06  +4.571037e-07  -1.266825e-06  -3.878143e-05  -4.713549e-08  -1.925018e-07  +2.637011e-03  -5.007000e-07  +6.891988e-07  +6.007166e-03  +3.085663e-08  +8.121779e-08  +5.369430e-03  +2.594466e-07  -5.063942e-07  +6.048450e-03  
-2.102609e-06  -6.006184e-07  +1.180131e-06  -4.122728e-05  +5.174536e-06  +3.236687e-05  +4.706912e-06  +1.686833e-05  +2.993911e-06  -1.180878e-05  -2.649053e-04  -2.098916e-07  -9.045853e-07  +1.507719e-02  -2.665929e-06  +5.322751e-06  +3.856242e-02  +1.121732e-06  +2.015410e-07  +3.637103e-02  +1.701620e-08  -1.523681e-06  +4.041428e-02  
-7.415105e-07  -9.370947e-08  +2.043861e-06  +2.915319e-06  +5.712688e-07  +4.706912e-06  +7.359258e-06  -1.210286e-05  +1.889889e-07  -7.464359e-06  -4.420279e-05  -2.005838e-08  +6.263977e-07  +2.130853e-03  -1.238561e-07  +3.515758e-07  +4.451015e-03  +6.997993e-07  -5.975198e-08  +5.052866e-03  +2.317007e-07  -6.574756e-07  +4.802215e-03  
+1.565879e-08  -2.058688e-06  +1.554517e-06  -3.473234e-05  +2.643848e-06  +1.686833e-05  -1.210286e-05  +2.540724e-04  +7.121906e-06  -2.235393e-05  -2.141699e-04  -1.997112e-06  +7.758116e-07  +1.029860e-02  -1.646877e-07  +2.908861e-06  +2.487437e-02  +9.422043e-07  +3.479510e-06  +3.439932e-02  -2.384129e-07  -1.042283e-07  +2.662376e-02  
+8.401254e-07  -5.484988e-08  +3.088575e-06  -5.552646e-06  +4.571037e-07  +2.993911e-06  +1.889889e-07  +7.121906e-06  +1.219164e-05  -7.008146e-05  -1.828527e-05  +5.178037e-07  +1.518421e-06  -5.270326e-03  +1.301987e-06  -5.657948e-07  -6.976929e-03  +1.444996e-07  +4.641686e-07  -5.436651e-03  -1.017800e-06  +8.281187e-07  -1.062906e-02  
-4.239231e-06  +3.687753e-07  -2.320649e-05  +1.827145e-05  -1.266825e-06  -1.180878e-05  -7.464359e-06  -2.235393e-05  -7.008146e-05  +4.274623e-04  +2.144632e-05  -3.155955e-06  -1.111419e-05  +3.348375e-02  -8.137467e-06  +4.723514e-06  +5.028270e-02  -1.194008e-06  -2.474940e-06  +3.901852e-02  +5.898312e-06  -4.774947e-06  +7.326936e-02  
+2.345731e-05  +8.572447e-06  +1.201882e-05  +3.071617e-04  -3.878143e-05  -2.649053e-04  -4.420279e-05  -2.141699e-04  -1.828527e-05  +2.144632e-05  +2.814644e-03  +4.312793e-06  +1.599657e-05  -1.194985e-01  +1.568409e-05  -4.184411e-05  -3.303865e-01  -1.143041e-05  -4.132196e-06  -3.165567e-01  -1.778141e-06  +1.225043e-05  -3.623140e-01  
+1.204741e-07  +5.741922e-08  +1.361569e-06  -5.930764e-07  -4.713549e-08  -2.098916e-07  -2.005838e-08  -1.997112e-06  +5.178037e-07  -3.155955e-06  +4.312793e-06  +9.075621e-07  -1.222922e-07  -3.438739e-04  +1.725797e-07  +4.634034e-08  -4.230791e-04  -3.306572e-07  -2.183083e-07  -9.417556e-04  -1.893249e-07  -1.153392e-08  -7.478297e-04  
+8.339637e-08  +1.419635e-08  +7.305053e-07  -9.573322e-07  -1.925018e-07  -9.045853e-07  +6.263977e-07  +7.758116e-07  +1.518421e-06  -1.111419e-05  +1.599657e-05  -1.222922e-07  +1.601932e-06  -9.270124e-04  +2.525447e-07  -2.209908e-07  -3.309727e-03  +3.797858e-07  +6.601059e-09  -1.926141e-03  -8.096487e-08  +4.033516e-08  -3.434347e-03  
-1.521228e-03  -2.125831e-04  -2.915287e-04  -2.064190e-02  +2.637011e-03  +1.507719e-02  +2.130853e-03  +1.029860e-02  -5.270326e-03  +3.348375e-02  -1.194985e-01  -3.438739e-04  -9.270124e-04  +1.198742e+01  -2.121068e-03  +3.249346e-03  +2.441457e+01  +4.839229e-04  +1.010424e-05  +2.307446e+01  +7.036375e-04  -1.520577e-03  +2.770406e+01  
+1.945470e-07  -1.558704e-08  -2.993643e-07  +3.335981e-06  -5.007000e-07  -2.665929e-06  -1.238561e-07  -1.646877e-07  +1.301987e-06  -8.137467e-06  +1.568409e-05  +1.725797e-07  +2.525447e-07  -2.121068e-03  +9.736553e-07  -6.077696e-07  -4.540871e-03  -1.061615e-07  +5.187891e-08  -3.900753e-03  -1.539639e-07  +3.902118e-07  -4.847576e-03  
-4.322210e-07  -1.505320e-07  +5.626229e-07  -8.935980e-06  +6.891988e-07  +5.322751e-06  +3.515758e-07  +2.908861e-06  -5.657948e-07  +4.723514e-06  -4.184411e-05  +4.634034e-08  -2.209908e-07  +3.249346e-03  -6.077696e-07  +1.471286e-06  +7.514848e-03  +1.366932e-07  +9.182464e-08  +7.089956e-03  +1.071896e-08  -4.279259e-07  +8.172758e-03  
-3.248902e-03  -7.379690e-04  +6.047814e-04  -5.511176e-02  +6.007166e-03  +3.856242e-02  +4.451015e-03  +2.487437e-02  -6.976929e-03  +5.028270e-02  -3.303865e-01  -4.230791e-04  -3.309727e-03  +2.441457e+01  -4.540871e-03  +7.514848e-03  +5.927989e+01  +7.892945e-04  +1.391966e-04  +5.377212e+01  +7.110493e-04  -2.499488e-03  +6.469718e+01  
-9.307343e-08  +3.340272e-08  -2.633831e-07  -4.383225e-07  +3.085663e-08  +1.121732e-06  +6.997993e-07  +9.422043e-07  +1.444996e-07  -1.194008e-06  -1.143041e-05  -3.306572e-07  +3.797858e-07  +4.839229e-04  -1.061615e-07  +1.366932e-07  +7.892945e-04  +7.114073e-07  +4.260867e-08  +1.445394e-03  +6.364013e-08  -1.224346e-07  +9.674029e-04  
+5.573971e-08  -1.794195e-07  -3.341917e-07  -1.656570e-06  +8.121779e-08  +2.015410e-07  -5.975198e-08  +3.479510e-06  +4.641686e-07  -2.474940e-06  -4.132196e-06  -2.183083e-07  +6.601059e-09  +1.010424e-05  +5.187891e-08  +9.182464e-08  +1.391966e-04  +4.260867e-08  +7.288300e-07  +4.030323e-04  +2.347259e-08  -4.108987e-08  -1.870534e-05  
-3.267812e-03  -8.780713e-04  +1.069912e-03  -5.051210e-02  +5.369430e-03  +3.637103e-02  +5.052866e-03  +3.439932e-02  -5.436651e-03  +3.901852e-02  -3.165567e-01  -9.417556e-04  -1.926141e-03  +2.307446e+01  -3.900753e-03  +7.089956e-03  +5.377212e+01  +1.445394e-03  +4.030323e-04  +5.300407e+01  +8.774954e-04  -2.184246e-03  +6.015546e+01  
-1.182927e-07  -4.410064e-08  -8.984024e-07  -5.107760e-07  +2.594466e-07  +1.701620e-08  +2.317007e-07  -2.384129e-07  -1.017800e-06  +5.898312e-06  -1.778141e-06  -1.893249e-07  -8.096487e-08  +7.036375e-04  -1.539639e-07  +1.071896e-08  +7.110493e-04  +6.364013e-08  +2.347259e-08  +8.774954e-04  +5.125059e-07  -2.225106e-07  +1.032633e-03  
+2.542899e-07  +4.198000e-08  -2.088379e-07  +1.969141e-06  -5.063942e-07  -1.523681e-06  -6.574756e-07  -1.042283e-07  +8.281187e-07  -4.774947e-06  +1.225043e-05  -1.153392e-08  +4.033516e-08  -1.520577e-03  +3.902118e-07  -4.279259e-07  -2.499488e-03  -1.224346e-07  -4.108987e-08  -2.184246e-03  -2.225106e-07  +1.169229e-06  -2.310134e-03  
-3.830387e-03  -9.724188e-04  -1.254842e-03  -6.116702e-02  +6.048450e-03  +4.041428e-02  +4.802215e-03  +2.662376e-02  -1.062906e-02  +7.326936e-02  -3.623140e-01  -7.478297e-04  -3.434347e-03  +2.770406e+01  -4.847576e-03  +8.172758e-03  +6.469718e+01  +9.674029e-04  -1.870534e-05  +6.015546e+01  +1.032633e-03  -2.310134e-03  +7.404234e+01  
