mean:
+3.983396e+00  +3.940968e+00  +6.317713e-01  -1.155070e+00  +1.683659e+00  +5.018300e-01  +9.222632e-01  +2.088271e+00  +1.388265e-01  +2.052352e+00  +4.898274e+00  +1.840122e+00  +2.983340e+00  +8.040791e+02  +4.960069e+00  +4.479653e+00  +2.008019e+03  
covariance:
+8.969345e-06  +2.227083e-06  -1.017746e-06  +1.126877e-05  +1.403555e-05  -2.854919e-07  +2.822792e-06  -4.898543e-06  -3.084059e-06  +3.263841e-05  -2.319444e-05  -2.076836e-07  -8.705665e-07  +4.400241e-04  -8.508473e-08  -3.222949e-07  +4.078781e-03  
+2.227083e-06  +5.579082e-06  -9.643863e-07  +9.300821e-06  +3.263323e-06  +1.925759e-08  +3.603678e-07  -1.166832e-06  +1.096385e-06  -8.430145e-06  -8.237014e-09  -7.940617e-09  -4.511468e-07  -4.467557e-04  -6.934363e-08  -1.912438e-07  -2.509447e-03  
-1.017746e-06  -9.643863e-07  +8.827737e-05  +2.559554e-05  -2.296989e-05  +2.341534e-05  +6.153126e-05  -1.008600e-04  +2.261520e-05  -2.702811e-04  -8.776051e-05  -1.591004e-06  +8.848929e-07  +1.809004e-03  +3.573968e-07  +1.107072e-06  -6.582639e-02  
+1.126877e-05  +9.300821e-06  +2.559554e-05  +6.297825e-04  +2.528278e-05  +4.166203e-07  +5.812911e-05  -8.015894e-05  +1.397551e-06  -3.224431e-05  -2.697358e-04  -6.540392e-06  +1.235954e-06  +1.349158e-02  -1.242401e-06  -3.927999e-06  -2.370537e-02  
+1.403555e-05  +3.263323e-06  -2.296989e-05  +2.528278e-05  +2.116463e-04  -7.991984e-06  +5.668614e-05  +1.314411e-04  -2.739022e-05  +2.495675e-04  -1.006002e-04  +4.663279e-06  -3.286676e-06  +5.428953e-03  -6.788074e-07  -1.436517e-06  +6.154239e-02  
-2.854919e-07  +1.925759e-08  +2.341534e-05  +4.166203e-07  -7.991984e-06  +1.122795e-05  +2.514360e-05  -4.382304e-05  +9.612529e-06  -1.227129e-04  +4.070454e-06  -6.832388e-07  +2.000753e-07  -1.573276e-03  +6.472582e-08  +1.380163e-07  -2.986477e-02  
+2.822792e-06  +3.603678e-07  +6.153126e-05  +5.812911e-05  +5.668614e-05  +2.514360e-05  +1.431424e-04  -5.260049e-05  +1.656049e-05  -2.876303e-04  -8.268503e-05  +3.008416e-07  +1.731056e-06  +1.435327e-03  +6.862188e-07  -4.765452e-07  -6.088907e-02  
-4.898543e-06  -1.166832e-06  -1.008600e-04  -8.015894e-05  +1.314411e-04  -4.382304e-05  -5.260049e-05  +6.620011e-04  -4.684950e-05  +5.442588e-04  +6.976081e-05  +1.017850e-05  -5.873721e-06  +2.746169e-03  +4.109804e-07  -1.064421e-06  +1.981841e-01  
-3.084059e-06  +1.096385e-06  +2.261520e-05  +1.397551e-06  -2.739022e-05  +9.612529e-06  +1.656049e-05  -4.684950e-05  +2.082363e-05  -2.234827e-04  +1.512102e-05  -7.886878e-07  +1.202871e-06  -3.126453e-03  +1.736905e-07  +7.070599e-07  -4.767940e-02  
+3.263841e-05  -8.430145e-06  -2.702811e-04  -3.224431e-05  +2.495675e-04  -1.227129e-04  -2.876303e-04  +5.442588e-04  -2.234827e-04  +2.594776e-03  -1.986013e-04  +8.345624e-06  -1.481957e-05  +3.518729e-02  -2.350300e-06  -6.624908e-06  +5.549146e-01  
-2.319444e-05  -8.237014e-09  -8.776051e-05  -2.697358e-04  -1.006002e-04  +4.070454e-06  -8.268503e-05  +6.976081e-05  +1.512102e-05  -1.986013e-04  +7.081637e-04  +2.004580e-06  +2.977440e-08  -3.191579e-02  +1.902270e-07  -3.554379e-07  -4.328894e-02  
-2.076836e-07  -7.940617e-09  -1.591004e-06  -6.540392e-06  +4.663279e-06  -6.832388e-07  +3.008416e-07  +1.017850e-05  -7.886878e-07  +8.345624e-06  +2.004580e-06  +7.139027e-07  -1.811207e-07  +1.900432e-04  -4.892701e-08  +1.174331e-08  +3.361239e-03  
-8.705665e-07  -4.511468e-07  +8.848929e-07  +1.235954e-06  -3.286676e-06  +2.000753e-07  +1.731056e-06  -5.873721e-06  +1.202871e-06  -1.481957e-05  +2.977440e-08  -1.811207e-07  +1.132956e-06  -8.570565e-05  +1.303355e-07  +6.105306e-08  -3.014313e-03  
+4.400241e-04  -4.467557e-04  +1.809004e-03  +1.349158e-02  +5.428953e-03  -1.573276e-03  +1.435327e-03  +2.746169e-03  -3.126453e-03  +3.518729e-02  -3.191579e-02  +1.900432e-04  -8.570565e-05  +3.964012e+00  +5.751428e-05  -4.352288e-05  +7.336246e+00  
-8.508473e-08  -6.934363e-08  +3.573968e-07  -1.242401e-06  -6.788074e-07  +6.472582e-08  +6.862188e-07  +4.109804e-07  +1.736905e-07  -2.350300e-06  +1.902270e-07  -4.892701e-08  +1.303355e-07  +5.751428e-05  +2.391038e-07  +1.245411e-08  -2.622985e-04  
-3.222949e-07  -1.912438e-07  +1.107072e-06  -3.927999e-06  -1.436517e-06  +1.380163e-07  -4.765452e-07  -1.064421e-06  +7.070599e-07  -6.624908e-06  -3.554379e-07  +1.174331e-08  +6.105306e-08  -4.352288e-05  +1.245411e-08  +3.617055e-07  -1.047325e-03  
+4.078781e-03  -2.509447e-03  -6.582639e-02  -2.370537e-02  +6.154239e-02  -2.986477e-02  -6.088907e-02  +1.981841e-01  -4.767940e-02  +5.549146e-01  -4.328894e-02  +3.361239e-03  -3.014313e-03  +7.336246e+00  -2.622985e-04  -1.047325e-03  +1.416431e+02  
