mean:
+3.929966e+00  +3.906770e+00  +6.414809e-01  -1.142297e+00  +1.689280e+00  +5.991638e-01  +9.238869e-01  +2.102331e+00  +1.449699e-01  +1.970907e+00  +4.830546e+00  +1.905950e+00  +3.007491e+00  +8.033130e+02  +4.960140e+00  +4.480091e+00  +2.003151e+03  
covariance:
+1.883454e-05  +1.415523e-05  -6.946735e-06  -2.651308e-05  -1.104950e-05  -3.258077e-07  -7.034801e-06  -5.675854e-05  +1.014122e-06  -6.404157e-06  +3.065552e-05  +3.685421e-07  +1.287072e-07  +2.440618e-03  +5.589972e-10  -1.487676e-07  +1.068807e-03  
+1.415523e-05  +1.989087e-05  +6.738548e-06  +2.864209e-06  -5.372200e-06  -1.882375e-06  -7.435725e-06  -4.802751e-05  +1.131801e-06  -2.041366e-06  -3.564130e-05  +5.676506e-07  +1.840718e-07  +3.407454e-03  -1.280812e-07  -4.215183e-07  -1.099887e-03  
-6.946735e-06  +6.738548e-06  +1.704373e-04  +4.109140e-04  +7.880343e-05  -1.152165e-05  +1.408962e-06  +1.763282e-04  +9.779113e-06  +1.963902e-05  -6.422174e-04  -1.526412e-07  +7.831199e-07  +9.822376e-03  +1.014995e-06  -2.331627e-06  -3.919169e-04  
-2.651308e-05  +2.864209e-06  +4.109140e-04  +2.150837e-03  +1.881527e-04  -6.938293e-05  -4.566240e-05  +6.413955e-04  +2.323564e-05  +2.320785e-04  -2.278860e-03  -7.219372e-06  -1.023767e-05  +4.211674e-02  +3.629820e-06  -4.013360e-06  +2.638180e-02  
-1.104950e-05  -5.372200e-06  +7.880343e-05  +1.881527e-04  +1.499822e-04  -5.063764e-06  +1.894760e-05  +1.176449e-04  +3.912953e-06  +9.799775e-06  -2.999312e-04  +6.149493e-07  +1.091889e-06  +1.813881e-03  +1.764631e-07  -1.422995e-06  +4.116805e-03  
-3.258077e-07  -1.882375e-06  -1.152165e-05  -6.938293e-05  -5.063764e-06  +9.216456e-06  +1.071894e-05  +1.066248e-05  -2.244617e-06  -1.062056e-06  +7.568792e-05  +8.023291e-08  +1.849457e-07  -5.501974e-03  -1.378084e-08  +2.628210e-07  +7.776371e-04  
-7.034801e-06  -7.435725e-06  +1.408962e-06  -4.566240e-05  +1.894760e-05  +1.071894e-05  +7.007439e-05  +8.795971e-05  -7.631259e-06  +1.203353e-05  -2.105896e-05  +1.887739e-06  +4.212315e-07  -1.058244e-02  +7.774877e-07  +4.689459e-07  +8.995851e-03  
-5.675854e-05  -4.802751e-05  +1.763282e-04  +6.413955e-04  +1.176449e-04  +1.066248e-05  +8.795971e-05  +1.063547e-03  +7.320565e-06  -2.632053e-05  -6.259885e-04  +3.727525e-07  +1.724837e-06  -3.307017e-02  +3.741341e-07  +1.243068e-06  +3.509878e-02  
+1.014122e-06  +1.131801e-06  +9.779113e-06  +2.323564e-05  +3.912953e-06  -2.244617e-06  -7.631259e-06  +7.320565e-06  +3.668769e-06  -1.213985e-05  -3.905529e-05  -9.100068e-08  +5.014964e-07  +1.300216e-03  +4.770263e-08  -1.290535e-07  +3.439915e-04  
-6.404157e-06  -2.041366e-06  +1.963902e-05  +2.320785e-04  +9.799775e-06  -1.062056e-06  +1.203353e-05  -2.632053e-05  -1.213985e-05  +1.512097e-04  -2.788002e-04  -1.344160e-06  -4.861494e-06  +7.185129e-03  -8.371270e-09  -7.478379e-07  -7.316655e-03  
+3.065552e-05  -3.564130e-05  -6.422174e-04  -2.278860e-03  -2.999312e-04  +7.568792e-05  -2.105896e-05  -6.259885e-04  -3.905529e-05  -2.788002e-04  +3.810869e-03  +1.670279e-06  +2.316896e-06  -6.238424e-02  -6.220563e-06  +1.020426e-05  -9.743555e-03  
+3.685421e-07  +5.676506e-07  -1.526412e-07  -7.219372e-06  +6.149493e-07  +8.023291e-08  +1.887739e-06  +3.727525e-07  -9.100068e-08  -1.344160e-06  +1.670279e-06  +6.966023e-07  +1.040434e-07  -2.303959e-04  -4.687262e-08  +2.786473e-08  +3.928662e-04  
+1.287072e-07  +1.840718e-07  +7.831199e-07  -1.023767e-05  +1.091889e-06  +1.849457e-07  +4.212315e-07  +1.724837e-06  +5.014964e-07  -4.861494e-06  +2.316896e-06  +1.040434e-07  +8.275433e-07  -3.609498e-06  -4.940540e-08  -1.032983e-08  +6.222162e-04  
+2.440618e-03  +3.407454e-03  +9.822376e-03  +4.211674e-02  +1.813881e-03  -5.501974e-03  -1.058244e-02  -3.307017e-02  +1.300216e-03  +7.185129e-03  -6.238424e-02  -2.303959e-04  -3.609498e-06  +7.361453e+00  -1.970384e-05  -1.658780e-04  -3.434089e-01  
+5.589972e-10  -1.280812e-07  +1.014995e-06  +3.629820e-06  +1.764631e-07  -1.378084e-08  +7.774877e-07  +3.741341e-07  +4.770263e-08  -8.371270e-09  -6.220563e-06  -4.687262e-08  -4.940540e-08  -1.970384e-05  +2.981639e-07  +3.516936e-08  +7.982697e-05  
-1.487676e-07  -4.215183e-07  -2.331627e-06  -4.013360e-06  -1.422995e-06  +2.628210e-07  +4.689459e-07  +1.243068e-06  -1.290535e-07  -7.478379e-07  +1.020426e-05  +2.786473e-08  -1.032983e-08  -1.658780e-04  +3.516936e-08  +4.103905e-07  +5.642010e-04  
+1.068807e-03  -1.099887e-03  -3.919169e-04  +2.638180e-02  +4.116805e-03  +7.776371e-04  +8.995851e-03  +3.509878e-02  +3.439915e-04  -7.316655e-03  -9.743555e-03  +3.928662e-04  +6.222162e-04  -3.434089e-01  +7.982697e-05  +5.642010e-04  +1.152963e+01  
