mean:
+4.031424e+00  +3.981495e+00  +8.244919e-01  +1.275514e+00  +1.203203e+00  +4.074014e-01  +8.000189e-01  +1.393737e+00  +2.129708e-01  +1.833829e+00  +5.993346e+00  +3.615355e+00  +2.923059e+00  +2.004443e+02  +4.294462e+00  +5.134752e+00  +2.778800e+02  +5.246367e+00  +3.822353e+00  +3.258521e+02  +2.798078e+00  +4.501453e+00  +3.837049e+02  
covariance:
+2.369791e-06  +1.942473e-07  -1.831258e-06  -4.509796e-06  -2.609362e-08  +8.083659e-07  +1.839025e-06  +9.731988e-07  -2.276569e-06  +4.610574e-06  -5.034968e-06  +2.367729e-07  +5.351647e-07  -4.562319e-04  -4.982478e-07  +1.170040e-06  +6.277373e-04  +1.031233e-06  -4.320416e-07  -3.034923e-04  -2.199702e-07  +1.579592e-06  -2.023949e-04  
+1.942473e-07  +3.342378e-07  +1.673416e-07  -6.371471e-07  -9.276534e-08  -2.456226e-07  +5.227717e-09  -1.539435e-06  -3.509540e-07  -4.915960e-08  +1.353340e-06  -2.143735e-08  -1.586791e-07  +2.633620e-04  -3.307581e-08  -2.170353e-07  -5.232968e-05  -1.662733e-07  +7.875392e-08  +2.425925e-04  +1.160768e-07  -4.636400e-07  +3.114431e-04  
-1.831258e-06  +1.673416e-07  +3.666454e-06  +3.895755e-06  -2.369656e-07  -2.074694e-06  -2.867710e-06  -8.551447e-06  +2.371124e-06  -7.744958e-06  +1.210830e-05  -2.805901e-07  -1.541317e-06  +1.935623e-03  +5.488535e-07  -2.686841e-06  -1.231235e-03  -2.271722e-06  +1.052011e-06  +1.498814e-03  +7.073701e-07  -4.396012e-06  +1.570494e-03  
-4.509796e-06  -6.371471e-07  +3.895755e-06  +1.215601e-05  +1.390999e-07  -1.973815e-06  -4.363491e-06  -3.619150e-06  +4.343760e-06  -1.048798e-05  +1.218233e-05  -4.508427e-07  -1.223948e-06  +1.084187e-03  +1.192184e-06  -2.930618e-06  -1.566502e-03  -2.547851e-06  +1.068669e-06  +8.920225e-04  +4.842768e-07  -3.962882e-06  +5.852384e-04  
-2.609362e-08  -9.276534e-08  -2.369656e-07  +1.390999e-07  +9.836702e-08  +1.523448e-07  +1.209790e-07  +1.020402e-06  -4.697108e-08  +2.797722e-07  -8.977630e-07  +1.236889e-08  +1.116102e-07  -1.783086e-04  +8.826615e-09  +1.788675e-07  +5.942698e-05  +1.428242e-07  -8.683161e-08  -1.383195e-04  -6.299925e-08  +3.382111e-07  -1.922421e-04  
+8.083659e-07  -2.456226e-07  -2.074694e-06  -1.973815e-06  +1.523448e-07  +1.378547e-06  +1.572858e-06  +6.001020e-06  -8.486201e-07  +4.575222e-06  -8.119768e-06  +1.790441e-07  +1.008409e-06  -1.282680e-03  -2.987409e-07  +1.704180e-06  +7.447172e-04  +1.408729e-06  -6.124974e-07  -1.046141e-03  -4.880605e-07  +2.826894e-06  -1.059208e-03  
+1.839025e-06  +5.227717e-09  -2.867710e-06  -4.363491e-06  +1.209790e-07  +1.572858e-06  +3.498537e-06  +3.803964e-06  -2.432806e-06  +7.012667e-06  -8.942354e-06  +1.862165e-07  +1.160072e-06  -1.546600e-03  -5.250711e-07  +2.294314e-06  +1.144683e-03  +2.020751e-06  -7.672104e-07  -9.759308e-04  -3.949424e-07  +3.645530e-06  -1.009912e-03  
+9.731988e-07  -1.539435e-06  -8.551447e-06  -3.619150e-06  +1.020402e-06  +6.001020e-06  +3.803964e-06  +4.478535e-05  -1.313989e-07  +1.234932e-05  -3.724464e-05  +4.439372e-07  +3.997247e-06  -5.947248e-03  -6.974732e-07  +7.422093e-06  +2.572231e-03  +5.286665e-06  -3.435401e-06  -5.692255e-03  -2.535151e-06  +1.245697e-05  -6.776287e-03  
-2.276569e-06  -3.509540e-07  +2.371124e-06  +4.343760e-06  -4.697108e-08  -8.486201e-07  -2.432806e-06  -1.313989e-07  +6.045643e-06  -7.323984e-06  +3.851256e-06  -2.326381e-07  -7.673656e-07  +5.733450e-04  +5.372649e-07  -1.073451e-06  -7.748262e-04  -1.329225e-06  +4.525052e-07  +1.090069e-04  +2.975839e-07  -1.663770e-06  -7.423944e-05  
+4.610574e-06  -4.915960e-08  -7.744958e-06  -1.048798e-05  +2.797722e-07  +4.575222e-06  +7.012667e-06  +1.234932e-05  -7.323984e-06  +2.284561e-05  -2.747832e-05  +7.858341e-07  +3.987010e-06  -4.232022e-03  -1.437836e-06  +5.906313e-06  +3.051964e-03  +5.396164e-06  -1.656337e-06  -2.911272e-03  -1.531368e-06  +9.603648e-06  -2.019236e-03  
-5.034968e-06  +1.353340e-06  +1.210830e-05  +1.218233e-05  -8.977630e-07  -8.119768e-06  -8.942354e-06  -3.724464e-05  +3.851256e-06  -2.747832e-05  +5.656051e-05  -1.112391e-06  -6.295824e-06  +7.807503e-03  +2.048181e-06  -1.058025e-05  -4.617435e-03  -8.697560e-06  +3.785321e-06  +6.694918e-03  +2.880954e-06  -1.747884e-05  +6.494643e-03  
+2.367729e-07  -2.143735e-08  -2.805901e-07  -4.508427e-07  +1.236889e-08  +1.790441e-07  +1.862165e-07  +4.439372e-07  -2.326381e-07  +7.858341e-07  -1.112391e-06  +6.759959e-08  +1.287666e-07  -1.020183e-04  -5.591806e-08  +1.869731e-07  +9.448085e-05  +1.609959e-07  -5.724589e-08  -7.976605e-05  -6.782088e-08  +2.853048e-07  -5.895341e-05  
+5.351647e-07  -1.586791e-07  -1.541317e-06  -1.223948e-06  +1.116102e-07  +1.008409e-06  +1.160072e-06  +3.997247e-06  -7.673656e-07  +3.987010e-06  -6.295824e-06  +1.287666e-07  +9.740080e-07  -1.122886e-03  -2.235348e-07  +1.365746e-06  +6.598737e-04  +1.198732e-06  -3.562117e-07  -8.445995e-04  -3.803688e-07  +2.343549e-06  -6.818118e-04  
-4.562319e-04  +2.633620e-04  +1.935623e-03  +1.084187e-03  -1.783086e-04  -1.282680e-03  -1.546600e-03  -5.947248e-03  +5.733450e-04  -4.232022e-03  +7.807503e-03  -1.020183e-04  -1.122886e-03  +1.525782e+00  +2.160169e-04  -1.776730e-03  -7.990442e-01  -1.501017e-03  +5.530768e-04  +1.160157e+00  +4.780122e-04  -3.074691e-03  +1.126557e+00  
-4.982478e-07  -3.307581e-08  +5.488535e-07  +1.192184e-06  +8.826615e-09  -2.987409e-07  -5.250711e-07  -6.974732e-07  +5.372649e-07  -1.437836e-06  +2.048181e-06  -5.591806e-08  -2.235348e-07  +2.160169e-04  +1.878352e-07  -4.348974e-07  -2.118727e-04  -3.786497e-07  +1.508516e-07  +1.889047e-04  +8.494174e-08  -6.293445e-07  +1.328164e-04  
+1.170040e-06  -2.170353e-07  -2.686841e-06  -2.930618e-06  +1.788675e-07  +1.704180e-06  +2.294314e-06  +7.422093e-06  -1.073451e-06  +5.906313e-06  -1.058025e-05  +1.869731e-07  +1.365746e-06  -1.776730e-03  -4.348974e-07  +2.417342e-06  +1.084568e-03  +1.966391e-06  -8.078211e-07  -1.402149e-03  -5.753170e-07  +3.922434e-06  -1.379422e-03  
+6.277373e-04  -5.232968e-05  -1.231235e-03  -1.566502e-03  +5.942698e-05  +7.447172e-04  +1.144683e-03  +2.572231e-03  -7.748262e-04  +3.051964e-03  -4.617435e-03  +9.448085e-05  +6.598737e-04  -7.990442e-01  -2.118727e-04  +1.084568e-03  +5.543982e-01  +9.621868e-04  -3.324910e-04  -5.780964e-01  -2.376443e-04  +1.794991e-03  -5.202116e-01  
+1.031233e-06  -1.662733e-07  -2.271722e-06  -2.547851e-06  +1.428242e-07  +1.408729e-06  +2.020751e-06  +5.286665e-06  -1.329225e-06  +5.396164e-06  -8.697560e-06  +1.609959e-07  +1.198732e-06  -1.501017e-03  -3.786497e-07  +1.966391e-06  +9.621868e-04  +1.767871e-06  -6.296619e-07  -1.123593e-03  -4.800804e-07  +3.328347e-06  -1.045475e-03  
-4.320416e-07  +7.875392e-08  +1.052011e-06  +1.068669e-06  -8.683161e-08  -6.124974e-07  -7.672104e-07  -3.435401e-06  +4.525052e-07  -1.656337e-06  +3.785321e-06  -5.724589e-08  -3.562117e-07  +5.530768e-04  +1.508516e-07  -8.078211e-07  -3.324910e-04  -6.296619e-07  +4.607419e-07  +4.926987e-04  +1.905905e-07  -1.299713e-06  +6.739488e-04  
-3.034923e-04  +2.425925e-04  +1.498814e-03  +8.920225e-04  -1.383195e-04  -1.046141e-03  -9.759308e-04  -5.692255e-03  +1.090069e-04  -2.911272e-03  +6.694918e-03  -7.976605e-05  -8.445995e-04  +1.160157e+00  +1.889047e-04  -1.402149e-03  -5.780964e-01  -1.123593e-03  +4.926987e-04  +1.016749e+00  +4.169421e-04  -2.404528e-03  +9.997722e-01  
-2.199702e-07  +1.160768e-07  +7.073701e-07  +4.842768e-07  -6.299925e-08  -4.880605e-07  -3.949424e-07  -2.535151e-06  +2.975839e-07  -1.531368e-06  +2.880954e-06  -6.782088e-08  -3.803688e-07  +4.780122e-04  +8.494174e-08  -5.753170e-07  -2.376443e-04  -4.800804e-07  +1.905905e-07  +4.169421e-04  +2.371678e-07  -9.991522e-07  +3.870372e-04  
+1.579592e-06  -4.636400e-07  -4.396012e-06  -3.962882e-06  +3.382111e-07  +2.826894e-06  +3.645530e-06  +1.245697e-05  -1.663770e-06  +9.603648e-06  -1.747884e-05  +2.853048e-07  +2.343549e-06  -3.074691e-03  -6.293445e-07  +3.922434e-06  +1.794991e-03  +3.328347e-06  -1.299713e-06  -2.404528e-03  -9.991522e-07  +6.667319e-06  -2.376902e-03  
-2.023949e-04  +3.114431e-04  +1.570494e-03  +5.852384e-04  -1.922421e-04  -1.059208e-03  -1.009912e-03  -6.776287e-03  -7.423944e-05  -2.019236e-03  +6.494643e-03  -5.895341e-05  -6.818118e-04  +1.126557e+00  +1.328164e-04  -1.379422e-03  -5.202116e-01  -1.045475e-03  +6.739488e-04  +9.997722e-01  +3.870372e-04  -2.376902e-03  +1.325460e+00  
