mean:
+3.983866e+00  +3.940458e+00  +6.572271e-01  -1.232144e+00  +1.649624e+00  +4.954036e-01  +9.097312e-01  +2.052181e+00  +1.449192e-01  +1.976365e+00  +4.886515e+00  +1.839980e+00  +2.983339e+00  +8.080599e+02  +4.959979e+00  +4.479697e+00  +2.011471e+03  
covariance:
+5.701152e-06  +1.409549e-06  +1.576909e-06  -1.667207e-08  -1.015152e-05  -1.684057e-06  +2.493048e-06  -1.255152e-05  -9.780238e-07  +6.116696e-06  -2.050028e-05  +2.716345e-07  -2.209044e-07  +6.514644e-04  +3.216994e-08  -1.092685e-07  +2.846195e-03  
+1.409549e-06  +4.792014e-06  +1.900141e-06  -4.293452e-06  +8.598440e-06  +1.587275e-07  -2.429349e-06  +5.492423e-06  +6.344760e-07  +7.290769e-08  -2.105337e-06  +3.464448e-07  -7.501751e-08  +1.084933e-04  -1.021435e-07  +1.067897e-07  -4.534268e-04  
+1.576909e-06  +1.900141e-06  +1.080926e-04  -3.142152e-04  +2.057912e-04  -2.455150e-05  -4.045308e-05  +1.310143e-04  +1.596703e-06  +7.508853e-05  -1.954391e-04  -1.354882e-06  -8.348691e-07  +1.983874e-02  -4.137879e-07  -9.138579e-07  +8.920202e-03  
-1.667207e-08  -4.293452e-06  -3.142152e-04  +1.428176e-03  -7.723947e-04  +1.130314e-04  +1.387899e-04  -3.723469e-04  +1.064195e-07  -2.871951e-04  +5.505566e-04  +1.309378e-05  +2.065551e-06  -9.142008e-02  +1.133316e-06  +6.196595e-06  +2.511948e-02  
-1.015152e-05  +8.598440e-06  +2.057912e-04  -7.723947e-04  +1.358419e-03  +1.382331e-05  -2.049800e-04  +8.436269e-04  +2.431851e-05  +6.539752e-05  -9.839876e-05  -2.179592e-06  -1.558744e-06  +4.851897e-02  -3.004432e-07  -8.711130e-07  -6.769427e-02  
-1.684057e-06  +1.587275e-07  -2.455150e-05  +1.130314e-04  +1.382331e-05  +2.448829e-05  +8.180026e-07  +6.178707e-05  +1.781122e-06  -3.172587e-05  +8.722244e-05  +1.404485e-06  +6.682658e-07  -8.622337e-03  +2.865598e-07  +4.453125e-07  -5.365909e-03  
+2.493048e-06  -2.429349e-06  -4.045308e-05  +1.387899e-04  -2.049800e-04  +8.180026e-07  +6.288950e-05  -1.673941e-04  -7.474838e-06  -5.044393e-06  +1.317291e-05  -2.678830e-07  -5.302980e-07  -5.513633e-03  +5.112670e-07  -2.805455e-07  +1.924138e-02  
-1.255152e-05  +5.492423e-06  +1.310143e-04  -3.723469e-04  +8.436269e-04  +6.178707e-05  -1.673941e-04  +1.363490e-03  +1.357621e-05  +9.995891e-05  +3.542736e-05  +3.876221e-08  +3.110788e-07  +4.958738e-03  -2.147871e-07  -2.801926e-06  -1.378778e-01  
-9.780238e-07  +6.344760e-07  +1.596703e-06  +1.064195e-07  +2.431851e-05  +1.781122e-06  -7.474838e-06  +1.357621e-05  +2.746050e-06  -1.146563e-05  +1.098297e-05  +2.496236e-07  -8.594355e-09  -1.013020e-03  -6.623009e-08  +2.417827e-07  -9.438529e-04  
+6.116696e-06  +7.290769e-08  +7.508853e-05  -2.871951e-04  +6.539752e-05  -3.172587e-05  -5.044393e-06  +9.995891e-05  -1.146563e-05  +1.791419e-04  -2.993398e-04  -2.916947e-06  -1.531355e-06  +3.088354e-02  +3.665040e-07  -2.298993e-06  -5.848598e-04  
-2.050028e-05  -2.105337e-06  -1.954391e-04  +5.505566e-04  -9.839876e-05  +8.722244e-05  +1.317291e-05  +3.542736e-05  +1.098297e-05  -2.993398e-04  +9.752609e-04  +2.831219e-06  +6.940062e-06  -6.847638e-02  -1.548663e-06  +2.333090e-06  -8.538970e-02  
+2.716345e-07  +3.464448e-07  -1.354882e-06  +1.309378e-05  -2.179592e-06  +1.404485e-06  -2.678830e-07  +3.876221e-08  +2.496236e-07  -2.916947e-06  +2.831219e-06  +8.982729e-07  -6.692970e-09  -1.045075e-03  +4.558063e-08  +1.756905e-07  +3.880408e-04  
-2.209044e-07  -7.501751e-08  -8.348691e-07  +2.065551e-06  -1.558744e-06  +6.682658e-07  -5.302980e-07  +3.110788e-07  -8.594355e-09  -1.531355e-06  +6.940062e-06  -6.692970e-09  +9.249185e-07  -6.138449e-04  -1.830743e-08  +6.846814e-08  -1.028651e-03  
+6.514644e-04  +1.084933e-04  +1.983874e-02  -9.142008e-02  +4.851897e-02  -8.622337e-03  -5.513633e-03  +4.958738e-03  -1.013020e-03  +3.088354e-02  -6.847638e-02  -1.045075e-03  -6.138449e-04  +1.077882e+01  +2.248430e-05  -4.246720e-04  +2.515293e+00  
+3.216994e-08  -1.021435e-07  -4.137879e-07  +1.133316e-06  -3.004432e-07  +2.865598e-07  +5.112670e-07  -2.147871e-07  -6.623009e-08  +3.665040e-07  -1.548663e-06  +4.558063e-08  -1.830743e-08  +2.248430e-05  +2.658978e-07  -1.101828e-08  +5.313572e-04  
-1.092685e-07  +1.067897e-07  -9.138579e-07  +6.196595e-06  -8.711130e-07  +4.453125e-07  -2.805455e-07  -2.801926e-06  +2.417827e-07  -2.298993e-06  +2.333090e-06  +1.756905e-07  +6.846814e-08  -4.246720e-04  -1.101828e-08  +4.295674e-07  +3.854523e-04  
+2.846195e-03  -4.534268e-04  +8.920202e-03  +2.511948e-02  -6.769427e-02  -5.365909e-03  +1.924138e-02  -1.378778e-01  -9.438529e-04  -5.848598e-04  -8.538970e-02  +3.880408e-04  -1.028651e-03  +2.515293e+00  +5.313572e-04  +3.854523e-04  +4.652723e+01  
