mean:
+3.982568e+00  +3.975733e+00  +6.038234e-01  +2.027047e+00  +1.271572e+00  +5.015505e-01  +8.793123e-01  +2.199402e+00  +4.047643e-02  +3.921224e+00  +5.805283e+00  +4.572427e+00  +3.239239e+00  +3.301731e+02  +2.590565e+00  +3.726215e+00  +4.566142e+02  +4.639724e+00  +4.959958e+00  +8.046170e+02  +3.990852e+00  +5.153803e+00  +4.390562e+02  
covariance:
+5.607190e-06  -2.229341e-06  -5.492263e-06  +8.318236e-06  +2.658083e-06  -5.185981e-07  +1.407477e-05  +2.099082e-06  -4.560896e-07  +1.232986e-05  -6.434346e-05  +1.217307e-07  -2.511186e-07  +1.886961e-03  -3.763769e-07  +5.562076e-07  +2.403991e-03  +2.739005e-07  -1.655158e-07  +3.471506e-03  -4.361103e-07  +5.613536e-07  +2.154559e-03  
-2.229341e-06  +3.704748e-06  -3.024404e-06  +1.194258e-06  -5.577877e-07  -6.136111e-07  +6.169664e-06  -1.101121e-06  -1.886248e-07  +3.491913e-06  -3.558330e-05  +6.405799e-08  -5.342773e-07  +1.103692e-03  -2.873030e-08  +1.385363e-07  +9.796285e-04  -3.496501e-07  +5.968273e-08  +2.118707e-03  -3.742312e-07  +1.539577e-07  +1.381431e-03  
-5.492263e-06  -3.024404e-06  +4.711741e-05  -4.327251e-05  -9.851832e-06  +5.604271e-06  -1.073268e-04  -8.958726e-06  +3.304209e-06  -8.298183e-05  +5.054585e-04  -1.230281e-07  +3.920735e-06  -1.556980e-02  +2.127296e-06  -3.429975e-06  -1.797099e-02  -2.246652e-08  +2.289212e-07  -2.872658e-02  +4.183125e-06  -3.822989e-06  -1.887250e-02  
+8.318236e-06  +1.194258e-06  -4.327251e-05  +1.140074e-04  +1.668454e-05  -9.563216e-06  +1.027775e-04  -2.101996e-05  -2.412924e-06  +5.983284e-05  -5.968905e-04  -3.161761e-06  -3.144155e-06  +1.756180e-02  -2.153479e-06  +2.023553e-06  +1.845834e-02  -1.058121e-06  -1.235765e-06  +3.614829e-02  -2.758193e-06  +4.556685e-06  +1.277721e-02  
+2.658083e-06  -5.577877e-07  -9.851832e-06  +1.668454e-05  +1.301462e-05  -1.044447e-06  +2.717774e-05  +2.224269e-06  -8.019392e-07  +2.279886e-05  -1.186346e-04  +1.193353e-08  -1.297110e-06  +3.443665e-03  -5.522479e-08  +1.139459e-06  +5.067375e-03  -3.846238e-08  +2.417497e-09  +5.890654e-03  -7.481741e-07  +6.323422e-07  +5.514047e-03  
-5.185981e-07  -6.136111e-07  +5.604271e-06  -9.563216e-06  -1.044447e-06  +1.791753e-06  -1.254242e-05  +4.709963e-06  +2.329884e-07  -5.888392e-06  +8.028151e-05  +2.883608e-07  +4.126178e-07  -2.241303e-03  +2.342779e-07  -2.228055e-07  -2.239613e-03  +3.315408e-07  -4.118565e-08  -5.285969e-03  +4.306640e-07  -7.573719e-07  -1.762157e-03  
+1.407477e-05  +6.169664e-06  -1.073268e-04  +1.027775e-04  +2.717774e-05  -1.254242e-05  +3.399534e-04  +7.637980e-05  -1.151590e-05  +2.654837e-04  -1.266297e-03  +3.279940e-06  -1.451830e-05  +3.730791e-02  -5.147366e-06  +1.133556e-05  +5.990948e-02  -2.241899e-06  +2.740912e-06  +7.445176e-02  -1.086475e-05  +9.915307e-06  +6.004743e-02  
+2.099082e-06  -1.101121e-06  -8.958726e-06  -2.101996e-05  +2.224269e-06  +4.709963e-06  +7.637980e-05  +1.375667e-04  -4.195984e-06  +8.045750e-05  +4.276640e-05  +4.340836e-06  -1.601991e-06  -2.013720e-04  -1.859563e-06  +2.551907e-06  +1.076032e-02  +1.497285e-06  +2.280694e-06  +5.276001e-04  -2.304609e-06  +5.968217e-07  +8.660999e-03  
-4.560896e-07  -1.886248e-07  +3.304209e-06  -2.412924e-06  -8.019392e-07  +2.329884e-07  -1.151590e-05  -4.195984e-06  +4.567445e-07  -9.753526e-06  +3.649385e-05  -1.913134e-07  +4.925128e-07  -1.103337e-03  +1.658002e-07  -4.150065e-07  -2.022386e-03  +4.463989e-08  -1.125074e-07  -2.122920e-03  +3.583659e-07  -2.787030e-07  -2.085029e-03  
+1.232986e-05  +3.491913e-06  -8.298183e-05  +5.983284e-05  +2.279886e-05  -5.888392e-06  +2.654837e-04  +8.045750e-05  -9.753526e-06  +2.426319e-04  -9.241618e-04  +4.752257e-06  -1.097175e-05  +2.727125e-02  -2.919575e-06  +1.047529e-05  +4.726257e-02  -3.289347e-07  +1.588628e-06  +4.971884e-02  -8.839830e-06  +7.637572e-06  +5.197200e-02  
-6.434346e-05  -3.558330e-05  +5.054585e-04  -5.968905e-04  -1.186346e-04  +8.028151e-05  -1.266297e-03  +4.276640e-05  +3.649385e-05  -9.241618e-04  +6.295329e-03  +2.017280e-06  +5.239854e-05  -1.826289e-01  +1.842978e-05  -4.132780e-05  -2.207132e-01  +9.809596e-06  +8.374018e-07  -3.543248e-01  +4.469698e-05  -4.869555e-05  -2.246501e-01  
+1.217307e-07  +6.405799e-08  -1.230281e-07  -3.161761e-06  +1.193353e-08  +2.883608e-07  +3.279940e-06  +4.340836e-06  -1.913134e-07  +4.752257e-06  +2.017280e-06  +5.799673e-07  -1.920729e-07  -1.195754e-04  -1.268430e-09  +2.115507e-07  +6.417831e-04  -5.666491e-08  +1.010170e-07  -1.570217e-04  -2.200270e-07  -4.652811e-08  +1.103986e-03  
-2.511186e-07  -5.342773e-07  +3.920735e-06  -3.144155e-06  -1.297110e-06  +4.126178e-07  -1.451830e-05  -1.601991e-06  +4.925128e-07  -1.097175e-05  +5.239854e-05  -1.920729e-07  +1.122241e-06  -1.496267e-03  +4.364310e-08  -5.479474e-07  -2.770572e-03  +2.540167e-07  -1.897444e-07  -2.690893e-03  +3.615125e-07  -2.417697e-07  -2.901819e-03  
+1.886961e-03  +1.103692e-03  -1.556980e-02  +1.756180e-02  +3.443665e-03  -2.241303e-03  +3.730791e-02  -2.013720e-04  -1.103337e-03  +2.727125e-02  -1.826289e-01  -1.195754e-04  -1.496267e-03  +5.682920e+00  -6.532504e-04  +1.177097e-03  +6.412859e+00  -2.467755e-04  -3.112642e-05  +1.047754e+01  -1.204640e-03  +1.304028e-03  +6.478325e+00  
-3.763769e-07  -2.873030e-08  +2.127296e-06  -2.153479e-06  -5.522479e-08  +2.342779e-07  -5.147366e-06  -1.859563e-06  +1.658002e-07  -2.919575e-06  +1.842978e-05  -1.268430e-09  +4.364310e-08  -6.532504e-04  +5.078142e-07  +1.551119e-08  -7.933354e-04  -5.662432e-08  -6.546123e-08  -1.557780e-03  +3.276573e-07  -1.328313e-07  -4.783835e-04  
+5.562076e-07  +1.385363e-07  -3.429975e-06  +2.023553e-06  +1.139459e-06  -2.228055e-07  +1.133556e-05  +2.551907e-06  -4.150065e-07  +1.047529e-05  -4.132780e-05  +2.115507e-07  -5.479474e-07  +1.177097e-03  +1.551119e-08  +6.849265e-07  +2.038306e-03  -5.980184e-08  +9.762326e-08  +1.956683e-03  -2.946261e-07  +2.915646e-07  +2.498952e-03  
+2.403991e-03  +9.796285e-04  -1.797099e-02  +1.845834e-02  +5.067375e-03  -2.239613e-03  +5.990948e-02  +1.076032e-02  -2.022386e-03  +4.726257e-02  -2.207132e-01  +6.417831e-04  -2.770572e-03  +6.412859e+00  -7.933354e-04  +2.038306e-03  +1.122170e+01  -5.988802e-04  +5.844293e-04  +1.286891e+01  -1.818407e-03  +1.689773e-03  +1.118875e+01  
+2.739005e-07  -3.496501e-07  -2.246652e-08  -1.058121e-06  -3.846238e-08  +3.315408e-07  -2.241899e-06  +1.497285e-06  +4.463989e-08  -3.289347e-07  +9.809596e-06  -5.666491e-08  +2.540167e-07  -2.467755e-04  -5.662432e-08  -5.980184e-08  -5.988802e-04  +4.625715e-07  -1.666204e-07  -8.284581e-04  -4.690075e-08  -3.754846e-08  -5.602178e-04  
-1.655158e-07  +5.968273e-08  +2.289212e-07  -1.235765e-06  +2.417497e-09  -4.118565e-08  +2.740912e-06  +2.280694e-06  -1.125074e-07  +1.588628e-06  +8.374018e-07  +1.010170e-07  -1.897444e-07  -3.112642e-05  -6.546123e-08  +9.762326e-08  +5.844293e-04  -1.666204e-07  +4.004162e-07  +2.793004e-04  +5.677539e-08  +2.549972e-08  +4.703957e-04  
+3.471506e-03  +2.118707e-03  -2.872658e-02  +3.614829e-02  +5.890654e-03  -5.285969e-03  +7.445176e-02  +5.276001e-04  -2.122920e-03  +4.971884e-02  -3.543248e-01  -1.570217e-04  -2.690893e-03  +1.047754e+01  -1.557780e-03  +1.956683e-03  +1.286891e+01  -8.284581e-04  +2.793004e-04  +2.233619e+01  -2.604356e-03  +2.913027e-03  +1.198035e+01  
-4.361103e-07  -3.742312e-07  +4.183125e-06  -2.758193e-06  -7.481741e-07  +4.306640e-07  -1.086475e-05  -2.304609e-06  +3.583659e-07  -8.839830e-06  +4.469698e-05  -2.200270e-07  +3.615125e-07  -1.204640e-03  +3.276573e-07  -2.946261e-07  -1.818407e-03  -4.690075e-08  +5.677539e-08  -2.604356e-03  +8.868823e-07  -3.837349e-07  -2.052006e-03  
+5.613536e-07  +1.539577e-07  -3.822989e-06  +4.556685e-06  +6.323422e-07  -7.573719e-07  +9.915307e-06  +5.968217e-07  -2.787030e-07  +7.637572e-06  -4.869555e-05  -4.652811e-08  -2.417697e-07  +1.304028e-03  -1.328313e-07  +2.915646e-07  +1.689773e-03  -3.754846e-08  +2.549972e-08  +2.913027e-03  -3.837349e-07  +7.858402e-07  +1.546947e-03  
+2.154559e-03  +1.381431e-03  -1.887250e-02  +1.277721e-02  +5.514047e-03  -1.762157e-03  +6.004743e-02  +8.660999e-03  -2.085029e-03  +5.197200e-02  -2.246501e-01  +1.103986e-03  -2.901819e-03  +6.478325e+00  -4.783835e-04  +2.498952e-03  +1.118875e+01  -5.602178e-04  +4.703957e-04  +1.198035e+01  -2.052006e-03  +1.546947e-03  +1.318746e+01  
