mean:
+3.980103e+00  +3.954283e+00  +8.505317e-01  +1.297563e+00  +1.401578e+00  +3.999785e-01  +8.458680e-01  +1.365696e+00  +1.720539e-01  +1.943421e+00  +5.784157e+00  +3.592285e+00  +2.698772e+00  +2.037987e+02  +4.310283e+00  +5.293896e+00  +2.782796e+02  +5.453709e+00  +3.756824e+00  +3.254819e+02  +2.640674e+00  +4.559553e+00  +3.931481e+02  
covariance:
+2.273407e-06  +9.530568e-08  -2.750682e-06  -7.988411e-06  -1.089319e-06  +4.574904e-07  +2.468386e-05  +8.516256e-06  -1.109103e-05  +8.670599e-05  -1.078122e-04  +2.693467e-07  -1.279529e-06  -5.766622e-04  -4.564561e-06  +1.887755e-06  +2.476064e-03  +4.847836e-07  -1.192088e-07  +2.926365e-03  +2.344194e-07  -4.429493e-08  +3.449193e-03  
+9.530568e-08  +9.661226e-07  -5.242943e-08  -3.031817e-07  -1.198094e-07  +1.446785e-08  +9.015122e-07  +6.098368e-07  -4.638330e-07  +3.430797e-06  -3.435387e-06  +1.571418e-07  -1.372992e-07  -1.128982e-05  -3.504081e-07  -6.832672e-08  +1.563748e-04  +7.894397e-08  -1.439043e-07  -4.113787e-05  +3.672653e-08  -3.319342e-08  +1.427682e-04  
-2.750682e-06  -5.242943e-08  +1.994971e-05  +5.360707e-06  +5.424446e-06  -3.384710e-06  -5.226823e-05  -2.139137e-05  +2.320185e-05  -1.879702e-04  +1.903677e-04  +5.224726e-07  +5.023564e-06  +2.214359e-03  +5.889403e-07  -7.031329e-06  -7.258699e-03  +1.376721e-06  -1.585040e-06  -7.392392e-03  +4.956463e-07  +1.617637e-07  -9.540812e-03  
-7.988411e-06  -3.031817e-07  +5.360707e-06  +8.471425e-05  -3.488182e-08  -2.514715e-06  -1.347119e-04  -5.864906e-05  +5.976628e-05  -4.652490e-04  +6.061571e-04  -6.329020e-06  +6.952036e-06  +1.575015e-03  +3.491874e-05  -6.289200e-06  -1.404267e-02  -3.110393e-06  +1.535813e-06  -9.354839e-03  -1.379661e-07  +1.341063e-06  -1.533909e-02  
-1.089319e-06  -1.198094e-07  +5.424446e-06  -3.488182e-08  +5.587075e-06  -3.778171e-07  -1.694971e-05  -8.193736e-06  +7.149673e-06  -6.021417e-05  +7.207263e-05  +7.027047e-07  +7.656801e-07  +9.664461e-04  +1.249046e-07  -2.290898e-06  -2.058707e-03  -1.429233e-07  -3.502088e-07  -3.828921e-03  +2.420735e-07  -2.497785e-07  -3.257900e-03  
+4.574904e-07  +1.446785e-08  -3.384710e-06  -2.514715e-06  -3.778171e-07  +1.616275e-06  +7.161573e-06  +4.769371e-07  -3.809857e-06  +2.836208e-05  -2.041129e-05  +4.904148e-07  -9.519866e-07  +2.129492e-04  -1.597394e-07  +9.044885e-07  +1.676279e-03  -3.114483e-07  +1.337026e-07  -7.351199e-05  +1.828463e-08  -4.491759e-07  +1.491012e-03  
+2.468386e-05  +9.015122e-07  -5.226823e-05  -1.347119e-04  -1.694971e-05  +7.161573e-06  +4.654336e-04  +1.652182e-04  -2.002428e-04  +1.601959e-03  -2.016226e-03  +2.001346e-06  -2.156805e-05  -1.076567e-02  -8.311501e-05  +3.690043e-05  +4.314926e-02  +9.275137e-06  +1.158976e-07  +6.020272e-02  +4.063695e-06  +8.188799e-07  +6.430825e-02  
+8.516256e-06  +6.098368e-07  -2.139137e-05  -5.864906e-05  -8.193736e-06  +4.769371e-07  +1.652182e-04  +2.185781e-04  -7.180138e-05  +5.813073e-04  -7.051526e-04  +2.278994e-07  -8.997717e-06  -1.244715e-02  -2.298676e-05  +1.298399e-05  +1.724675e-02  -4.728394e-07  -1.580909e-06  +1.566542e-02  -4.134214e-06  -1.478084e-06  +1.888006e-02  
-1.109103e-05  -4.638330e-07  +2.320185e-05  +5.976628e-05  +7.149673e-06  -3.809857e-06  -2.002428e-04  -7.180138e-05  +8.934730e-05  -7.129494e-04  +8.766602e-04  -1.898068e-06  +1.068646e-05  +4.339650e-03  +3.582999e-05  -1.542289e-05  -2.014121e-02  -3.737885e-06  +9.013042e-07  -2.461398e-02  -2.008218e-06  +1.775882e-07  -2.915243e-02  
+8.670599e-05  +3.430797e-06  -1.879702e-04  -4.652490e-04  -6.021417e-05  +2.836208e-05  +1.601959e-03  +5.813073e-04  -7.129494e-04  +5.763242e-03  -7.129477e-03  +1.197463e-05  -8.522886e-05  -3.383451e-02  -2.823580e-04  +1.243971e-04  +1.616459e-01  +3.072985e-05  -1.160856e-05  +2.028782e-01  +1.701177e-05  -3.480785e-07  +2.388865e-01  
-1.078122e-04  -3.435387e-06  +1.903677e-04  +6.061571e-04  +7.207263e-05  -2.041129e-05  -2.016226e-03  -7.051526e-04  +8.766602e-04  -7.129477e-03  +9.333206e-03  -1.230493e-05  +8.665282e-05  +3.504983e-02  +3.914176e-04  -1.463172e-04  -1.872180e-01  -5.313876e-05  +2.659294e-05  -2.647356e-01  -2.590552e-05  -6.102019e-07  -2.846691e-01  
+2.693467e-07  +1.571418e-07  +5.224726e-07  -6.329020e-06  +7.027047e-07  +4.904148e-07  +2.001346e-06  +2.278994e-07  -1.898068e-06  +1.197463e-05  -1.230493e-05  +2.429414e-06  -1.157109e-06  +4.756279e-04  -2.936047e-06  -1.049900e-06  +1.105130e-03  -2.853398e-07  -5.594384e-07  -1.860702e-03  -6.814033e-08  -5.234997e-07  +2.194133e-04  
-1.279529e-06  -1.372992e-07  +5.023564e-06  +6.952036e-06  +7.656801e-07  -9.519866e-07  -2.156805e-05  -8.997717e-06  +1.068646e-05  -8.522886e-05  +8.665282e-05  -1.157109e-06  +3.707563e-06  +4.971092e-04  +2.895839e-06  -1.823131e-06  -3.492220e-03  +6.439674e-07  -2.618660e-07  -1.537642e-03  +1.095759e-07  +1.403750e-07  -3.950305e-03  
-5.766622e-04  -1.128982e-05  +2.214359e-03  +1.575015e-03  +9.664461e-04  +2.129492e-04  -1.076567e-02  -1.244715e-02  +4.339650e-03  -3.383451e-02  +3.504983e-02  +4.756279e-04  +4.971092e-04  +1.914463e+00  +5.205641e-04  -1.168430e-03  -7.952754e-01  +2.216749e-04  -6.591480e-04  -1.592442e+00  +2.973760e-04  -1.858954e-04  -1.059914e+00  
-4.564561e-06  -3.504081e-07  +5.889403e-07  +3.491874e-05  +1.249046e-07  -1.597394e-07  -8.311501e-05  -2.298676e-05  +3.582999e-05  -2.823580e-04  +3.914176e-04  -2.936047e-06  +2.895839e-06  +5.205641e-04  +2.360531e-05  -3.570701e-06  -6.869601e-03  -3.210026e-06  +1.784965e-06  -8.275442e-03  -1.494027e-06  +4.160964e-07  -9.411142e-03  
+1.887755e-06  -6.832672e-08  -7.031329e-06  -6.289200e-06  -2.290898e-06  +9.044885e-07  +3.690043e-05  +1.298399e-05  -1.542289e-05  +1.243971e-04  -1.463172e-04  -1.049900e-06  -1.823131e-06  -1.168430e-03  -3.570701e-06  +4.441815e-06  +3.370800e-03  +1.961566e-07  +9.618910e-07  +5.990788e-03  +1.472484e-09  +5.205163e-07  +5.675927e-03  
+2.476064e-03  +1.563748e-04  -7.258699e-03  -1.404267e-02  -2.058707e-03  +1.676279e-03  +4.314926e-02  +1.724675e-02  -2.014121e-02  +1.616459e-01  -1.872180e-01  +1.105130e-03  -3.492220e-03  -7.952754e-01  -6.869601e-03  +3.370800e-03  +5.919952e+00  +2.975446e-04  -3.203297e-04  +4.204301e+00  +2.429163e-04  -5.484055e-04  +6.861029e+00  
+4.847836e-07  +7.894397e-08  +1.376721e-06  -3.110393e-06  -1.429233e-07  -3.114483e-07  +9.275137e-06  -4.728394e-07  -3.737885e-06  +3.072985e-05  -5.313876e-05  -2.853398e-07  +6.439674e-07  +2.216749e-04  -3.210026e-06  +1.961566e-07  +2.975446e-04  +1.378646e-06  -6.760364e-07  +1.519461e-03  +5.625312e-07  -1.262863e-07  +9.053151e-04  
-1.192088e-07  -1.439043e-07  -1.585040e-06  +1.535813e-06  -3.502088e-07  +1.337026e-07  +1.158976e-07  -1.580909e-06  +9.013042e-07  -1.160856e-05  +2.659294e-05  -5.594384e-07  -2.618660e-07  -6.591480e-04  +1.784965e-06  +9.618910e-07  -3.203297e-04  -6.760364e-07  +2.023490e-06  +7.724170e-04  -4.949616e-07  +5.489418e-07  -2.279833e-04  
+2.926365e-03  -4.113787e-05  -7.392392e-03  -9.354839e-03  -3.828921e-03  -7.351199e-05  +6.020272e-02  +1.566542e-02  -2.461398e-02  +2.028782e-01  -2.647356e-01  -1.860702e-03  -1.537642e-03  -1.592442e+00  -8.275442e-03  +5.990788e-03  +4.204301e+00  +1.519461e-03  +7.724170e-04  +1.219348e+01  +7.249275e-04  +1.315225e-03  +9.570661e+00  
+2.344194e-07  +3.672653e-08  +4.956463e-07  -1.379661e-07  +2.420735e-07  +1.828463e-08  +4.063695e-06  -4.134214e-06  -2.008218e-06  +1.701177e-05  -2.590552e-05  -6.814033e-08  +1.095759e-07  +2.973760e-04  -1.494027e-06  +1.472484e-09  +2.429163e-04  +5.625312e-07  -4.949616e-07  +7.249275e-04  +7.810651e-07  -7.489442e-08  +7.434883e-04  
-4.429493e-08  -3.319342e-08  +1.617637e-07  +1.341063e-06  -2.497785e-07  -4.491759e-07  +8.188799e-07  -1.478084e-06  +1.775882e-07  -3.480785e-07  -6.102019e-07  -5.234997e-07  +1.403750e-07  -1.858954e-04  +4.160964e-07  +5.205163e-07  -5.484055e-04  -1.262863e-07  +5.489418e-07  +1.315225e-03  -7.489442e-08  +8.738316e-07  +4.821852e-04  
+3.449193e-03  +1.427682e-04  -9.540812e-03  -1.533909e-02  -3.257900e-03  +1.491012e-03  +6.430825e-02  +1.888006e-02  -2.915243e-02  +2.388865e-01  -2.846691e-01  +2.194133e-04  -3.950305e-03  -1.059914e+00  -9.411142e-03  +5.675927e-03  +6.861029e+00  +9.053151e-04  -2.279833e-04  +9.570661e+00  +7.434883e-04  +4.821852e-04  +1.181542e+01  
