mean:
+3.989217e+00  +3.957906e+00  +5.970782e-01  +2.035850e+00  +1.226850e+00  +3.992889e-01  +8.534154e-01  +2.209265e+00  +3.896450e-02  +3.888562e+00  +5.888651e+00  +4.477306e+00  +3.301618e+00  +3.263021e+02  +2.492501e+00  +3.691871e+00  +4.594602e+02  +4.639716e+00  +4.959879e+00  +8.041978e+02  +4.021084e+00  +5.121877e+00  +4.367372e+02  
covariance:
+8.529380e-06  -6.270162e-07  +3.962293e-07  +2.617106e-06  +5.696717e-06  -1.937285e-07  +5.422179e-06  +3.169910e-06  -5.703676e-08  +2.083794e-06  -1.815584e-05  -4.438834e-07  -1.615589e-08  +9.340012e-04  -1.303920e-08  +1.144617e-07  +1.233239e-03  -2.344324e-07  -2.062075e-07  +1.082572e-04  +2.971925e-07  +1.191089e-07  +1.256954e-03  
-6.270162e-07  +2.702334e-06  -5.115359e-07  -7.346674e-06  -3.401678e-06  +7.385031e-07  -6.211109e-06  -1.973670e-06  +2.277271e-07  -4.226534e-06  +2.215211e-05  -2.269292e-07  +3.392217e-07  -3.969926e-04  -2.285791e-07  -3.042616e-07  -1.638637e-03  +1.292765e-07  +5.792757e-08  -8.420611e-04  -6.720686e-08  -1.840304e-07  -1.527449e-03  
+3.962293e-07  -5.115359e-07  +5.799002e-06  +1.087324e-05  +1.490295e-06  -1.975281e-06  +2.277566e-06  -7.963837e-06  +2.179619e-08  -5.717227e-06  +3.512716e-06  +7.662649e-08  -2.022986e-07  +2.489370e-04  -4.590889e-07  -5.565550e-07  +1.169012e-03  +1.587514e-07  -2.226765e-07  +1.595860e-03  +2.398963e-07  -2.769708e-07  -1.675063e-04  
+2.617106e-06  -7.346674e-06  +1.087324e-05  +3.693331e-04  +7.027122e-05  -3.611596e-05  +1.979787e-04  +3.904435e-05  -6.329100e-06  +9.792314e-05  -6.102357e-04  +3.987986e-06  -2.248126e-06  +1.897703e-02  -2.351119e-06  +4.888133e-06  +6.016583e-02  +6.173409e-07  -2.853616e-06  +3.394593e-02  -3.230874e-06  +4.095069e-06  +4.411956e-02  
+5.696717e-06  -3.401678e-06  +1.490295e-06  +7.027122e-05  +7.169820e-05  -1.001724e-05  +8.226883e-05  +1.445936e-05  -2.215881e-06  +3.193391e-05  -2.488263e-04  +1.763718e-06  -1.285391e-06  +5.836380e-03  -5.123894e-07  +3.134323e-06  +2.087884e-02  -3.418844e-07  -2.303502e-07  +1.004312e-02  -9.937615e-07  +1.740846e-06  +1.526290e-02  
-1.937285e-07  +7.385031e-07  -1.975281e-06  -3.611596e-05  -1.001724e-05  +4.987420e-06  -2.488953e-05  -3.566879e-06  +6.949174e-07  -7.764995e-06  +7.234760e-05  -7.707178e-07  +4.736086e-07  -1.929449e-03  +5.438830e-07  -7.449530e-07  -7.356039e-03  -1.118407e-08  +2.722609e-07  -4.343624e-03  +4.547233e-07  -6.830451e-07  -4.494058e-03  
+5.422179e-06  -6.211109e-06  +2.277566e-06  +1.979787e-04  +8.226883e-05  -2.488953e-05  +1.956944e-04  +4.914595e-05  -5.851243e-06  +8.324610e-05  -5.867029e-04  +3.340340e-06  -4.667588e-06  +1.356230e-02  -1.491596e-06  +7.028244e-06  +5.057200e-02  -1.098483e-06  -9.536426e-07  +2.472297e-02  -3.394664e-06  +4.561764e-06  +3.888373e-02  
+3.169910e-06  -1.973670e-06  -7.963837e-06  +3.904435e-05  +1.445936e-05  -3.566879e-06  +4.914595e-05  +6.700311e-05  -1.807798e-06  +4.300032e-05  -1.871140e-04  +1.426720e-06  -1.834288e-06  +3.526659e-03  +1.516202e-06  +3.354953e-06  +1.296609e-02  -1.585593e-06  +2.461272e-07  +3.528884e-03  -4.309495e-07  +2.509443e-06  +1.107296e-02  
-5.703676e-08  +2.277271e-07  +2.179619e-08  -6.329100e-06  -2.215881e-06  +6.949174e-07  -5.851243e-06  -1.807798e-06  +2.182621e-07  -3.133896e-06  +1.790740e-05  -1.007597e-07  +1.504504e-07  -4.239360e-04  +1.865357e-08  -2.141727e-07  -1.515818e-03  +3.151764e-08  +3.324483e-08  -7.125528e-04  +7.986046e-08  -1.232026e-07  -1.235671e-03  
+2.083794e-06  -4.226534e-06  -5.717227e-06  +9.792314e-05  +3.193391e-05  -7.764995e-06  +8.324610e-05  +4.300032e-05  -3.133896e-06  +7.385369e-05  -2.904563e-04  +1.713926e-06  -2.884314e-06  +7.297580e-03  +1.525647e-06  +3.884451e-06  +2.229367e-02  -1.284841e-06  -9.308673e-07  +8.516169e-03  +1.988924e-07  +1.637420e-06  +2.003870e-02  
-1.815584e-05  +2.215211e-05  +3.512716e-06  -6.102357e-04  -2.488263e-04  +7.234760e-05  -5.867029e-04  -1.871140e-04  +1.790740e-05  -2.904563e-04  +1.903577e-03  -1.115897e-05  +1.668326e-05  -4.222581e-02  -6.981952e-07  -2.370886e-05  -1.551474e-01  +6.845302e-06  +3.740859e-06  -7.080086e-02  +8.375168e-06  -1.392658e-05  -1.223806e-01  
-4.438834e-07  -2.269292e-07  +7.662649e-08  +3.987986e-06  +1.763718e-06  -7.707178e-07  +3.340340e-06  +1.426720e-06  -1.007597e-07  +1.713926e-06  -1.115897e-05  +5.341889e-07  -2.094860e-07  +4.473382e-05  -4.482479e-08  +2.205723e-07  +1.059693e-03  -8.461933e-08  +2.368328e-08  +6.440220e-04  -9.933222e-08  +2.217477e-07  +4.764470e-04  
-1.615589e-08  +3.392217e-07  -2.022986e-07  -2.248126e-06  -1.285391e-06  +4.736086e-07  -4.667588e-06  -1.834288e-06  +1.504504e-07  -2.884314e-06  +1.668326e-05  -2.094860e-07  +6.070720e-07  -1.656104e-04  -1.617249e-07  -2.306704e-07  -1.142970e-03  +1.799895e-07  +7.580685e-08  -4.688688e-04  -4.356219e-08  -1.020462e-07  -9.682707e-04  
+9.340012e-04  -3.969926e-04  +2.489370e-04  +1.897703e-02  +5.836380e-03  -1.929449e-03  +1.356230e-02  +3.526659e-03  -4.239360e-04  +7.297580e-03  -4.222581e-02  +4.473382e-05  -1.656104e-04  +1.651780e+00  -6.876302e-05  +3.531945e-04  +3.808520e+00  -5.926044e-05  -1.624965e-04  +1.942202e+00  +4.643279e-06  +1.470220e-04  +2.965649e+00  
-1.303920e-08  -2.285791e-07  -4.590889e-07  -2.351119e-06  -5.123894e-07  +5.438830e-07  -1.491596e-06  +1.516202e-06  +1.865357e-08  +1.525647e-06  -6.981952e-07  -4.482479e-08  -1.617249e-07  -6.876302e-05  +4.917244e-07  +4.741718e-08  -4.931612e-04  -1.589825e-07  -3.595830e-08  -4.863842e-04  +1.229951e-07  -8.447735e-08  +8.513752e-05  
+1.144617e-07  -3.042616e-07  -5.565550e-07  +4.888133e-06  +3.134323e-06  -7.449530e-07  +7.028244e-06  +3.354953e-06  -2.141727e-07  +3.884451e-06  -2.370886e-05  +2.205723e-07  -2.306704e-07  +3.531945e-04  +4.741718e-08  +5.599748e-07  +1.866936e-03  -1.627095e-07  -2.710536e-08  +6.212888e-04  -1.649906e-07  +2.157175e-07  +1.189410e-03  
+1.233239e-03  -1.638637e-03  +1.169012e-03  +6.016583e-02  +2.087884e-02  -7.356039e-03  +5.057200e-02  +1.296609e-02  -1.515818e-03  +2.229367e-02  -1.551474e-01  +1.059693e-03  -1.142970e-03  +3.808520e+00  -4.931612e-04  +1.866936e-03  +1.448664e+01  -2.565168e-04  -3.870773e-04  +6.858243e+00  -6.853751e-04  +1.178238e-03  +9.654835e+00  
-2.344324e-07  +1.292765e-07  +1.587514e-07  +6.173409e-07  -3.418844e-07  -1.118407e-08  -1.098483e-06  -1.585593e-06  +3.151764e-08  -1.284841e-06  +6.845302e-06  -8.461933e-08  +1.799895e-07  -5.926044e-05  -1.589825e-07  -1.627095e-07  -2.565168e-04  +3.202410e-07  +1.528295e-08  +6.905901e-05  -4.059639e-10  -3.288644e-08  -3.895789e-04  
-2.062075e-07  +5.792757e-08  -2.226765e-07  -2.853616e-06  -2.303502e-07  +2.722609e-07  -9.536426e-07  +2.461272e-07  +3.324483e-08  -9.308673e-07  +3.740859e-06  +2.368328e-08  +7.580685e-08  -1.624965e-04  -3.595830e-08  -2.710536e-08  -3.870773e-04  +1.528295e-08  +1.947219e-07  -1.712664e-04  -7.776833e-08  +2.356709e-08  -2.262660e-04  
+1.082572e-04  -8.420611e-04  +1.595860e-03  +3.394593e-02  +1.004312e-02  -4.343624e-03  +2.472297e-02  +3.528884e-03  -7.125528e-04  +8.516169e-03  -7.080086e-02  +6.440220e-04  -4.688688e-04  +1.942202e+00  -4.863842e-04  +6.212888e-04  +6.858243e+00  +6.905901e-05  -1.712664e-04  +4.400311e+00  -4.386556e-04  +6.413611e-04  +4.773273e+00  
+2.971925e-07  -6.720686e-08  +2.398963e-07  -3.230874e-06  -9.937615e-07  +4.547233e-07  -3.394664e-06  -4.309495e-07  +7.986046e-08  +1.988924e-07  +8.375168e-06  -9.933222e-08  -4.356219e-08  +4.643279e-06  +1.229951e-07  -1.649906e-07  -6.853751e-04  -4.059639e-10  -7.776833e-08  -4.386556e-04  +5.747211e-07  -1.452038e-07  -7.688059e-04  
+1.191089e-07  -1.840304e-07  -2.769708e-07  +4.095069e-06  +1.740846e-06  -6.830451e-07  +4.561764e-06  +2.509443e-06  -1.232026e-07  +1.637420e-06  -1.392658e-05  +2.217477e-07  -1.020462e-07  +1.470220e-04  -8.447735e-08  +2.157175e-07  +1.178238e-03  -3.288644e-08  +2.356709e-08  +6.413611e-04  -1.452038e-07  +3.888840e-07  +8.028240e-04  
+1.256954e-03  -1.527449e-03  -1.675063e-04  +4.411956e-02  +1.526290e-02  -4.494058e-03  +3.888373e-02  +1.107296e-02  -1.235671e-03  +2.003870e-02  -1.223806e-01  +4.764470e-04  -9.682707e-04  +2.965649e+00  +8.513752e-05  +1.189410e-03  +9.654835e+00  -3.895789e-04  -2.262660e-04  +4.773273e+00  -7.688059e-04  +8.028240e-04  +9.726109e+00  
