mean:
+3.928186e+00  +3.907561e+00  +6.188642e-01  -1.192948e+00  +1.664420e+00  +6.026449e-01  +9.325806e-01  +2.110893e+00  +1.397348e-01  +2.003586e+00  +4.786870e+00  +1.905479e+00  +3.007480e+00  +8.028384e+02  +4.959985e+00  +4.479801e+00  +2.018379e+03  
covariance:
+1.699293e-05  +1.278416e-05  +6.933259e-06  +1.212537e-05  -1.792470e-06  +9.197613e-07  +3.238625e-06  +4.535995e-06  -1.279398e-06  +1.323374e-05  -2.693046e-05  +5.522635e-07  +1.100452e-07  -1.670172e-03  -1.156517e-07  +1.849179e-08  +2.221336e-03  
+1.278416e-05  +1.798216e-05  -3.208728e-05  -6.856854e-05  +2.164961e-05  +4.174746e-06  +5.515035e-06  +2.742847e-06  -7.690828e-07  +2.353375e-05  -1.736201e-04  +4.399083e-07  +5.784891e-07  +2.385860e-03  -1.922884e-08  -2.044244e-07  +1.258327e-02  
+6.933259e-06  -3.208728e-05  +8.367042e-04  +1.585344e-03  -2.627401e-04  -5.112834e-05  -5.763432e-06  +7.091569e-05  -2.414462e-05  -9.847415e-05  +2.354610e-03  +1.720642e-06  -2.591297e-06  -5.766426e-02  +4.621040e-07  -2.411397e-08  -1.193830e-01  
+1.212537e-05  -6.856854e-05  +1.585344e-03  +3.508780e-03  -6.873804e-04  -9.043768e-05  +6.604387e-05  -1.530496e-05  -6.153554e-05  -1.107566e-04  +4.483078e-03  +5.749577e-06  -8.716518e-06  -1.363352e-01  +1.523599e-06  +1.285348e-06  -2.500934e-01  
-1.792470e-06  +2.164961e-05  -2.627401e-04  -6.873804e-04  +4.810503e-04  +1.881178e-05  +3.400306e-05  -1.842341e-05  +1.308757e-06  +1.077785e-04  -1.151797e-03  +4.214303e-06  +3.501522e-06  +2.735367e-02  +1.204799e-06  -1.388455e-06  +1.121129e-01  
+9.197613e-07  +4.174746e-06  -5.112834e-05  -9.043768e-05  +1.881178e-05  +2.169908e-05  +2.612792e-06  +3.315625e-05  -9.259887e-07  +4.481389e-05  -2.335336e-04  -2.913766e-07  -6.182583e-08  +9.201613e-03  +3.516099e-08  +5.171673e-07  +1.928467e-02  
+3.238625e-06  +5.515035e-06  -5.763432e-06  +6.604387e-05  +3.400306e-05  +2.612792e-06  +9.255216e-05  -6.676689e-05  -1.664705e-05  +1.271868e-04  -3.742015e-04  +2.826081e-06  +7.395386e-07  -7.164678e-04  +1.387423e-06  -7.096060e-07  +3.857449e-02  
+4.535995e-06  +2.742847e-06  +7.091569e-05  -1.530496e-05  -1.842341e-05  +3.315625e-05  -6.676689e-05  +5.297424e-04  +1.389113e-05  -2.791075e-05  -7.298059e-05  -8.116205e-06  +2.416617e-07  +2.410251e-02  +9.121639e-08  -6.285605e-07  +2.341805e-02  
-1.279398e-06  -7.690828e-07  -2.414462e-05  -6.153554e-05  +1.308757e-06  -9.259887e-07  -1.664705e-05  +1.389113e-05  +5.763733e-06  -3.106725e-05  -1.032056e-05  -7.640763e-07  +5.662263e-08  +1.850076e-03  -3.231368e-07  +1.953933e-07  -4.980247e-03  
+1.323374e-05  +2.353375e-05  -9.847415e-05  -1.107566e-04  +1.077785e-04  +4.481389e-05  +1.271868e-04  -2.791075e-05  -3.106725e-05  +3.456358e-04  -1.102488e-03  +4.232458e-06  +1.572112e-07  +1.930631e-02  +2.566483e-06  -1.005609e-06  +1.184358e-01  
-2.693046e-05  -1.736201e-04  +2.354610e-03  +4.483078e-03  -1.151797e-03  -2.335336e-04  -3.742015e-04  -7.298059e-05  -1.032056e-05  -1.102488e-03  +1.075606e-02  -2.191577e-06  -1.614047e-05  -2.390618e-01  -5.533399e-06  +5.497606e-07  -7.299385e-01  
+5.522635e-07  +4.399083e-07  +1.720642e-06  +5.749577e-06  +4.214303e-06  -2.913766e-07  +2.826081e-06  -8.116205e-06  -7.640763e-07  +4.232458e-06  -2.191577e-06  +8.340220e-07  -3.841114e-08  -9.704759e-04  +3.261437e-08  -4.413959e-08  +5.680108e-04  
+1.100452e-07  +5.784891e-07  -2.591297e-06  -8.716518e-06  +3.501522e-06  -6.182583e-08  +7.395386e-07  +2.416617e-07  +5.662263e-08  +1.572112e-07  -1.614047e-05  -3.841114e-08  +6.437149e-07  +1.176058e-03  -5.204257e-09  -4.878780e-08  +1.323302e-03  
-1.670172e-03  +2.385860e-03  -5.766426e-02  -1.363352e-01  +2.735367e-02  +9.201613e-03  -7.164678e-04  +2.410251e-02  +1.850076e-03  +1.930631e-02  -2.390618e-01  -9.704759e-04  +1.176058e-03  +1.347901e+01  -5.233710e-05  +1.768007e-04  +1.847744e+01  
-1.156517e-07  -1.922884e-08  +4.621040e-07  +1.523599e-06  +1.204799e-06  +3.516099e-08  +1.387423e-06  +9.121639e-08  -3.231368e-07  +2.566483e-06  -5.533399e-06  +3.261437e-08  -5.204257e-09  -5.233710e-05  +2.570178e-07  -3.521304e-08  +7.241545e-04  
+1.849179e-08  -2.044244e-07  -2.411397e-08  +1.285348e-06  -1.388455e-06  +5.171673e-07  -7.096060e-07  -6.285605e-07  +1.953933e-07  -1.005609e-06  +5.497606e-07  -4.413959e-08  -4.878780e-08  +1.768007e-04  -3.521304e-08  +4.081998e-07  -5.631621e-04  
+2.221336e-03  +1.258327e-02  -1.193830e-01  -2.500934e-01  +1.121129e-01  +1.928467e-02  +3.857449e-02  +2.341805e-02  -4.980247e-03  +1.184358e-01  -7.299385e-01  +5.680108e-04  +1.323302e-03  +1.847744e+01  +7.241545e-04  -5.631621e-04  +6.968582e+01  
