mean:
+3.935351e+00  +3.926532e+00  +8.347371e-01  +1.311651e+00  +1.428101e+00  +5.011398e-01  +8.144101e-01  +1.385260e+00  +1.666258e-01  +1.855225e+00  +5.939341e+00  +3.518061e+00  +2.656876e+00  +2.006626e+02  +4.276112e+00  +5.294914e+00  +2.697035e+02  +5.395577e+00  +3.765266e+00  +3.203839e+02  +2.640637e+00  +4.560004e+00  +3.909388e+02  
covariance:
+2.654660e-04  +2.141048e-04  -3.066687e-06  +2.903187e-06  +2.260284e-05  +1.292746e-05  +1.170086e-05  +2.228252e-04  +3.275019e-05  +4.954026e-04  -5.119882e-04  -1.832731e-04  -9.546667e-05  -5.957581e-03  -2.846511e-04  -4.265858e-06  -9.693678e-03  -1.021161e-04  -1.599828e-04  +2.086073e-03  -6.850137e-06  +8.973357e-06  -6.854585e-03  
+2.141048e-04  +1.837723e-04  -7.039747e-06  +1.370549e-06  +2.097925e-05  +1.297079e-05  +1.357582e-05  +1.995693e-04  +2.482501e-05  +4.308678e-04  -4.506674e-04  -1.550239e-04  -8.131731e-05  -5.253632e-03  -2.385635e-04  -2.102988e-06  -6.450895e-03  -8.818149e-05  -1.340964e-04  +9.123265e-04  -6.357923e-06  +6.484405e-06  -7.535491e-03  
-3.066687e-06  -7.039747e-06  +1.341742e-05  -5.441056e-06  -3.943036e-06  -4.530446e-06  -1.169393e-05  -3.013641e-05  +5.145609e-06  -5.460571e-05  +4.948376e-05  +6.538747e-06  +2.032928e-06  -3.070150e-04  +7.354801e-06  -2.256999e-06  -1.013351e-03  +3.332284e-06  +4.462213e-06  +2.035970e-03  +1.401687e-06  -1.111134e-07  +1.319886e-03  
+2.903187e-06  +1.370549e-06  -5.441056e-06  +1.288394e-04  -2.191459e-06  +1.007115e-05  +2.665776e-05  +7.827816e-05  -1.410762e-05  +1.212575e-04  -1.292121e-04  -1.287123e-05  -1.597451e-06  -2.786113e-03  -2.699793e-06  +4.439206e-06  +4.774901e-03  -1.905558e-06  -6.414204e-06  +1.256583e-03  -5.040579e-06  -3.042485e-06  -1.331332e-02  
+2.260284e-05  +2.097925e-05  -3.943036e-06  -2.191459e-06  +3.149936e-05  +3.058693e-06  +7.594917e-06  +4.948884e-05  -1.250867e-06  +7.333645e-05  -6.641408e-05  -2.333628e-05  -1.020478e-05  -1.846142e-03  -3.128622e-05  +2.034377e-07  +3.827835e-04  -1.301775e-05  -1.727489e-05  -6.456929e-04  -1.276600e-06  +3.166615e-07  -1.208718e-03  
+1.292746e-05  +1.297079e-05  -4.530446e-06  +1.007115e-05  +3.058693e-06  +5.462729e-06  +7.911187e-06  +4.741145e-05  -4.561129e-06  +7.958713e-05  -8.038117e-05  -1.899644e-05  -8.153825e-06  -1.387781e-03  -2.375462e-05  +1.441265e-06  +1.043053e-03  -1.060255e-05  -1.333811e-05  -1.623358e-03  -2.137727e-06  -7.963925e-07  -3.794232e-03  
+1.170086e-05  +1.357582e-05  -1.169393e-05  +2.665776e-05  +7.594917e-06  +7.911187e-06  +2.865284e-05  +6.953536e-05  -9.755109e-06  +1.037648e-04  -1.089968e-04  -1.960793e-05  -8.665336e-06  -1.014323e-03  -2.446030e-05  +3.583298e-06  +1.419900e-03  -9.446452e-06  -1.510012e-05  +1.032312e-04  -2.431778e-06  -9.045675e-07  -5.364156e-03  
+2.228252e-04  +1.995693e-04  -3.013641e-05  +7.827816e-05  +4.948884e-05  +4.741145e-05  +6.953536e-05  +7.402802e-04  -3.347619e-05  +9.740543e-04  -9.431532e-04  -2.593066e-04  -1.138795e-04  -2.583434e-02  -3.280915e-04  +1.072202e-05  +1.489969e-02  -1.490073e-04  -1.867082e-04  -1.123869e-02  -3.027087e-05  -7.971719e-06  -4.266548e-02  
+3.275019e-05  +2.482501e-05  +5.145609e-06  -1.410762e-05  -1.250867e-06  -4.561129e-06  -9.755109e-06  -3.347619e-05  +1.603224e-05  -2.864601e-05  +1.997938e-05  -4.912224e-06  -5.946019e-06  +1.773859e-03  -1.757012e-05  -2.776634e-06  -3.556765e-03  -3.113424e-06  -9.856212e-06  +2.111284e-03  +2.286910e-06  +2.633878e-06  +3.963773e-03  
+4.954026e-04  +4.308678e-04  -5.460571e-05  +1.212575e-04  +7.333645e-05  +7.958713e-05  +1.037648e-04  +9.740543e-04  -2.864601e-05  +1.745392e-03  -1.735358e-03  -5.042958e-04  -2.334474e-04  -3.473063e-02  -6.915781e-04  +1.165128e-05  +4.091138e-03  -2.813958e-04  -3.893327e-04  -1.752623e-02  -4.281332e-05  +2.244379e-06  -5.888578e-02  
-5.119882e-04  -4.506674e-04  +4.948376e-05  -1.292121e-04  -6.641408e-05  -8.038117e-05  -1.089968e-04  -9.431532e-04  +1.997938e-05  -1.735358e-03  +1.844377e-03  +5.127350e-04  +2.475619e-04  +3.434533e-02  +7.156940e-04  -1.028182e-05  +2.934813e-04  +2.882457e-04  +4.050255e-04  +1.497561e-02  +3.937965e-05  -2.128382e-06  +6.333415e-02  
-1.832731e-04  -1.550239e-04  +6.538747e-06  -1.287123e-05  -2.333628e-05  -1.899644e-05  -1.960793e-05  -2.593066e-04  -4.912224e-06  -5.042958e-04  +5.127350e-04  +1.721629e-04  +8.329260e-05  +1.037186e-02  +2.478346e-04  +2.753492e-07  +2.727095e-03  +9.636512e-05  +1.375203e-04  +1.662561e-03  +9.920420e-06  -3.293073e-06  +1.244390e-02  
-9.546667e-05  -8.131731e-05  +2.032928e-06  -1.597451e-06  -1.020478e-05  -8.153825e-06  -8.665336e-06  -1.138795e-04  -5.946019e-06  -2.334474e-04  +2.475619e-04  +8.329260e-05  +4.311956e-05  +4.492601e-03  +1.236500e-04  +5.397081e-07  +2.340243e-03  +4.748296e-05  +6.890439e-05  -8.761021e-05  +4.135029e-06  -2.037524e-06  +5.641773e-03  
-5.957581e-03  -5.253632e-03  -3.070150e-04  -2.786113e-03  -1.846142e-03  -1.387781e-03  -1.014323e-03  -2.583434e-02  +1.773859e-03  -3.473063e-02  +3.434533e-02  +1.037186e-02  +4.492601e-03  +1.945924e+00  +1.230419e-02  -1.930610e-04  -7.243588e-01  +5.820042e-03  +7.075789e-03  +2.638778e-01  +1.265346e-03  +3.638276e-04  +1.660630e+00  
-2.846511e-04  -2.385635e-04  +7.354801e-06  -2.699793e-06  -3.128622e-05  -2.375462e-05  -2.446030e-05  -3.280915e-04  -1.757012e-05  -6.915781e-04  +7.156940e-04  +2.478346e-04  +1.236500e-04  +1.230419e-02  +3.687153e-04  +2.343522e-06  +7.952252e-03  +1.389473e-04  +2.041648e-04  +5.384795e-04  +1.167200e-05  -7.105883e-06  +1.363617e-02  
-4.265858e-06  -2.102988e-06  -2.256999e-06  +4.439206e-06  +2.034377e-07  +1.441265e-06  +3.583298e-06  +1.072202e-05  -2.776634e-06  +1.165128e-05  -1.028182e-05  +2.753492e-07  +5.397081e-07  -1.930610e-04  +2.343522e-06  +1.599985e-06  +9.837816e-04  -2.254201e-07  +1.151598e-06  -3.536793e-04  -8.446983e-07  -4.623116e-07  -1.208318e-03  
-9.693678e-03  -6.450895e-03  -1.013351e-03  +4.774901e-03  +3.827835e-04  +1.043053e-03  +1.419900e-03  +1.489969e-02  -3.556765e-03  +4.091138e-03  +2.934813e-04  +2.727095e-03  +2.340243e-03  -7.243588e-01  +7.952252e-03  +9.837816e-04  +2.128557e+00  +9.158994e-04  +4.430676e-03  -4.435659e-01  -8.734679e-04  -1.136232e-03  -1.548123e+00  
-1.021161e-04  -8.818149e-05  +3.332284e-06  -1.905558e-06  -1.301775e-05  -1.060255e-05  -9.446452e-06  -1.490073e-04  -3.113424e-06  -2.813958e-04  +2.882457e-04  +9.636512e-05  +4.748296e-05  +5.820042e-03  +1.389473e-04  -2.254201e-07  +9.158994e-04  +5.606081e-05  +7.656715e-05  +1.169413e-03  +5.794965e-06  -1.222896e-06  +7.540945e-03  
-1.599828e-04  -1.340964e-04  +4.462213e-06  -6.414204e-06  -1.727489e-05  -1.333811e-05  -1.510012e-05  -1.867082e-04  -9.856212e-06  -3.893327e-04  +4.050255e-04  +1.375203e-04  +6.890439e-05  +7.075789e-03  +2.041648e-04  +1.151598e-06  +4.430676e-03  +7.656715e-05  +1.142351e-04  -6.889110e-05  +6.724875e-06  -4.151151e-06  +8.179120e-03  
+2.086073e-03  +9.123265e-04  +2.035970e-03  +1.256583e-03  -6.456929e-04  -1.623358e-03  +1.032312e-04  -1.123869e-02  +2.111284e-03  -1.752623e-02  +1.497561e-02  +1.662561e-03  -8.761021e-05  +2.638778e-01  +5.384795e-04  -3.536793e-04  -4.435659e-01  +1.169413e-03  -6.889110e-05  +2.431843e+00  +7.648325e-04  +4.609294e-04  +9.550160e-01  
-6.850137e-06  -6.357923e-06  +1.401687e-06  -5.040579e-06  -1.276600e-06  -2.137727e-06  -2.431778e-06  -3.027087e-05  +2.286910e-06  -4.281332e-05  +3.937965e-05  +9.920420e-06  +4.135029e-06  +1.265346e-03  +1.167200e-05  -8.446983e-07  -8.734679e-04  +5.794965e-06  +6.724875e-06  +7.648325e-04  +2.064587e-06  +4.708908e-07  +2.090859e-03  
+8.973357e-06  +6.484405e-06  -1.111134e-07  -3.042485e-06  +3.166615e-07  -7.963925e-07  -9.045675e-07  -7.971719e-06  +2.633878e-06  +2.244379e-06  -2.128382e-06  -3.293073e-06  -2.037524e-06  +3.638276e-04  -7.105883e-06  -4.623116e-07  -1.136232e-03  -1.222896e-06  -4.151151e-06  +4.609294e-04  +4.708908e-07  +1.418310e-06  +1.294322e-03  
-6.854585e-03  -7.535491e-03  +1.319886e-03  -1.331332e-02  -1.208718e-03  -3.794232e-03  -5.364156e-03  -4.266548e-02  +3.963773e-03  -5.888578e-02  +6.333415e-02  +1.244390e-02  +5.641773e-03  +1.660630e+00  +1.363617e-02  -1.208318e-03  -1.548123e+00  +7.540945e-03  +8.179120e-03  +9.550160e-01  +2.090859e-03  +1.294322e-03  +4.825353e+00  
