mean:
+3.913247e+00  +3.897007e+00  +8.486088e-01  +1.329431e+00  +1.442773e+00  +6.044292e-01  +8.273082e-01  +1.337292e+00  +1.590638e-01  +1.866380e+00  +5.882757e+00  +3.484961e+00  +2.610577e+00  +1.981329e+02  +4.262393e+00  +5.275738e+00  +2.802069e+02  +5.350476e+00  +3.759181e+00  +3.232084e+02  +2.640210e+00  +4.559299e+00  +3.920586e+02  
covariance:
+4.669906e-06  -4.561927e-07  +3.704211e-06  +1.591196e-05  -1.632004e-06  -1.999824e-07  +6.919676e-06  -9.469615e-06  -4.045598e-06  +3.194029e-05  -4.637744e-05  -6.060763e-07  -7.869949e-08  -1.665847e-03  -2.712465e-07  +8.745886e-07  +1.860470e-03  -1.075777e-07  +9.356454e-07  +3.211806e-03  -1.303883e-07  +7.179558e-07  +2.144226e-03  
-4.561927e-07  +6.316898e-07  +4.671640e-07  +2.077527e-06  -2.059747e-07  -2.065664e-08  +1.210511e-06  -1.268858e-06  -8.585813e-07  +4.763015e-06  -6.822592e-06  -9.544798e-08  -5.437810e-09  -1.465019e-04  -7.858428e-08  +1.348939e-07  +3.153025e-04  -5.556359e-08  +8.630361e-08  +5.088951e-04  -1.192316e-09  +1.781890e-07  +2.567021e-04  
+3.704211e-06  +4.671640e-07  +1.922818e-05  +4.402647e-05  -5.361023e-06  +4.744675e-07  +1.371075e-05  -2.081217e-05  -7.161402e-06  +5.960490e-05  -9.034127e-05  -2.225388e-06  -1.149650e-06  -3.300780e-03  -5.197535e-07  +7.287631e-07  +6.126388e-03  -1.262163e-06  +4.590172e-06  +7.529478e-03  -8.008403e-07  +1.445108e-06  +2.017462e-03  
+1.591196e-05  +2.077527e-06  +4.402647e-05  +1.981428e-04  -1.628638e-05  -2.213820e-06  +5.905185e-05  -6.986540e-05  -3.096818e-05  +2.546919e-04  -3.784692e-04  -7.022253e-06  +4.283573e-07  -1.097365e-02  -3.040296e-06  +4.826128e-06  +1.800394e-02  -2.103715e-06  +1.173690e-05  +3.034719e-02  -1.528956e-06  +7.547872e-06  +1.426114e-02  
-1.632004e-06  -2.059747e-07  -5.361023e-06  -1.628638e-05  +9.116986e-06  +7.974282e-07  -4.756816e-06  +6.345871e-06  +2.992619e-06  -2.491011e-05  +3.338334e-05  +7.380334e-07  -4.086045e-08  +4.828346e-04  +4.328518e-07  -3.457880e-07  -1.228257e-03  -2.225452e-07  -6.460586e-07  -2.499347e-03  +2.320110e-07  -9.718634e-07  -1.080930e-03  
-1.999824e-07  -2.065664e-08  +4.744675e-07  -2.213820e-06  +7.974282e-07  +3.317620e-06  +6.897975e-07  -6.766783e-07  -6.170609e-08  -1.088648e-06  +1.464204e-06  -1.246042e-07  -7.622190e-07  -8.226717e-04  -9.782028e-08  +5.530339e-09  +1.338705e-03  -7.280822e-08  +8.073053e-07  -2.856240e-04  -3.139081e-08  -3.074824e-07  -9.689696e-04  
+6.919676e-06  +1.210511e-06  +1.371075e-05  +5.905185e-05  -4.756816e-06  +6.897975e-07  +3.608348e-05  -3.691073e-05  -1.670735e-05  +1.314119e-04  -1.887151e-04  -1.979848e-06  -4.882294e-07  -6.601384e-03  -1.288073e-06  +2.905728e-06  +9.085249e-03  -1.296106e-06  +2.738928e-06  +1.369342e-02  -3.947663e-07  +2.939191e-06  +9.684633e-03  
-9.469615e-06  -1.268858e-06  -2.081217e-05  -6.986540e-05  +6.345871e-06  -6.766783e-07  -3.691073e-05  +1.002434e-04  +2.173526e-05  -1.831501e-04  +2.522850e-04  +2.141911e-06  +5.280492e-07  +9.927567e-03  +3.352652e-06  -5.318929e-06  -1.255682e-02  +1.979878e-06  -4.904243e-06  -1.705957e-02  -6.719809e-07  -2.628278e-06  -1.327558e-02  
-4.045598e-06  -8.585813e-07  -7.161402e-06  -3.096818e-05  +2.992619e-06  -6.170609e-08  -1.670735e-05  +2.173526e-05  +9.650906e-06  -7.337865e-05  +9.838706e-05  +1.174772e-06  -8.354978e-08  +3.450367e-03  +1.029937e-06  -2.126130e-06  -4.279759e-03  +5.248460e-07  -1.352854e-06  -7.102999e-03  +5.689562e-08  -1.647645e-06  -4.883599e-03  
+3.194029e-05  +4.763015e-06  +5.960490e-05  +2.546919e-04  -2.491011e-05  -1.088648e-06  +1.314119e-04  -1.831501e-04  -7.337865e-05  +6.033389e-04  -8.205119e-04  -9.926451e-06  +5.201108e-07  -2.744249e-02  -9.404266e-06  +1.725785e-05  +3.397388e-02  -4.143098e-06  +1.054058e-05  +5.681787e-02  -4.503836e-07  +1.354544e-05  +4.043776e-02  
-4.637744e-05  -6.822592e-06  -9.034127e-05  -3.784692e-04  +3.338334e-05  +1.464204e-06  -1.887151e-04  +2.522850e-04  +9.838706e-05  -8.205119e-04  +1.244451e-03  +1.500562e-05  +4.748668e-06  +3.843809e-02  +1.091122e-05  -1.997532e-05  -5.202608e-02  +6.824700e-06  -1.938153e-05  -8.068188e-02  +2.922271e-06  -2.079834e-05  -5.630833e-02  
-6.060763e-07  -9.544798e-08  -2.225388e-06  -7.022253e-06  +7.380334e-07  -1.246042e-07  -1.979848e-06  +2.141911e-06  +1.174772e-06  -9.926451e-06  +1.500562e-05  +7.935881e-07  +1.628035e-07  +5.123274e-04  +2.138279e-07  -1.968833e-07  -6.960455e-04  +4.633326e-08  -6.958791e-07  -1.224395e-03  +1.054642e-07  -3.332451e-07  -4.331878e-05  
-7.869949e-08  -5.437810e-09  -1.149650e-06  +4.283573e-07  -4.086045e-08  -7.622190e-07  -4.882294e-07  +5.280492e-07  -8.354978e-08  +5.201108e-07  +4.748668e-06  +1.628035e-07  +8.381687e-07  +4.049333e-04  -2.049584e-07  +2.401595e-07  -7.861262e-04  +1.966394e-07  -6.584681e-07  -4.268834e-05  +1.506249e-07  -6.104352e-09  +2.398872e-04  
-1.665847e-03  -1.465019e-04  -3.300780e-03  -1.097365e-02  +4.828346e-04  -8.226717e-04  -6.601384e-03  +9.927567e-03  +3.450367e-03  -2.744249e-02  +3.843809e-02  +5.123274e-04  +4.049333e-04  +2.090916e+00  +1.481908e-04  -8.052930e-04  -2.434184e+00  +4.939689e-04  -1.166588e-03  -2.852573e+00  +4.482328e-05  -4.408782e-04  -1.686207e+00  
-2.712465e-07  -7.858428e-08  -5.197535e-07  -3.040296e-06  +4.328518e-07  -9.782028e-08  -1.288073e-06  +3.352652e-06  +1.029937e-06  -9.404266e-06  +1.091122e-05  +2.138279e-07  -2.049584e-07  +1.481908e-04  +8.049503e-07  -3.054658e-07  -1.048166e-04  -1.868298e-07  +1.319170e-07  -5.678939e-04  -1.157938e-07  -1.190020e-07  -5.180242e-04  
+8.745886e-07  +1.348939e-07  +7.287631e-07  +4.826128e-06  -3.457880e-07  +5.530339e-09  +2.905728e-06  -5.318929e-06  -2.126130e-06  +1.725785e-05  -1.997532e-05  -1.968833e-07  +2.401595e-07  -8.052930e-04  -3.054658e-07  +9.723897e-07  +6.613345e-04  -4.055570e-08  +9.006638e-08  +1.315430e-03  +1.302796e-07  +3.814522e-07  +1.043281e-03  
+1.860470e-03  +3.153025e-04  +6.126388e-03  +1.800394e-02  -1.228257e-03  +1.338705e-03  +9.085249e-03  -1.255682e-02  -4.279759e-03  +3.397388e-02  -5.202608e-02  -6.960455e-04  -7.861262e-04  -2.434184e+00  -1.048166e-04  +6.613345e-04  +3.952296e+00  -7.249705e-04  +2.062727e-03  +3.879816e+00  -1.936553e-04  +6.929957e-04  +2.056622e+00  
-1.075777e-07  -5.556359e-08  -1.262163e-06  -2.103715e-06  -2.225452e-07  -7.280822e-08  -1.296106e-06  +1.979878e-06  +5.248460e-07  -4.143098e-06  +6.824700e-06  +4.633326e-08  +1.966394e-07  +4.939689e-04  -1.868298e-07  -4.055570e-08  -7.249705e-04  +5.319448e-07  -5.239101e-07  -6.813129e-04  +9.316687e-08  -1.033665e-09  -3.440782e-04  
+9.356454e-07  +8.630361e-08  +4.590172e-06  +1.173690e-05  -6.460586e-07  +8.073053e-07  +2.738928e-06  -4.904243e-06  -1.352854e-06  +1.054058e-05  -1.938153e-05  -6.958791e-07  -6.584681e-07  -1.166588e-03  +1.319170e-07  +9.006638e-08  +2.062727e-03  -5.239101e-07  +2.249115e-06  +1.768266e-03  -2.512466e-07  +3.333150e-07  -6.489400e-05  
+3.211806e-03  +5.088951e-04  +7.529478e-03  +3.034719e-02  -2.499347e-03  -2.856240e-04  +1.369342e-02  -1.705957e-02  -7.102999e-03  +5.681787e-02  -8.068188e-02  -1.224395e-03  -4.268834e-05  -2.852573e+00  -5.678939e-04  +1.315430e-03  +3.879816e+00  -6.813129e-04  +1.768266e-03  +6.738318e+00  -2.714678e-04  +1.349785e-03  +3.750291e+00  
-1.303883e-07  -1.192316e-09  -8.008403e-07  -1.528956e-06  +2.320110e-07  -3.139081e-08  -3.947663e-07  -6.719809e-07  +5.689562e-08  -4.503836e-07  +2.922271e-06  +1.054642e-07  +1.506249e-07  +4.482328e-05  -1.157938e-07  +1.302796e-07  -1.936553e-04  +9.316687e-08  -2.512466e-07  -2.714678e-04  +3.088550e-07  -7.627808e-08  +9.073174e-05  
+7.179558e-07  +1.781890e-07  +1.445108e-06  +7.547872e-06  -9.718634e-07  -3.074824e-07  +2.939191e-06  -2.628278e-06  -1.647645e-06  +1.354544e-05  -2.079834e-05  -3.332451e-07  -6.104352e-09  -4.408782e-04  -1.190020e-07  +3.814522e-07  +6.929957e-04  -1.033665e-09  +3.333150e-07  +1.349785e-03  -7.627808e-08  +6.710789e-07  +7.706581e-04  
+2.144226e-03  +2.567021e-04  +2.017462e-03  +1.426114e-02  -1.080930e-03  -9.689696e-04  +9.684633e-03  -1.327558e-02  -4.883599e-03  +4.043776e-02  -5.630833e-02  -4.331878e-05  +2.398872e-04  -1.686207e+00  -5.180242e-04  +1.043281e-03  +2.056622e+00  -3.440782e-04  -6.489400e-05  +3.750291e+00  +9.073174e-05  +7.706581e-04  +4.271586e+00  
