mean:
+3.981832e+00  +3.940998e+00  +6.530087e-01  -1.145348e+00  +1.677701e+00  +5.011394e-01  +9.186119e-01  +2.045890e+00  +1.513315e-01  +1.983921e+00  +4.791647e+00  +1.839509e+00  +2.983636e+00  +8.110808e+02  +4.959743e+00  +4.479786e+00  +2.010344e+03  
covariance:
+4.349023e-06  -2.125876e-06  +9.215878e-07  -1.352366e-05  -6.702995e-07  -4.118541e-06  -3.044696e-06  -4.110209e-05  +1.191879e-06  +1.158150e-05  -2.001293e-04  +2.078808e-07  -1.414513e-07  +4.416994e-03  -2.138473e-08  -1.105905e-07  +1.078091e-02  
-2.125876e-06  +4.907670e-06  -5.452607e-07  +1.391390e-05  +1.293212e-06  +4.401485e-06  +3.863085e-06  +4.687915e-05  -1.027690e-06  -1.455772e-05  +2.214266e-04  -2.011144e-07  +2.645384e-07  -5.247227e-03  +2.999767e-08  +9.675353e-08  -1.236584e-02  
+9.215878e-07  -5.452607e-07  +1.752081e-05  -1.094470e-05  +5.146276e-06  +7.849669e-07  +1.958064e-06  +9.421082e-06  -1.272665e-06  +1.396049e-05  -4.340609e-05  +2.856690e-07  -7.451938e-07  +1.780026e-03  -3.328529e-07  -1.632386e-08  +1.699847e-03  
-1.352366e-05  +1.391390e-05  -1.094470e-05  +1.650926e-04  -1.180839e-05  +1.345542e-05  +9.737201e-06  +2.454591e-04  +8.178286e-07  -1.074562e-04  +1.022279e-03  -1.519221e-06  +2.861297e-06  -2.694194e-02  -6.527172e-08  +3.086583e-07  -6.031421e-02  
-6.702995e-07  +1.293212e-06  +5.146276e-06  -1.180839e-05  +4.180857e-05  +6.010065e-06  +8.903220e-06  +1.511534e-05  -3.271603e-06  +1.716485e-05  +5.186004e-05  +1.234072e-06  -1.052751e-06  +3.151634e-03  +3.880405e-08  -6.752832e-07  -2.057604e-03  
-4.118541e-06  +4.401485e-06  +7.849669e-07  +1.345542e-05  +6.010065e-06  +9.803514e-06  +7.181513e-06  +7.500922e-05  -3.578943e-06  -8.765151e-06  +3.336911e-04  -4.131784e-07  -9.597660e-08  -5.488154e-03  +8.434865e-08  +5.802098e-08  -1.968103e-02  
-3.044696e-06  +3.863085e-06  +1.958064e-06  +9.737201e-06  +8.903220e-06  +7.181513e-06  +2.213340e-05  +7.720973e-05  -4.358774e-06  -1.654496e-05  +3.195508e-04  +6.086944e-08  -2.636954e-07  -6.632623e-03  +2.828354e-08  -1.847837e-09  -1.522607e-02  
-4.110209e-05  +4.687915e-05  +9.421082e-06  +2.454591e-04  +1.511534e-05  +7.500922e-05  +7.720973e-05  +1.027088e-03  -9.602782e-06  -3.095992e-04  +3.432217e-03  -5.750859e-06  +1.995162e-06  -7.988813e-02  +3.715431e-07  -6.298694e-08  -2.488591e-01  
+1.191879e-06  -1.027690e-06  -1.272665e-06  +8.178286e-07  -3.271603e-06  -3.578943e-06  -4.358774e-06  -9.602782e-06  +3.674046e-06  -1.241867e-05  -1.120924e-04  -9.410783e-08  +1.998588e-07  +1.417890e-03  -3.362891e-08  -1.132301e-07  +1.473245e-03  
+1.158150e-05  -1.455772e-05  +1.396049e-05  -1.074562e-04  +1.716485e-05  -8.765151e-06  -1.654496e-05  -3.095992e-04  -1.241867e-05  +1.993970e-04  -9.365666e-04  +2.402937e-06  -2.838699e-06  +2.995425e-02  -1.707332e-08  +2.027958e-07  +8.280299e-02  
-2.001293e-04  +2.214266e-04  -4.340609e-05  +1.022279e-03  +5.186004e-05  +3.336911e-04  +3.195508e-04  +3.432217e-03  -1.120924e-04  -9.365666e-04  +1.660235e-02  -1.607747e-05  +1.564738e-05  -3.787692e-01  +3.003877e-06  +8.030402e-06  -8.809541e-01  
+2.078808e-07  -2.011144e-07  +2.856690e-07  -1.519221e-06  +1.234072e-06  -4.131784e-07  +6.086944e-08  -5.750859e-06  -9.410783e-08  +2.402937e-06  -1.607747e-05  +3.218237e-07  -1.498318e-08  +3.334492e-04  +1.742179e-08  +1.393459e-08  +1.919006e-03  
-1.414513e-07  +2.645384e-07  -7.451938e-07  +2.861297e-06  -1.052751e-06  -9.597660e-08  -2.636954e-07  +1.995162e-06  +1.998588e-07  -2.838699e-06  +1.564738e-05  -1.498318e-08  +3.269370e-07  -7.144258e-04  +1.345876e-08  +4.591982e-08  -7.332686e-04  
+4.416994e-03  -5.247227e-03  +1.780026e-03  -2.694194e-02  +3.151634e-03  -5.488154e-03  -6.632623e-03  -7.988813e-02  +1.417890e-03  +2.995425e-02  -3.787692e-01  +3.334492e-04  -7.144258e-04  +1.098979e+01  -9.365846e-05  -2.567529e-04  +1.988190e+01  
-2.138473e-08  +2.999767e-08  -3.328529e-07  -6.527172e-08  +3.880405e-08  +8.434865e-08  +2.828354e-08  +3.715431e-07  -3.362891e-08  -1.707332e-08  +3.003877e-06  +1.742179e-08  +1.345876e-08  -9.365846e-05  +1.057392e-07  -1.240183e-08  -1.330794e-04  
-1.105905e-07  +9.675353e-08  -1.632386e-08  +3.086583e-07  -6.752832e-07  +5.802098e-08  -1.847837e-09  -6.298694e-08  -1.132301e-07  +2.027958e-07  +8.030402e-06  +1.393459e-08  +4.591982e-08  -2.567529e-04  -1.240183e-08  +2.015213e-07  -7.702922e-06  
+1.078091e-02  -1.236584e-02  +1.699847e-03  -6.031421e-02  -2.057604e-03  -1.968103e-02  -1.522607e-02  -2.488591e-01  +1.473245e-03  +8.280299e-02  -8.809541e-01  +1.919006e-03  -7.332686e-04  +1.988190e+01  -1.330794e-04  -7.702922e-06  +7.039934e+01  
