mean:
+3.983998e+00  +3.939745e+00  +6.242515e-01  -1.216144e+00  +1.629138e+00  +4.995065e-01  +8.999743e-01  +2.074723e+00  +1.507212e-01  +1.932393e+00  +4.836668e+00  +1.839505e+00  +2.983308e+00  +8.006538e+02  +4.960115e+00  +4.479849e+00  +2.000039e+03  
covariance:
+6.152482e-06  +1.423915e-06  -7.101039e-07  +1.116194e-05  -8.012171e-06  +3.985878e-07  +2.502693e-06  -1.711975e-06  +4.123204e-07  -3.142974e-06  -2.943353e-05  +9.751055e-08  -4.938082e-07  -3.577939e-04  +4.317225e-08  -4.095849e-08  +1.525204e-03  
+1.423915e-06  +5.575265e-06  +1.644171e-06  -2.293766e-06  -1.520616e-05  +2.954443e-06  +2.306678e-06  +1.616097e-05  +4.324575e-07  -6.065564e-06  +3.283861e-05  -6.885632e-08  -3.674531e-07  -5.808488e-04  +7.032398e-08  -2.208841e-07  -3.331200e-03  
-7.101039e-07  +1.644171e-06  +3.718809e-05  +1.916575e-05  -1.110494e-04  +2.221078e-05  +2.306125e-05  +1.457589e-04  +4.350535e-07  -4.280483e-05  +1.244328e-04  -5.284402e-07  +4.836537e-08  -8.042413e-03  +4.826731e-07  -2.686275e-07  -1.554377e-02  
+1.116194e-05  -2.293766e-06  +1.916575e-05  +2.341158e-03  -1.423938e-03  +1.252539e-04  +3.969850e-04  -2.467918e-04  +1.461063e-05  -3.092371e-04  -1.235949e-03  -6.495433e-06  +5.993524e-07  -5.497444e-02  +4.329854e-06  -3.006404e-07  +2.660624e-01  
-8.012171e-06  -1.520616e-05  -1.110494e-04  -1.423938e-03  +2.088050e-03  -2.090150e-04  -3.204801e-04  -7.074490e-04  +9.912177e-06  +2.667421e-04  -4.030696e-04  +1.083759e-05  +6.661165e-07  +7.458480e-02  -5.728978e-06  +9.154038e-08  +2.117687e-02  
+3.985878e-07  +2.954443e-06  +2.221078e-05  +1.252539e-04  -2.090150e-04  +3.384785e-05  +4.612913e-05  +1.534243e-04  +2.501888e-07  -5.860127e-05  +9.116321e-05  -8.401669e-07  -4.815753e-07  -1.054475e-02  +6.308362e-07  -3.168850e-07  -1.241025e-02  
+2.502693e-06  +2.306678e-06  +2.306125e-05  +3.969850e-04  -3.204801e-04  +4.612913e-05  +1.173991e-04  +1.118399e-04  +3.006218e-06  -1.116805e-04  -1.416500e-04  -1.215369e-06  -1.318464e-06  -1.691963e-02  +1.380896e-06  -5.758703e-07  +3.248129e-02  
-1.711975e-06  +1.616097e-05  +1.457589e-04  -2.467918e-04  -7.074490e-04  +1.534243e-04  +1.118399e-04  +1.376746e-03  +4.227660e-06  -2.778731e-04  +9.499550e-04  -1.333590e-06  -7.565220e-06  -4.424559e-02  +2.619230e-06  -1.553774e-06  -2.191424e-01  
+4.123204e-07  +4.324575e-07  +4.350535e-07  +1.461063e-05  +9.912177e-06  +2.501888e-07  +3.006218e-06  +4.227660e-06  +5.224774e-06  -2.989147e-05  -6.347370e-05  +3.065523e-07  -1.881616e-07  -2.980346e-04  +2.778581e-08  +3.021862e-08  +2.136041e-03  
-3.142974e-06  -6.065564e-06  -4.280483e-05  -3.092371e-04  +2.667421e-04  -5.860127e-05  -1.116805e-04  -2.778731e-04  -2.989147e-05  +3.173219e-04  +2.293165e-04  -3.750432e-07  +1.718395e-06  +1.935189e-02  -1.233719e-06  +4.186410e-07  -1.318214e-03  
-2.943353e-05  +3.283861e-05  +1.244328e-04  -1.235949e-03  -4.030696e-04  +9.116321e-05  -1.416500e-04  +9.499550e-04  -6.347370e-05  +2.293165e-04  +3.257403e-03  -7.734781e-06  +6.971728e-06  -1.222841e-02  -1.865853e-07  -3.230005e-06  -3.366465e-01  
+9.751055e-08  -6.885632e-08  -5.284402e-07  -6.495433e-06  +1.083759e-05  -8.401669e-07  -1.215369e-06  -1.333590e-06  +3.065523e-07  -3.750432e-07  -7.734781e-06  +6.350832e-07  +1.605086e-09  +1.762509e-04  -5.173518e-09  +3.365329e-08  +1.237946e-04  
-4.938082e-07  -3.674531e-07  +4.836537e-08  +5.993524e-07  +6.661165e-07  -4.815753e-07  -1.318464e-06  -7.565220e-06  -1.881616e-07  +1.718395e-06  +6.971728e-06  +1.605086e-09  +9.871818e-07  +7.914647e-05  -4.166517e-09  +1.071907e-07  +7.554370e-05  
-3.577939e-04  -5.808488e-04  -8.042413e-03  -5.497444e-02  +7.458480e-02  -1.054475e-02  -1.691963e-02  -4.424559e-02  -2.980346e-04  +1.935189e-02  -1.222841e-02  +1.762509e-04  +7.914647e-05  +6.655871e+00  -2.725585e-04  +3.776833e-05  +1.652828e+00  
+4.317225e-08  +7.032398e-08  +4.826731e-07  +4.329854e-06  -5.728978e-06  +6.308362e-07  +1.380896e-06  +2.619230e-06  +2.778581e-08  -1.233719e-06  -1.865853e-07  -5.173518e-09  -4.166517e-09  -2.725585e-04  +2.329374e-07  -2.699415e-08  +1.124928e-04  
-4.095849e-08  -2.208841e-07  -2.686275e-07  -3.006404e-07  +9.154038e-08  -3.168850e-07  -5.758703e-07  -1.553774e-06  +3.021862e-08  +4.186410e-07  -3.230005e-06  +3.365329e-08  +1.071907e-07  +3.776833e-05  -2.699415e-08  +3.162893e-07  +1.062847e-04  
+1.525204e-03  -3.331200e-03  -1.554377e-02  +2.660624e-01  +2.117687e-02  -1.241025e-02  +3.248129e-02  -2.191424e-01  +2.136041e-03  -1.318214e-03  -3.366465e-01  +1.237946e-04  +7.554370e-05  +1.652828e+00  +1.124928e-04  +1.062847e-04  +8.716414e+01  
