mean:
+3.966483e+00  +4.004027e+00  +6.086634e-01  +2.007864e+00  +1.302296e+00  +6.034558e-01  +8.403518e-01  +2.211394e+00  +3.820302e-02  +3.902071e+00  +5.934045e+00  +4.623986e+00  +3.191111e+00  +3.283872e+02  +2.670895e+00  +3.677788e+00  +4.558188e+02  +4.719815e+00  +4.880141e+00  +8.050820e+02  +3.938762e+00  +5.172850e+00  +4.341069e+02  
covariance:
+1.931818e-06  -3.140781e-07  +1.194998e-06  +7.134129e-06  +9.181419e-07  +7.144922e-07  +3.563985e-06  +2.720639e-06  -2.284401e-07  +1.127795e-05  -1.906944e-05  +1.034151e-07  +7.400561e-09  +2.109731e-04  +1.515895e-07  +4.367439e-07  +1.092520e-03  -2.383527e-07  -1.864477e-07  +1.089644e-03  -7.745217e-08  +1.190036e-07  +4.111607e-04  
-3.140781e-07  +6.620123e-06  -1.143168e-07  -4.856327e-06  -5.259514e-07  -6.578512e-07  +3.369390e-07  -8.148878e-08  -3.100087e-09  -4.875913e-06  +1.146866e-05  +3.068170e-07  +2.210953e-09  +1.524748e-04  -1.363647e-07  -1.919921e-08  -6.047991e-06  -2.319216e-08  +2.353971e-07  -2.707495e-05  +8.695399e-08  +1.329210e-08  +1.986180e-04  
+1.194998e-06  -1.143168e-07  +1.292033e-05  +2.578491e-05  +1.425747e-06  +3.615320e-06  +1.855696e-05  +8.210316e-06  -1.118066e-06  +4.847527e-05  -7.891707e-05  +3.526392e-07  +2.768338e-07  +8.576838e-04  +4.525096e-07  +1.958193e-06  +7.085087e-03  -6.250274e-07  -9.283059e-07  +6.172978e-03  -9.556933e-08  +5.777492e-07  +1.099643e-03  
+7.134129e-06  -4.856327e-06  +2.578491e-05  +2.409147e-04  +1.767958e-05  +1.309408e-05  +9.319628e-05  +3.571860e-05  -6.192717e-06  +3.159874e-04  -5.546873e-04  +8.935284e-07  +1.322689e-06  +1.488297e-02  +5.679949e-07  +7.610684e-06  +3.359363e-02  -5.728351e-08  -1.102841e-06  +4.005962e-02  -2.010799e-06  +1.701752e-06  +4.045527e-03  
+9.181419e-07  -5.259514e-07  +1.425747e-06  +1.767958e-05  +2.096533e-05  +7.497082e-07  +8.578224e-06  +1.204201e-05  -5.327590e-07  +3.084136e-05  -4.087599e-05  +2.437478e-07  +3.654319e-07  +1.557994e-03  -1.312425e-07  +1.145962e-06  +3.331452e-03  -4.449566e-07  -4.926450e-08  +2.080644e-03  +7.975431e-08  +2.253275e-09  +1.151200e-03  
+7.144922e-07  -6.578512e-07  +3.615320e-06  +1.309408e-05  +7.497082e-07  +2.349074e-06  +7.786784e-06  +1.948613e-06  -4.802583e-07  +2.579420e-05  -4.742941e-05  +1.483098e-08  +1.136483e-07  +5.309941e-04  +2.132360e-07  +5.972337e-07  +2.326552e-03  -3.302115e-07  -4.478698e-07  +3.042582e-03  -7.032911e-08  +4.383861e-07  +7.262847e-04  
+3.563985e-06  +3.369390e-07  +1.855696e-05  +9.319628e-05  +8.578224e-06  +7.786784e-06  +5.528844e-05  +1.497083e-05  -3.376894e-06  +1.580368e-04  -2.836973e-04  +4.334664e-07  +2.397154e-07  +6.697190e-03  +1.205527e-07  +3.814675e-06  +1.807241e-02  -1.250418e-07  -1.378388e-06  +2.011266e-02  -7.672426e-07  +1.539833e-06  +3.731960e-03  
+2.720639e-06  -8.148878e-08  +8.210316e-06  +3.571860e-05  +1.204201e-05  +1.948613e-06  +1.497083e-05  +4.678566e-05  -1.137096e-06  +5.272286e-05  -5.657439e-05  +1.652545e-06  +1.052110e-06  +2.718446e-04  +9.333990e-07  +4.059418e-06  +7.462886e-03  -2.562525e-06  -9.604633e-07  +2.842266e-03  -1.192905e-06  +6.000735e-07  +1.282284e-03  
-2.284401e-07  -3.100087e-09  -1.118066e-06  -6.192717e-06  -5.327590e-07  -4.802583e-07  -3.376894e-06  -1.137096e-06  +2.388391e-07  -1.018380e-05  +1.769896e-05  -3.642646e-08  -1.759225e-08  -4.229166e-04  -1.654298e-08  -2.408239e-07  -1.119426e-03  +2.622411e-08  +7.963757e-08  -1.250893e-03  +5.214642e-08  -9.582235e-08  -2.115626e-04  
+1.127795e-05  -4.875913e-06  +4.847527e-05  +3.159874e-04  +3.084136e-05  +2.579420e-05  +1.580368e-04  +5.272286e-05  -1.018380e-05  +5.195922e-04  -9.319616e-04  +1.787129e-06  +1.561377e-06  +2.199670e-02  +9.810080e-07  +1.097337e-05  +5.269411e-02  -8.310206e-07  -4.115058e-06  +6.471308e-02  -2.874554e-06  +5.509077e-06  +1.071441e-02  
-1.906944e-05  +1.146866e-05  -7.891707e-05  -5.546873e-04  -4.087599e-05  -4.742941e-05  -2.836973e-04  -5.657439e-05  +1.769896e-05  -9.319616e-04  +1.807471e-03  -1.767588e-06  -2.180812e-06  -4.293240e-02  -1.014418e-06  -1.622142e-05  -9.137192e-02  -2.471587e-06  +8.030970e-06  -1.261644e-01  +5.349958e-06  -1.165692e-05  -2.020799e-02  
+1.034151e-07  +3.068170e-07  +3.526392e-07  +8.935284e-07  +2.437478e-07  +1.483098e-08  +4.334664e-07  +1.652545e-06  -3.642646e-08  +1.787129e-06  -1.767588e-06  +2.770748e-07  +1.158867e-07  +4.694704e-05  +3.651965e-08  +2.055010e-07  +4.085791e-04  -1.429897e-07  -5.586128e-08  +2.121302e-04  -3.228281e-08  +7.913163e-08  +3.428079e-05  
+7.400561e-09  +2.210953e-09  +2.768338e-07  +1.322689e-06  +3.654319e-07  +1.136483e-07  +2.397154e-07  +1.052110e-06  -1.759225e-08  +1.561377e-06  -2.180812e-06  +1.158867e-07  +2.951676e-07  +7.450662e-05  -4.501456e-08  +1.982920e-07  +1.916526e-04  -5.614245e-08  -1.458903e-08  +9.008712e-05  -6.001765e-08  +7.011644e-08  +5.680139e-05  
+2.109731e-04  +1.524748e-04  +8.576838e-04  +1.488297e-02  +1.557994e-03  +5.309941e-04  +6.697190e-03  +2.718446e-04  -4.229166e-04  +2.199670e-02  -4.293240e-02  +4.694704e-05  +7.450662e-05  +1.721990e+00  -2.264864e-04  +1.993346e-04  +2.361434e+00  +3.532371e-04  +4.011416e-05  +3.267646e+00  -7.429911e-05  +2.172055e-04  +2.562395e-01  
+1.515895e-07  -1.363647e-07  +4.525096e-07  +5.679949e-07  -1.312425e-07  +2.132360e-07  +1.205527e-07  +9.333990e-07  -1.654298e-08  +9.810080e-07  -1.014418e-06  +3.651965e-08  -4.501456e-08  -2.264864e-04  +3.368684e-07  +1.315017e-07  -2.946633e-05  -1.391844e-07  -3.002956e-08  +1.693656e-04  +2.737332e-08  -1.667950e-08  +6.522471e-05  
+4.367439e-07  -1.919921e-08  +1.958193e-06  +7.610684e-06  +1.145962e-06  +5.972337e-07  +3.814675e-06  +4.059418e-06  -2.408239e-07  +1.097337e-05  -1.622142e-05  +2.055010e-07  +1.982920e-07  +1.993346e-04  +1.315017e-07  +7.375495e-07  +1.528077e-03  -2.543481e-07  -1.559629e-07  +1.129506e-03  -1.149465e-07  +1.198073e-07  +2.926030e-04  
+1.092520e-03  -6.047991e-06  +7.085087e-03  +3.359363e-02  +3.331452e-03  +2.326552e-03  +1.807241e-02  +7.462886e-03  -1.119426e-03  +5.269411e-02  -9.137192e-02  +4.085791e-04  +1.916526e-04  +2.361434e+00  -2.946633e-05  +1.528077e-03  +7.223577e+00  -1.808564e-04  -4.923618e-04  +6.697850e+00  -1.750002e-04  +4.791896e-04  +7.339505e-01  
-2.383527e-07  -2.319216e-08  -6.250274e-07  -5.728351e-08  -4.449566e-07  -3.302115e-07  -1.250418e-07  -2.562525e-06  +2.622411e-08  -8.310206e-07  -2.471587e-06  -1.429897e-07  -5.614245e-08  +3.532371e-04  -1.391844e-07  -2.543481e-07  -1.808564e-04  +4.500942e-07  +1.107374e-07  +3.145997e-04  +8.105389e-09  -2.232859e-08  -3.418755e-05  
-1.864477e-07  +2.353971e-07  -9.283059e-07  -1.102841e-06  -4.926450e-08  -4.478698e-07  -1.378388e-06  -9.604633e-07  +7.963757e-08  -4.115058e-06  +8.030970e-06  -5.586128e-08  -1.458903e-08  +4.011416e-05  -3.002956e-08  -1.559629e-07  -4.923618e-04  +1.107374e-07  +2.600068e-07  -4.061540e-04  +5.874579e-08  -1.357687e-07  -1.888906e-04  
+1.089644e-03  -2.707495e-05  +6.172978e-03  +4.005962e-02  +2.080644e-03  +3.042582e-03  +2.011266e-02  +2.842266e-03  -1.250893e-03  +6.471308e-02  -1.261644e-01  +2.121302e-04  +9.008712e-05  +3.267646e+00  +1.693656e-04  +1.129506e-03  +6.697850e+00  +3.145997e-04  -4.061540e-04  +1.015212e+01  -2.970752e-04  +8.115829e-04  +1.095817e+00  
-7.745217e-08  +8.695399e-08  -9.556933e-08  -2.010799e-06  +7.975431e-08  -7.032911e-08  -7.672426e-07  -1.192905e-06  +5.214642e-08  -2.874554e-06  +5.349958e-06  -3.228281e-08  -6.001765e-08  -7.429911e-05  +2.737332e-08  -1.149465e-07  -1.750002e-04  +8.105389e-09  +5.874579e-08  -2.970752e-04  +2.524625e-07  -3.711527e-08  -1.450865e-04  
+1.190036e-07  +1.329210e-08  +5.777492e-07  +1.701752e-06  +2.253275e-09  +4.383861e-07  +1.539833e-06  +6.000735e-07  -9.582235e-08  +5.509077e-06  -1.165692e-05  +7.913163e-08  +7.011644e-08  +2.172055e-04  -1.667950e-08  +1.198073e-07  +4.791896e-04  -2.232859e-08  -1.357687e-07  +8.115829e-04  -3.711527e-08  +2.990442e-07  +1.792388e-04  
+4.111607e-04  +1.986180e-04  +1.099643e-03  +4.045527e-03  +1.151200e-03  +7.262847e-04  +3.731960e-03  +1.282284e-03  -2.115626e-04  +1.071441e-02  -2.020799e-02  +3.428079e-05  +5.680139e-05  +2.562395e-01  +6.522471e-05  +2.926030e-04  +7.339505e-01  -3.418755e-05  -1.888906e-04  +1.095817e+00  -1.450865e-04  +1.792388e-04  +8.430210e-01  
