mean:
+3.924026e+00  +3.906908e+00  +6.279503e-01  -1.070124e+00  +1.687337e+00  +5.877593e-01  +9.142084e-01  +2.135627e+00  +1.497412e-01  +1.940752e+00  +4.687757e+00  +1.905494e+00  +3.007427e+00  +8.045309e+02  +4.959823e+00  +4.480209e+00  +2.027156e+03  
covariance:
+4.025998e-05  +6.823775e-06  -3.164555e-06  -4.339348e-05  +4.176292e-06  +6.653978e-06  -1.124988e-05  +1.169735e-05  +1.697734e-06  -1.322046e-05  +1.569146e-04  -7.292591e-08  -2.982652e-07  +5.400075e-04  +4.392991e-08  -3.010622e-08  -1.937340e-02  
+6.823775e-06  +1.823925e-05  -5.279351e-06  +1.384907e-04  -1.202826e-06  -8.771511e-06  -1.317626e-05  +2.467123e-05  +2.226947e-06  +3.476965e-05  -3.041394e-04  -8.492809e-07  +1.656233e-07  -2.073893e-03  -2.821773e-07  -6.969268e-08  +2.403747e-02  
-3.164555e-06  -5.279351e-06  +3.096100e-05  -1.173638e-04  -1.410423e-05  +9.621662e-06  +9.524350e-06  -2.372862e-05  -4.515639e-06  -1.619333e-05  +2.959151e-04  +1.378805e-06  +2.981299e-07  -1.403478e-03  -1.687516e-07  -4.968648e-07  -2.872232e-02  
-4.339348e-05  +1.384907e-04  -1.173638e-04  +5.893373e-03  +1.852390e-04  -3.142538e-04  -2.005353e-04  +1.686606e-03  +1.244540e-04  +9.083243e-04  -1.181125e-02  -2.945105e-05  +1.168450e-05  -3.407374e-02  -4.681750e-06  +4.738720e-06  +8.745023e-01  
+4.176292e-06  -1.202826e-06  -1.410423e-05  +1.852390e-04  +1.527791e-04  -9.804722e-06  +6.017369e-06  +1.044289e-04  +1.349166e-05  -3.374381e-05  -5.772054e-04  -1.984891e-06  -8.602491e-07  +3.005724e-03  -3.309774e-07  +1.110745e-07  +3.706766e-02  
+6.653978e-06  -8.771511e-06  +9.621662e-06  -3.142538e-04  -9.804722e-06  +3.916929e-05  +1.386163e-06  +3.537108e-05  -5.350349e-06  -7.526895e-05  +8.481705e-04  +2.297616e-06  -5.932878e-07  +3.685687e-03  +2.740360e-07  +5.229801e-07  -7.277861e-02  
-1.124988e-05  -1.317626e-05  +9.524350e-06  -2.005353e-04  +6.017369e-06  +1.386163e-06  +4.160941e-05  -8.590083e-05  -5.560371e-06  -4.460938e-05  +3.201260e-04  +6.745658e-07  -7.168572e-07  +5.238219e-03  +4.292178e-07  -5.678271e-07  -2.708407e-02  
+1.169735e-05  +2.467123e-05  -2.372862e-05  +1.686606e-03  +1.044289e-04  +3.537108e-05  -8.590083e-05  +1.760712e-03  +5.588996e-05  -6.487786e-06  -2.269167e-03  -7.652201e-06  +4.868646e-06  +1.319563e-02  -5.296840e-07  +7.545680e-06  +4.521307e-02  
+1.697734e-06  +2.226947e-06  -4.515639e-06  +1.244540e-04  +1.349166e-05  -5.350349e-06  -5.560371e-06  +5.588996e-05  +5.610829e-06  +7.996459e-06  -2.712143e-04  -5.221990e-07  +4.806380e-08  -1.054572e-04  -6.419263e-08  +1.755005e-07  +1.806787e-02  
-1.322046e-05  +3.476965e-05  -1.619333e-05  +9.083243e-04  -3.374381e-05  -7.526895e-05  -4.460938e-05  -6.487786e-06  +7.996459e-06  +2.718612e-04  -2.015409e-03  -5.441606e-06  +2.022697e-06  -1.641014e-02  -8.274110e-07  -2.670866e-07  +1.781011e-01  
+1.569146e-04  -3.041394e-04  +2.959151e-04  -1.181125e-02  -5.772054e-04  +8.481705e-04  +3.201260e-04  -2.269167e-03  -2.712143e-04  -2.015409e-03  +2.743968e-02  +6.338071e-05  -1.166110e-05  +9.157766e-02  +9.232361e-06  +8.107443e-07  -2.147091e+00  
-7.292591e-08  -8.492809e-07  +1.378805e-06  -2.945105e-05  -1.984891e-06  +2.297616e-06  +6.745658e-07  -7.652201e-06  -5.221990e-07  -5.441606e-06  +6.338071e-05  +9.451947e-07  +1.803786e-08  +2.341616e-04  -3.323405e-08  +6.376562e-08  -2.934948e-03  
-2.982652e-07  +1.656233e-07  +2.981299e-07  +1.168450e-05  -8.602491e-07  -5.932878e-07  -7.168572e-07  +4.868646e-06  +4.806380e-08  +2.022697e-06  -1.166110e-05  +1.803786e-08  +8.619084e-07  -6.126806e-05  -3.867369e-08  +7.348495e-08  -3.392503e-04  
+5.400075e-04  -2.073893e-03  -1.403478e-03  -3.407374e-02  +3.005724e-03  +3.685687e-03  +5.238219e-03  +1.319563e-02  -1.054572e-04  -1.641014e-02  +9.157766e-02  +2.341616e-04  -6.126806e-05  +6.346682e+00  -6.125191e-05  +3.047328e-04  -1.332983e+01  
+4.392991e-08  -2.821773e-07  -1.687516e-07  -4.681750e-06  -3.309774e-07  +2.740360e-07  +4.292178e-07  -5.296840e-07  -6.419263e-08  -8.274110e-07  +9.232361e-06  -3.323405e-08  -3.867369e-08  -6.125191e-05  +2.141406e-07  -3.756696e-08  -6.617483e-04  
-3.010622e-08  -6.969268e-08  -4.968648e-07  +4.738720e-06  +1.110745e-07  +5.229801e-07  -5.678271e-07  +7.545680e-06  +1.755005e-07  -2.670866e-07  +8.107443e-07  +6.376562e-08  +7.348495e-08  +3.047328e-04  -3.756696e-08  +3.585602e-07  -3.445779e-04  
-1.937340e-02  +2.403747e-02  -2.872232e-02  +8.745023e-01  +3.706766e-02  -7.277861e-02  -2.708407e-02  +4.521307e-02  +1.806787e-02  +1.781011e-01  -2.147091e+00  -2.934948e-03  -3.392503e-04  -1.332983e+01  -6.617483e-04  -3.445779e-04  +2.182214e+02  
