mean:
+3.945323e+00  +3.934539e+00  +8.393306e-01  +1.307381e+00  +1.425300e+00  +4.948276e-01  +8.130049e-01  +1.354651e+00  +1.716809e-01  +1.865602e+00  +5.918203e+00  +3.530413e+00  +2.655386e+00  +2.061778e+02  +4.291727e+00  +5.294801e+00  +2.819291e+02  +5.391438e+00  +3.763532e+00  +3.304906e+02  +2.640653e+00  +4.561238e+00  +3.939569e+02  
covariance:
+1.135711e-06  -1.374864e-07  +3.517864e-06  +8.062936e-06  -1.633347e-07  -2.437571e-07  -6.393284e-06  -1.090976e-05  +3.888017e-06  -2.547176e-05  +2.958457e-05  +2.469061e-06  +3.669689e-06  -1.920108e-03  +5.753711e-06  -5.549225e-07  -2.409326e-03  +2.597663e-06  +5.598971e-06  -2.470678e-03  +4.172859e-07  +8.804792e-07  -1.927282e-03  
-1.374864e-07  +2.793783e-06  -1.161841e-07  +6.527457e-06  -5.683775e-07  +5.927076e-07  -4.016851e-06  +1.466552e-06  +2.463961e-06  -1.506121e-05  +1.639253e-05  +2.890138e-06  +4.294587e-06  -1.101630e-03  +6.453611e-06  -2.237663e-08  -1.637734e-03  +3.663443e-06  +6.870901e-06  -2.107214e-03  +4.683216e-07  -5.377204e-09  -1.357657e-03  
+3.517864e-06  -1.161841e-07  +5.479654e-05  +2.827290e-05  +1.428133e-06  -7.755404e-06  -4.133822e-05  -1.320856e-04  +2.386864e-05  -1.812570e-04  +2.291293e-04  +1.156381e-05  +1.434586e-05  -1.348394e-02  +2.012909e-05  -8.572463e-06  -1.673410e-02  +5.895259e-06  +2.007688e-05  -1.874544e-02  +2.593936e-06  +6.600143e-06  -1.399635e-02  
+8.062936e-06  +6.527457e-06  +2.827290e-05  +2.295961e-04  -8.533014e-06  +4.934883e-06  -1.071704e-04  -1.044793e-04  +6.943417e-05  -4.862874e-04  +4.833115e-04  +5.660296e-05  +9.023545e-05  -3.297399e-02  +1.369565e-04  -3.536247e-06  -4.746156e-02  +6.825950e-05  +1.346274e-04  -4.165787e-02  +8.714392e-06  +1.348886e-05  -3.711663e-02  
-1.633347e-07  -5.683775e-07  +1.428133e-06  -8.533014e-06  +5.383532e-06  -8.538440e-08  +5.312220e-06  -4.788442e-06  -2.032881e-06  +1.221792e-05  -1.271896e-05  -2.882699e-06  -3.876782e-06  +1.442738e-03  -6.821669e-06  -1.054988e-07  +9.067924e-04  -4.091247e-06  -6.516938e-06  +1.654471e-03  -1.290179e-07  -7.245071e-07  +4.781618e-04  
-2.437571e-07  +5.927076e-07  -7.755404e-06  +4.934883e-06  -8.538440e-08  +3.038557e-06  +2.412598e-06  +1.832701e-05  -1.089274e-07  +3.437428e-06  -1.930124e-05  +1.529416e-06  +3.058870e-06  +8.776296e-04  +4.952663e-06  +1.432376e-06  -1.076189e-04  +3.316608e-06  +5.102359e-06  +6.769845e-04  -5.823734e-09  -5.633395e-07  -6.263929e-05  
-6.393284e-06  -4.016851e-06  -4.133822e-05  -1.071704e-04  +5.312220e-06  +2.412598e-06  +9.742852e-05  +1.264840e-04  -5.059645e-05  +3.470242e-04  -4.059313e-04  -3.730334e-05  -5.495661e-05  +2.699142e-02  -8.722941e-05  +7.967100e-06  +3.260625e-02  -4.148993e-05  -8.582170e-05  +3.581617e-02  -5.869412e-06  -1.168497e-05  +2.654838e-02  
-1.090976e-05  +1.466552e-06  -1.320856e-04  -1.044793e-04  -4.788442e-06  +1.832701e-05  +1.264840e-04  +5.799452e-04  -7.721188e-05  +5.828542e-04  -6.498516e-04  -3.064566e-05  -4.674187e-05  +4.134504e-02  -6.500502e-05  +2.425043e-05  +6.700385e-02  -2.649225e-05  -5.815064e-05  +6.669796e-02  -1.696576e-05  -2.197883e-05  +5.288127e-02  
+3.888017e-06  +2.463961e-06  +2.386864e-05  +6.943417e-05  -2.032881e-06  -1.089274e-07  -5.059645e-05  -7.721188e-05  +3.146653e-05  -2.170352e-04  +2.252589e-04  +2.166672e-05  +3.355250e-05  -1.544970e-02  +5.197352e-05  -4.005705e-06  -2.121530e-02  +2.475496e-05  +5.062623e-05  -2.036236e-02  +3.714363e-06  +6.580589e-06  -1.707134e-02  
-2.547176e-05  -1.506121e-05  -1.812570e-04  -4.862874e-04  +1.221792e-05  +3.437428e-06  +3.470242e-04  +5.828542e-04  -2.170352e-04  +1.552015e-03  -1.611358e-03  -1.481283e-04  -2.314694e-04  +1.088231e-01  -3.556799e-04  +3.002809e-05  +1.523503e-01  -1.671092e-04  -3.454090e-04  +1.423352e-01  -2.623778e-05  -4.682882e-05  +1.223773e-01  
+2.958457e-05  +1.639253e-05  +2.291293e-04  +4.833115e-04  -1.271896e-05  -1.930124e-05  -4.059313e-04  -6.498516e-04  +2.252589e-04  -1.611358e-03  +1.969758e-03  +1.565465e-04  +2.355651e-04  -1.199184e-01  +3.619585e-04  -3.925408e-05  -1.532541e-01  +1.636113e-04  +3.563237e-04  -1.567882e-01  +2.624485e-05  +5.323602e-05  -1.238779e-01  
+2.469061e-06  +2.890138e-06  +1.156381e-05  +5.660296e-05  -2.882699e-06  +1.529416e-06  -3.730334e-05  -3.064566e-05  +2.166672e-05  -1.481283e-04  +1.565465e-04  +1.904934e-05  +2.815265e-05  -1.077454e-02  +4.375623e-05  -1.977596e-06  -1.403486e-02  +2.207872e-05  +4.400067e-05  -1.478987e-02  +2.414271e-06  +4.064180e-06  -1.134637e-02  
+3.669689e-06  +4.294587e-06  +1.434586e-05  +9.023545e-05  -3.876782e-06  +3.058870e-06  -5.495661e-05  -4.674187e-05  +3.355250e-05  -2.314694e-04  +2.355651e-04  +2.815265e-05  +4.453095e-05  -1.620395e-02  +6.769958e-05  -1.987240e-06  -2.305596e-02  +3.443172e-05  +6.784468e-05  -2.213369e-02  +4.100897e-06  +6.393534e-06  -1.823818e-02  
-1.920108e-03  -1.101630e-03  -1.348394e-02  -3.297399e-02  +1.442738e-03  +8.776296e-04  +2.699142e-02  +4.134504e-02  -1.544970e-02  +1.088231e-01  -1.199184e-01  -1.077454e-02  -1.620395e-02  +8.569893e+00  -2.559555e-02  +2.406922e-03  +1.018752e+01  -1.202040e-02  -2.483694e-02  +1.048751e+01  -1.802287e-03  -3.458552e-03  +8.495217e+00  
+5.753711e-06  +6.453611e-06  +2.012909e-05  +1.369565e-04  -6.821669e-06  +4.952663e-06  -8.722941e-05  -6.500502e-05  +5.197352e-05  -3.556799e-04  +3.619585e-04  +4.375623e-05  +6.769958e-05  -2.559555e-02  +1.062639e-04  -3.444109e-06  -3.430005e-02  +5.352501e-05  +1.050451e-04  -3.362247e-02  +5.843615e-06  +9.929252e-06  -2.753689e-02  
-5.549225e-07  -2.237663e-08  -8.572463e-06  -3.536247e-06  -1.054988e-07  +1.432376e-06  +7.967100e-06  +2.425043e-05  -4.005705e-06  +3.002809e-05  -3.925408e-05  -1.977596e-06  -1.987240e-06  +2.406922e-03  -3.444109e-06  +2.426821e-06  +2.477995e-03  -9.204311e-07  -3.167426e-06  +3.350569e-03  -2.821417e-07  -8.473463e-07  +1.910993e-03  
-2.409326e-03  -1.637734e-03  -1.673410e-02  -4.746156e-02  +9.067924e-04  -1.076189e-04  +3.260625e-02  +6.700385e-02  -2.121530e-02  +1.523503e-01  -1.532541e-01  -1.403486e-02  -2.305596e-02  +1.018752e+01  -3.430005e-02  +2.477995e-03  +1.696917e+01  -1.677319e-02  -3.347665e-02  +1.477932e+01  -3.246019e-03  -4.803938e-03  +1.269801e+01  
+2.597663e-06  +3.663443e-06  +5.895259e-06  +6.825950e-05  -4.091247e-06  +3.316608e-06  -4.148993e-05  -2.649225e-05  +2.475496e-05  -1.671092e-04  +1.636113e-04  +2.207872e-05  +3.443172e-05  -1.202040e-02  +5.352501e-05  -9.204311e-07  -1.677319e-02  +2.829645e-05  +5.337576e-05  -1.671614e-02  +3.207908e-06  +4.573767e-06  -1.328667e-02  
+5.598971e-06  +6.870901e-06  +2.007688e-05  +1.346274e-04  -6.516938e-06  +5.102359e-06  -8.582170e-05  -5.815064e-05  +5.062623e-05  -3.454090e-04  +3.563237e-04  +4.400067e-05  +6.784468e-05  -2.483694e-02  +1.050451e-04  -3.167426e-06  -3.347665e-02  +5.337576e-05  +1.056854e-04  -3.361126e-02  +5.710436e-06  +9.387638e-06  -2.681330e-02  
-2.470678e-03  -2.107214e-03  -1.874544e-02  -4.165787e-02  +1.654471e-03  +6.769845e-04  +3.581617e-02  +6.669796e-02  -2.036236e-02  +1.423352e-01  -1.567882e-01  -1.478987e-02  -2.213369e-02  +1.048751e+01  -3.362247e-02  +3.350569e-03  +1.477932e+01  -1.671614e-02  -3.361126e-02  +1.626397e+01  -3.195559e-03  -4.429835e-03  +1.177253e+01  
+4.172859e-07  +4.683216e-07  +2.593936e-06  +8.714392e-06  -1.290179e-07  -5.823734e-09  -5.869412e-06  -1.696576e-05  +3.714363e-06  -2.623778e-05  +2.624485e-05  +2.414271e-06  +4.100897e-06  -1.802287e-03  +5.843615e-06  -2.821417e-07  -3.246019e-03  +3.207908e-06  +5.710436e-06  -3.195559e-03  +1.385653e-06  +7.979770e-07  -2.783020e-03  
+8.804792e-07  -5.377204e-09  +6.600143e-06  +1.348886e-05  -7.245071e-07  -5.633395e-07  -1.168497e-05  -2.197883e-05  +6.580589e-06  -4.682882e-05  +5.323602e-05  +4.064180e-06  +6.393534e-06  -3.458552e-03  +9.929252e-06  -8.473463e-07  -4.803938e-03  +4.573767e-06  +9.387638e-06  -4.429835e-03  +7.979770e-07  +2.412243e-06  -3.534920e-03  
-1.927282e-03  -1.357657e-03  -1.399635e-02  -3.711663e-02  +4.781618e-04  -6.263929e-05  +2.654838e-02  +5.288127e-02  -1.707134e-02  +1.223773e-01  -1.238779e-01  -1.134637e-02  -1.823818e-02  +8.495217e+00  -2.753689e-02  +1.910993e-03  +1.269801e+01  -1.328667e-02  -2.681330e-02  +1.177253e+01  -2.783020e-03  -3.534920e-03  +1.095109e+01  
