mean:
+4.000160e+00  +3.954783e+00  +5.880987e-01  +2.008140e+00  +1.191686e+00  +4.039828e-01  +8.420096e-01  +2.242268e+00  +4.200581e-02  +3.857268e+00  +5.873571e+00  +4.477559e+00  +3.301391e+00  +3.275959e+02  +2.491938e+00  +3.691096e+00  +4.556828e+02  +4.639352e+00  +4.959735e+00  +8.077975e+02  +3.992800e+00  +5.120809e+00  +4.344670e+02  
covariance:
+5.825501e-05  -2.430817e-05  +8.951798e-06  +2.547253e-05  -5.480380e-05  -1.182496e-05  -1.316589e-04  -5.013724e-05  +8.177561e-06  -1.052028e-04  +3.182428e-04  -1.846034e-06  +5.636723e-06  -4.816048e-03  -5.320333e-06  -1.014518e-05  -2.856630e-02  +4.992275e-08  -9.424821e-07  -2.760372e-02  +1.892370e-05  -3.163205e-06  -2.461539e-02  
-2.430817e-05  +1.373476e-05  -4.599263e-06  -9.721096e-06  +2.448276e-05  +5.501842e-06  +5.647786e-05  +2.511072e-05  -3.629635e-06  +4.770240e-05  -1.299051e-04  +6.376671e-07  -2.400071e-06  +2.460935e-03  +1.983976e-06  +4.731183e-06  +1.256582e-02  +2.779152e-07  +4.451538e-07  +1.116778e-02  -9.194186e-06  +1.565493e-06  +9.497760e-03  
+8.951798e-06  -4.599263e-06  +1.009076e-05  +7.721695e-06  -1.137954e-05  -2.798360e-06  -3.136837e-05  -2.244165e-05  +1.799470e-06  -2.465002e-05  +6.651311e-05  -8.706469e-07  +6.940898e-07  -8.381356e-04  -3.023725e-07  -2.895578e-06  -6.492181e-03  +6.719897e-07  -7.221534e-07  -7.108235e-03  +4.187270e-06  -9.522741e-07  -6.525960e-03  
+2.547253e-05  -9.721096e-06  +7.721695e-06  +4.814921e-05  -2.038759e-05  -2.915972e-06  -4.133543e-05  -2.497710e-05  +2.813882e-06  -3.118608e-05  +5.611971e-05  -4.774859e-06  +2.731433e-06  -3.488635e-03  -2.506232e-06  -2.893400e-06  -5.760960e-03  +1.340812e-06  -8.385430e-07  -9.856924e-03  +9.694826e-06  -1.476020e-07  -6.002476e-03  
-5.480380e-05  +2.448276e-05  -1.137954e-05  -2.038759e-05  +7.678860e-05  +1.332429e-05  +1.433396e-04  +5.953035e-05  -8.784939e-06  +1.175065e-04  -3.347614e-04  +1.874230e-06  -5.735581e-06  +6.170220e-03  +6.876399e-06  +1.225642e-05  +3.204577e-02  -9.870717e-07  +1.583148e-06  +2.935790e-02  -2.013821e-05  +3.169810e-06  +2.768978e-02  
-1.182496e-05  +5.501842e-06  -2.798360e-06  -2.915972e-06  +1.332429e-05  +3.661340e-06  +3.315620e-05  +1.402545e-05  -1.965696e-06  +2.652614e-05  -8.674201e-05  -1.588475e-07  -1.053774e-06  +8.925399e-04  +1.103804e-06  +2.649314e-06  +7.109420e-03  -8.731399e-08  +3.199599e-07  +6.727693e-03  -4.183477e-06  +1.159308e-06  +6.252812e-03  
-1.316589e-04  +5.647786e-05  -3.136837e-05  -4.133543e-05  +1.433396e-04  +3.315620e-05  +3.897449e-04  +1.522358e-04  -2.236390e-05  +3.008463e-04  -1.040772e-03  +1.862489e-06  -1.379252e-05  +6.135679e-03  +1.211308e-05  +2.900167e-05  +8.611813e-02  -5.108295e-07  +1.991629e-06  +8.642990e-02  -4.734209e-05  +1.056524e-05  +7.966614e-02  
-5.013724e-05  +2.511072e-05  -2.244165e-05  -2.497710e-05  +5.953035e-05  +1.402545e-05  +1.522358e-04  +1.156928e-04  -9.330042e-06  +1.290670e-04  -3.372863e-04  +2.159765e-06  -5.944973e-06  +3.652829e-03  +2.811642e-06  +1.435240e-05  +3.432911e-02  -1.095152e-06  +1.835584e-06  +3.205634e-02  -2.169898e-05  +4.942910e-06  +2.409218e-02  
+8.177561e-06  -3.629635e-06  +1.799470e-06  +2.813882e-06  -8.784939e-06  -1.965696e-06  -2.236390e-05  -9.330042e-06  +1.381429e-06  -1.788027e-05  +5.560311e-05  -2.165168e-07  +8.774214e-07  -5.871105e-04  -7.414895e-07  -1.745391e-06  -4.964528e-03  +5.235669e-09  -1.439972e-07  -4.766203e-03  +3.046661e-06  -6.108392e-07  -4.235074e-03  
-1.052028e-04  +4.770240e-05  -2.465002e-05  -3.118608e-05  +1.175065e-04  +2.652614e-05  +3.008463e-04  +1.290670e-04  -1.788027e-05  +2.457112e-04  -7.740907e-04  +1.822664e-06  -1.123061e-05  +6.419556e-03  +1.008831e-05  +2.387974e-05  +6.752469e-02  +1.262072e-07  +1.978102e-06  +6.377642e-02  -3.937217e-05  +8.399887e-06  +5.805037e-02  
+3.182428e-04  -1.299051e-04  +6.651311e-05  +5.611971e-05  -3.347614e-04  -8.674201e-05  -1.040772e-03  -3.372863e-04  +5.560311e-05  -7.740907e-04  +3.367576e-03  +9.402271e-06  +2.841383e-05  +6.681810e-03  -3.331060e-05  -7.165018e-05  -2.251246e-01  -3.646001e-06  +3.902901e-07  -2.420687e-01  +1.047812e-04  -2.699341e-05  -2.441770e-01  
-1.846034e-06  +6.376671e-07  -8.706469e-07  -4.774859e-06  +1.874230e-06  -1.588475e-07  +1.862489e-06  +2.159765e-06  -2.165168e-07  +1.822664e-06  +9.402271e-06  +1.317109e-06  -4.095103e-07  +6.480091e-04  +2.612821e-07  +1.713031e-07  +1.300560e-04  -3.433512e-07  +9.594409e-08  +7.282276e-04  -9.661634e-07  -1.123119e-07  +1.377988e-04  
+5.636723e-06  -2.400071e-06  +6.940898e-07  +2.731433e-06  -5.735581e-06  -1.053774e-06  -1.379252e-05  -5.944973e-06  +8.774214e-07  -1.123061e-05  +2.841383e-05  -4.095103e-07  +1.100400e-06  -6.318743e-04  -4.702081e-07  -1.141877e-06  -3.201891e-03  -9.608595e-09  -8.356056e-08  -2.809957e-03  +2.054304e-06  -3.548061e-07  -2.119303e-03  
-4.816048e-03  +2.460935e-03  -8.381356e-04  -3.488635e-03  +6.170220e-03  +8.925399e-04  +6.135679e-03  +3.652829e-03  -5.871105e-04  +6.419556e-03  +6.681810e-03  +6.480091e-04  -6.318743e-04  +1.933843e+00  +4.715793e-04  +7.115476e-04  +1.168294e+00  -9.685509e-05  +3.761562e-04  +2.929557e-01  -2.225022e-03  +1.918074e-04  +1.492702e-01  
-5.320333e-06  +1.983976e-06  -3.023725e-07  -2.506232e-06  +6.876399e-06  +1.103804e-06  +1.211308e-05  +2.811642e-06  -7.414895e-07  +1.008831e-05  -3.331060e-05  +2.612821e-07  -4.702081e-07  +4.715793e-04  +1.203293e-06  +1.001662e-06  +2.489068e-03  -1.613295e-07  +7.408392e-08  +2.389091e-03  -1.542563e-06  +1.466251e-07  +2.813460e-03  
-1.014518e-05  +4.731183e-06  -2.895578e-06  -2.893400e-06  +1.225642e-05  +2.649314e-06  +2.900167e-05  +1.435240e-05  -1.745391e-06  +2.387974e-05  -7.165018e-05  +1.713031e-07  -1.141877e-06  +7.115476e-04  +1.001662e-06  +2.680895e-06  +6.617965e-03  -1.018730e-07  +2.681212e-07  +6.088602e-03  -3.745143e-06  +7.896770e-07  +5.393565e-03  
-2.856630e-02  +1.256582e-02  -6.492181e-03  -5.760960e-03  +3.204577e-02  +7.109420e-03  +8.611813e-02  +3.432911e-02  -4.964528e-03  +6.752469e-02  -2.251246e-01  +1.300560e-04  -3.201891e-03  +1.168294e+00  +2.489068e-03  +6.617965e-03  +2.038130e+01  +3.406866e-05  +3.395268e-04  +1.919751e+01  -1.040280e-02  +2.337699e-03  +1.715033e+01  
+4.992275e-08  +2.779152e-07  +6.719897e-07  +1.340812e-06  -9.870717e-07  -8.731399e-08  -5.108295e-07  -1.095152e-06  +5.235669e-09  +1.262072e-07  -3.646001e-06  -3.433512e-07  -9.608595e-09  -9.685509e-05  -1.613295e-07  -1.018730e-07  +3.406866e-05  +5.780845e-07  -8.732445e-08  -3.892577e-04  -3.187688e-07  +1.992140e-08  -2.520176e-04  
-9.424821e-07  +4.451538e-07  -7.221534e-07  -8.385430e-07  +1.583148e-06  +3.199599e-07  +1.991629e-06  +1.835584e-06  -1.439972e-07  +1.978102e-06  +3.902901e-07  +9.594409e-08  -8.356056e-08  +3.761562e-04  +7.408392e-08  +2.681212e-07  +3.395268e-04  -8.732445e-08  +2.780187e-07  +1.247652e-04  -4.437700e-07  +8.082011e-08  +1.655669e-04  
-2.760372e-02  +1.116778e-02  -7.108235e-03  -9.856924e-03  +2.935790e-02  +6.727693e-03  +8.642990e-02  +3.205634e-02  -4.766203e-03  +6.377642e-02  -2.420687e-01  +7.282276e-04  -2.809957e-03  +2.929557e-01  +2.389091e-03  +6.088602e-03  +1.919751e+01  -3.892577e-04  +1.247652e-04  +2.124225e+01  -9.552653e-03  +2.150198e-03  +1.890806e+01  
+1.892370e-05  -9.194186e-06  +4.187270e-06  +9.694826e-06  -2.013821e-05  -4.183477e-06  -4.734209e-05  -2.169898e-05  +3.046661e-06  -3.937217e-05  +1.047812e-04  -9.661634e-07  +2.054304e-06  -2.225022e-03  -1.542563e-06  -3.745143e-06  -1.040280e-02  -3.187688e-07  -4.437700e-07  -9.552653e-03  +8.437078e-06  -1.298030e-06  -8.004638e-03  
-3.163205e-06  +1.565493e-06  -9.522741e-07  -1.476020e-07  +3.169810e-06  +1.159308e-06  +1.056524e-05  +4.942910e-06  -6.108392e-07  +8.399887e-06  -2.699341e-05  -1.123119e-07  -3.548061e-07  +1.918074e-04  +1.466251e-07  +7.896770e-07  +2.337699e-03  +1.992140e-08  +8.082011e-08  +2.150198e-03  -1.298030e-06  +7.161392e-07  +1.826420e-03  
-2.461539e-02  +9.497760e-03  -6.525960e-03  -6.002476e-03  +2.768978e-02  +6.252812e-03  +7.966614e-02  +2.409218e-02  -4.235074e-03  +5.805037e-02  -2.441770e-01  +1.377988e-04  -2.119303e-03  +1.492702e-01  +2.813460e-03  +5.393565e-03  +1.715033e+01  -2.520176e-04  +1.655669e-04  +1.890806e+01  -8.004638e-03  +1.826420e-03  +1.987971e+01  
