mean:
+3.988907e+00  +3.956173e+00  +5.886162e-01  +2.013782e+00  +1.201862e+00  +3.994944e-01  +8.248881e-01  +2.232756e+00  +3.844420e-02  +3.854968e+00  +5.898648e+00  +4.478108e+00  +3.301509e+00  +3.244581e+02  +2.492311e+00  +3.691167e+00  +4.533950e+02  +4.639493e+00  +4.959838e+00  +8.043037e+02  +3.992191e+00  +5.121874e+00  +4.347570e+02  
covariance:
+6.616921e-06  -5.152882e-07  +2.657701e-07  +2.118947e-06  -1.224340e-06  -6.106943e-07  +7.654026e-07  -1.170302e-06  +3.172738e-08  +4.077597e-06  -2.177031e-05  -1.716329e-07  -4.058950e-07  -2.774310e-04  -7.190227e-09  +2.237645e-07  +9.485434e-04  -1.359411e-07  +9.110297e-08  +1.017506e-03  +1.613694e-07  -1.392133e-07  +4.550730e-04  
-5.152882e-07  +3.191112e-06  +3.296986e-07  -5.037439e-06  +2.989943e-06  +7.488092e-07  -4.697769e-07  +1.089615e-06  +7.429315e-08  -5.218762e-06  +2.154812e-05  +2.240193e-07  +2.863984e-07  +5.265632e-04  -5.315093e-08  -1.677463e-07  -8.464468e-04  -2.222749e-08  +7.609486e-08  -1.395507e-03  +4.904991e-07  -1.136986e-07  -5.727015e-05  
+2.657701e-07  +3.296986e-07  +3.866643e-05  -1.709757e-05  +6.033489e-06  +5.333439e-06  -3.502189e-06  -1.365843e-05  +2.020421e-07  -4.606559e-05  +1.886807e-04  +2.235853e-07  +8.035088e-07  -3.587255e-03  +2.032704e-06  -3.727811e-06  -1.391979e-02  -1.534399e-08  +3.657842e-07  -1.675161e-02  +6.013072e-06  -1.493236e-06  -1.172736e-03  
+2.118947e-06  -5.037439e-06  -1.709757e-05  +1.819360e-04  -5.730542e-05  -1.653469e-05  -1.658939e-05  -2.378624e-05  +4.486004e-07  +7.018499e-05  -3.020903e-04  -1.218390e-06  +1.272073e-06  -7.912005e-03  -2.759581e-06  +2.271029e-06  +2.050973e-03  +1.783040e-06  +2.191668e-07  +1.982463e-02  +1.083795e-06  +1.033971e-06  -1.447426e-02  
-1.224340e-06  +2.989943e-06  +6.033489e-06  -5.730542e-05  +9.260411e-05  +1.050127e-05  +9.622615e-06  +3.092948e-05  -1.695253e-07  -6.494229e-05  +3.193093e-04  +1.184897e-06  +1.688701e-06  +8.364181e-03  +4.749972e-07  -2.703397e-06  -7.479853e-03  +1.072172e-06  -5.191347e-08  -1.966588e-02  +2.666365e-06  -7.014202e-07  +2.819320e-03  
-6.106943e-07  +7.488092e-07  +5.333439e-06  -1.653469e-05  +1.050127e-05  +3.541752e-06  +1.648955e-06  +2.846478e-06  -5.520045e-08  -1.722384e-05  +8.343976e-05  -2.946545e-08  +5.570608e-07  +9.127096e-04  +3.195135e-07  -7.547096e-07  -2.851010e-03  -3.219690e-08  +2.188098e-08  -6.079699e-03  +1.026389e-06  -4.066692e-07  +6.910890e-04  
+7.654026e-07  -4.697769e-07  -3.502189e-06  -1.658939e-05  +9.622615e-06  +1.648955e-06  +1.467562e-05  +1.580409e-05  -6.855049e-07  +1.449517e-05  -2.663775e-05  -7.966623e-07  -1.396574e-06  +8.771848e-04  +3.813964e-07  +1.184755e-06  +6.706823e-03  -5.498643e-07  -1.358051e-07  +8.667846e-04  -5.038712e-06  +4.703370e-07  +6.727158e-03  
-1.170302e-06  +1.089615e-06  -1.365843e-05  -2.378624e-05  +3.092948e-05  +2.846478e-06  +1.580409e-05  +6.631107e-05  -8.233880e-07  +1.278833e-05  +2.863447e-05  -1.526341e-06  -4.626992e-07  +4.188805e-03  -1.148847e-06  +1.238769e-06  +8.767360e-03  +3.696214e-07  -6.791986e-07  -1.823120e-03  -7.387558e-06  +1.413269e-06  +3.540016e-03  
+3.172738e-08  +7.429315e-08  +2.020421e-07  +4.486004e-07  -1.695253e-07  -5.520045e-08  -6.855049e-07  -8.233880e-07  +6.334862e-08  -1.120714e-06  +2.355675e-06  +4.867643e-08  +6.083475e-08  -4.836991e-06  -2.324477e-08  -7.123357e-08  -3.628520e-04  +3.609426e-08  +1.626493e-08  -1.075692e-04  +2.542793e-07  -2.587213e-08  -2.936915e-04  
+4.077597e-06  -5.218762e-06  -4.606559e-05  +7.018499e-05  -6.494229e-05  -1.722384e-05  +1.449517e-05  +1.278833e-05  -1.120714e-06  +1.648404e-04  -6.528786e-04  -1.816966e-06  -5.682966e-06  -5.500753e-03  -1.100213e-06  +8.820290e-06  +3.487432e-02  -2.296118e-06  -3.916731e-07  +4.574632e-02  -1.756178e-05  +3.689184e-06  +8.939366e-03  
-2.177031e-05  +2.154812e-05  +1.886807e-04  -3.020903e-04  +3.193093e-04  +8.343976e-05  -2.663775e-05  +2.863447e-05  +2.355675e-06  -6.528786e-04  +2.929323e-03  +4.488051e-06  +2.686651e-05  +2.419429e-02  +4.279913e-06  -3.573405e-05  -1.418895e-01  +9.060548e-06  +1.595979e-07  -2.107899e-01  +6.591110e-05  -1.594402e-05  -3.014763e-02  
-1.716329e-07  +2.240193e-07  +2.235853e-07  -1.218390e-06  +1.184897e-06  -2.946545e-08  -7.966623e-07  -1.526341e-06  +4.867643e-08  -1.816966e-06  +4.488051e-06  +4.629767e-07  +1.255213e-07  +1.313987e-04  +1.595407e-07  -7.659303e-08  -4.364754e-04  +1.749570e-08  +3.623193e-08  -4.100356e-05  +6.543678e-07  -1.347777e-07  -4.365229e-05  
-4.058950e-07  +2.863984e-07  +8.035088e-07  +1.272073e-06  +1.688701e-06  +5.570608e-07  -1.396574e-06  -4.626992e-07  +6.083475e-08  -5.682966e-06  +2.686651e-05  +1.255213e-07  +7.370318e-07  +2.109138e-04  -1.276337e-07  -2.941333e-07  -1.657132e-03  +1.408517e-07  +2.986512e-08  -1.806435e-03  +1.011686e-06  -2.195352e-07  -1.004358e-03  
-2.774310e-04  +5.265632e-04  -3.587255e-03  -7.912005e-03  +8.364181e-03  +9.127096e-04  +8.771848e-04  +4.188805e-03  -4.836991e-06  -5.500753e-03  +2.419429e-02  +1.313987e-04  +2.109138e-04  +1.849716e+00  -2.724168e-04  -7.197159e-06  +2.844076e-01  +1.092410e-04  +2.611514e-05  -9.117828e-01  +5.698303e-07  +1.014081e-05  +3.208718e-01  
-7.190227e-09  -5.315093e-08  +2.032704e-06  -2.759581e-06  +4.749972e-07  +3.195135e-07  +3.813964e-07  -1.148847e-06  -2.324477e-08  -1.100213e-06  +4.279913e-06  +1.595407e-07  -1.276337e-07  -2.724168e-04  +5.511298e-07  -7.188570e-08  -2.772829e-04  -3.177672e-08  -2.627911e-08  -5.313652e-04  +4.850230e-07  -1.413892e-07  +3.868544e-04  
+2.237645e-07  -1.677463e-07  -3.727811e-06  +2.271029e-06  -2.703397e-06  -7.547096e-07  +1.184755e-06  +1.238769e-06  -7.123357e-08  +8.820290e-06  -3.573405e-05  -7.659303e-08  -2.941333e-07  -7.197159e-06  -7.188570e-08  +7.325225e-07  +2.228460e-03  -7.429594e-08  -5.607860e-08  +2.607841e-03  -1.111376e-06  +2.380632e-07  +5.977783e-04  
+9.485434e-04  -8.464468e-04  -1.391979e-02  +2.050973e-03  -7.479853e-03  -2.851010e-03  +6.706823e-03  +8.767360e-03  -3.628520e-04  +3.487432e-02  -1.418895e-01  -4.364754e-04  -1.657132e-03  +2.844076e-01  -2.772829e-04  +2.228460e-03  +1.078081e+01  -6.124015e-04  -8.821584e-05  +1.077857e+01  -5.347466e-03  +1.080270e-03  +4.190589e+00  
-1.359411e-07  -2.222749e-08  -1.534399e-08  +1.783040e-06  +1.072172e-06  -3.219690e-08  -5.498643e-07  +3.696214e-07  +3.609426e-08  -2.296118e-06  +9.060548e-06  +1.749570e-08  +1.408517e-07  +1.092410e-04  -3.177672e-08  -7.429594e-08  -6.124015e-04  +3.182602e-07  -7.502426e-08  -5.991241e-04  +3.457569e-07  +2.713867e-09  -7.683630e-04  
+9.110297e-08  +7.609486e-08  +3.657842e-07  +2.191668e-07  -5.191347e-08  +2.188098e-08  -1.358051e-07  -6.791986e-07  +1.626493e-08  -3.916731e-07  +1.595979e-07  +3.623193e-08  +2.986512e-08  +2.611514e-05  -2.627911e-08  -5.607860e-08  -8.821584e-05  -7.502426e-08  +1.814325e-07  +6.391557e-05  +1.083160e-07  -3.802118e-08  +1.889876e-04  
+1.017506e-03  -1.395507e-03  -1.675161e-02  +1.982463e-02  -1.966588e-02  -6.079699e-03  +8.667846e-04  -1.823120e-03  -1.075692e-04  +4.574632e-02  -2.107899e-01  -4.100356e-05  -1.806435e-03  -9.117828e-01  -5.313652e-04  +2.607841e-03  +1.077857e+01  -5.991241e-04  +6.391557e-05  +1.659050e+01  -4.878293e-03  +1.332338e-03  +2.111509e+00  
+1.613694e-07  +4.904991e-07  +6.013072e-06  +1.083795e-06  +2.666365e-06  +1.026389e-06  -5.038712e-06  -7.387558e-06  +2.542793e-07  -1.756178e-05  +6.591110e-05  +6.543678e-07  +1.011686e-06  +5.698303e-07  +4.850230e-07  -1.111376e-06  -5.347466e-03  +3.457569e-07  +1.083160e-07  -4.878293e-03  +4.618394e-06  -8.883652e-07  -2.680715e-03  
-1.392133e-07  -1.136986e-07  -1.493236e-06  +1.033971e-06  -7.014202e-07  -4.066692e-07  +4.703370e-07  +1.413269e-06  -2.587213e-08  +3.689184e-06  -1.594402e-05  -1.347777e-07  -2.195352e-07  +1.014081e-05  -1.413892e-07  +2.380632e-07  +1.080270e-03  +2.713867e-09  -3.802118e-08  +1.332338e-03  -8.883652e-07  +3.569028e-07  +2.639489e-04  
+4.550730e-04  -5.727015e-05  -1.172736e-03  -1.447426e-02  +2.819320e-03  +6.910890e-04  +6.727158e-03  +3.540016e-03  -2.936915e-04  +8.939366e-03  -3.014763e-02  -4.365229e-05  -1.004358e-03  +3.208718e-01  +3.868544e-04  +5.977783e-04  +4.190589e+00  -7.683630e-04  +1.889876e-04  +2.111509e+00  -2.680715e-03  +2.639489e-04  +5.151975e+00  
