mean:
+3.967809e+00  +3.991745e+00  +8.649194e-01  +1.344974e+00  +1.239972e+00  +4.054237e-01  +8.325394e-01  +1.394598e+00  +1.651973e-01  +1.958043e+00  +5.814442e+00  +3.611505e+00  +2.920387e+00  +2.035092e+02  +4.261621e+00  +5.128790e+00  +2.821814e+02  +5.236244e+00  +3.830610e+00  +3.276058e+02  +2.799900e+00  +4.479772e+00  +3.954452e+02  
covariance:
+2.065659e-06  +5.775035e-07  +1.254007e-05  +1.792563e-05  +3.410078e-06  +1.757602e-06  -2.941916e-06  -2.453259e-07  -5.497975e-06  +4.512986e-05  -8.241813e-05  +4.228213e-08  +1.056761e-06  -8.614379e-04  -2.161012e-06  +5.170431e-08  +2.115862e-03  +4.453190e-07  +2.465448e-07  +1.341069e-03  +3.409627e-07  -1.429849e-08  +1.176052e-03  
+5.775035e-07  +3.030093e-06  +8.347641e-06  +1.168270e-05  +2.259317e-06  +9.400942e-07  -3.045407e-06  -5.613197e-07  -2.981182e-06  +2.704942e-05  -5.408439e-05  +2.743975e-07  +6.235328e-07  -4.869204e-04  -1.057021e-06  +3.799346e-08  +9.897183e-04  +1.603377e-07  -1.943497e-08  +7.643475e-04  +2.025029e-07  +7.954182e-09  +7.270045e-04  
+1.254007e-05  +8.347641e-06  +1.969510e-04  +2.828035e-04  +3.942081e-05  +2.097289e-05  -6.688984e-05  -8.095531e-06  -5.160868e-05  +5.117835e-04  -1.198427e-03  +2.131416e-07  +9.845207e-06  -9.208946e-03  -1.926797e-05  +1.764820e-06  +1.976721e-02  +4.335584e-06  +1.989156e-07  +1.560780e-02  +2.624654e-06  -1.734282e-06  +1.797146e-02  
+1.792563e-05  +1.168270e-05  +2.828035e-04  +6.600559e-04  +4.227588e-05  +2.986191e-05  -9.564147e-05  -4.345747e-05  -7.655723e-05  +7.461576e-04  -1.749700e-03  -3.183018e-06  +1.553592e-05  -8.965925e-03  -3.138594e-05  +5.336349e-06  +3.859896e-02  +9.437804e-06  +1.351053e-06  +4.033483e-02  +2.086379e-06  -2.572175e-06  +3.665050e-02  
+3.410078e-06  +2.259317e-06  +3.942081e-05  +4.227588e-05  +4.752944e-05  +6.622636e-06  -1.765652e-06  +3.851919e-06  -2.505852e-05  +1.882048e-04  -2.479475e-04  +3.711510e-07  +5.626458e-06  -4.600364e-03  -9.279812e-06  -4.127801e-07  +1.070542e-02  +1.547651e-06  +1.634504e-06  +5.087728e-03  +2.345309e-06  -7.954688e-07  +3.066550e-04  
+1.757602e-06  +9.400942e-07  +2.097289e-05  +2.986191e-05  +6.622636e-06  +4.494977e-06  -5.459362e-06  +5.535011e-06  -9.999061e-06  +8.297729e-05  -1.401104e-04  +3.234376e-07  +1.400873e-06  -1.168061e-03  -3.798839e-06  -1.860092e-08  +5.539958e-03  +7.273070e-07  +4.577030e-07  +1.709353e-03  +5.368815e-07  -4.785444e-09  +2.311755e-03  
-2.941916e-06  -3.045407e-06  -6.688984e-05  -9.564147e-05  -1.765652e-06  -5.459362e-06  +5.753631e-05  -2.927842e-06  +1.971511e-06  -1.159172e-04  +3.650699e-04  -1.645886e-06  +1.163535e-06  -1.887220e-03  -2.947816e-06  -1.794327e-06  -5.188500e-03  +7.294627e-07  +2.504154e-06  -1.655403e-03  +2.827166e-07  +9.805448e-07  -6.045493e-03  
-2.453259e-07  -5.613197e-07  -8.095531e-06  -4.345747e-05  +3.851919e-06  +5.535011e-06  -2.927842e-06  +1.973012e-04  -5.616700e-06  +3.593348e-05  +9.645369e-05  +3.128354e-06  -5.007530e-08  +1.742273e-03  +5.584338e-07  +2.274285e-06  +1.122529e-02  -3.872366e-06  +5.786846e-08  -2.472744e-03  -8.176609e-07  +6.733848e-07  -1.134689e-03  
-5.497975e-06  -2.981182e-06  -5.160868e-05  -7.655723e-05  -2.505852e-05  -9.999061e-06  +1.971511e-06  -5.616700e-06  +3.752718e-05  -2.718532e-04  +3.640311e-04  +1.556885e-07  -7.343909e-06  +5.881517e-03  +1.511224e-05  +8.077412e-07  -1.616580e-02  -2.934396e-06  -1.994026e-06  -8.603854e-03  -2.265648e-06  +1.790603e-07  -3.726717e-03  
+4.512986e-05  +2.704942e-05  +5.117835e-04  +7.461576e-04  +1.882048e-04  +8.297729e-05  -1.159172e-04  +3.593348e-05  -2.718532e-04  +2.178877e-03  -3.420412e-03  +1.480336e-06  +5.117424e-05  -4.042337e-02  -1.039422e-04  -1.865148e-06  +1.228644e-01  +2.081009e-05  +9.755332e-06  +6.533959e-02  +1.601215e-05  -3.411039e-06  +4.022148e-02  
-8.241813e-05  -5.408439e-05  -1.198427e-03  -1.749700e-03  -2.479475e-04  -1.401104e-04  +3.650699e-04  +9.645369e-05  +3.640311e-04  -3.420412e-03  +7.885776e-03  +1.270288e-06  -6.852580e-05  +6.674768e-02  +1.422764e-04  -8.899811e-06  -1.321241e-01  -3.486870e-05  -6.702063e-06  -1.094913e-01  -1.958786e-05  +1.013641e-05  -1.215744e-01  
+4.228213e-08  +2.743975e-07  +2.131416e-07  -3.183018e-06  +3.711510e-07  +3.234376e-07  -1.645886e-06  +3.128354e-06  +1.556885e-07  +1.480336e-06  +1.270288e-06  +9.551740e-07  -8.293062e-08  +2.345618e-04  +3.028751e-07  -1.528758e-08  +2.884077e-04  -1.916730e-07  -9.296168e-08  -4.111401e-04  +7.541773e-09  +1.469746e-07  +3.453588e-04  
+1.056761e-06  +6.235328e-07  +9.845207e-06  +1.553592e-05  +5.626458e-06  +1.400873e-06  +1.163535e-06  -5.007530e-08  -7.343909e-06  +5.117424e-05  -6.852580e-05  -8.293062e-08  +2.341320e-06  -1.574573e-03  -3.261186e-06  -2.250607e-07  +2.167914e-03  +5.444884e-07  +4.439086e-07  +2.094978e-03  +5.142253e-07  +4.176610e-08  +6.365294e-04  
-8.614379e-04  -4.869204e-04  -9.208946e-03  -8.965925e-03  -4.600364e-03  -1.168061e-03  -1.887220e-03  +1.742273e-03  +5.881517e-03  -4.042337e-02  +6.674768e-02  +2.345618e-04  -1.574573e-03  +2.095173e+00  +2.736757e-03  +4.106613e-04  -1.139337e+00  -4.715308e-04  -3.899929e-04  -1.246758e+00  -4.636840e-04  -1.015282e-05  -3.902814e-01  
-2.161012e-06  -1.057021e-06  -1.926797e-05  -3.138594e-05  -9.279812e-06  -3.798839e-06  -2.947816e-06  +5.584338e-07  +1.511224e-05  -1.039422e-04  +1.422764e-04  +3.028751e-07  -3.261186e-06  +2.736757e-03  +7.725781e-06  +6.239667e-07  -5.769570e-03  -1.279814e-06  -1.182238e-06  -4.063950e-03  -7.585422e-07  -7.224767e-09  -2.011653e-03  
+5.170431e-08  +3.799346e-08  +1.764820e-06  +5.336349e-06  -4.127801e-07  -1.860092e-08  -1.794327e-06  +2.274285e-06  +8.077412e-07  -1.865148e-06  -8.899811e-06  -1.528758e-08  -2.250607e-07  +4.106613e-04  +6.239667e-07  +9.676182e-07  -8.539187e-05  +9.562163e-08  -1.529465e-07  +9.214597e-05  -1.342101e-07  -1.236590e-07  +1.272026e-04  
+2.115862e-03  +9.897183e-04  +1.976721e-02  +3.859896e-02  +1.070542e-02  +5.539958e-03  -5.188500e-03  +1.122529e-02  -1.616580e-02  +1.228644e-01  -1.321241e-01  +2.884077e-04  +2.167914e-03  -1.139337e+00  -5.769570e-03  -8.539187e-05  +1.156580e+01  +1.192328e-03  +5.146226e-04  +3.589381e+00  +6.766421e-04  -1.267648e-04  +1.426551e+00  
+4.453190e-07  +1.603377e-07  +4.335584e-06  +9.437804e-06  +1.547651e-06  +7.273070e-07  +7.294627e-07  -3.872366e-06  -2.934396e-06  +2.081009e-05  -3.486870e-05  -1.916730e-07  +5.444884e-07  -4.715308e-04  -1.279814e-06  +9.562163e-08  +1.192328e-03  +9.224528e-07  +1.101634e-07  +1.002434e-03  +1.557577e-07  -5.324895e-09  +4.342740e-04  
+2.465448e-07  -1.943497e-08  +1.989156e-07  +1.351053e-06  +1.634504e-06  +4.577030e-07  +2.504154e-06  +5.786846e-08  -1.994026e-06  +9.755332e-06  -6.702063e-06  -9.296168e-08  +4.439086e-07  -3.899929e-04  -1.182238e-06  -1.529465e-07  +5.146226e-04  +1.101634e-07  +7.943098e-07  +4.138414e-04  +2.243964e-07  -1.083566e-08  +2.225878e-04  
+1.341069e-03  +7.643475e-04  +1.560780e-02  +4.033483e-02  +5.087728e-03  +1.709353e-03  -1.655403e-03  -2.472744e-03  -8.603854e-03  +6.533959e-02  -1.094913e-01  -4.111401e-04  +2.094978e-03  -1.246758e+00  -4.063950e-03  +9.214597e-05  +3.589381e+00  +1.002434e-03  +4.138414e-04  +4.950883e+00  +2.428393e-04  -3.159778e-04  +1.988762e+00  
+3.409627e-07  +2.025029e-07  +2.624654e-06  +2.086379e-06  +2.345309e-06  +5.368815e-07  +2.827166e-07  -8.176609e-07  -2.265648e-06  +1.601215e-05  -1.958786e-05  +7.541773e-09  +5.142253e-07  -4.636840e-04  -7.585422e-07  -1.342101e-07  +6.766421e-04  +1.557577e-07  +2.243964e-07  +2.428393e-04  +5.235483e-07  +3.575579e-08  -7.176538e-05  
-1.429849e-08  +7.954182e-09  -1.734282e-06  -2.572175e-06  -7.954688e-07  -4.785444e-09  +9.805448e-07  +6.733848e-07  +1.790603e-07  -3.411039e-06  +1.013641e-05  +1.469746e-07  +4.176610e-08  -1.015282e-05  -7.224767e-09  -1.236590e-07  -1.267648e-04  -5.324895e-09  -1.083566e-08  -3.159778e-04  +3.575579e-08  +5.518669e-07  +5.787351e-05  
+1.176052e-03  +7.270045e-04  +1.797146e-02  +3.665050e-02  +3.066550e-04  +2.311755e-03  -6.045493e-03  -1.134689e-03  -3.726717e-03  +4.022148e-02  -1.215744e-01  +3.453588e-04  +6.365294e-04  -3.902814e-01  -2.011653e-03  +1.272026e-04  +1.426551e+00  +4.342740e-04  +2.225878e-04  +1.988762e+00  -7.176538e-05  +5.787351e-05  +4.520186e+00  
