mean:
+4.017529e+00  +3.960656e+00  +8.884403e-01  +1.356037e+00  +1.249257e+00  +5.072108e-01  +8.074849e-01  +1.356167e+00  +1.665352e-01  +1.898089e+00  +5.968680e+00  +3.659868e+00  +2.856750e+00  +2.025990e+02  +4.310351e+00  +5.128648e+00  +2.824923e+02  +5.253030e+00  +3.797652e+00  +3.250517e+02  +2.879823e+00  +4.480046e+00  +3.922400e+02  
covariance:
+1.510846e-06  +6.635818e-08  -3.561075e-06  -8.993864e-06  +1.368167e-06  -8.266784e-07  +7.330174e-07  -2.089285e-06  +1.271804e-06  -8.365352e-06  +4.260201e-06  -7.796063e-08  -3.172091e-08  -5.173900e-05  -2.987225e-08  +3.568371e-08  -2.149270e-04  +3.269178e-08  -2.228876e-09  -1.654586e-04  -1.114112e-08  +4.460894e-09  -3.027991e-04  
+6.635818e-08  +2.015602e-06  +6.296611e-07  +3.877608e-06  -7.250052e-07  +2.922186e-07  +3.262575e-07  -7.501632e-08  -5.621567e-07  +3.389033e-06  +5.672034e-07  +1.598967e-07  +7.566274e-08  +2.834142e-04  -4.255606e-08  +6.374880e-08  -1.996684e-04  +8.669867e-08  -6.658453e-08  +1.487413e-04  +6.121917e-08  +6.945441e-08  +2.120118e-04  
-3.561075e-06  +6.296611e-07  +2.212378e-04  +5.591917e-04  -1.691548e-05  +3.877428e-05  -3.479486e-05  +8.232120e-05  -3.449169e-05  +2.651105e-04  -1.275448e-04  +7.402504e-06  -1.763486e-06  +4.919340e-03  -2.145898e-06  +1.056086e-06  +6.792801e-03  -6.325999e-08  +1.292247e-06  +1.584261e-02  -8.508058e-07  -1.195797e-06  +2.412575e-02  
-8.993864e-06  +3.877608e-06  +5.591917e-04  +3.073383e-03  -2.273919e-05  +1.120812e-04  -1.039486e-04  +1.230262e-04  -4.773855e-05  +4.676389e-04  -9.221524e-04  +1.999563e-05  +1.372249e-05  +1.274952e-02  -2.284789e-06  +1.799657e-05  -1.399652e-02  +6.358330e-07  -7.174503e-06  +5.597726e-02  +3.754572e-06  +4.738109e-06  +1.086803e-01  
+1.368167e-06  -7.250052e-07  -1.691548e-05  -2.273919e-05  +4.798672e-05  -5.043661e-06  +2.203909e-06  +3.576859e-06  +1.099356e-05  -7.159058e-05  +1.197042e-06  -1.274341e-06  +4.806288e-07  -1.266749e-03  -5.621561e-07  +5.787662e-08  -1.243520e-03  -9.418837e-07  -1.061091e-06  +1.789838e-03  -1.136240e-09  -1.464518e-06  -3.441957e-03  
-8.266784e-07  +2.922186e-07  +3.877428e-05  +1.120812e-04  -5.043661e-06  +9.433342e-06  -4.509605e-06  +1.305861e-05  -7.476143e-06  +5.487666e-05  -3.213897e-05  +1.599596e-06  -3.932455e-07  +1.215207e-03  -5.158142e-07  +3.295890e-08  +5.959868e-04  +2.266417e-07  +2.245811e-07  +1.575913e-03  +6.195603e-08  +1.809505e-07  +4.029849e-03  
+7.330174e-07  +3.262575e-07  -3.479486e-05  -1.039486e-04  +2.203909e-06  -4.509605e-06  +1.514501e-05  -1.594417e-05  +3.010919e-06  -3.712993e-05  +2.730003e-05  -4.876978e-07  +3.531959e-08  +2.838376e-04  -4.424815e-07  -1.178996e-08  -1.490760e-03  +5.948531e-07  +1.673645e-07  -2.818154e-03  +3.591623e-07  +1.806003e-07  -4.989668e-03  
-2.089285e-06  -7.501632e-08  +8.232120e-05  +1.230262e-04  +3.576859e-06  +1.305861e-05  -1.594417e-05  +1.656642e-04  -1.459224e-05  +1.165829e-04  -4.626858e-05  +3.791287e-06  -1.424066e-06  +3.289130e-03  +1.327965e-06  +1.168814e-06  +3.648801e-03  -1.174355e-06  +1.795592e-06  +7.220767e-03  -1.244931e-06  -2.735899e-06  +5.304325e-03  
+1.271804e-06  -5.621567e-07  -3.449169e-05  -4.773855e-05  +1.099356e-05  -7.476143e-06  +3.010919e-06  -1.459224e-05  +1.264077e-05  -8.309098e-05  +6.872920e-06  -1.406280e-06  +4.020895e-08  -1.646286e-03  +5.162685e-07  +3.094891e-07  -1.813353e-03  -1.035755e-07  -4.863860e-07  -1.447900e-03  -3.647821e-08  -3.221509e-07  -2.524145e-03  
-8.365352e-06  +3.389033e-06  +2.651105e-04  +4.676389e-04  -7.159058e-05  +5.487666e-05  -3.712993e-05  +1.165829e-04  -8.309098e-05  +5.811290e-04  -1.011242e-04  +9.696047e-06  -1.183216e-07  +1.039779e-02  -2.703718e-06  -1.635360e-06  +1.260516e-02  +1.045096e-08  +2.686868e-06  +1.222360e-02  -1.000770e-07  +1.868423e-06  +2.249553e-02  
+4.260201e-06  +5.672034e-07  -1.275448e-04  -9.221524e-04  +1.197042e-06  -3.213897e-05  +2.730003e-05  -4.626858e-05  +6.872920e-06  -1.011242e-04  +4.588621e-04  -2.472362e-06  -3.124744e-06  +1.743423e-03  -1.584810e-06  -4.864866e-06  +5.864163e-03  +6.644373e-07  +5.189013e-06  -7.162766e-03  -1.678489e-06  -9.108698e-07  -2.306958e-02  
-7.796063e-08  +1.598967e-07  +7.402504e-06  +1.999563e-05  -1.274341e-06  +1.599596e-06  -4.876978e-07  +3.791287e-06  -1.406280e-06  +9.696047e-06  -2.472362e-06  +1.088514e-06  +3.084600e-09  +9.216475e-04  -9.316964e-08  +1.302017e-07  +1.442604e-04  +4.834525e-08  +8.739814e-08  +3.859908e-04  -1.126632e-07  +6.316636e-08  +1.013608e-03  
-3.172091e-08  +7.566274e-08  -1.763486e-06  +1.372249e-05  +4.806288e-07  -3.932455e-07  +3.531959e-08  -1.424066e-06  +4.020895e-08  -1.183216e-07  -3.124744e-06  +3.084600e-09  +1.197239e-06  -6.899096e-05  +7.856666e-08  +3.083563e-07  -2.048234e-04  -1.431053e-08  -3.321042e-07  +3.285211e-04  +1.069325e-07  +2.103132e-07  +1.625527e-04  
-5.173900e-05  +2.834142e-04  +4.919340e-03  +1.274952e-02  -1.266749e-03  +1.215207e-03  +2.838376e-04  +3.289130e-03  -1.646286e-03  +1.039779e-02  +1.743423e-03  +9.216475e-04  -6.899096e-05  +1.893960e+00  -2.058741e-04  +1.938113e-04  -8.970268e-02  -2.369132e-05  +2.110241e-04  +2.784906e-01  -8.447948e-05  +4.037341e-05  +1.022656e+00  
-2.987225e-08  -4.255606e-08  -2.145898e-06  -2.284789e-06  -5.621561e-07  -5.158142e-07  -4.424815e-07  +1.327965e-06  +5.162685e-07  -2.703718e-06  -1.584810e-06  -9.316964e-08  +7.856666e-08  -2.058741e-04  +4.868580e-07  +2.260183e-08  +2.010969e-05  -1.478913e-08  -6.530812e-09  -1.694890e-04  +2.960261e-08  +3.508407e-09  -7.172715e-05  
+3.568371e-08  +6.374880e-08  +1.056086e-06  +1.799657e-05  +5.787662e-08  +3.295890e-08  -1.178996e-08  +1.168814e-06  +3.094891e-07  -1.635360e-06  -4.864866e-06  +1.302017e-07  +3.083563e-07  +1.938113e-04  +2.260183e-08  +6.535074e-07  -2.652959e-04  +1.224182e-07  -1.001961e-07  +4.544131e-04  +1.136260e-08  +3.240389e-08  +5.560596e-04  
-2.149270e-04  -1.996684e-04  +6.792801e-03  -1.399652e-02  -1.243520e-03  +5.959868e-04  -1.490760e-03  +3.648801e-03  -1.813353e-03  +1.260516e-02  +5.864163e-03  +1.442604e-04  -2.048234e-04  -8.970268e-02  +2.010969e-05  -2.652959e-04  +1.934664e+00  -8.468004e-05  +3.911896e-05  +5.367688e-01  -2.052744e-04  -3.498528e-04  -6.466703e-02  
+3.269178e-08  +8.669867e-08  -6.325999e-08  +6.358330e-07  -9.418837e-07  +2.266417e-07  +5.948531e-07  -1.174355e-06  -1.035755e-07  +1.045096e-08  +6.644373e-07  +4.834525e-08  -1.431053e-08  -2.369132e-05  -1.478913e-08  +1.224182e-07  -8.468004e-05  +4.676875e-07  +9.838674e-09  +5.274672e-05  +7.788498e-08  +8.190122e-08  +3.756099e-05  
-2.228876e-09  -6.658453e-08  +1.292247e-06  -7.174503e-06  -1.061091e-06  +2.245811e-07  +1.673645e-07  +1.795592e-06  -4.863860e-07  +2.686868e-06  +5.189013e-06  +8.739814e-08  -3.321042e-07  +2.110241e-04  -6.530812e-09  -1.001961e-07  +3.911896e-05  +9.838674e-09  +8.003784e-07  +9.309473e-05  +2.717323e-08  -8.738188e-08  +1.894388e-04  
-1.654586e-04  +1.487413e-04  +1.584261e-02  +5.597726e-02  +1.789838e-03  +1.575913e-03  -2.818154e-03  +7.220767e-03  -1.447900e-03  +1.222360e-02  -7.162766e-03  +3.859908e-04  +3.285211e-04  +2.784906e-01  -1.694890e-04  +4.544131e-04  +5.367688e-01  +5.274672e-05  +9.309473e-05  +3.764396e+00  +2.096464e-04  -3.932383e-04  +2.821716e+00  
-1.114112e-08  +6.121917e-08  -8.508058e-07  +3.754572e-06  -1.136240e-09  +6.195603e-08  +3.591623e-07  -1.244931e-06  -3.647821e-08  -1.000770e-07  -1.678489e-06  -1.126632e-07  +1.069325e-07  -8.447948e-05  +2.960261e-08  +1.136260e-08  -2.052744e-04  +7.788498e-08  +2.717323e-08  +2.096464e-04  +4.151428e-07  +2.218888e-08  +2.728668e-05  
+4.460894e-09  +6.945441e-08  -1.195797e-06  +4.738109e-06  -1.464518e-06  +1.809505e-07  +1.806003e-07  -2.735899e-06  -3.221509e-07  +1.868423e-06  -9.108698e-07  +6.316636e-08  +2.103132e-07  +4.037341e-05  +3.508407e-09  +3.240389e-08  -3.498528e-04  +8.190122e-08  -8.738188e-08  -3.932383e-04  +2.218888e-08  +6.245437e-07  +1.643073e-04  
-3.027991e-04  +2.120118e-04  +2.412575e-02  +1.086803e-01  -3.441957e-03  +4.029849e-03  -4.989668e-03  +5.304325e-03  -2.524145e-03  +2.249553e-02  -2.306958e-02  +1.013608e-03  +1.625527e-04  +1.022656e+00  -7.172715e-05  +5.560596e-04  -6.466703e-02  +3.756099e-05  +1.894388e-04  +2.821716e+00  +2.728668e-05  +1.643073e-04  +5.606300e+00  
