mean:
+3.968204e+00  +4.002239e+00  +6.083509e-01  +1.966908e+00  +1.298485e+00  +6.021943e-01  +8.262662e-01  +2.218078e+00  +3.649113e-02  +3.890018e+00  +6.031555e+00  +4.623695e+00  +3.191326e+00  +3.271255e+02  +2.670812e+00  +3.677548e+00  +4.520905e+02  +4.720133e+00  +4.879941e+00  +8.026851e+02  +3.938287e+00  +5.173180e+00  +4.308834e+02  
covariance:
+1.591427e-06  -2.544159e-07  +1.785063e-06  -2.947808e-07  +3.153274e-06  +5.308676e-07  +9.894228e-07  -5.341455e-07  -1.356212e-07  +5.949050e-06  +1.411134e-06  +3.184402e-08  -2.389671e-08  -4.584658e-04  -2.971016e-08  +1.654650e-07  +6.357166e-04  -3.166585e-08  +4.498495e-08  -1.453000e-04  +1.757984e-07  -6.270367e-08  +5.473840e-04  
-2.544159e-07  +4.444085e-06  -1.954767e-07  -3.389619e-06  -2.890602e-06  +2.453173e-08  +7.078720e-07  -2.587206e-06  +1.480114e-08  -8.674945e-07  -3.909406e-07  +1.591009e-07  -1.954564e-07  -5.269003e-04  -6.590141e-08  +6.706355e-08  +1.018647e-04  +1.493859e-07  +3.483635e-08  -3.826620e-05  -7.948367e-09  -1.236163e-07  +3.706399e-04  
+1.785063e-06  -1.954767e-07  +2.275036e-05  -1.490340e-05  +6.344883e-05  +6.131814e-07  +1.387519e-05  -1.266063e-05  -9.978126e-07  +4.317135e-05  -9.238256e-06  +1.151827e-06  -1.608371e-06  -1.527365e-03  +2.044690e-07  +1.034413e-06  +3.669321e-03  -6.234865e-07  +1.582175e-07  +1.191501e-03  -3.878715e-07  -6.802594e-07  +2.443227e-03  
-2.947808e-07  -3.389619e-06  -1.490340e-05  +1.115315e-04  +9.354776e-05  -7.917503e-06  -3.680878e-05  +7.910508e-05  +1.855817e-06  -2.048742e-05  -4.002735e-05  -1.019629e-06  +2.406244e-06  +1.475244e-02  -3.601233e-07  -1.469059e-06  -1.353799e-02  -6.029455e-07  -1.235420e-06  +3.038079e-03  -9.370792e-07  +3.013140e-06  -1.245906e-02  
+3.153274e-06  -2.890602e-06  +6.344883e-05  +9.354776e-05  +8.217999e-04  -2.225151e-05  +2.994168e-05  +1.031148e-04  -2.551035e-06  +2.283905e-04  -2.004913e-04  +9.264454e-06  +1.419835e-06  +3.174555e-02  -1.544373e-06  +3.038260e-06  -7.302905e-03  -1.002608e-06  -2.687142e-06  +3.519981e-02  -8.560977e-06  +1.480236e-06  -1.322924e-02  
+5.308676e-07  +2.453173e-08  +6.131814e-07  -7.917503e-06  -2.225151e-05  +1.814714e-06  +2.357937e-06  -7.072364e-06  -1.706583e-07  +1.646866e-06  +8.398851e-06  -3.207315e-07  -1.033287e-07  -2.063532e-03  -9.214830e-09  +1.876599e-07  +1.716532e-03  +1.813058e-08  +1.561887e-07  -1.158871e-03  +4.304456e-07  -2.198472e-07  +1.499679e-03  
+9.894228e-07  +7.078720e-07  +1.387519e-05  -3.680878e-05  +2.994168e-05  +2.357937e-06  +2.990455e-05  -4.446456e-05  -1.488653e-06  +3.314282e-05  +5.501028e-06  +1.402691e-06  -1.343948e-06  -4.020438e-03  -8.222698e-08  +8.001015e-07  +8.356514e-03  +6.070106e-07  +6.199193e-07  +7.354057e-04  +9.031092e-08  -1.701276e-06  +4.861299e-03  
-5.341455e-07  -2.587206e-06  -1.266063e-05  +7.910508e-05  +1.031148e-04  -7.072364e-06  -4.446456e-05  +1.214412e-04  +1.944844e-06  -1.087497e-05  -4.276168e-05  -1.060073e-06  +3.038048e-06  +1.168800e-02  -2.059257e-07  -4.108143e-07  -1.479415e-02  -1.461986e-06  -1.997533e-06  +6.389925e-03  -1.968986e-06  +4.475540e-06  -1.100863e-02  
-1.356212e-07  +1.480114e-08  -9.978126e-07  +1.855817e-06  -2.551035e-06  -1.706583e-07  -1.488653e-06  +1.944844e-06  +1.022978e-07  -2.673274e-06  -3.068097e-07  -6.639955e-08  +5.839757e-08  +2.388979e-04  +4.604324e-09  -6.617559e-08  -4.562531e-04  -1.308248e-08  -3.135121e-08  -6.166459e-05  -9.753800e-09  +8.516349e-08  -3.057196e-04  
+5.949050e-06  -8.674945e-07  +4.317135e-05  -2.048742e-05  +2.283905e-04  +1.646866e-06  +3.314282e-05  -1.087497e-05  -2.673274e-06  +1.324272e-04  -3.121832e-05  +3.036025e-06  -9.827400e-07  -7.540673e-04  -2.868720e-07  +2.956912e-06  +9.319835e-03  -2.992425e-07  +1.509428e-07  +7.266163e-03  -7.494869e-07  -1.441332e-06  +5.530298e-03  
+1.411134e-06  -3.909406e-07  -9.238256e-06  -4.002735e-05  -2.004913e-04  +8.398851e-06  +5.501028e-06  -4.276168e-05  -3.068097e-07  -3.121832e-05  +8.598758e-05  -1.554229e-06  -2.300810e-07  -1.132986e-02  +8.013517e-07  -5.993006e-07  +6.871683e-03  +8.891036e-08  +1.535341e-06  -8.028139e-03  +2.779972e-06  -8.944421e-07  +7.692077e-03  
+3.184402e-08  +1.591009e-07  +1.151827e-06  -1.019629e-06  +9.264454e-06  -3.207315e-07  +1.402691e-06  -1.060073e-06  -6.639955e-08  +3.036025e-06  -1.554229e-06  +4.568538e-07  -1.560227e-07  +3.017938e-04  +8.660979e-08  -1.769421e-08  +1.281849e-04  +2.896898e-08  +4.648913e-08  +4.440463e-04  -1.354435e-08  -3.396478e-08  -1.104390e-05  
-2.389671e-08  -1.954564e-07  -1.608371e-06  +2.406244e-06  +1.419835e-06  -1.033287e-07  -1.343948e-06  +3.038048e-06  +5.839757e-08  -9.827400e-07  -2.300810e-07  -1.560227e-07  +4.470623e-07  +3.244238e-04  -7.165174e-08  -2.508633e-08  -4.352287e-04  +2.220881e-08  -6.917859e-08  +2.154195e-04  -1.092718e-07  +4.657606e-08  -2.195315e-04  
-4.584658e-04  -5.269003e-04  -1.527365e-03  +1.475244e-02  +3.174555e-02  -2.063532e-03  -4.020438e-03  +1.168800e-02  +2.388979e-04  -7.540673e-04  -1.132986e-02  +3.017938e-04  +3.244238e-04  +3.305284e+00  +5.345721e-06  -2.850883e-04  -2.349357e+00  -8.198938e-05  -1.559880e-04  +1.530385e+00  -3.874701e-04  +3.511528e-04  -2.358333e+00  
-2.971016e-08  -6.590141e-08  +2.044690e-07  -3.601233e-07  -1.544373e-06  -9.214830e-09  -8.222698e-08  -2.059257e-07  +4.604324e-09  -2.868720e-07  +8.013517e-07  +8.660979e-08  -7.165174e-08  +5.345721e-06  +2.136938e-07  -5.238790e-08  -4.560819e-06  -3.633465e-08  +2.460632e-08  +1.055509e-05  +5.823299e-08  +4.592328e-08  -3.472478e-05  
+1.654650e-07  +6.706355e-08  +1.034413e-06  -1.469059e-06  +3.038260e-06  +1.876599e-07  +8.001015e-07  -4.108143e-07  -6.617559e-08  +2.956912e-06  -5.993006e-07  -1.769421e-08  -2.508633e-08  -2.850883e-04  -5.238790e-08  +2.012143e-07  +2.903742e-04  +1.770666e-09  -1.437821e-08  +3.379281e-05  -6.830610e-10  -4.861688e-08  +2.591196e-04  
+6.357166e-04  +1.018647e-04  +3.669321e-03  -1.353799e-02  -7.302905e-03  +1.716532e-03  +8.356514e-03  -1.479415e-02  -4.562531e-04  +9.319835e-03  +6.871683e-03  +1.281849e-04  -4.352287e-04  -2.349357e+00  -4.560819e-06  +2.903742e-04  +3.251645e+00  +1.714660e-04  +2.312742e-04  -5.937996e-01  +3.193064e-04  -5.000351e-04  +2.172707e+00  
-3.166585e-08  +1.493859e-07  -6.234865e-07  -6.029455e-07  -1.002608e-06  +1.813058e-08  +6.070106e-07  -1.461986e-06  -1.308248e-08  -2.992425e-07  +8.891036e-08  +2.896898e-08  +2.220881e-08  -8.198938e-05  -3.633465e-08  +1.770666e-09  +1.714660e-04  +1.823204e-07  +5.012611e-09  -7.838386e-05  +4.559381e-08  -6.732904e-08  +5.995488e-05  
+4.498495e-08  +3.483635e-08  +1.582175e-07  -1.235420e-06  -2.687142e-06  +1.561887e-07  +6.199193e-07  -1.997533e-06  -3.135121e-08  +1.509428e-07  +1.535341e-06  +4.648913e-08  -6.917859e-08  -1.559880e-04  +2.460632e-08  -1.437821e-08  +2.312742e-04  +5.012611e-09  +1.806979e-07  -1.516160e-04  +8.257799e-08  -1.096154e-07  +2.062409e-04  
-1.453000e-04  -3.826620e-05  +1.191501e-03  +3.038079e-03  +3.519981e-02  -1.158871e-03  +7.354057e-04  +6.389925e-03  -6.166459e-05  +7.266163e-03  -8.028139e-03  +4.440463e-04  +2.154195e-04  +1.530385e+00  +1.055509e-05  +3.379281e-05  -5.937996e-01  -7.838386e-05  -1.516160e-04  +2.098632e+00  -4.704538e-04  +2.201402e-04  -6.922255e-01  
+1.757984e-07  -7.948367e-09  -3.878715e-07  -9.370792e-07  -8.560977e-06  +4.304456e-07  +9.031092e-08  -1.968986e-06  -9.753800e-09  -7.494869e-07  +2.779972e-06  -1.354435e-08  -1.092718e-07  -3.874701e-04  +5.823299e-08  -6.830610e-10  +3.193064e-04  +4.559381e-08  +8.257799e-08  -4.704538e-04  +3.559617e-07  -6.216250e-09  +1.695760e-04  
-6.270367e-08  -1.236163e-07  -6.802594e-07  +3.013140e-06  +1.480236e-06  -2.198472e-07  -1.701276e-06  +4.475540e-06  +8.516349e-08  -1.441332e-06  -8.944421e-07  -3.396478e-08  +4.657606e-08  +3.511528e-04  +4.592328e-08  -4.861688e-08  -5.000351e-04  -6.732904e-08  -1.096154e-07  +2.201402e-04  -6.216250e-09  +3.770787e-07  -4.734651e-04  
+5.473840e-04  +3.706399e-04  +2.443227e-03  -1.245906e-02  -1.322924e-02  +1.499679e-03  +4.861299e-03  -1.100863e-02  -3.057196e-04  +5.530298e-03  +7.692077e-03  -1.104390e-05  -2.195315e-04  -2.358333e+00  -3.472478e-05  +2.591196e-04  +2.172707e+00  +5.995488e-05  +2.062409e-04  -6.922255e-01  +1.695760e-04  -4.734651e-04  +2.319703e+00  
