mean:
+3.984908e+00  +3.975362e+00  +6.015585e-01  +2.012673e+00  +1.260721e+00  +4.996474e-01  +8.705866e-01  +2.203842e+00  +4.100661e-02  +3.885709e+00  +5.766747e+00  +4.572155e+00  +3.238590e+00  +3.268111e+02  +2.590670e+00  +3.727006e+00  +4.577398e+02  +4.640265e+00  +4.960281e+00  +8.065631e+02  +3.990840e+00  +5.153898e+00  +4.385443e+02  
covariance:
+7.870271e-06  -2.599959e-06  -9.180659e-06  +9.416927e-06  +4.367240e-06  +1.012927e-06  +3.271147e-05  -4.642073e-06  -7.842196e-07  +1.104413e-05  -1.544424e-04  +9.746423e-08  -1.269124e-06  +2.250760e-03  -1.797891e-07  +1.612309e-06  +5.144090e-03  -2.533828e-07  -1.762829e-07  +6.843232e-03  -5.869609e-07  +8.894728e-07  +5.219132e-03  
-2.599959e-06  +3.962343e-06  -1.346824e-06  -1.078113e-06  -1.433689e-06  -6.072131e-07  +1.427985e-06  -3.516058e-06  +1.045976e-07  -4.964851e-06  -2.489382e-05  +5.246454e-08  -5.207534e-08  +4.993907e-04  -1.564055e-07  +1.390874e-07  -7.667437e-05  -7.810188e-08  +3.010849e-09  +6.709097e-04  +3.277901e-07  +1.676875e-07  +6.189024e-04  
-9.180659e-06  -1.346824e-06  +5.463454e-05  -3.187481e-05  -1.923527e-05  -1.062840e-06  -1.262162e-04  +5.063020e-05  +2.437893e-06  -1.095618e-05  +6.223806e-04  -1.727573e-06  +2.533820e-06  -1.231941e-02  +2.757476e-06  -5.695860e-06  -1.629672e-02  +7.607351e-07  -1.227558e-07  -2.660646e-02  +1.845583e-06  -4.312211e-06  -2.100719e-02  
+9.416927e-06  -1.078113e-06  -3.187481e-05  +7.155682e-05  +1.337219e-05  +7.802247e-07  +1.067368e-04  -3.035396e-05  -2.133151e-06  +4.922791e-06  -4.888771e-04  +2.600676e-06  -4.012530e-06  +9.165092e-03  -3.201499e-06  +3.299305e-06  +1.673582e-02  -2.037293e-06  -1.169954e-07  +2.293872e-02  -2.890452e-06  +1.570019e-06  +1.663011e-02  
+4.367240e-06  -1.433689e-06  -1.923527e-05  +1.337219e-05  +1.834996e-05  +1.222291e-06  +4.801477e-05  -1.284505e-05  -1.200439e-06  +1.600282e-05  -1.788037e-04  +9.091137e-07  -1.357721e-06  +4.590751e-03  -2.044748e-07  +2.412971e-06  +7.883829e-03  -2.539456e-07  -1.862433e-07  +8.651491e-03  -1.439898e-06  +1.547111e-06  +7.571829e-03  
+1.012927e-06  -6.072131e-07  -1.062840e-06  +7.802247e-07  +1.222291e-06  +5.660024e-07  +4.764130e-06  +9.543319e-07  -1.755218e-07  +4.681045e-06  -1.562704e-05  +2.517492e-09  -1.482363e-07  +2.491015e-04  +1.147825e-07  +3.030430e-07  +9.259043e-04  -8.033083e-08  -7.114049e-08  +7.504802e-04  -1.925164e-07  +1.945594e-07  +6.619565e-04  
+3.271147e-05  +1.427985e-06  -1.262162e-04  +1.067368e-04  +4.801477e-05  +4.764130e-06  +4.023705e-04  -1.130828e-04  -8.549312e-06  +6.805940e-05  -1.911842e-03  +4.356269e-06  -1.328788e-05  +3.511844e-02  -4.619627e-06  +1.813771e-05  +6.110536e-02  -4.911101e-06  +3.743777e-09  +8.519606e-02  -7.798198e-06  +1.062885e-05  +6.678114e-02  
-4.642073e-06  -3.516058e-06  +5.063020e-05  -3.035396e-05  -1.284505e-05  +9.543319e-07  -1.130828e-04  +1.390149e-04  +8.070726e-07  +4.294415e-05  +6.798193e-04  -7.729337e-07  +1.001272e-06  -1.405843e-02  +4.010035e-06  -3.161473e-06  -1.116998e-02  +4.778442e-07  -5.630699e-07  -2.958416e-02  +3.346619e-07  -6.245539e-06  -1.933912e-02  
-7.842196e-07  +1.045976e-07  +2.437893e-06  -2.133151e-06  -1.200439e-06  -1.755218e-07  -8.549312e-06  +8.070726e-07  +2.615383e-07  -3.253056e-06  +3.499274e-05  -1.276540e-07  +3.026491e-07  -6.860382e-04  +3.005555e-08  -4.497059e-07  -1.498493e-03  +1.123143e-07  +6.227498e-09  -1.643106e-03  +2.792453e-07  -1.753342e-07  -1.419927e-03  
+1.104413e-05  -4.964851e-06  -1.095618e-05  +4.922791e-06  +1.600282e-05  +4.681045e-06  +6.805940e-05  +4.294415e-05  -3.253056e-06  +9.181274e-05  -1.692461e-04  +3.354140e-07  -3.693052e-06  +2.869476e-03  +3.408517e-06  +6.186433e-06  +1.840603e-02  -1.033360e-06  -1.090644e-06  +8.446515e-03  -3.604317e-06  +8.682206e-07  +1.163996e-02  
-1.544424e-04  -2.489382e-05  +6.223806e-04  -4.888771e-04  -1.788037e-04  -1.562704e-05  -1.911842e-03  +6.798193e-04  +3.499274e-05  -1.692461e-04  +1.004557e-02  -1.090236e-05  +6.060912e-05  -1.689993e-01  +2.422228e-05  -8.420929e-05  -2.664449e-01  +2.240994e-05  +2.765440e-06  -4.294766e-01  +1.602879e-05  -6.061201e-05  -3.213042e-01  
+9.746423e-08  +5.246454e-08  -1.727573e-06  +2.600676e-06  +9.091137e-07  +2.517492e-09  +4.356269e-06  -7.729337e-07  -1.276540e-07  +3.354140e-07  -1.090236e-05  +6.863537e-07  -1.270042e-07  +5.559561e-04  -2.964084e-07  +7.978284e-08  +6.743114e-04  -1.674023e-07  +9.311713e-08  +1.001413e-03  -3.250911e-07  +6.162656e-08  +4.836105e-04  
-1.269124e-06  -5.207534e-08  +2.533820e-06  -4.012530e-06  -1.357721e-06  -1.482363e-07  -1.328788e-05  +1.001272e-06  +3.026491e-07  -3.693052e-06  +6.060912e-05  -1.270042e-07  +9.131461e-07  -9.743924e-04  -1.003300e-07  -5.880484e-07  -2.452164e-03  +2.682119e-07  +7.335345e-08  -2.735985e-03  +2.920243e-07  -1.802709e-07  -2.074738e-03  
+2.250760e-03  +4.993907e-04  -1.231941e-02  +9.165092e-03  +4.590751e-03  +2.491015e-04  +3.511844e-02  -1.405843e-02  -6.860382e-04  +2.869476e-03  -1.689993e-01  +5.559561e-04  -9.743924e-04  +3.694171e+00  -7.255295e-04  +1.473156e-03  +5.116006e+00  -3.941637e-04  +1.117165e-04  +7.562008e+00  -5.707517e-04  +1.085580e-03  +5.798165e+00  
-1.797891e-07  -1.564055e-07  +2.757476e-06  -3.201499e-06  -2.044748e-07  +1.147825e-07  -4.619627e-06  +4.010035e-06  +3.005555e-08  +3.408517e-06  +2.422228e-05  -2.964084e-07  -1.003300e-07  -7.255295e-04  +8.561293e-07  +1.392720e-07  -1.907225e-04  +3.908194e-08  -1.255892e-07  -1.147939e-03  +1.350240e-07  +4.736785e-08  -7.158981e-04  
+1.612309e-06  +1.390874e-07  -5.695860e-06  +3.299305e-06  +2.412971e-06  +3.030430e-07  +1.813771e-05  -3.161473e-06  -4.497059e-07  +6.186433e-06  -8.420929e-05  +7.978284e-08  -5.880484e-07  +1.473156e-03  +1.392720e-07  +1.285133e-06  +3.071970e-03  -1.647563e-07  -6.828603e-09  +3.682083e-03  -4.353831e-07  +6.544812e-07  +3.248119e-03  
+5.144090e-03  -7.667437e-05  -1.629672e-02  +1.673582e-02  +7.883829e-03  +9.259043e-04  +6.110536e-02  -1.116998e-02  -1.498493e-03  +1.840603e-02  -2.664449e-01  +6.743114e-04  -2.452164e-03  +5.116006e+00  -1.907225e-04  +3.071970e-03  +1.111358e+01  -8.651866e-04  -8.914004e-05  +1.211607e+01  -1.646865e-03  +1.342415e-03  +1.030191e+01  
-2.533828e-07  -7.810188e-08  +7.607351e-07  -2.037293e-06  -2.539456e-07  -8.033083e-08  -4.911101e-06  +4.778442e-07  +1.123143e-07  -1.033360e-06  +2.240994e-05  -1.674023e-07  +2.682119e-07  -3.941637e-04  +3.908194e-08  -1.647563e-07  -8.651866e-04  +3.539621e-07  +2.093153e-08  -1.128330e-03  +8.572998e-08  -8.850422e-08  -7.277934e-04  
-1.762829e-07  +3.010849e-09  -1.227558e-07  -1.169954e-07  -1.862433e-07  -7.114049e-08  +3.743777e-09  -5.630699e-07  +6.227498e-09  -1.090644e-06  +2.765440e-06  +9.311713e-08  +7.335345e-08  +1.117165e-04  -1.255892e-07  -6.828603e-09  -8.914004e-05  +2.093153e-08  +2.441135e-07  -3.475839e-05  -1.247546e-07  -4.962873e-08  +2.353074e-05  
+6.843232e-03  +6.709097e-04  -2.660646e-02  +2.293872e-02  +8.651491e-03  +7.504802e-04  +8.519606e-02  -2.958416e-02  -1.643106e-03  +8.446515e-03  -4.294766e-01  +1.001413e-03  -2.735985e-03  +7.562008e+00  -1.147939e-03  +3.682083e-03  +1.211607e+01  -1.128330e-03  -3.475839e-05  +1.945450e+01  -1.331613e-03  +2.580288e-03  +1.415598e+01  
-5.869609e-07  +3.277901e-07  +1.845583e-06  -2.890452e-06  -1.439898e-06  -1.925164e-07  -7.798198e-06  +3.346619e-07  +2.792453e-07  -3.604317e-06  +1.602879e-05  -3.250911e-07  +2.920243e-07  -5.707517e-04  +1.350240e-07  -4.353831e-07  -1.646865e-03  +8.572998e-08  -1.247546e-07  -1.331613e-03  +1.125776e-06  +8.577652e-08  -1.367362e-03  
+8.894728e-07  +1.676875e-07  -4.312211e-06  +1.570019e-06  +1.547111e-06  +1.945594e-07  +1.062885e-05  -6.245539e-06  -1.753342e-07  +8.682206e-07  -6.061201e-05  +6.162656e-08  -1.802709e-07  +1.085580e-03  +4.736785e-08  +6.544812e-07  +1.342415e-03  -8.850422e-08  -4.962873e-08  +2.580288e-03  +8.577652e-08  +8.642043e-07  +1.784869e-03  
+5.219132e-03  +6.189024e-04  -2.100719e-02  +1.663011e-02  +7.571829e-03  +6.619565e-04  +6.678114e-02  -1.933912e-02  -1.419927e-03  +1.163996e-02  -3.213042e-01  +4.836105e-04  -2.074738e-03  +5.798165e+00  -7.158981e-04  +3.248119e-03  +1.030191e+01  -7.277934e-04  +2.353074e-05  +1.415598e+01  -1.367362e-03  +1.784869e-03  +1.182482e+01  
