mean:
+3.944474e+00  +3.935077e+00  +8.380965e-01  +1.296886e+00  +1.425031e+00  +4.999575e-01  +8.133987e-01  +1.382697e+00  +1.739292e-01  +1.861031e+00  +5.913608e+00  +3.532583e+00  +2.656705e+00  +2.066680e+02  +4.294493e+00  +5.292389e+00  +2.830500e+02  +5.393051e+00  +3.768569e+00  +3.271328e+02  +2.639775e+00  +4.562139e+00  +3.909806e+02  
covariance:
+9.429593e-07  -1.200602e-07  +8.128305e-07  -2.745381e-06  +3.390617e-07  -2.531296e-07  -1.149902e-06  -5.686459e-06  +3.004050e-07  +1.447958e-06  +8.883096e-06  -4.978580e-07  -7.422846e-07  -7.805513e-05  -2.147359e-06  -5.284485e-07  -1.896005e-04  -1.175706e-06  -2.318606e-06  +7.058921e-05  -7.509131e-08  +2.757969e-07  -4.736418e-04  
-1.200602e-07  +3.194363e-06  -4.577352e-07  -3.322498e-06  +2.579319e-07  -9.112438e-07  +2.841266e-06  -4.675682e-06  -1.749867e-06  +1.678063e-05  -6.106899e-06  -2.980080e-06  -4.022369e-06  +1.015661e-03  -6.945036e-06  -5.294581e-08  +1.519615e-03  -3.938312e-06  -6.396005e-06  +2.021924e-03  +1.204415e-07  +7.581039e-07  -1.094677e-04  
+8.128305e-07  -4.577352e-07  +1.863919e-05  +7.535461e-06  -9.073630e-07  +1.260292e-06  -2.794366e-05  -9.357719e-06  +1.362763e-05  -9.772141e-05  +1.107807e-04  +1.156382e-05  +1.851905e-05  -7.547044e-03  +2.488755e-05  -6.553324e-06  -1.257015e-02  +1.393320e-05  +1.940186e-05  -1.301677e-02  -1.544690e-06  -2.921642e-07  -4.867664e-03  
-2.745381e-06  -3.322498e-06  +7.535461e-06  +5.561610e-05  -4.389299e-06  +4.718312e-06  -2.097007e-05  +6.134279e-05  +1.682914e-05  -1.370238e-04  +4.558199e-05  +2.286258e-05  +3.102877e-05  -1.023976e-02  +5.786929e-05  -1.017016e-06  -1.257296e-02  +3.028276e-05  +5.454790e-05  -1.780629e-02  -9.847057e-08  -5.421648e-06  -7.290736e-04  
+3.390617e-07  +2.579319e-07  -9.073630e-07  -4.389299e-06  +2.002176e-06  -1.414472e-07  +1.176155e-06  -8.619304e-06  -1.134123e-06  +9.103513e-06  +2.689971e-06  -1.332511e-06  -2.137906e-06  +5.693201e-04  -4.556707e-06  -3.456332e-07  +6.023780e-04  -2.273220e-06  -4.873851e-06  +7.081176e-04  +2.038795e-07  +3.049647e-07  -2.650553e-04  
-2.531296e-07  -9.112438e-07  +1.260292e-06  +4.718312e-06  -1.414472e-07  +2.268645e-06  -5.293762e-06  -2.520953e-08  +4.205145e-06  -3.284763e-05  +1.288861e-05  +4.783222e-06  +7.273278e-06  -1.744434e-03  +1.107444e-05  -1.026445e-06  -3.580541e-03  +7.211540e-06  +8.320366e-06  -4.780780e-03  -2.998640e-08  -6.608469e-07  -2.892880e-04  
-1.149902e-06  +2.841266e-06  -2.794366e-05  -2.097007e-05  +1.176155e-06  -5.293762e-06  +7.125364e-05  +2.045058e-05  -3.502933e-05  +2.634499e-04  -2.997488e-04  -3.679271e-05  -5.160335e-05  +2.276991e-02  -7.088392e-05  +1.772925e-05  +3.279591e-02  -4.066395e-05  -5.586736e-05  +3.936651e-02  +2.241745e-06  +5.680130e-06  +1.181832e-02  
-5.686459e-06  -4.675682e-06  -9.357719e-06  +6.134279e-05  -8.619304e-06  -2.520953e-08  +2.045058e-05  +1.933812e-04  -1.293289e-06  -1.025402e-05  -1.597114e-04  +9.757900e-06  +1.129645e-05  -5.804050e-05  +4.482204e-05  +1.564738e-05  +8.265715e-03  +1.739827e-05  +5.646577e-05  +3.428199e-03  +2.798902e-07  -5.948962e-06  +9.657172e-03  
+3.004050e-07  -1.749867e-06  +1.362763e-05  +1.682914e-05  -1.134123e-06  +4.205145e-06  -3.502933e-05  -1.293289e-06  +2.082368e-05  -1.512981e-04  +1.309659e-04  +2.068008e-05  +3.010731e-05  -1.160334e-02  +4.433940e-05  -8.384594e-06  -1.771927e-02  +2.537293e-05  +3.557786e-05  -2.135516e-02  -8.733949e-07  -3.071200e-06  -5.046180e-03  
+1.447958e-06  +1.678063e-05  -9.772141e-05  -1.370238e-04  +9.103513e-06  -3.284763e-05  +2.634499e-04  -1.025402e-05  -1.512981e-04  +1.166912e-03  -1.017958e-03  -1.645988e-04  -2.351815e-04  +9.036559e-02  -3.485282e-04  +6.340368e-05  +1.356869e-01  -1.996037e-04  -2.816199e-04  +1.665804e-01  +5.635835e-06  +2.653781e-05  +3.800429e-02  
+8.883096e-06  -6.106899e-06  +1.107807e-04  +4.558199e-05  +2.689971e-06  +1.288861e-05  -2.997488e-04  -1.597114e-04  +1.309659e-04  -1.017958e-03  +1.574881e-03  +1.558757e-04  +2.001574e-04  -1.004486e-01  +2.465286e-04  -8.549698e-05  -1.348105e-01  +1.451487e-04  +1.872784e-04  -1.695449e-01  -6.883983e-06  -2.766995e-05  -6.085829e-02  
-4.978580e-07  -2.980080e-06  +1.156382e-05  +2.286258e-05  -1.332511e-06  +4.783222e-06  -3.679271e-05  +9.757900e-06  +2.068008e-05  -1.645988e-04  +1.558757e-04  +2.634929e-05  +3.432195e-05  -1.375157e-02  +5.161831e-05  -8.365016e-06  -1.901465e-02  +2.950452e-05  +4.292054e-05  -2.502676e-02  -5.824153e-07  -5.388271e-06  -5.256295e-03  
-7.422846e-07  -4.022369e-06  +1.851905e-05  +3.102877e-05  -2.137906e-06  +7.273278e-06  -5.160335e-05  +1.129645e-05  +3.010731e-05  -2.351815e-04  +2.001574e-04  +3.432195e-05  +5.029708e-05  -1.752815e-02  +7.399852e-05  -1.151610e-05  -2.705537e-02  +4.321955e-05  +6.023172e-05  -3.464397e-02  -1.129214e-06  -5.740142e-06  -6.787975e-03  
-7.805513e-05  +1.015661e-03  -7.547044e-03  -1.023976e-02  +5.693201e-04  -1.744434e-03  +2.276991e-02  -5.804050e-05  -1.160334e-02  +9.036559e-02  -1.004486e-01  -1.375157e-02  -1.752815e-02  +8.793652e+00  -2.582136e-02  +5.869339e-03  +1.065079e+01  -1.419087e-02  -2.147917e-02  +1.358381e+01  +4.390773e-04  +2.765838e-03  +3.837110e+00  
-2.147359e-06  -6.945036e-06  +2.488755e-05  +5.786929e-05  -4.556707e-06  +1.107444e-05  -7.088392e-05  +4.482204e-05  +4.433940e-05  -3.485282e-04  +2.465286e-04  +5.161831e-05  +7.399852e-05  -2.582136e-02  +1.170986e-04  -1.418211e-05  -3.825458e-02  +6.594147e-05  +9.879002e-05  -4.905310e-02  -1.252365e-06  -9.593437e-06  -8.017105e-03  
-5.284485e-07  -5.294581e-08  -6.553324e-06  -1.017016e-06  -3.456332e-07  -1.026445e-06  +1.772925e-05  +1.564738e-05  -8.384594e-06  +6.340368e-05  -8.549698e-05  -8.365016e-06  -1.151610e-05  +5.869339e-03  -1.418211e-05  +5.970014e-06  +8.373837e-03  -8.416072e-06  -9.859506e-06  +9.953789e-03  +3.064688e-07  +1.175595e-06  +3.645636e-03  
-1.896005e-04  +1.519615e-03  -1.257015e-02  -1.257296e-02  +6.023780e-04  -3.580541e-03  +3.279591e-02  +8.265715e-03  -1.771927e-02  +1.356869e-01  -1.348105e-01  -1.901465e-02  -2.705537e-02  +1.065079e+01  -3.825458e-02  +8.373837e-03  +1.706524e+01  -2.230885e-02  -2.960047e-02  +2.004966e+01  +8.308039e-04  +2.831960e-03  +5.153974e+00  
-1.175706e-06  -3.938312e-06  +1.393320e-05  +3.028276e-05  -2.273220e-06  +7.211540e-06  -4.066395e-05  +1.739827e-05  +2.537293e-05  -1.996037e-04  +1.451487e-04  +2.950452e-05  +4.321955e-05  -1.419087e-02  +6.594147e-05  -8.416072e-06  -2.230885e-02  +3.908080e-05  +5.457474e-05  -2.883293e-02  -7.483864e-07  -5.144580e-06  -4.515596e-03  
-2.318606e-06  -6.396005e-06  +1.940186e-05  +5.454790e-05  -4.873851e-06  +8.320366e-06  -5.586736e-05  +5.646577e-05  +3.557786e-05  -2.816199e-04  +1.872784e-04  +4.292054e-05  +6.023172e-05  -2.147917e-02  +9.879002e-05  -9.859506e-06  -2.960047e-02  +5.457474e-05  +8.900289e-05  -3.866858e-02  -9.606793e-07  -9.263969e-06  -5.441631e-03  
+7.058921e-05  +2.021924e-03  -1.301677e-02  -1.780629e-02  +7.081176e-04  -4.780780e-03  +3.936651e-02  +3.428199e-03  -2.135516e-02  +1.665804e-01  -1.695449e-01  -2.502676e-02  -3.464397e-02  +1.358381e+01  -4.905310e-02  +9.953789e-03  +2.004966e+01  -2.883293e-02  -3.866858e-02  +2.622390e+01  +6.594571e-04  +4.507441e-03  +6.103122e+00  
-7.509131e-08  +1.204415e-07  -1.544690e-06  -9.847057e-08  +2.038795e-07  -2.998640e-08  +2.241745e-06  +2.798902e-07  -8.733949e-07  +5.635835e-06  -6.883983e-06  -5.824153e-07  -1.129214e-06  +4.390773e-04  -1.252365e-06  +3.064688e-07  +8.308039e-04  -7.483864e-07  -9.606793e-07  +6.594571e-04  +5.368349e-07  -7.882523e-08  +2.857165e-04  
+2.757969e-07  +7.581039e-07  -2.921642e-07  -5.421648e-06  +3.049647e-07  -6.608469e-07  +5.680130e-06  -5.948962e-06  -3.071200e-06  +2.653781e-05  -2.766995e-05  -5.388271e-06  -5.740142e-06  +2.765838e-03  -9.593437e-06  +1.175595e-06  +2.831960e-03  -5.144580e-06  -9.263969e-06  +4.507441e-03  -7.882523e-08  +2.027141e-06  +6.880296e-04  
-4.736418e-04  -1.094677e-04  -4.867664e-03  -7.290736e-04  -2.650553e-04  -2.892880e-04  +1.181832e-02  +9.657172e-03  -5.046180e-03  +3.800429e-02  -6.085829e-02  -5.256295e-03  -6.787975e-03  +3.837110e+00  -8.017105e-03  +3.645636e-03  +5.153974e+00  -4.515596e-03  -5.441631e-03  +6.103122e+00  +2.857165e-04  +6.880296e-04  +2.957086e+00  
