mean:
+3.958162e+00  +3.923137e+00  +6.161045e-01  -1.032262e+00  +1.673058e+00  +4.965137e-01  +9.080101e-01  +2.092204e+00  +1.532462e-01  +1.908550e+00  +4.922459e+00  +1.635276e+00  +2.882988e+00  +8.044700e+02  +4.799952e+00  +4.399950e+00  +2.019759e+03  
covariance:
+6.542422e-06  +2.072523e-07  +7.906751e-06  -1.540453e-05  -2.932638e-06  +3.084992e-07  -2.730441e-06  +2.604539e-06  -6.172127e-07  +1.016590e-05  +1.327477e-05  +8.824899e-09  -1.329531e-07  +8.624066e-04  -3.028589e-08  +1.541695e-07  -2.452664e-03  
+2.072523e-07  +7.435340e-06  +6.638966e-06  -2.552245e-05  +3.682051e-06  +1.378004e-06  -3.154655e-06  +4.751536e-06  -1.207338e-06  +1.356005e-05  +2.093687e-05  -1.981922e-07  -2.100795e-07  +1.782916e-03  +1.076406e-08  -4.653832e-08  -4.784671e-03  
+7.906751e-06  +6.638966e-06  +3.220850e-04  -3.346629e-04  -2.011254e-04  +2.527952e-05  -1.441050e-05  +9.414729e-05  -3.748078e-05  +3.175211e-04  +4.088450e-04  -1.012336e-06  -2.330165e-07  +5.331580e-02  -7.465113e-08  +1.937653e-06  -9.934652e-02  
-1.540453e-05  -2.552245e-05  -3.346629e-04  +2.853911e-03  +2.637232e-04  -1.034847e-04  +3.453126e-04  +1.181266e-04  +3.147637e-06  -3.141745e-04  -9.929703e-04  -2.340583e-06  +9.946400e-06  -1.147093e-01  +3.164315e-06  -2.795489e-06  +2.572902e-01  
-2.932638e-06  +3.682051e-06  -2.011254e-04  +2.637232e-04  +4.595270e-04  -1.574568e-05  +4.389146e-05  -4.855869e-05  +1.558769e-05  -1.718522e-04  -1.232828e-04  -1.804138e-06  -2.407840e-06  -3.854293e-02  +6.154751e-07  -1.493631e-07  +6.788964e-02  
+3.084992e-07  +1.378004e-06  +2.527952e-05  -1.034847e-04  -1.574568e-05  +1.097889e-05  -1.599642e-05  +4.414229e-06  -3.318640e-07  +1.509648e-05  +5.715917e-05  +1.581200e-07  -3.650783e-07  +6.944097e-03  -7.004428e-08  +2.883444e-07  -1.630150e-02  
-2.730441e-06  -3.154655e-06  -1.441050e-05  +3.453126e-04  +4.389146e-05  -1.599642e-05  +8.489938e-05  +4.461077e-05  -1.104456e-05  +5.535323e-06  -4.339948e-05  -3.141807e-07  +2.424024e-06  -8.408838e-03  +8.650932e-07  +6.272878e-08  +2.584006e-02  
+2.604539e-06  +4.751536e-06  +9.414729e-05  +1.181266e-04  -4.855869e-05  +4.414229e-06  +4.461077e-05  +5.742939e-04  -2.566178e-05  +1.968068e-04  -1.071899e-04  -2.059297e-06  +4.193408e-06  +2.886973e-02  -6.054710e-07  +1.163198e-06  +4.246153e-02  
-6.172127e-07  -1.207338e-06  -3.748078e-05  +3.147637e-06  +1.558769e-05  -3.318640e-07  -1.104456e-05  -2.566178e-05  +9.480883e-06  -5.792709e-05  -5.750937e-05  +1.319470e-07  -1.900926e-07  -5.005771e-03  -7.294901e-08  -1.481149e-07  +1.080369e-02  
+1.016590e-05  +1.356005e-05  +3.175211e-04  -3.141745e-04  -1.718522e-04  +1.509648e-05  +5.535323e-06  +1.968068e-04  -5.792709e-05  +4.863172e-04  +3.933435e-04  -5.845944e-07  -5.284815e-07  +4.334355e-02  -1.738231e-07  +1.762251e-06  -9.745969e-02  
+1.327477e-05  +2.093687e-05  +4.088450e-04  -9.929703e-04  -1.232828e-04  +5.715917e-05  -4.339948e-05  -1.071899e-04  -5.750937e-05  +3.933435e-04  +1.368085e-03  -1.773524e-06  -5.110885e-06  +9.221735e-02  +1.033956e-06  +1.780025e-06  -2.515356e-01  
+8.824899e-09  -1.981922e-07  -1.012336e-06  -2.340583e-06  -1.804138e-06  +1.581200e-07  -3.141807e-07  -2.059297e-06  +1.319470e-07  -5.845944e-07  -1.773524e-06  +5.995069e-07  -1.182832e-07  -4.683580e-04  +5.387955e-08  +9.553885e-08  -5.788363e-04  
-1.329531e-07  -2.100795e-07  -2.330165e-07  +9.946400e-06  -2.407840e-06  -3.650783e-07  +2.424024e-06  +4.193408e-06  -1.900926e-07  -5.284815e-07  -5.110885e-06  -1.182832e-07  +7.990902e-07  -4.560599e-05  +1.234643e-09  -1.744710e-08  +1.568162e-03  
+8.624066e-04  +1.782916e-03  +5.331580e-02  -1.147093e-01  -3.854293e-02  +6.944097e-03  -8.408838e-03  +2.886973e-02  -5.005771e-03  +4.334355e-02  +9.221735e-02  -4.683580e-04  -4.560599e-05  +1.877935e+01  -1.577301e-05  +1.297707e-04  -1.925692e+01  
-3.028589e-08  +1.076406e-08  -7.465113e-08  +3.164315e-06  +6.154751e-07  -7.004428e-08  +8.650932e-07  -6.054710e-07  -7.294901e-08  -1.738231e-07  +1.033956e-06  +5.387955e-08  +1.234643e-09  -1.577301e-05  +3.364025e-07  -1.816980e-08  -1.533914e-04  
+1.541695e-07  -4.653832e-08  +1.937653e-06  -2.795489e-06  -1.493631e-07  +2.883444e-07  +6.272878e-08  +1.163198e-06  -1.481149e-07  +1.762251e-06  +1.780025e-06  +9.553885e-08  -1.744710e-08  +1.297707e-04  -1.816980e-08  +4.407158e-07  -6.578749e-04  
-2.452664e-03  -4.784671e-03  -9.934652e-02  +2.572902e-01  +6.788964e-02  -1.630150e-02  +2.584006e-02  +4.246153e-02  +1.080369e-02  -9.745969e-02  -2.515356e-01  -5.788363e-04  +1.568162e-03  -1.925692e+01  -1.533914e-04  -6.578749e-04  +7.941592e+01  
