mean:
+3.982406e+00  +3.953602e+00  +8.554987e-01  +1.316656e+00  +1.407274e+00  +4.017328e-01  +8.034219e-01  +1.394942e+00  +1.699428e-01  +1.855465e+00  +6.004735e+00  +3.591923e+00  +2.698531e+00  +2.051261e+02  +4.327908e+00  +5.294305e+00  +2.791659e+02  +5.453360e+00  +3.757393e+00  +3.279939e+02  +2.640186e+00  +4.559771e+00  +3.948976e+02  
covariance:
+9.422774e-07  +1.821190e-07  -2.964709e-07  +8.979983e-07  +1.589590e-07  +1.370312e-07  +4.954700e-07  -1.486734e-06  -3.615454e-07  +8.322772e-07  -3.518905e-06  +4.330414e-08  +8.624787e-08  +3.369179e-05  -1.415014e-08  -2.262109e-08  -4.230054e-05  -1.083146e-08  -5.405258e-08  -1.580483e-04  +3.035960e-08  -6.833516e-08  -5.458060e-05  
+1.821190e-07  +1.027310e-06  +7.639483e-07  +1.198884e-06  -9.741719e-08  +2.017309e-07  -4.479355e-07  +1.936200e-07  -3.265728e-07  +3.129558e-06  +3.605659e-06  +5.499158e-08  -4.580428e-08  +1.151456e-04  -6.059052e-08  +4.168261e-08  +8.392310e-05  -1.611067e-08  -1.031710e-08  +2.368650e-04  -8.049777e-08  +3.228341e-08  +2.507687e-04  
-2.964709e-07  +7.639483e-07  +3.342674e-05  +3.561934e-05  +6.599126e-06  +5.452815e-06  -1.733340e-05  +4.910984e-05  -1.248046e-05  +9.958295e-05  +1.123259e-04  +2.300012e-06  -2.886391e-06  +1.026217e-03  -2.344357e-06  +9.251071e-07  +3.053430e-03  +3.412468e-07  -7.253560e-07  +8.087009e-03  -2.507092e-08  +9.079328e-07  +8.494257e-03  
+8.979983e-07  +1.198884e-06  +3.561934e-05  +2.388135e-04  +1.304837e-05  +1.393285e-05  -9.341631e-06  +2.438484e-05  -4.424851e-05  +3.098406e-04  +2.921010e-04  +2.603547e-06  -8.869742e-06  +8.038492e-03  -6.977047e-06  +1.872873e-06  +1.183158e-02  +4.610019e-06  -5.365079e-07  +3.302226e-02  +3.227987e-06  +2.462881e-06  +3.381149e-02  
+1.589590e-07  -9.741719e-08  +6.599126e-06  +1.304837e-05  +4.603057e-05  +2.831723e-06  +5.981737e-06  +1.666045e-05  -1.045458e-05  +7.401873e-05  +2.598253e-05  +8.267481e-07  +1.887577e-07  +6.974666e-04  -1.732141e-06  +4.305253e-07  +3.818146e-03  +1.698227e-06  -3.044335e-07  +9.119593e-03  +1.376096e-06  -8.623319e-07  +5.249427e-03  
+1.370312e-07  +2.017309e-07  +5.452815e-06  +1.393285e-05  +2.831723e-06  +2.809372e-06  -2.828191e-06  +5.774399e-06  -4.179354e-06  +3.350271e-05  +1.687906e-05  +9.020878e-07  -5.471843e-07  +8.938476e-04  -1.041393e-06  -4.372798e-08  +1.183141e-03  +5.421057e-07  -5.965598e-08  +3.080190e-03  +4.387878e-07  +1.403203e-07  +2.819813e-03  
+4.954700e-07  -4.479355e-07  -1.733340e-05  -9.341631e-06  +5.981737e-06  -2.828191e-06  +2.646566e-05  +6.422787e-06  +3.357053e-06  -4.610219e-05  -6.024820e-05  -1.842806e-06  +2.104913e-06  +1.929920e-04  +7.710090e-07  -5.034293e-07  -1.868552e-05  +4.895403e-07  +1.069830e-06  -5.176908e-03  +4.930454e-07  -1.598893e-06  -5.187819e-03  
-1.486734e-06  +1.936200e-07  +4.910984e-05  +2.438484e-05  +1.666045e-05  +5.774399e-06  +6.422787e-06  +3.386573e-04  -1.073535e-05  +4.678556e-05  +1.544837e-04  +4.283938e-06  -6.309871e-06  +2.295576e-03  -3.761646e-06  +2.737723e-07  +2.937539e-03  +3.851588e-07  +1.062048e-07  +8.811594e-03  +1.391711e-06  +1.271380e-06  +5.017434e-04  
-3.615454e-07  -3.265728e-07  -1.248046e-05  -4.424851e-05  -1.045458e-05  -4.179354e-06  +3.357053e-06  -1.073535e-05  +1.472753e-05  -1.005311e-04  -9.813884e-05  -4.220545e-07  +1.531243e-06  -1.733943e-03  +1.630068e-06  -7.684735e-07  -4.962984e-03  -1.455020e-06  +1.010729e-07  -1.118501e-02  -8.611789e-07  -1.314107e-07  -1.001126e-02  
+8.322772e-07  +3.129558e-06  +9.958295e-05  +3.098406e-04  +7.401873e-05  +3.350271e-05  -4.610219e-05  +4.678556e-05  -1.005311e-04  +7.462333e-04  +6.372621e-04  +6.590364e-06  -1.246118e-05  +1.086597e-02  -1.272202e-05  +5.367715e-06  +3.327211e-02  +1.014739e-05  -2.558408e-06  +8.119616e-02  +5.326797e-06  +1.000539e-06  +7.175952e-02  
-3.518905e-06  +3.605659e-06  +1.123259e-04  +2.921010e-04  +2.598253e-05  +1.687906e-05  -6.024820e-05  +1.544837e-04  -9.813884e-05  +6.372621e-04  +1.200235e-03  -6.988558e-06  -1.335773e-05  +1.321380e-02  -6.187279e-06  +1.007069e-05  +3.790662e-02  +4.974154e-06  +3.000712e-06  +8.177175e-02  +4.277331e-06  +9.013704e-06  +8.012472e-02  
+4.330414e-08  +5.499158e-08  +2.300012e-06  +2.603547e-06  +8.267481e-07  +9.020878e-07  -1.842806e-06  +4.283938e-06  -4.220545e-07  +6.590364e-06  -6.988558e-06  +1.070553e-06  -3.698416e-07  +2.551070e-04  -4.836884e-07  +2.089300e-08  -1.703555e-04  +7.507616e-08  -1.290567e-07  +2.605388e-04  -2.717618e-08  +3.220045e-08  +1.457816e-04  
+8.624787e-08  -4.580428e-08  -2.886391e-06  -8.869742e-06  +1.887577e-07  -5.471843e-07  +2.104913e-06  -6.309871e-06  +1.531243e-06  -1.246118e-05  -1.335773e-05  -3.698416e-07  +1.301659e-06  -2.317218e-04  +3.290079e-07  -1.259706e-08  -2.003007e-04  -1.875391e-07  +3.860138e-08  -1.327165e-03  -2.818287e-08  -4.219969e-07  -1.344240e-03  
+3.369179e-05  +1.151456e-04  +1.026217e-03  +8.038492e-03  +6.974666e-04  +8.938476e-04  +1.929920e-04  +2.295576e-03  -1.733943e-03  +1.086597e-02  +1.321380e-02  +2.551070e-04  -2.317218e-04  +1.410630e+00  -5.130180e-04  +1.540337e-04  +5.838269e-01  +2.483627e-04  +3.146295e-04  +1.110850e+00  +2.057355e-04  +2.824036e-04  +1.216732e+00  
-1.415014e-08  -6.059052e-08  -2.344357e-06  -6.977047e-06  -1.732141e-06  -1.041393e-06  +7.710090e-07  -3.761646e-06  +1.630068e-06  -1.272202e-05  -6.187279e-06  -4.836884e-07  +3.290079e-07  -5.130180e-04  +7.795357e-07  +7.040165e-08  -4.289926e-04  -2.289778e-07  +6.046800e-08  -9.308289e-04  -2.686712e-07  -7.952918e-08  -1.001017e-03  
-2.262109e-08  +4.168261e-08  +9.251071e-07  +1.872873e-06  +4.305253e-07  -4.372798e-08  -5.034293e-07  +2.737723e-07  -7.684735e-07  +5.367715e-06  +1.007069e-05  +2.089300e-08  -1.259706e-08  +1.540337e-04  +7.040165e-08  +6.423906e-07  +3.928336e-04  -1.373091e-07  -4.506077e-08  +5.452534e-04  -1.234813e-07  -1.004680e-07  +5.256804e-04  
-4.230054e-05  +8.392310e-05  +3.053430e-03  +1.183158e-02  +3.818146e-03  +1.183141e-03  -1.868552e-05  +2.937539e-03  -4.962984e-03  +3.327211e-02  +3.790662e-02  -1.703555e-04  -2.003007e-04  +5.838269e-01  -4.289926e-04  +3.928336e-04  +2.649508e+00  +5.842437e-04  +3.037163e-05  +4.417313e+00  +2.876167e-04  -1.901953e-04  +3.506937e+00  
-1.083146e-08  -1.611067e-08  +3.412468e-07  +4.610019e-06  +1.698227e-06  +5.421057e-07  +4.895403e-07  +3.851588e-07  -1.455020e-06  +1.014739e-05  +4.974154e-06  +7.507616e-08  -1.875391e-07  +2.483627e-04  -2.289778e-07  -1.373091e-07  +5.842437e-04  +6.765435e-07  +1.264076e-07  +1.387206e-03  +2.739392e-07  +7.113125e-08  +1.165025e-03  
-5.405258e-08  -1.031710e-08  -7.253560e-07  -5.365079e-07  -3.044335e-07  -5.965598e-08  +1.069830e-06  +1.062048e-07  +1.010729e-07  -2.558408e-06  +3.000712e-06  -1.290567e-07  +3.860138e-08  +3.146295e-04  +6.046800e-08  -4.506077e-08  +3.037163e-05  +1.264076e-07  +7.308156e-07  -5.126196e-04  -5.702303e-08  +1.127257e-07  +1.362176e-04  
-1.580483e-04  +2.368650e-04  +8.087009e-03  +3.302226e-02  +9.119593e-03  +3.080190e-03  -5.176908e-03  +8.811594e-03  -1.118501e-02  +8.119616e-02  +8.177175e-02  +2.605388e-04  -1.327165e-03  +1.110850e+00  -9.308289e-04  +5.452534e-04  +4.417313e+00  +1.387206e-03  -5.126196e-04  +1.453814e+01  +7.951494e-04  +2.405818e-04  +8.936478e+00  
+3.035960e-08  -8.049777e-08  -2.507092e-08  +3.227987e-06  +1.376096e-06  +4.387878e-07  +4.930454e-07  +1.391711e-06  -8.611789e-07  +5.326797e-06  +4.277331e-06  -2.717618e-08  -2.818287e-08  +2.057355e-04  -2.686712e-07  -1.234813e-07  +2.876167e-04  +2.739392e-07  -5.702303e-08  +7.951494e-04  +5.897927e-07  +8.286822e-08  +5.601175e-04  
-6.833516e-08  +3.228341e-08  +9.079328e-07  +2.462881e-06  -8.623319e-07  +1.403203e-07  -1.598893e-06  +1.271380e-06  -1.314107e-07  +1.000539e-06  +9.013704e-06  +3.220045e-08  -4.219969e-07  +2.824036e-04  -7.952918e-08  -1.004680e-07  -1.901953e-04  +7.113125e-08  +1.127257e-07  +2.405818e-04  +8.286822e-08  +6.844278e-07  +4.643914e-04  
-5.458060e-05  +2.507687e-04  +8.494257e-03  +3.381149e-02  +5.249427e-03  +2.819813e-03  -5.187819e-03  +5.017434e-04  -1.001126e-02  +7.175952e-02  +8.012472e-02  +1.457816e-04  -1.344240e-03  +1.216732e+00  -1.001017e-03  +5.256804e-04  +3.506937e+00  +1.165025e-03  +1.362176e-04  +8.936478e+00  +5.601175e-04  +4.643914e-04  +8.612094e+00  
