mean:
+3.915819e+00  +3.902956e+00  +6.599510e-01  -1.153639e+00  +1.727286e+00  +5.937914e-01  +9.057560e-01  +2.064523e+00  +1.449696e-01  +2.026642e+00  +4.767928e+00  +1.905795e+00  +3.007339e+00  +8.092201e+02  +4.960009e+00  +4.479559e+00  +2.011026e+03  
covariance:
+2.432101e-05  -4.088918e-06  +9.746435e-06  -4.601378e-06  +2.915463e-05  -2.426840e-06  -5.128619e-06  -1.123080e-05  -1.326760e-06  +3.259500e-05  -1.347935e-04  +5.006114e-07  -8.230412e-08  +1.222776e-03  -2.254926e-07  -8.565760e-07  +8.272163e-03  
-4.088918e-06  +5.995346e-06  +6.668544e-06  +1.027978e-05  -3.627923e-06  -3.984682e-06  -1.523428e-05  +3.487763e-07  -3.729922e-08  +3.159424e-05  -1.923878e-04  -9.820961e-09  +1.130960e-07  +4.215560e-03  -1.526542e-09  -2.477137e-07  +1.308494e-02  
+9.746435e-06  +6.668544e-06  +3.289066e-05  +1.239852e-05  +3.580040e-05  -1.035134e-05  -3.307529e-05  +8.601085e-06  -1.786610e-06  +9.844819e-05  -5.271951e-04  +6.019817e-07  +4.055522e-07  +1.110638e-02  +6.756720e-09  -1.595811e-06  +3.107687e-02  
-4.601378e-06  +1.027978e-05  +1.239852e-05  +1.271065e-04  -2.576316e-05  -1.385469e-05  -5.229136e-05  -1.090980e-05  -8.920920e-08  +1.013107e-04  -5.399645e-04  +7.727195e-08  +1.384645e-06  +7.180649e-03  +4.239146e-07  -1.406073e-06  +4.674941e-02  
+2.915463e-05  -3.627923e-06  +3.580040e-05  -2.576316e-05  +2.256017e-04  -5.395527e-06  -1.765950e-06  -1.433680e-05  -1.323596e-05  +1.666747e-04  -4.676936e-04  +3.224642e-06  +1.778101e-06  +1.060212e-02  -1.164300e-06  -2.155653e-06  +7.925967e-03  
-2.426840e-06  -3.984682e-06  -1.035134e-05  -1.385469e-05  -5.395527e-06  +6.655452e-06  +2.041369e-05  +4.875585e-06  -4.625788e-07  -4.121386e-05  +2.610077e-04  -2.457839e-08  -3.074617e-07  -5.051198e-03  -3.381259e-08  +4.336699e-07  -1.858371e-02  
-5.128619e-06  -1.523428e-05  -3.307529e-05  -5.229136e-05  -1.765950e-06  +2.041369e-05  +7.672982e-05  +1.543574e-05  -1.221859e-06  -1.500080e-04  +9.151072e-04  -2.904895e-09  -1.001089e-06  -1.799706e-02  -1.369602e-07  +1.564617e-06  -6.683002e-02  
-1.123080e-05  +3.487763e-07  +8.601085e-06  -1.090980e-05  -1.433680e-05  +4.875585e-06  +1.543574e-05  +7.501157e-05  -9.207162e-07  -2.367478e-05  +1.466484e-04  +1.144018e-07  -2.975609e-07  -7.577148e-04  +5.321382e-07  -2.350218e-07  -1.639379e-02  
-1.326760e-06  -3.729922e-08  -1.786610e-06  -8.920920e-08  -1.323596e-05  -4.625788e-07  -1.221859e-06  -9.207162e-07  +2.232464e-06  -1.870543e-05  +3.283282e-05  -2.891480e-07  -1.652770e-07  -7.437130e-04  +1.089670e-07  +2.759056e-07  -2.248142e-05  
+3.259500e-05  +3.159424e-05  +9.844819e-05  +1.013107e-04  +1.666747e-04  -4.121386e-05  -1.500080e-04  -2.367478e-05  -1.870543e-05  +5.310643e-04  -2.401045e-03  +3.327886e-06  +3.417968e-06  +4.881532e-02  -1.080800e-06  -6.563826e-06  +1.463080e-01  
-1.347935e-04  -1.923878e-04  -5.271951e-04  -5.399645e-04  -4.676936e-04  +2.610077e-04  +9.151072e-04  +1.466484e-04  +3.283282e-05  -2.401045e-03  +1.302844e-02  -8.112486e-06  -1.374079e-05  -2.633915e-01  +2.501035e-06  +2.903020e-05  -8.626341e-01  
+5.006114e-07  -9.820961e-09  +6.019817e-07  +7.727195e-08  +3.224642e-06  -2.457839e-08  -2.904895e-09  +1.144018e-07  -2.891480e-07  +3.327886e-06  -8.112486e-06  +2.516440e-07  +2.950256e-08  +1.228377e-04  -1.427628e-08  -2.994495e-08  +1.966505e-04  
-8.230412e-08  +1.130960e-07  +4.055522e-07  +1.384645e-06  +1.778101e-06  -3.074617e-07  -1.001089e-06  -2.975609e-07  -1.652770e-07  +3.417968e-06  -1.374079e-05  +2.950256e-08  +3.305108e-07  +1.267179e-04  +3.048125e-08  -4.990239e-08  +8.625490e-04  
+1.222776e-03  +4.215560e-03  +1.110638e-02  +7.180649e-03  +1.060212e-02  -5.051198e-03  -1.799706e-02  -7.577148e-04  -7.437130e-04  +4.881532e-02  -2.633915e-01  +1.228377e-04  +1.267179e-04  +6.187045e+00  -3.294840e-05  -6.465539e-04  +1.686534e+01  
-2.254926e-07  -1.526542e-09  +6.756720e-09  +4.239146e-07  -1.164300e-06  -3.381259e-08  -1.369602e-07  +5.321382e-07  +1.089670e-07  -1.080800e-06  +2.501035e-06  -1.427628e-08  +3.048125e-08  -3.294840e-05  +1.480678e-07  +5.170780e-09  +3.663932e-05  
-8.565760e-07  -2.477137e-07  -1.595811e-06  -1.406073e-06  -2.155653e-06  +4.336699e-07  +1.564617e-06  -2.350218e-07  +2.759056e-07  -6.563826e-06  +2.903020e-05  -2.994495e-08  -4.990239e-08  -6.465539e-04  +5.170780e-09  +3.208186e-07  -1.883512e-03  
+8.272163e-03  +1.308494e-02  +3.107687e-02  +4.674941e-02  +7.925967e-03  -1.858371e-02  -6.683002e-02  -1.639379e-02  -2.248142e-05  +1.463080e-01  -8.626341e-01  +1.966505e-04  +8.625490e-04  +1.686534e+01  +3.663932e-05  -1.883512e-03  +6.407779e+01  
