mean:
+3.925124e+00  +3.903835e+00  +6.521006e-01  -1.172427e+00  +1.691691e+00  +5.900019e-01  +9.074374e-01  +2.061023e+00  +1.443734e-01  +1.961940e+00  +4.910256e+00  +1.905727e+00  +3.007346e+00  +8.187509e+02  +4.959716e+00  +4.479491e+00  +2.025102e+03  
covariance:
+3.154244e-05  +1.007720e-05  -1.273784e-05  -8.094554e-07  -6.637235e-06  +3.090535e-06  -1.013419e-06  +3.566159e-05  -1.033968e-06  +1.325538e-05  +3.871186e-05  +3.957016e-07  -1.330510e-06  -1.256832e-02  -7.453584e-08  +5.942101e-07  -2.016232e-02  
+1.007720e-05  +1.272042e-05  +6.694345e-06  -9.091972e-06  -9.081453e-06  -7.897972e-07  -1.792288e-06  +2.096080e-05  -7.182933e-07  +1.157428e-05  -2.328130e-05  +3.099610e-07  -3.575534e-07  -3.011028e-03  +1.586634e-08  -1.335220e-07  -4.325352e-03  
-1.273784e-05  +6.694345e-06  +4.644284e-04  +4.507102e-05  -3.868515e-05  -8.410539e-05  +1.191664e-04  -1.365672e-04  -8.081440e-06  +1.690815e-04  -1.231695e-03  +5.371059e-06  -4.198123e-07  +1.427588e-01  +8.281431e-07  -1.550506e-06  +2.452852e-01  
-8.094554e-07  -9.091972e-06  +4.507102e-05  +4.125485e-04  -6.961704e-06  -9.760728e-06  +7.145196e-05  +3.981936e-05  -1.926849e-05  +7.662257e-05  +1.891175e-04  -1.694884e-06  -4.915430e-07  +1.720494e-04  -1.608388e-06  -2.458025e-06  -4.425033e-03  
-6.637235e-06  -9.081453e-06  -3.868515e-05  -6.961704e-06  +7.886400e-05  -6.349292e-07  -8.695864e-06  -2.912955e-05  +3.894667e-06  -2.069167e-05  +2.601108e-05  -3.099789e-07  +1.028086e-06  +1.174168e-03  +4.641345e-07  -7.264455e-07  +6.604132e-03  
+3.090535e-06  -7.897972e-07  -8.410539e-05  -9.760728e-06  -6.349292e-07  +2.702610e-05  -2.180762e-05  +1.154829e-05  +2.264907e-06  -5.879476e-05  +3.385027e-04  -4.628702e-07  -2.495808e-07  -3.557794e-02  -2.293398e-07  +6.337883e-07  -5.957929e-02  
-1.013419e-06  -1.792288e-06  +1.191664e-04  +7.145196e-05  -8.695864e-06  -2.180762e-05  +7.746846e-05  -7.053400e-05  -5.329424e-06  +3.027855e-05  -3.366086e-04  +1.782326e-06  -2.714473e-07  +4.632918e-02  -2.288494e-07  -1.551261e-06  +7.556086e-02  
+3.566159e-05  +2.096080e-05  -1.365672e-04  +3.981936e-05  -2.912955e-05  +1.154829e-05  -7.053400e-05  +6.161877e-04  -8.127709e-06  +1.291993e-04  +1.765800e-04  -3.224429e-06  +1.872976e-06  -8.729266e-02  -1.007528e-06  -7.086453e-07  -1.545309e-01  
-1.033968e-06  -7.182933e-07  -8.081440e-06  -1.926849e-05  +3.894667e-06  +2.264907e-06  -5.329424e-06  -8.127709e-06  +3.167160e-06  -1.771242e-05  +4.784920e-06  +6.831712e-08  +1.667839e-07  -5.308695e-04  -4.018198e-08  +5.908070e-08  -8.995570e-04  
+1.325538e-05  +1.157428e-05  +1.690815e-04  +7.662257e-05  -2.069167e-05  -5.879476e-05  +3.027855e-05  +1.291993e-04  -1.771242e-05  +2.580413e-04  -6.172991e-04  -9.776339e-08  -6.340066e-07  +4.276652e-02  +8.937868e-07  -8.155832e-07  +7.378441e-02  
+3.871186e-05  -2.328130e-05  -1.231695e-03  +1.891175e-04  +2.601108e-05  +3.385027e-04  -3.366086e-04  +1.765800e-04  +4.784920e-06  -6.172991e-04  +5.351466e-03  -1.306025e-05  -4.691937e-06  -5.222331e-01  -2.706510e-06  +8.107155e-06  -8.651442e-01  
+3.957016e-07  +3.099610e-07  +5.371059e-06  -1.694884e-06  -3.099789e-07  -4.628702e-07  +1.782326e-06  -3.224429e-06  +6.831712e-08  -9.776339e-08  -1.306025e-05  +6.842130e-07  -8.696937e-09  +1.582939e-03  -2.097389e-08  +1.411329e-08  +3.104283e-03  
-1.330510e-06  -3.575534e-07  -4.198123e-07  -4.915430e-07  +1.028086e-06  -2.495808e-07  -2.714473e-07  +1.872976e-06  +1.667839e-07  -6.340066e-07  -4.691937e-06  -8.696937e-09  +6.105185e-07  +3.152868e-04  -3.045538e-08  -1.275682e-07  +8.590836e-04  
-1.256832e-02  -3.011028e-03  +1.427588e-01  +1.720494e-04  +1.174168e-03  -3.557794e-02  +4.632918e-02  -8.729266e-02  -5.308695e-04  +4.276652e-02  -5.222331e-01  +1.582939e-03  +3.152868e-04  +6.744769e+01  +4.053146e-04  -1.103436e-03  +1.115621e+02  
-7.453584e-08  +1.586634e-08  +8.281431e-07  -1.608388e-06  +4.641345e-07  -2.293398e-07  -2.288494e-07  -1.007528e-06  -4.018198e-08  +8.937868e-07  -2.706510e-06  -2.097389e-08  -3.045538e-08  +4.053146e-04  +3.072260e-07  +1.000053e-08  +1.065630e-03  
+5.942101e-07  -1.335220e-07  -1.550506e-06  -2.458025e-06  -7.264455e-07  +6.337883e-07  -1.551261e-06  -7.086453e-07  +5.908070e-08  -8.155832e-07  +8.107155e-06  +1.411329e-08  -1.275682e-07  -1.103436e-03  +1.000053e-08  +4.971466e-07  -1.580253e-03  
-2.016232e-02  -4.325352e-03  +2.452852e-01  -4.425033e-03  +6.604132e-03  -5.957929e-02  +7.556086e-02  -1.545309e-01  -8.995570e-04  +7.378441e-02  -8.651442e-01  +3.104283e-03  +8.590836e-04  +1.115621e+02  +1.065630e-03  -1.580253e-03  +1.964109e+02  
