mean:
+3.931741e+00  +3.909882e+00  +6.171026e-01  -1.111423e+00  +1.655534e+00  +6.070158e-01  +9.421661e-01  +1.993168e+00  +1.389482e-01  +2.032395e+00  +4.787320e+00  +1.905464e+00  +3.006940e+00  +8.093497e+02  +4.960075e+00  +4.480013e+00  +2.009251e+03  
covariance:
+1.290276e-05  +9.825455e-06  +2.130428e-05  -3.940571e-05  -7.713239e-05  -5.116010e-06  -2.457597e-05  +7.468528e-05  +6.236938e-06  -6.393050e-05  +1.858642e-04  -2.829608e-07  +1.142248e-07  -3.795339e-03  +2.267634e-08  +1.262508e-07  -1.467002e-02  
+9.825455e-06  +2.208655e-05  -2.029766e-06  -1.964340e-05  -2.678731e-06  -1.208625e-06  -5.442865e-06  -1.861311e-06  +7.247960e-07  +3.613192e-07  -4.026280e-05  +1.980546e-07  +3.966200e-07  -2.147573e-03  -3.736825e-07  +3.692800e-07  +4.590171e-03  
+2.130428e-05  -2.029766e-06  +1.791381e-04  -2.419306e-04  -5.336346e-04  -4.293951e-05  -1.698129e-04  +4.712584e-04  +4.049945e-05  -4.077908e-04  +1.124389e-03  -7.509910e-07  +6.418981e-07  -2.771086e-02  -4.448234e-07  -6.973428e-07  -9.392378e-02  
-3.940571e-05  -1.964340e-05  -2.419306e-04  +9.897698e-04  +6.222499e-04  +3.215102e-05  +3.918356e-04  -7.526234e-04  -8.962614e-05  +8.736939e-04  -2.226860e-03  +3.202513e-07  -4.050294e-07  +5.907413e-02  +2.705584e-06  +2.577480e-06  +1.851061e-01  
-7.713239e-05  -2.678731e-06  -5.336346e-04  +6.222499e-04  +2.156056e-03  +1.442318e-04  +5.012400e-04  -1.674519e-03  -1.220733e-04  +1.322899e-03  -3.727549e-03  -4.099677e-07  -1.686507e-06  +8.260888e-02  +1.698429e-07  +2.154592e-06  +3.186710e-01  
-5.116010e-06  -1.208625e-06  -4.293951e-05  +3.215102e-05  +1.442318e-04  +2.242387e-05  +4.996541e-05  -1.319975e-04  -1.197653e-05  +1.134826e-04  -2.951397e-04  +1.778903e-07  -9.147916e-07  +9.166895e-03  +2.825404e-07  -2.523251e-09  +1.844782e-02  
-2.457597e-05  -5.442865e-06  -1.698129e-04  +3.918356e-04  +5.012400e-04  +4.996541e-05  +2.533882e-04  -5.518184e-04  -5.763779e-05  +5.525579e-04  -1.445459e-03  +1.131908e-06  -2.404410e-06  +3.652525e-02  +1.574239e-06  +7.230219e-07  +1.080491e-01  
+7.468528e-05  -1.861311e-06  +4.712584e-04  -7.526234e-04  -1.674519e-03  -1.319975e-04  -5.518184e-04  +1.859823e-03  +1.297549e-04  -1.442244e-03  +4.384755e-03  -1.163284e-06  +8.174724e-06  -8.162016e-02  -1.388895e-06  -2.588687e-06  -3.521887e-01  
+6.236938e-06  +7.247960e-07  +4.049945e-05  -8.962614e-05  -1.220733e-04  -1.197653e-05  -5.763779e-05  +1.297549e-04  +1.445805e-05  -1.317112e-04  +3.290219e-04  -4.356800e-07  +6.404412e-07  -8.630474e-03  -3.259929e-07  -1.764014e-07  -2.447613e-02  
-6.393050e-05  +3.613192e-07  -4.077908e-04  +8.736939e-04  +1.322899e-03  +1.134826e-04  +5.525579e-04  -1.442244e-03  -1.317112e-04  +1.382384e-03  -3.863437e-03  +4.131471e-06  -4.476620e-06  +8.092795e-02  +1.975675e-06  +2.308405e-06  +2.951872e-01  
+1.858642e-04  -4.026280e-05  +1.124389e-03  -2.226860e-03  -3.727549e-03  -2.951397e-04  -1.445459e-03  +4.384755e-03  +3.290219e-04  -3.863437e-03  +1.269168e-02  -1.055460e-05  +5.942803e-06  -2.009334e-01  -1.286571e-06  -7.948073e-06  -1.004538e+00  
-2.829608e-07  +1.980546e-07  -7.509910e-07  +3.202513e-07  -4.099677e-07  +1.778903e-07  +1.131908e-06  -1.163284e-06  -4.356800e-07  +4.131471e-06  -1.055460e-05  +7.002415e-07  +2.756035e-08  -3.172471e-05  -3.954048e-08  +3.305645e-09  -1.289111e-04  
+1.142248e-07  +3.966200e-07  +6.418981e-07  -4.050294e-07  -1.686507e-06  -9.147916e-07  -2.404410e-06  +8.174724e-06  +6.404412e-07  -4.476620e-06  +5.942803e-06  +2.756035e-08  +7.145057e-07  -3.024418e-04  -3.983310e-09  -2.427297e-08  -2.273151e-04  
-3.795339e-03  -2.147573e-03  -2.771086e-02  +5.907413e-02  +8.260888e-02  +9.166895e-03  +3.652525e-02  -8.162016e-02  -8.630474e-03  +8.092795e-02  -2.009334e-01  -3.172471e-05  -3.024418e-04  +7.514656e+00  +3.131758e-04  +4.746833e-05  +1.550543e+01  
+2.267634e-08  -3.736825e-07  -4.448234e-07  +2.705584e-06  +1.698429e-07  +2.825404e-07  +1.574239e-06  -1.388895e-06  -3.259929e-07  +1.975675e-06  -1.286571e-06  -3.954048e-08  -3.983310e-09  +3.131758e-04  +2.407720e-07  -2.350371e-08  -1.393726e-04  
+1.262508e-07  +3.692800e-07  -6.973428e-07  +2.577480e-06  +2.154592e-06  -2.523251e-09  +7.230219e-07  -2.588687e-06  -1.764014e-07  +2.308405e-06  -7.948073e-06  +3.305645e-09  -2.427297e-08  +4.746833e-05  -2.350371e-08  +3.197019e-07  +9.607736e-04  
-1.467002e-02  +4.590171e-03  -9.392378e-02  +1.851061e-01  +3.186710e-01  +1.844782e-02  +1.080491e-01  -3.521887e-01  -2.447613e-02  +2.951872e-01  -1.004538e+00  -1.289111e-04  -2.273151e-04  +1.550543e+01  -1.393726e-04  +9.607736e-04  +9.253117e+01  
