mean:
+3.967646e+00  +4.002306e+00  +6.176141e-01  +1.997011e+00  +1.304453e+00  +6.052285e-01  +8.163790e-01  +2.206928e+00  +3.793756e-02  +3.899329e+00  +5.927559e+00  +4.623846e+00  +3.191351e+00  +3.256865e+02  +2.671122e+00  +3.677745e+00  +4.542041e+02  +4.720240e+00  +4.880247e+00  +8.070319e+02  +3.938269e+00  +5.173348e+00  +4.349509e+02  
covariance:
+2.216062e-06  -1.022361e-06  +2.124323e-06  +3.668842e-06  -2.173261e-06  +2.077424e-07  +7.039807e-07  -2.171001e-07  -4.652140e-08  +8.025932e-07  -8.414863e-06  -3.704843e-08  -9.700485e-08  +1.122775e-04  +3.972335e-08  +1.191278e-08  +5.904482e-05  +1.079071e-07  +1.445412e-08  +1.741417e-04  -1.125756e-08  +1.489173e-07  -1.536036e-04  
-1.022361e-06  +6.611847e-06  -3.080842e-07  -5.861918e-06  +2.607932e-06  -3.021497e-07  -5.062230e-07  +7.417287e-08  -3.241295e-08  +1.742493e-06  +1.594087e-06  +4.735333e-07  -2.435764e-08  +1.317419e-04  -3.931859e-08  -5.941273e-08  +1.898356e-04  -1.909608e-07  -1.925790e-07  +3.759071e-04  +1.197114e-08  +4.155267e-08  +8.131988e-04  
+2.124323e-06  -3.080842e-07  +4.260099e-05  +1.426042e-05  -1.151078e-05  +1.500321e-06  -2.468982e-06  -6.869404e-06  +2.527529e-07  +3.125923e-05  -1.930826e-04  -3.696688e-07  -1.927728e-06  +9.350585e-04  +1.955277e-07  +1.255755e-06  +5.054565e-04  +7.206895e-07  -8.296665e-07  +1.207040e-02  -9.750973e-07  +1.040830e-06  +4.449094e-04  
+3.668842e-06  -5.861918e-06  +1.426042e-05  +2.778472e-04  -1.001434e-04  +1.962985e-07  -2.150278e-05  +1.369298e-06  +1.218351e-06  -5.777223e-05  +7.467184e-05  -3.154620e-06  +1.106213e-06  +6.979028e-03  -4.317497e-07  -5.326786e-06  -1.735926e-02  +2.939972e-06  -1.926594e-06  -1.331869e-02  +2.271501e-06  +1.170068e-06  -8.401485e-03  
-2.173261e-06  +2.607932e-06  -1.151078e-05  -1.001434e-04  +6.908749e-05  -2.556632e-07  +8.654056e-06  +8.890628e-06  -4.715916e-07  +3.089458e-05  -2.920320e-05  +9.819651e-07  -1.536195e-07  -3.164676e-03  +6.596635e-07  +2.519055e-06  +7.619475e-03  -1.566165e-06  +5.580746e-07  +4.690123e-03  -6.215091e-07  -1.607103e-06  +4.618382e-03  
+2.077424e-07  -3.021497e-07  +1.500321e-06  +1.962985e-07  -2.556632e-07  +4.426663e-07  +3.864489e-07  -8.506769e-07  -1.864490e-08  +1.863380e-06  -4.728792e-06  +7.930571e-08  -2.110988e-08  -1.111662e-04  +4.127351e-08  +2.202664e-08  +3.777682e-04  -7.588853e-09  +1.530009e-08  +9.132937e-05  +4.599527e-08  +9.858294e-08  +1.110550e-04  
+7.039807e-07  -5.062230e-07  -2.468982e-06  -2.150278e-05  +8.654056e-06  +3.864489e-07  +8.573549e-06  +2.017089e-06  -5.000678e-07  +1.691194e-05  -9.659604e-06  +1.938395e-07  -1.354023e-08  -1.210336e-03  +8.463582e-08  +4.581723e-07  +2.974154e-03  -2.286461e-07  +5.520427e-07  -6.949332e-04  +1.084018e-07  -3.763136e-08  +2.155517e-03  
-2.171001e-07  +7.417287e-08  -6.869404e-06  +1.369298e-06  +8.890628e-06  -8.506769e-07  +2.017089e-06  +2.906511e-05  -3.681870e-08  -1.681395e-06  +1.183043e-05  -4.937490e-07  +3.810842e-08  -9.273687e-05  +4.074330e-08  +1.315327e-07  +3.669510e-04  -9.185392e-08  +3.838577e-07  -1.421401e-04  -3.621703e-07  -1.163056e-06  -6.873170e-05  
-4.652140e-08  -3.241295e-08  +2.527529e-07  +1.218351e-06  -4.715916e-07  -1.864490e-08  -5.000678e-07  -3.681870e-08  +5.813409e-08  -1.328019e-06  -4.353573e-07  -1.499673e-08  +2.335630e-08  +8.816452e-05  -9.594817e-09  -1.415403e-08  -1.832511e-04  +3.407668e-08  -2.971384e-08  +1.781723e-04  -1.841955e-08  -6.488366e-09  -1.825555e-04  
+8.025932e-07  +1.742493e-06  +3.125923e-05  -5.777223e-05  +3.089458e-05  +1.863380e-06  +1.691194e-05  -1.681395e-06  -1.328019e-06  +1.124776e-04  -2.395774e-04  -4.053267e-07  -2.841757e-06  -3.709529e-03  +6.437703e-07  +3.491753e-06  +1.074124e-02  -9.668969e-07  -4.119645e-08  +7.905101e-03  -2.687486e-07  +7.068052e-07  +1.142951e-02  
-8.414863e-06  +1.594087e-06  -1.930826e-04  +7.467184e-05  -2.920320e-05  -4.728792e-06  -9.659604e-06  +1.183043e-05  -4.353573e-07  -2.395774e-04  +1.276699e-03  +3.351655e-06  +5.750057e-06  -1.971974e-03  -2.902401e-08  -1.340724e-05  -1.764528e-02  -3.376436e-06  +4.026889e-06  -7.998227e-02  +5.129982e-06  -2.074418e-06  -1.453227e-02  
-3.704843e-08  +4.735333e-07  -3.696688e-07  -3.154620e-06  +9.819651e-07  +7.930571e-08  +1.938395e-07  -4.937490e-07  -1.499673e-08  -4.053267e-07  +3.351655e-06  +4.473635e-07  +3.570657e-08  -9.881523e-05  +1.132894e-07  +2.266249e-08  +2.844412e-04  -1.247769e-07  -7.021495e-08  +4.941196e-06  -7.537947e-09  +1.775903e-07  +3.786883e-05  
-9.700485e-08  -2.435764e-08  -1.927728e-06  +1.106213e-06  -1.536195e-07  -2.110988e-08  -1.354023e-08  +3.810842e-08  +2.335630e-08  -2.841757e-06  +5.750057e-06  +3.570657e-08  +6.936729e-07  +9.340685e-05  -2.382137e-08  -7.333601e-09  -1.783832e-04  +2.852649e-08  -4.977860e-08  +3.451236e-05  +8.670060e-08  +5.157282e-08  -4.683466e-05  
+1.122775e-04  +1.317419e-04  +9.350585e-04  +6.979028e-03  -3.164676e-03  -1.111662e-04  -1.210336e-03  -9.273687e-05  +8.816452e-05  -3.709529e-03  -1.971974e-03  -9.881523e-05  +9.340685e-05  +5.272181e-01  -7.664006e-05  -1.609504e-04  -7.536724e-01  +1.378419e-04  -6.263725e-05  +4.395357e-01  +4.543385e-06  -2.171994e-05  -4.523165e-01  
+3.972335e-08  -3.931859e-08  +1.955277e-07  -4.317497e-07  +6.596635e-07  +4.127351e-08  +8.463582e-08  +4.074330e-08  -9.594817e-09  +6.437703e-07  -2.902401e-08  +1.132894e-07  -2.382137e-08  -7.664006e-05  +2.069451e-07  +3.820805e-08  +5.588019e-05  -2.523495e-08  -4.063004e-09  +3.125408e-05  +1.346569e-08  +4.463984e-08  -3.745209e-05  
+1.191278e-08  -5.941273e-08  +1.255755e-06  -5.326786e-06  +2.519055e-06  +2.202664e-08  +4.581723e-07  +1.315327e-07  -1.415403e-08  +3.491753e-06  -1.340724e-05  +2.266249e-08  -7.333601e-09  -1.609504e-04  +3.820805e-08  +3.994502e-07  +4.916890e-04  +7.985638e-09  -8.904170e-09  +9.253631e-04  -9.520659e-08  +3.247031e-08  +2.255207e-04  
+5.904482e-05  +1.898356e-04  +5.054565e-04  -1.735926e-02  +7.619475e-03  +3.777682e-04  +2.974154e-03  +3.669510e-04  -1.832511e-04  +1.074124e-02  -1.764528e-02  +2.844412e-04  -1.783832e-04  -7.536724e-01  +5.588019e-05  +4.916890e-04  +2.425834e+00  -2.325404e-04  +4.344610e-05  +7.493346e-01  -1.127749e-04  +1.846015e-05  +1.313174e+00  
+1.079071e-07  -1.909608e-07  +7.206895e-07  +2.939972e-06  -1.566165e-06  -7.588853e-09  -2.286461e-07  -9.185392e-08  +3.407668e-08  -9.668969e-07  -3.376436e-06  -1.247769e-07  +2.852649e-08  +1.378419e-04  -2.523495e-08  +7.985638e-09  -2.325404e-04  +2.801479e-07  -3.373737e-11  +2.338695e-04  +2.110820e-08  -3.557052e-08  -3.131289e-04  
+1.445412e-08  -1.925790e-07  -8.296665e-07  -1.926594e-06  +5.580746e-07  +1.530009e-08  +5.520427e-07  +3.838577e-07  -2.971384e-08  -4.119645e-08  +4.026889e-06  -7.021495e-08  -4.977860e-08  -6.263725e-05  -4.063004e-09  -8.904170e-09  +4.344610e-05  -3.373737e-11  +2.706747e-07  -9.690107e-05  +8.753919e-09  -1.271840e-07  +2.596071e-05  
+1.741417e-04  +3.759071e-04  +1.207040e-02  -1.331869e-02  +4.690123e-03  +9.132937e-05  -6.949332e-04  -1.421401e-04  +1.781723e-04  +7.905101e-03  -7.998227e-02  +4.941196e-06  +3.451236e-05  +4.395357e-01  +3.125408e-05  +9.253631e-04  +7.493346e-01  +2.338695e-04  -9.690107e-05  +7.862360e+00  -6.225726e-04  -1.063820e-04  +1.523448e-01  
-1.125756e-08  +1.197114e-08  -9.750973e-07  +2.271501e-06  -6.215091e-07  +4.599527e-08  +1.084018e-07  -3.621703e-07  -1.841955e-08  -2.687486e-07  +5.129982e-06  -7.537947e-09  +8.670060e-08  +4.543385e-06  +1.346569e-08  -9.520659e-08  -1.127749e-04  +2.110820e-08  +8.753919e-09  -6.225726e-04  +2.376536e-07  +1.464503e-09  +7.565575e-05  
+1.489173e-07  +4.155267e-08  +1.040830e-06  +1.170068e-06  -1.607103e-06  +9.858294e-08  -3.763136e-08  -1.163056e-06  -6.488366e-09  +7.068052e-07  -2.074418e-06  +1.775903e-07  +5.157282e-08  -2.171994e-05  +4.463984e-08  +3.247031e-08  +1.846015e-05  -3.557052e-08  -1.271840e-07  -1.063820e-04  +1.464503e-09  +4.262028e-07  +1.070649e-04  
-1.536036e-04  +8.131988e-04  +4.449094e-04  -8.401485e-03  +4.618382e-03  +1.110550e-04  +2.155517e-03  -6.873170e-05  -1.825555e-04  +1.142951e-02  -1.453227e-02  +3.786883e-05  -4.683466e-05  -4.523165e-01  -3.745209e-05  +2.255207e-04  +1.313174e+00  -3.131289e-04  +2.596071e-05  +1.523448e-01  +7.565575e-05  +1.070649e-04  +2.078743e+00  
