mean:
+3.971151e+00  +3.897432e+00  +8.381637e-01  +1.335384e+00  +1.210928e+00  +4.977811e-01  +8.129795e-01  +1.387991e+00  +1.968242e-01  +1.839265e+00  +5.973972e+00  +3.617904e+00  +2.916966e+00  +2.047942e+02  +4.300810e+00  +5.125641e+00  +2.762483e+02  +5.238320e+00  +3.824147e+00  +3.216664e+02  +2.804640e+00  +4.487907e+00  +3.889336e+02  
covariance:
+2.221726e-06  -1.156034e-06  +5.817680e-06  +1.186665e-06  +5.409681e-07  -9.276828e-08  -5.770184e-06  -1.167770e-05  +2.613597e-06  -1.110722e-05  +1.348838e-05  -1.559746e-06  -1.311743e-07  -9.398607e-04  -1.276867e-06  +6.227944e-07  +7.338667e-04  -1.526346e-06  +8.689362e-07  -1.073719e-03  -3.672484e-06  -2.865030e-06  -3.265013e-04  
-1.156034e-06  +1.513727e-06  -3.615973e-06  -2.841282e-06  -1.352941e-07  -3.171343e-08  +3.834904e-06  +5.773720e-06  -1.459117e-06  +6.548667e-06  -8.772609e-06  +1.167875e-06  -1.102132e-07  +4.967808e-04  +8.479163e-07  -4.745095e-07  -4.293357e-04  +9.885418e-07  -7.539393e-07  +8.053976e-04  +2.540833e-06  +1.816364e-06  +2.134809e-04  
+5.817680e-06  -3.615973e-06  +2.262009e-05  +6.081574e-06  +1.751189e-06  -4.552184e-07  -2.156561e-05  -4.383280e-05  +1.027836e-05  -4.517255e-05  +4.750385e-05  -6.623730e-06  -9.412131e-07  -3.862781e-03  -5.268273e-06  +2.454455e-06  +2.941055e-03  -5.602578e-06  +4.046768e-06  -4.409995e-03  -1.546151e-05  -1.159267e-05  -1.043121e-03  
+1.186665e-06  -2.841282e-06  +6.081574e-06  +1.412959e-05  -2.026297e-07  +2.189503e-08  -4.776805e-06  -5.957940e-06  -3.476304e-07  -2.008218e-06  +1.466353e-05  -1.338775e-06  +1.086367e-06  +3.688491e-06  -5.294237e-07  +5.302201e-07  +2.429558e-04  -9.038854e-07  +1.543643e-06  -1.217126e-03  -2.254131e-06  -1.329779e-06  -8.879960e-05  
+5.409681e-07  -1.352941e-07  +1.751189e-06  -2.026297e-07  +3.387693e-07  +5.220209e-08  -2.121273e-06  -3.152897e-06  +1.174381e-06  -4.610211e-06  +3.450017e-06  -6.230537e-07  -2.195581e-07  -3.663447e-04  -6.019874e-07  +2.922658e-07  +2.911907e-04  -4.882399e-07  +2.622884e-07  -4.251481e-04  -1.632967e-06  -1.159461e-06  -1.876501e-04  
-9.276828e-08  -3.171343e-08  -4.552184e-07  +2.189503e-08  +5.220209e-08  +4.160174e-07  -1.276071e-06  +4.355576e-06  +1.035195e-06  -3.686835e-06  -1.254600e-06  -4.857227e-07  -2.615190e-07  -1.978941e-04  -5.886278e-07  +3.754570e-07  +1.809339e-04  -2.161072e-07  +8.698701e-08  -3.384894e-04  -1.512077e-06  -7.931684e-07  -3.477136e-04  
-5.770184e-06  +3.834904e-06  -2.156561e-05  -4.776805e-06  -2.121273e-06  -1.276071e-06  +3.185069e-05  +3.019922e-05  -1.806587e-05  +7.519519e-05  -4.285596e-05  +1.054608e-05  +3.298357e-06  +5.946387e-03  +9.579175e-06  -5.189561e-06  -4.345929e-03  +6.967783e-06  -5.455663e-06  +6.988390e-03  +2.707764e-05  +1.825689e-05  +2.620004e-03  
-1.167770e-05  +5.773720e-06  -4.383280e-05  -5.957940e-06  -3.152897e-06  +4.355576e-06  +3.019922e-05  +1.352710e-04  -1.261596e-05  +5.722825e-05  -8.866369e-05  +8.136746e-06  +1.352743e-06  +5.737905e-03  +5.537437e-06  -2.495739e-06  -3.844993e-03  +6.084458e-06  -7.198422e-06  +6.063123e-03  +1.877569e-05  +1.578366e-05  -1.756936e-03  
+2.613597e-06  -1.459117e-06  +1.027836e-05  -3.476304e-07  +1.174381e-06  +1.035195e-06  -1.806587e-05  -1.261596e-05  +1.322582e-05  -4.779165e-05  +1.917494e-05  -6.349142e-06  -2.679975e-06  -3.834494e-03  -5.967402e-06  +3.259563e-06  +2.668246e-03  -3.886887e-06  +3.021310e-06  -4.085926e-03  -1.687995e-05  -1.116633e-05  -1.673532e-03  
-1.110722e-05  +6.548667e-06  -4.517255e-05  -2.008218e-06  -4.610211e-06  -3.686835e-06  +7.519519e-05  +5.722825e-05  -4.779165e-05  +2.071954e-04  -8.342337e-05  +2.780203e-05  +1.065105e-05  +1.640808e-02  +2.594953e-05  -1.390489e-05  -1.132922e-02  +1.716228e-05  -1.351199e-05  +1.731059e-02  +7.165605e-05  +4.813861e-05  +6.391101e-03  
+1.348838e-05  -8.772609e-06  +4.750385e-05  +1.466353e-05  +3.450017e-06  -1.254600e-06  -4.285596e-05  -8.866369e-05  +1.917494e-05  -8.342337e-05  +1.219790e-04  -1.282370e-05  +7.563928e-07  -7.567734e-03  -8.783145e-06  +3.540641e-06  +6.038804e-03  -1.386072e-05  +7.022429e-06  -8.115337e-03  -2.699833e-05  -2.192063e-05  -2.147521e-03  
-1.559746e-06  +1.167875e-06  -6.623730e-06  -1.338775e-06  -6.230537e-07  -4.857227e-07  +1.054608e-05  +8.136746e-06  -6.349142e-06  +2.780203e-05  -1.282370e-05  +4.025163e-06  +1.239199e-06  +2.183052e-03  +3.581223e-06  -1.915819e-06  -1.499580e-03  +2.511213e-06  -1.935356e-06  +2.497271e-03  +9.924478e-06  +6.663290e-06  +8.991538e-04  
-1.311743e-07  -1.102132e-07  -9.412131e-07  +1.086367e-06  -2.195581e-07  -2.615190e-07  +3.298357e-06  +1.352743e-06  -2.679975e-06  +1.065105e-05  +7.563928e-07  +1.239199e-06  +1.088932e-06  +8.305285e-04  +1.384620e-06  -7.996699e-07  -5.556417e-04  +3.096431e-07  -5.818515e-07  +7.876980e-04  +3.775024e-06  +2.319272e-06  +2.529389e-04  
-9.398607e-04  +4.967808e-04  -3.862781e-03  +3.688491e-06  -3.663447e-04  -1.978941e-04  +5.946387e-03  +5.737905e-03  -3.834494e-03  +1.640808e-02  -7.567734e-03  +2.183052e-03  +8.305285e-04  +1.406998e+00  +1.960713e-03  -1.030938e-03  -9.520192e-01  +1.425257e-03  -1.083157e-03  +1.319984e+00  +5.552164e-03  +3.835261e-03  +4.523230e-01  
-1.276867e-06  +8.479163e-07  -5.268273e-06  -5.294237e-07  -6.019874e-07  -5.886278e-07  +9.579175e-06  +5.537437e-06  -5.967402e-06  +2.594953e-05  -8.783145e-06  +3.581223e-06  +1.384620e-06  +1.960713e-03  +3.519844e-06  -1.862138e-06  -1.344124e-03  +2.053316e-06  -1.703176e-06  +2.274390e-03  +9.325107e-06  +6.119820e-06  +9.130413e-04  
+6.227944e-07  -4.745095e-07  +2.454455e-06  +5.302201e-07  +2.922658e-07  +3.754570e-07  -5.189561e-06  -2.495739e-06  +3.259563e-06  -1.390489e-05  +3.540641e-06  -1.915819e-06  -7.996699e-07  -1.030938e-03  -1.862138e-06  +1.197492e-06  +6.836145e-04  -8.936597e-07  +1.012380e-06  -1.311441e-03  -5.157101e-06  -3.276269e-06  -4.547710e-04  
+7.338667e-04  -4.293357e-04  +2.941055e-03  +2.429558e-04  +2.911907e-04  +1.809339e-04  -4.345929e-03  -3.844993e-03  +2.668246e-03  -1.132922e-02  +6.038804e-03  -1.499580e-03  -5.556417e-04  -9.520192e-01  -1.344124e-03  +6.836145e-04  +7.807098e-01  -1.049781e-03  +7.217814e-04  -9.066112e-01  -3.845759e-03  -2.666517e-03  -3.824860e-01  
-1.526346e-06  +9.885418e-07  -5.602578e-06  -9.038854e-07  -4.882399e-07  -2.161072e-07  +6.967783e-06  +6.084458e-06  -3.886887e-06  +1.716228e-05  -1.386072e-05  +2.511213e-06  +3.096431e-07  +1.425257e-03  +2.053316e-06  -8.936597e-07  -1.049781e-03  +2.444135e-06  -1.026178e-06  +1.439903e-03  +5.580955e-06  +4.187794e-06  +6.941826e-04  
+8.689362e-07  -7.539393e-07  +4.046768e-06  +1.543643e-06  +2.622884e-07  +8.698701e-08  -5.455663e-06  -7.198422e-06  +3.021310e-06  -1.351199e-05  +7.022429e-06  -1.935356e-06  -5.818515e-07  -1.083157e-03  -1.703176e-06  +1.012380e-06  +7.217814e-04  -1.026178e-06  +1.317862e-06  -1.332464e-03  -4.935768e-06  -3.299755e-06  -2.649831e-04  
-1.073719e-03  +8.053976e-04  -4.409995e-03  -1.217126e-03  -4.251481e-04  -3.384894e-04  +6.988390e-03  +6.063123e-03  -4.085926e-03  +1.731059e-02  -8.115337e-03  +2.497271e-03  +7.876980e-04  +1.319984e+00  +2.274390e-03  -1.311441e-03  -9.066112e-01  +1.439903e-03  -1.332464e-03  +1.724015e+00  +6.424962e-03  +4.233224e-03  +5.646109e-01  
-3.672484e-06  +2.540833e-06  -1.546151e-05  -2.254131e-06  -1.632967e-06  -1.512077e-06  +2.707764e-05  +1.877569e-05  -1.687995e-05  +7.165605e-05  -2.699833e-05  +9.924478e-06  +3.775024e-06  +5.552164e-03  +9.325107e-06  -5.157101e-06  -3.845759e-03  +5.580955e-06  -4.935768e-06  +6.424962e-03  +2.601950e-05  +1.698457e-05  +2.379439e-03  
-2.865030e-06  +1.816364e-06  -1.159267e-05  -1.329779e-06  -1.159461e-06  -7.931684e-07  +1.825689e-05  +1.578366e-05  -1.116633e-05  +4.813861e-05  -2.192063e-05  +6.663290e-06  +2.319272e-06  +3.835261e-03  +6.119820e-06  -3.276269e-06  -2.666517e-03  +4.187794e-06  -3.299755e-06  +4.233224e-03  +1.698457e-05  +1.154351e-05  +1.510234e-03  
-3.265013e-04  +2.134809e-04  -1.043121e-03  -8.879960e-05  -1.876501e-04  -3.477136e-04  +2.620004e-03  -1.756936e-03  -1.673532e-03  +6.391101e-03  -2.147521e-03  +8.991538e-04  +2.529389e-04  +4.523230e-01  +9.130413e-04  -4.547710e-04  -3.824860e-01  +6.941826e-04  -2.649831e-04  +5.646109e-01  +2.379439e-03  +1.510234e-03  +5.397639e-01  
