mean:
+3.983959e+00  +3.940728e+00  +6.089081e-01  -1.176490e+00  +1.684147e+00  +5.040282e-01  +9.083126e-01  +2.006749e+00  +1.490984e-01  +1.946492e+00  +4.856498e+00  +1.840198e+00  +2.983768e+00  +8.141565e+02  +4.959866e+00  +4.479228e+00  +2.033817e+03  
covariance:
+6.333624e-06  +1.528839e-06  -5.374546e-06  -2.522741e-06  +4.592088e-06  +2.320992e-06  +5.832497e-06  -2.312743e-05  -1.501590e-07  -3.886172e-06  -1.545799e-05  +2.103956e-07  -3.136877e-07  +1.910227e-03  +7.602265e-09  -2.402171e-07  +9.690056e-03  
+1.528839e-06  +5.785944e-06  +1.736628e-06  -3.757452e-06  +1.773279e-06  -4.893559e-08  -4.687459e-06  +1.032357e-05  +1.058445e-06  +6.996658e-07  +2.542652e-06  -1.953942e-07  -6.749917e-08  -1.114335e-03  -3.856552e-08  +1.189718e-07  -3.856775e-03  
-5.374546e-06  +1.736628e-06  +1.820283e-04  -3.851492e-07  -9.872847e-05  -4.553567e-05  -1.356315e-04  +4.975046e-04  -6.879249e-07  +9.484697e-05  +3.831090e-04  -1.260649e-06  +3.229728e-06  -4.190041e-02  +2.649075e-07  +1.862855e-06  -1.821480e-01  
-2.522741e-06  -3.757452e-06  -3.851492e-07  +4.943122e-04  +6.168900e-05  +1.721760e-05  +4.380089e-05  -3.139702e-04  -2.846447e-06  +1.830551e-05  -2.221965e-04  -1.158149e-06  -2.793119e-06  +6.968374e-02  -2.874221e-06  +1.440152e-06  +1.426914e-01  
+4.592088e-06  +1.773279e-06  -9.872847e-05  +6.168900e-05  +2.220902e-04  +3.510772e-05  +6.511038e-05  -3.502860e-04  +1.644236e-06  -2.545300e-05  -2.987618e-04  +8.537957e-07  -6.626968e-06  +4.449058e-02  -1.655283e-06  -1.955987e-06  +1.558864e-01  
+2.320992e-06  -4.893559e-08  -4.553567e-05  +1.721760e-05  +3.510772e-05  +1.836757e-05  +3.259511e-05  -1.568947e-04  -1.278091e-07  -1.949520e-05  -9.721935e-05  +4.246287e-07  -5.087143e-07  +1.569293e-02  -1.395697e-07  -5.574407e-07  +6.026608e-02  
+5.832497e-06  -4.687459e-06  -1.356315e-04  +4.380089e-05  +6.511038e-05  +3.259511e-05  +2.883737e-04  -6.468919e-04  -1.495523e-05  -1.134317e-04  -3.276974e-04  -8.718941e-07  -3.157655e-06  +3.519745e-02  -1.186306e-06  -2.655882e-06  +2.291162e-01  
-2.312743e-05  +1.032357e-05  +4.975046e-04  -3.139702e-04  -3.502860e-04  -1.568947e-04  -6.468919e-04  +2.503624e-03  +2.036103e-05  +2.627680e-04  +1.398841e-03  +2.658570e-06  +1.346630e-05  -2.202604e-01  +5.301527e-06  +7.006736e-06  -7.701692e-01  
-1.501590e-07  +1.058445e-06  -6.879249e-07  -2.846447e-06  +1.644236e-06  -1.278091e-07  -1.495523e-05  +2.036103e-05  +3.242894e-06  -4.324714e-06  -1.108617e-05  +1.165898e-07  -2.384890e-07  -3.375604e-04  +5.922775e-08  +2.457469e-08  -5.202332e-03  
-3.886172e-06  +6.996658e-07  +9.484697e-05  +1.830551e-05  -2.545300e-05  -1.949520e-05  -1.134317e-04  +2.627680e-04  -4.324714e-06  +1.345569e-04  +2.155892e-04  -9.202412e-07  +1.437484e-06  -8.236148e-03  -1.419975e-07  +1.747591e-06  -1.060850e-01  
-1.545799e-05  +2.542652e-06  +3.831090e-04  -2.221965e-04  -2.987618e-04  -9.721935e-05  -3.276974e-04  +1.398841e-03  -1.108617e-05  +2.155892e-04  +1.336640e-03  -3.215301e-07  +1.598561e-05  -1.553519e-01  +2.368465e-06  +6.437046e-06  -5.293481e-01  
+2.103956e-07  -1.953942e-07  -1.260649e-06  -1.158149e-06  +8.537957e-07  +4.246287e-07  -8.718941e-07  +2.658570e-06  +1.165898e-07  -9.202412e-07  -3.215301e-07  +6.296611e-07  +1.269819e-07  -1.073050e-04  +6.224501e-08  -3.778419e-08  +9.232550e-04  
-3.136877e-07  -6.749917e-08  +3.229728e-06  -2.793119e-06  -6.626968e-06  -5.087143e-07  -3.157655e-06  +1.346630e-05  -2.384890e-07  +1.437484e-06  +1.598561e-05  +1.269819e-07  +1.178347e-06  -1.857605e-03  +8.231961e-08  +8.348998e-08  -5.941316e-03  
+1.910227e-03  -1.114335e-03  -4.190041e-02  +6.968374e-02  +4.449058e-02  +1.569293e-02  +3.519745e-02  -2.202604e-01  -3.375604e-04  -8.236148e-03  -1.553519e-01  -1.073050e-04  -1.857605e-03  +3.006067e+01  -5.281126e-04  -7.206064e-04  +7.544600e+01  
+7.602265e-09  -3.856552e-08  +2.649075e-07  -2.874221e-06  -1.655283e-06  -1.395697e-07  -1.186306e-06  +5.301527e-06  +5.922775e-08  -1.419975e-07  +2.368465e-06  +6.224501e-08  +8.231961e-08  -5.281126e-04  +3.444246e-07  -1.618368e-09  -1.175841e-03  
-2.402171e-07  +1.189718e-07  +1.862855e-06  +1.440152e-06  -1.955987e-06  -5.574407e-07  -2.655882e-06  +7.006736e-06  +2.457469e-08  +1.747591e-06  +6.437046e-06  -3.778419e-08  +8.348998e-08  -7.206064e-04  -1.618368e-09  +4.416637e-07  -3.882022e-03  
+9.690056e-03  -3.856775e-03  -1.821480e-01  +1.426914e-01  +1.558864e-01  +6.026608e-02  +2.291162e-01  -7.701692e-01  -5.202332e-03  -1.060850e-01  -5.293481e-01  +9.232550e-04  -5.941316e-03  +7.544600e+01  -1.175841e-03  -3.882022e-03  +3.165509e+02  
