mean:
+3.978254e+00  +4.010841e+00  +8.571333e-01  +1.425129e+00  +1.252284e+00  +6.064248e-01  +8.224813e-01  +1.293731e+00  +1.655705e-01  +2.009295e+00  +5.680065e+00  +3.594995e+00  +2.901152e+00  +2.047478e+02  +4.310256e+00  +5.179237e+00  +2.832439e+02  +5.217779e+00  +3.939759e+00  +3.300104e+02  +2.880156e+00  +4.559878e+00  +3.955352e+02  
covariance:
+6.077844e-06  -2.250354e-06  +2.243649e-06  +1.471504e-04  +3.997581e-06  +5.404769e-06  -1.130287e-05  -5.481034e-05  -1.899795e-05  +1.716967e-04  -3.560892e-04  +4.833651e-07  -2.529385e-07  +3.854962e-03  -3.673240e-07  -2.834692e-07  +7.458282e-03  -2.725727e-07  +3.730792e-06  +9.211866e-03  +7.377647e-07  +3.650285e-07  +5.617318e-03  
-2.250354e-06  +5.675070e-06  +6.237957e-07  -9.634011e-05  -3.141077e-06  -3.781600e-06  +6.972719e-06  +3.680538e-05  +1.193153e-05  -1.079529e-04  +2.347612e-04  +8.282137e-08  +5.784107e-07  -1.753550e-03  -2.269685e-07  +3.582700e-07  -5.019755e-03  +8.100749e-08  -3.753991e-06  -6.579169e-03  -6.757217e-07  -2.871291e-07  -2.837474e-03  
+2.243649e-06  +6.237957e-07  +4.731265e-05  +2.891204e-05  -6.418951e-06  -1.564073e-06  +1.294450e-05  -8.188972e-05  -2.277531e-05  +1.342243e-04  -7.246054e-05  -1.601080e-07  +5.723897e-07  +5.615840e-03  -4.509815e-07  -2.098850e-06  +2.025835e-03  -1.175825e-06  +7.982599e-06  +5.437718e-03  +1.660978e-06  +7.892678e-07  +3.958239e-03  
+1.471504e-04  -9.634011e-05  +2.891204e-05  +4.468902e-03  +1.323436e-04  +1.657101e-04  -3.322646e-04  -1.602191e-03  -5.447566e-04  +4.987511e-03  -1.049414e-02  +1.271351e-05  -9.682363e-06  +1.036351e-01  -9.987237e-06  -7.138393e-06  +2.213052e-01  -8.164361e-06  +1.204261e-04  +2.846011e-01  +2.189206e-05  +7.533171e-06  +1.575113e-01  
+3.997581e-06  -3.141077e-06  -6.418951e-06  +1.323436e-04  +1.205392e-05  +5.503487e-06  -9.525348e-06  -4.361630e-05  -1.410493e-05  +1.343350e-04  -3.078121e-04  +3.429787e-07  -1.607909e-07  +1.966674e-03  -4.005426e-07  -3.675819e-07  +6.158952e-03  -2.588065e-07  +4.292359e-06  +8.478422e-03  +1.005068e-06  +1.563859e-07  +3.516618e-03  
+5.404769e-06  -3.781600e-06  -1.564073e-06  +1.657101e-04  +5.503487e-06  +6.963479e-06  -1.383234e-05  -5.627351e-05  -1.908846e-05  +1.801401e-04  -3.924465e-04  +5.306975e-07  -2.993857e-07  +3.623280e-03  -3.070372e-07  -1.625726e-07  +8.285127e-03  -1.187999e-07  +4.287211e-06  +1.026444e-02  +7.329441e-07  +2.719875e-07  +5.720840e-03  
-1.130287e-05  +6.972719e-06  +1.294450e-05  -3.322646e-04  -9.525348e-06  -1.383234e-05  +4.451387e-05  +8.014289e-05  +2.948871e-05  -3.301409e-04  +8.150591e-04  -9.261710e-07  +3.593561e-07  -8.640586e-03  +9.869418e-07  +2.253058e-07  -1.571595e-02  +6.728792e-07  -7.265746e-07  -1.637708e-02  -2.812240e-07  -1.813928e-07  -1.408467e-02  
-5.481034e-05  +3.680538e-05  -8.188972e-05  -1.602191e-03  -4.361630e-05  -5.627351e-05  +8.014289e-05  +8.873987e-04  +2.394880e-04  -2.014651e-03  +3.870478e-03  -1.072908e-06  +3.776886e-06  -4.063609e-02  +1.728829e-06  +6.165600e-06  -8.141042e-02  +4.259448e-06  -7.313053e-05  -1.145479e-01  -1.245604e-05  -5.358393e-06  -4.845637e-02  
-1.899795e-05  +1.193153e-05  -2.277531e-05  -5.447566e-04  -1.410493e-05  -1.908846e-05  +2.948871e-05  +2.394880e-04  +8.152766e-05  -6.886323e-04  +1.289566e-03  -1.304457e-06  +9.682993e-07  -1.360982e-02  +5.794518e-07  +1.317168e-06  -2.956088e-02  +1.121503e-06  -2.092406e-05  -3.855000e-02  -3.801075e-06  -1.542489e-06  -2.006631e-02  
+1.716967e-04  -1.079529e-04  +1.342243e-04  +4.987511e-03  +1.343350e-04  +1.801401e-04  -3.301409e-04  -2.014651e-03  -6.886323e-04  +6.048337e-03  -1.188708e-02  +1.298834e-05  -9.391764e-06  +1.241033e-01  -7.090762e-06  -9.930440e-06  +2.643870e-01  -9.808203e-06  +1.606195e-04  +3.353390e-01  +2.913653e-05  +1.207991e-05  +1.859172e-01  
-3.560892e-04  +2.347612e-04  -7.246054e-05  -1.049414e-02  -3.078121e-04  -3.924465e-04  +8.150591e-04  +3.870478e-03  +1.289566e-03  -1.188708e-02  +2.552853e-02  -2.241085e-05  +2.869696e-05  -2.544706e-01  +1.491758e-05  +2.388783e-05  -5.172128e-01  +1.509567e-05  -2.877896e-04  -6.610252e-01  -5.341513e-05  -2.457313e-05  -3.733856e-01  
+4.833651e-07  +8.282137e-08  -1.601080e-07  +1.271351e-05  +3.429787e-07  +5.306975e-07  -9.261710e-07  -1.072908e-06  -1.304457e-06  +1.298834e-05  -2.241085e-05  +9.627594e-07  +1.550564e-07  +3.871550e-04  -4.405729e-07  +2.545468e-07  +1.142375e-03  -1.906535e-07  -7.364791e-07  +5.623855e-04  -2.723475e-07  -1.907106e-07  +3.522902e-04  
-2.529385e-07  +5.784107e-07  +5.723897e-07  -9.682363e-06  -1.607909e-07  -2.993857e-07  +3.593561e-07  +3.776886e-06  +9.682993e-07  -9.391764e-06  +2.869696e-05  +1.550564e-07  +1.063533e-06  +8.723792e-05  -5.468525e-07  +9.633478e-08  -3.817052e-04  -9.005136e-08  -1.049887e-06  -9.699497e-04  -1.727629e-07  -9.755063e-08  -3.243814e-05  
+3.854962e-03  -1.753550e-03  +5.615840e-03  +1.036351e-01  +1.966674e-03  +3.623280e-03  -8.640586e-03  -4.063609e-02  -1.360982e-02  +1.241033e-01  -2.544706e-01  +3.871550e-04  +8.723792e-05  +4.553473e+00  -5.091117e-04  -2.369749e-04  +4.838305e+00  -3.423019e-04  +2.112587e-03  +5.414747e+00  +6.370186e-04  +2.667876e-04  +4.578297e+00  
-3.673240e-07  -2.269685e-07  -4.509815e-07  -9.987237e-06  -4.005426e-07  -3.070372e-07  +9.869418e-07  +1.728829e-06  +5.794518e-07  -7.090762e-06  +1.491758e-05  -4.405729e-07  -5.468525e-07  -5.091117e-04  +1.119322e-06  -6.375209e-09  -6.764511e-04  +4.389468e-07  +9.716727e-07  -3.701582e-04  +1.784189e-07  +2.360509e-07  -5.860760e-04  
-2.834692e-07  +3.582700e-07  -2.098850e-06  -7.138393e-06  -3.675819e-07  -1.625726e-07  +2.253058e-07  +6.165600e-06  +1.317168e-06  -9.930440e-06  +2.388783e-05  +2.545468e-07  +9.633478e-08  -2.369749e-04  -6.375209e-09  +9.017937e-07  +3.310178e-04  +5.757772e-08  -1.120413e-06  -6.969828e-04  -3.241395e-07  -1.007078e-07  -3.255570e-04  
+7.458282e-03  -5.019755e-03  +2.025835e-03  +2.213052e-01  +6.158952e-03  +8.285127e-03  -1.571595e-02  -8.141042e-02  -2.956088e-02  +2.643870e-01  -5.172128e-01  +1.142375e-03  -3.817052e-04  +4.838305e+00  -6.764511e-04  +3.310178e-04  +1.390122e+01  -8.433946e-04  +5.068230e-03  +1.505909e+01  +7.246789e-04  +2.274528e-04  +8.476829e+00  
-2.725727e-07  +8.100749e-08  -1.175825e-06  -8.164361e-06  -2.588065e-07  -1.187999e-07  +6.728792e-07  +4.259448e-06  +1.121503e-06  -9.808203e-06  +1.509567e-05  -1.906535e-07  -9.005136e-08  -3.423019e-04  +4.389468e-07  +5.757772e-08  -8.433946e-04  +8.058448e-07  +2.718385e-07  -7.821394e-04  +5.680914e-08  +6.153072e-08  -9.311236e-04  
+3.730792e-06  -3.753991e-06  +7.982599e-06  +1.204261e-04  +4.292359e-06  +4.287211e-06  -7.265746e-07  -7.313053e-05  -2.092406e-05  +1.606195e-04  -2.877896e-04  -7.364791e-07  -1.049887e-06  +2.112587e-03  +9.716727e-07  -1.120413e-06  +5.068230e-03  +2.718385e-07  +1.154352e-05  +1.063052e-02  +2.076361e-06  +9.909183e-07  +2.645784e-03  
+9.211866e-03  -6.579169e-03  +5.437718e-03  +2.846011e-01  +8.478422e-03  +1.026444e-02  -1.637708e-02  -1.145479e-01  -3.855000e-02  +3.353390e-01  -6.610252e-01  +5.623855e-04  -9.699497e-04  +5.414747e+00  -3.701582e-04  -6.969828e-04  +1.505909e+01  -7.821394e-04  +1.063052e-02  +2.153541e+01  +1.635362e-03  +5.965603e-04  +1.016199e+01  
+7.377647e-07  -6.757217e-07  +1.660978e-06  +2.189206e-05  +1.005068e-06  +7.329441e-07  -2.812240e-07  -1.245604e-05  -3.801075e-06  +2.913653e-05  -5.341513e-05  -2.723475e-07  -1.727629e-07  +6.370186e-04  +1.784189e-07  -3.241395e-07  +7.246789e-04  +5.680914e-08  +2.076361e-06  +1.635362e-03  +7.619266e-07  +2.224765e-07  +6.446821e-04  
+3.650285e-07  -2.871291e-07  +7.892678e-07  +7.533171e-06  +1.563859e-07  +2.719875e-07  -1.813928e-07  -5.358393e-06  -1.542489e-06  +1.207991e-05  -2.457313e-05  -1.907106e-07  -9.755063e-08  +2.667876e-04  +2.360509e-07  -1.007078e-07  +2.274528e-04  +6.153072e-08  +9.909183e-07  +5.965603e-04  +2.224765e-07  +4.738132e-07  +2.687596e-04  
+5.617318e-03  -2.837474e-03  +3.958239e-03  +1.575113e-01  +3.516618e-03  +5.720840e-03  -1.408467e-02  -4.845637e-02  -2.006631e-02  +1.859172e-01  -3.733856e-01  +3.522902e-04  -3.243814e-05  +4.578297e+00  -5.860760e-04  -3.255570e-04  +8.476829e+00  -9.311236e-04  +2.645784e-03  +1.016199e+01  +6.446821e-04  +2.687596e-04  +8.858179e+00  
