mean:
+3.984440e+00  +3.940508e+00  +6.223098e-01  -1.193379e+00  +1.670142e+00  +5.019140e-01  +9.161906e-01  +2.033086e+00  +1.461610e-01  +1.997101e+00  +4.788957e+00  +1.840168e+00  +2.983135e+00  +8.048941e+02  +4.960073e+00  +4.480089e+00  +2.015655e+03  
covariance:
+9.117211e-06  +1.229235e-06  -4.803276e-06  -3.255121e-05  +1.979307e-05  +3.390168e-07  +8.657286e-06  -1.157045e-05  -1.618650e-06  +2.119352e-05  -9.685003e-05  +2.603411e-07  -7.574634e-07  -1.384497e-04  +2.528315e-08  -1.777326e-08  +1.088516e-02  
+1.229235e-06  +5.638412e-06  +6.047632e-06  +3.640576e-05  -7.862926e-06  +8.712631e-07  -5.372959e-06  +5.624171e-06  +2.884391e-07  -4.250696e-06  +7.235670e-05  -1.413446e-07  +2.146223e-07  -9.456976e-05  -5.849831e-08  -2.682479e-08  -6.233803e-03  
-4.803276e-06  +6.047632e-06  +1.260914e-04  +5.997429e-04  -1.820643e-04  +3.218880e-05  -2.930242e-06  +4.737478e-05  -2.507475e-05  +1.015655e-04  +8.759045e-04  -1.502249e-06  +7.975188e-07  -5.524588e-03  -1.353324e-07  -3.619641e-07  -5.387997e-02  
-3.255121e-05  +3.640576e-05  +5.997429e-04  +4.107868e-03  -1.213134e-03  +1.795082e-04  -1.376447e-04  +1.950263e-04  -1.170433e-04  +4.054786e-04  +5.283782e-03  -1.480712e-05  -6.597055e-06  -1.438286e-02  -1.474103e-07  -4.205307e-06  -3.245835e-01  
+1.979307e-05  -7.862926e-06  -1.820643e-04  -1.213134e-03  +8.316415e-04  -5.103370e-05  +8.232067e-05  -1.487132e-04  +1.355236e-05  +1.462526e-04  -2.042416e-03  +7.754851e-06  +1.817405e-06  +1.283188e-02  -1.305856e-06  +1.678747e-06  +2.001294e-01  
+3.390168e-07  +8.712631e-07  +3.218880e-05  +1.795082e-04  -5.103370e-05  +1.464590e-05  +1.335008e-05  +3.509210e-06  -1.311857e-05  +7.676390e-05  +2.188292e-04  -1.964001e-07  -5.569945e-07  -4.359510e-03  +3.121965e-08  +3.151888e-08  -4.487240e-03  
+8.657286e-06  -5.372959e-06  -2.930242e-06  -1.376447e-04  +8.232067e-05  +1.335008e-05  +1.031476e-04  -1.859367e-05  -3.238770e-05  +2.412158e-04  -2.071862e-04  +1.258261e-06  -2.352052e-06  -1.655566e-02  +6.282014e-07  +2.548077e-07  +5.427696e-02  
-1.157045e-05  +5.624171e-06  +4.737478e-05  +1.950263e-04  -1.487132e-04  +3.509210e-06  -1.859367e-05  +5.342583e-04  +8.516130e-06  -1.438198e-04  +5.877457e-04  +2.814269e-06  -1.385378e-06  +1.008098e-02  -2.411108e-07  -9.750975e-07  -4.815768e-02  
-1.618650e-06  +2.884391e-07  -2.507475e-05  -1.170433e-04  +1.355236e-05  -1.311857e-05  -3.238770e-05  +8.516130e-06  +2.157507e-05  -1.356805e-04  -1.978741e-04  +1.701797e-08  +4.583790e-07  +9.810320e-03  -9.728362e-08  -9.175750e-08  -3.989623e-03  
+2.119352e-05  -4.250696e-06  +1.015655e-04  +4.054786e-04  +1.462526e-04  +7.676390e-05  +2.412158e-04  -1.438198e-04  -1.356805e-04  +1.020221e-03  +3.960236e-04  +3.628662e-06  -3.138726e-06  -5.865604e-02  +4.469610e-07  +1.171962e-06  +1.149617e-01  
-9.685003e-05  +7.235670e-05  +8.759045e-04  +5.283782e-03  -2.042416e-03  +2.188292e-04  -2.071862e-04  +5.877457e-04  -1.978741e-04  +3.960236e-04  +1.061263e-02  -2.744085e-05  +7.959427e-06  -1.101737e-01  -1.180989e-06  -4.133425e-06  -7.849667e-01  
+2.603411e-07  -1.413446e-07  -1.502249e-06  -1.480712e-05  +7.754851e-06  -1.964001e-07  +1.258261e-06  +2.814269e-06  +1.701797e-08  +3.628662e-06  -2.744085e-05  +5.903373e-07  +2.437530e-09  -4.980177e-05  -4.300898e-08  +5.899426e-08  +2.952033e-03  
-7.574634e-07  +2.146223e-07  +7.975188e-07  -6.597055e-06  +1.817405e-06  -5.569945e-07  -2.352052e-06  -1.385378e-06  +4.583790e-07  -3.138726e-06  +7.959427e-06  +2.437530e-09  +9.601167e-07  -3.621810e-04  -4.458131e-08  +5.732047e-08  -2.074910e-03  
-1.384497e-04  -9.456976e-05  -5.524588e-03  -1.438286e-02  +1.283188e-02  -4.359510e-03  -1.655566e-02  +1.008098e-02  +9.810320e-03  -5.865604e-02  -1.101737e-01  -4.980177e-05  -3.621810e-04  +9.814253e+00  -1.044461e-04  -1.013103e-04  +2.276955e+00  
+2.528315e-08  -5.849831e-08  -1.353324e-07  -1.474103e-07  -1.305856e-06  +3.121965e-08  +6.282014e-07  -2.411108e-07  -9.728362e-08  +4.469610e-07  -1.180989e-06  -4.300898e-08  -4.458131e-08  -1.044461e-04  +2.386657e-07  -1.026546e-08  +9.448133e-05  
-1.777326e-08  -2.682479e-08  -3.619641e-07  -4.205307e-06  +1.678747e-06  +3.151888e-08  +2.548077e-07  -9.750975e-07  -9.175750e-08  +1.171962e-06  -4.133425e-06  +5.899426e-08  +5.732047e-08  -1.013103e-04  -1.026546e-08  +3.138281e-07  +4.974276e-04  
+1.088516e-02  -6.233803e-03  -5.387997e-02  -3.245835e-01  +2.001294e-01  -4.487240e-03  +5.427696e-02  -4.815768e-02  -3.989623e-03  +1.149617e-01  -7.849667e-01  +2.952033e-03  -2.074910e-03  +2.276955e+00  +9.448133e-05  +4.974276e-04  +9.470810e+01  
