mean:
+3.928518e+00  +3.906235e+00  +6.383800e-01  -1.190288e+00  +1.677814e+00  +5.959447e-01  +9.068074e-01  +2.024593e+00  +1.453365e-01  +1.961650e+00  +4.831350e+00  +1.905784e+00  +3.007029e+00  +8.136305e+02  +4.960022e+00  +4.479739e+00  +2.018634e+03  
covariance:
+1.532818e-05  +8.167049e-06  +4.126624e-07  +2.072809e-05  -6.030222e-06  +1.089988e-07  +4.403668e-06  +1.460451e-05  -7.846009e-07  +4.623185e-06  +3.217417e-05  +4.921197e-07  +9.412106e-08  -3.627389e-04  +1.042000e-07  +2.612734e-07  -5.496332e-03  
+8.167049e-06  +1.262450e-05  -3.273207e-06  -2.842096e-05  +5.146470e-06  -2.432179e-06  -4.066399e-06  -7.121388e-05  +1.140288e-06  +9.323776e-06  -1.265442e-04  +7.226877e-07  -3.398486e-08  +3.995540e-03  +9.842826e-08  -1.252828e-07  +5.532859e-03  
+4.126624e-07  -3.273207e-06  +7.273763e-05  +3.235291e-05  -1.491160e-05  -3.658104e-06  +6.497668e-06  +3.060951e-04  +5.843319e-06  -7.681776e-05  +1.143667e-04  +7.973005e-07  +1.404895e-06  -1.482893e-02  +3.730553e-07  +6.352167e-07  +1.415068e-02  
+2.072809e-05  -2.842096e-05  +3.235291e-05  +1.601548e-03  -3.677007e-05  +3.615313e-05  +1.562556e-04  +1.220447e-03  -8.315460e-05  +1.969171e-04  +2.987427e-03  -4.012119e-06  +6.115612e-06  -2.234329e-02  -1.832772e-06  +3.221720e-06  -2.449733e-01  
-6.030222e-06  +5.146470e-06  -1.491160e-05  -3.677007e-05  +3.001324e-04  -2.099885e-05  -4.578139e-05  -6.849239e-04  +8.311327e-06  +1.060787e-04  -8.887745e-04  -6.887018e-07  -1.133452e-06  +4.941627e-02  -1.671497e-06  +1.553848e-06  +6.658474e-02  
+1.089988e-07  -2.432179e-06  -3.658104e-06  +3.615313e-05  -2.099885e-05  +7.868901e-06  +5.359106e-06  +6.193688e-05  -4.202897e-06  +2.687868e-06  +2.159974e-04  -4.225984e-08  -1.287215e-07  -6.032708e-03  -1.048837e-07  +2.315405e-07  -1.801898e-02  
+4.403668e-06  -4.066399e-06  +6.497668e-06  +1.562556e-04  -4.578139e-05  +5.359106e-06  +9.248490e-05  +3.664567e-04  -1.780131e-05  +1.303080e-05  +4.324230e-04  +1.565828e-07  +6.942353e-07  -8.900718e-03  +5.018491e-07  -1.949607e-07  -2.382812e-02  
+1.460451e-05  -7.121388e-05  +3.060951e-04  +1.220447e-03  -6.849239e-04  +6.193688e-05  +3.664567e-04  +5.356976e-03  -6.080443e-05  -7.261400e-04  +6.199909e-03  +2.693503e-06  +4.437005e-06  -3.430656e-01  +5.821556e-06  +6.945754e-06  -4.229079e-01  
-7.846009e-07  +1.140288e-06  +5.843319e-06  -8.315460e-05  +8.311327e-06  -4.202897e-06  -1.780131e-05  -6.080443e-05  +1.065614e-05  -4.326414e-05  -2.102620e-04  +9.929416e-08  -4.514805e-07  -2.099416e-03  +9.608418e-08  +7.660027e-10  +1.764843e-02  
+4.623185e-06  +9.323776e-06  -7.681776e-05  +1.969171e-04  +1.060787e-04  +2.687868e-06  +1.303080e-05  -7.261400e-04  -4.326414e-05  +4.464505e-04  -3.034829e-04  +6.326599e-07  +2.810684e-06  +9.284239e-02  -6.570431e-07  -1.786171e-06  +2.856244e-03  
+3.217417e-05  -1.265442e-04  +1.143667e-04  +2.987427e-03  -8.887745e-04  +2.159974e-04  +4.324230e-04  +6.199909e-03  -2.102620e-04  -3.034829e-04  +1.243957e-02  -8.505566e-06  +6.825784e-06  -4.100627e-01  -7.732158e-07  +1.310194e-05  -9.608067e-01  
+4.921197e-07  +7.226877e-07  +7.973005e-07  -4.012119e-06  -6.887018e-07  -4.225984e-08  +1.565828e-07  +2.693503e-06  +9.929416e-08  +6.326599e-07  -8.505566e-06  +6.318161e-07  +1.812578e-08  -1.534892e-04  +7.796758e-09  -7.750493e-08  -8.034997e-05  
+9.412106e-08  -3.398486e-08  +1.404895e-06  +6.115612e-06  -1.133452e-06  -1.287215e-07  +6.942353e-07  +4.437005e-06  -4.514805e-07  +2.810684e-06  +6.825784e-06  +1.812578e-08  +6.151449e-07  +7.002751e-04  -3.381740e-08  +2.255242e-08  +2.827507e-04  
-3.627389e-04  +3.995540e-03  -1.482893e-02  -2.234329e-02  +4.941627e-02  -6.032708e-03  -8.900718e-03  -3.430656e-01  -2.099416e-03  +9.284239e-02  -4.100627e-01  -1.534892e-04  +7.002751e-04  +3.489739e+01  -1.819768e-04  -7.656317e-04  +3.418205e+01  
+1.042000e-07  +9.842826e-08  +3.730553e-07  -1.832772e-06  -1.671497e-06  -1.048837e-07  +5.018491e-07  +5.821556e-06  +9.608418e-08  -6.570431e-07  -7.732158e-07  +7.796758e-09  -3.381740e-08  -1.819768e-04  +2.979403e-07  -2.059329e-08  +2.263812e-04  
+2.612734e-07  -1.252828e-07  +6.352167e-07  +3.221720e-06  +1.553848e-06  +2.315405e-07  -1.949607e-07  +6.945754e-06  +7.660027e-10  -1.786171e-06  +1.310194e-05  -7.750493e-08  +2.255242e-08  -7.656317e-04  -2.059329e-08  +4.479298e-07  -1.304474e-03  
-5.496332e-03  +5.532859e-03  +1.415068e-02  -2.449733e-01  +6.658474e-02  -1.801898e-02  -2.382812e-02  -4.229079e-01  +1.764843e-02  +2.856244e-03  -9.608067e-01  -8.034997e-05  +2.827507e-04  +3.418205e+01  +2.263812e-04  -1.304474e-03  +1.007293e+02  
