mean:
+3.982466e+00  +3.940426e+00  +6.524897e-01  -1.120196e+00  +1.644797e+00  +4.968292e-01  +9.119558e-01  +2.084684e+00  +1.500086e-01  +1.950658e+00  +4.851182e+00  +1.839924e+00  +2.983483e+00  +8.048262e+02  +4.959813e+00  +4.479993e+00  +2.004681e+03  
covariance:
+3.058543e-06  +1.805287e-07  +2.523475e-06  +2.226565e-07  +8.386763e-06  -3.041823e-06  +7.697250e-07  -1.257997e-07  +1.443627e-06  -5.764819e-06  -7.166879e-05  +2.144776e-08  +5.043745e-08  +4.981115e-05  -1.854034e-08  +3.223477e-08  +2.387984e-03  
+1.805287e-07  +3.283530e-06  -1.818610e-06  -2.574195e-06  -1.589351e-05  +3.883642e-06  -1.143389e-07  +2.671495e-06  -1.360393e-06  +4.855359e-06  +7.816757e-05  -5.615964e-08  +8.992149e-08  +3.174296e-04  +6.482444e-08  -2.930868e-08  -3.956311e-03  
+2.523475e-06  -1.818610e-06  +2.236384e-05  -2.002299e-05  +3.651381e-05  -8.144970e-06  -8.402323e-07  -4.225426e-06  +2.032000e-06  +6.504027e-07  -1.851511e-04  +2.810876e-08  +1.393737e-07  +5.512811e-04  -2.350417e-07  +1.486588e-07  +1.195873e-02  
+2.226565e-07  -2.574195e-06  -2.002299e-05  +1.274286e-04  -8.425850e-05  -5.452769e-06  +1.193596e-05  +7.620730e-05  +7.465088e-06  -5.966089e-05  -8.486982e-05  +1.064782e-06  -1.457533e-06  -3.046323e-04  -4.505049e-08  -2.001528e-07  -1.445706e-02  
+8.386763e-06  -1.589351e-05  +3.651381e-05  -8.425850e-05  +6.062118e-04  -5.340219e-05  -2.177862e-05  -1.665212e-04  +1.668802e-05  -1.082250e-05  -1.060587e-03  -9.238815e-07  +2.051397e-06  -9.082507e-03  -2.486906e-07  +1.223257e-07  +9.427951e-02  
-3.041823e-06  +3.883642e-06  -8.144970e-06  -5.452769e-06  -5.340219e-05  +1.816084e-05  +9.879460e-07  -6.155291e-08  -8.750219e-06  +3.775803e-05  +3.275870e-04  -1.936038e-07  -1.145611e-07  +2.177223e-03  +1.654272e-07  -1.629042e-07  -1.104064e-02  
+7.697250e-07  -1.143389e-07  -8.402323e-07  +1.193596e-05  -2.177862e-05  +9.879460e-07  +1.610907e-05  +6.407579e-06  -1.996593e-07  -1.080232e-05  -3.091341e-05  +7.903852e-08  -5.389337e-07  +1.251928e-03  -1.153821e-07  -1.948163e-07  -3.781428e-03  
-1.257997e-07  +2.671495e-06  -4.225426e-06  +7.620730e-05  -1.665212e-04  -6.155291e-08  +6.407579e-06  +1.886803e-04  +1.164242e-05  -9.921015e-05  +3.744548e-05  +2.146411e-06  -6.395840e-07  +1.533536e-03  +4.795795e-07  -2.905713e-08  -3.655221e-02  
+1.443627e-06  -1.360393e-06  +2.032000e-06  +7.465088e-06  +1.668802e-05  -8.750219e-06  -1.996593e-07  +1.164242e-05  +6.338948e-06  -3.236842e-05  -1.614581e-04  +2.095592e-07  -1.780115e-09  -8.620778e-04  -2.146110e-08  +9.077260e-08  +1.331135e-03  
-5.764819e-06  +4.855359e-06  +6.504027e-07  -5.966089e-05  -1.082250e-05  +3.775803e-05  -1.080232e-05  -9.921015e-05  -3.236842e-05  +1.978817e-04  +6.812663e-04  -1.297730e-06  +2.710664e-07  +4.113832e-03  -1.286222e-07  -2.126167e-07  +1.233353e-02  
-7.166879e-05  +7.816757e-05  -1.851511e-04  -8.486982e-05  -1.060587e-03  +3.275870e-04  -3.091341e-05  +3.744548e-05  -1.614581e-04  +6.812663e-04  +6.780355e-03  -3.743475e-06  +1.086796e-06  +1.590463e-02  +4.860117e-06  -2.749054e-06  -2.267809e-01  
+2.144776e-08  -5.615964e-08  +2.810876e-08  +1.064782e-06  -9.238815e-07  -1.936038e-07  +7.903852e-08  +2.146411e-06  +2.095592e-07  -1.297730e-06  -3.743475e-06  +2.345128e-07  -2.888348e-08  +4.066257e-05  +3.852889e-09  +1.344293e-08  -2.124445e-04  
+5.043745e-08  +8.992149e-08  +1.393737e-07  -1.457533e-06  +2.051397e-06  -1.145611e-07  -5.389337e-07  -6.395840e-07  -1.780115e-09  +2.710664e-07  +1.086796e-06  -2.888348e-08  +2.296469e-07  -1.184154e-04  +1.098435e-08  +7.717428e-09  +2.518716e-04  
+4.981115e-05  +3.174296e-04  +5.512811e-04  -3.046323e-04  -9.082507e-03  +2.177223e-03  +1.251928e-03  +1.533536e-03  -8.620778e-04  +4.113832e-03  +1.590463e-02  +4.066257e-05  -1.184154e-04  +1.867997e+00  -4.041079e-05  -5.188683e-05  -6.590400e-01  
-1.854034e-08  +6.482444e-08  -2.350417e-07  -4.505049e-08  -2.486906e-07  +1.654272e-07  -1.153821e-07  +4.795795e-07  -2.146110e-08  -1.286222e-07  +4.860117e-06  +3.852889e-09  +1.098435e-08  -4.041079e-05  +1.162575e-07  -2.336708e-09  -2.784770e-04  
+3.223477e-08  -2.930868e-08  +1.486588e-07  -2.001528e-07  +1.223257e-07  -1.629042e-07  -1.948163e-07  -2.905713e-08  +9.077260e-08  -2.126167e-07  -2.749054e-06  +1.344293e-08  +7.717428e-09  -5.188683e-05  -2.336708e-09  +9.219143e-08  -6.494817e-05  
+2.387984e-03  -3.956311e-03  +1.195873e-02  -1.445706e-02  +9.427951e-02  -1.104064e-02  -3.781428e-03  -3.655221e-02  +1.331135e-03  +1.233353e-02  -2.267809e-01  -2.124445e-04  +2.518716e-04  -6.590400e-01  -2.784770e-04  -6.494817e-05  +2.511860e+01  
