mean:
+3.984373e+00  +3.941439e+00  +6.504486e-01  -1.173557e+00  +1.670097e+00  +4.883695e-01  +9.275076e-01  +2.035000e+00  +1.462137e-01  +1.974877e+00  +4.877153e+00  +1.840462e+00  +2.983566e+00  +8.209311e+02  +4.959633e+00  +4.479848e+00  +2.026851e+03  
covariance:
+7.824675e-06  +2.118297e-06  +4.048252e-06  +3.112714e-06  +4.932294e-06  -7.309362e-06  +1.045373e-05  -1.150582e-05  -1.449555e-06  +1.251681e-05  -5.617003e-05  +4.837316e-07  -3.433035e-07  +7.458356e-03  +1.515864e-08  -2.024096e-07  +1.959628e-02  
+2.118297e-06  +6.608598e-06  +4.438198e-07  +5.619881e-06  +6.094546e-06  +1.363149e-06  +3.117120e-06  -1.397648e-05  +8.041857e-07  -2.971866e-06  +9.785645e-06  +9.630187e-08  -3.298424e-07  +3.912632e-04  +6.948174e-08  +8.748755e-08  -3.047582e-03  
+4.048252e-06  +4.438198e-07  +5.289398e-05  +1.180262e-05  +5.137660e-06  -1.580641e-05  +4.323148e-05  -1.581052e-04  -3.132375e-06  +1.303509e-05  -1.620391e-04  +4.484398e-07  -6.865115e-07  +2.385177e-02  +1.146269e-07  +1.843029e-07  +3.504581e-02  
+3.112714e-06  +5.619881e-06  +1.180262e-05  +2.350114e-04  -3.707351e-05  +2.012196e-05  -1.225080e-05  +2.828135e-05  +2.726773e-06  -2.813358e-05  +1.215714e-04  -5.201250e-06  +7.781855e-07  -1.190318e-02  +4.616612e-07  +2.295129e-06  -7.939755e-02  
+4.932294e-06  +6.094546e-06  +5.137660e-06  -3.707351e-05  +1.261168e-04  +1.172746e-05  +3.676060e-05  -8.762275e-05  +6.703877e-06  -6.711234e-05  -2.894623e-05  +3.959564e-06  -2.935096e-06  +1.232875e-02  -3.431332e-07  -1.102459e-06  +2.483695e-03  
-7.309362e-06  +1.363149e-06  -1.580641e-05  +2.012196e-05  +1.172746e-05  +6.548155e-05  -5.477349e-05  -1.723141e-07  +1.198007e-05  -1.060429e-04  +3.415172e-04  -2.264365e-06  -8.034556e-07  -4.692044e-02  +6.810456e-07  +1.093658e-06  -1.443868e-01  
+1.045373e-05  +3.117120e-06  +4.323148e-05  -1.225080e-05  +3.676060e-05  -5.477349e-05  +1.311276e-04  -2.647821e-04  -1.449397e-05  +6.565385e-05  -3.704959e-04  +2.870985e-06  -5.256648e-07  +6.868628e-02  -7.009580e-07  -1.401272e-06  +1.524630e-01  
-1.150582e-05  -1.397648e-05  -1.581052e-04  +2.828135e-05  -8.762275e-05  -1.723141e-07  -2.647821e-04  +1.693416e-03  +1.718443e-05  +6.518969e-05  +2.329426e-04  -4.630506e-06  +4.139914e-06  -8.189705e-02  -1.612375e-06  -6.036767e-07  -1.416077e-01  
-1.449555e-06  +8.041857e-07  -3.132375e-06  +2.726773e-06  +6.703877e-06  +1.198007e-05  -1.449397e-05  +1.718443e-05  +5.066134e-06  -3.075218e-05  +5.451883e-05  -1.253904e-07  -3.256121e-07  -1.017729e-02  +1.077651e-07  +2.825880e-07  -2.730939e-02  
+1.251681e-05  -2.971866e-06  +1.303509e-05  -2.813358e-05  -6.711234e-05  -1.060429e-04  +6.565385e-05  +6.518969e-05  -3.075218e-05  +2.977170e-04  -5.998617e-04  +2.705108e-06  +2.014725e-06  +7.102139e-02  -2.867054e-07  -2.229257e-06  +2.385934e-01  
-5.617003e-05  +9.785645e-06  -1.620391e-04  +1.215714e-04  -2.894623e-05  +3.415172e-04  -3.704959e-04  +2.329426e-04  +5.451883e-05  -5.998617e-04  +2.882355e-03  -2.138955e-05  +3.277735e-06  -2.916165e-01  +1.958552e-06  +6.417112e-06  -9.487542e-01  
+4.837316e-07  +9.630187e-08  +4.484398e-07  -5.201250e-06  +3.959564e-06  -2.264365e-06  +2.870985e-06  -4.630506e-06  -1.253904e-07  +2.705108e-06  -2.138955e-05  +9.233904e-07  -1.185141e-07  +1.820619e-03  +2.882190e-08  +3.049635e-08  +6.897554e-03  
-3.433035e-07  -3.298424e-07  -6.865115e-07  +7.781855e-07  -2.935096e-06  -8.034556e-07  -5.256648e-07  +4.139914e-06  -3.256121e-07  +2.014725e-06  +3.277735e-06  -1.185141e-07  +7.726110e-07  -3.796003e-04  +4.236529e-08  +1.402458e-07  -3.300806e-04  
+7.458356e-03  +3.912632e-04  +2.385177e-02  -1.190318e-02  +1.232875e-02  -4.692044e-02  +6.868628e-02  -8.189705e-02  -1.017729e-02  +7.102139e-02  -2.916165e-01  +1.820619e-03  -3.796003e-04  +4.805047e+01  -5.932881e-04  -1.226661e-03  +1.180067e+02  
+1.515864e-08  +6.948174e-08  +1.146269e-07  +4.616612e-07  -3.431332e-07  +6.810456e-07  -7.009580e-07  -1.612375e-06  +1.077651e-07  -2.867054e-07  +1.958552e-06  +2.882190e-08  +4.236529e-08  -5.932881e-04  +3.147139e-07  -3.660937e-08  -1.640852e-03  
-2.024096e-07  +8.748755e-08  +1.843029e-07  +2.295129e-06  -1.102459e-06  +1.093658e-06  -1.401272e-06  -6.036767e-07  +2.825880e-07  -2.229257e-06  +6.417112e-06  +3.049635e-08  +1.402458e-07  -1.226661e-03  -3.660937e-08  +6.664202e-07  -4.029333e-03  
+1.959628e-02  -3.047582e-03  +3.504581e-02  -7.939755e-02  +2.483695e-03  -1.443868e-01  +1.524630e-01  -1.416077e-01  -2.730939e-02  +2.385934e-01  -9.487542e-01  +6.897554e-03  -3.300806e-04  +1.180067e+02  -1.640852e-03  -4.029333e-03  +4.065926e+02  
