mean:
+3.981168e+00  +3.953908e+00  +8.528619e-01  +1.298642e+00  +1.402757e+00  +3.974118e-01  +8.200668e-01  +1.357237e+00  +1.713819e-01  +1.903686e+00  +5.883503e+00  +3.591208e+00  +2.698252e+00  +2.046047e+02  +4.328235e+00  +5.293798e+00  +2.837976e+02  +5.452615e+00  +3.757454e+00  +3.255791e+02  +2.640372e+00  +4.559146e+00  +3.959667e+02  
covariance:
+1.403597e-06  +4.600065e-08  +6.722848e-07  -1.015704e-06  -1.288038e-07  -4.019056e-07  +7.928958e-06  -9.649680e-06  -5.161011e-06  +4.032461e-05  -4.477339e-05  +1.159649e-07  -4.466190e-07  +1.147520e-05  -2.460501e-07  +4.638052e-07  +2.686200e-03  +2.416020e-07  -3.115154e-08  +2.304531e-03  -4.392899e-08  -3.051489e-08  +2.396150e-03  
+4.600065e-08  +9.860055e-07  -3.868905e-07  -3.194902e-07  -4.549967e-08  +9.768018e-08  -1.101625e-06  +1.993671e-06  +7.613972e-07  -5.822405e-06  +6.652771e-06  -1.246908e-07  -4.660005e-08  +6.417285e-05  -5.780930e-08  -7.574475e-08  -3.856065e-04  +1.249933e-08  +2.383702e-08  -2.786306e-04  +7.391509e-08  +1.749112e-08  -3.069391e-04  
+6.722848e-07  -3.868905e-07  +1.012711e-05  +3.961014e-06  +1.361976e-06  -1.404385e-06  +5.405430e-06  -1.312594e-05  -6.742289e-06  +5.331221e-05  -3.939099e-05  +1.309143e-06  +3.167076e-07  -3.369074e-04  +7.772994e-07  -8.232243e-07  +1.462843e-03  +3.712727e-07  +7.350898e-07  +8.317256e-04  -3.777271e-07  +2.634468e-08  +3.341657e-03  
-1.015704e-06  -3.194902e-07  +3.961014e-06  +5.939543e-05  +3.693502e-06  +2.562271e-06  -1.682415e-05  +1.332151e-06  +8.654557e-06  -7.338719e-05  +1.059774e-04  +1.857695e-06  +7.744155e-07  +1.130945e-03  -1.645386e-07  -3.283492e-06  -1.120469e-02  -5.482932e-07  +3.155802e-06  -6.755198e-03  +8.858543e-07  -5.380365e-07  -3.753545e-03  
-1.288038e-07  -4.549967e-08  +1.361976e-06  +3.693502e-06  +6.589737e-06  +1.737225e-07  -1.646061e-06  +5.324490e-06  +6.266437e-07  -8.005938e-06  +1.743698e-05  +1.318534e-07  +1.875831e-07  -1.809421e-04  -3.636453e-08  -8.596833e-07  -4.836158e-04  -4.772517e-07  +7.784087e-07  -2.180462e-03  +7.415245e-07  -1.203456e-07  -8.999652e-04  
-4.019056e-07  +9.768018e-08  -1.404385e-06  +2.562271e-06  +1.737225e-07  +2.263234e-06  -5.296078e-06  +2.264461e-06  +3.445230e-06  -2.996581e-05  +3.957682e-05  +1.007280e-07  +4.780224e-07  -1.926147e-04  -9.372881e-08  -3.545494e-07  -3.425330e-03  +1.006106e-07  -4.430873e-07  -1.609753e-03  +3.327740e-07  +3.345825e-07  -1.520439e-03  
+7.928958e-06  -1.101625e-06  +5.405430e-06  -1.682415e-05  -1.646061e-06  -5.296078e-06  +1.024434e-04  -1.148431e-04  -6.113352e-05  +4.882828e-04  -5.472610e-04  +8.701704e-07  -6.234513e-06  +1.324344e-03  -3.646544e-06  +6.920853e-06  +3.348698e-02  +3.012606e-06  -1.696463e-06  +2.965247e-02  -4.263401e-07  -5.048918e-07  +2.848557e-02  
-9.649680e-06  +1.993671e-06  -1.312594e-05  +1.332151e-06  +5.324490e-06  +2.264461e-06  -1.148431e-04  +2.255665e-04  +7.381395e-05  -5.980172e-04  +6.639318e-04  -5.646454e-06  +5.334714e-06  -3.134082e-03  +3.898890e-06  -8.728328e-06  -2.957712e-02  -5.269236e-06  +5.577369e-06  -3.789303e-02  +2.338044e-06  -2.117958e-06  -3.694713e-02  
-5.161011e-06  +7.613972e-07  -6.742289e-06  +8.654557e-06  +6.266437e-07  +3.445230e-06  -6.113352e-05  +7.381395e-05  +3.943762e-05  -3.128685e-04  +3.379603e-04  -1.081424e-06  +3.335123e-06  -1.181470e-04  +1.821342e-06  -3.702404e-06  -2.062170e-02  -1.973015e-06  +7.577247e-07  -1.739170e-02  +4.998527e-07  +2.722792e-07  -1.825579e-02  
+4.032461e-05  -5.822405e-06  +5.331221e-05  -7.338719e-05  -8.005938e-06  -2.996581e-05  +4.882828e-04  -5.980172e-04  -3.128685e-04  +2.537012e-03  -2.818249e-03  +9.451877e-06  -2.706964e-05  +1.383532e-03  -1.307023e-05  +3.216079e-05  +1.704966e-01  +1.588779e-05  -7.039327e-06  +1.460305e-01  -6.137068e-06  -2.060443e-06  +1.506698e-01  
-4.477339e-05  +6.652771e-06  -3.939099e-05  +1.059774e-04  +1.743698e-05  +3.957682e-05  -5.472610e-04  +6.639318e-04  +3.379603e-04  -2.818249e-03  +3.424894e-03  -8.447121e-06  +3.410182e-05  -7.298254e-03  +1.204394e-05  -4.407170e-05  -2.023770e-01  -1.712977e-05  +1.056414e-05  -1.839944e-01  +1.087225e-05  +2.231403e-06  -1.740895e-01  
+1.159649e-07  -1.246908e-07  +1.309143e-06  +1.857695e-06  +1.318534e-07  +1.007280e-07  +8.701704e-07  -5.646454e-06  -1.081424e-06  +9.451877e-06  -8.447121e-06  +7.586836e-07  +1.207434e-07  +2.404932e-04  +1.448070e-07  +1.840043e-07  -4.543724e-04  +1.230853e-07  -2.765607e-07  +2.808098e-04  -2.948646e-07  +2.601019e-07  +6.891574e-04  
-4.466190e-07  -4.660005e-08  +3.167076e-07  +7.744155e-07  +1.875831e-07  +4.780224e-07  -6.234513e-06  +5.334714e-06  +3.335123e-06  -2.706964e-05  +3.410182e-05  +1.207434e-07  +1.073398e-06  -5.183052e-04  +2.737776e-07  -5.408837e-07  -2.031354e-03  -2.811793e-07  +2.284618e-10  -2.112394e-03  -6.377839e-08  +1.031446e-07  -1.642003e-03  
+1.147520e-05  +6.417285e-05  -3.369074e-04  +1.130945e-03  -1.809421e-04  -1.926147e-04  +1.324344e-03  -3.134082e-03  -1.181470e-04  +1.383532e-03  -7.298254e-03  +2.404932e-04  -5.183052e-04  +1.374612e+00  -8.896196e-05  +4.761291e-04  -8.303396e-01  +1.168485e-04  -1.536263e-04  +9.890453e-01  -6.172144e-05  +2.412246e-04  +2.436223e-01  
-2.460501e-07  -5.780930e-08  +7.772994e-07  -1.645386e-07  -3.636453e-08  -9.372881e-08  -3.646544e-06  +3.898890e-06  +1.821342e-06  -1.307023e-05  +1.204394e-05  +1.448070e-07  +2.737776e-07  -8.896196e-05  +8.401909e-07  -3.266054e-07  -9.643708e-04  +1.924579e-08  +1.217167e-07  -9.230818e-04  -1.008516e-07  +1.461324e-07  -6.668742e-04  
+4.638052e-07  -7.574475e-08  -8.232243e-07  -3.283492e-06  -8.596833e-07  -3.545494e-07  +6.920853e-06  -8.728328e-06  -3.702404e-06  +3.216079e-05  -4.407170e-05  +1.840043e-07  -5.408837e-07  +4.761291e-04  -3.266054e-07  +1.474582e-06  +2.568408e-03  +1.733845e-07  -6.888589e-07  +2.997169e-03  -3.004226e-07  +6.592560e-08  +2.137780e-03  
+2.686200e-03  -3.856065e-04  +1.462843e-03  -1.120469e-02  -4.836158e-04  -3.425330e-03  +3.348698e-02  -2.957712e-02  -2.062170e-02  +1.704966e-01  -2.023770e-01  -4.543724e-04  -2.031354e-03  -8.303396e-01  -9.643708e-04  +2.568408e-03  +1.597021e+01  +5.811671e-04  -7.381763e-05  +1.009134e+01  -2.799478e-04  -8.797351e-04  +9.639719e+00  
+2.416020e-07  +1.249933e-08  +3.712727e-07  -5.482932e-07  -4.772517e-07  +1.006106e-07  +3.012606e-06  -5.269236e-06  -1.973015e-06  +1.588779e-05  -1.712977e-05  +1.230853e-07  -2.811793e-07  +1.168485e-04  +1.924579e-08  +1.733845e-07  +5.811671e-04  +4.819931e-07  -1.562462e-07  +1.101707e-03  -6.422693e-08  +1.562066e-07  +1.090133e-03  
-3.115154e-08  +2.383702e-08  +7.350898e-07  +3.155802e-06  +7.784087e-07  -4.430873e-07  -1.696463e-06  +5.577369e-06  +7.577247e-07  -7.039327e-06  +1.056414e-05  -2.765607e-07  +2.284618e-10  -1.536263e-04  +1.217167e-07  -6.888589e-07  -7.381763e-05  -1.562462e-07  +1.075519e-06  -1.138131e-03  +2.828826e-07  -2.197310e-07  -6.189366e-04  
+2.304531e-03  -2.786306e-04  +8.317256e-04  -6.755198e-03  -2.180462e-03  -1.609753e-03  +2.965247e-02  -3.789303e-02  -1.739170e-02  +1.460305e-01  -1.839944e-01  +2.808098e-04  -2.112394e-03  +9.890453e-01  -9.230818e-04  +2.997169e-03  +1.009134e+01  +1.101707e-03  -1.138131e-03  +1.210270e+01  -5.585677e-04  -5.387749e-05  +9.882023e+00  
-4.392899e-08  +7.391509e-08  -3.777271e-07  +8.858543e-07  +7.415245e-07  +3.327740e-07  -4.263401e-07  +2.338044e-06  +4.998527e-07  -6.137068e-06  +1.087225e-05  -2.948646e-07  -6.377839e-08  -6.172144e-05  -1.008516e-07  -3.004226e-07  -2.799478e-04  -6.422693e-08  +2.828826e-07  -5.585677e-04  +6.098797e-07  -7.635375e-08  -4.963485e-04  
-3.051489e-08  +1.749112e-08  +2.634468e-08  -5.380365e-07  -1.203456e-07  +3.345825e-07  -5.048918e-07  -2.117958e-06  +2.722792e-07  -2.060443e-06  +2.231403e-06  +2.601019e-07  +1.031446e-07  +2.412246e-04  +1.461324e-07  +6.592560e-08  -8.797351e-04  +1.562066e-07  -2.197310e-07  -5.387749e-05  -7.635375e-08  +5.350033e-07  -3.370902e-05  
+2.396150e-03  -3.069391e-04  +3.341657e-03  -3.753545e-03  -8.999652e-04  -1.520439e-03  +2.848557e-02  -3.694713e-02  -1.825579e-02  +1.506698e-01  -1.740895e-01  +6.891574e-04  -1.642003e-03  +2.436223e-01  -6.668742e-04  +2.137780e-03  +9.639719e+00  +1.090133e-03  -6.189366e-04  +9.882023e+00  -4.963485e-04  -3.370902e-05  +9.966525e+00  
