mean:
+3.916200e+00  +3.902451e+00  +6.369108e-01  -1.137707e+00  +1.725403e+00  +5.980586e-01  +9.063597e-01  +2.059772e+00  +1.511963e-01  +1.912730e+00  +4.812277e+00  +1.905530e+00  +3.007581e+00  +8.066485e+02  +4.960062e+00  +4.479524e+00  +2.015564e+03  
covariance:
+1.232025e-05  -2.259742e-06  -3.257753e-06  +1.629084e-05  +9.695121e-07  -9.344502e-07  -2.831378e-06  -7.728571e-06  +1.537855e-06  -4.790972e-06  -4.146213e-05  -3.699676e-07  -3.431916e-08  +3.879533e-04  +2.700723e-08  +1.459150e-07  +2.599168e-03  
-2.259742e-06  +2.625127e-06  -5.460584e-06  +2.179552e-06  +2.197503e-05  -2.292832e-06  -4.607281e-06  -7.850893e-06  +3.192860e-06  -1.227577e-05  -1.063564e-04  +2.056580e-07  -9.248159e-09  +1.152525e-03  -8.594143e-08  -1.505992e-07  +5.015490e-03  
-3.257753e-06  -5.460584e-06  +3.703266e-05  -2.675343e-05  -8.238560e-05  +1.206430e-05  +2.429931e-05  +5.116483e-05  -1.562824e-05  +5.511931e-05  +5.090948e-04  -4.702006e-07  -6.965652e-08  -4.519574e-03  +3.576054e-08  +3.230497e-07  -2.428483e-02  
+1.629084e-05  +2.179552e-06  -2.675343e-05  +1.628213e-04  +9.853443e-05  -9.543021e-06  -1.268981e-05  -1.988154e-05  +1.179735e-05  -3.994625e-05  -4.308843e-04  +1.082396e-06  +1.091722e-06  +5.433056e-03  +3.658623e-08  +3.346395e-07  +2.217359e-02  
+9.695121e-07  +2.197503e-05  -8.238560e-05  +9.853443e-05  +7.661759e-04  -2.597862e-05  -4.232280e-05  -1.900683e-04  +6.447574e-05  -2.829755e-04  -1.942274e-03  +4.832106e-06  -3.932709e-07  +3.093620e-02  -1.021854e-06  -1.049587e-06  +1.068997e-01  
-9.344502e-07  -2.292832e-06  +1.206430e-05  -9.543021e-06  -2.597862e-05  +6.390150e-06  +1.101221e-05  +2.462821e-05  -6.974926e-06  +2.544690e-05  +2.089748e-04  -1.904245e-07  +1.060729e-07  -1.805337e-03  +9.313966e-08  +1.057139e-07  -1.077159e-02  
-2.831378e-06  -4.607281e-06  +2.429931e-05  -1.268981e-05  -4.232280e-05  +1.101221e-05  +2.956096e-05  +3.236953e-05  -1.526038e-05  +5.260936e-05  +4.317861e-04  -3.106670e-07  +2.623518e-07  -3.743707e-03  +3.709345e-08  +3.673720e-07  -2.069539e-02  
-7.728571e-06  -7.850893e-06  +5.116483e-05  -1.988154e-05  -1.900683e-04  +2.462821e-05  +3.236953e-05  +2.246705e-04  -2.801687e-05  +1.150860e-04  +8.760763e-04  +4.639767e-07  +7.879896e-07  -1.081650e-02  +9.499377e-07  -1.299687e-07  -4.710353e-02  
+1.537855e-06  +3.192860e-06  -1.562824e-05  +1.179735e-05  +6.447574e-05  -6.974926e-06  -1.526038e-05  -2.801687e-05  +1.140113e-05  -4.330811e-05  -3.208678e-04  +3.749607e-07  -2.370253e-07  +3.757409e-03  -1.425286e-07  -2.424009e-07  +1.674167e-02  
-4.790972e-06  -1.227577e-05  +5.511931e-05  -3.994625e-05  -2.829755e-04  +2.544690e-05  +5.260936e-05  +1.150860e-04  -4.330811e-05  +1.764674e-04  +1.215853e-03  -1.407203e-06  +1.038300e-06  -1.554864e-02  +6.562870e-07  +8.079676e-07  -6.556979e-02  
-4.146213e-05  -1.063564e-04  +5.090948e-04  -4.308843e-04  -1.942274e-03  +2.089748e-04  +4.317861e-04  +8.760763e-04  -3.208678e-04  +1.215853e-03  +9.790481e-03  -1.177564e-05  +4.192356e-06  -1.104122e-01  +5.286422e-06  +8.367773e-06  -4.920336e-01  
-3.699676e-07  +2.056580e-07  -4.702006e-07  +1.082396e-06  +4.832106e-06  -1.904245e-07  -3.106670e-07  +4.639767e-07  +3.749607e-07  -1.407203e-06  -1.177564e-05  +2.510581e-07  -1.279075e-09  +1.047757e-04  +2.970459e-09  +1.213236e-08  +7.421033e-04  
-3.431916e-08  -9.248159e-09  -6.965652e-08  +1.091722e-06  -3.932709e-07  +1.060729e-07  +2.623518e-07  +7.879896e-07  -2.370253e-07  +1.038300e-06  +4.192356e-06  -1.279075e-09  +2.151359e-07  -1.101029e-04  +1.940418e-08  +3.226148e-08  -5.001331e-04  
+3.879533e-04  +1.152525e-03  -4.519574e-03  +5.433056e-03  +3.093620e-02  -1.805337e-03  -3.743707e-03  -1.081650e-02  +3.757409e-03  -1.554864e-02  -1.104122e-01  +1.047757e-04  -1.101029e-04  +2.066728e+00  -6.301531e-05  -9.335829e-05  +5.665017e+00  
+2.700723e-08  -8.594143e-08  +3.576054e-08  +3.658623e-08  -1.021854e-06  +9.313966e-08  +3.709345e-08  +9.499377e-07  -1.425286e-07  +6.562870e-07  +5.286422e-06  +2.970459e-09  +1.940418e-08  -6.301531e-05  +1.082658e-07  +1.863739e-08  -3.094090e-04  
+1.459150e-07  -1.505992e-07  +3.230497e-07  +3.346395e-07  -1.049587e-06  +1.057139e-07  +3.673720e-07  -1.299687e-07  -2.424009e-07  +8.079676e-07  +8.367773e-06  +1.213236e-08  +3.226148e-08  -9.335829e-05  +1.863739e-08  +1.550924e-07  -3.371625e-04  
+2.599168e-03  +5.015490e-03  -2.428483e-02  +2.217359e-02  +1.068997e-01  -1.077159e-02  -2.069539e-02  -4.710353e-02  +1.674167e-02  -6.556979e-02  -4.920336e-01  +7.421033e-04  -5.001331e-04  +5.665017e+00  -3.094090e-04  -3.371625e-04  +2.863034e+01  
