mean:
+3.941369e+00  +3.935299e+00  +8.058058e-01  +1.209961e+00  +1.420292e+00  +4.962567e-01  +8.104062e-01  +1.374233e+00  +1.692375e-01  +1.815183e+00  +6.025423e+00  +3.547157e+00  +2.641269e+00  +1.994646e+02  +4.275726e+00  +5.295178e+00  +2.776486e+02  +5.395531e+00  +3.766173e+00  +3.254565e+02  +2.640298e+00  +4.559789e+00  +3.914544e+02  
covariance:
+7.698791e-05  -8.348686e-06  -5.114580e-05  -1.485374e-04  -1.023504e-05  -3.025643e-06  +2.341111e-05  -4.997481e-05  +1.272554e-05  +3.446630e-05  +2.444592e-05  -5.914360e-06  -6.113272e-05  -5.277160e-03  -1.016472e-04  +8.113874e-07  +5.669016e-03  -3.070028e-05  -6.714899e-05  +3.651489e-03  -3.749523e-06  +1.167704e-06  +8.742809e-04  
-8.348686e-06  +2.012022e-05  +8.752961e-06  +6.903294e-05  +6.179186e-06  -1.391007e-06  -1.005998e-05  +9.273794e-06  +3.318311e-06  -1.893752e-05  -8.381271e-06  +3.446192e-06  +1.812485e-05  +9.286764e-04  +3.262570e-05  -2.043672e-07  -5.794576e-04  +9.353058e-06  +2.164155e-05  +2.349179e-03  +7.381256e-07  -1.358304e-06  +5.016322e-04  
-5.114580e-05  +8.752961e-06  +7.663224e-05  +1.468970e-04  +2.850532e-05  +3.993290e-06  -3.055888e-05  -2.239684e-05  +2.354508e-06  -7.042945e-05  -4.236221e-05  +7.368682e-06  +8.934351e-05  +6.302884e-03  +1.457679e-04  -3.360050e-06  -1.098830e-02  +4.805539e-05  +9.443004e-05  +1.321672e-02  +6.270077e-06  -2.213867e-07  -8.825809e-04  
-1.485374e-04  +6.903294e-05  +1.468970e-04  +1.045917e-03  +2.159198e-04  -2.887138e-06  -1.073405e-04  +9.523178e-05  +1.768262e-05  -2.334269e-04  -1.302422e-04  +2.596780e-05  +2.365831e-04  +3.040126e-02  +4.229653e-04  -5.305712e-06  -4.419654e-02  +1.286283e-04  +2.769877e-04  -2.162013e-02  +1.457520e-05  +2.428033e-06  +5.025347e-03  
-1.023504e-05  +6.179186e-06  +2.850532e-05  +2.159198e-04  +1.847597e-04  +2.138252e-06  +4.772377e-06  -5.110443e-05  +6.684145e-06  -6.885662e-05  -3.277608e-05  -2.265582e-06  +5.632271e-05  +1.016347e-02  +9.124823e-05  -7.421032e-06  -1.843646e-02  +3.492639e-05  +5.801724e-05  +4.283666e-03  +4.818429e-06  +3.901518e-06  +2.591267e-03  
-3.025643e-06  -1.391007e-06  +3.993290e-06  -2.887138e-06  +2.138252e-06  +1.813673e-06  -2.671137e-06  -1.887916e-05  -5.337480e-07  -4.490100e-07  -2.320775e-06  +1.145081e-07  +6.173472e-06  +6.407030e-04  +7.870345e-06  -5.195658e-07  -7.318705e-04  +3.260698e-06  +5.326492e-06  +2.636573e-03  +4.414185e-07  +1.926119e-07  +7.683436e-04  
+2.341111e-05  -1.005998e-05  -3.055888e-05  -1.073405e-04  +4.772377e-06  -2.671137e-06  +4.306109e-05  +4.709814e-05  -6.875690e-06  +3.956617e-05  +2.677151e-05  -6.034663e-06  -5.269138e-05  -4.604307e-03  -8.896033e-05  +2.320581e-06  +5.821762e-03  -2.701979e-05  -5.854994e-05  -8.024688e-03  -2.992554e-06  -2.650819e-07  -2.687464e-03  
-4.997481e-05  +9.273794e-06  -2.239684e-05  +9.523178e-05  -5.110443e-05  -1.887916e-05  +4.709814e-05  +4.742684e-04  -2.407998e-05  +4.325695e-05  +1.454381e-05  +3.444561e-06  -7.727400e-05  -8.109924e-03  -9.711401e-05  +1.243638e-05  +1.722810e-02  -4.820285e-05  -6.448175e-05  -6.268864e-02  -4.302021e-06  -5.631231e-06  -1.182499e-02  
+1.272554e-05  +3.318311e-06  +2.354508e-06  +1.768262e-05  +6.684145e-06  -5.337480e-07  -6.875690e-06  -2.407998e-05  +8.979634e-06  -1.673798e-05  -1.011188e-05  +9.609100e-07  +8.695508e-06  +7.565269e-04  +1.533895e-05  -1.108652e-06  -1.987703e-03  +5.047820e-06  +9.945989e-06  +4.569933e-03  +6.791733e-07  +5.810628e-07  +3.517572e-04  
+3.446630e-05  -1.893752e-05  -7.042945e-05  -2.334269e-04  -6.885662e-05  -4.490100e-07  +3.956617e-05  +4.325695e-05  -1.673798e-05  +1.242580e-04  +6.349344e-05  -8.100825e-06  -1.080835e-04  -9.556260e-03  -1.817490e-04  +7.481525e-06  +1.802278e-02  -5.928933e-05  -1.191431e-04  -1.755254e-02  -7.198589e-06  -2.237786e-06  +2.696541e-03  
+2.444592e-05  -8.381271e-06  -4.236221e-05  -1.302422e-04  -3.277608e-05  -2.320775e-06  +2.677151e-05  +1.454381e-05  -1.011188e-05  +6.349344e-05  +9.704396e-05  -6.594140e-06  -6.025875e-05  -5.701104e-03  -1.028813e-04  +1.555773e-06  +8.758234e-03  -3.016990e-05  -6.684829e-05  -6.336810e-03  -4.283761e-06  -1.150038e-06  +1.032524e-03  
-5.914360e-06  +3.446192e-06  +7.368682e-06  +2.596780e-05  -2.265582e-06  +1.145081e-07  -6.034663e-06  +3.444561e-06  +9.609100e-07  -8.100825e-06  -6.594140e-06  +2.296120e-06  +9.956797e-06  +7.969874e-04  +1.730028e-05  +1.073494e-07  -4.122553e-04  +4.964227e-06  +1.158314e-05  +5.046835e-04  +7.399241e-07  -2.340621e-07  +2.532253e-04  
-6.113272e-05  +1.812485e-05  +8.934351e-05  +2.365831e-04  +5.632271e-05  +6.173472e-06  -5.269138e-05  -7.727400e-05  +8.695508e-06  -1.080835e-04  -6.025875e-05  +9.956797e-06  +1.319326e-04  +1.094620e-02  +2.126793e-04  -7.536153e-06  -1.752321e-02  +7.043882e-05  +1.401268e-04  +2.429362e-02  +8.933554e-06  +1.397252e-06  +1.172291e-03  
-5.277160e-03  +9.286764e-04  +6.302884e-03  +3.040126e-02  +1.016347e-02  +6.407030e-04  -4.604307e-03  -8.109924e-03  +7.565269e-04  -9.556260e-03  -5.701104e-03  +7.969874e-04  +1.094620e-02  +2.105083e+00  +1.792643e-02  -6.536831e-04  -2.341921e+00  +6.054683e-03  +1.185047e-02  +5.158243e-01  +8.155893e-04  +3.743680e-04  +7.381208e-01  
-1.016472e-04  +3.262570e-05  +1.457679e-04  +4.229653e-04  +9.124823e-05  +7.870345e-06  -8.896033e-05  -9.711401e-05  +1.533895e-05  -1.817490e-04  -1.028813e-04  +1.730028e-05  +2.126793e-04  +1.792643e-02  +3.499132e-04  -1.125820e-05  -2.893448e-02  +1.140298e-04  +2.296097e-04  +3.328486e-02  +1.417973e-05  +1.987023e-06  +1.285313e-03  
+8.113874e-07  -2.043672e-07  -3.360050e-06  -5.305712e-06  -7.421032e-06  -5.195658e-07  +2.320581e-06  +1.243638e-05  -1.108652e-06  +7.481525e-06  +1.555773e-06  +1.073494e-07  -7.536153e-06  -6.536831e-04  -1.125820e-05  +1.436196e-06  +1.504030e-03  -4.197145e-06  -7.600087e-06  -2.822600e-03  -4.909520e-07  -3.712006e-07  -9.419277e-05  
+5.669016e-03  -5.794576e-04  -1.098830e-02  -4.419654e-02  -1.843646e-02  -7.318705e-04  +5.821762e-03  +1.722810e-02  -1.987703e-03  +1.802278e-02  +8.758234e-03  -4.122553e-04  -1.752321e-02  -2.341921e+00  -2.893448e-02  +1.504030e-03  +4.775755e+00  -1.019878e-02  -1.893511e-02  -1.940078e+00  -1.051991e-03  -6.848098e-04  +1.165512e-01  
-3.070028e-05  +9.353058e-06  +4.805539e-05  +1.286283e-04  +3.492639e-05  +3.260698e-06  -2.701979e-05  -4.820285e-05  +5.047820e-06  -5.928933e-05  -3.016990e-05  +4.964227e-06  +7.043882e-05  +6.054683e-03  +1.140298e-04  -4.197145e-06  -1.019878e-02  +3.881168e-05  +7.480105e-05  +1.330886e-02  +4.638773e-06  +8.206124e-07  +7.326867e-04  
-6.714899e-05  +2.164155e-05  +9.443004e-05  +2.769877e-04  +5.801724e-05  +5.326492e-06  -5.854994e-05  -6.448175e-05  +9.945989e-06  -1.191431e-04  -6.684829e-05  +1.158314e-05  +1.401268e-04  +1.185047e-02  +2.296097e-04  -7.600087e-06  -1.893511e-02  +7.480105e-05  +1.517170e-04  +2.224548e-02  +9.307976e-06  +1.343395e-06  +7.218904e-04  
+3.651489e-03  +2.349179e-03  +1.321672e-02  -2.162013e-02  +4.283666e-03  +2.636573e-03  -8.024688e-03  -6.268864e-02  +4.569933e-03  -1.755254e-02  -6.336810e-03  +5.046835e-04  +2.429362e-02  +5.158243e-01  +3.328486e-02  -2.822600e-03  -1.940078e+00  +1.330886e-02  +2.224548e-02  +1.690652e+01  +1.642168e-03  +5.312721e-04  +5.253002e-01  
-3.749523e-06  +7.381256e-07  +6.270077e-06  +1.457520e-05  +4.818429e-06  +4.414185e-07  -2.992554e-06  -4.302021e-06  +6.791733e-07  -7.198589e-06  -4.283761e-06  +7.399241e-07  +8.933554e-06  +8.155893e-04  +1.417973e-05  -4.909520e-07  -1.051991e-03  +4.638773e-06  +9.307976e-06  +1.642168e-03  +1.019803e-06  +1.768247e-07  +2.446112e-04  
+1.167704e-06  -1.358304e-06  -2.213867e-07  +2.428033e-06  +3.901518e-06  +1.926119e-07  -2.650819e-07  -5.631231e-06  +5.810628e-07  -2.237786e-06  -1.150038e-06  -2.340621e-07  +1.397252e-06  +3.743680e-04  +1.987023e-06  -3.712006e-07  -6.848098e-04  +8.206124e-07  +1.343395e-06  +5.312721e-04  +1.768247e-07  +6.192123e-07  +1.043702e-04  
+8.742809e-04  +5.016322e-04  -8.825809e-04  +5.025347e-03  +2.591267e-03  +7.683436e-04  -2.687464e-03  -1.182499e-02  +3.517572e-04  +2.696541e-03  +1.032524e-03  +2.532253e-04  +1.172291e-03  +7.381208e-01  +1.285313e-03  -9.419277e-05  +1.165512e-01  +7.326867e-04  +7.218904e-04  +5.253002e-01  +2.446112e-04  +1.043702e-04  +2.243868e+00  
