mean:
+3.968280e+00  +3.992155e+00  +8.796136e-01  +1.389730e+00  +1.250983e+00  +4.078997e-01  +8.300826e-01  +1.279694e+00  +1.695523e-01  +2.018774e+00  +5.595129e+00  +3.611839e+00  +2.920335e+00  +2.090674e+02  +4.295222e+00  +5.128133e+00  +2.878175e+02  +5.236006e+00  +3.830540e+00  +3.279271e+02  +2.800567e+00  +4.479691e+00  +3.975204e+02  
covariance:
+3.937038e-06  +1.900910e-06  +1.846405e-05  +8.092678e-05  +5.397167e-06  +5.749694e-06  -1.154449e-05  -2.487663e-05  -9.974528e-06  +1.042048e-04  -2.725821e-04  +7.425969e-07  +6.551450e-07  +5.701059e-04  -7.477707e-07  +1.096610e-07  +5.712723e-03  +1.290613e-07  -4.456571e-08  +4.916542e-03  +3.776029e-07  +1.852393e-07  +5.582881e-03  
+1.900910e-06  +4.458478e-06  +1.282022e-05  +5.231286e-05  +2.856329e-06  +3.437023e-06  -5.224334e-06  -2.098558e-05  -8.072186e-06  +7.471137e-05  -1.774783e-04  +2.894440e-07  +4.717381e-07  +6.356072e-04  -7.199423e-07  -5.913592e-08  +3.851726e-03  +1.811010e-08  -3.450684e-08  +3.402085e-03  +2.003992e-07  +1.873433e-07  +3.802078e-03  
+1.846405e-05  +1.282022e-05  +1.359134e-04  +5.339445e-04  +3.723273e-05  +3.639674e-05  -6.914357e-05  -1.779747e-04  -7.310249e-05  +7.258185e-04  -1.762370e-03  +5.060825e-06  +5.053532e-06  +5.398543e-03  -5.668623e-06  -2.730838e-07  +3.924623e-02  +1.499830e-07  -8.414931e-07  +3.163103e-02  +2.709712e-06  +6.061422e-07  +3.765240e-02  
+8.092678e-05  +5.231286e-05  +5.339445e-04  +2.431481e-03  +1.673664e-04  +1.625957e-04  -3.639099e-04  -7.221036e-04  -2.827401e-04  +3.025225e-03  -7.834613e-03  +2.119853e-05  +2.249333e-05  +1.600774e-02  -2.182159e-05  +2.731117e-06  +1.678632e-01  +4.116701e-06  -1.642321e-06  +1.546676e-01  +1.016695e-05  +4.583745e-06  +1.590501e-01  
+5.397167e-06  +2.856329e-06  +3.723273e-05  +1.673664e-04  +2.778702e-05  +1.230523e-05  -2.945904e-05  -3.904447e-05  -1.640897e-05  +1.983966e-04  -5.290005e-04  +2.123812e-06  +1.892666e-06  +9.377531e-04  -1.428756e-06  +2.471150e-07  +1.108646e-02  -3.816762e-07  -4.082150e-07  +9.747395e-03  +9.814596e-07  -1.524032e-07  +1.075458e-02  
+5.749694e-06  +3.437023e-06  +3.639674e-05  +1.625957e-04  +1.230523e-05  +1.305821e-05  -2.640992e-05  -4.475482e-05  -1.763697e-05  +2.004939e-04  -5.487972e-04  +1.850670e-06  +1.287026e-06  +4.016271e-04  -1.525525e-06  +7.896196e-08  +1.117623e-02  +6.201568e-08  -1.804714e-07  +9.086836e-03  +8.225099e-07  +1.778535e-07  +1.102537e-02  
-1.154449e-05  -5.224334e-06  -6.914357e-05  -3.639099e-04  -2.945904e-05  -2.640992e-05  +1.096631e-04  +7.932312e-05  +1.929537e-05  -3.813138e-04  +1.178964e-03  -5.475797e-06  -2.431069e-06  +1.294543e-03  +3.460127e-06  -2.001054e-06  -2.261735e-02  +4.596010e-07  +7.430766e-07  -3.110232e-02  -1.238293e-06  -1.124674e-06  -2.493246e-02  
-2.487663e-05  -2.098558e-05  -1.779747e-04  -7.221036e-04  -3.904447e-05  -4.475482e-05  +7.932312e-05  +4.903260e-04  +1.245539e-04  -1.132318e-03  +2.476753e-03  +1.604920e-07  -7.853891e-06  -1.364096e-02  +1.221134e-05  -1.716649e-06  -6.034642e-02  -1.912058e-06  +6.575728e-07  -6.765646e-02  -3.508180e-06  -1.390764e-06  -5.680353e-02  
-9.974528e-06  -8.072186e-06  -7.310249e-05  -2.827401e-04  -1.640897e-05  -1.763697e-05  +1.929537e-05  +1.245539e-04  +5.190726e-05  -4.420848e-04  +9.231154e-04  -1.339388e-06  -2.624597e-06  -5.561387e-03  +3.369481e-06  +1.155073e-07  -2.568486e-02  -3.719529e-07  -6.635387e-08  -1.837775e-02  -1.510706e-06  -3.974902e-07  -2.034750e-02  
+1.042048e-04  +7.471137e-05  +7.258185e-04  +3.025225e-03  +1.983966e-04  +2.004939e-04  -3.813138e-04  -1.132318e-03  -4.420848e-04  +4.272065e-03  -9.932700e-03  +2.222416e-05  +2.581252e-05  +3.797398e-02  -3.297977e-05  +2.824159e-06  +2.464993e-01  +2.887349e-06  -1.257838e-06  +2.044419e-01  +1.483339e-05  +4.788991e-06  +2.131790e-01  
-2.725821e-04  -1.774783e-04  -1.762370e-03  -7.834613e-03  -5.290005e-04  -5.487972e-04  +1.178964e-03  +2.476753e-03  +9.231154e-04  -9.932700e-03  +2.640344e-02  -6.534482e-05  -6.440244e-05  -4.839122e-02  +7.272303e-05  -5.241397e-06  -5.426016e-01  -1.088080e-05  +5.428768e-06  -4.925862e-01  -3.310889e-05  -1.050992e-05  -5.259515e-01  
+7.425969e-07  +2.894440e-07  +5.060825e-06  +2.119853e-05  +2.123812e-06  +1.850670e-06  -5.475797e-06  +1.604920e-07  -1.339388e-06  +2.222416e-05  -6.534482e-05  +1.155093e-06  +3.064433e-08  -7.919877e-05  -1.396623e-07  -7.203392e-09  +1.254873e-03  -2.828009e-07  -7.814319e-08  +1.117533e-03  +5.752002e-08  +1.590451e-07  +1.424516e-03  
+6.551450e-07  +4.717381e-07  +5.053532e-06  +2.249333e-05  +1.892666e-06  +1.287026e-06  -2.431069e-06  -7.853891e-06  -2.624597e-06  +2.581252e-05  -6.440244e-05  +3.064433e-08  +1.261629e-06  +5.733475e-04  -2.992238e-07  +2.176353e-07  +5.704154e-04  -2.529210e-09  -8.625339e-08  +9.950515e-04  +7.629144e-09  +2.311347e-07  +1.776080e-03  
+5.701059e-04  +6.356072e-04  +5.398543e-03  +1.600774e-02  +9.377531e-04  +4.016271e-04  +1.294543e-03  -1.364096e-02  -5.561387e-03  +3.797398e-02  -4.839122e-02  -7.919877e-05  +5.733475e-04  +2.046922e+00  -5.121933e-04  +1.107750e-04  +2.254519e+00  -2.506193e-05  +7.657545e-05  +1.803987e+00  +1.162870e-04  +2.827383e-04  +1.518721e+00  
-7.477707e-07  -7.199423e-07  -5.668623e-06  -2.182159e-05  -1.428756e-06  -1.525525e-06  +3.460127e-06  +1.221134e-05  +3.369481e-06  -3.297977e-05  +7.272303e-05  -1.396623e-07  -2.992238e-07  -5.121933e-04  +8.632801e-07  +1.386613e-07  -1.747259e-03  +1.967424e-07  +6.301943e-08  -2.118794e-03  -1.751514e-07  -1.435122e-07  -1.927451e-03  
+1.096610e-07  -5.913592e-08  -2.730838e-07  +2.731117e-06  +2.471150e-07  +7.896196e-08  -2.001054e-06  -1.716649e-06  +1.155073e-07  +2.824159e-06  -5.241397e-06  -7.203392e-09  +2.176353e-07  +1.107750e-04  +1.386613e-07  +6.182921e-07  +6.282312e-05  +1.758906e-07  +4.278109e-08  +7.283319e-04  -5.680910e-08  +1.382025e-07  +2.456963e-04  
+5.712723e-03  +3.851726e-03  +3.924623e-02  +1.678632e-01  +1.108646e-02  +1.117623e-02  -2.261735e-02  -6.034642e-02  -2.568486e-02  +2.464993e-01  -5.426016e-01  +1.254873e-03  +5.704154e-04  +2.254519e+00  -1.747259e-03  +6.282312e-05  +1.736311e+01  +2.874998e-04  +2.705567e-06  +1.271828e+01  +9.827924e-04  +9.293683e-05  +1.155236e+01  
+1.290613e-07  +1.811010e-08  +1.499830e-07  +4.116701e-06  -3.816762e-07  +6.201568e-08  +4.596010e-07  -1.912058e-06  -3.719529e-07  +2.887349e-06  -1.088080e-05  -2.828009e-07  -2.529210e-09  -2.506193e-05  +1.967424e-07  +1.758906e-07  +2.874998e-04  +8.590079e-07  -2.745580e-08  +2.212977e-04  -2.275676e-08  -1.233584e-07  -4.033406e-05  
-4.456571e-08  -3.450684e-08  -8.414931e-07  -1.642321e-06  -4.082150e-07  -1.804714e-07  +7.430766e-07  +6.575728e-07  -6.635387e-08  -1.257838e-06  +5.428768e-06  -7.814319e-08  -8.625339e-08  +7.657545e-05  +6.301943e-08  +4.278109e-08  +2.705567e-06  -2.745580e-08  +4.158519e-07  -2.365437e-05  -3.484700e-08  -8.601627e-09  -1.966122e-04  
+4.916542e-03  +3.402085e-03  +3.163103e-02  +1.546676e-01  +9.747395e-03  +9.086836e-03  -3.110232e-02  -6.765646e-02  -1.837775e-02  +2.044419e-01  -4.925862e-01  +1.117533e-03  +9.950515e-04  +1.803987e+00  -2.118794e-03  +7.283319e-04  +1.271828e+01  +2.212977e-04  -2.365437e-05  +1.804885e+01  +6.113453e-04  +7.672274e-04  +1.107402e+01  
+3.776029e-07  +2.003992e-07  +2.709712e-06  +1.016695e-05  +9.814596e-07  +8.225099e-07  -1.238293e-06  -3.508180e-06  -1.510706e-06  +1.483339e-05  -3.310889e-05  +5.752002e-08  +7.629144e-09  +1.162870e-04  -1.751514e-07  -5.680910e-08  +9.827924e-04  -2.275676e-08  -3.484700e-08  +6.113453e-04  +3.229320e-07  -1.068160e-08  +7.928839e-04  
+1.852393e-07  +1.873433e-07  +6.061422e-07  +4.583745e-06  -1.524032e-07  +1.778535e-07  -1.124674e-06  -1.390764e-06  -3.974902e-07  +4.788991e-06  -1.050992e-05  +1.590451e-07  +2.311347e-07  +2.827383e-04  -1.435122e-07  +1.382025e-07  +9.293683e-05  -1.233584e-07  -8.601627e-09  +7.672274e-04  -1.068160e-08  +5.834931e-07  +4.944841e-04  
+5.582881e-03  +3.802078e-03  +3.765240e-02  +1.590501e-01  +1.075458e-02  +1.102537e-02  -2.493246e-02  -5.680353e-02  -2.034750e-02  +2.131790e-01  -5.259515e-01  +1.424516e-03  +1.776080e-03  +1.518721e+00  -1.927451e-03  +2.456963e-04  +1.155236e+01  -4.033406e-05  -1.966122e-04  +1.107402e+01  +7.928839e-04  +4.944841e-04  +1.264041e+01  
