mean:
+3.967153e+00  +3.991021e+00  +8.459122e-01  +1.313789e+00  +1.216605e+00  +4.114154e-01  +8.405142e-01  +1.275097e+00  +1.712493e-01  +2.069307e+00  +5.539708e+00  +3.613034e+00  +2.919780e+00  +2.203320e+02  +4.263639e+00  +5.129014e+00  +2.978035e+02  +5.235701e+00  +3.829698e+00  +3.373096e+02  +2.800630e+00  +4.481534e+00  +4.037412e+02  
covariance:
+4.486953e-06  +3.346647e-06  +1.664578e-06  +6.227697e-06  +7.509494e-06  +1.222769e-05  -1.425664e-05  -6.319280e-05  -1.811667e-05  +1.770199e-04  -3.994416e-04  +4.635973e-07  +9.074032e-07  +1.358127e-02  -5.232521e-06  +6.169050e-07  +2.213758e-02  -2.550473e-07  -6.274751e-07  +1.347112e-02  +6.704739e-07  +9.733543e-08  +1.620777e-02  
+3.346647e-06  +7.464908e-06  +5.068523e-07  +7.229311e-07  +7.023753e-06  +1.147281e-05  -8.304189e-06  -5.839506e-05  -2.181523e-05  +1.916612e-04  -3.875903e-04  -4.598105e-08  +6.692581e-07  +1.381292e-02  -7.066012e-06  +5.003910e-07  +2.179872e-02  -5.017216e-08  -6.323581e-07  +1.250272e-02  +8.729840e-07  -1.113230e-07  +1.481026e-02  
+1.664578e-06  +5.068523e-07  +9.758726e-06  +3.864617e-06  +4.657557e-06  +5.684420e-06  -1.576866e-05  -4.293704e-05  -5.498691e-06  +7.961320e-05  -1.805581e-04  +2.312548e-06  -3.434786e-07  +6.753791e-03  +6.636465e-07  -4.168839e-08  +1.233126e-02  -9.263858e-07  -8.657998e-07  +6.492475e-03  -5.253207e-07  +1.488687e-07  +9.062507e-03  
+6.227697e-06  +7.229311e-07  +3.864617e-06  +1.296453e-04  +1.223558e-05  +1.878590e-05  -4.617720e-05  -1.677222e-04  -3.547343e-06  +1.579070e-04  -6.701323e-04  +3.441523e-06  +1.843028e-06  +2.244586e-02  +8.975911e-08  +2.545682e-06  +3.174604e-02  -1.383487e-06  -3.668099e-06  +2.606969e-02  -4.176637e-07  +3.253885e-06  +3.407820e-02  
+7.509494e-06  +7.023753e-06  +4.657557e-06  +1.223558e-05  +2.034849e-05  +2.677965e-05  -3.101097e-05  -1.408879e-04  -4.037699e-05  +3.945058e-04  -8.671518e-04  +1.287191e-06  +2.085315e-06  +3.017390e-02  -1.153003e-05  +9.230438e-07  +4.927781e-02  -1.072790e-06  -8.960522e-07  +2.921664e-02  +1.369006e-06  -5.019949e-07  +3.515086e-02  
+1.222769e-05  +1.147281e-05  +5.684420e-06  +1.878590e-05  +2.677965e-05  +4.434797e-05  -5.295721e-05  -2.189656e-04  -6.088862e-05  +6.105300e-04  -1.401651e-03  +1.805591e-06  +3.510751e-06  +4.673052e-02  -1.699588e-05  +1.892895e-06  +7.808258e-02  -7.818648e-07  -1.460199e-06  +4.719213e-02  +2.131658e-06  -3.470497e-07  +5.686723e-02  
-1.425664e-05  -8.304189e-06  -1.576866e-05  -4.617720e-05  -3.101097e-05  -5.295721e-05  +1.280412e-04  +2.773798e-04  +3.267138e-05  -5.637244e-04  +1.635576e-03  -9.692485e-06  -1.716585e-06  -5.094349e-02  -7.643340e-07  -1.054516e-06  -9.049377e-02  +2.133073e-06  +4.188471e-06  -5.518392e-02  -5.922976e-07  -3.148186e-07  -7.208273e-02  
-6.319280e-05  -5.839506e-05  -4.293704e-05  -1.677222e-04  -1.408879e-04  -2.189656e-04  +2.773798e-04  +1.310146e-03  +3.162826e-04  -3.182263e-03  +7.290896e-03  -1.345319e-05  -1.439720e-05  -2.455048e-01  +8.788690e-05  -8.566941e-06  -4.063604e-01  +8.759417e-06  +1.213037e-05  -2.375891e-01  -1.046076e-05  -2.580051e-06  -2.958614e-01  
-1.811667e-05  -2.181523e-05  -5.498691e-06  -3.547343e-06  -4.037699e-05  -6.088862e-05  +3.267138e-05  +3.162826e-04  +1.292933e-04  -1.092292e-03  +2.079775e-03  +1.794504e-06  -4.645128e-06  -7.817330e-02  +4.288078e-05  -3.642509e-06  -1.199316e-01  +8.064209e-07  +2.029381e-06  -7.004202e-02  -4.252733e-06  +8.213317e-07  -8.064629e-02  
+1.770199e-04  +1.916612e-04  +7.961320e-05  +1.579070e-04  +3.945058e-04  +6.105300e-04  -5.637244e-04  -3.182263e-03  -1.092292e-03  +9.959129e-03  -2.042085e-02  +8.490837e-06  +4.131682e-05  +7.385518e-01  -3.348945e-04  +3.226933e-05  +1.166399e+00  -1.095582e-05  -2.573454e-05  +6.868875e-01  +3.562698e-05  -5.460912e-06  +8.125856e-01  
-3.994416e-04  -3.875903e-04  -1.805581e-04  -6.701323e-04  -8.671518e-04  -1.401651e-03  +1.635576e-03  +7.290896e-03  +2.079775e-03  -2.042085e-02  +4.622614e-02  -4.893744e-05  -1.012525e-04  -1.563299e+00  +6.123689e-04  -6.693516e-05  -2.552662e+00  +2.656789e-05  +7.382352e-05  -1.534581e+00  -7.572066e-05  -4.977286e-06  -1.847369e+00  
+4.635973e-07  -4.598105e-08  +2.312548e-06  +3.441523e-06  +1.287191e-06  +1.805591e-06  -9.692485e-06  -1.345319e-05  +1.794504e-06  +8.490837e-06  -4.893744e-05  +1.702266e-06  -3.247840e-07  +1.717751e-03  +1.782492e-06  -2.258987e-07  +3.271916e-03  -4.843659e-07  -5.203109e-07  +2.110683e-03  -2.788855e-07  +1.376482e-07  +3.340779e-03  
+9.074032e-07  +6.692581e-07  -3.434786e-07  +1.843028e-06  +2.085315e-06  +3.510751e-06  -1.716585e-06  -1.439720e-05  -4.645128e-06  +4.131682e-05  -1.012525e-04  -3.247840e-07  +1.325138e-06  +3.255166e-03  -1.903471e-06  +2.117481e-07  +5.061088e-03  -3.580672e-09  +3.803391e-07  +3.755854e-03  +2.317932e-07  -2.394601e-07  +3.866709e-03  
+1.358127e-02  +1.381292e-02  +6.753791e-03  +2.244586e-02  +3.017390e-02  +4.673052e-02  -5.094349e-02  -2.455048e-01  -7.817330e-02  +7.385518e-01  -1.563299e+00  +1.717751e-03  +3.255166e-03  +5.820050e+01  -2.354493e-02  +2.774112e-03  +8.861403e+01  -8.173004e-04  -2.456140e-03  +5.459774e+01  +2.451535e-03  -1.482651e-04  +6.383041e+01  
-5.232521e-06  -7.066012e-06  +6.636465e-07  +8.975911e-08  -1.153003e-05  -1.699588e-05  -7.643340e-07  +8.788690e-05  +4.288078e-05  -3.348945e-04  +6.123689e-04  +1.782492e-06  -1.903471e-06  -2.354493e-02  +1.739557e-05  -1.031436e-06  -3.380285e-02  +1.333157e-07  +8.360882e-07  -2.046287e-02  -1.569122e-06  -1.449342e-08  -2.213664e-02  
+6.169050e-07  +5.003910e-07  -4.168839e-08  +2.545682e-06  +9.230438e-07  +1.892895e-06  -1.054516e-06  -8.566941e-06  -3.642509e-06  +3.226933e-05  -6.693516e-05  -2.258987e-07  +2.117481e-07  +2.774112e-03  -1.031436e-06  +9.850463e-07  +3.769327e-03  +3.336288e-07  -1.393660e-07  +2.828279e-03  +1.598474e-07  +6.580952e-08  +2.996453e-03  
+2.213758e-02  +2.179872e-02  +1.233126e-02  +3.174604e-02  +4.927781e-02  +7.808258e-02  -9.049377e-02  -4.063604e-01  -1.199316e-01  +1.166399e+00  -2.552662e+00  +3.271916e-03  +5.061088e-03  +8.861403e+01  -3.380285e-02  +3.769327e-03  +1.449798e+02  -1.738874e-03  -3.396709e-03  +8.552428e+01  +4.027585e-03  -5.360161e-04  +1.033468e+02  
-2.550473e-07  -5.017216e-08  -9.263858e-07  -1.383487e-06  -1.072790e-06  -7.818648e-07  +2.133073e-06  +8.759417e-06  +8.064209e-07  -1.095582e-05  +2.656789e-05  -4.843659e-07  -3.580672e-09  -8.173004e-04  +1.333157e-07  +3.336288e-07  -1.738874e-03  +9.793594e-07  +2.497883e-07  -8.532030e-04  +1.141170e-07  +4.864727e-08  -1.157900e-03  
-6.274751e-07  -6.323581e-07  -8.657998e-07  -3.668099e-06  -8.960522e-07  -1.460199e-06  +4.188471e-06  +1.213037e-05  +2.029381e-06  -2.573454e-05  +7.382352e-05  -5.203109e-07  +3.803391e-07  -2.456140e-03  +8.360882e-07  -1.393660e-07  -3.396709e-03  +2.497883e-07  +1.528190e-06  -2.529970e-03  +9.965109e-09  -5.411671e-07  -3.109642e-03  
+1.347112e-02  +1.250272e-02  +6.492475e-03  +2.606969e-02  +2.921664e-02  +4.719213e-02  -5.518392e-02  -2.375891e-01  -7.004202e-02  +6.868875e-01  -1.534581e+00  +2.110683e-03  +3.755854e-03  +5.459774e+01  -2.046287e-02  +2.828279e-03  +8.552428e+01  -8.532030e-04  -2.529970e-03  +5.504988e+01  +2.036956e-03  -5.940008e-05  +6.388939e+01  
+6.704739e-07  +8.729840e-07  -5.253207e-07  -4.176637e-07  +1.369006e-06  +2.131658e-06  -5.922976e-07  -1.046076e-05  -4.252733e-06  +3.562698e-05  -7.572066e-05  -2.788855e-07  +2.317932e-07  +2.451535e-03  -1.569122e-06  +1.598474e-07  +4.027585e-03  +1.141170e-07  +9.965109e-09  +2.036956e-03  +6.636386e-07  +1.718834e-07  +2.555638e-03  
+9.733543e-08  -1.113230e-07  +1.488687e-07  +3.253885e-06  -5.019949e-07  -3.470497e-07  -3.148186e-07  -2.580051e-06  +8.213317e-07  -5.460912e-06  -4.977286e-06  +1.376482e-07  -2.394601e-07  -1.482651e-04  -1.449342e-08  +6.580952e-08  -5.360161e-04  +4.864727e-08  -5.411671e-07  -5.940008e-05  +1.718834e-07  +1.152756e-06  +3.896189e-04  
+1.620777e-02  +1.481026e-02  +9.062507e-03  +3.407820e-02  +3.515086e-02  +5.686723e-02  -7.208273e-02  -2.958614e-01  -8.064629e-02  +8.125856e-01  -1.847369e+00  +3.340779e-03  +3.866709e-03  +6.383041e+01  -2.213664e-02  +2.996453e-03  +1.033468e+02  -1.157900e-03  -3.109642e-03  +6.388939e+01  +2.555638e-03  +3.896189e-04  +7.801995e+01  
