mean:
+3.985550e+00  +3.939746e+00  +6.098380e-01  -1.152989e+00  +1.618048e+00  +5.023517e-01  +9.240164e-01  +2.136175e+00  +1.483872e-01  +1.958799e+00  +4.770487e+00  +1.839284e+00  +2.983724e+00  +8.083461e+02  +4.959921e+00  +4.480040e+00  +1.995947e+03  
covariance:
+6.453850e-06  +4.919547e-07  -4.623147e-06  +3.602306e-06  -3.109804e-06  +5.601446e-07  +1.188949e-05  +1.216596e-05  -7.368685e-07  +6.687701e-06  -8.213422e-05  +1.864823e-07  -3.707581e-07  +1.917820e-03  +6.745020e-08  -1.194257e-07  +1.502653e-03  
+4.919547e-07  +5.301051e-06  -3.476094e-06  +4.229716e-06  +1.048956e-05  +5.735230e-07  -3.922075e-06  +4.605910e-06  +1.343663e-06  -7.089056e-06  +2.768085e-05  -2.612442e-08  -2.442029e-07  -9.134965e-07  -6.314676e-08  +2.837417e-08  +4.819721e-04  
-4.623147e-06  -3.476094e-06  +2.766635e-04  +1.245544e-04  -5.856510e-04  +1.252728e-05  -9.680528e-06  -4.608512e-05  +7.748368e-06  -1.188664e-04  +2.491282e-04  -1.854025e-06  +8.764599e-07  +1.846185e-03  -5.343210e-07  +1.068994e-06  -6.330103e-04  
+3.602306e-06  +4.229716e-06  +1.245544e-04  +6.034082e-04  -1.987656e-04  +3.100068e-05  +2.867530e-06  +2.993871e-04  +8.441695e-06  -6.430692e-05  -3.390927e-05  +2.110769e-06  -5.050440e-06  +3.297726e-02  +1.503487e-06  +2.648684e-07  +2.010653e-02  
-3.109804e-06  +1.048956e-05  -5.856510e-04  -1.987656e-04  +1.725169e-03  -2.990259e-05  -5.991248e-05  +1.765367e-04  -1.220536e-05  +2.391622e-04  -1.246628e-04  +4.006510e-06  +1.047715e-06  -1.551834e-02  +8.274696e-07  -1.478905e-06  -4.476896e-03  
+5.601446e-07  +5.735230e-07  +1.252728e-05  +3.100068e-05  -2.990259e-05  +6.527905e-06  +7.335892e-06  +2.900274e-05  +3.269281e-07  -1.114274e-05  +1.728239e-05  -3.078950e-07  +1.183664e-07  +2.570352e-03  +8.985423e-08  -3.967480e-08  -4.184897e-03  
+1.188949e-05  -3.922075e-06  -9.680528e-06  +2.867530e-06  -5.991248e-05  +7.335892e-06  +1.696424e-04  +1.615758e-04  -7.840575e-06  +4.509485e-05  -7.738751e-04  +8.081697e-07  -1.905495e-06  +2.131831e-02  +7.344991e-07  -8.956980e-07  +8.187622e-03  
+1.216596e-05  +4.605910e-06  -4.608512e-05  +2.993871e-04  +1.765367e-04  +2.900274e-05  +1.615758e-04  +6.105548e-04  -1.053174e-06  +1.188688e-05  -7.189076e-04  -7.007116e-07  -4.559029e-06  +4.078788e-02  +8.914536e-07  +4.619272e-07  +1.871445e-02  
-7.368685e-07  +1.343663e-06  +7.748368e-06  +8.441695e-06  -1.220536e-05  +3.269281e-07  -7.840575e-06  -1.053174e-06  +3.178144e-06  -2.013173e-05  +3.358409e-05  -1.528916e-07  -1.445425e-07  +1.318117e-04  -4.672989e-08  -8.190291e-09  +4.135579e-03  
+6.687701e-06  -7.089056e-06  -1.188664e-04  -6.430692e-05  +2.391622e-04  -1.114274e-05  +4.509485e-05  +1.188688e-05  -2.013173e-05  +2.185605e-04  -4.188579e-04  +1.768857e-06  -6.506944e-07  -3.039451e-03  +4.070791e-07  -2.313960e-07  -2.722426e-02  
-8.213422e-05  +2.768085e-05  +2.491282e-04  -3.390927e-05  -1.246628e-04  +1.728239e-05  -7.738751e-04  -7.189076e-04  +3.358409e-05  -4.188579e-04  +5.083403e-03  -9.669663e-06  +1.670036e-05  -1.067627e-01  -4.178236e-06  +4.786528e-06  -1.258823e-01  
+1.864823e-07  -2.612442e-08  -1.854025e-06  +2.110769e-06  +4.006510e-06  -3.078950e-07  +8.081697e-07  -7.007116e-07  -1.528916e-07  +1.768857e-06  -9.669663e-06  +5.856329e-07  -2.220429e-08  +2.283562e-04  +3.382801e-08  -2.852249e-08  +5.103439e-04  
-3.707581e-07  -2.442029e-07  +8.764599e-07  -5.050440e-06  +1.047715e-06  +1.183664e-07  -1.905495e-06  -4.559029e-06  -1.445425e-07  -6.506944e-07  +1.670036e-05  -2.220429e-08  +7.702821e-07  -5.763741e-04  -4.455424e-08  +5.995874e-08  -7.700557e-04  
+1.917820e-03  -9.134965e-07  +1.846185e-03  +3.297726e-02  -1.551834e-02  +2.570352e-03  +2.131831e-02  +4.078788e-02  +1.318117e-04  -3.039451e-03  -1.067627e-01  +2.283562e-04  -5.763741e-04  +6.493359e+00  +1.859122e-04  -1.793827e-04  +4.278803e+00  
+6.745020e-08  -6.314676e-08  -5.343210e-07  +1.503487e-06  +8.274696e-07  +8.985423e-08  +7.344991e-07  +8.914536e-07  -4.672989e-08  +4.070791e-07  -4.178236e-06  +3.382801e-08  -4.455424e-08  +1.859122e-04  +2.446877e-07  -1.714506e-08  -3.117410e-05  
-1.194257e-07  +2.837417e-08  +1.068994e-06  +2.648684e-07  -1.478905e-06  -3.967480e-08  -8.956980e-07  +4.619272e-07  -8.190291e-09  -2.313960e-07  +4.786528e-06  -2.852249e-08  +5.995874e-08  -1.793827e-04  -1.714506e-08  +2.968795e-07  +2.649135e-05  
+1.502653e-03  +4.819721e-04  -6.330103e-04  +2.010653e-02  -4.476896e-03  -4.184897e-03  +8.187622e-03  +1.871445e-02  +4.135579e-03  -2.722426e-02  -1.258823e-01  +5.103439e-04  -7.700557e-04  +4.278803e+00  -3.117410e-05  +2.649135e-05  +2.680104e+01  
