mean:
+4.018509e+00  +3.951327e+00  +5.776821e-01  +2.016485e+00  +1.194552e+00  +4.060762e-01  +8.787474e-01  +2.186884e+00  +4.414066e-02  +3.879201e+00  +5.887718e+00  +4.476243e+00  +3.300977e+00  +3.291856e+02  +2.490686e+00  +3.691558e+00  +4.563258e+02  +4.639285e+00  +4.959238e+00  +8.024906e+02  +3.992463e+00  +5.122218e+00  +4.339805e+02  
covariance:
+1.306581e-05  -5.250323e-06  +3.890952e-05  -7.765818e-06  -3.236713e-05  -9.866034e-06  -8.185435e-05  +2.540951e-05  +4.466342e-06  -3.759468e-05  +1.239892e-04  -3.278814e-06  +3.324937e-06  -4.397345e-03  -3.470252e-06  -5.437548e-06  -7.159727e-03  -5.817032e-07  -1.120677e-06  -8.413915e-03  +7.937146e-06  -2.865181e-07  -6.576940e-03  
-5.250323e-06  +7.579582e-06  -1.373372e-05  +5.099957e-06  +3.792322e-06  +3.294139e-06  +1.979743e-05  -2.659761e-06  -1.070343e-06  +6.549926e-06  -5.033758e-05  +7.870217e-07  -1.799478e-06  +1.324739e-03  +5.556510e-07  +1.060904e-06  +1.631194e-03  +9.292650e-08  -7.878909e-08  +4.157156e-03  -1.100541e-06  -7.778577e-08  +1.450371e-03  
+3.890952e-05  -1.373372e-05  +1.753885e-04  -2.747562e-05  -1.381388e-04  -4.276008e-05  -3.376178e-04  +8.822379e-05  +1.756352e-05  -1.548559e-04  +5.477899e-04  -1.187884e-05  +1.157924e-05  -1.942367e-02  -1.301890e-05  -2.107738e-05  -3.052995e-02  -3.069642e-06  -3.346774e-06  -3.844956e-02  +3.310895e-05  -3.050713e-06  -2.665004e-02  
-7.765818e-06  +5.099957e-06  -2.747562e-05  +2.273477e-05  +2.387993e-05  +7.052395e-06  +5.872308e-05  -4.582279e-06  -3.248666e-06  +2.403373e-05  -9.550180e-05  +1.069428e-06  -2.414504e-06  +3.484736e-03  +1.334820e-06  +3.802955e-06  +4.973854e-03  +5.184267e-08  -1.197384e-07  +6.340509e-03  -6.886191e-06  +9.131715e-08  +3.866804e-03  
-3.236713e-05  +3.792322e-06  -1.381388e-04  +2.387993e-05  +1.418235e-04  +3.474917e-05  +3.062213e-04  -8.451735e-05  -1.605780e-05  +1.458172e-04  -4.277750e-04  +1.072891e-05  -8.652504e-06  +1.641051e-02  +1.248624e-05  +2.041753e-05  +2.757073e-02  +2.221189e-06  +3.227889e-06  +2.630154e-02  -3.386732e-05  +1.564999e-06  +2.358585e-02  
-9.866034e-06  +3.294139e-06  -4.276008e-05  +7.052395e-06  +3.474917e-05  +1.106700e-05  +8.534525e-05  -2.307921e-05  -4.504510e-06  +4.036368e-05  -1.369374e-04  +3.029390e-06  -3.065757e-06  +4.860341e-03  +3.366742e-06  +5.291800e-06  +7.643284e-03  +9.058205e-07  +9.313007e-07  +9.689677e-03  -8.340766e-06  +9.136281e-07  +6.784833e-03  
-8.185435e-05  +1.979743e-05  -3.376178e-04  +5.872308e-05  +3.062213e-04  +8.534525e-05  +7.312922e-04  -2.048331e-04  -3.861424e-05  +3.377218e-04  -1.065518e-03  +2.593437e-05  -2.334286e-05  +3.874303e-02  +2.951625e-05  +4.720600e-05  +6.451592e-02  +6.170726e-06  +7.792388e-06  +6.899777e-02  -7.722189e-05  +3.842398e-06  +5.597796e-02  
+2.540951e-05  -2.659761e-06  +8.822379e-05  -4.582279e-06  -8.451735e-05  -2.307921e-05  -2.048331e-04  +1.318421e-04  +1.088919e-05  -9.381025e-05  +2.408086e-04  -1.174894e-05  +6.235895e-06  -8.423599e-03  -9.965106e-06  -1.395896e-05  -1.802044e-02  -1.818777e-06  -5.027985e-06  -1.530305e-02  +1.836010e-05  -4.515471e-08  -1.997629e-02  
+4.466342e-06  -1.070343e-06  +1.756352e-05  -3.248666e-06  -1.605780e-05  -4.504510e-06  -3.861424e-05  +1.088919e-05  +2.111666e-06  -1.809635e-05  +5.570073e-05  -1.355274e-06  +1.285268e-06  -2.005397e-03  -1.602323e-06  -2.511472e-06  -3.388580e-03  -3.669003e-07  -4.234635e-07  -3.610186e-03  +4.125550e-06  -2.212857e-07  -2.970869e-03  
-3.759468e-05  +6.549926e-06  -1.548559e-04  +2.403373e-05  +1.458172e-04  +4.036368e-05  +3.377218e-04  -9.381025e-05  -1.809635e-05  +1.710745e-04  -4.962794e-04  +1.172207e-05  -1.091261e-05  +1.764221e-02  +1.455179e-05  +2.224390e-05  +3.033702e-02  +3.858181e-06  +3.918037e-06  +3.227593e-02  -3.601293e-05  +3.166763e-06  +2.686146e-02  
+1.239892e-04  -5.033758e-05  +5.477899e-04  -9.550180e-05  -4.277750e-04  -1.369374e-04  -1.065518e-03  +2.408086e-04  +5.570073e-05  -4.962794e-04  +1.839261e-03  -3.425808e-05  +4.121406e-05  -6.294919e-02  -4.254742e-05  -6.624822e-05  -9.620491e-02  -1.156620e-05  -9.608511e-06  -1.271587e-01  +1.014174e-04  -9.674683e-06  -8.070557e-02  
-3.278814e-06  +7.870217e-07  -1.187884e-05  +1.069428e-06  +1.072891e-05  +3.029390e-06  +2.593437e-05  -1.174894e-05  -1.355274e-06  +1.172207e-05  -3.425808e-05  +1.520738e-06  -9.037716e-07  +1.342864e-03  +1.214020e-06  +1.751125e-06  +2.316340e-03  +9.043418e-08  +5.753522e-07  +2.341683e-03  -2.445574e-06  +3.208454e-08  +2.222769e-03  
+3.324937e-06  -1.799478e-06  +1.157924e-05  -2.414504e-06  -8.652504e-06  -3.065757e-06  -2.334286e-05  +6.235895e-06  +1.285268e-06  -1.091261e-05  +4.121406e-05  -9.037716e-07  +1.746947e-06  -1.236490e-03  -1.180008e-06  -1.462509e-06  -2.088221e-03  -3.742346e-07  -3.855956e-07  -3.102681e-03  +1.905538e-06  -1.549551e-07  -1.838642e-03  
-4.397345e-03  +1.324739e-03  -1.942367e-02  +3.484736e-03  +1.641051e-02  +4.860341e-03  +3.874303e-02  -8.423599e-03  -2.005397e-03  +1.764221e-02  -6.294919e-02  +1.342864e-03  -1.236490e-03  +2.567353e+00  +1.468136e-03  +2.404248e-03  +3.457590e+00  +2.191918e-04  +4.087717e-04  +4.264671e+00  -3.909649e-03  +3.133891e-04  +2.867025e+00  
-3.470252e-06  +5.556510e-07  -1.301890e-05  +1.334820e-06  +1.248624e-05  +3.366742e-06  +2.951625e-05  -9.965106e-06  -1.602323e-06  +1.455179e-05  -4.254742e-05  +1.214020e-06  -1.180008e-06  +1.468136e-03  +1.625444e-06  +2.027185e-06  +2.621361e-03  +4.075875e-07  +5.144407e-07  +2.696838e-03  -2.880953e-06  +1.375736e-07  +2.349995e-03  
-5.437548e-06  +1.060904e-06  -2.107738e-05  +3.802955e-06  +2.041753e-05  +5.291800e-06  +4.720600e-05  -1.395896e-05  -2.511472e-06  +2.224390e-05  -6.624822e-05  +1.751125e-06  -1.462509e-06  +2.404248e-03  +2.027185e-06  +3.289977e-06  +4.194308e-03  +3.992447e-07  +5.711043e-07  +4.060431e-03  -5.069570e-06  +1.583653e-07  +3.626462e-03  
-7.159727e-03  +1.631194e-03  -3.052995e-02  +4.973854e-03  +2.757073e-02  +7.643284e-03  +6.451592e-02  -1.802044e-02  -3.388580e-03  +3.033702e-02  -9.620491e-02  +2.316340e-03  -2.088221e-03  +3.457590e+00  +2.621361e-03  +4.194308e-03  +5.909467e+00  +5.236105e-04  +6.891348e-04  +6.305987e+00  -6.735387e-03  +4.240854e-04  +4.975364e+00  
-5.817032e-07  +9.292650e-08  -3.069642e-06  +5.184267e-08  +2.221189e-06  +9.058205e-07  +6.170726e-06  -1.818777e-06  -3.669003e-07  +3.858181e-06  -1.156620e-05  +9.043418e-08  -3.742346e-07  +2.191918e-04  +4.075875e-07  +3.992447e-07  +5.236105e-04  +4.759191e-07  +5.930547e-08  +8.838254e-04  -5.361251e-07  +1.855386e-07  +5.389241e-04  
-1.120677e-06  -7.878909e-08  -3.346774e-06  -1.197384e-07  +3.227889e-06  +9.313007e-07  +7.792388e-06  -5.027985e-06  -4.234635e-07  +3.918037e-06  -9.608511e-06  +5.753522e-07  -3.855956e-07  +4.087717e-04  +5.144407e-07  +5.711043e-07  +6.891348e-04  +5.930547e-08  +4.355461e-07  +6.909954e-04  -4.749713e-07  +3.236544e-08  +8.374553e-04  
-8.413915e-03  +4.157156e-03  -3.844956e-02  +6.340509e-03  +2.630154e-02  +9.689677e-03  +6.899777e-02  -1.530305e-02  -3.610186e-03  +3.227593e-02  -1.271587e-01  +2.341683e-03  -3.102681e-03  +4.264671e+00  +2.696838e-03  +4.060431e-03  +6.305987e+00  +8.838254e-04  +6.909954e-04  +9.797459e+00  -6.003948e-03  +1.016686e-03  +5.457833e+00  
+7.937146e-06  -1.100541e-06  +3.310895e-05  -6.886191e-06  -3.386732e-05  -8.340766e-06  -7.722189e-05  +1.836010e-05  +4.125550e-06  -3.601293e-05  +1.014174e-04  -2.445574e-06  +1.905538e-06  -3.909649e-03  -2.880953e-06  -5.069570e-06  -6.735387e-03  -5.361251e-07  -4.749713e-07  -6.003948e-03  +9.589951e-06  -3.088332e-07  -5.515834e-03  
-2.865181e-07  -7.778577e-08  -3.050713e-06  +9.131715e-08  +1.564999e-06  +9.136281e-07  +3.842398e-06  -4.515471e-08  -2.212857e-07  +3.166763e-06  -9.674683e-06  +3.208454e-08  -1.549551e-07  +3.133891e-04  +1.375736e-07  +1.583653e-07  +4.240854e-04  +1.855386e-07  +3.236544e-08  +1.016686e-03  -3.088332e-07  +5.243242e-07  +4.376012e-04  
-6.576940e-03  +1.450371e-03  -2.665004e-02  +3.866804e-03  +2.358585e-02  +6.784833e-03  +5.597796e-02  -1.997629e-02  -2.970869e-03  +2.686146e-02  -8.070557e-02  +2.222769e-03  -1.838642e-03  +2.867025e+00  +2.349995e-03  +3.626462e-03  +4.975364e+00  +5.389241e-04  +8.374553e-04  +5.457833e+00  -5.515834e-03  +4.376012e-04  +4.953872e+00  
