mean:
+3.940415e+00  +3.939894e+00  +6.882174e-01  -1.002928e+00  +1.515130e+00  +4.122707e-01  +9.882269e-01  +1.853656e+00  +1.270489e-01  +2.202267e+00  +3.820819e+00  +1.900135e+00  +2.501844e+00  +7.956160e+02  +4.561829e+00  +4.413174e+00  +1.966722e+03  
covariance:
+2.104642e-05  -1.559295e-06  -1.171957e-05  +3.573704e-05  -3.619110e-05  +1.143750e-08  -1.736800e-05  +9.338039e-05  +8.721954e-07  +5.176565e-06  +3.489343e-05  +1.567493e-05  -9.392954e-06  +7.099786e-03  -8.688420e-06  +1.674342e-05  -2.993307e-03  
-1.559295e-06  +1.867172e-05  +2.932721e-06  +5.711974e-06  -1.563605e-05  +4.059400e-06  +2.602647e-05  -7.629169e-05  +1.852497e-06  +1.496514e-06  -2.572384e-05  -1.249243e-05  +8.076621e-06  -6.642834e-03  +7.046622e-06  -1.802150e-05  -4.631490e-03  
-1.171957e-05  +2.932721e-06  +2.154385e-05  -2.303458e-05  +1.627860e-05  +3.726781e-06  +3.524079e-05  -1.077021e-04  -3.190454e-06  +2.485073e-06  -5.752996e-05  -1.860100e-05  +1.228346e-05  -8.109553e-03  +1.081721e-05  -2.278270e-05  -2.128884e-03  
+3.573704e-05  +5.711974e-06  -2.303458e-05  +1.964237e-04  -1.425359e-04  +9.720572e-06  +1.066555e-06  +1.556964e-04  +3.748488e-06  +3.450750e-06  -2.096933e-06  +1.582470e-05  -6.410990e-06  +8.756507e-03  -7.344568e-06  +6.604705e-06  -2.134906e-02  
-3.619110e-05  -1.563605e-05  +1.627860e-05  -1.425359e-04  +2.557831e-04  -2.674502e-05  -8.116917e-05  -1.593736e-04  -3.865120e-06  +3.465370e-06  +1.972578e-04  +1.123157e-05  -1.270885e-05  +3.026054e-03  -8.485204e-06  +2.282506e-05  +2.624378e-02  
+1.143750e-08  +4.059400e-06  +3.726781e-06  +9.720572e-06  -2.674502e-05  +7.295951e-06  +2.669533e-05  -8.606107e-06  -2.426934e-08  -5.385529e-07  -6.978927e-05  -9.741637e-06  +7.415910e-06  -3.613719e-03  +6.178898e-06  -1.570408e-05  -6.379168e-03  
-1.736800e-05  +2.602647e-05  +3.524079e-05  +1.066555e-06  -8.116917e-05  +2.669533e-05  +1.517374e-04  -2.409189e-04  -2.022115e-06  -6.500675e-06  -2.993420e-04  -6.702309e-05  +4.651117e-05  -2.747806e-02  +3.896230e-05  -8.394668e-05  -1.552460e-02  
+9.338039e-05  -7.629169e-05  -1.077021e-04  +1.556964e-04  -1.593736e-04  -8.606107e-06  -2.409189e-04  +1.099496e-03  +5.128272e-06  +8.140144e-06  +2.156997e-04  +1.562478e-04  -9.823554e-05  +7.228934e-02  -8.126757e-05  +1.648816e-04  -1.319915e-02  
+8.721954e-07  +1.852497e-06  -3.190454e-06  +3.748488e-06  -3.865120e-06  -2.426934e-08  -2.022115e-06  +5.128272e-06  +2.639272e-06  -3.647935e-06  -8.172284e-07  +2.680510e-07  -2.105741e-07  -2.111669e-04  -1.162666e-07  -9.990727e-08  +4.726830e-04  
+5.176565e-06  +1.496514e-06  +2.485073e-06  +3.450750e-06  +3.465370e-06  -5.385529e-07  -6.500675e-06  +8.140144e-06  -3.647935e-06  +2.269113e-05  +4.544774e-05  +7.402496e-06  -5.115160e-06  +2.861058e-03  -4.164351e-06  +3.989196e-06  -6.266847e-03  
+3.489343e-05  -2.572384e-05  -5.752996e-05  -2.096933e-06  +1.972578e-04  -6.978927e-05  -2.993420e-04  +2.156997e-04  -8.172284e-07  +4.544774e-05  +8.556090e-04  +1.309504e-04  -9.397335e-05  +4.823449e-02  -8.017709e-05  +1.794112e-04  +3.929226e-02  
+1.567493e-05  -1.249243e-05  -1.860100e-05  +1.582470e-05  +1.123157e-05  -9.741637e-06  -6.702309e-05  +1.562478e-04  +2.680510e-07  +7.402496e-06  +1.309504e-04  +3.582603e-05  -2.412243e-05  +1.501564e-02  -2.003750e-05  +4.221696e-05  +3.460191e-03  
-9.392954e-06  +8.076621e-06  +1.228346e-05  -6.410990e-06  -1.270885e-05  +7.415910e-06  +4.651117e-05  -9.823554e-05  -2.105741e-07  -5.115160e-06  -9.397335e-05  -2.412243e-05  +1.673723e-05  -9.984238e-03  +1.362181e-05  -2.912681e-05  -3.538644e-03  
+7.099786e-03  -6.642834e-03  -8.109553e-03  +8.756507e-03  +3.026054e-03  -3.613719e-03  -2.747806e-02  +7.228934e-02  -2.111669e-04  +2.861058e-03  +4.823449e-02  +1.501564e-02  -9.984238e-03  +6.826899e+00  -8.419077e-03  +1.810478e-02  +1.369784e+00  
-8.688420e-06  +7.046622e-06  +1.081721e-05  -7.344568e-06  -8.485204e-06  +6.178898e-06  +3.896230e-05  -8.126757e-05  -1.162666e-07  -4.164351e-06  -8.017709e-05  -2.003750e-05  +1.362181e-05  -8.419077e-03  +1.164695e-05  -2.464331e-05  -2.992335e-03  
+1.674342e-05  -1.802150e-05  -2.278270e-05  +6.604705e-06  +2.282506e-05  -1.570408e-05  -8.394668e-05  +1.648816e-04  -9.990727e-08  +3.989196e-06  +1.794112e-04  +4.221696e-05  -2.912681e-05  +1.810478e-02  -2.464331e-05  +5.946947e-05  +1.238585e-02  
-2.993307e-03  -4.631490e-03  -2.128884e-03  -2.134906e-02  +2.624378e-02  -6.379168e-03  -1.552460e-02  -1.319915e-02  +4.726830e-04  -6.266847e-03  +3.929226e-02  +3.460191e-03  -3.538644e-03  +1.369784e+00  -2.992335e-03  +1.238585e-02  +1.070751e+01  
