mean:
+3.984285e+00  +3.940853e+00  +6.453465e-01  -1.228686e+00  +1.647586e+00  +5.085017e-01  +9.017652e-01  +2.067078e+00  +1.483741e-01  +1.946825e+00  +4.882205e+00  +1.839466e+00  +2.983753e+00  +7.971360e+02  +4.960064e+00  +4.479824e+00  +2.010423e+03  
covariance:
+6.709600e-06  +1.781184e-06  +5.467150e-06  -4.608050e-06  +1.735832e-05  +6.584230e-07  -1.566152e-06  -5.518679e-06  -5.276864e-07  +6.013556e-06  -6.694587e-06  +9.962057e-08  -1.267341e-07  -1.700744e-03  -1.702135e-07  +8.908198e-08  +3.781756e-03  
+1.781184e-06  +5.387983e-06  -1.258870e-06  +1.220175e-05  +1.768704e-07  +3.484789e-07  -6.483619e-07  +7.431566e-07  +6.387083e-07  -3.906152e-07  +2.593670e-06  +1.267640e-07  -3.623305e-07  +8.670958e-05  -5.479977e-08  -6.000903e-08  +1.405067e-03  
+5.467150e-06  -1.258870e-06  +2.638014e-04  -4.441989e-04  +2.558091e-04  +1.411353e-05  -2.435557e-05  +7.221123e-05  -9.830492e-06  +1.429864e-04  -6.945606e-05  -2.838977e-06  -3.419500e-06  -1.626763e-02  -1.639733e-07  -1.592518e-06  +1.821694e-02  
-4.608050e-06  +1.220175e-05  -4.441989e-04  +2.509571e-03  +2.635531e-05  -5.162338e-05  +2.654701e-04  +5.804701e-04  -2.298862e-05  -1.975081e-04  +7.855948e-04  +1.255246e-05  +4.270094e-06  +1.205431e-01  -1.703077e-06  +2.610276e-06  -4.208075e-03  
+1.735832e-05  +1.768704e-07  +2.558091e-04  +2.635531e-05  +1.336280e-03  +3.105233e-06  +5.967878e-05  +1.755493e-04  -4.092361e-05  +3.365597e-04  +6.842715e-05  -3.759271e-06  -9.853168e-07  -2.036886e-02  -1.281866e-06  -1.450608e-06  +2.134402e-01  
+6.584230e-07  +3.484789e-07  +1.411353e-05  -5.162338e-05  +3.105233e-06  +8.594601e-06  -8.289213e-06  -3.367177e-06  +2.225330e-06  -4.354238e-06  -4.068060e-05  +1.339576e-08  -2.280428e-07  -3.252845e-03  +1.747802e-07  -2.127526e-07  +8.854133e-03  
-1.566152e-06  -6.483619e-07  -2.435557e-05  +2.654701e-04  +5.967878e-05  -8.289213e-06  +7.812028e-05  +1.058896e-04  -1.106090e-05  +3.720434e-06  +1.245056e-04  +2.349386e-07  -1.482206e-06  +1.913904e-02  +2.279819e-07  -6.560352e-07  -1.792458e-03  
-5.518679e-06  +7.431566e-07  +7.221123e-05  +5.804701e-04  +1.755493e-04  -3.367177e-06  +1.058896e-04  +7.328907e-04  -1.722634e-05  +3.818518e-06  +3.555478e-04  -4.845448e-07  -4.709666e-06  +6.178392e-02  +9.753804e-07  -2.108053e-06  -2.682362e-02  
-5.276864e-07  +6.387083e-07  -9.830492e-06  -2.298862e-05  -4.092361e-05  +2.225330e-06  -1.106090e-05  -1.722634e-05  +5.157354e-06  -2.349250e-05  -3.341426e-05  -5.261864e-08  -1.714600e-08  -1.734450e-03  +8.376835e-08  +4.060619e-08  -2.128173e-03  
+6.013556e-06  -3.906152e-07  +1.429864e-04  -1.975081e-04  +3.365597e-04  -4.354238e-06  +3.720434e-06  +3.818518e-06  -2.349250e-05  +2.133087e-04  +4.685634e-05  -8.749272e-07  +1.340448e-07  -1.299763e-02  -9.939642e-07  -7.284753e-07  +4.000411e-02  
-6.694587e-06  +2.593670e-06  -6.945606e-05  +7.855948e-04  +6.842715e-05  -4.068060e-05  +1.245056e-04  +3.555478e-04  -3.341426e-05  +4.685634e-05  +8.363740e-04  +3.614748e-06  +3.973110e-06  +6.327973e-02  -5.643568e-07  +3.541458e-06  -9.124909e-02  
+9.962057e-08  +1.267640e-07  -2.838977e-06  +1.255246e-05  -3.759271e-06  +1.339576e-08  +2.349386e-07  -4.845448e-07  -5.261864e-08  -8.749272e-07  +3.614748e-06  +5.550964e-07  +1.050254e-07  +4.495039e-04  -2.951604e-08  +6.903783e-08  +1.622200e-04  
-1.267341e-07  -3.623305e-07  -3.419500e-06  +4.270094e-06  -9.853168e-07  -2.280428e-07  -1.482206e-06  -4.709666e-06  -1.714600e-08  +1.340448e-07  +3.973110e-06  +1.050254e-07  +9.903367e-07  -4.190732e-04  +2.050820e-08  +1.301678e-07  +3.147577e-04  
-1.700744e-03  +8.670958e-05  -1.626763e-02  +1.205431e-01  -2.036886e-02  -3.252845e-03  +1.913904e-02  +6.178392e-02  -1.734450e-03  -1.299763e-02  +6.327973e-02  +4.495039e-04  -4.190732e-04  +1.445525e+01  -5.052594e-05  +3.515943e-05  -8.433451e+00  
-1.702135e-07  -5.479977e-08  -1.639733e-07  -1.703077e-06  -1.281866e-06  +1.747802e-07  +2.279819e-07  +9.753804e-07  +8.376835e-08  -9.939642e-07  -5.643568e-07  -2.951604e-08  +2.050820e-08  -5.052594e-05  +2.426293e-07  -2.215144e-08  -1.502786e-04  
+8.908198e-08  -6.000903e-08  -1.592518e-06  +2.610276e-06  -1.450608e-06  -2.127526e-07  -6.560352e-07  -2.108053e-06  +4.060619e-08  -7.284753e-07  +3.541458e-06  +6.903783e-08  +1.301678e-07  +3.515943e-05  -2.215144e-08  +3.443911e-07  -3.982312e-04  
+3.781756e-03  +1.405067e-03  +1.821694e-02  -4.208075e-03  +2.134402e-01  +8.854133e-03  -1.792458e-03  -2.682362e-02  -2.128173e-03  +4.000411e-02  -9.124909e-02  +1.622200e-04  +3.147577e-04  -8.433451e+00  -1.502786e-04  -3.982312e-04  +7.173896e+01  
