mean:
+4.017990e+00  +3.960544e+00  +8.647231e-01  +1.351351e+00  +1.231756e+00  +5.036203e-01  +8.106118e-01  +1.340373e+00  +1.773967e-01  +1.859666e+00  +5.822724e+00  +3.659587e+00  +2.856781e+00  +2.073758e+02  +4.310086e+00  +5.128313e+00  +2.866907e+02  +5.252875e+00  +3.797676e+00  +3.331454e+02  +2.879951e+00  +4.479610e+00  +3.992471e+02  
covariance:
+1.780194e-06  +1.953024e-08  -9.632166e-07  -1.564740e-05  -2.426709e-07  -7.977271e-07  +1.204403e-06  +6.015954e-06  +7.060825e-07  -7.930529e-06  +4.152933e-05  -4.546189e-07  -9.911548e-08  -4.805634e-05  +4.276550e-07  -3.418414e-07  -1.232058e-03  -1.252769e-07  +1.711271e-07  -1.539825e-03  -1.704771e-07  +2.080597e-07  -1.855798e-03  
+1.953024e-08  +2.006765e-06  -3.301939e-07  -4.313340e-06  -2.876224e-07  -1.821339e-07  +4.866722e-07  -6.063732e-07  -2.408871e-07  +3.810129e-07  +8.570558e-06  -2.768294e-10  +1.296572e-07  +2.872940e-05  +9.741771e-08  -5.415627e-08  -8.135211e-04  +4.472552e-08  -1.097299e-07  -3.106831e-04  +1.332596e-08  +1.117836e-07  -4.456091e-04  
-9.632166e-07  -3.301939e-07  +1.490055e-05  +7.073596e-05  +2.740470e-06  -3.304363e-07  -7.284988e-06  -5.299139e-06  -7.783957e-07  +2.129767e-05  -1.178001e-04  +2.313109e-06  -4.094127e-07  +2.141777e-03  -8.537655e-07  +7.699421e-07  +6.252032e-03  -7.755402e-07  +1.111709e-08  +6.508968e-03  +1.157735e-06  -3.895525e-07  +5.158042e-03  
-1.564740e-05  -4.313340e-06  +7.073596e-05  +1.129036e-03  +2.992603e-05  +3.448949e-05  -5.945881e-05  -2.846165e-04  -1.897647e-05  +3.216132e-04  -1.928047e-03  +1.472059e-05  -1.951702e-06  +1.459270e-02  -2.066033e-05  +1.682022e-05  +8.856668e-02  +4.462011e-06  -1.234085e-06  +1.047690e-01  +6.932558e-06  -4.235957e-06  +9.967138e-02  
-2.426709e-07  -2.876224e-07  +2.740470e-06  +2.992603e-05  +5.768059e-06  +1.054396e-06  -2.372593e-06  -5.824901e-06  +2.142576e-07  +6.085595e-06  -5.586260e-05  +5.108423e-07  -3.063217e-07  +9.438413e-04  -4.223051e-07  +4.804631e-08  +3.113197e-03  -5.178380e-07  +2.580265e-07  +2.400978e-03  +3.728008e-07  -1.898642e-07  +2.417797e-03  
-7.977271e-07  -1.821339e-07  -3.304363e-07  +3.448949e-05  +1.054396e-06  +6.339510e-06  +2.286849e-07  -6.558735e-06  +9.270286e-07  +3.706397e-06  -1.272269e-04  +8.801829e-07  +6.533965e-09  -5.706620e-04  -2.857105e-07  +1.024025e-06  +3.120586e-03  +6.364664e-07  -1.549315e-07  +2.978673e-03  +3.235354e-08  -1.280446e-07  +5.880461e-03  
+1.204403e-06  +4.866722e-07  -7.284988e-06  -5.945881e-05  -2.372593e-06  +2.286849e-07  +1.490692e-05  +1.442949e-05  -1.718471e-07  -2.410472e-05  +1.161546e-04  -2.060892e-06  +7.584970e-07  -2.865590e-03  +1.493760e-06  -3.021836e-07  -5.687640e-03  +6.285361e-07  +3.692814e-07  -4.413357e-03  -4.745554e-07  +2.590835e-07  -7.861093e-03  
+6.015954e-06  -6.063732e-07  -5.299139e-06  -2.846165e-04  -5.824901e-06  -6.558735e-06  +1.442949e-05  +2.333186e-04  +1.811075e-05  -1.678513e-04  +5.692858e-04  -2.050363e-06  -1.437409e-07  -4.320490e-03  +1.091032e-05  -2.661070e-06  -2.634838e-02  -4.467386e-06  +2.634290e-06  -2.579073e-02  -3.001542e-06  +2.078493e-06  -2.817730e-02  
+7.060825e-07  -2.408871e-07  -7.783957e-07  -1.897647e-05  +2.142576e-07  +9.270286e-07  -1.718471e-07  +1.811075e-05  +4.371244e-06  -2.625308e-05  +3.045960e-05  +3.783970e-08  +1.820322e-07  -4.024301e-04  +1.199689e-06  -3.125912e-07  -2.326990e-03  -6.641929e-07  +5.521266e-07  -2.704025e-03  -6.007727e-07  +3.315711e-07  -1.509939e-03  
-7.930529e-06  +3.810129e-07  +2.129767e-05  +3.216132e-04  +6.085595e-06  +3.706397e-06  -2.410472e-05  -1.678513e-04  -2.625308e-05  +2.357852e-04  -6.902804e-04  +5.833675e-06  -2.429053e-06  +6.492544e-03  -1.188308e-05  +4.792228e-06  +3.240518e-02  +4.361156e-06  -4.645253e-06  +3.397458e-02  +5.310703e-06  -3.029885e-06  +3.481805e-02  
+4.152933e-05  +8.570558e-06  -1.178001e-04  -1.928047e-03  -5.586260e-05  -1.272269e-04  +1.161546e-04  +5.692858e-04  +3.045960e-05  -6.902804e-04  +5.093373e-03  -4.826643e-05  +8.021976e-06  -1.385364e-02  +4.148745e-05  -3.429506e-05  -1.701279e-01  -1.382657e-05  +1.296279e-05  -1.816593e-01  -1.703372e-05  +1.003005e-05  -2.350126e-01  
-4.546189e-07  -2.768294e-10  +2.313109e-06  +1.472059e-05  +5.108423e-07  +8.801829e-07  -2.060892e-06  -2.050363e-06  +3.783970e-08  +5.833675e-06  -4.826643e-05  +1.338784e-06  -1.160539e-07  +2.577944e-04  -1.900413e-07  +2.503937e-07  +1.057175e-03  -3.854194e-08  -3.274702e-07  +9.231696e-04  +2.362629e-07  -1.340960e-07  +2.049477e-03  
-9.911548e-08  +1.296572e-07  -4.094127e-07  -1.951702e-06  -3.063217e-07  +6.533965e-09  +7.584970e-07  -1.437409e-07  +1.820322e-07  -2.429053e-06  +8.021976e-06  -1.160539e-07  +1.165064e-06  -4.048265e-04  +1.594435e-07  +1.453577e-07  -1.332309e-03  +1.730883e-07  +1.109201e-07  +6.029467e-05  -1.487499e-07  -1.216447e-07  -9.726238e-04  
-4.805634e-05  +2.872940e-05  +2.141777e-03  +1.459270e-02  +9.438413e-04  -5.706620e-04  -2.865590e-03  -4.320490e-03  -4.024301e-04  +6.492544e-03  -1.385364e-02  +2.577944e-04  -4.048265e-04  +2.080812e+00  -6.431839e-04  -2.024115e-04  +1.763693e+00  -2.486366e-04  -6.663729e-06  +1.181484e+00  +3.083498e-04  +3.320002e-04  +1.621483e+00  
+4.276550e-07  +9.741771e-08  -8.537655e-07  -2.066033e-05  -4.223051e-07  -2.857105e-07  +1.493760e-06  +1.091032e-05  +1.199689e-06  -1.188308e-05  +4.148745e-05  -1.900413e-07  +1.594435e-07  -6.431839e-04  +1.206222e-06  -2.213368e-07  -2.091781e-03  -2.067767e-07  +1.568944e-07  -2.066517e-03  -2.552354e-07  +2.057447e-08  -2.252454e-03  
-3.418414e-07  -5.415627e-08  +7.699421e-07  +1.682022e-05  +4.804631e-08  +1.024025e-06  -3.021836e-07  -2.661070e-06  -3.125912e-07  +4.792228e-06  -3.429506e-05  +2.503937e-07  +1.453577e-07  -2.024115e-04  -2.213368e-07  +8.928781e-07  +1.352725e-03  +3.292011e-07  -1.077986e-07  +1.786523e-03  +1.331736e-08  -2.188200e-07  +1.745844e-03  
-1.232058e-03  -8.135211e-04  +6.252032e-03  +8.856668e-02  +3.113197e-03  +3.120586e-03  -5.687640e-03  -2.634838e-02  -2.326990e-03  +3.240518e-02  -1.701279e-01  +1.057175e-03  -1.332309e-03  +1.763693e+00  -2.091781e-03  +1.352725e-03  +1.335101e+01  +7.532699e-04  +3.210309e-05  +8.536406e+00  +8.007520e-04  -1.126843e-03  +9.840932e+00  
-1.252769e-07  +4.472552e-08  -7.755402e-07  +4.462011e-06  -5.178380e-07  +6.364664e-07  +6.285361e-07  -4.467386e-06  -6.641929e-07  +4.361156e-06  -1.382657e-05  -3.854194e-08  +1.730883e-07  -2.486366e-04  -2.067767e-07  +3.292011e-07  +7.532699e-04  +8.100459e-07  -1.201993e-07  +7.734648e-04  -2.967112e-08  -1.455065e-07  +8.737115e-04  
+1.711271e-07  -1.097299e-07  +1.111709e-08  -1.234085e-06  +2.580265e-07  -1.549315e-07  +3.692814e-07  +2.634290e-06  +5.521266e-07  -4.645253e-06  +1.296279e-05  -3.274702e-07  +1.109201e-07  -6.663729e-06  +1.568944e-07  -1.077986e-07  +3.210309e-05  -1.201993e-07  +8.758516e-07  -3.006406e-05  -1.359160e-07  +4.663799e-08  -8.120081e-04  
-1.539825e-03  -3.106831e-04  +6.508968e-03  +1.047690e-01  +2.400978e-03  +2.978673e-03  -4.413357e-03  -2.579073e-02  -2.704025e-03  +3.397458e-02  -1.816593e-01  +9.231696e-04  +6.029467e-05  +1.181484e+00  -2.066517e-03  +1.786523e-03  +8.536406e+00  +7.734648e-04  -3.006406e-05  +1.182884e+01  +7.065347e-04  -3.700540e-04  +9.428936e+00  
-1.704771e-07  +1.332596e-08  +1.157735e-06  +6.932558e-06  +3.728008e-07  +3.235354e-08  -4.745554e-07  -3.001542e-06  -6.007727e-07  +5.310703e-06  -1.703372e-05  +2.362629e-07  -1.487499e-07  +3.083498e-04  -2.552354e-07  +1.331736e-08  +8.007520e-04  -2.967112e-08  -1.359160e-07  +7.065347e-04  +4.764898e-07  +3.335902e-08  +6.795842e-04  
+2.080597e-07  +1.117836e-07  -3.895525e-07  -4.235957e-06  -1.898642e-07  -1.280446e-07  +2.590835e-07  +2.078493e-06  +3.315711e-07  -3.029885e-06  +1.003005e-05  -1.340960e-07  -1.216447e-07  +3.320002e-04  +2.057447e-08  -2.188200e-07  -1.126843e-03  -1.455065e-07  +4.663799e-08  -3.700540e-04  +3.335902e-08  +7.078100e-07  -2.275537e-04  
-1.855798e-03  -4.456091e-04  +5.158042e-03  +9.967138e-02  +2.417797e-03  +5.880461e-03  -7.861093e-03  -2.817730e-02  -1.509939e-03  +3.481805e-02  -2.350126e-01  +2.049477e-03  -9.726238e-04  +1.621483e+00  -2.252454e-03  +1.745844e-03  +9.840932e+00  +8.737115e-04  -8.120081e-04  +9.428936e+00  +6.795842e-04  -2.275537e-04  +1.416366e+01  
