mean:
+3.990204e+00  +3.957124e+00  +5.830864e-01  +2.043473e+00  +1.230274e+00  +4.020219e-01  +8.398587e-01  +2.246103e+00  +3.996354e-02  +3.886014e+00  +5.850197e+00  +4.477685e+00  +3.301180e+00  +3.258576e+02  +2.492394e+00  +3.691488e+00  +4.545574e+02  +4.639964e+00  +4.959989e+00  +7.990509e+02  +3.992121e+00  +5.122163e+00  +4.336835e+02  
covariance:
+2.622462e-05  -4.711163e-06  +1.425789e-05  +1.993686e-05  -5.192318e-05  -4.815714e-07  -4.318020e-05  -3.489170e-05  +2.007234e-06  -3.454035e-05  +1.805092e-04  -2.616935e-06  +2.216590e-06  -1.959952e-03  -1.571140e-06  -2.044406e-06  -1.213530e-02  -4.143688e-07  -7.024957e-07  -6.566737e-03  +7.264764e-06  -2.943526e-07  -8.280150e-03  
-4.711163e-06  +3.499138e-06  -2.959112e-06  -3.948714e-06  +9.841925e-06  +2.997230e-07  +8.140201e-06  +8.850966e-06  -4.024301e-07  +7.765898e-06  -2.430235e-05  +5.768754e-07  -5.445826e-07  +2.683025e-04  +3.417417e-07  +4.268389e-07  +2.300306e-03  +8.282336e-08  +2.126317e-07  +8.422397e-04  -1.445690e-06  +2.553368e-07  +1.661013e-03  
+1.425789e-05  -2.959112e-06  +2.870266e-05  +6.562304e-05  -7.284119e-05  -9.240026e-07  -3.557474e-05  -2.838055e-05  +1.510411e-06  -2.287601e-05  +9.637773e-05  -2.727303e-06  +6.447891e-07  -2.018522e-03  -3.045651e-07  -1.600227e-06  -9.660215e-03  -1.913625e-07  -1.042350e-06  -4.084103e-03  +4.825428e-06  +1.074773e-07  -7.348475e-03  
+1.993686e-05  -3.948714e-06  +6.562304e-05  +3.496031e-04  -1.858750e-04  -9.837051e-06  -5.892723e-05  -2.710705e-05  +2.704970e-06  -3.888811e-05  -1.168318e-04  -7.321869e-06  +1.943565e-06  -9.313971e-04  -2.863453e-06  -2.516956e-06  -1.400092e-02  +1.092393e-06  -2.829529e-06  -4.113524e-03  +6.230268e-06  +2.309601e-06  -1.715204e-02  
-5.192318e-05  +9.841925e-06  -7.284119e-05  -1.858750e-04  +4.180415e-04  -9.570995e-06  +1.730391e-04  +6.421794e-05  -4.145288e-06  +6.434073e-05  -1.056461e-03  +1.038463e-05  -7.400382e-06  +1.300467e-02  +7.131070e-06  +6.005663e-06  +5.931515e-02  +1.876247e-07  +2.078418e-06  +4.756526e-02  -1.801908e-05  +3.370690e-06  +3.433417e-02  
-4.815714e-07  +2.997230e-07  -9.240026e-07  -9.837051e-06  -9.570995e-06  +2.425070e-06  -6.736678e-07  +2.698449e-06  -2.743698e-07  +5.700177e-06  +6.126123e-05  +2.541852e-07  -1.640332e-07  -9.029472e-04  +3.029261e-09  -1.440785e-08  -1.782520e-03  -5.014710e-08  +2.276988e-07  -2.688769e-03  -1.244233e-07  -2.199059e-07  +2.079138e-04  
-4.318020e-05  +8.140201e-06  -3.557474e-05  -5.892723e-05  +1.730391e-04  -6.736678e-07  +1.511858e-04  +8.054114e-05  -5.578711e-06  +1.100445e-04  -7.347461e-04  +5.879425e-06  -7.546317e-06  +7.785891e-03  +6.932257e-06  +6.074023e-06  +3.981015e-02  -3.441524e-07  +9.738026e-07  +2.375594e-02  -1.721956e-05  +9.954423e-07  +3.079827e-02  
-3.489170e-05  +8.850966e-06  -2.838055e-05  -2.710705e-05  +6.421794e-05  +2.698449e-06  +8.054114e-05  +1.023911e-04  -4.299574e-06  +7.687649e-05  -2.459458e-04  +4.329148e-06  -3.258175e-06  +3.482619e-03  +1.991470e-06  +4.060317e-06  +2.036323e-02  +4.358694e-07  +1.231796e-06  +5.084009e-03  -1.234018e-05  -2.058390e-07  +1.523503e-02  
+2.007234e-06  -4.024301e-07  +1.510411e-06  +2.704970e-06  -4.145288e-06  -2.743698e-07  -5.578711e-06  -4.299574e-06  +3.121329e-07  -5.609386e-06  +1.746958e-05  -2.631518e-07  +3.066303e-07  -1.649413e-04  -2.505999e-07  -2.759538e-07  -1.231224e-03  -3.067777e-09  -7.024081e-08  -4.247396e-04  +7.848276e-07  +1.676586e-09  -1.174199e-03  
-3.454035e-05  +7.765898e-06  -2.287601e-05  -3.888811e-05  +6.434073e-05  +5.700177e-06  +1.100445e-04  +7.687649e-05  -5.609386e-06  +1.224974e-04  -3.615541e-04  +4.819241e-06  -6.490996e-06  +2.862297e-03  +5.908133e-06  +5.614808e-06  +2.285089e-02  -2.985211e-07  +7.966806e-07  +7.894017e-03  -1.457231e-05  -2.007152e-07  +2.463707e-02  
+1.805092e-04  -2.430235e-05  +9.637773e-05  -1.168318e-04  -1.056461e-03  +6.126123e-05  -7.347461e-04  -2.459458e-04  +1.746958e-05  -3.615541e-04  +5.467246e-03  -1.939118e-05  +3.524656e-05  -5.816553e-02  -3.696083e-05  -2.740699e-05  -2.361258e-01  +7.268133e-07  +3.126897e-06  -1.940898e-01  +7.066394e-05  -1.307225e-05  -1.384533e-01  
-2.616935e-06  +5.768754e-07  -2.727303e-06  -7.321869e-06  +1.038463e-05  +2.541852e-07  +5.879425e-06  +4.329148e-06  -2.631518e-07  +4.819241e-06  -1.939118e-05  +6.738304e-07  -3.796091e-07  +1.435814e-04  +2.780054e-07  +3.243215e-07  +1.664405e-03  +7.765062e-08  +8.634216e-08  +9.067096e-04  -9.046852e-07  +4.686644e-08  +1.245516e-03  
+2.216590e-06  -5.445826e-07  +6.447891e-07  +1.943565e-06  -7.400382e-06  -1.640332e-07  -7.546317e-06  -3.258175e-06  +3.066303e-07  -6.490996e-06  +3.524656e-05  -3.796091e-07  +7.721131e-07  -2.228701e-04  -5.227010e-07  -3.625158e-07  -1.940829e-03  +1.824391e-08  -3.846916e-08  -1.316551e-03  +1.019796e-06  -1.519083e-07  -1.662975e-03  
-1.959952e-03  +2.683025e-04  -2.018522e-03  -9.313971e-04  +1.300467e-02  -9.029472e-04  +7.785891e-03  +3.482619e-03  -1.649413e-04  +2.862297e-03  -5.816553e-02  +1.435814e-04  -2.228701e-04  +1.213408e+00  +1.943012e-04  +2.592693e-04  +2.788069e+00  +3.466193e-05  +4.446404e-05  +1.985410e+00  -8.251825e-04  +5.587532e-05  +1.335284e+00  
-1.571140e-06  +3.417417e-07  -3.045651e-07  -2.863453e-06  +7.131070e-06  +3.029261e-09  +6.932257e-06  +1.991470e-06  -2.505999e-07  +5.908133e-06  -3.696083e-05  +2.780054e-07  -5.227010e-07  +1.943012e-04  +6.912049e-07  +3.320711e-07  +1.807176e-03  -4.749830e-08  -1.755678e-08  +1.349865e-03  -6.749560e-07  +6.727956e-08  +1.558829e-03  
-2.044406e-06  +4.268389e-07  -1.600227e-06  -2.516956e-06  +6.005663e-06  -1.440785e-08  +6.074023e-06  +4.060317e-06  -2.759538e-07  +5.614808e-06  -2.740699e-05  +3.243215e-07  -3.625158e-07  +2.592693e-04  +3.320711e-07  +5.021963e-07  +1.530913e-03  +2.289477e-08  +1.029567e-08  +9.276503e-04  -8.788357e-07  +1.951600e-08  +1.214372e-03  
-1.213530e-02  +2.300306e-03  -9.660215e-03  -1.400092e-02  +5.931515e-02  -1.782520e-03  +3.981015e-02  +2.036323e-02  -1.231224e-03  +2.285089e-02  -2.361258e-01  +1.664405e-03  -1.940829e-03  +2.788069e+00  +1.807176e-03  +1.530913e-03  +1.251506e+01  +5.930564e-05  +1.955039e-04  +8.657009e+00  -4.486183e-03  +4.705110e-04  +7.713665e+00  
-4.143688e-07  +8.282336e-08  -1.913625e-07  +1.092393e-06  +1.876247e-07  -5.014710e-08  -3.441524e-07  +4.358694e-07  -3.067777e-09  -2.985211e-07  +7.268133e-07  +7.765062e-08  +1.824391e-08  +3.466193e-05  -4.749830e-08  +2.289477e-08  +5.930564e-05  +1.857335e-07  +2.344259e-09  +3.617894e-05  -1.010031e-07  +1.387075e-08  -1.856828e-04  
-7.024957e-07  +2.126317e-07  -1.042350e-06  -2.829529e-06  +2.078418e-06  +2.276988e-07  +9.738026e-07  +1.231796e-06  -7.024081e-08  +7.966806e-07  +3.126897e-06  +8.634216e-08  -3.846916e-08  +4.446404e-05  -1.755678e-08  +1.029567e-08  +1.955039e-04  +2.344259e-09  +2.040519e-07  -9.531957e-05  -2.032489e-07  -7.073070e-09  +2.079049e-04  
-6.566737e-03  +8.422397e-04  -4.084103e-03  -4.113524e-03  +4.756526e-02  -2.688769e-03  +2.375594e-02  +5.084009e-03  -4.247396e-04  +7.894017e-03  -1.940898e-01  +9.067096e-04  -1.316551e-03  +1.985410e+00  +1.349865e-03  +9.276503e-04  +8.657009e+00  +3.617894e-05  -9.531957e-05  +8.363789e+00  -2.504169e-03  +6.105145e-04  +4.542848e+00  
+7.264764e-06  -1.445690e-06  +4.825428e-06  +6.230268e-06  -1.801908e-05  -1.244233e-07  -1.721956e-05  -1.234018e-05  +7.848276e-07  -1.457231e-05  +7.066394e-05  -9.046852e-07  +1.019796e-06  -8.251825e-04  -6.749560e-07  -8.788357e-07  -4.486183e-03  -1.010031e-07  -2.032489e-07  -2.504169e-03  +3.138512e-06  -1.609395e-07  -3.463432e-03  
-2.943526e-07  +2.553368e-07  +1.074773e-07  +2.309601e-06  +3.370690e-06  -2.199059e-07  +9.954423e-07  -2.058390e-07  +1.676586e-09  -2.007152e-07  -1.307225e-05  +4.686644e-08  -1.519083e-07  +5.587532e-05  +6.727956e-08  +1.951600e-08  +4.705110e-04  +1.387075e-08  -7.073070e-09  +6.105145e-04  -1.609395e-07  +3.388078e-07  +1.199694e-04  
-8.280150e-03  +1.661013e-03  -7.348475e-03  -1.715204e-02  +3.433417e-02  +2.079138e-04  +3.079827e-02  +1.523503e-02  -1.174199e-03  +2.463707e-02  -1.384533e-01  +1.245516e-03  -1.662975e-03  +1.335284e+00  +1.558829e-03  +1.214372e-03  +7.713665e+00  -1.856828e-04  +2.079049e-04  +4.542848e+00  -3.463432e-03  +1.199694e-04  +7.097254e+00  
