mean:
+3.968045e+00  +4.002828e+00  +6.074032e-01  +1.975255e+00  +1.305404e+00  +6.025458e-01  +8.173092e-01  +2.209505e+00  +3.728103e-02  +3.862906e+00  +5.970751e+00  +4.624099e+00  +3.191547e+00  +3.258875e+02  +2.670909e+00  +3.677554e+00  +4.515723e+02  +4.720000e+00  +4.879856e+00  +8.013179e+02  +3.938222e+00  +5.173364e+00  +4.319379e+02  
covariance:
+1.633122e-06  -5.484409e-07  +1.460378e-07  +5.194843e-07  +8.561612e-07  +9.154946e-08  +3.165774e-07  -3.804707e-08  -6.301745e-08  +1.240060e-06  +3.269259e-07  +2.109790e-08  -3.925982e-08  +4.677968e-05  -8.314361e-09  -3.434094e-09  +2.135478e-04  +5.500654e-08  +6.281726e-08  -1.356620e-04  +1.109875e-07  +9.426769e-08  +1.652620e-04  
-5.484409e-07  +3.645894e-06  -2.445914e-06  -4.500412e-06  -1.057382e-05  +6.331665e-07  -2.256144e-06  -1.819138e-06  +7.737152e-08  -2.064366e-06  +1.235493e-05  +1.183038e-07  +8.391089e-10  -1.062566e-04  -1.753466e-07  -2.772174e-07  -7.709313e-04  +1.960359e-07  +1.226012e-07  -7.890717e-04  +1.743104e-07  +3.744156e-08  -3.898264e-04  
+1.460378e-07  -2.445914e-06  +1.672913e-05  +5.163044e-05  +3.923715e-05  -2.131296e-06  +6.453079e-06  +9.247453e-06  +6.128341e-08  +7.381216e-06  -8.662986e-05  -1.894741e-07  -4.472212e-07  +1.134993e-05  +4.573795e-07  +7.966710e-07  +2.266663e-03  -6.342016e-07  -1.000026e-07  +2.871326e-03  +4.574066e-07  -1.783402e-07  -1.410796e-03  
+5.194843e-07  -4.500412e-06  +5.163044e-05  +3.485579e-04  +8.807603e-05  -9.583914e-06  +2.997026e-06  +3.160334e-05  +1.780848e-06  +4.533266e-07  -4.702555e-04  -6.193883e-07  +3.661908e-06  +2.466177e-03  -1.839800e-06  +2.313728e-06  -1.337005e-03  -1.835804e-06  +1.898158e-06  +1.110969e-02  +4.844321e-06  -1.336063e-07  -1.541429e-02  
+8.561612e-07  -1.057382e-05  +3.923715e-05  +8.807603e-05  +2.230006e-04  -1.117405e-05  +4.061875e-05  +3.361164e-05  -9.266698e-07  +5.162509e-05  -2.271276e-04  -4.181266e-07  -1.642556e-06  +2.181431e-03  +1.578322e-06  +5.506621e-06  +1.305261e-02  -1.693354e-06  -1.707596e-06  +1.386219e-02  -8.360172e-07  -1.710141e-06  +6.937567e-03  
+9.154946e-08  +6.331665e-07  -2.131296e-06  -9.583914e-06  -1.117405e-05  +1.788956e-06  -2.925078e-06  -2.179871e-06  -4.584321e-08  +3.233254e-06  +1.902863e-05  -1.518326e-07  -2.118734e-07  -4.929503e-04  +1.693234e-07  -3.317037e-07  -2.104573e-04  -2.107903e-07  +1.057832e-07  -1.319661e-03  -1.326045e-08  +3.534606e-07  +4.220908e-04  
+3.165774e-07  -2.256144e-06  +6.453079e-06  +2.997026e-06  +4.061875e-05  -2.925078e-06  +1.260388e-05  +3.117847e-06  -4.314735e-07  +9.735295e-06  -2.407635e-05  +2.874351e-07  -6.823637e-07  +6.473744e-04  +3.803490e-07  +9.568807e-07  +3.352966e-03  +4.218334e-07  -6.448421e-07  +1.993795e-03  -2.285007e-07  -4.466546e-07  +2.104484e-03  
-3.804707e-08  -1.819138e-06  +9.247453e-06  +3.160334e-05  +3.361164e-05  -2.179871e-06  +3.117847e-06  +3.193029e-05  +1.371882e-07  +5.411542e-06  -7.521656e-05  -3.558151e-07  -7.250569e-07  -4.072221e-04  -4.371032e-08  +1.554953e-06  +1.794038e-03  -6.749405e-07  -5.419112e-07  +3.189076e-03  -1.030673e-06  -5.513589e-07  +2.180492e-04  
-6.301745e-08  +7.737152e-08  +6.128341e-08  +1.780848e-06  -9.266698e-07  -4.584321e-08  -4.314735e-07  +1.371882e-07  +5.776935e-08  -1.191740e-06  -2.126726e-06  +1.839359e-09  +7.582181e-08  +1.047938e-05  -4.906532e-08  -2.376754e-08  -1.858707e-04  -1.490510e-08  +4.337066e-08  +9.487946e-05  +2.500565e-08  -1.223579e-08  -2.526739e-04  
+1.240060e-06  -2.064366e-06  +7.381216e-06  +4.533266e-07  +5.162509e-05  +3.233254e-06  +9.735295e-06  +5.411542e-06  -1.191740e-06  +6.332566e-05  -2.105277e-05  -4.085023e-07  -2.480524e-06  -1.920582e-03  +2.116961e-06  +1.541672e-06  +7.177432e-03  -1.065874e-06  -1.111182e-06  -2.193237e-03  -3.127484e-07  +1.354902e-06  +7.796950e-03  
+3.269259e-07  +1.235493e-05  -8.662986e-05  -4.702555e-04  -2.271276e-04  +1.902863e-05  -2.407635e-05  -7.521656e-05  -2.126726e-06  -2.105277e-05  +7.690612e-04  +2.873433e-09  -3.597040e-06  -1.325194e-03  +1.698833e-06  -6.492518e-06  -6.883610e-03  +3.991689e-06  -8.176088e-07  -2.558227e-02  -2.774542e-06  +1.475502e-06  +1.339362e-02  
+2.109790e-08  +1.183038e-07  -1.894741e-07  -6.193883e-07  -4.181266e-07  -1.518326e-07  +2.874351e-07  -3.558151e-07  +1.839359e-09  -4.085023e-07  +2.873433e-09  +2.690371e-07  -2.071703e-08  -3.269595e-05  +5.505576e-09  -2.454297e-08  +9.807724e-05  +7.426359e-08  +1.875306e-08  +1.312869e-04  +4.466379e-08  +2.613523e-08  -2.308685e-05  
-3.925982e-08  +8.391089e-10  -4.472212e-07  +3.661908e-06  -1.642556e-06  -2.118734e-07  -6.823637e-07  -7.250569e-07  +7.582181e-08  -2.480524e-06  -3.597040e-06  -2.071703e-08  +4.723349e-07  +1.722767e-04  -1.252118e-07  -3.124546e-08  -4.989112e-04  +1.109846e-08  +1.048147e-07  +2.111788e-04  +7.188807e-08  -1.407151e-08  -4.922474e-04  
+4.677968e-05  -1.062566e-04  +1.134993e-05  +2.466177e-03  +2.181431e-03  -4.929503e-04  +6.473744e-04  -4.072221e-04  +1.047938e-05  -1.920582e-03  -1.325194e-03  -3.269595e-05  +1.722767e-04  +4.812516e-01  -1.083915e-04  +3.979500e-05  -1.891345e-01  +9.875459e-05  +4.323152e-05  +2.273326e-01  +1.621934e-04  -1.148222e-04  -3.025292e-01  
-8.314361e-09  -1.753466e-07  +4.573795e-07  -1.839800e-06  +1.578322e-06  +1.693234e-07  +3.803490e-07  -4.371032e-08  -4.906532e-08  +2.116961e-06  +1.698833e-06  +5.505576e-09  -1.252118e-07  -1.083915e-04  +2.207630e-07  +3.390182e-08  +2.556153e-04  -5.616872e-08  -4.583331e-08  -1.009466e-04  -2.930769e-08  +5.755970e-08  +2.770517e-04  
-3.434094e-09  -2.772174e-07  +7.966710e-07  +2.313728e-06  +5.506621e-06  -3.317037e-07  +9.568807e-07  +1.554953e-06  -2.376754e-08  +1.541672e-06  -6.492518e-06  -2.454297e-08  -3.124546e-08  +3.979500e-05  +3.390182e-08  +3.203539e-07  +2.450126e-04  -2.896225e-08  -8.702656e-08  +3.066826e-04  -7.212962e-08  -8.488650e-08  +1.511817e-04  
+2.135478e-04  -7.709313e-04  +2.266663e-03  -1.337005e-03  +1.305261e-02  -2.104573e-04  +3.352966e-03  +1.794038e-03  -1.858707e-04  +7.177432e-03  -6.883610e-03  +9.807724e-05  -4.989112e-04  -1.891345e-01  +2.556153e-04  +2.450126e-04  +1.793962e+00  -8.589557e-05  -2.505563e-04  +4.108398e-01  -2.108534e-04  +8.160989e-05  +1.344059e+00  
+5.500654e-08  +1.960359e-07  -6.342016e-07  -1.835804e-06  -1.693354e-06  -2.107903e-07  +4.218334e-07  -6.749405e-07  -1.490510e-08  -1.065874e-06  +3.991689e-06  +7.426359e-08  +1.109846e-08  +9.875459e-05  -5.616872e-08  -2.896225e-08  -8.589557e-05  +2.450941e-07  -1.977560e-08  -1.357826e-04  +2.788612e-08  -3.555048e-08  -3.833148e-05  
+6.281726e-08  +1.226012e-07  -1.000026e-07  +1.898158e-06  -1.707596e-06  +1.057832e-07  -6.448421e-07  -5.419112e-07  +4.337066e-08  -1.111182e-06  -8.176088e-07  +1.875306e-08  +1.048147e-07  +4.323152e-05  -4.583331e-08  -8.702656e-08  -2.505563e-04  -1.977560e-08  +1.796119e-07  +2.649537e-05  +1.095323e-07  +3.921003e-08  -2.845497e-04  
-1.356620e-04  -7.890717e-04  +2.871326e-03  +1.110969e-02  +1.386219e-02  -1.319661e-03  +1.993795e-03  +3.189076e-03  +9.487946e-05  -2.193237e-03  -2.558227e-02  +1.312869e-04  +2.111788e-04  +2.273326e-01  -1.009466e-04  +3.066826e-04  +4.108398e-01  -1.357826e-04  +2.649537e-05  +1.983786e+00  -1.344017e-04  -2.467684e-04  -1.706483e-01  
+1.109875e-07  +1.743104e-07  +4.574066e-07  +4.844321e-06  -8.360172e-07  -1.326045e-08  -2.285007e-07  -1.030673e-06  +2.500565e-08  -3.127484e-07  -2.774542e-06  +4.466379e-08  +7.188807e-08  +1.621934e-04  -2.930769e-08  -7.212962e-08  -2.108534e-04  +2.788612e-08  +1.095323e-07  -1.344017e-04  +3.841944e-07  +7.529561e-08  -5.252177e-04  
+9.426769e-08  +3.744156e-08  -1.783402e-07  -1.336063e-07  -1.710141e-06  +3.534606e-07  -4.466546e-07  -5.513589e-07  -1.223579e-08  +1.354902e-06  +1.475502e-06  +2.613523e-08  -1.407151e-08  -1.148222e-04  +5.755970e-08  -8.488650e-08  +8.160989e-05  -3.555048e-08  +3.921003e-08  -2.467684e-04  +7.529561e-08  +2.308485e-07  +2.685477e-05  
+1.652620e-04  -3.898264e-04  -1.410796e-03  -1.541429e-02  +6.937567e-03  +4.220908e-04  +2.104484e-03  +2.180492e-04  -2.526739e-04  +7.796950e-03  +1.339362e-02  -2.308685e-05  -4.922474e-04  -3.025292e-01  +2.770517e-04  +1.511817e-04  +1.344059e+00  -3.833148e-05  -2.845497e-04  -1.706483e-01  -5.252177e-04  +2.685477e-05  +2.408147e+00  
