mean:
+3.959189e+00  +3.924165e+00  +6.276113e-01  -1.096033e+00  +1.580755e+00  +4.989702e-01  +9.231419e-01  +2.072753e+00  +1.457446e-01  +1.971811e+00  +4.917800e+00  +1.635286e+00  +2.883264e+00  +8.041454e+02  +4.800366e+00  +4.400571e+00  +2.023365e+03  
covariance:
+5.864234e-06  +3.433703e-07  +6.615464e-07  +3.019701e-06  -1.561739e-05  -5.859924e-07  +3.267301e-06  +2.430721e-06  +2.531068e-07  -2.990034e-06  +4.258158e-06  -1.214003e-08  +2.748447e-07  +9.876163e-04  +3.735677e-08  +7.159986e-08  -1.365861e-03  
+3.433703e-07  +8.455547e-06  +1.489172e-06  +1.198665e-05  -1.252477e-05  -4.866535e-07  +2.874073e-06  -9.648065e-06  -2.010787e-08  -2.868395e-06  +8.095885e-06  -4.298343e-08  -7.789690e-08  +1.118274e-03  +1.907507e-07  +1.605118e-08  -5.751926e-04  
+6.615464e-07  +1.489172e-06  +1.044471e-04  +2.256977e-06  +1.441315e-04  +8.045436e-06  +3.667052e-05  +1.932144e-04  -4.623533e-06  -3.693145e-05  +3.185291e-04  +1.238810e-06  -1.549845e-06  +2.083280e-02  -5.226002e-07  +4.917139e-07  -5.071884e-02  
+3.019701e-06  +1.198665e-05  +2.256977e-06  +3.318584e-03  -1.447715e-03  -2.684322e-05  +3.952784e-04  -1.202655e-03  -4.456448e-05  -5.874388e-05  +4.539118e-04  +8.481909e-07  +1.076808e-05  +9.848969e-02  +2.703043e-06  +7.917062e-07  +1.535593e-01  
-1.561739e-05  -1.252477e-05  +1.441315e-04  -1.447715e-03  +2.717019e-03  +1.017774e-04  -1.455405e-04  +1.051987e-03  +8.986878e-06  +5.361436e-05  +1.999054e-04  +1.820453e-06  -7.382445e-06  -7.826084e-02  -8.013695e-07  +7.452740e-07  -7.085972e-02  
-5.859924e-07  -4.866535e-07  +8.045436e-06  -2.684322e-05  +1.017774e-04  +7.609700e-06  +3.147624e-06  +4.170564e-05  -1.575934e-06  +7.614689e-06  +2.709910e-05  +3.657950e-07  -1.452748e-07  -4.264888e-04  -7.704425e-08  +8.747603e-08  -4.727341e-03  
+3.267301e-06  +2.874073e-06  +3.667052e-05  +3.952784e-04  -1.455405e-04  +3.147624e-06  +1.468864e-04  +5.184002e-06  -2.075133e-05  +2.448264e-05  +1.058122e-04  +3.929702e-07  +1.489010e-06  +2.447890e-02  +8.691624e-07  +3.791981e-08  +1.025661e-02  
+2.430721e-06  -9.648065e-06  +1.932144e-04  -1.202655e-03  +1.051987e-03  +4.170564e-05  +5.184002e-06  +1.372171e-03  -4.514316e-06  -5.434795e-06  +2.886451e-04  +1.904825e-06  -7.496376e-06  -2.193326e-03  -1.032914e-06  -2.882817e-07  -1.381608e-01  
+2.531068e-07  -2.010787e-08  -4.623533e-06  -4.456448e-05  +8.986878e-06  -1.575934e-06  -2.075133e-05  -4.514316e-06  +4.713055e-06  -1.267003e-05  -9.775677e-06  -1.946494e-07  -2.132626e-07  -2.931853e-03  -1.881258e-08  +1.957810e-08  -1.886058e-03  
-2.990034e-06  -2.868395e-06  -3.693145e-05  -5.874388e-05  +5.361436e-05  +7.614689e-06  +2.448264e-05  -5.434795e-06  -1.267003e-05  +1.178228e-04  -2.248771e-04  +9.462152e-07  +2.998895e-07  -7.422761e-03  -1.250424e-07  -7.811827e-08  +2.556465e-02  
+4.258158e-06  +8.095885e-06  +3.185291e-04  +4.539118e-04  +1.999054e-04  +2.709910e-05  +1.058122e-04  +2.886451e-04  -9.775677e-06  -2.248771e-04  +1.538907e-03  +3.106382e-06  -1.911496e-06  +8.997480e-02  -3.148951e-06  +2.216428e-06  -1.794253e-01  
-1.214003e-08  -4.298343e-08  +1.238810e-06  +8.481909e-07  +1.820453e-06  +3.657950e-07  +3.929702e-07  +1.904825e-06  -1.946494e-07  +9.462152e-07  +3.106382e-06  +5.488849e-07  -1.129881e-08  +7.034132e-05  -4.482647e-08  +2.331122e-08  -7.527779e-04  
+2.748447e-07  -7.789690e-08  -1.549845e-06  +1.076808e-05  -7.382445e-06  -1.452748e-07  +1.489010e-06  -7.496376e-06  -2.132626e-07  +2.998895e-07  -1.911496e-06  -1.129881e-08  +6.570516e-07  -1.258245e-04  +2.456059e-08  +8.610471e-08  +2.362658e-03  
+9.876163e-04  +1.118274e-03  +2.083280e-02  +9.848969e-02  -7.826084e-02  -4.264888e-04  +2.447890e-02  -2.193326e-03  -2.931853e-03  -7.422761e-03  +8.997480e-02  +7.034132e-05  -1.258245e-04  +1.669733e+01  -2.533228e-05  +9.093681e-05  -1.573492e+01  
+3.735677e-08  +1.907507e-07  -5.226002e-07  +2.703043e-06  -8.013695e-07  -7.704425e-08  +8.691624e-07  -1.032914e-06  -1.881258e-08  -1.250424e-07  -3.148951e-06  -4.482647e-08  +2.456059e-08  -2.533228e-05  +3.120183e-07  +6.976312e-09  +6.915638e-04  
+7.159986e-08  +1.605118e-08  +4.917139e-07  +7.917062e-07  +7.452740e-07  +8.747603e-08  +3.791981e-08  -2.882817e-07  +1.957810e-08  -7.811827e-08  +2.216428e-06  +2.331122e-08  +8.610471e-08  +9.093681e-05  +6.976312e-09  +3.450913e-07  -3.485283e-04  
-1.365861e-03  -5.751926e-04  -5.071884e-02  +1.535593e-01  -7.085972e-02  -4.727341e-03  +1.025661e-02  -1.381608e-01  -1.886058e-03  +2.556465e-02  -1.794253e-01  -7.527779e-04  +2.362658e-03  -1.573492e+01  +6.915638e-04  -3.485283e-04  +6.600480e+01  
