mean:
+3.959013e+00  +3.925276e+00  +6.684999e-01  -1.188616e+00  +1.668241e+00  +5.159175e-01  +9.283673e-01  +2.038878e+00  +1.444564e-01  +2.051513e+00  +4.815851e+00  +1.635114e+00  +2.883263e+00  +8.046956e+02  +4.799954e+00  +4.399825e+00  +2.010112e+03  
covariance:
+4.196015e-06  +7.605809e-07  -2.817114e-07  -2.461336e-06  +2.491499e-06  +5.534289e-07  +6.857113e-07  -1.374002e-07  -4.823121e-07  +9.348319e-06  -1.073347e-05  -1.268958e-08  +1.491638e-07  -3.696085e-04  +1.617549e-07  -2.119995e-08  -8.122060e-04  
+7.605809e-07  +7.409601e-06  +2.108102e-06  +7.095578e-07  +4.388958e-06  +1.879401e-06  +4.661021e-06  -5.784728e-06  -6.443887e-07  +7.292606e-06  -1.945190e-05  -1.983831e-07  +1.494749e-07  -2.796410e-04  +3.029316e-07  -6.940987e-08  -3.575083e-04  
-2.817114e-07  +2.108102e-06  +1.041269e-04  -1.639340e-05  +1.682173e-04  +3.475120e-05  +1.043550e-04  -1.993781e-04  -1.202116e-05  +7.602549e-05  -3.983245e-04  +1.165547e-07  -1.124819e-06  -9.748707e-04  +9.098653e-07  -2.174801e-07  -6.716810e-03  
-2.461336e-06  +7.095578e-07  -1.639340e-05  +1.571889e-03  -5.438904e-04  -1.737399e-04  +5.879781e-05  -1.050836e-04  +1.177276e-04  -1.663174e-03  +1.770929e-03  +5.969965e-06  +1.216919e-06  +7.067417e-02  +4.061848e-07  +2.201975e-06  +1.144570e-01  
+2.491499e-06  +4.388958e-06  +1.682173e-04  -5.438904e-04  +1.176641e-03  +2.275473e-04  +1.316292e-04  -3.750479e-04  -1.178268e-04  +1.547700e-03  -2.505810e-03  -2.726423e-06  -1.343095e-06  -1.749132e-02  +1.911715e-06  -5.799993e-07  -2.394662e-02  
+5.534289e-07  +1.879401e-06  +3.475120e-05  -1.737399e-04  +2.275473e-04  +6.476927e-05  +4.281073e-05  -7.181122e-05  -2.807891e-05  +3.521095e-04  -5.824979e-04  -3.108562e-07  -2.374324e-07  -1.237540e-02  +3.155840e-07  -1.363665e-07  -6.720098e-03  
+6.857113e-07  +4.661021e-06  +1.043550e-04  +5.879781e-05  +1.316292e-04  +4.281073e-05  +1.812384e-04  -2.125603e-04  -1.069643e-05  -3.656015e-05  -3.454631e-04  +1.202515e-06  -1.255614e-06  -5.666871e-03  +7.061072e-07  -1.593812e-07  +6.130471e-03  
-1.374002e-07  -5.784728e-06  -1.993781e-04  -1.050836e-04  -3.750479e-04  -7.181122e-05  -2.125603e-04  +7.090469e-04  +2.302840e-05  -1.262391e-04  +7.405533e-04  -7.983302e-08  +7.377692e-07  +6.970483e-03  -1.412111e-06  -1.253897e-06  +1.893529e-02  
-4.823121e-07  -6.443887e-07  -1.202116e-05  +1.177276e-04  -1.178268e-04  -2.807891e-05  -1.069643e-05  +2.302840e-05  +2.028009e-05  -2.528798e-04  +3.092811e-04  +5.735208e-07  +1.190637e-07  +5.804995e-03  -3.251557e-07  +1.557214e-07  +7.746666e-03  
+9.348319e-06  +7.292606e-06  +7.602549e-05  -1.663174e-03  +1.547700e-03  +3.521095e-04  -3.656015e-05  -1.262391e-04  -2.528798e-04  +3.484021e-03  -4.042798e-03  -8.871279e-06  -1.695372e-06  -7.336469e-02  +3.953047e-06  -1.722997e-06  -1.101343e-01  
-1.073347e-05  -1.945190e-05  -3.983245e-04  +1.770929e-03  -2.505810e-03  -5.824979e-04  -3.454631e-04  +7.405533e-04  +3.092811e-04  -4.042798e-03  +6.353159e-03  +7.042627e-06  +7.027367e-06  +9.212257e-02  -5.028565e-06  +1.548348e-06  +1.011756e-01  
-1.268958e-08  -1.983831e-07  +1.165547e-07  +5.969965e-06  -2.726423e-06  -3.108562e-07  +1.202515e-06  -7.983302e-08  +5.735208e-07  -8.871279e-06  +7.042627e-06  +6.410649e-07  -1.340197e-07  -8.831236e-05  +9.469903e-09  +1.368749e-08  +4.192763e-04  
+1.491638e-07  +1.494749e-07  -1.124819e-06  +1.216919e-06  -1.343095e-06  -2.374324e-07  -1.255614e-06  +7.377692e-07  +1.190637e-07  -1.695372e-06  +7.027367e-06  -1.340197e-07  +7.077019e-07  +4.863191e-04  +4.071077e-08  -3.470075e-08  +1.081330e-03  
-3.696085e-04  -2.796410e-04  -9.748707e-04  +7.067417e-02  -1.749132e-02  -1.237540e-02  -5.666871e-03  +6.970483e-03  +5.804995e-03  -7.336469e-02  +9.212257e-02  -8.831236e-05  +4.863191e-04  +9.162344e+00  +2.568348e-05  -1.278198e-05  +6.470972e+00  
+1.617549e-07  +3.029316e-07  +9.098653e-07  +4.061848e-07  +1.911715e-06  +3.155840e-07  +7.061072e-07  -1.412111e-06  -3.251557e-07  +3.953047e-06  -5.028565e-06  +9.469903e-09  +4.071077e-08  +2.568348e-05  +2.868863e-07  -1.897022e-08  +2.686610e-04  
-2.119995e-08  -6.940987e-08  -2.174801e-07  +2.201975e-06  -5.799993e-07  -1.363665e-07  -1.593812e-07  -1.253897e-06  +1.557214e-07  -1.722997e-06  +1.548348e-06  +1.368749e-08  -3.470075e-08  -1.278198e-05  -1.897022e-08  +2.888578e-07  -1.815172e-04  
-8.122060e-04  -3.575083e-04  -6.716810e-03  +1.144570e-01  -2.394662e-02  -6.720098e-03  +6.130471e-03  +1.893529e-02  +7.746666e-03  -1.101343e-01  +1.011756e-01  +4.192763e-04  +1.081330e-03  +6.470972e+00  +2.686610e-04  -1.815172e-04  +3.060049e+01  
