mean:
+3.985392e+00  +3.939909e+00  +6.558844e-01  -1.105414e+00  +1.688856e+00  +4.993184e-01  +9.114350e-01  +2.001125e+00  +1.513688e-01  +1.996334e+00  +4.683213e+00  +1.839703e+00  +2.984105e+00  +8.021698e+02  +4.959792e+00  +4.479949e+00  +2.004254e+03  
covariance:
+7.715112e-06  -4.121833e-08  +1.265884e-05  +2.792858e-05  +8.610396e-06  -1.753074e-06  +1.102151e-05  -2.664752e-05  -3.135001e-06  +4.536848e-05  -1.569737e-04  -2.844841e-07  -5.665209e-07  +9.095037e-04  +3.259592e-08  +9.147899e-09  +5.275185e-03  
-4.121833e-08  +6.725968e-06  -1.585194e-05  -2.767512e-06  +3.031651e-06  +2.360300e-06  -1.175387e-05  +2.313596e-05  +4.176360e-06  -5.016257e-05  +1.452965e-04  +3.643649e-07  +3.007467e-08  +7.106423e-05  -9.191816e-08  -5.843224e-08  -6.172694e-03  
+1.265884e-05  -1.585194e-05  +1.803583e-04  +5.702159e-05  +1.302422e-05  -3.002015e-05  +1.317867e-04  -2.138014e-04  -4.041811e-05  +4.793359e-04  -1.236182e-03  -3.661348e-07  -1.539277e-06  -4.226361e-03  +4.403883e-07  +2.463775e-07  +5.622135e-02  
+2.792858e-05  -2.767512e-06  +5.702159e-05  +1.086676e-03  +1.238638e-04  -1.363574e-06  +9.631569e-05  -4.590251e-04  -7.440935e-06  +3.888953e-04  -2.359158e-03  -1.205109e-05  -6.936319e-06  +4.551504e-02  +9.958902e-07  -5.780949e-07  +7.310251e-02  
+8.610396e-06  +3.031651e-06  +1.302422e-05  +1.238638e-04  +1.327414e-04  -8.566883e-06  +3.357696e-05  -8.277136e-05  -1.661643e-06  +5.302988e-05  -3.823101e-04  +1.324857e-06  -2.923357e-06  +3.564812e-03  +3.063754e-07  -3.202902e-07  +1.613244e-02  
-1.753074e-06  +2.360300e-06  -3.002015e-05  -1.363574e-06  -8.566883e-06  +1.425023e-05  -3.523807e-05  +8.406441e-06  +1.108578e-05  -9.440743e-05  +1.462060e-04  -2.202102e-07  +1.832698e-07  +5.233306e-03  +1.522527e-07  -1.150626e-07  -8.225412e-03  
+1.102151e-05  -1.175387e-05  +1.317867e-04  +9.631569e-05  +3.357696e-05  -3.523807e-05  +1.435825e-04  -1.321297e-04  -3.863909e-05  +3.933094e-04  -9.723840e-04  -4.418633e-07  -2.079323e-06  -3.955215e-03  -1.251284e-07  +5.281842e-07  +4.358088e-02  
-2.664752e-05  +2.313596e-05  -2.138014e-04  -4.590251e-04  -8.277136e-05  +8.406441e-06  -1.321297e-04  +8.907194e-04  +2.034453e-05  -5.871562e-04  +2.839510e-03  +3.594123e-06  +4.308613e-06  -3.406666e-02  -1.151928e-06  +2.945385e-07  -1.334684e-01  
-3.135001e-06  +4.176360e-06  -4.041811e-05  -7.440935e-06  -1.661643e-06  +1.108578e-05  -3.863909e-05  +2.034453e-05  +1.513922e-05  -1.410763e-04  +2.470177e-04  +3.378614e-07  +2.497322e-07  +5.182587e-03  +7.848100e-08  -1.670542e-07  -1.364908e-02  
+4.536848e-05  -5.016257e-05  +4.793359e-04  +3.888953e-04  +5.302988e-05  -9.440743e-05  +3.933094e-04  -5.871562e-04  -1.410763e-04  +1.706140e-03  -4.159043e-03  -6.822007e-06  -5.342300e-06  -2.535680e-02  +1.052989e-06  +4.359500e-07  +1.949627e-01  
-1.569737e-04  +1.452965e-04  -1.236182e-03  -2.359158e-03  -3.823101e-04  +1.462060e-04  -9.723840e-04  +2.839510e-03  +2.470177e-04  -4.159043e-03  +1.519841e-02  +2.706894e-05  +2.648230e-05  -1.139278e-01  -7.294885e-06  +3.598715e-06  -5.958019e-01  
-2.844841e-07  +3.643649e-07  -3.661348e-07  -1.205109e-05  +1.324857e-06  -2.202102e-07  -4.418633e-07  +3.594123e-06  +3.378614e-07  -6.822007e-06  +2.706894e-05  +1.039484e-06  -5.545538e-08  -8.028837e-04  +4.804152e-08  +1.219942e-08  -6.806291e-04  
-5.665209e-07  +3.007467e-08  -1.539277e-06  -6.936319e-06  -2.923357e-06  +1.832698e-07  -2.079323e-06  +4.308613e-06  +2.497322e-07  -5.342300e-06  +2.648230e-05  -5.545538e-08  +8.683259e-07  -4.211113e-04  -4.599298e-08  +3.666491e-08  -1.280155e-03  
+9.095037e-04  +7.106423e-05  -4.226361e-03  +4.551504e-02  +3.564812e-03  +5.233306e-03  -3.955215e-03  -3.406666e-02  +5.182587e-03  -2.535680e-02  -1.139278e-01  -8.028837e-04  -4.211113e-04  +1.006094e+01  -2.894684e-06  -1.989528e-04  +4.195205e-01  
+3.259592e-08  -9.191816e-08  +4.403883e-07  +9.958902e-07  +3.063754e-07  +1.522527e-07  -1.251284e-07  -1.151928e-06  +7.848100e-08  +1.052989e-06  -7.294885e-06  +4.804152e-08  -4.599298e-08  -2.894684e-06  +2.899988e-07  -1.942407e-08  +2.315727e-04  
+9.147899e-09  -5.843224e-08  +2.463775e-07  -5.780949e-07  -3.202902e-07  -1.150626e-07  +5.281842e-07  +2.945385e-07  -1.670542e-07  +4.359500e-07  +3.598715e-06  +1.219942e-08  +3.666491e-08  -1.989528e-04  -1.942407e-08  +3.112843e-07  +2.603531e-04  
+5.275185e-03  -6.172694e-03  +5.622135e-02  +7.310251e-02  +1.613244e-02  -8.225412e-03  +4.358088e-02  -1.334684e-01  -1.364908e-02  +1.949627e-01  -5.958019e-01  -6.806291e-04  -1.280155e-03  +4.195205e-01  +2.315727e-04  +2.603531e-04  +4.046373e+01  
