mean:
+4.022881e+00  +4.022280e+00  +7.348527e-01  -1.203635e+00  +1.625873e+00  +5.996567e-01  +8.792193e-01  +2.107845e+00  +1.135782e-01  +1.964947e+00  +4.961612e+00  +2.004821e+00  +3.112839e+00  +8.960865e+02  +5.059379e+00  +4.583425e+00  +2.490271e+03  
covariance:
+7.355487e-06  -1.684433e-06  +1.429697e-06  -3.888473e-06  -7.044425e-06  +1.311973e-06  -3.750898e-06  +8.393835e-06  +8.529414e-07  +2.107623e-06  -1.374852e-05  +3.307683e-07  +1.901170e-07  +3.232092e-03  -5.918461e-07  +2.784825e-07  -2.419710e-03  
-1.684433e-06  +6.750959e-06  -1.014927e-06  -3.405278e-06  +2.840449e-06  -5.594279e-07  -1.579674e-06  +2.657219e-06  +4.839935e-07  +2.410536e-06  +4.973772e-06  +5.350345e-07  +2.521083e-08  -7.306356e-04  -4.573610e-07  -4.375102e-07  +1.748047e-03  
+1.429697e-06  -1.014927e-06  +5.346495e-05  +1.776059e-04  +8.830371e-05  -1.219440e-05  -5.186504e-06  -4.036294e-05  +2.355259e-06  -1.845322e-05  +9.970183e-06  -2.677212e-06  -3.545998e-06  -1.397161e-02  +6.295801e-07  -5.319883e-07  +2.119761e-02  
-3.888473e-06  -3.405278e-06  +1.776059e-04  +7.993515e-04  +3.074739e-04  -5.795749e-05  +1.279361e-05  -2.804052e-04  +8.025284e-06  -1.414929e-04  +1.161826e-04  -8.249092e-06  -1.500614e-05  -6.001435e-02  +5.734280e-08  -2.842376e-06  +7.688104e-02  
-7.044425e-06  +2.840449e-06  +8.830371e-05  +3.074739e-04  +5.287126e-04  -4.470577e-05  +1.738882e-05  -1.624873e-04  -1.322918e-06  +1.748805e-07  +1.578337e-04  -1.687160e-05  -8.099462e-06  -7.960045e-02  +3.050586e-06  -4.960455e-06  +8.075047e-02  
+1.311973e-06  -5.594279e-07  -1.219440e-05  -5.795749e-05  -4.470577e-05  +8.424763e-06  -4.286037e-06  +3.386433e-05  -8.714966e-08  +1.023744e-05  -3.557587e-05  +1.408287e-06  +1.113140e-06  +8.817567e-03  +2.680397e-07  +5.626695e-07  -1.038354e-02  
-3.750898e-06  -1.579674e-06  -5.186504e-06  +1.279361e-05  +1.738882e-05  -4.286037e-06  +1.130503e-05  -3.308572e-05  -1.436307e-06  -9.736015e-06  +3.615608e-05  -1.070504e-06  -1.968780e-07  -5.317118e-03  +5.294114e-08  -3.005603e-07  +3.418818e-03  
+8.393835e-06  +2.657219e-06  -4.036294e-05  -2.804052e-04  -1.624873e-04  +3.386433e-05  -3.308572e-05  +2.115718e-04  +4.328219e-07  +7.222664e-05  -1.643944e-04  +4.564925e-06  +5.239771e-06  +3.928283e-02  +1.222528e-06  +2.058407e-06  -3.815665e-02  
+8.529414e-07  +4.839935e-07  +2.355259e-06  +8.025284e-06  -1.322918e-06  -8.714966e-08  -1.436307e-06  +4.328219e-07  +9.893195e-07  -1.733862e-06  -3.762748e-06  +1.273827e-07  -2.162729e-07  +4.375830e-04  -1.050450e-07  +7.835566e-08  -3.533441e-05  
+2.107623e-06  +2.410536e-06  -1.845322e-05  -1.414929e-04  +1.748805e-07  +1.023744e-05  -9.736015e-06  +7.222664e-05  -1.733862e-06  +5.416997e-05  -3.887657e-05  -9.012087e-07  +2.541984e-06  +4.692360e-03  +2.418151e-07  -3.521456e-07  -7.239091e-03  
-1.374852e-05  +4.973772e-06  +9.970183e-06  +1.161826e-04  +1.578337e-04  -3.557587e-05  +3.615608e-05  -1.643944e-04  -3.762748e-06  -3.887657e-05  +2.573667e-04  -4.372157e-06  -2.558785e-06  -3.845335e-02  -1.553066e-06  -2.524810e-06  +4.547454e-02  
+3.307683e-07  +5.350345e-07  -2.677212e-06  -8.249092e-06  -1.687160e-05  +1.408287e-06  -1.070504e-06  +4.564925e-06  +1.273827e-07  -9.012087e-07  -4.372157e-06  +1.059580e-06  +3.403119e-07  +2.331975e-03  -1.866765e-07  +1.357490e-07  -1.907081e-03  
+1.901170e-07  +2.521083e-08  -3.545998e-06  -1.500614e-05  -8.099462e-06  +1.113140e-06  -1.968780e-07  +5.239771e-06  -2.162729e-07  +2.541984e-06  -2.558785e-06  +3.403119e-07  +5.781523e-07  +1.202155e-03  -5.125338e-08  +6.145881e-08  -1.219864e-03  
+3.232092e-03  -7.306356e-04  -1.397161e-02  -6.001435e-02  -7.960045e-02  +8.817567e-03  -5.317118e-03  +3.928283e-02  +4.375830e-04  +4.692360e-03  -3.845335e-02  +2.331975e-03  +1.202155e-03  +1.461722e+01  -3.718512e-04  +9.182124e-04  -1.483724e+01  
-5.918461e-07  -4.573610e-07  +6.295801e-07  +5.734280e-08  +3.050586e-06  +2.680397e-07  +5.294114e-08  +1.222528e-06  -1.050450e-07  +2.418151e-07  -1.553066e-06  -1.866765e-07  -5.125338e-08  -3.718512e-04  +3.654419e-07  +1.461951e-08  +2.646828e-04  
+2.784825e-07  -4.375102e-07  -5.319883e-07  -2.842376e-06  -4.960455e-06  +5.626695e-07  -3.005603e-07  +2.058407e-06  +7.835566e-08  -3.521456e-07  -2.524810e-06  +1.357490e-07  +6.145881e-08  +9.182124e-04  +1.461951e-08  +2.069958e-07  -8.005549e-04  
-2.419710e-03  +1.748047e-03  +2.119761e-02  +7.688104e-02  +8.075047e-02  -1.038354e-02  +3.418818e-03  -3.815665e-02  -3.533441e-05  -7.239091e-03  +4.547454e-02  -1.907081e-03  -1.219864e-03  -1.483724e+01  +2.646828e-04  -8.005549e-04  +1.970111e+01  
