mean:
+3.956507e+00  +3.924535e+00  +6.405026e-01  -1.147648e+00  +1.617931e+00  +4.021593e-01  +9.248357e-01  +2.083382e+00  +1.549752e-01  +1.931487e+00  +4.817289e+00  +1.635006e+00  +2.883832e+00  +8.116868e+02  +4.799592e+00  +4.399420e+00  +2.029184e+03  
covariance:
+3.850395e-06  +1.290267e-06  +1.554139e-06  -2.388258e-06  -4.143769e-06  +8.641239e-07  -2.899155e-06  +1.259517e-05  -7.383118e-07  +7.156116e-06  +6.707397e-05  -2.276688e-07  +1.662628e-07  -3.957743e-03  +1.792429e-07  +3.527011e-08  -9.738111e-03  
+1.290267e-06  +4.036562e-06  +1.856080e-06  -1.125267e-07  -8.426074e-07  +8.946915e-07  -2.290526e-06  +9.714373e-06  -6.383306e-07  +5.769864e-06  +5.528299e-05  -1.987803e-07  +1.375688e-07  -3.129410e-03  -1.811290e-08  -3.096430e-08  -7.379554e-03  
+1.554139e-06  +1.856080e-06  +4.647612e-05  +3.034434e-06  +3.449698e-05  +1.095248e-05  -4.252268e-07  +5.534969e-05  -1.089703e-05  +6.436484e-05  +2.713310e-04  +3.876934e-09  -2.781078e-07  -2.493192e-02  +5.492298e-07  +6.746630e-08  -2.788781e-02  
-2.388258e-06  -1.125267e-07  +3.034434e-06  +1.440353e-04  +5.225390e-05  +6.230258e-06  +9.576529e-06  +6.125401e-06  -7.509181e-06  +3.946668e-05  +3.292522e-05  -7.092470e-07  -1.128255e-07  -5.893269e-03  -6.679167e-07  +8.583499e-08  +2.608661e-02  
-4.143769e-06  -8.426074e-07  +3.449698e-05  +5.225390e-05  +1.383291e-04  +1.953543e-05  +1.803052e-05  +2.820729e-05  -9.526279e-06  +4.710102e-05  +5.449373e-05  +2.037851e-06  -8.807095e-07  -6.919470e-03  -8.689797e-07  -4.339780e-07  -1.485385e-03  
+8.641239e-07  +8.946915e-07  +1.095248e-05  +6.230258e-06  +1.953543e-05  +9.174275e-06  +6.287194e-06  +3.466156e-05  -6.106442e-06  +3.088848e-05  +1.311965e-04  -1.137250e-07  -2.777830e-07  -6.976626e-03  +2.059628e-07  -1.480568e-07  -2.123255e-02  
-2.899155e-06  -2.290526e-06  -4.252268e-07  +9.576529e-06  +1.803052e-05  +6.287194e-06  +1.912779e-05  +4.706411e-06  -3.400630e-06  +4.947203e-06  -3.993659e-05  +3.707605e-07  -8.026943e-07  +6.306717e-03  -1.316377e-07  -3.088745e-07  -9.495775e-04  
+1.259517e-05  +9.714373e-06  +5.534969e-05  +6.125401e-06  +2.820729e-05  +3.466156e-05  +4.706411e-06  +2.613791e-04  -3.015793e-05  +1.669749e-04  +9.413023e-04  -1.271085e-06  -5.489354e-07  -5.691623e-02  +2.458601e-06  +5.415235e-08  -1.407297e-01  
-7.383118e-07  -6.383306e-07  -1.089703e-05  -7.509181e-06  -9.526279e-06  -6.106442e-06  -3.400630e-06  -3.015793e-05  +6.616286e-06  -3.404854e-05  -1.437988e-04  +2.628234e-07  +1.214479e-07  +9.596224e-03  -3.061493e-07  -1.002340e-07  +1.844070e-02  
+7.156116e-06  +5.769864e-06  +6.436484e-05  +3.946668e-05  +4.710102e-05  +3.088848e-05  +4.947203e-06  +1.669749e-04  -3.404854e-05  +1.941256e-04  +8.373383e-04  -1.714760e-06  -7.523222e-09  -5.984394e-02  +1.793483e-06  +8.589434e-07  -1.009354e-01  
+6.707397e-05  +5.528299e-05  +2.713310e-04  +3.292522e-05  +5.449373e-05  +1.311965e-04  -3.993659e-05  +9.413023e-04  -1.437988e-04  +8.373383e-04  +4.896209e-03  -1.100781e-05  +1.174628e-06  -3.112044e-01  +1.064949e-05  +2.817357e-06  -6.707644e-01  
-2.276688e-07  -1.987803e-07  +3.876934e-09  -7.092470e-07  +2.037851e-06  -1.137250e-07  +3.707605e-07  -1.271085e-06  +2.628234e-07  -1.714760e-06  -1.100781e-05  +2.243382e-07  -2.318094e-08  +6.430468e-04  -3.541475e-08  -4.337102e-09  +1.374975e-03  
+1.662628e-07  +1.375688e-07  -2.781078e-07  -1.128255e-07  -8.807095e-07  -2.777830e-07  -8.026943e-07  -5.489354e-07  +1.214479e-07  -7.523222e-09  +1.174628e-06  -2.318094e-08  +2.397532e-07  -1.444453e-04  +7.283334e-09  +9.793116e-09  +4.581945e-04  
-3.957743e-03  -3.129410e-03  -2.493192e-02  -5.893269e-03  -6.919470e-03  -6.976626e-03  +6.306717e-03  -5.691623e-02  +9.596224e-03  -5.984394e-02  -3.112044e-01  +6.430468e-04  -1.444453e-04  +2.612055e+01  -7.080892e-04  -4.031745e-04  +3.513410e+01  
+1.792429e-07  -1.811290e-08  +5.492298e-07  -6.679167e-07  -8.689797e-07  +2.059628e-07  -1.316377e-07  +2.458601e-06  -3.061493e-07  +1.793483e-06  +1.064949e-05  -3.541475e-08  +7.283334e-09  -7.080892e-04  +1.716425e-07  +6.572008e-09  -1.381073e-03  
+3.527011e-08  -3.096430e-08  +6.746630e-08  +8.583499e-08  -4.339780e-07  -1.480568e-07  -3.088745e-07  +5.415235e-08  -1.002340e-07  +8.589434e-07  +2.817357e-06  -4.337102e-09  +9.793116e-09  -4.031745e-04  +6.572008e-09  +1.410634e-07  -2.220493e-05  
-9.738111e-03  -7.379554e-03  -2.788781e-02  +2.608661e-02  -1.485385e-03  -2.123255e-02  -9.495775e-04  -1.407297e-01  +1.844070e-02  -1.009354e-01  -6.707644e-01  +1.374975e-03  +4.581945e-04  +3.513410e+01  -1.381073e-03  -2.220493e-05  +1.175290e+02  
