mean:
+3.925438e+00  +3.904784e+00  +6.413336e-01  -1.188194e+00  +1.697209e+00  +5.879464e-01  +9.191303e-01  +2.104036e+00  +1.423164e-01  +2.001292e+00  +4.844355e+00  +1.905692e+00  +3.007160e+00  +8.068697e+02  +4.960627e+00  +4.480316e+00  +2.022551e+03  
covariance:
+2.863958e-05  +9.563139e-06  -7.562280e-06  +7.486107e-06  +1.872246e-06  -9.036838e-06  +7.205129e-06  +2.885577e-05  -2.962134e-06  +5.667352e-05  -2.302141e-04  -4.305031e-08  -9.559281e-07  +1.154601e-02  -1.156835e-07  -5.392244e-08  +1.574049e-02  
+9.563139e-06  +1.480243e-05  -4.086448e-06  -8.443362e-06  -2.530370e-06  -1.341967e-05  +1.399146e-05  +6.260443e-05  -4.879350e-06  +7.416619e-05  -2.809219e-04  +4.264891e-07  -8.082318e-07  +1.210411e-02  +1.352565e-07  -9.178197e-07  +1.353680e-02  
-7.562280e-06  -4.086448e-06  +5.610107e-05  -6.603814e-05  -2.752879e-06  -1.369327e-06  +1.317604e-05  +3.307278e-05  +1.740012e-06  -3.240506e-05  +2.000836e-05  +2.178358e-06  +2.117449e-07  -6.138685e-03  +9.561415e-07  -8.168925e-07  +1.046898e-02  
+7.486107e-06  -8.443362e-06  -6.603814e-05  +2.960946e-04  +8.066985e-06  +4.237035e-05  -8.332638e-05  -1.468635e-04  +8.800826e-06  -1.051965e-04  +6.814752e-04  -5.785004e-06  +3.333583e-06  -2.704816e-02  -1.937305e-06  +4.541043e-06  -5.275356e-02  
+1.872246e-06  -2.530370e-06  -2.752879e-06  +8.066985e-06  +7.808692e-06  +5.998543e-07  +8.092753e-07  +7.810734e-07  -1.265020e-07  +6.417815e-07  +6.065169e-06  -2.378464e-07  +2.531054e-08  -4.815970e-04  -9.185415e-08  +2.606315e-07  +1.533180e-03  
-9.036838e-06  -1.341967e-05  -1.369327e-06  +4.237035e-05  +5.998543e-07  +4.143821e-05  -5.121091e-05  -1.793636e-04  +1.328749e-05  -2.009995e-04  +7.654268e-04  -1.595964e-06  +2.544801e-06  -2.982281e-02  -2.976015e-07  +2.086919e-06  -4.102428e-02  
+7.205129e-06  +1.399146e-05  +1.317604e-05  -8.332638e-05  +8.092753e-07  -5.121091e-05  +1.022208e-04  +2.640324e-04  -2.145410e-05  +2.543896e-04  -9.498212e-04  +1.825123e-06  -3.536302e-06  +3.613016e-02  +9.735615e-07  -4.506664e-06  +6.613838e-02  
+2.885577e-05  +6.260443e-05  +3.307278e-05  -1.468635e-04  +7.810734e-07  -1.793636e-04  +2.640324e-04  +1.093109e-03  -7.208770e-05  +9.736196e-04  -3.412273e-03  +6.639509e-06  -8.946311e-06  +1.331446e-01  +1.523957e-06  -1.374128e-05  +2.093944e-01  
-2.962134e-06  -4.879350e-06  +1.740012e-06  +8.800826e-06  -1.265020e-07  +1.328749e-05  -2.145410e-05  -7.208770e-05  +6.856735e-06  -7.765201e-05  +2.606663e-04  -3.619284e-07  +8.314157e-07  -1.103556e-02  -8.407293e-08  +1.039034e-06  -1.602712e-02  
+5.667352e-05  +7.416619e-05  -3.240506e-05  -1.051965e-04  +6.417815e-07  -2.009995e-04  +2.543896e-04  +9.736196e-04  -7.765201e-05  +1.148426e-03  -3.993902e-03  +5.007475e-06  -1.156953e-05  +1.695886e-01  +9.772396e-07  -1.205455e-05  +2.225453e-01  
-2.302141e-04  -2.809219e-04  +2.000836e-05  +6.814752e-04  +6.065169e-06  +7.654268e-04  -9.498212e-04  -3.412273e-03  +2.606663e-04  -3.993902e-03  +1.501027e-02  -2.849622e-05  +4.945570e-05  -6.139689e-01  -6.361854e-06  +4.208963e-05  -8.281308e-01  
-4.305031e-08  +4.264891e-07  +2.178358e-06  -5.785004e-06  -2.378464e-07  -1.595964e-06  +1.825123e-06  +6.639509e-06  -3.619284e-07  +5.007475e-06  -2.849622e-05  +9.406263e-07  -1.121630e-07  +9.805073e-04  -1.560507e-08  -1.523875e-07  +1.382215e-03  
-9.559281e-07  -8.082318e-07  +2.117449e-07  +3.333583e-06  +2.531054e-08  +2.544801e-06  -3.536302e-06  -8.946311e-06  +8.314157e-07  -1.156953e-05  +4.945570e-05  -1.121630e-07  +7.520331e-07  -1.808685e-03  -3.844689e-10  +1.084695e-07  -2.314321e-03  
+1.154601e-02  +1.210411e-02  -6.138685e-03  -2.704816e-02  -4.815970e-04  -2.982281e-02  +3.613016e-02  +1.331446e-01  -1.103556e-02  +1.695886e-01  -6.139689e-01  +9.805073e-04  -1.808685e-03  +2.944658e+01  +1.419111e-04  -1.915077e-03  +3.526555e+01  
-1.156835e-07  +1.352565e-07  +9.561415e-07  -1.937305e-06  -9.185415e-08  -2.976015e-07  +9.735615e-07  +1.523957e-06  -8.407293e-08  +9.772396e-07  -6.361854e-06  -1.560507e-08  -3.844689e-10  +1.419111e-04  +2.460804e-07  -4.488431e-08  +6.341614e-04  
-5.392244e-08  -9.178197e-07  -8.168925e-07  +4.541043e-06  +2.606315e-07  +2.086919e-06  -4.506664e-06  -1.374128e-05  +1.039034e-06  -1.205455e-05  +4.208963e-05  -1.523875e-07  +1.084695e-07  -1.915077e-03  -4.488431e-08  +5.712920e-07  -2.805756e-03  
+1.574049e-02  +1.353680e-02  +1.046898e-02  -5.275356e-02  +1.533180e-03  -4.102428e-02  +6.613838e-02  +2.093944e-01  -1.602712e-02  +2.225453e-01  -8.281308e-01  +1.382215e-03  -2.314321e-03  +3.526555e+01  +6.341614e-04  -2.805756e-03  +6.003483e+01  
