mean:
+3.922913e+00  +3.904764e+00  +6.423834e-01  -1.185605e+00  +1.563287e+00  +6.046624e-01  +9.171129e-01  +2.005418e+00  +1.427515e-01  +1.996729e+00  +4.743606e+00  +1.905895e+00  +3.007464e+00  +7.943404e+02  +4.959675e+00  +4.479911e+00  +1.997333e+03  
covariance:
+3.022145e-05  +5.064094e-06  -5.184411e-06  +1.757923e-05  +5.766625e-07  -5.310896e-06  -6.321452e-06  +4.933413e-05  +1.292473e-06  -2.188162e-05  +1.142078e-04  -3.706959e-07  -2.794036e-07  +4.196892e-03  -3.095322e-07  -8.884423e-08  +4.174454e-03  
+5.064094e-06  +8.979390e-06  +3.080177e-06  -2.176730e-05  +1.772936e-05  +1.069571e-07  -6.530156e-06  -3.638490e-05  -3.200552e-07  +1.092098e-05  -4.746660e-05  +8.415952e-08  +4.887771e-08  -2.659428e-03  -3.878926e-08  +5.028457e-08  -8.390085e-03  
-5.184411e-06  +3.080177e-06  +6.603839e-05  -1.397078e-04  +1.661272e-04  +2.074507e-05  -5.215942e-05  -2.984927e-04  +8.575411e-06  +7.448967e-05  -6.193158e-04  +5.241829e-07  +9.272931e-07  -2.283505e-02  +9.898104e-08  +2.819090e-07  -5.319439e-02  
+1.757923e-05  -2.176730e-05  -1.397078e-04  +7.948315e-04  -8.585689e-04  -5.301676e-05  +2.334523e-04  +9.974994e-04  -4.132033e-05  -1.494155e-04  +1.800576e-03  +6.293643e-07  -2.298519e-06  +6.742010e-02  -1.256231e-06  -3.995996e-07  +2.390673e-01  
+5.766625e-07  +1.772936e-05  +1.661272e-04  -8.585689e-04  +2.199575e-03  +7.376024e-05  -5.166977e-04  -7.460438e-04  +1.176449e-04  -3.951880e-04  -1.086080e-03  -9.918099e-06  -1.777239e-06  -2.302316e-02  +5.602195e-07  +4.550520e-08  -3.439084e-01  
-5.310896e-06  +1.069571e-07  +2.074507e-05  -5.301676e-05  +7.376024e-05  +1.675019e-05  -1.628890e-05  -9.268852e-05  +3.775126e-06  +2.462728e-05  -2.521730e-04  +9.045126e-07  -6.558159e-08  -6.593923e-03  +2.170471e-07  +9.173577e-08  -1.527919e-02  
-6.321452e-06  -6.530156e-06  -5.215942e-05  +2.334523e-04  -5.166977e-04  -1.628890e-05  +1.739938e-04  +2.235900e-04  -2.905338e-05  +5.590295e-05  +2.853873e-04  +2.271238e-06  -2.080081e-06  +1.118188e-02  -3.061862e-07  -1.163710e-07  +8.722852e-02  
+4.933413e-05  -3.638490e-05  -2.984927e-04  +9.974994e-04  -7.460438e-04  -9.268852e-05  +2.235900e-04  +3.116860e-03  -2.357450e-05  -9.221052e-04  +5.351181e-03  -1.059363e-06  -3.960048e-06  +2.298239e-01  -2.088456e-06  +2.310975e-06  +5.318929e-01  
+1.292473e-06  -3.200552e-07  +8.575411e-06  -4.132033e-05  +1.176449e-04  +3.775126e-06  -2.905338e-05  -2.357450e-05  +8.989833e-06  -4.060416e-05  -3.324221e-05  -3.671129e-07  -1.035368e-07  +1.029559e-04  +8.422496e-08  -4.471784e-08  -1.675381e-02  
-2.188162e-05  +1.092098e-05  +7.448967e-05  -1.494155e-04  -3.951880e-04  +2.462728e-05  +5.590295e-05  -9.221052e-04  -4.060416e-05  +6.202870e-04  -1.799898e-03  +3.065681e-06  +2.879186e-06  -8.215615e-02  +6.890908e-07  -2.631908e-07  -7.590897e-02  
+1.142078e-04  -4.746660e-05  -6.193158e-04  +1.800576e-03  -1.086080e-03  -2.521730e-04  +2.853873e-04  +5.351181e-03  -3.324221e-05  -1.799898e-03  +1.077757e-02  -1.237737e-05  -4.826716e-06  +4.210210e-01  -6.992882e-06  +3.898014e-06  +8.375489e-01  
-3.706959e-07  +8.415952e-08  +5.241829e-07  +6.293643e-07  -9.918099e-06  +9.045126e-07  +2.271238e-06  -1.059363e-06  -3.671129e-07  +3.065681e-06  -1.237737e-05  +7.479175e-07  -1.590444e-08  -3.478651e-04  +2.615404e-08  -1.508180e-10  +2.006259e-03  
-2.794036e-07  +4.887771e-08  +9.272931e-07  -2.298519e-06  -1.777239e-06  -6.558159e-08  -2.080081e-06  -3.960048e-06  -1.035368e-07  +2.879186e-06  -4.826716e-06  -1.590444e-08  +7.571133e-07  -6.396028e-04  +3.957899e-08  -7.806383e-08  -6.694745e-04  
+4.196892e-03  -2.659428e-03  -2.283505e-02  +6.742010e-02  -2.302316e-02  -6.593923e-03  +1.118188e-02  +2.298239e-01  +1.029559e-04  -8.215615e-02  +4.210210e-01  -3.478651e-04  -6.396028e-04  +1.940648e+01  -2.749063e-04  +2.144392e-04  +3.612364e+01  
-3.095322e-07  -3.878926e-08  +9.898104e-08  -1.256231e-06  +5.602195e-07  +2.170471e-07  -3.061862e-07  -2.088456e-06  +8.422496e-08  +6.890908e-07  -6.992882e-06  +2.615404e-08  +3.957899e-08  -2.749063e-04  +2.044831e-07  -4.852790e-08  -4.934266e-04  
-8.884423e-08  +5.028457e-08  +2.819090e-07  -3.995996e-07  +4.550520e-08  +9.173577e-08  -1.163710e-07  +2.310975e-06  -4.471784e-08  -2.631908e-07  +3.898014e-06  -1.508180e-10  -7.806383e-08  +2.144392e-04  -4.852790e-08  +3.171968e-07  +1.022011e-03  
+4.174454e-03  -8.390085e-03  -5.319439e-02  +2.390673e-01  -3.439084e-01  -1.527919e-02  +8.722852e-02  +5.318929e-01  -1.675381e-02  -7.590897e-02  +8.375489e-01  +2.006259e-03  -6.694745e-04  +3.612364e+01  -4.934266e-04  +1.022011e-03  +1.317365e+02  
