mean:
+3.957157e+00  +3.956271e+00  +6.125333e-01  -1.207420e+00  +1.650065e+00  +6.059097e-01  +9.049255e-01  +2.046386e+00  +1.123070e-01  +2.315363e+00  +5.441959e+00  +1.937355e+00  +3.045636e+00  +8.077864e+02  +4.994169e+00  +4.519601e+00  +1.950202e+03  
covariance:
+1.493196e-06  -6.508725e-10  -1.629096e-06  -3.298957e-07  +5.051607e-07  +1.997722e-06  +3.346106e-07  -8.371644e-06  -5.845904e-07  +6.306029e-06  +6.621144e-06  +4.197565e-08  +4.244806e-08  -1.801671e-04  +2.736170e-08  -1.962178e-08  -9.428923e-04  
-6.508725e-10  +1.736734e-06  -9.979122e-07  +1.757951e-06  +1.439049e-06  +1.452107e-07  +1.163173e-06  -6.863861e-06  -1.305355e-09  +1.676870e-06  -6.357776e-06  -9.896841e-08  -2.346546e-08  -1.556701e-04  +3.810536e-09  +2.920793e-08  -4.923975e-04  
-1.629096e-06  -9.979122e-07  +1.384323e-04  -1.683444e-05  -1.036553e-04  -1.523797e-04  -4.594561e-07  +3.318532e-04  +4.679082e-05  -4.892872e-04  -7.275750e-04  -6.549229e-07  +1.251531e-07  +1.213470e-02  -6.804417e-07  +1.175285e-07  +1.398652e-02  
-3.298957e-07  +1.757951e-06  -1.683444e-05  +5.530284e-04  -5.442795e-05  -9.478525e-05  +6.444975e-06  -1.942641e-04  +2.576231e-05  -2.670683e-04  -4.492403e-04  +2.487929e-06  -4.066451e-06  -2.686856e-03  +6.266429e-07  -1.176499e-06  +1.058465e-02  
+5.051607e-07  +1.439049e-06  -1.036553e-04  -5.442795e-05  +4.137148e-04  +2.710809e-04  -2.629923e-05  -2.080766e-04  -7.585622e-05  +8.020203e-04  +1.305017e-03  -2.164436e-06  -1.542347e-06  -1.417869e-02  +4.530126e-07  -2.544066e-08  -9.365026e-03  
+1.997722e-06  +1.452107e-07  -1.523797e-04  -9.478525e-05  +2.710809e-04  +7.750377e-04  -3.749327e-05  -4.873295e-04  -1.875526e-04  +1.910980e-03  +3.343784e-03  +4.623708e-06  +2.455436e-06  +4.095488e-03  +2.620559e-06  +1.127711e-06  -2.905068e-02  
+3.346106e-07  +1.163173e-06  -4.594561e-07  +6.444975e-06  -2.629923e-05  -3.749327e-05  +1.681640e-04  -3.364721e-04  -1.974916e-06  -1.635124e-04  -7.643871e-05  +2.574647e-07  -1.762968e-07  +2.266065e-03  +4.958665e-07  -2.709080e-08  -2.059642e-02  
-8.371644e-06  -6.863861e-06  +3.318532e-04  -1.942641e-04  -2.080766e-04  -4.873295e-04  -3.364721e-04  +3.929350e-03  +9.759451e-05  -5.343538e-04  -1.603543e-03  -4.289784e-06  +1.047042e-06  +6.738608e-03  -3.791720e-06  -1.648252e-06  +1.088687e-01  
-5.845904e-07  -1.305355e-09  +4.679082e-05  +2.576231e-05  -7.585622e-05  -1.875526e-04  -1.974916e-06  +9.759451e-05  +5.768173e-05  -5.794793e-04  -9.754207e-04  -8.023462e-07  -5.474486e-07  +6.120994e-04  -5.504205e-07  -1.825403e-07  +6.794897e-03  
+6.306029e-06  +1.676870e-06  -4.892872e-04  -2.670683e-04  +8.020203e-04  +1.910980e-03  -1.635124e-04  -5.343538e-04  -5.794793e-04  +6.156576e-03  +9.652582e-03  +7.050306e-06  +5.913994e-06  -2.696111e-02  +5.563580e-06  +1.967832e-06  -4.964962e-02  
+6.621144e-06  -6.357776e-06  -7.275750e-04  -4.492403e-04  +1.305017e-03  +3.343784e-03  -7.643871e-05  -1.603543e-03  -9.754207e-04  +9.652582e-03  +1.775346e-02  +1.663831e-05  +9.044467e-06  +4.241588e-02  +7.825367e-06  +4.020507e-06  -9.296850e-02  
+4.197565e-08  -9.896841e-08  -6.549229e-07  +2.487929e-06  -2.164436e-06  +4.623708e-06  +2.574647e-07  -4.289784e-06  -8.023462e-07  +7.050306e-06  +1.663831e-05  +3.697379e-07  +4.457471e-08  +5.044697e-05  +3.506816e-08  +3.078214e-08  -5.657342e-04  
+4.244806e-08  -2.346546e-08  +1.251531e-07  -4.066451e-06  -1.542347e-06  +2.455436e-06  -1.762968e-07  +1.047042e-06  -5.474486e-07  +5.913994e-06  +9.044467e-06  +4.457471e-08  +2.936515e-07  -1.409799e-05  +1.653232e-08  -3.648303e-09  -2.634025e-04  
-1.801671e-04  -1.556701e-04  +1.213470e-02  -2.686856e-03  -1.417869e-02  +4.095488e-03  +2.266065e-03  +6.738608e-03  +6.120994e-04  -2.696111e-02  +4.241588e-02  +5.044697e-05  -1.409799e-05  +2.091242e+01  -6.339415e-04  -1.375525e-04  +1.424735e+01  
+2.736170e-08  +3.810536e-09  -6.804417e-07  +6.266429e-07  +4.530126e-07  +2.620559e-06  +4.958665e-07  -3.791720e-06  -5.504205e-07  +5.563580e-06  +7.825367e-06  +3.506816e-08  +1.653232e-08  -6.339415e-04  +1.629483e-07  +1.960497e-08  -7.028164e-04  
-1.962178e-08  +2.920793e-08  +1.175285e-07  -1.176499e-06  -2.544066e-08  +1.127711e-06  -2.709080e-08  -1.648252e-06  -1.825403e-07  +1.967832e-06  +4.020507e-06  +3.078214e-08  -3.648303e-09  -1.375525e-04  +1.960497e-08  +1.379703e-07  -5.191083e-04  
-9.428923e-04  -4.923975e-04  +1.398652e-02  +1.058465e-02  -9.365026e-03  -2.905068e-02  -2.059642e-02  +1.088687e-01  +6.794897e-03  -4.964962e-02  -9.296850e-02  -5.657342e-04  -2.634025e-04  +1.424735e+01  -7.028164e-04  -5.191083e-04  +5.502985e+01  
