mean:
+3.956841e+00  +3.956181e+00  +7.438481e-01  -1.254322e+00  +1.615414e+00  +6.056021e-01  +8.927987e-01  +2.134832e+00  +1.479405e-01  +1.978380e+00  +5.034448e+00  +1.937684e+00  +3.045928e+00  +8.037485e+02  +4.994534e+00  +4.519836e+00  +1.952396e+03  
covariance:
+1.415355e-06  -1.829606e-08  +4.204368e-08  +1.510488e-06  +3.118605e-06  -5.569574e-08  -1.136178e-06  +1.679036e-06  -1.440511e-08  +1.840317e-06  -1.305565e-06  -9.192889e-08  -4.299128e-08  -2.371288e-04  +5.399443e-08  +4.416260e-08  -1.548490e-04  
-1.829606e-08  +1.799075e-06  -9.165782e-07  +6.164362e-06  +7.493557e-08  +2.303413e-08  -1.432399e-06  -1.615207e-06  +5.827097e-08  +1.951000e-06  -2.585200e-06  +6.746463e-08  -1.325080e-07  +1.654846e-04  +2.225604e-08  -3.318180e-08  +1.213992e-03  
+4.204368e-08  -9.165782e-07  +6.874853e-05  -3.343488e-04  +2.958463e-05  +9.148380e-06  +9.240676e-05  +1.306657e-04  -1.151224e-05  -3.967085e-06  +1.239154e-04  -1.439988e-06  +1.448401e-07  +9.700820e-04  -3.714316e-07  +5.966774e-07  -5.307493e-02  
+1.510488e-06  +6.164362e-06  -3.343488e-04  +3.264071e-03  -3.569399e-04  -3.676289e-05  -7.100495e-04  -9.017404e-04  +9.283365e-05  -6.454721e-06  -8.383528e-04  +1.505976e-05  -2.633736e-06  +3.395725e-02  +2.666962e-06  -7.790023e-06  +4.950723e-01  
+3.118605e-06  +7.493557e-08  +2.958463e-05  -3.569399e-04  +3.334923e-04  +2.854557e-06  +4.225251e-05  +1.777347e-04  -2.182940e-05  +1.244548e-04  +1.359512e-04  -4.838869e-06  -1.434438e-06  -2.064350e-02  +5.364172e-07  +1.548466e-06  -6.040990e-02  
-5.569574e-08  +2.303413e-08  +9.148380e-06  -3.676289e-05  +2.854557e-06  +3.298363e-06  +1.144456e-05  +1.444766e-05  -1.958929e-06  +3.343824e-06  +2.042632e-05  -1.682792e-07  -1.393081e-07  +8.658705e-04  -1.414204e-08  +1.722819e-08  -4.735137e-03  
-1.136178e-06  -1.432399e-06  +9.240676e-05  -7.100495e-04  +4.225251e-05  +1.144456e-05  +1.797407e-04  +2.098677e-04  -2.189598e-05  -1.115887e-05  +2.121665e-04  -2.585901e-06  +6.589652e-07  -1.450191e-03  -5.769270e-07  +1.571342e-06  -1.021403e-01  
+1.679036e-06  -1.615207e-06  +1.306657e-04  -9.017404e-04  +1.777347e-04  +1.444766e-05  +2.098677e-04  +4.164845e-04  -3.280848e-05  +5.233540e-05  +2.874371e-04  -5.630209e-06  +2.705914e-07  -1.135412e-02  -3.428552e-08  +2.226790e-06  -1.496912e-01  
-1.440511e-08  +5.827097e-08  -1.151224e-05  +9.283365e-05  -2.182940e-05  -1.958929e-06  -2.189598e-05  -3.280848e-05  +4.438681e-06  -1.033188e-05  -3.330629e-05  +5.718884e-07  +6.373247e-08  +1.243143e-03  +1.183097e-08  -2.551417e-07  +1.382813e-02  
+1.840317e-06  +1.951000e-06  -3.967085e-06  -6.454721e-06  +1.244548e-04  +3.343824e-06  -1.115887e-05  +5.233540e-05  -1.033188e-05  +9.975224e-05  +2.380035e-05  -1.878864e-06  -1.059153e-06  -8.873634e-03  +6.796936e-07  +3.605485e-07  -3.490923e-03  
-1.305565e-06  -2.585200e-06  +1.239154e-04  -8.383528e-04  +1.359512e-04  +2.042632e-05  +2.121665e-04  +2.874371e-04  -3.330629e-05  +2.380035e-05  +3.849726e-04  -5.645468e-06  -5.552396e-07  -7.461308e-04  -3.435788e-07  +2.767289e-06  -1.332198e-01  
-9.192889e-08  +6.746463e-08  -1.439988e-06  +1.505976e-05  -4.838869e-06  -1.682792e-07  -2.585901e-06  -5.630209e-06  +5.718884e-07  -1.878864e-06  -5.645468e-06  +4.186222e-07  +7.470157e-08  +5.133894e-04  -8.298072e-09  -4.627946e-08  +3.402836e-03  
-4.299128e-08  -1.325080e-07  +1.448401e-07  -2.633736e-06  -1.434438e-06  -1.393081e-07  +6.589652e-07  +2.705914e-07  +6.373247e-08  -1.059153e-06  -5.552396e-07  +7.470157e-08  +2.900545e-07  -5.235380e-05  +1.855775e-09  -1.390520e-08  -2.501024e-04  
-2.371288e-04  +1.654846e-04  +9.700820e-04  +3.395725e-02  -2.064350e-02  +8.658705e-04  -1.450191e-03  -1.135412e-02  +1.243143e-03  -8.873634e-03  -7.461308e-04  +5.133894e-04  -5.235380e-05  +3.811833e+00  -3.719799e-05  -6.923637e-05  +8.270513e+00  
+5.399443e-08  +2.225604e-08  -3.714316e-07  +2.666962e-06  +5.364172e-07  -1.414204e-08  -5.769270e-07  -3.428552e-08  +1.183097e-08  +6.796936e-07  -3.435788e-07  -8.298072e-09  +1.855775e-09  -3.719799e-05  +1.331957e-07  +3.950934e-09  +6.266315e-04  
+4.416260e-08  -3.318180e-08  +5.966774e-07  -7.790023e-06  +1.548466e-06  +1.722819e-08  +1.571342e-06  +2.226790e-06  -2.551417e-07  +3.605485e-07  +2.767289e-06  -4.627946e-08  -1.390520e-08  -6.923637e-05  +3.950934e-09  +1.308180e-07  -1.279129e-03  
-1.548490e-04  +1.213992e-03  -5.307493e-02  +4.950723e-01  -6.040990e-02  -4.735137e-03  -1.021403e-01  -1.496912e-01  +1.382813e-02  -3.490923e-03  -1.332198e-01  +3.402836e-03  -2.501024e-04  +8.270513e+00  +6.266315e-04  -1.279129e-03  +9.665789e+01  
