mean:
+3.923371e+00  +3.904277e+00  +6.587415e-01  -1.203199e+00  +1.572861e+00  +6.032575e-01  +9.221775e-01  +2.030967e+00  +1.411596e-01  +1.976164e+00  +4.869390e+00  +1.906004e+00  +3.007822e+00  +7.972804e+02  +4.959918e+00  +4.480021e+00  +2.004673e+03  
covariance:
+2.263528e-05  +5.522137e-06  -7.880717e-06  +1.223337e-05  -1.481398e-05  -5.706461e-08  -2.215932e-06  +6.087668e-06  +7.475529e-07  -6.215823e-06  +9.273629e-06  -1.797986e-07  +3.761293e-07  -7.722150e-04  +3.198254e-07  +2.664731e-07  -2.809214e-03  
+5.522137e-06  +8.192009e-06  +1.668085e-06  -1.193793e-05  +1.794059e-05  -3.575920e-07  -7.727326e-06  -4.788576e-06  -5.374205e-07  +9.995871e-06  -3.867221e-05  +1.283190e-07  +3.793093e-07  -4.865224e-03  +1.223184e-07  +3.015949e-07  +1.079242e-03  
-7.880717e-06  +1.668085e-06  +9.623932e-05  -5.106395e-05  -6.644812e-05  +1.878007e-05  +3.767948e-05  -1.063728e-04  -1.130538e-05  +1.124672e-04  -2.625488e-04  +2.655087e-07  +5.599304e-07  -2.282503e-02  +5.932680e-07  -1.462301e-07  +1.376218e-02  
+1.223337e-05  -1.193793e-05  -5.106395e-05  +4.666458e-04  -2.494214e-04  -6.046118e-06  +5.885562e-05  +2.989685e-04  +4.592057e-06  -1.750166e-04  +6.737528e-04  +5.978226e-07  -4.355734e-06  +6.096869e-02  +6.511917e-09  -3.618448e-07  -9.480665e-02  
-1.481398e-05  +1.794059e-05  -6.644812e-05  -2.494214e-04  +1.738947e-03  -1.310228e-05  -4.038080e-04  +9.938017e-04  +3.367465e-05  +2.480624e-05  -2.189390e-05  -1.910503e-06  -5.468529e-06  -2.152274e-02  -6.305190e-07  +3.358258e-06  +7.570662e-02  
-5.706461e-08  -3.575920e-07  +1.878007e-05  -6.046118e-06  -1.310228e-05  +7.853726e-06  +9.959432e-06  -3.308684e-06  -2.470298e-06  +1.696539e-05  -1.770834e-05  -1.368818e-07  -2.988438e-08  -8.825716e-04  +1.220479e-07  +6.737691e-09  +2.696764e-03  
-2.215932e-06  -7.727326e-06  +3.767948e-05  +5.885562e-05  -4.038080e-04  +9.959432e-06  +1.542301e-04  -2.668120e-04  -1.750295e-05  +1.564044e-05  +7.329234e-05  -2.407051e-07  +5.139997e-07  +1.175263e-02  +2.415720e-07  -1.036974e-06  -2.164344e-02  
+6.087668e-06  -4.788576e-06  -1.063728e-04  +2.989685e-04  +9.938017e-04  -3.308684e-06  -2.668120e-04  +1.483531e-03  +3.108223e-05  -2.676515e-04  +1.339125e-03  +2.154087e-07  -7.556428e-06  +1.042464e-01  -6.797329e-07  +1.758902e-07  -3.468148e-02  
+7.475529e-07  -5.374205e-07  -1.130538e-05  +4.592057e-06  +3.367465e-05  -2.470298e-06  -1.750295e-05  +3.108223e-05  +4.475435e-06  -1.778389e-05  +2.333723e-06  -9.103436e-08  -8.439283e-08  +3.617899e-04  -6.238964e-08  +1.463877e-07  +4.396678e-04  
-6.215823e-06  +9.995871e-06  +1.124672e-04  -1.750166e-04  +2.480624e-05  +1.696539e-05  +1.564044e-05  -2.676515e-04  -1.778389e-05  +2.628838e-04  -7.113758e-04  +3.489107e-07  +2.355843e-06  -6.443590e-02  +5.536919e-07  +2.110554e-07  +4.053398e-02  
+9.273629e-06  -3.867221e-05  -2.625488e-04  +6.737528e-04  -2.189390e-05  -1.770834e-05  +7.329234e-05  +1.339125e-03  +2.333723e-06  -7.113758e-04  +3.820606e-03  +4.911109e-06  -1.323785e-05  +3.156566e-01  -1.286746e-06  -2.883210e-06  -1.754721e-01  
-1.797986e-07  +1.283190e-07  +2.655087e-07  +5.978226e-07  -1.910503e-06  -1.368818e-07  -2.407051e-07  +2.154087e-07  -9.103436e-08  +3.489107e-07  +4.911109e-06  +5.926555e-07  -2.350537e-08  +6.214768e-05  +4.932163e-08  +1.285288e-08  -5.463809e-04  
+3.761293e-07  +3.793093e-07  +5.599304e-07  -4.355734e-06  -5.468529e-06  -2.988438e-08  +5.139997e-07  -7.556428e-06  -8.439283e-08  +2.355843e-06  -1.323785e-05  -2.350537e-08  +6.917083e-07  -1.645630e-03  +1.565748e-08  +4.274394e-08  +6.845535e-04  
-7.722150e-04  -4.865224e-03  -2.282503e-02  +6.096869e-02  -2.152274e-02  -8.825716e-04  +1.175263e-02  +1.042464e-01  +3.617899e-04  -6.443590e-02  +3.156566e-01  +6.214768e-05  -1.645630e-03  +3.172182e+01  -1.191945e-04  -4.191514e-04  -1.229938e+01  
+3.198254e-07  +1.223184e-07  +5.932680e-07  +6.511917e-09  -6.305190e-07  +1.220479e-07  +2.415720e-07  -6.797329e-07  -6.238964e-08  +5.536919e-07  -1.286746e-06  +4.932163e-08  +1.565748e-08  -1.191945e-04  +2.231358e-07  +1.365580e-08  +1.457354e-04  
+2.664731e-07  +3.015949e-07  -1.462301e-07  -3.618448e-07  +3.358258e-06  +6.737691e-09  -1.036974e-06  +1.758902e-07  +1.463877e-07  +2.110554e-07  -2.883210e-06  +1.285288e-08  +4.274394e-08  -4.191514e-04  +1.365580e-08  +3.235257e-07  +2.622916e-04  
-2.809214e-03  +1.079242e-03  +1.376218e-02  -9.480665e-02  +7.570662e-02  +2.696764e-03  -2.164344e-02  -3.468148e-02  +4.396678e-04  +4.053398e-02  -1.754721e-01  -5.463809e-04  +6.845535e-04  -1.229938e+01  +1.457354e-04  +2.622916e-04  +3.540670e+01  
