mean:
+3.956240e+00  +3.956616e+00  +6.363952e-01  -1.198241e+00  +1.586599e+00  +5.992729e-01  +9.033751e-01  +2.068845e+00  +1.169941e-01  +1.910269e+00  +5.082084e+00  +1.939987e+00  +3.047830e+00  +1.024830e+03  +4.994257e+00  +4.519355e+00  +2.875366e+03  
covariance:
+3.323412e-06  +3.926513e-08  +2.246850e-06  +5.728620e-06  -6.980402e-06  -9.864449e-07  +5.233414e-06  -2.217641e-06  -3.923396e-08  +2.856975e-07  -3.621117e-06  +2.773272e-07  -2.472489e-08  -3.508178e-05  -6.952021e-08  +1.334939e-07  -3.800930e-04  
+3.926513e-08  +2.864397e-06  -2.832886e-06  -2.956465e-06  -6.447415e-06  +5.716706e-08  -3.084199e-06  -3.186728e-06  +9.052424e-08  +2.064492e-06  +3.863864e-06  +1.237997e-07  +2.505512e-07  +4.237640e-04  -1.309039e-07  +7.813732e-08  +3.255807e-05  
+2.246850e-06  -2.832886e-06  +1.170172e-04  +6.340651e-05  -1.750703e-04  -2.269767e-05  +1.389976e-04  +8.769271e-05  -9.447120e-06  +7.091528e-06  -9.401044e-05  +5.889494e-06  +7.546678e-07  -1.352010e-02  +1.034107e-06  +1.815657e-06  -8.377334e-03  
+5.728620e-06  -2.956465e-06  +6.340651e-05  +1.959521e-04  -2.189144e-04  -2.015688e-05  +1.366624e-04  -7.418051e-05  -1.001197e-05  -2.648397e-08  +3.086599e-05  +7.350823e-06  -3.222377e-07  +1.151953e-02  -2.134335e-07  +7.921934e-07  -1.468095e-02  
-6.980402e-06  -6.447415e-06  -1.750703e-04  -2.189144e-04  +7.098557e-04  +5.016387e-05  -3.026471e-04  +4.991135e-05  +2.265765e-05  -3.568636e-05  -1.162712e-05  -2.130119e-05  -7.192622e-06  +2.340118e-03  -4.737224e-07  -3.858847e-06  +2.918089e-02  
-9.864449e-07  +5.716706e-08  -2.269767e-05  -2.015688e-05  +5.016387e-05  +8.364428e-06  -2.999574e-05  -1.380318e-05  +2.267843e-06  -5.238088e-06  +1.494914e-05  -1.532322e-06  -2.475548e-07  +2.943065e-03  -1.093623e-07  -3.461767e-07  -9.885354e-04  
+5.233414e-06  -3.084199e-06  +1.389976e-04  +1.366624e-04  -3.026471e-04  -2.999574e-05  +2.320696e-04  +3.416134e-05  -1.470340e-05  -1.318731e-05  -6.541154e-05  +9.863007e-06  +9.024491e-07  -6.927104e-03  +1.003012e-06  +2.492726e-06  -2.054107e-02  
-2.217641e-06  -3.186728e-06  +8.769271e-05  -7.418051e-05  +4.991135e-05  -1.380318e-05  +3.416134e-05  +2.578386e-04  -2.058297e-06  +1.416206e-05  -1.515344e-04  -2.019006e-06  -9.522919e-07  -3.075200e-02  +1.379724e-06  +1.018694e-06  +7.948115e-03  
-3.923396e-08  +9.052424e-08  -9.447120e-06  -1.001197e-05  +2.265765e-05  +2.267843e-06  -1.470340e-05  -2.058297e-06  +1.587156e-06  -1.489416e-06  -1.026983e-06  -7.617236e-07  -1.553733e-07  +3.949913e-04  -5.947523e-08  -1.367950e-07  +1.100385e-03  
+2.856975e-07  +2.064492e-06  +7.091528e-06  -2.648397e-08  -3.568636e-05  -5.238088e-06  -1.318731e-05  +1.416206e-05  -1.489416e-06  +3.748222e-05  -3.125879e-06  +1.092337e-06  +9.936200e-07  -4.341702e-03  -2.671194e-08  +1.438838e-07  +7.631700e-03  
-3.621117e-06  +3.863864e-06  -9.401044e-05  +3.086599e-05  -1.162712e-05  +1.494914e-05  -6.541154e-05  -1.515344e-04  -1.026983e-06  -3.125879e-06  +3.211208e-04  +2.987320e-08  +2.043233e-06  +2.843326e-02  -3.384100e-07  -2.065274e-06  -1.559050e-02  
+2.773272e-07  +1.237997e-07  +5.889494e-06  +7.350823e-06  -2.130119e-05  -1.532322e-06  +9.863007e-06  -2.019006e-06  -7.617236e-07  +1.092337e-06  +2.987320e-08  +8.525469e-07  +1.987816e-07  -5.961719e-05  +8.538519e-09  +1.127389e-07  -1.003205e-03  
-2.472489e-08  +2.505512e-07  +7.546678e-07  -3.222377e-07  -7.192622e-06  -2.475548e-07  +9.024491e-07  -9.522919e-07  -1.553733e-07  +9.936200e-07  +2.043233e-06  +1.987816e-07  +3.680922e-07  -1.128982e-04  +3.233256e-09  +8.948414e-09  -2.446392e-04  
-3.508178e-05  +4.237640e-04  -1.352010e-02  +1.151953e-02  +2.340118e-03  +2.943065e-03  -6.927104e-03  -3.075200e-02  +3.949913e-04  -4.341702e-03  +2.843326e-02  -5.961719e-05  -1.128982e-04  +6.037202e+00  -2.630411e-04  -2.222836e-04  -2.263101e+00  
-6.952021e-08  -1.309039e-07  +1.034107e-06  -2.134335e-07  -4.737224e-07  -1.093623e-07  +1.003012e-06  +1.379724e-06  -5.947523e-08  -2.671194e-08  -3.384100e-07  +8.538519e-09  +3.233256e-09  -2.630411e-04  +1.534107e-07  -2.370061e-08  -6.477928e-05  
+1.334939e-07  +7.813732e-08  +1.815657e-06  +7.921934e-07  -3.858847e-06  -3.461767e-07  +2.492726e-06  +1.018694e-06  -1.367950e-07  +1.438838e-07  -2.065274e-06  +1.127389e-07  +8.948414e-09  -2.222836e-04  -2.370061e-08  +1.587766e-07  -1.281415e-04  
-3.800930e-04  +3.255807e-05  -8.377334e-03  -1.468095e-02  +2.918089e-02  -9.885354e-04  -2.054107e-02  +7.948115e-03  +1.100385e-03  +7.631700e-03  -1.559050e-02  -1.003205e-03  -2.446392e-04  -2.263101e+00  -6.477928e-05  -1.281415e-04  +9.109835e+00  
