mean:
+3.982230e+00  +3.940829e+00  +6.591020e-01  -1.089029e+00  +1.674108e+00  +5.039429e-01  +9.123039e-01  +2.070616e+00  +1.472415e-01  +2.004518e+00  +4.838662e+00  +1.839583e+00  +2.983598e+00  +8.018532e+02  +4.960001e+00  +4.479812e+00  +2.004730e+03  
covariance:
+3.580316e-06  -7.241756e-07  +4.767505e-06  -8.584064e-06  +2.851929e-05  -1.499425e-06  -9.798054e-08  -7.198749e-06  -1.199385e-06  +1.918377e-05  -1.012668e-04  +3.442921e-07  +4.578664e-09  +7.341573e-04  +3.453591e-08  -3.487060e-08  +4.829683e-03  
-7.241756e-07  +3.795911e-06  -3.924063e-06  +7.937871e-06  -3.311365e-05  +1.523656e-06  -3.252670e-07  +6.920780e-06  +1.539405e-06  -2.161446e-05  +1.096317e-04  -3.723740e-07  -1.016794e-07  -8.529228e-04  +2.763836e-08  +8.631181e-08  -5.471368e-03  
+4.767505e-06  -3.924063e-06  +6.110392e-05  +2.445716e-05  +1.381494e-04  +6.164916e-06  -7.673499e-06  -5.070982e-06  -4.081038e-06  +7.277912e-05  -3.293967e-04  +1.176831e-06  -2.838960e-07  +1.562696e-03  -1.653430e-07  +1.400675e-07  +3.446394e-02  
-8.584064e-06  +7.937871e-06  +2.445716e-05  +2.528882e-04  -1.613654e-04  +2.372440e-05  +3.675574e-06  +5.768115e-05  +2.717640e-06  -8.233253e-05  +5.892461e-04  -1.212775e-06  -2.184200e-06  -1.084630e-02  -5.585593e-07  -5.409148e-07  -3.929231e-03  
+2.851929e-05  -3.311365e-05  +1.381494e-04  -1.613654e-04  +8.546677e-04  -1.292894e-05  -1.712173e-05  -1.608822e-04  -2.741033e-05  +4.534287e-04  -2.219365e-03  +8.541843e-06  +1.389432e-06  +1.756126e-02  -1.859482e-07  -5.455338e-07  +1.548006e-01  
-1.499425e-06  +1.523656e-06  +6.164916e-06  +2.372440e-05  -1.292894e-05  +6.504755e-06  -9.227450e-07  +1.188533e-05  -2.004979e-07  -6.251763e-06  +9.627791e-05  -5.119425e-07  -3.314575e-07  -8.511055e-04  +2.886456e-08  +1.458936e-07  +4.669849e-04  
-9.798054e-08  -3.252670e-07  -7.673499e-06  +3.675574e-06  -1.712173e-05  -9.227450e-07  +8.315616e-06  +2.449205e-06  -1.222992e-06  -5.727276e-07  +2.119532e-05  -8.068943e-08  -1.807291e-07  -4.182882e-04  -4.238440e-08  -1.711379e-07  -5.008774e-03  
-7.198749e-06  +6.920780e-06  -5.070982e-06  +5.768115e-05  -1.608822e-04  +1.188533e-05  +2.449205e-06  +1.452495e-04  +8.774599e-06  -1.197139e-04  +5.076334e-04  -1.737054e-06  -1.312159e-06  -7.381664e-03  +1.469948e-08  -2.185225e-07  -2.196131e-02  
-1.199385e-06  +1.539405e-06  -4.081038e-06  +2.717640e-06  -2.741033e-05  -2.004979e-07  -1.222992e-06  +8.774599e-06  +2.415863e-06  -2.417090e-05  +8.189479e-05  -1.647441e-07  +6.832411e-08  -8.695778e-04  +5.018260e-08  +1.903044e-08  -4.718330e-03  
+1.918377e-05  -2.161446e-05  +7.277912e-05  -8.233253e-05  +4.534287e-04  -6.251763e-06  -5.727276e-07  -1.197139e-04  -2.417090e-05  +3.257394e-04  -1.360594e-03  +3.994175e-06  -4.211298e-08  +1.365783e-02  -4.366803e-07  -2.011003e-07  +7.857797e-02  
-1.012668e-04  +1.096317e-04  -3.293967e-04  +5.892461e-04  -2.219365e-03  +9.627791e-05  +2.119532e-05  +5.076334e-04  +8.189479e-05  -1.360594e-03  +7.146064e-03  -2.653650e-05  -4.360295e-06  -5.849660e-02  +1.320749e-06  +3.204260e-06  -3.716268e-01  
+3.442921e-07  -3.723740e-07  +1.176831e-06  -1.212775e-06  +8.541843e-06  -5.119425e-07  -8.068943e-08  -1.737054e-06  -1.647441e-07  +3.994175e-06  -2.653650e-05  +2.879406e-07  +2.949090e-08  +1.161153e-04  +1.497040e-09  -2.400126e-08  +1.564564e-03  
+4.578664e-09  -1.016794e-07  -2.838960e-07  -2.184200e-06  +1.389432e-06  -3.314575e-07  -1.807291e-07  -1.312159e-06  +6.832411e-08  -4.211298e-08  -4.360295e-06  +2.949090e-08  +2.644092e-07  -2.153178e-05  -2.689085e-09  -1.830227e-09  +2.064203e-04  
+7.341573e-04  -8.529228e-04  +1.562696e-03  -1.084630e-02  +1.756126e-02  -8.511055e-04  -4.182882e-04  -7.381664e-03  -8.695778e-04  +1.365783e-02  -5.849660e-02  +1.161153e-04  -2.153178e-05  +2.614139e+00  +8.185298e-05  +4.408454e-05  +2.311194e-01  
+3.453591e-08  +2.763836e-08  -1.653430e-07  -5.585593e-07  -1.859482e-07  +2.886456e-08  -4.238440e-08  +1.469948e-08  +5.018260e-08  -4.366803e-07  +1.320749e-06  +1.497040e-09  -2.689085e-09  +8.185298e-05  +1.082114e-07  -9.888619e-10  -9.046143e-05  
-3.487060e-08  +8.631181e-08  +1.400675e-07  -5.409148e-07  -5.455338e-07  +1.458936e-07  -1.711379e-07  -2.185225e-07  +1.903044e-08  -2.011003e-07  +3.204260e-06  -2.400126e-08  -1.830227e-09  +4.408454e-05  -9.888619e-10  +1.036429e-07  -1.780527e-04  
+4.829683e-03  -5.471368e-03  +3.446394e-02  -3.929231e-03  +1.548006e-01  +4.669849e-04  -5.008774e-03  -2.196131e-02  -4.718330e-03  +7.857797e-02  -3.716268e-01  +1.564564e-03  +2.064203e-04  +2.311194e-01  -9.046143e-05  -1.780527e-04  +3.969143e+01  
