mean:
+3.926867e+00  +3.905841e+00  +6.403670e-01  -1.207217e+00  +1.692422e+00  +5.845260e-01  +9.255960e-01  +2.134097e+00  +1.433495e-01  +1.997245e+00  +4.775065e+00  +1.905802e+00  +3.007087e+00  +8.102822e+02  +4.960221e+00  +4.480090e+00  +2.005141e+03  
covariance:
+1.804618e-05  +5.973418e-06  -3.622837e-06  +3.232861e-05  +1.197865e-06  +7.161175e-06  -6.536843e-06  -3.214999e-05  +6.564153e-07  -1.814414e-05  +1.178014e-04  +5.101396e-07  +9.573915e-07  -2.936224e-03  -8.391023e-08  -2.851573e-08  -2.740025e-03  
+5.973418e-06  +9.299733e-06  +5.715314e-06  -4.967762e-05  -5.166354e-06  -3.979886e-06  +6.214831e-06  +2.179953e-05  -2.775818e-06  +4.127268e-05  -1.402243e-04  +1.182890e-07  -4.569015e-07  +4.375608e-03  -1.840158e-08  +3.317113e-07  +6.361619e-03  
-3.622837e-06  +5.715314e-06  +5.982102e-05  -2.179699e-04  -7.659435e-06  -2.851953e-05  +1.254985e-05  +1.010933e-04  -6.633305e-06  +1.153427e-04  -4.005892e-04  +2.596628e-07  -9.483192e-07  +1.205344e-02  -9.239248e-08  +1.368582e-06  -4.412484e-03  
+3.232861e-05  -4.967762e-05  -2.179699e-04  +1.661962e-03  +8.278212e-05  +1.655865e-04  -1.663294e-04  -8.252147e-04  +5.196570e-05  -9.389772e-04  +3.592690e-03  +2.926832e-06  +1.675715e-05  -1.185773e-01  -3.394102e-06  -3.161288e-06  -1.057143e-01  
+1.197865e-06  -5.166354e-06  -7.659435e-06  +8.278212e-05  +5.471809e-05  +3.003651e-06  +2.066762e-06  -3.582795e-06  +2.427682e-06  -3.649879e-05  +1.202285e-04  +1.133277e-06  -2.399318e-07  -3.498255e-04  +4.182314e-07  +2.849604e-07  -9.754991e-03  
+7.161175e-06  -3.979886e-06  -2.851953e-05  +1.655865e-04  +3.003651e-06  +3.293392e-05  -2.489032e-05  -1.365840e-04  +4.292263e-06  -9.335839e-05  +4.706772e-04  -2.793577e-07  +1.808174e-06  -1.086290e-02  -3.305549e-07  -1.089127e-06  -2.602162e-03  
-6.536843e-06  +6.214831e-06  +1.254985e-05  -1.663294e-04  +2.066762e-06  -2.489032e-05  +6.133070e-05  +1.696963e-04  -9.974538e-06  +1.205191e-04  -5.109297e-04  -8.992303e-07  -3.191541e-06  +2.032508e-02  +4.117174e-07  +5.811278e-07  +1.694831e-02  
-3.214999e-05  +2.179953e-05  +1.010933e-04  -8.252147e-04  -3.582795e-06  -1.365840e-04  +1.696963e-04  +8.231606e-04  -2.956307e-05  +4.704690e-04  -2.221356e-03  -1.122046e-06  -1.116226e-05  +6.827950e-02  +6.922398e-07  +2.185940e-06  +3.934648e-02  
+6.564153e-07  -2.775818e-06  -6.633305e-06  +5.196570e-05  +2.427682e-06  +4.292263e-06  -9.974538e-06  -2.956307e-05  +4.983656e-06  -4.992149e-05  +1.212995e-04  +6.791795e-08  +4.609819e-07  -5.926096e-03  +4.481955e-08  +2.576705e-07  -5.892660e-03  
-1.814414e-05  +4.127268e-05  +1.153427e-04  -9.389772e-04  -3.649879e-05  -9.335839e-05  +1.205191e-04  +4.704690e-04  -4.992149e-05  +8.018379e-04  -2.601979e-03  -1.309820e-06  -9.489376e-06  +9.233692e-02  +1.762118e-06  +4.566412e-08  +1.092406e-01  
+1.178014e-04  -1.402243e-04  -4.005892e-04  +3.592690e-03  +1.202285e-04  +4.706772e-04  -5.109297e-04  -2.221356e-03  +1.212995e-04  -2.601979e-03  +1.143944e-02  +7.886731e-06  +4.891024e-05  -3.231310e-01  -1.086848e-05  -1.484713e-05  -3.965401e-01  
+5.101396e-07  +1.182890e-07  +2.596628e-07  +2.926832e-06  +1.133277e-06  -2.793577e-07  -8.992303e-07  -1.122046e-06  +6.791795e-08  -1.309820e-06  +7.886731e-06  +8.026394e-07  -1.007109e-08  -4.857888e-04  +3.906767e-08  +6.068046e-08  -9.089109e-04  
+9.573915e-07  -4.569015e-07  -9.483192e-07  +1.675715e-05  -2.399318e-07  +1.808174e-06  -3.191541e-06  -1.116226e-05  +4.609819e-07  -9.489376e-06  +4.891024e-05  -1.007109e-08  +9.665000e-07  -1.594278e-03  -7.522990e-08  -1.452543e-07  -1.507579e-03  
-2.936224e-03  +4.375608e-03  +1.205344e-02  -1.185773e-01  -3.498255e-04  -1.086290e-02  +2.032508e-02  +6.827950e-02  -5.926096e-03  +9.233692e-02  -3.231310e-01  -4.857888e-04  -1.594278e-03  +1.455094e+01  +2.750762e-04  +1.712511e-05  +1.345460e+01  
-8.391023e-08  -1.840158e-08  -9.239248e-08  -3.394102e-06  +4.182314e-07  -3.305549e-07  +4.117174e-07  +6.922398e-07  +4.481955e-08  +1.762118e-06  -1.086848e-05  +3.906767e-08  -7.522990e-08  +2.750762e-04  +3.273394e-07  -8.006728e-09  +7.467028e-04  
-2.851573e-08  +3.317113e-07  +1.368582e-06  -3.161288e-06  +2.849604e-07  -1.089127e-06  +5.811278e-07  +2.185940e-06  +2.576705e-07  +4.566412e-08  -1.484713e-05  +6.068046e-08  -1.452543e-07  +1.712511e-05  -8.006728e-09  +5.277645e-07  -3.728937e-04  
-2.740025e-03  +6.361619e-03  -4.412484e-03  -1.057143e-01  -9.754991e-03  -2.602162e-03  +1.694831e-02  +3.934648e-02  -5.892660e-03  +1.092406e-01  -3.965401e-01  -9.089109e-04  -1.507579e-03  +1.345460e+01  +7.467028e-04  -3.728937e-04  +3.558674e+01  
