mean:
+3.981380e+00  +3.954019e+00  +8.610968e-01  +1.337742e+00  +1.413468e+00  +4.012122e-01  +8.167259e-01  +1.370796e+00  +1.727125e-01  +1.877652e+00  +5.898178e+00  +3.591731e+00  +2.697934e+00  +2.002288e+02  +4.309771e+00  +5.294101e+00  +2.758114e+02  +5.453517e+00  +3.757529e+00  +3.215245e+02  +2.640086e+00  +4.559699e+00  +3.938520e+02  
covariance:
+1.214497e-06  +1.928619e-07  +1.639495e-06  +7.271139e-06  +2.842379e-06  +1.084034e-06  +2.878240e-06  +1.560309e-06  -3.226743e-06  +2.583233e-05  -2.555380e-05  +4.576535e-07  -1.658691e-07  -1.774347e-04  -1.065724e-06  +1.511994e-07  +6.418562e-04  +1.265022e-07  -7.812106e-08  +1.397794e-04  +7.149455e-08  +2.703597e-08  +2.022059e-04  
+1.928619e-07  +1.067614e-06  +5.391620e-07  -8.848410e-07  +2.761391e-08  -1.720461e-07  -3.213047e-07  +3.933346e-07  +2.286729e-07  -1.918871e-06  +2.548388e-06  -9.443666e-08  +6.327253e-09  -3.867100e-05  +1.310698e-08  -6.187408e-08  -1.190572e-04  -1.184222e-08  -1.251422e-07  -1.179236e-04  -1.116002e-08  -1.349563e-08  +5.857543e-05  
+1.639495e-06  +5.391620e-07  +8.492226e-05  +6.249989e-05  +3.321365e-05  +3.774960e-06  +2.597340e-05  +1.504242e-04  -2.833956e-05  +2.105331e-04  -1.021840e-04  +5.569146e-06  -2.646606e-06  -6.131238e-03  -1.242473e-05  +1.260889e-07  +2.104431e-03  -2.210096e-06  -1.450635e-06  -1.182843e-02  -5.520703e-07  +3.343210e-07  +1.736910e-02  
+7.271139e-06  -8.848410e-07  +6.249989e-05  +4.025424e-04  +1.042478e-04  +1.450689e-05  +9.075156e-05  +7.867662e-05  -7.597364e-05  +6.474810e-04  -6.767877e-04  +1.645057e-05  -3.091011e-06  -1.705064e-02  -4.679998e-05  -1.090489e-07  +1.716297e-02  +6.554293e-07  +2.332478e-06  +8.184404e-03  -1.011669e-06  +1.616729e-06  +7.695728e-03  
+2.842379e-06  +2.761391e-08  +3.321365e-05  +1.042478e-04  +8.100826e-05  +6.983689e-06  +4.717262e-05  +5.068964e-05  -3.452787e-05  +2.811448e-04  -2.747206e-04  +4.444942e-06  -3.176577e-06  -5.146342e-03  -2.404130e-05  +3.112544e-06  +7.010762e-03  +8.710793e-07  -9.039893e-07  +5.988575e-04  -1.102205e-08  -4.307312e-07  +6.165737e-03  
+1.084034e-06  -1.720461e-07  +3.774960e-06  +1.450689e-05  +6.983689e-06  +6.359503e-06  +8.787680e-06  +6.043352e-06  -1.176966e-05  +1.024071e-04  -8.742373e-05  +1.318997e-06  -5.150405e-07  +5.575155e-04  -1.438350e-06  +7.340857e-07  +3.401494e-03  +3.984290e-07  -5.825612e-07  +1.021172e-04  +2.068619e-07  +1.812961e-07  +3.716784e-05  
+2.878240e-06  -3.213047e-07  +2.597340e-05  +9.075156e-05  +4.717262e-05  +8.787680e-06  +4.501575e-05  +5.545999e-05  -3.241354e-05  +2.614509e-04  -2.498453e-04  +4.503140e-06  -2.749923e-06  -3.963068e-03  -1.732286e-05  +2.608831e-06  +9.007736e-03  +1.127690e-06  +7.241880e-08  +2.401585e-03  +2.764646e-07  +5.383562e-07  +6.206059e-03  
+1.560309e-06  +3.933346e-07  +1.504242e-04  +7.867662e-05  +5.068964e-05  +6.043352e-06  +5.545999e-05  +4.944490e-04  -4.308299e-05  +2.941161e-04  -1.180716e-04  +5.142522e-06  -3.153596e-06  -1.102499e-02  -5.432706e-06  -2.185166e-06  +2.110041e-02  -9.813323e-06  -5.217554e-06  -1.355388e-02  -1.296623e-06  +1.911489e-06  +3.110070e-02  
-3.226743e-06  +2.286729e-07  -2.833956e-05  -7.597364e-05  -3.452787e-05  -1.176966e-05  -3.241354e-05  -4.308299e-05  +3.513737e-05  -2.906022e-04  +2.476704e-04  -4.987878e-06  +2.120272e-06  +2.615020e-03  +1.254297e-05  -1.853110e-06  -7.179897e-03  -6.925408e-07  +9.796364e-07  +1.136615e-03  +9.032727e-08  -5.669226e-07  -5.053568e-03  
+2.583233e-05  -1.918871e-06  +2.105331e-04  +6.474810e-04  +2.811448e-04  +1.024071e-04  +2.614509e-04  +2.941161e-04  -2.906022e-04  +2.464977e-03  -2.158323e-03  +4.188483e-05  -1.623751e-05  -1.988394e-02  -1.017724e-04  +1.517284e-05  +6.104990e-02  +6.713475e-06  -8.777159e-06  -5.285002e-03  -5.804768e-07  +4.278154e-06  +3.359470e-02  
-2.555380e-05  +2.548388e-06  -1.021840e-04  -6.767877e-04  -2.747206e-04  -8.742373e-05  -2.498453e-04  -1.180716e-04  +2.476704e-04  -2.158323e-03  +2.247380e-03  -3.608769e-05  +1.077741e-05  +1.714178e-02  +1.017606e-04  -1.516027e-05  -6.172335e-02  -1.121094e-05  +7.062339e-06  -2.336964e-02  -2.628251e-06  -7.240225e-07  -7.619616e-03  
+4.576535e-07  -9.443666e-08  +5.569146e-06  +1.645057e-05  +4.444942e-06  +1.318997e-06  +4.503140e-06  +5.142522e-06  -4.987878e-06  +4.188483e-05  -3.608769e-05  +1.466498e-06  -4.488428e-07  -8.222481e-04  -2.432569e-06  +1.430960e-07  +4.182837e-04  +2.524109e-07  +1.987453e-07  -3.445094e-04  -7.072732e-08  +1.714041e-07  +1.386207e-03  
-1.658691e-07  +6.327253e-09  -2.646606e-06  -3.091011e-06  -3.176577e-06  -5.150405e-07  -2.749923e-06  -3.153596e-06  +2.120272e-06  -1.623751e-05  +1.077741e-05  -4.488428e-07  +1.129013e-06  +1.480459e-04  +1.525765e-06  +1.908416e-08  -2.435128e-04  +7.955483e-09  -2.156353e-07  +3.209914e-04  +2.817902e-08  -1.789992e-07  -1.085951e-03  
-1.774347e-04  -3.867100e-05  -6.131238e-03  -1.705064e-02  -5.146342e-03  +5.575155e-04  -3.963068e-03  -1.102499e-02  +2.615020e-03  -1.988394e-02  +1.714178e-02  -8.222481e-04  +1.480459e-04  +1.693359e+00  +2.748018e-03  +9.945637e-05  -1.949454e-01  +2.873013e-05  -2.034724e-04  +1.476228e-01  +2.507069e-04  -2.575387e-04  -1.446061e+00  
-1.065724e-06  +1.310698e-08  -1.242473e-05  -4.679998e-05  -2.404130e-05  -1.438350e-06  -1.732286e-05  -5.432706e-06  +1.254297e-05  -1.017724e-04  +1.017606e-04  -2.432569e-06  +1.525765e-06  +2.748018e-03  +1.133410e-05  -1.051776e-06  -8.828044e-04  -8.525541e-07  -3.626960e-07  +8.559568e-05  +1.886480e-07  -2.237395e-08  -3.215555e-03  
+1.511994e-07  -6.187408e-08  +1.260889e-07  -1.090489e-07  +3.112544e-06  +7.340857e-07  +2.608831e-06  -2.185166e-06  -1.853110e-06  +1.517284e-05  -1.516027e-05  +1.430960e-07  +1.908416e-08  +9.945637e-05  -1.051776e-06  +8.908995e-07  +1.861306e-04  +4.111233e-07  -1.508789e-07  +8.638493e-05  +1.125555e-07  -8.290722e-08  +8.869421e-05  
+6.418562e-04  -1.190572e-04  +2.104431e-03  +1.716297e-02  +7.010762e-03  +3.401494e-03  +9.007736e-03  +2.110041e-02  -7.179897e-03  +6.104990e-02  -6.172335e-02  +4.182837e-04  -2.435128e-04  -1.949454e-01  -8.828044e-04  +1.861306e-04  +4.889221e+00  -2.123755e-04  -3.829357e-04  +1.991819e+00  +3.659827e-05  +2.074877e-04  -5.338378e-01  
+1.265022e-07  -1.184222e-08  -2.210096e-06  +6.554293e-07  +8.710793e-07  +3.984290e-07  +1.127690e-06  -9.813323e-06  -6.925408e-07  +6.713475e-06  -1.121094e-05  +2.524109e-07  +7.955483e-09  +2.873013e-05  -8.525541e-07  +4.111233e-07  -2.123755e-04  +1.092297e-06  +2.097250e-07  +7.170386e-04  +8.547750e-08  +5.552727e-08  -1.148405e-04  
-7.812106e-08  -1.251422e-07  -1.450635e-06  +2.332478e-06  -9.039893e-07  -5.825612e-07  +7.241880e-08  -5.217554e-06  +9.796364e-07  -8.777159e-06  +7.062339e-06  +1.987453e-07  -2.156353e-07  -2.034724e-04  -3.626960e-07  -1.508789e-07  -3.829357e-04  +2.097250e-07  +1.043793e-06  +3.876615e-04  +3.819822e-08  +2.342546e-07  +4.006149e-04  
+1.397794e-04  -1.179236e-04  -1.182843e-02  +8.184404e-03  +5.988575e-04  +1.021172e-04  +2.401585e-03  -1.355388e-02  +1.136615e-03  -5.285002e-03  -2.336964e-02  -3.445094e-04  +3.209914e-04  +1.476228e-01  +8.559568e-05  +8.638493e-05  +1.991819e+00  +7.170386e-04  +3.876615e-04  +4.591328e+00  +3.548470e-04  +1.877053e-04  -2.596651e+00  
+7.149455e-08  -1.116002e-08  -5.520703e-07  -1.011669e-06  -1.102205e-08  +2.068619e-07  +2.764646e-07  -1.296623e-06  +9.032727e-08  -5.804768e-07  -2.628251e-06  -7.072732e-08  +2.817902e-08  +2.507069e-04  +1.886480e-07  +1.125555e-07  +3.659827e-05  +8.547750e-08  +3.819822e-08  +3.548470e-04  +5.348880e-07  -5.345208e-08  -4.303169e-06  
+2.703597e-08  -1.349563e-08  +3.343210e-07  +1.616729e-06  -4.307312e-07  +1.812961e-07  +5.383562e-07  +1.911489e-06  -5.669226e-07  +4.278154e-06  -7.240225e-07  +1.714041e-07  -1.789992e-07  -2.575387e-04  -2.237395e-08  -8.290722e-08  +2.074877e-04  +5.552727e-08  +2.342546e-07  +1.877053e-04  -5.345208e-08  +6.894507e-07  +3.762593e-04  
+2.022059e-04  +5.857543e-05  +1.736910e-02  +7.695728e-03  +6.165737e-03  +3.716784e-05  +6.206059e-03  +3.110070e-02  -5.053568e-03  +3.359470e-02  -7.619616e-03  +1.386207e-03  -1.085951e-03  -1.446061e+00  -3.215555e-03  +8.869421e-05  -5.338378e-01  -1.148405e-04  +4.006149e-04  -2.596651e+00  -4.303169e-06  +3.762593e-04  +5.845802e+00  
