mean:
+3.911458e+00  +3.897642e+00  +8.548261e-01  +1.297829e+00  +1.441800e+00  +5.993409e-01  +8.134111e-01  +1.384543e+00  +1.613243e-01  +1.864869e+00  +5.846977e+00  +3.485141e+00  +2.609596e+00  +1.976633e+02  +4.262557e+00  +5.274844e+00  +2.831298e+02  +5.349870e+00  +3.757507e+00  +3.273876e+02  +2.640287e+00  +4.559579e+00  +3.958504e+02  
covariance:
+3.255181e-06  -4.768293e-07  -4.496977e-07  +5.151563e-06  -8.403556e-07  +2.458255e-07  +8.533520e-06  +6.067155e-07  -3.925836e-06  +3.042095e-05  -5.604982e-05  -7.289295e-07  +2.094854e-08  +9.803314e-04  -3.504952e-07  +6.427214e-07  +1.738260e-03  +3.670042e-07  -7.515795e-08  +2.862586e-03  +1.599831e-07  +8.489847e-07  +4.989355e-03  
-4.768293e-07  +8.530348e-07  +5.372841e-08  +2.189193e-06  -4.692105e-07  +1.835809e-07  +1.995363e-06  +1.486207e-06  -1.085045e-06  +7.546763e-06  -1.815692e-05  -2.561439e-07  +6.884355e-08  +2.558977e-04  -8.098458e-08  +2.287418e-07  +6.285915e-04  +2.505747e-08  -1.036931e-07  +7.359875e-04  +5.047815e-09  +6.438829e-08  +1.000646e-03  
-4.496977e-07  +5.372841e-08  +5.687219e-06  -4.312664e-06  -9.783794e-07  +2.476725e-07  -2.932618e-06  -3.753744e-06  -2.156847e-07  +3.885157e-06  +4.381890e-06  +2.833491e-08  -7.181858e-07  -1.328963e-03  -3.663419e-07  -3.585101e-07  +2.181228e-03  -3.646333e-07  +1.743503e-07  -4.540034e-04  -1.953991e-07  -3.760840e-07  -6.063251e-04  
+5.151563e-06  +2.189193e-06  -4.312664e-06  +9.772771e-05  -9.848017e-06  -1.217952e-06  +3.871888e-05  +6.684743e-05  -1.271274e-05  +1.128030e-04  -3.160443e-04  -4.293682e-06  +4.180752e-06  +8.593040e-03  -3.884496e-06  +5.137916e-06  +7.840916e-03  -5.225188e-07  -1.252359e-06  +1.381117e-02  -2.270173e-07  +2.347910e-06  +1.759473e-02  
-8.403556e-07  -4.692105e-07  -9.783794e-07  -9.848017e-06  +1.117060e-05  -1.018005e-07  -6.069223e-06  -7.170506e-06  +2.262809e-06  -1.838719e-05  +4.898935e-05  +7.471115e-07  -8.084876e-07  -5.861343e-04  +3.001905e-07  -8.508108e-07  -1.107407e-03  -1.657570e-07  +7.167202e-07  -1.101622e-03  +2.708769e-07  -9.975578e-08  -2.716337e-03  
+2.458255e-07  +1.835809e-07  +2.476725e-07  -1.217952e-06  -1.018005e-07  +1.685932e-06  +2.544507e-06  -8.707116e-06  -1.468712e-06  +1.200743e-05  -2.049218e-05  +4.535535e-08  -9.842897e-07  +3.428402e-04  -4.498230e-07  -7.841933e-08  +2.274671e-04  +9.151760e-08  +1.036573e-07  +3.975235e-04  +1.451751e-07  -4.801070e-08  +1.001019e-03  
+8.533520e-06  +1.995363e-06  -2.932618e-06  +3.871888e-05  -6.069223e-06  +2.544507e-06  +5.906289e-05  +1.582708e-05  -2.233684e-05  +1.783114e-04  -3.698244e-04  -4.930233e-06  +1.066651e-06  +8.431363e-03  -1.672244e-06  +4.387741e-06  +9.076272e-03  +2.943653e-06  -1.246218e-06  +1.762586e-02  +9.352756e-07  +3.886947e-06  +2.968569e-02  
+6.067155e-07  +1.486207e-06  -3.753744e-06  +6.684743e-05  -7.170506e-06  -8.707116e-06  +1.582708e-05  +1.750360e-04  +1.758048e-06  -2.572292e-06  -1.439873e-04  -7.819847e-06  +1.116717e-05  +4.745761e-03  +1.621421e-06  +7.310576e-06  +1.273438e-03  -5.934342e-07  -3.670146e-06  +5.836544e-03  -2.091500e-06  +3.086041e-06  +1.737931e-03  
-3.925836e-06  -1.085045e-06  -2.156847e-07  -1.271274e-05  +2.262809e-06  -1.468712e-06  -2.233684e-05  +1.758048e-06  +1.128756e-05  -8.659095e-05  +1.521540e-04  +1.460036e-06  +5.902963e-07  -2.602201e-03  +1.138106e-06  -1.435434e-06  -5.610795e-03  -7.870598e-07  +2.126921e-07  -7.543124e-03  -3.769664e-07  -1.718646e-06  -1.299789e-02  
+3.042095e-05  +7.546763e-06  +3.885157e-06  +1.128030e-04  -1.838719e-05  +1.200743e-05  +1.783114e-04  -2.572292e-06  -8.659095e-05  +7.144077e-04  -1.297908e-03  -1.328810e-05  -4.332659e-06  +2.058219e-02  -1.046690e-05  +1.277249e-05  +4.809635e-02  +5.109022e-06  -2.597001e-06  +6.241252e-02  +2.847136e-06  +1.382898e-05  +1.056375e-01  
-5.604982e-05  -1.815692e-05  +4.381890e-06  -3.160443e-04  +4.898935e-05  -2.049218e-05  -3.698244e-04  -1.439873e-04  +1.521540e-04  -1.297908e-03  +2.851140e-03  +4.061790e-05  -7.074679e-06  -4.895901e-02  +1.894861e-05  -3.398047e-05  -8.370213e-02  -1.041687e-05  +1.045073e-05  -1.262073e-01  -4.477772e-06  -2.558718e-05  -1.989150e-01  
-7.289295e-07  -2.561439e-07  +2.833491e-08  -4.293682e-06  +7.471115e-07  +4.535535e-08  -4.930233e-06  -7.819847e-06  +1.460036e-06  -1.328810e-05  +4.061790e-05  +1.492787e-06  -6.947429e-07  -7.569154e-04  +3.339275e-08  -8.171535e-07  -1.104425e-03  -2.135504e-07  +2.192325e-07  -1.804915e-03  -1.089685e-07  -4.450962e-07  -2.133996e-03  
+2.094854e-08  +6.884355e-08  -7.181858e-07  +4.180752e-06  -8.084876e-07  -9.842897e-07  +1.066651e-06  +1.116717e-05  +5.902963e-07  -4.332659e-06  -7.074679e-06  -6.947429e-07  +1.428784e-06  +3.133684e-04  +4.127997e-07  +5.277350e-07  -2.324696e-04  +2.766504e-08  -2.208723e-07  +2.914672e-04  -1.328637e-07  +1.288286e-07  +8.365529e-05  
+9.803314e-04  +2.558977e-04  -1.328963e-03  +8.593040e-03  -5.861343e-04  +3.428402e-04  +8.431363e-03  +4.745761e-03  -2.602201e-03  +2.058219e-02  -4.895901e-02  -7.569154e-04  +3.133684e-04  +2.463104e+00  -3.007877e-04  +7.638113e-04  +7.488710e-02  +6.119815e-04  -3.388838e-04  +2.468195e+00  +3.779053e-05  +3.300517e-04  +3.796053e+00  
-3.504952e-07  -8.098458e-08  -3.663419e-07  -3.884496e-06  +3.001905e-07  -4.498230e-07  -1.672244e-06  +1.621421e-06  +1.138106e-06  -1.046690e-05  +1.894861e-05  +3.339275e-08  +4.127997e-07  -3.007877e-04  +8.293817e-07  -1.262545e-08  -8.443633e-04  +1.558739e-07  -2.686339e-08  -8.487125e-04  -9.568201e-08  +2.244490e-08  -1.143228e-03  
+6.427214e-07  +2.287418e-07  -3.585101e-07  +5.137916e-06  -8.508108e-07  -7.841933e-08  +4.387741e-06  +7.310576e-06  -1.435434e-06  +1.277249e-05  -3.398047e-05  -8.171535e-07  +5.277350e-07  +7.638113e-04  -1.262545e-08  +9.573008e-07  +8.093123e-04  +1.658906e-07  -2.791476e-07  +1.411878e-03  +1.068055e-07  +3.706271e-07  +1.942943e-03  
+1.738260e-03  +6.285915e-04  +2.181228e-03  +7.840916e-03  -1.107407e-03  +2.274671e-04  +9.076272e-03  +1.273438e-03  -5.610795e-03  +4.809635e-02  -8.370213e-02  -1.104425e-03  -2.324696e-04  +7.488710e-02  -8.443633e-04  +8.093123e-04  +6.052011e+00  -3.421058e-04  +4.515091e-04  +4.260349e+00  +1.967579e-04  +1.235004e-03  +6.566352e+00  
+3.670042e-07  +2.505747e-08  -3.646333e-07  -5.225188e-07  -1.657570e-07  +9.151760e-08  +2.943653e-06  -5.934342e-07  -7.870598e-07  +5.109022e-06  -1.041687e-05  -2.135504e-07  +2.766504e-08  +6.119815e-04  +1.558739e-07  +1.658906e-07  -3.421058e-04  +6.099304e-07  -1.997316e-07  +6.212608e-04  +5.481747e-08  +1.046416e-07  +1.204054e-03  
-7.515795e-08  -1.036931e-07  +1.743503e-07  -1.252359e-06  +7.167202e-07  +1.036573e-07  -1.246218e-06  -3.670146e-06  +2.126921e-07  -2.597001e-06  +1.045073e-05  +2.192325e-07  -2.208723e-07  -3.388838e-04  -2.686339e-08  -2.791476e-07  +4.515091e-04  -1.997316e-07  +8.441337e-07  -4.186231e-04  +3.997519e-08  +1.987641e-07  -5.203201e-04  
+2.862586e-03  +7.359875e-04  -4.540034e-04  +1.381117e-02  -1.101622e-03  +3.975235e-04  +1.762586e-02  +5.836544e-03  -7.543124e-03  +6.241252e-02  -1.262073e-01  -1.804915e-03  +2.914672e-04  +2.468195e+00  -8.487125e-04  +1.411878e-03  +4.260349e+00  +6.212608e-04  -4.186231e-04  +6.719811e+00  +2.677348e-04  +1.310750e-03  +9.931214e+00  
+1.599831e-07  +5.047815e-09  -1.953991e-07  -2.270173e-07  +2.708769e-07  +1.451751e-07  +9.352756e-07  -2.091500e-06  -3.769664e-07  +2.847136e-06  -4.477772e-06  -1.089685e-07  -1.328637e-07  +3.779053e-05  -9.568201e-08  +1.068055e-07  +1.967579e-04  +5.481747e-08  +3.997519e-08  +2.677348e-04  +4.327204e-07  -2.508726e-09  +4.354832e-04  
+8.489847e-07  +6.438829e-08  -3.760840e-07  +2.347910e-06  -9.975578e-08  -4.801070e-08  +3.886947e-06  +3.086041e-06  -1.718646e-06  +1.382898e-05  -2.558718e-05  -4.450962e-07  +1.288286e-07  +3.300517e-04  +2.244490e-08  +3.706271e-07  +1.235004e-03  +1.046416e-07  +1.987641e-07  +1.310750e-03  -2.508726e-09  +9.145954e-07  +2.287613e-03  
+4.989355e-03  +1.000646e-03  -6.063251e-04  +1.759473e-02  -2.716337e-03  +1.001019e-03  +2.968569e-02  +1.737931e-03  -1.299789e-02  +1.056375e-01  -1.989150e-01  -2.133996e-03  +8.365529e-05  +3.796053e+00  -1.143228e-03  +1.942943e-03  +6.566352e+00  +1.204054e-03  -5.203201e-04  +9.931214e+00  +4.354832e-04  +2.287613e-03  +1.786704e+01  
