mean:
+3.984890e+00  +3.940235e+00  +6.539118e-01  -1.189803e+00  +1.669394e+00  +5.052066e-01  +9.079084e-01  +2.098226e+00  +1.484342e-01  +1.970565e+00  +4.791921e+00  +1.839491e+00  +2.983312e+00  +8.018951e+02  +4.959818e+00  +4.479939e+00  +1.992817e+03  
covariance:
+8.204056e-06  -3.043350e-07  +3.095663e-07  -5.808412e-06  +3.129470e-05  +1.281118e-06  +5.691517e-06  +2.123124e-05  -8.544349e-07  +2.593247e-05  -1.561931e-04  +1.686953e-07  +2.327853e-07  -3.069681e-03  +1.287026e-07  -4.558961e-08  -6.726974e-04  
-3.043350e-07  +5.558865e-06  +3.717258e-07  +8.496453e-07  -1.953679e-05  -3.436207e-07  -3.135350e-06  -1.480365e-05  +1.236113e-06  -2.015729e-05  +9.934465e-05  -1.587335e-07  -2.256552e-07  +2.552101e-03  +9.412066e-09  -3.470365e-08  +1.365647e-03  
+3.095663e-07  +3.717258e-07  +1.587120e-04  +1.065329e-04  +1.137050e-04  +2.413230e-05  -2.078680e-05  -1.357984e-04  -7.202415e-07  +2.082350e-05  +6.970907e-05  +2.507474e-07  -1.364194e-06  +1.807417e-02  -6.623712e-07  -1.623461e-07  -4.113537e-02  
-5.808412e-06  +8.496453e-07  +1.065329e-04  +8.968866e-04  -1.842339e-04  -1.615434e-05  +4.102790e-06  -1.881638e-04  -1.632140e-05  +1.247534e-05  +8.109706e-04  -1.120274e-06  -3.351761e-06  +5.659048e-02  +1.008864e-07  +9.684287e-07  -1.150242e-01  
+3.129470e-05  -1.953679e-05  +1.137050e-04  -1.842339e-04  +7.394267e-04  +5.335588e-05  +3.948568e-05  +2.491452e-04  -6.956670e-07  +3.757692e-04  -2.356659e-03  +2.082252e-06  +1.563060e-07  -3.230420e-02  -8.321068e-07  -4.222875e-07  -3.009409e-02  
+1.281118e-06  -3.436207e-07  +2.413230e-05  -1.615434e-05  +5.335588e-05  +1.032488e-05  -4.989775e-06  -1.352015e-05  +1.473090e-06  +1.127007e-05  -1.080737e-04  +1.142222e-07  +6.149575e-08  +2.093876e-03  +3.470084e-08  -2.809187e-08  -4.542519e-03  
+5.691517e-06  -3.135350e-06  -2.078680e-05  +4.102790e-06  +3.948568e-05  -4.989775e-06  +4.363514e-05  +9.930581e-05  -5.362778e-06  +7.095270e-05  -3.729036e-04  +1.233492e-07  -1.912275e-07  -1.100891e-02  +2.043918e-07  -7.180432e-07  -7.829148e-03  
+2.123124e-05  -1.480365e-05  -1.357984e-04  -1.881638e-04  +2.491452e-04  -1.352015e-05  +9.930581e-05  +6.711012e-04  -1.065214e-05  +2.939160e-04  -1.789750e-03  +9.489795e-07  +1.479654e-06  -5.164241e-02  -3.352888e-07  -1.761125e-06  -1.155486e-02  
-8.544349e-07  +1.236113e-06  -7.202415e-07  -1.632140e-05  -6.956670e-07  +1.473090e-06  -5.362778e-06  -1.065214e-05  +2.990821e-06  -1.623466e-05  +1.962437e-05  -6.165935e-08  -1.520821e-07  +1.056333e-03  +3.539127e-08  +6.637941e-08  +4.988992e-03  
+2.593247e-05  -2.015729e-05  +2.082350e-05  +1.247534e-05  +3.757692e-04  +1.127007e-05  +7.095270e-05  +2.939160e-04  -1.623466e-05  +4.039589e-04  -1.898797e-03  +1.647385e-06  +5.004480e-06  -3.887804e-02  -2.283493e-08  -5.276102e-07  -4.583331e-02  
-1.561931e-04  +9.934465e-05  +6.970907e-05  +8.109706e-04  -2.356659e-03  -1.080737e-04  -3.729036e-04  -1.789750e-03  +1.962437e-05  -1.898797e-03  +1.210272e-02  -7.282639e-06  -1.937132e-05  +2.459872e-01  -1.977754e-06  +1.985288e-06  +3.278041e-02  
+1.686953e-07  -1.587335e-07  +2.507474e-07  -1.120274e-06  +2.082252e-06  +1.142222e-07  +1.233492e-07  +9.489795e-07  -6.165935e-08  +1.647385e-06  -7.282639e-06  +5.884554e-07  +1.594250e-07  -3.580787e-04  +7.140989e-09  +6.067144e-08  +6.790458e-04  
+2.327853e-07  -2.256552e-07  -1.364194e-06  -3.351761e-06  +1.563060e-07  +6.149575e-08  -1.912275e-07  +1.479654e-06  -1.520821e-07  +5.004480e-06  -1.937132e-05  +1.594250e-07  +1.175599e-06  -1.099582e-03  +6.947365e-08  +1.190305e-07  -2.729103e-04  
-3.069681e-03  +2.552101e-03  +1.807417e-02  +5.659048e-02  -3.230420e-02  +2.093876e-03  -1.100891e-02  -5.164241e-02  +1.056333e-03  -3.887804e-02  +2.459872e-01  -3.580787e-04  -1.099582e-03  +1.216681e+01  +2.572741e-05  -9.012957e-05  -8.295907e+00  
+1.287026e-07  +9.412066e-09  -6.623712e-07  +1.008864e-07  -8.321068e-07  +3.470084e-08  +2.043918e-07  -3.352888e-07  +3.539127e-08  -2.283493e-08  -1.977754e-06  +7.140989e-09  +6.947365e-08  +2.572741e-05  +2.075013e-07  +4.583267e-09  +4.293564e-06  
-4.558961e-08  -3.470365e-08  -1.623461e-07  +9.684287e-07  -4.222875e-07  -2.809187e-08  -7.180432e-07  -1.761125e-06  +6.637941e-08  -5.276102e-07  +1.985288e-06  +6.067144e-08  +1.190305e-07  -9.012957e-05  +4.583267e-09  +2.674862e-07  +6.026891e-04  
-6.726974e-04  +1.365647e-03  -4.113537e-02  -1.150242e-01  -3.009409e-02  -4.542519e-03  -7.829148e-03  -1.155486e-02  +4.988992e-03  -4.583331e-02  +3.278041e-02  +6.790458e-04  -2.729103e-04  -8.295907e+00  +4.293564e-06  +6.026891e-04  +5.300998e+01  
