mean:
+3.908495e+00  +3.888472e+00  +7.140210e-01  -9.966196e-01  +1.519271e+00  +3.926670e-01  +9.358959e-01  +2.039993e+00  +1.173022e-01  +2.180623e+00  +3.980843e+00  +1.923665e+00  +2.474586e+00  +7.966850e+02  +4.553662e+00  +4.467261e+00  +1.992736e+03  
covariance:
+1.334540e-05  -4.129258e-06  -2.273574e-05  -2.120461e-05  +7.039262e-07  +1.378759e-05  -8.337925e-06  +5.597618e-05  +2.226053e-06  +6.948912e-06  +6.832997e-05  +2.030051e-06  +6.543869e-06  -3.294515e-03  +1.737406e-06  +1.170594e-05  -4.827036e-03  
-4.129258e-06  +1.736627e-05  +1.679709e-05  +2.225360e-05  -3.019876e-06  -1.247968e-05  +2.322033e-06  -4.403492e-05  +5.804217e-06  -5.749339e-06  -6.416311e-05  -3.059160e-07  -5.501395e-06  +1.681735e-03  -6.781517e-07  -9.550264e-06  -1.138588e-03  
-2.273574e-05  +1.679709e-05  +4.846382e-05  +4.504006e-05  -2.055350e-06  -2.940184e-05  +1.397487e-05  -1.177646e-04  -1.239649e-06  -1.428176e-05  -1.522800e-04  -3.546046e-06  -1.525260e-05  +5.668556e-03  -3.668437e-06  -2.612284e-05  +7.493941e-03  
-2.120461e-05  +2.225360e-05  +4.504006e-05  +4.966485e-05  -4.269404e-06  -3.026753e-05  +1.252230e-05  -1.154061e-04  +3.046335e-06  -1.521820e-05  -1.515449e-04  -2.759710e-06  -1.361694e-05  +5.945061e-03  -2.718144e-06  -2.431355e-05  +5.061770e-03  
+7.039262e-07  -3.019876e-06  -2.055350e-06  -4.269404e-06  +1.629379e-06  +2.539089e-06  -8.259768e-08  +6.866757e-06  -1.160561e-06  +6.008656e-07  +1.062663e-05  -1.457482e-08  +4.873698e-07  -5.110862e-04  -1.237421e-07  +1.116211e-06  +4.391076e-04  
+1.378759e-05  -1.247968e-05  -2.940184e-05  -3.026753e-05  +2.539089e-06  +1.949995e-05  -7.785551e-06  +7.539111e-05  -8.123014e-07  +9.513106e-06  +9.862684e-05  +1.966795e-06  +9.277811e-06  -3.746886e-03  +1.924869e-06  +1.618462e-05  -3.969701e-03  
-8.337925e-06  +2.322033e-06  +1.397487e-05  +1.252230e-05  -8.259768e-08  -7.785551e-06  +8.235347e-06  -3.457290e-05  -1.521084e-06  -6.294178e-06  -3.537633e-05  -1.748273e-06  -4.573230e-06  +2.179733e-03  -2.132302e-06  -7.194612e-06  +4.525948e-03  
+5.597618e-05  -4.403492e-05  -1.177646e-04  -1.154061e-04  +6.866757e-06  +7.539111e-05  -3.457290e-05  +3.176717e-04  +9.711084e-07  +4.383321e-05  +3.864834e-04  +9.505490e-06  +4.084479e-05  -1.366081e-02  +1.078147e-05  +6.748033e-05  -2.094194e-02  
+2.226053e-06  +5.804217e-06  -1.239649e-06  +3.046335e-06  -1.160561e-06  -8.123014e-07  -1.521084e-06  +9.711084e-07  +5.386658e-06  -5.338483e-07  -3.627670e-06  +5.493927e-07  +4.882242e-07  -1.422013e-04  +4.164325e-07  +4.604466e-07  -2.157101e-03  
+6.948912e-06  -5.749339e-06  -1.428176e-05  -1.521820e-05  +6.008656e-07  +9.513106e-06  -6.294178e-06  +4.383321e-05  -5.338483e-07  +1.618586e-05  +5.089133e-05  +8.080498e-07  +6.734695e-06  -2.147666e-03  +3.034600e-06  +9.961241e-06  -5.685789e-03  
+6.832997e-05  -6.416311e-05  -1.522800e-04  -1.515449e-04  +1.062663e-05  +9.862684e-05  -3.537633e-05  +3.864834e-04  -3.627670e-06  +5.089133e-05  +5.215987e-04  +9.244959e-06  +4.919716e-05  -1.780691e-02  +1.014804e-05  +8.597453e-05  -1.995102e-02  
+2.030051e-06  -3.059160e-07  -3.546046e-06  -2.759710e-06  -1.457482e-08  +1.966795e-06  -1.748273e-06  +9.505490e-06  +5.493927e-07  +8.080498e-07  +9.244959e-06  +6.441418e-07  +1.288123e-06  -3.766612e-04  +5.058987e-07  +1.966246e-06  -1.101007e-03  
+6.543869e-06  -5.501395e-06  -1.525260e-05  -1.361694e-05  +4.873698e-07  +9.277811e-06  -4.573230e-06  +4.084479e-05  +4.882242e-07  +6.734695e-06  +4.919716e-05  +1.288123e-06  +6.170429e-06  -1.485650e-03  +1.872838e-06  +9.372421e-06  -3.505132e-03  
-3.294515e-03  +1.681735e-03  +5.668556e-03  +5.945061e-03  -5.110862e-04  -3.746886e-03  +2.179733e-03  -1.366081e-02  -1.422013e-04  -2.147666e-03  -1.780691e-02  -3.766612e-04  -1.485650e-03  +1.103217e+00  -3.449900e-04  -2.813706e-03  +1.163374e+00  
+1.737406e-06  -6.781517e-07  -3.668437e-06  -2.718144e-06  -1.237421e-07  +1.924869e-06  -2.132302e-06  +1.078147e-05  +4.164325e-07  +3.034600e-06  +1.014804e-05  +5.058987e-07  +1.872838e-06  -3.449900e-04  +1.153485e-06  +2.455957e-06  -1.789573e-03  
+1.170594e-05  -9.550264e-06  -2.612284e-05  -2.431355e-05  +1.116211e-06  +1.618462e-05  -7.194612e-06  +6.748033e-05  +4.604466e-07  +9.961241e-06  +8.597453e-05  +1.966246e-06  +9.372421e-06  -2.813706e-03  +2.455957e-06  +1.545107e-05  -4.934165e-03  
-4.827036e-03  -1.138588e-03  +7.493941e-03  +5.061770e-03  +4.391076e-04  -3.969701e-03  +4.525948e-03  -2.094194e-02  -2.157101e-03  -5.685789e-03  -1.995102e-02  -1.101007e-03  -3.505132e-03  +1.163374e+00  -1.789573e-03  -4.934165e-03  +4.669579e+00  
