mean:
+3.978413e+00  +4.009879e+00  +8.376578e-01  +1.320741e+00  +1.246150e+00  +6.096449e-01  +8.145199e-01  +1.349871e+00  +1.706962e-01  +1.903603e+00  +5.799275e+00  +3.594591e+00  +2.900526e+00  +2.092145e+02  +4.310232e+00  +5.178515e+00  +2.886289e+02  +5.217914e+00  +3.910545e+00  +3.329050e+02  +2.880108e+00  +4.559459e+00  +3.977480e+02  
covariance:
+2.069254e-06  +2.847270e-07  -1.533507e-06  +1.018797e-05  +5.036426e-07  +5.000014e-06  -1.328344e-06  +6.130502e-07  -4.302681e-06  +3.360063e-05  -9.127010e-05  -3.858375e-07  -4.169048e-07  +1.048849e-03  -8.831923e-08  -4.221065e-08  +2.520329e-03  -1.231514e-07  -2.861915e-08  +4.145775e-03  +2.997274e-07  -3.487197e-08  +5.198601e-03  
+2.847270e-07  +2.612638e-06  -6.453192e-07  -3.534841e-06  -2.874983e-07  -1.813962e-06  +1.631294e-06  -3.945831e-06  +1.270076e-06  -1.165875e-05  +3.617727e-05  +1.895369e-07  +1.741638e-07  -3.398456e-04  +5.887055e-08  +1.368165e-07  -9.862562e-04  +1.447004e-07  -1.937994e-08  -2.016013e-03  -8.849032e-09  +2.272513e-08  -2.105942e-03  
-1.533507e-06  -6.453192e-07  +9.981110e-06  -9.997183e-06  -1.515132e-06  -4.885358e-06  -6.428070e-07  +4.605994e-06  +5.239914e-06  -3.738335e-05  +7.092456e-05  +9.088806e-07  +4.923524e-07  -4.206976e-04  -2.978627e-07  -4.992912e-07  -2.314436e-03  -6.638706e-07  -8.095955e-08  -2.360936e-03  -5.419703e-07  +2.326675e-07  -2.619851e-03  
+1.018797e-05  -3.534841e-06  -9.997183e-06  +2.080497e-04  +6.094249e-06  +3.843785e-05  -6.512610e-06  -1.510310e-05  -3.738619e-05  +2.775691e-04  -6.778625e-04  -7.187696e-07  -2.105363e-06  +9.773722e-03  -1.920291e-06  -1.795652e-06  +2.009309e-02  -1.275519e-06  -6.509098e-07  +3.944999e-02  +2.118665e-06  +2.029945e-06  +3.449625e-02  
+5.036426e-07  -2.874983e-07  -1.515132e-06  +6.094249e-06  +3.164111e-06  +2.445354e-06  -1.002254e-06  +1.918493e-06  -2.056533e-06  +1.756837e-05  -4.165591e-05  -2.080844e-07  -3.334980e-07  +6.572657e-04  -6.317550e-08  -1.054037e-07  +1.421975e-03  -1.889068e-07  +1.380769e-07  +2.145043e-03  +2.914775e-07  +9.258218e-08  +2.233855e-03  
+5.000014e-06  -1.813962e-06  -4.885358e-06  +3.843785e-05  +2.445354e-06  +2.092389e-05  -7.361841e-06  +1.268855e-05  -1.584568e-05  +1.321913e-04  -3.703190e-04  -1.752995e-06  -1.409195e-06  +4.010837e-03  -4.275208e-07  -2.828898e-08  +9.954780e-03  -1.973361e-07  +4.392719e-09  +1.757595e-02  +9.232278e-07  -4.001632e-07  +2.187139e-02  
-1.328344e-06  +1.631294e-06  -6.428070e-07  -6.512610e-06  -1.002254e-06  -7.361841e-06  +1.767493e-05  -3.817459e-05  +3.465986e-06  -5.327361e-05  +1.504365e-04  +1.332119e-07  +2.105126e-06  -1.640907e-03  -1.205665e-07  +2.324235e-07  -4.536503e-03  +1.371953e-06  -7.204925e-07  -9.403964e-03  +6.863219e-08  +7.913573e-07  -1.083602e-02  
+6.130502e-07  -3.945831e-06  +4.605994e-06  -1.510310e-05  +1.918493e-06  +1.268855e-05  -3.817459e-05  +2.654202e-04  -5.753071e-06  +9.677690e-05  -1.640521e-04  -9.590618e-07  -3.799024e-06  -3.927859e-03  +3.673046e-07  +1.041909e-06  +9.039365e-03  +9.912786e-08  +2.269076e-06  +2.101160e-02  -9.281375e-07  -3.782355e-06  +2.519558e-02  
-4.302681e-06  +1.270076e-06  +5.239914e-06  -3.738619e-05  -2.056533e-06  -1.584568e-05  +3.465986e-06  -5.753071e-06  +1.504563e-05  -1.139284e-04  +2.808250e-04  +1.677075e-06  +1.171680e-06  -3.196805e-03  +5.665011e-07  +5.937395e-08  -8.553230e-03  +1.096851e-07  -5.843719e-08  -1.325288e-02  -1.066276e-06  -1.056122e-07  -1.600272e-02  
+3.360063e-05  -1.165875e-05  -3.738335e-05  +2.775691e-04  +1.756837e-05  +1.321913e-04  -5.327361e-05  +9.677690e-05  -1.139284e-04  +9.319692e-04  -2.394421e-03  -1.304482e-05  -1.195672e-05  +2.639519e-02  -3.750950e-06  -8.687465e-07  +7.088189e-02  -3.028213e-06  +1.211509e-06  +1.149916e-01  +7.383945e-06  -8.335943e-07  +1.395698e-01  
-9.127010e-05  +3.617727e-05  +7.092456e-05  -6.778625e-04  -4.165591e-05  -3.703190e-04  +1.504365e-04  -1.640521e-04  +2.808250e-04  -2.394421e-03  +7.002922e-03  +3.136626e-05  +3.215978e-05  -7.641698e-02  +6.140071e-06  +5.482954e-06  -1.832425e-01  +1.283720e-05  +2.156644e-06  -3.251133e-01  -1.564628e-05  +4.871795e-06  -3.997637e-01  
-3.858375e-07  +1.895369e-07  +9.088806e-07  -7.187696e-07  -2.080844e-07  -1.752995e-06  +1.332119e-07  -9.590618e-07  +1.677075e-06  -1.304482e-05  +3.136626e-05  +7.491760e-07  -4.274787e-08  -1.970373e-04  +3.319662e-08  -7.799833e-08  -9.282324e-04  -7.615312e-08  -3.385017e-08  -1.244357e-03  -2.418683e-07  +2.549259e-08  -1.880645e-03  
-4.169048e-07  +1.741638e-07  +4.923524e-07  -2.105363e-06  -3.334980e-07  -1.409195e-06  +2.105126e-06  -3.799024e-06  +1.171680e-06  -1.195672e-05  +3.215978e-05  -4.274787e-08  +8.580004e-07  -4.488318e-04  -6.460066e-08  +1.936652e-07  -1.096065e-03  +2.561991e-07  -1.587307e-07  -1.648613e-03  -7.364070e-08  -1.530492e-09  -1.748886e-03  
+1.048849e-03  -3.398456e-04  -4.206976e-04  +9.773722e-03  +6.572657e-04  +4.010837e-03  -1.640907e-03  -3.927859e-03  -3.196805e-03  +2.639519e-02  -7.641698e-02  -1.970373e-04  -4.488318e-04  +2.237379e+00  -1.015254e-04  -2.153012e-04  +2.152312e+00  -3.301394e-04  +2.431217e-04  +3.585775e+00  +4.394885e-04  +2.628720e-04  +4.696904e+00  
-8.831923e-08  +5.887055e-08  -2.978627e-07  -1.920291e-06  -6.317550e-08  -4.275208e-07  -1.205665e-07  +3.673046e-07  +5.665011e-07  -3.750950e-06  +6.140071e-06  +3.319662e-08  -6.460066e-08  -1.015254e-04  +4.738941e-07  +5.785354e-08  -3.570355e-04  +4.410716e-08  +4.739699e-08  -1.836654e-04  -6.541043e-08  -5.450184e-08  -4.860999e-04  
-4.221065e-08  +1.368165e-07  -4.992912e-07  -1.795652e-06  -1.054037e-07  -2.828898e-08  +2.324235e-07  +1.041909e-06  +5.937395e-08  -8.687465e-07  +5.482954e-06  -7.799833e-08  +1.936652e-07  -2.153012e-04  +5.785354e-08  +5.165142e-07  -2.474995e-04  +1.092996e-07  +2.961206e-08  -2.015651e-04  -1.788696e-08  -1.074468e-07  -9.568340e-05  
+2.520329e-03  -9.862562e-04  -2.314436e-03  +2.009309e-02  +1.421975e-03  +9.954780e-03  -4.536503e-03  +9.039365e-03  -8.553230e-03  +7.088189e-02  -1.832425e-01  -9.282324e-04  -1.096065e-03  +2.152312e+00  -3.570355e-04  -2.474995e-04  +6.039850e+00  -4.069768e-04  +3.182652e-05  +8.762170e+00  +5.791004e-04  +1.332205e-04  +1.081489e+01  
-1.231514e-07  +1.447004e-07  -6.638706e-07  -1.275519e-06  -1.889068e-07  -1.973361e-07  +1.371953e-06  +9.912786e-08  +1.096851e-07  -3.028213e-06  +1.283720e-05  -7.615312e-08  +2.561991e-07  -3.301394e-04  +4.410716e-08  +1.092996e-07  -4.069768e-04  +7.467813e-07  -1.222938e-07  -7.968913e-04  -4.087303e-08  -1.499092e-07  -6.380372e-04  
-2.861915e-08  -1.937994e-08  -8.095955e-08  -6.509098e-07  +1.380769e-07  +4.392719e-09  -7.204925e-07  +2.269076e-06  -5.843719e-08  +1.211509e-06  +2.156644e-06  -3.385017e-08  -1.587307e-07  +2.431217e-04  +4.739699e-08  +2.961206e-08  +3.182652e-05  -1.222938e-07  +8.620526e-07  +3.534330e-04  +6.058229e-08  -5.228212e-08  +3.255145e-04  
+4.145775e-03  -2.016013e-03  -2.360936e-03  +3.944999e-02  +2.145043e-03  +1.757595e-02  -9.403964e-03  +2.101160e-02  -1.325288e-02  +1.149916e-01  -3.251133e-01  -1.244357e-03  -1.648613e-03  +3.585775e+00  -1.836654e-04  -2.015651e-04  +8.762170e+00  -7.968913e-04  +3.534330e-04  +1.764747e+01  +6.819222e-04  -2.319067e-04  +1.977669e+01  
+2.997274e-07  -8.849032e-09  -5.419703e-07  +2.118665e-06  +2.914775e-07  +9.232278e-07  +6.863219e-08  -9.281375e-07  -1.066276e-06  +7.383945e-06  -1.564628e-05  -2.418683e-07  -7.364070e-08  +4.394885e-04  -6.541043e-08  -1.788696e-08  +5.791004e-04  -4.087303e-08  +6.058229e-08  +6.819222e-04  +4.353274e-07  +7.857828e-08  +9.105762e-04  
-3.487197e-08  +2.272513e-08  +2.326675e-07  +2.029945e-06  +9.258218e-08  -4.001632e-07  +7.913573e-07  -3.782355e-06  -1.056122e-07  -8.335943e-07  +4.871795e-06  +2.549259e-08  -1.530492e-09  +2.628720e-04  -5.450184e-08  -1.074468e-07  +1.332205e-04  -1.499092e-07  -5.228212e-08  -2.319067e-04  +7.857828e-08  +5.994506e-07  -4.411450e-04  
+5.198601e-03  -2.105942e-03  -2.619851e-03  +3.449625e-02  +2.233855e-03  +2.187139e-02  -1.083602e-02  +2.519558e-02  -1.600272e-02  +1.395698e-01  -3.997637e-01  -1.880645e-03  -1.748886e-03  +4.696904e+00  -4.860999e-04  -9.568340e-05  +1.081489e+01  -6.380372e-04  +3.255145e-04  +1.977669e+01  +9.105762e-04  -4.411450e-04  +2.595991e+01  
