mean:
+3.982109e+00  +3.940967e+00  +6.371747e-01  -1.084754e+00  +1.656311e+00  +4.990572e-01  +9.105197e-01  +2.065234e+00  +1.503350e-01  +1.932113e+00  +4.905317e+00  +1.839432e+00  +2.983521e+00  +8.034756e+02  +4.959842e+00  +4.479802e+00  +2.007169e+03  
covariance:
+1.839202e-06  +3.118223e-07  -2.268817e-06  -4.450125e-06  -2.995882e-07  -4.557589e-07  +3.602507e-07  -5.084787e-06  +1.212532e-07  -6.846533e-07  -1.614909e-05  -5.968648e-08  +4.009215e-08  -8.892652e-05  +6.091349e-08  -3.822283e-09  +9.258424e-04  
+3.118223e-07  +2.492073e-06  +4.481379e-06  +8.547614e-06  -4.864087e-06  +1.954034e-06  -2.741946e-08  +5.338329e-06  -4.430009e-07  +2.559811e-06  +3.321705e-05  -1.214386e-07  -1.688798e-08  +3.305002e-04  +6.452372e-08  +4.653746e-08  -4.155724e-03  
-2.268817e-06  +4.481379e-06  +5.108704e-05  +9.212665e-05  -3.676466e-05  +1.458581e-05  +6.149659e-07  +4.896570e-05  -3.007904e-06  +6.002317e-06  +2.404277e-04  -3.789265e-07  -6.615260e-07  +3.074950e-04  +4.038455e-07  +5.574968e-07  -2.403919e-02  
-4.450125e-06  +8.547614e-06  +9.212665e-05  +4.132891e-04  -1.250069e-04  +4.416161e-05  +1.690155e-05  +1.192448e-04  -1.377736e-05  +4.072505e-05  +6.171302e-04  -1.199687e-06  -2.692100e-06  +7.559475e-03  +7.101822e-07  +1.247204e-06  -4.570284e-02  
-2.995882e-07  -4.864087e-06  -3.676466e-05  -1.250069e-04  +2.650587e-04  -1.620730e-05  +3.112327e-06  -5.273240e-05  +9.021059e-06  -4.500163e-05  -3.340686e-04  +2.010331e-06  +1.777297e-07  +2.531912e-03  -7.596106e-07  -7.504041e-07  +6.518918e-02  
-4.557589e-07  +1.954034e-06  +1.458581e-05  +4.416161e-05  -1.620730e-05  +7.786777e-06  +1.866852e-06  +1.192420e-05  -1.555840e-06  +3.495957e-06  +9.593137e-05  -1.973394e-07  -3.617881e-07  +1.686023e-03  +1.987106e-07  +1.849892e-07  -1.034301e-02  
+3.602507e-07  -2.741946e-08  +6.149659e-07  +1.690155e-05  +3.112327e-06  +1.866852e-06  +8.318037e-06  -2.563086e-05  -2.210668e-07  -4.566628e-06  -2.054263e-05  -1.335236e-07  -4.176594e-08  +6.637935e-04  +1.955830e-07  +3.025624e-07  +4.310801e-03  
-5.084787e-06  +5.338329e-06  +4.896570e-05  +1.192448e-04  -5.273240e-05  +1.192420e-05  -2.563086e-05  +3.746582e-04  -3.907103e-06  +2.544564e-05  +3.632692e-04  +1.056089e-06  -8.952278e-07  -8.600971e-03  -5.274464e-07  -9.109303e-07  -3.658846e-02  
+1.212532e-07  -4.430009e-07  -3.007904e-06  -1.377736e-05  +9.021059e-06  -1.555840e-06  -2.210668e-07  -3.907103e-06  +1.907972e-06  -8.810533e-06  -4.554024e-05  +3.111498e-07  +4.545294e-08  -7.010909e-04  +1.881762e-08  -5.640405e-09  +5.002179e-03  
-6.846533e-07  +2.559811e-06  +6.002317e-06  +4.072505e-05  -4.500163e-05  +3.495957e-06  -4.566628e-06  +2.544564e-05  -8.810533e-06  +5.495627e-05  +2.075018e-04  -1.806218e-06  -3.207104e-08  +3.237700e-03  -2.946173e-07  -3.319614e-07  -2.608358e-02  
-1.614909e-05  +3.321705e-05  +2.404277e-04  +6.171302e-04  -3.340686e-04  +9.593137e-05  -2.054263e-05  +3.632692e-04  -4.554024e-05  +2.075018e-04  +2.183316e-03  -6.781245e-06  -3.689372e-06  +2.150458e-02  +1.067005e-06  +1.657316e-06  -2.290026e-01  
-5.968648e-08  -1.214386e-07  -3.789265e-07  -1.199687e-06  +2.010331e-06  -1.973394e-07  -1.335236e-07  +1.056089e-06  +3.111498e-07  -1.806218e-06  -6.781245e-06  +2.276186e-07  -1.602101e-09  -8.922218e-05  -6.569615e-09  +2.736485e-08  +1.050514e-03  
+4.009215e-08  -1.688798e-08  -6.615260e-07  -2.692100e-06  +1.777297e-07  -3.617881e-07  -4.176594e-08  -8.952278e-07  +4.545294e-08  -3.207104e-08  -3.689372e-06  -1.602101e-09  +2.225075e-07  -1.552534e-04  +3.157673e-09  +2.468434e-08  +4.525292e-04  
-8.892652e-05  +3.305002e-04  +3.074950e-04  +7.559475e-03  +2.531912e-03  +1.686023e-03  +6.637935e-04  -8.600971e-03  -7.010909e-04  +3.237700e-03  +2.150458e-02  -8.922218e-05  -1.552534e-04  +2.078573e+00  -4.081355e-05  +1.801363e-05  -2.288652e+00  
+6.091349e-08  +6.452372e-08  +4.038455e-07  +7.101822e-07  -7.596106e-07  +1.987106e-07  +1.955830e-07  -5.274464e-07  +1.881762e-08  -2.946173e-07  +1.067005e-06  -6.569615e-09  +3.157673e-09  -4.081355e-05  +1.416532e-07  +1.463488e-08  -1.991162e-04  
-3.822283e-09  +4.653746e-08  +5.574968e-07  +1.247204e-06  -7.504041e-07  +1.849892e-07  +3.025624e-07  -9.109303e-07  -5.640405e-09  -3.319614e-07  +1.657316e-06  +2.736485e-08  +2.468434e-08  +1.801363e-05  +1.463488e-08  +1.445309e-07  +7.180675e-05  
+9.258424e-04  -4.155724e-03  -2.403919e-02  -4.570284e-02  +6.518918e-02  -1.034301e-02  +4.310801e-03  -3.658846e-02  +5.002179e-03  -2.608358e-02  -2.290026e-01  +1.050514e-03  +4.525292e-04  -2.288652e+00  -1.991162e-04  +7.180675e-05  +3.782745e+01  
