mean:
+3.980255e+00  +3.954468e+00  +8.436431e-01  +1.289084e+00  +1.403495e+00  +4.047015e-01  +8.262318e-01  +1.404766e+00  +1.702365e-01  +1.918267e+00  +5.882970e+00  +3.592235e+00  +2.698548e+00  +2.104932e+02  +4.309785e+00  +5.293201e+00  +2.835962e+02  +5.452362e+00  +3.740660e+00  +3.238435e+02  +2.641064e+00  +4.559284e+00  +3.980965e+02  
covariance:
+1.381035e-06  +2.031485e-07  -1.407289e-06  -3.557951e-06  +7.542356e-07  +1.527780e-06  +5.690384e-06  +1.024703e-05  -4.752600e-06  +3.841280e-05  -3.844753e-05  +5.182830e-08  -4.434656e-07  +1.812358e-03  -2.852606e-06  +4.848263e-07  +2.979956e-03  +3.634847e-07  -1.903340e-06  +1.311671e-03  +2.277391e-07  -4.378632e-07  +3.970488e-03  
+2.031485e-07  +9.465093e-07  -4.499947e-07  -8.265776e-07  +2.119172e-07  +2.310489e-07  +1.388869e-06  +1.988723e-06  -7.427271e-07  +5.850951e-06  -5.132571e-06  +4.709169e-08  -1.117343e-07  +4.767861e-04  -6.965174e-07  +1.383981e-07  +2.518159e-04  -4.083062e-08  -6.026935e-07  +2.053845e-04  +9.864795e-08  -1.487165e-08  +4.456932e-04  
-1.407289e-06  -4.499947e-07  +1.509591e-05  +1.108149e-05  +2.356831e-07  -5.201737e-06  -2.943500e-05  -3.528099e-05  +1.520580e-05  -1.278407e-04  +1.548928e-04  +1.245120e-07  +1.109702e-06  -6.354884e-03  +8.651839e-06  -2.663908e-06  -7.694748e-03  -1.429207e-06  +6.709245e-06  -7.598885e-03  -8.829344e-07  +9.627440e-07  -1.451877e-02  
-3.557951e-06  -8.265776e-07  +1.108149e-05  +6.884643e-05  -9.271781e-06  -1.014649e-05  -4.992398e-05  -8.333702e-05  +3.305709e-05  -2.580366e-04  +2.469909e-04  -1.140872e-06  +4.344364e-06  -1.611690e-02  +2.783210e-05  -2.600894e-06  -1.685633e-02  -1.541005e-06  +1.925187e-05  -7.314873e-03  -9.955145e-07  +2.181599e-06  -2.385366e-02  
+7.542356e-07  +2.119172e-07  +2.356831e-07  -9.271781e-06  +7.267074e-06  +2.347312e-06  +7.796898e-06  +2.143845e-05  -7.374098e-06  +5.628447e-05  -4.142762e-05  +3.311383e-07  -1.120122e-06  +3.881167e-03  -6.974803e-06  -4.525372e-08  +5.214985e-03  -3.810717e-07  -4.457492e-06  +1.003650e-03  +8.363226e-07  -6.605113e-07  +4.258600e-03  
+1.527780e-06  +2.310489e-07  -5.201737e-06  -1.014649e-05  +2.347312e-06  +5.214228e-06  +1.852924e-05  +3.427519e-05  -1.454010e-05  +1.245632e-04  -1.267598e-04  -1.883194e-07  -1.433089e-06  +5.717373e-03  -8.812797e-06  +1.383442e-06  +1.012869e-02  +1.130499e-06  -5.148289e-06  +4.723579e-03  +9.319633e-07  -1.514053e-06  +1.355856e-02  
+5.690384e-06  +1.388869e-06  -2.943500e-05  -4.992398e-05  +7.796898e-06  +1.852924e-05  +9.855308e-05  +1.392430e-04  -6.109282e-05  +5.008295e-04  -5.210441e-04  -7.373628e-09  -4.466103e-06  +2.538060e-02  -3.648636e-05  +7.206749e-06  +3.218294e-02  +3.957123e-06  -2.753057e-05  +2.173690e-02  +2.919851e-06  -4.815615e-06  +5.215676e-02  
+1.024703e-05  +1.988723e-06  -3.528099e-05  -8.333702e-05  +2.143845e-05  +3.427519e-05  +1.392430e-04  +3.172870e-04  -1.066681e-04  +8.882583e-04  -8.676892e-04  +4.808063e-07  -9.912626e-06  +4.209474e-02  -6.733775e-05  +8.600771e-06  +7.325711e-02  +5.451269e-06  -4.254955e-05  +3.377297e-02  +6.543733e-06  -1.054238e-05  +9.457822e-02  
-4.752600e-06  -7.427271e-07  +1.520580e-05  +3.305709e-05  -7.374098e-06  -1.454010e-05  -6.109282e-05  -1.066681e-04  +4.648016e-05  -3.861148e-04  +3.837219e-04  +1.901296e-07  +3.887390e-06  -1.893339e-02  +2.797583e-05  -4.237678e-06  -2.842267e-02  -2.998006e-06  +1.883354e-05  -1.423742e-02  -2.203961e-06  +4.640520e-06  -4.038009e-02  
+3.841280e-05  +5.850951e-06  -1.278407e-04  -2.580366e-04  +5.628447e-05  +1.245632e-04  +5.008295e-04  +8.882583e-04  -3.861148e-04  +3.290576e-03  -3.334063e-03  -3.011166e-06  -3.259930e-05  +1.548953e-01  -2.286601e-04  +3.614777e-05  +2.470199e-01  +2.889523e-05  -1.495687e-04  +1.224784e-01  +1.923726e-05  -3.964823e-05  +3.535357e-01  
-3.844753e-05  -5.132571e-06  +1.548928e-04  +2.469909e-04  -4.142762e-05  -1.267598e-04  -5.210441e-04  -8.676892e-04  +3.837219e-04  -3.334063e-03  +3.636364e-03  +3.309849e-06  +3.396541e-05  -1.496168e-01  +2.215304e-04  -3.921682e-05  -2.457516e-01  -3.842077e-05  +1.464469e-04  -1.357353e-01  -2.098250e-05  +3.427103e-05  -3.761661e-01  
+5.182830e-08  +4.709169e-08  +1.245120e-07  -1.140872e-06  +3.311383e-07  -1.883194e-07  -7.373628e-09  +4.808063e-07  +1.901296e-07  -3.011166e-06  +3.309849e-06  +5.621753e-07  -8.120905e-08  +3.640834e-04  -7.450597e-07  -1.362909e-08  -5.844651e-04  -6.066237e-08  -9.601118e-07  -3.636722e-04  -1.296462e-07  +1.245918e-07  -6.933635e-04  
-4.434656e-07  -1.117343e-07  +1.109702e-06  +4.344364e-06  -1.120122e-06  -1.433089e-06  -4.466103e-06  -9.912626e-06  +3.887390e-06  -3.259930e-05  +3.396541e-05  -8.120905e-08  +1.425561e-06  -1.943947e-03  +3.218273e-06  -8.686376e-08  -3.179583e-03  -2.545588e-07  +1.996179e-06  -8.777126e-04  -3.911719e-07  +2.701372e-07  -3.025528e-03  
+1.812358e-03  +4.767861e-04  -6.354884e-03  -1.611690e-02  +3.881167e-03  +5.717373e-03  +2.538060e-02  +4.209474e-02  -1.893339e-02  +1.548953e-01  -1.496168e-01  +3.640834e-04  -1.943947e-03  +1.056676e+01  -1.439610e-02  +1.241042e-03  +9.800830e+00  +8.492299e-04  -1.073668e-02  +5.120644e+00  +6.175011e-04  -1.817655e-03  +1.435468e+01  
-2.852606e-06  -6.965174e-07  +8.651839e-06  +2.783210e-05  -6.974803e-06  -8.812797e-06  -3.648636e-05  -6.733775e-05  +2.797583e-05  -2.286601e-04  +2.215304e-04  -7.450597e-07  +3.218273e-06  -1.439610e-02  +2.245355e-05  -1.622735e-06  -1.586681e-02  -1.289360e-06  +1.578673e-05  -7.389564e-03  -1.412000e-06  +2.338890e-06  -2.167749e-02  
+4.848263e-07  +1.383981e-07  -2.663908e-06  -2.600894e-06  -4.525372e-08  +1.383442e-06  +7.206749e-06  +8.600771e-06  -4.237678e-06  +3.614777e-05  -3.921682e-05  -1.362909e-08  -8.686376e-08  +1.241042e-03  -1.622735e-06  +1.251132e-06  +2.253395e-03  +4.823875e-07  -1.259528e-06  +1.601097e-03  +1.364496e-07  -3.521064e-07  +4.367632e-03  
+2.979956e-03  +2.518159e-04  -7.694748e-03  -1.685633e-02  +5.214985e-03  +1.012869e-02  +3.218294e-02  +7.325711e-02  -2.842267e-02  +2.470199e-01  -2.457516e-01  -5.844651e-04  -3.179583e-03  +9.800830e+00  -1.586681e-02  +2.253395e-03  +2.333585e+01  +2.169505e-03  -8.013165e-03  +8.735180e+00  +2.096534e-03  -3.403463e-03  +2.750187e+01  
+3.634847e-07  -4.083062e-08  -1.429207e-06  -1.541005e-06  -3.810717e-07  +1.130499e-06  +3.957123e-06  +5.451269e-06  -2.998006e-06  +2.889523e-05  -3.842077e-05  -6.066237e-08  -2.545588e-07  +8.492299e-04  -1.289360e-06  +4.823875e-07  +2.169505e-03  +1.001632e-06  -6.782473e-07  +1.198367e-03  +9.354394e-08  -1.526157e-07  +4.079813e-03  
-1.903340e-06  -6.026935e-07  +6.709245e-06  +1.925187e-05  -4.457492e-06  -5.148289e-06  -2.753057e-05  -4.254955e-05  +1.883354e-05  -1.495687e-04  +1.464469e-04  -9.601118e-07  +1.996179e-06  -1.073668e-02  +1.578673e-05  -1.259528e-06  -8.013165e-03  -6.782473e-07  +1.360815e-05  -5.065454e-03  -6.598862e-07  +1.309509e-06  -1.295188e-02  
+1.311671e-03  +2.053845e-04  -7.598885e-03  -7.314873e-03  +1.003650e-03  +4.723579e-03  +2.173690e-02  +3.377297e-02  -1.423742e-02  +1.224784e-01  -1.357353e-01  -3.636722e-04  -8.777126e-04  +5.120644e+00  -7.389564e-03  +1.601097e-03  +8.735180e+00  +1.198367e-03  -5.065454e-03  +6.723896e+00  +1.025439e-03  -1.077287e-03  +1.404232e+01  
+2.277391e-07  +9.864795e-08  -8.829344e-07  -9.955145e-07  +8.363226e-07  +9.319633e-07  +2.919851e-06  +6.543733e-06  -2.203961e-06  +1.923726e-05  -2.098250e-05  -1.296462e-07  -3.911719e-07  +6.175011e-04  -1.412000e-06  +1.364496e-07  +2.096534e-03  +9.354394e-08  -6.598862e-07  +1.025439e-03  +6.384163e-07  -7.686541e-08  +2.284912e-03  
-4.378632e-07  -1.487165e-08  +9.627440e-07  +2.181599e-06  -6.605113e-07  -1.514053e-06  -4.815615e-06  -1.054238e-05  +4.640520e-06  -3.964823e-05  +3.427103e-05  +1.245918e-07  +2.701372e-07  -1.817655e-03  +2.338890e-06  -3.521064e-07  -3.403463e-03  -1.526157e-07  +1.309509e-06  -1.077287e-03  -7.686541e-08  +1.140318e-06  -4.016903e-03  
+3.970488e-03  +4.456932e-04  -1.451877e-02  -2.385366e-02  +4.258600e-03  +1.355856e-02  +5.215676e-02  +9.457822e-02  -4.038009e-02  +3.535357e-01  -3.761661e-01  -6.933635e-04  -3.025528e-03  +1.435468e+01  -2.167749e-02  +4.367632e-03  +2.750187e+01  +4.079813e-03  -1.295188e-02  +1.404232e+01  +2.284912e-03  -4.016903e-03  +4.171194e+01  
