mean:
+3.913445e+00  +3.903057e+00  +6.414534e-01  -1.158337e+00  +1.737996e+00  +6.012240e-01  +9.128642e-01  +2.070795e+00  +1.469602e-01  +1.959185e+00  +4.835169e+00  +1.905368e+00  +3.007069e+00  +8.030078e+02  +4.960112e+00  +4.479602e+00  +2.015083e+03  
covariance:
+1.035750e-05  -4.167320e-06  +1.062602e-06  -2.324625e-06  +4.534837e-06  -9.934655e-07  -3.247757e-06  +6.326467e-06  +1.821935e-06  -3.547694e-06  -6.698500e-05  +1.013218e-07  +3.795149e-07  +5.625458e-04  +2.532528e-08  -2.837811e-08  +2.185446e-03  
-4.167320e-06  +4.684841e-06  -1.052682e-06  +7.829817e-06  +8.932664e-06  -1.603903e-06  -2.643503e-06  +8.402661e-06  +1.246424e-06  -9.976690e-07  -9.592917e-05  -1.217696e-07  -8.402543e-08  -3.152338e-04  -6.929052e-08  -4.766220e-08  +5.703857e-03  
+1.062602e-06  -1.052682e-06  +7.518685e-06  +2.459424e-06  +7.967186e-06  +3.269170e-06  +1.553480e-06  -4.977135e-06  -6.686277e-07  +1.993669e-07  +4.099800e-05  +1.521014e-07  +1.267157e-07  +1.225468e-04  -2.859333e-08  +5.851201e-08  +5.849797e-04  
-2.324625e-06  +7.829817e-06  +2.459424e-06  +1.906489e-04  +6.503950e-05  -3.027917e-06  -1.969171e-06  -3.467556e-05  +5.083647e-06  -1.392869e-05  -3.245416e-04  -2.326030e-07  -5.044766e-07  -1.062387e-02  -6.358430e-08  -4.701986e-08  +5.698420e-02  
+4.534837e-06  +8.932664e-06  +7.967186e-06  +6.503950e-05  +1.859665e-04  +4.414765e-07  -1.289600e-06  +4.965765e-06  +6.813304e-06  -2.366896e-06  -5.791403e-04  +3.783954e-07  +1.515043e-06  -3.584955e-03  -2.867525e-07  -1.530547e-06  +5.041829e-02  
-9.934655e-07  -1.603903e-06  +3.269170e-06  -3.027917e-06  +4.414765e-07  +5.706232e-06  +5.612456e-06  -1.626867e-05  -3.685596e-06  +1.086796e-05  +1.497982e-04  +5.530493e-08  -7.911236e-09  +2.154586e-04  +4.811092e-08  +8.313289e-08  -6.556465e-03  
-3.247757e-06  -2.643503e-06  +1.553480e-06  -1.969171e-06  -1.289600e-06  +5.612456e-06  +1.974612e-05  -3.419275e-05  -6.841025e-06  +8.824985e-06  +2.984378e-04  -2.801692e-08  -2.540747e-07  -1.381099e-03  +1.185448e-07  +7.014783e-08  -1.190560e-02  
+6.326467e-06  +8.402661e-06  -4.977135e-06  -3.467556e-05  +4.965765e-06  -1.626867e-05  -3.419275e-05  +2.069321e-04  +1.569475e-05  -2.059803e-05  -7.678841e-04  +9.316937e-07  -5.993763e-07  +7.980805e-03  -5.255503e-07  -1.209759e-06  +6.037126e-03  
+1.821935e-06  +1.246424e-06  -6.686277e-07  +5.083647e-06  +6.813304e-06  -3.685596e-06  -6.841025e-06  +1.569475e-05  +4.276633e-06  -1.144553e-05  -1.586021e-04  -1.262474e-07  +1.615141e-07  +2.305765e-05  -5.537956e-08  -1.130662e-07  +8.465126e-03  
-3.547694e-06  -9.976690e-07  +1.993669e-07  -1.392869e-05  -2.366896e-06  +1.086796e-05  +8.824985e-06  -2.059803e-05  -1.144553e-05  +5.774071e-05  +2.668524e-04  +8.754891e-07  -4.003685e-07  +1.617707e-03  -3.763478e-08  -2.815780e-08  -2.093128e-02  
-6.698500e-05  -9.592917e-05  +4.099800e-05  -3.245416e-04  -5.791403e-04  +1.497982e-04  +2.984378e-04  -7.678841e-04  -1.586021e-04  +2.668524e-04  +8.175245e-03  +3.078336e-06  -6.706326e-06  +8.755018e-04  +5.062484e-06  +8.207454e-06  -4.212393e-01  
+1.013218e-07  -1.217696e-07  +1.521014e-07  -2.326030e-07  +3.783954e-07  +5.530493e-08  -2.801692e-08  +9.316937e-07  -1.262474e-07  +8.754891e-07  +3.078336e-06  +2.404163e-07  +6.932216e-09  +2.364220e-05  -1.388803e-10  -1.922389e-11  -5.224484e-04  
+3.795149e-07  -8.402543e-08  +1.267157e-07  -5.044766e-07  +1.515043e-06  -7.911236e-09  -2.540747e-07  -5.993763e-07  +1.615141e-07  -4.003685e-07  -6.706326e-06  +6.932216e-09  +2.060794e-07  -9.465451e-06  +2.941161e-08  +4.929462e-09  +4.973723e-04  
+5.625458e-04  -3.152338e-04  +1.225468e-04  -1.062387e-02  -3.584955e-03  +2.154586e-04  -1.381099e-03  +7.980805e-03  +2.305765e-05  +1.617707e-03  +8.755018e-04  +2.364220e-05  -9.465451e-06  +1.476259e+00  +2.216551e-05  -3.279729e-05  -3.793923e+00  
+2.532528e-08  -6.929052e-08  -2.859333e-08  -6.358430e-08  -2.867525e-07  +4.811092e-08  +1.185448e-07  -5.255503e-07  -5.537956e-08  -3.763478e-08  +5.062484e-06  -1.388803e-10  +2.941161e-08  +2.216551e-05  +1.050108e-07  +2.377780e-08  -2.295416e-04  
-2.837811e-08  -4.766220e-08  +5.851201e-08  -4.701986e-08  -1.530547e-06  +8.313289e-08  +7.014783e-08  -1.209759e-06  -1.130662e-07  -2.815780e-08  +8.207454e-06  -1.922389e-11  +4.929462e-09  -3.279729e-05  +2.377780e-08  +1.393500e-07  -3.429950e-04  
+2.185446e-03  +5.703857e-03  +5.849797e-04  +5.698420e-02  +5.041829e-02  -6.556465e-03  -1.190560e-02  +6.037126e-03  +8.465126e-03  -2.093128e-02  -4.212393e-01  -5.224484e-04  +4.973723e-04  -3.793923e+00  -2.295416e-04  -3.429950e-04  +3.898581e+01  
