mean:
+3.967509e+00  +3.992023e+00  +8.574036e-01  +1.324090e+00  +1.214922e+00  +3.953703e-01  +8.209969e-01  +1.342861e+00  +1.817973e-01  +1.867727e+00  +5.749579e+00  +3.611542e+00  +2.919089e+00  +4.295697e+00  +5.128499e+00  +5.236263e+00  +3.830562e+00  +2.800047e+00  +4.479901e+00  
covariance:
+2.958358e-06  +1.239172e-06  +1.034594e-05  +6.786539e-06  +1.239308e-06  -3.608212e-06  +2.573234e-06  -9.554856e-06  -6.164407e-06  +4.423186e-05  -1.475027e-04  +1.332478e-08  +3.578724e-07  -7.451749e-07  -4.978603e-07  +3.045729e-08  +8.734441e-08  +6.749208e-07  -4.855141e-07  
+1.239172e-06  +4.379652e-06  +3.085372e-06  +1.345130e-06  -1.090934e-06  -1.544168e-06  +4.602026e-06  -7.625903e-06  -3.516695e-06  +1.944164e-05  -5.807167e-05  -2.766214e-07  -4.609797e-08  -6.904378e-08  -3.182831e-08  +4.834967e-08  +4.939440e-08  +7.179860e-07  -4.866211e-07  
+1.034594e-05  +3.085372e-06  +9.821306e-05  +5.319484e-05  +2.007845e-05  -2.772186e-05  +2.671097e-06  -3.939109e-05  -4.063589e-05  +3.248599e-04  -1.107858e-03  +2.985677e-06  +5.828299e-06  -6.154408e-06  -4.148440e-06  -5.735494e-07  +4.067360e-07  +2.197351e-06  +3.458187e-07  
+6.786539e-06  +1.345130e-06  +5.319484e-05  +1.717281e-04  +1.912029e-05  -6.483722e-06  -3.498746e-05  -1.634191e-06  -3.514823e-06  +1.071062e-04  -5.534551e-04  +8.427750e-07  +2.655131e-06  -3.087425e-06  -5.173045e-06  -5.129445e-07  -3.858745e-06  +9.159533e-07  +1.029516e-06  
+1.239308e-06  -1.090934e-06  +2.007845e-05  +1.912029e-05  +1.240530e-05  -4.375515e-06  -9.674409e-06  -2.178262e-06  -3.325863e-06  +4.896278e-05  -1.961401e-04  +7.816358e-07  +1.332899e-06  -1.456962e-06  -1.062091e-06  -5.323910e-07  -1.995259e-07  -2.284620e-07  +5.533600e-07  
-3.608212e-06  -1.544168e-06  -2.772186e-05  -6.483722e-06  -4.375515e-06  +1.071561e-05  -3.724528e-06  +2.096181e-05  +1.495539e-05  -1.137381e-04  +3.820578e-04  -1.129633e-07  -1.240775e-06  +2.057008e-06  +1.040138e-06  -4.664381e-08  -4.171543e-07  -1.124705e-06  +9.428326e-07  
+2.573234e-06  +4.602026e-06  +2.671097e-06  -3.498746e-05  -9.674409e-06  -3.724528e-06  +7.896694e-05  -3.629420e-05  -3.206431e-05  +9.496114e-05  -1.168439e-04  -2.206969e-06  -5.967573e-07  +2.871077e-06  +2.586118e-07  +2.697803e-07  +3.629394e-06  +5.067762e-06  -2.431434e-07  
-9.554856e-06  -7.625903e-06  -3.939109e-05  -1.634191e-06  -2.178262e-06  +2.096181e-05  -3.629420e-05  +2.848131e-04  +4.529576e-05  -2.780752e-04  +7.710846e-04  +3.454839e-06  +4.984953e-06  +5.290071e-06  +3.355453e-06  +1.258385e-06  -1.407677e-06  -6.803298e-06  +8.274807e-06  
-6.164407e-06  -3.516695e-06  -4.063589e-05  -3.514823e-06  -3.325863e-06  +1.495539e-05  -3.206431e-05  +4.529576e-05  +3.352475e-05  -1.992559e-04  +5.799888e-04  +6.467403e-07  -1.668175e-06  +2.264518e-06  +1.789655e-06  -1.344587e-07  -1.661889e-06  -3.468296e-06  +1.254443e-06  
+4.423186e-05  +1.944164e-05  +3.248599e-04  +1.071062e-04  +4.896278e-05  -1.137381e-04  +9.496114e-05  -2.780752e-04  -1.992559e-04  +1.405313e-03  -4.465165e-03  -7.361154e-07  +1.469138e-05  -2.356523e-05  -1.470589e-05  +4.646661e-07  +6.013134e-06  +1.767311e-05  -9.400905e-06  
-1.475027e-04  -5.807167e-05  -1.107858e-03  -5.534551e-04  -1.961401e-04  +3.820578e-04  -1.168439e-04  +7.710846e-04  +5.799888e-04  -4.465165e-03  +1.525420e-02  -2.928632e-06  -4.827782e-05  +8.178483e-05  +4.743132e-05  -3.248721e-06  -8.181548e-06  -5.128816e-05  +3.490809e-05  
+1.332478e-08  -2.766214e-07  +2.985677e-06  +8.427750e-07  +7.816358e-07  -1.129633e-07  -2.206969e-06  +3.454839e-06  +6.467403e-07  -7.361154e-07  -2.928632e-06  +1.172182e-06  +4.191135e-07  -1.161054e-07  -1.059074e-08  -6.648634e-08  -1.332587e-07  -4.730370e-07  +4.693082e-07  
+3.578724e-07  -4.609797e-08  +5.828299e-06  +2.655131e-06  +1.332899e-06  -1.240775e-06  -5.967573e-07  +4.984953e-06  -1.668175e-06  +1.469138e-05  -4.827782e-05  +4.191135e-07  +9.938379e-07  -3.016205e-07  -1.574664e-07  -1.227974e-07  -3.940535e-08  -1.560715e-07  +4.279627e-07  
-7.451749e-07  -6.904378e-08  -6.154408e-06  -3.087425e-06  -1.456962e-06  +2.057008e-06  +2.871077e-06  +5.290071e-06  +2.264518e-06  -2.356523e-05  +8.178483e-05  -1.161054e-07  -3.016205e-07  +1.013530e-06  +3.407808e-07  +2.756053e-08  +1.444979e-07  +6.065411e-08  +2.674312e-07  
-4.978603e-07  -3.182831e-08  -4.148440e-06  -5.173045e-06  -1.062091e-06  +1.040138e-06  +2.586118e-07  +3.355453e-06  +1.789655e-06  -1.470589e-05  +4.743132e-05  -1.059074e-08  -1.574664e-07  +3.407808e-07  +8.336296e-07  +3.414649e-08  -3.800762e-08  -2.022570e-07  +5.499324e-08  
+3.045729e-08  +4.834967e-08  -5.735494e-07  -5.129445e-07  -5.323910e-07  -4.664381e-08  +2.697803e-07  +1.258385e-06  -1.344587e-07  +4.646661e-07  -3.248721e-06  -6.648634e-08  -1.227974e-07  +2.756053e-08  +3.414649e-08  +3.606124e-07  +1.294089e-07  +7.148471e-08  -4.410930e-08  
+8.734441e-08  +4.939440e-08  +4.067360e-07  -3.858745e-06  -1.995259e-07  -4.171543e-07  +3.629394e-06  -1.407677e-06  -1.661889e-06  +6.013134e-06  -8.181548e-06  -1.332587e-07  -3.940535e-08  +1.444979e-07  -3.800762e-08  +1.294089e-07  +7.939156e-07  +2.988283e-07  +6.422154e-09  
+6.749208e-07  +7.179860e-07  +2.197351e-06  +9.159533e-07  -2.284620e-07  -1.124705e-06  +5.067762e-06  -6.803298e-06  -3.468296e-06  +1.767311e-05  -5.128816e-05  -4.730370e-07  -1.560715e-07  +6.065411e-08  -2.022570e-07  +7.148471e-08  +2.988283e-07  +1.012806e-06  -3.519850e-07  
-4.855141e-07  -4.866211e-07  +3.458187e-07  +1.029516e-06  +5.533600e-07  +9.428326e-07  -2.431434e-07  +8.274807e-06  +1.254443e-06  -9.400905e-06  +3.490809e-05  +4.693082e-07  +4.279627e-07  +2.674312e-07  +5.499324e-08  -4.410930e-08  +6.422154e-09  -3.519850e-07  +1.015732e-06  
