mean:
+3.928724e+00  +3.908407e+00  +6.430156e-01  -1.096684e+00  +1.556836e+00  +6.052686e-01  +9.140263e-01  +2.067616e+00  +1.400466e-01  +1.999049e+00  +4.851500e+00  +1.906526e+00  +3.007181e+00  +8.014777e+02  +4.959682e+00  +4.479945e+00  +2.014756e+03  
covariance:
+2.975066e-05  +1.437472e-05  -1.272342e-05  -4.084881e-05  +9.284903e-05  +2.967686e-06  +5.038545e-06  -2.121416e-05  +2.407972e-07  -4.948666e-06  +3.420110e-05  -5.313428e-07  +5.926606e-07  -1.787583e-03  +1.514414e-07  +9.854350e-08  -1.608591e-02  
+1.437472e-05  +2.991878e-05  +1.614233e-06  +1.621229e-05  +5.267353e-05  +8.973759e-06  -4.716671e-06  -3.549126e-05  -2.218372e-06  +5.338788e-05  -1.328077e-04  -3.213190e-07  +4.244616e-07  -4.363454e-03  +8.138748e-08  +1.879318e-07  -2.214101e-03  
-1.272342e-05  +1.614233e-06  +8.989202e-05  +3.397244e-04  -1.828462e-04  +1.707694e-05  -3.280643e-05  +5.098680e-05  -5.286042e-06  +1.552728e-04  -4.272913e-04  +7.944012e-07  +5.892512e-07  +8.861336e-04  +2.673512e-07  +2.076001e-07  +3.280951e-02  
-4.084881e-05  +1.621229e-05  +3.397244e-04  +2.344753e-03  -9.148245e-04  +7.534043e-05  +4.883392e-05  +1.504711e-04  -6.058207e-05  +8.866710e-04  -2.000192e-03  +4.580450e-06  +4.226094e-06  -1.803665e-02  +4.525460e-08  +3.620705e-06  +1.184246e-01  
+9.284903e-05  +5.267353e-05  -1.828462e-04  -9.148245e-04  +1.247240e-03  +5.993658e-07  +2.042730e-05  -1.866114e-04  +1.653849e-05  -2.859533e-04  +8.407017e-04  -2.938345e-06  -5.466676e-06  -1.563447e-02  +8.016122e-07  -3.032021e-07  -1.334303e-01  
+2.967686e-06  +8.973759e-06  +1.707694e-05  +7.534043e-05  +5.993658e-07  +1.512923e-05  -3.657051e-06  -1.756273e-05  -3.449144e-06  +7.364680e-05  -2.104155e-04  +1.456300e-08  -6.137673e-07  -2.202615e-03  +3.573874e-07  +1.700523e-07  +8.107361e-03  
+5.038545e-06  -4.716671e-06  -3.280643e-05  +4.883392e-05  +2.042730e-05  -3.657051e-06  +8.612023e-05  -1.982622e-05  -1.228283e-05  +1.824798e-05  +7.082705e-05  -4.955912e-07  -3.500195e-07  -3.009826e-03  -6.293798e-09  +1.447211e-07  -1.464520e-02  
-2.121416e-05  -3.549126e-05  +5.098680e-05  +1.504711e-04  -1.866114e-04  -1.756273e-05  -1.982622e-05  +2.396018e-04  +7.259924e-06  -1.000046e-04  +3.099161e-04  +1.933697e-06  +4.122594e-07  +8.922154e-03  -7.952629e-08  -9.362676e-07  +1.339905e-02  
+2.407972e-07  -2.218372e-06  -5.286042e-06  -6.058207e-05  +1.653849e-05  -3.449144e-06  -1.228283e-05  +7.259924e-06  +5.230641e-06  -4.419664e-05  +8.296808e-05  +8.110863e-08  +4.187913e-08  +8.483984e-04  -4.477873e-08  -4.596339e-08  -2.598690e-03  
-4.948666e-06  +5.338788e-05  +1.552728e-04  +8.866710e-04  -2.859533e-04  +7.364680e-05  +1.824798e-05  -1.000046e-04  -4.419664e-05  +6.959345e-04  -1.660798e-03  -2.670657e-07  -8.112054e-07  -1.309446e-02  +1.083020e-06  +1.356255e-06  +7.685234e-02  
+3.420110e-05  -1.328077e-04  -4.272913e-04  -2.000192e-03  +8.407017e-04  -2.104155e-04  +7.082705e-05  +3.099161e-04  +8.296808e-05  -1.660798e-03  +4.721196e-03  +2.450940e-07  +2.935840e-06  +3.712627e-02  -3.221839e-06  -2.761240e-06  -2.267833e-01  
-5.313428e-07  -3.213190e-07  +7.944012e-07  +4.580450e-06  -2.938345e-06  +1.456300e-08  -4.955912e-07  +1.933697e-06  +8.110863e-08  -2.670657e-07  +2.450940e-07  +4.918578e-07  -1.164948e-07  -1.284227e-04  -9.410782e-09  +2.030626e-08  +3.208236e-04  
+5.926606e-07  +4.244616e-07  +5.892512e-07  +4.226094e-06  -5.466676e-06  -6.137673e-07  -3.500195e-07  +4.122594e-07  +4.187913e-08  -8.112054e-07  +2.935840e-06  -1.164948e-07  +8.089869e-07  -1.904448e-04  -1.617744e-08  +4.126436e-08  -1.356419e-03  
-1.787583e-03  -4.363454e-03  +8.861336e-04  -1.803665e-02  -1.563447e-02  -2.202615e-03  -3.009826e-03  +8.922154e-03  +8.483984e-04  -1.309446e-02  +3.712627e-02  -1.284227e-04  -1.904448e-04  +3.536839e+00  -4.546805e-06  -1.811225e-04  +2.244110e+00  
+1.514414e-07  +8.138748e-08  +2.673512e-07  +4.525460e-08  +8.016122e-07  +3.573874e-07  -6.293798e-09  -7.952629e-08  -4.477873e-08  +1.083020e-06  -3.221839e-06  -9.410782e-09  -1.617744e-08  -4.546805e-06  +2.083240e-07  +9.066088e-09  -1.818937e-04  
+9.854350e-08  +1.879318e-07  +2.076001e-07  +3.620705e-06  -3.032021e-07  +1.700523e-07  +1.447211e-07  -9.362676e-07  -4.596339e-08  +1.356255e-06  -2.761240e-06  +2.030626e-08  +4.126436e-08  -1.811225e-04  +9.066088e-09  +2.500526e-07  -5.947586e-05  
-1.608591e-02  -2.214101e-03  +3.280951e-02  +1.184246e-01  -1.334303e-01  +8.107361e-03  -1.464520e-02  +1.339905e-02  -2.598690e-03  +7.685234e-02  -2.267833e-01  +3.208236e-04  -1.356419e-03  +2.244110e+00  -1.818937e-04  -5.947586e-05  +3.524467e+01  
