mean:
+3.927374e+00  +3.908281e+00  +6.378417e-01  -1.184163e+00  +1.737469e+00  +6.032787e-01  +9.203811e-01  +1.992508e+00  +1.393609e-01  +2.053197e+00  +4.729350e+00  +1.905975e+00  +3.006982e+00  +8.114740e+02  +4.960017e+00  +4.479372e+00  +2.012855e+03  
covariance:
+2.385903e-05  +5.483372e-06  +4.278839e-06  -9.110036e-06  +7.986059e-06  -1.060502e-06  -7.768248e-06  +6.185817e-06  +2.864828e-06  -2.226473e-05  +5.390625e-05  +5.507273e-08  -1.080991e-07  +1.091355e-03  -8.959557e-08  +2.363100e-07  -6.417960e-04  
+5.483372e-06  +3.860333e-05  -1.501342e-05  -4.082863e-05  -2.077402e-05  -1.345508e-06  -1.349934e-05  +3.844310e-05  +3.719387e-06  -3.562699e-05  +1.236132e-05  +1.159575e-06  +1.140176e-06  -1.295305e-02  +2.100817e-07  +4.614405e-07  -7.211051e-04  
+4.278839e-06  -1.501342e-05  +2.044501e-04  +1.900840e-04  -1.379108e-04  -1.843451e-05  -7.832873e-05  +2.506595e-04  +2.485038e-05  -4.068036e-04  +1.466168e-03  -3.733556e-06  -3.125186e-06  +3.514250e-02  -5.464760e-07  -1.473101e-06  -6.730500e-02  
-9.110036e-06  -4.082863e-05  +1.900840e-04  +7.851149e-04  +2.938998e-05  +1.588769e-05  -2.138725e-05  -8.980237e-05  -1.869842e-06  +7.702439e-06  +2.862805e-04  -4.253856e-07  -2.089259e-06  +4.046169e-02  -5.892018e-07  -1.761368e-06  -2.017758e-02  
+7.986059e-06  -2.077402e-05  -1.379108e-04  +2.938998e-05  +2.975201e-04  +4.160733e-05  +1.204148e-04  -3.537058e-04  -3.145771e-05  +5.040761e-04  -1.731122e-03  +4.797491e-06  +2.324351e-06  -3.250997e-03  -1.040382e-06  +1.509663e-06  +7.518798e-02  
-1.060502e-06  -1.345508e-06  -1.843451e-05  +1.588769e-05  +4.160733e-05  +1.484260e-05  +1.290306e-05  -5.958736e-05  -2.748356e-06  +7.576013e-05  -3.478599e-04  +8.231920e-07  +5.515965e-07  -1.960333e-03  -1.294956e-07  +1.683691e-07  +1.353448e-02  
-7.768248e-06  -1.349934e-05  -7.832873e-05  -2.138725e-05  +1.204148e-04  +1.290306e-05  +1.139205e-04  -1.906816e-04  -2.949042e-05  +3.304670e-04  -8.367536e-04  +1.689473e-06  +7.593680e-07  +5.190931e-03  -4.984781e-07  +1.494898e-06  +3.733324e-02  
+6.185817e-06  +3.844310e-05  +2.506595e-04  -8.980237e-05  -3.537058e-04  -5.958736e-05  -1.906816e-04  +1.213575e-03  +8.241776e-05  -1.303490e-03  +3.922484e-03  -6.225499e-06  -6.027092e-06  +3.791958e-02  -1.941705e-06  -1.692865e-06  -2.239469e-01  
+2.864828e-06  +3.719387e-06  +2.485038e-05  -1.869842e-06  -3.145771e-05  -2.748356e-06  -2.949042e-05  +8.241776e-05  +1.125593e-05  -1.230070e-04  +2.851467e-04  -3.633136e-07  -1.337390e-07  -2.147683e-04  +6.058405e-08  -2.270778e-07  -1.599026e-02  
-2.226473e-05  -3.562699e-05  -4.068036e-04  +7.702439e-06  +5.040761e-04  +7.576013e-05  +3.304670e-04  -1.303490e-03  -1.230070e-04  +1.773836e-03  -5.156088e-03  +1.030040e-05  +5.662063e-06  -3.966409e-02  +9.069931e-07  +3.544831e-06  +2.694520e-01  
+5.390625e-05  +1.236132e-05  +1.466168e-03  +2.862805e-04  -1.731122e-03  -3.478599e-04  -8.367536e-04  +3.922484e-03  +2.851467e-04  -5.156088e-03  +1.842789e-02  -4.570631e-05  -2.679009e-05  +2.445077e-01  -5.227625e-06  -1.219721e-05  -8.813365e-01  
+5.507273e-08  +1.159575e-06  -3.733556e-06  -4.253856e-07  +4.797491e-06  +8.231920e-07  +1.689473e-06  -6.225499e-06  -3.633136e-07  +1.030040e-05  -4.570631e-05  +8.666364e-07  +8.563415e-08  -1.048377e-03  +2.434639e-08  +9.464086e-08  +2.183571e-03  
-1.080991e-07  +1.140176e-06  -3.125186e-06  -2.089259e-06  +2.324351e-06  +5.515965e-07  +7.593680e-07  -6.027092e-06  -1.337390e-07  +5.662063e-06  -2.679009e-05  +8.563415e-08  +6.484505e-07  -1.115397e-03  +9.393226e-08  +8.325239e-08  +1.482697e-03  
+1.091355e-03  -1.295305e-02  +3.514250e-02  +4.046169e-02  -3.250997e-03  -1.960333e-03  +5.190931e-03  +3.791958e-02  -2.147683e-04  -3.966409e-02  +2.445077e-01  -1.048377e-03  -1.115397e-03  +1.784581e+01  -4.569324e-04  -6.658792e-05  -1.091381e+01  
-8.959557e-08  +2.100817e-07  -5.464760e-07  -5.892018e-07  -1.040382e-06  -1.294956e-07  -4.984781e-07  -1.941705e-06  +6.058405e-08  +9.069931e-07  -5.227625e-06  +2.434639e-08  +9.393226e-08  -4.569324e-04  +2.839298e-07  -3.538741e-08  +3.765188e-04  
+2.363100e-07  +4.614405e-07  -1.473101e-06  -1.761368e-06  +1.509663e-06  +1.683691e-07  +1.494898e-06  -1.692865e-06  -2.270778e-07  +3.544831e-06  -1.219721e-05  +9.464086e-08  +8.325239e-08  -6.658792e-05  -3.538741e-08  +4.892527e-07  +8.085300e-04  
-6.417960e-04  -7.211051e-04  -6.730500e-02  -2.017758e-02  +7.518798e-02  +1.353448e-02  +3.733324e-02  -2.239469e-01  -1.599026e-02  +2.694520e-01  -8.813365e-01  +2.183571e-03  +1.482697e-03  -1.091381e+01  +3.765188e-04  +8.085300e-04  +5.286573e+01  
