mean:
+3.926866e+00  +3.906134e+00  +6.234452e-01  -1.157924e+00  +1.749542e+00  +6.041637e-01  +9.293047e-01  +2.062693e+00  +1.408391e-01  +2.019826e+00  +4.760743e+00  +1.905764e+00  +3.007150e+00  +8.149319e+02  +4.959772e+00  +4.479405e+00  +2.025784e+03  
covariance:
+2.660960e-05  +6.033882e-06  +2.151555e-06  -3.360228e-05  +2.325240e-06  -4.611964e-06  -1.380240e-05  -3.345236e-06  +3.355115e-06  -4.587235e-06  -2.067543e-05  -5.794025e-07  +4.952957e-08  -1.594781e-03  +6.671467e-08  +2.127564e-07  -3.189747e-03  
+6.033882e-06  +8.765956e-06  -5.284689e-06  -1.802954e-05  +6.387171e-06  -3.935124e-06  -1.898312e-05  +1.614584e-05  +1.003879e-06  +2.307166e-05  -9.943703e-05  +1.049252e-07  +3.599694e-07  +4.002481e-04  +1.023357e-07  -2.541671e-09  +6.725638e-03  
+2.151555e-06  -5.284689e-06  +1.292252e-04  +1.185101e-04  -9.667523e-05  +1.397992e-05  +7.107141e-05  +3.401065e-05  -7.290808e-07  -1.370017e-04  +5.160307e-04  -3.437825e-06  -4.366386e-06  -1.971707e-02  +8.747293e-07  -1.174607e-06  -6.553433e-02  
-3.360228e-05  -1.802954e-05  +1.185101e-04  +8.549204e-04  +1.541955e-05  +7.080188e-05  +1.869643e-04  -8.711922e-05  -1.511905e-05  -2.237114e-04  +1.148867e-03  +8.593862e-07  +8.853332e-07  -4.052653e-02  -8.840611e-07  +1.550173e-06  +3.082465e-02  
+2.325240e-06  +6.387171e-06  -9.667523e-05  +1.541955e-05  +1.957731e-04  -8.972676e-06  -7.693594e-05  -4.543861e-05  +2.807734e-06  +1.461234e-04  -5.855835e-04  +4.854643e-06  +5.500104e-06  +1.586437e-02  -3.993812e-07  +7.362143e-07  +9.305355e-02  
-4.611964e-06  -3.935124e-06  +1.397992e-05  +7.080188e-05  -8.972676e-06  +1.547515e-05  +4.973500e-05  -3.440897e-05  -5.397013e-06  -4.211820e-05  +2.496299e-04  -1.993530e-08  -2.538068e-07  -2.072658e-03  -2.058208e-07  -7.274440e-09  -6.772588e-03  
-1.380240e-05  -1.898312e-05  +7.107141e-05  +1.869643e-04  -7.693594e-05  +4.973500e-05  +2.406593e-04  -1.583859e-04  -2.302692e-05  -2.117885e-04  +1.154316e-03  -6.996034e-07  -3.605145e-06  -1.306310e-03  -3.453695e-07  +2.487895e-07  -7.205486e-02  
-3.345236e-06  +1.614584e-05  +3.401065e-05  -8.711922e-05  -4.543861e-05  -3.440897e-05  -1.583859e-04  +3.674388e-04  +1.929235e-05  +8.837125e-05  -7.027560e-04  -3.320175e-07  -1.463661e-06  -1.514303e-02  +3.110252e-08  -1.349815e-06  +8.282978e-03  
+3.355115e-06  +1.003879e-06  -7.290808e-07  -1.511905e-05  +2.807734e-06  -5.397013e-06  -2.302692e-05  +1.929235e-05  +4.585786e-06  +3.671676e-06  -9.562981e-05  -1.155733e-07  +2.111481e-07  -1.803952e-03  +1.045219e-07  -6.464536e-08  +2.401198e-03  
-4.587235e-06  +2.307166e-05  -1.370017e-04  -2.237114e-04  +1.461234e-04  -4.211820e-05  -2.117885e-04  +8.837125e-05  +3.671676e-06  +3.997105e-04  -1.450740e-03  +2.856019e-06  +4.121702e-06  +3.407215e-02  -8.976907e-07  +5.328248e-07  +1.266883e-01  
-2.067543e-05  -9.943703e-05  +5.160307e-04  +1.148867e-03  -5.855835e-04  +2.496299e-04  +1.154316e-03  -7.027560e-04  -9.562981e-05  -1.450740e-03  +7.572865e-03  -1.559736e-05  -1.657024e-05  -1.197070e-01  +1.565593e-06  +9.464699e-07  -5.338351e-01  
-5.794025e-07  +1.049252e-07  -3.437825e-06  +8.593862e-07  +4.854643e-06  -1.993530e-08  -6.996034e-07  -3.320175e-07  -1.155733e-07  +2.856019e-06  -1.559736e-05  +8.034835e-07  +1.692773e-07  +9.421218e-04  +3.005617e-08  +4.139077e-08  +2.899707e-03  
+4.952957e-08  +3.599694e-07  -4.366386e-06  +8.853332e-07  +5.500104e-06  -2.538068e-07  -3.605145e-06  -1.463661e-06  +2.111481e-07  +4.121702e-06  -1.657024e-05  +1.692773e-07  +8.023461e-07  +2.209936e-04  +3.719741e-08  -4.603722e-08  +3.014094e-03  
-1.594781e-03  +4.002481e-04  -1.971707e-02  -4.052653e-02  +1.586437e-02  -2.072658e-03  -1.306310e-03  -1.514303e-02  -1.803952e-03  +3.407215e-02  -1.197070e-01  +9.421218e-04  +2.209936e-04  +1.181408e+01  -2.162117e-04  +9.841048e-05  +1.161172e+01  
+6.671467e-08  +1.023357e-07  +8.747293e-07  -8.840611e-07  -3.993812e-07  -2.058208e-07  -3.453695e-07  +3.110252e-08  +1.045219e-07  -8.976907e-07  +1.565593e-06  +3.005617e-08  +3.719741e-08  -2.162117e-04  +3.001897e-07  -6.002026e-08  -8.347334e-04  
+2.127564e-07  -2.541671e-09  -1.174607e-06  +1.550173e-06  +7.362143e-07  -7.274440e-09  +2.487895e-07  -1.349815e-06  -6.464536e-08  +5.328248e-07  +9.464699e-07  +4.139077e-08  -4.603722e-08  +9.841048e-05  -6.002026e-08  +3.909049e-07  +6.142238e-04  
-3.189747e-03  +6.725638e-03  -6.553433e-02  +3.082465e-02  +9.305355e-02  -6.772588e-03  -7.205486e-02  +8.282978e-03  +2.401198e-03  +1.266883e-01  -5.338351e-01  +2.899707e-03  +3.014094e-03  +1.161172e+01  -8.347334e-04  +6.142238e-04  +8.999768e+01  
