mean:
+3.925758e+00  +3.905272e+00  +6.492055e-01  -1.112709e+00  +1.748523e+00  +5.943775e-01  +9.410955e-01  +2.031571e+00  +1.433143e-01  +1.988999e+00  +4.746962e+00  +1.905603e+00  +3.007028e+00  +8.110249e+02  +4.959563e+00  +4.479436e+00  +2.037107e+03  
covariance:
+2.121792e-05  +7.568974e-06  -4.956679e-06  -2.409046e-05  -6.109171e-06  -4.000332e-07  -4.941482e-06  -7.423514e-06  +5.911807e-07  -8.172958e-06  +3.957520e-05  -7.941683e-07  +7.804419e-08  -2.666539e-03  +3.560315e-07  +6.557395e-08  -1.008261e-03  
+7.568974e-06  +9.790298e-06  -2.194291e-05  +8.228904e-06  +2.022651e-05  -4.014876e-06  +1.827744e-06  +1.809459e-06  -1.207041e-06  +3.308689e-05  -1.638291e-04  -3.769999e-08  +6.029168e-07  +3.636374e-03  +2.541081e-07  +1.792718e-08  +1.487716e-02  
-4.956679e-06  -2.194291e-05  +2.134125e-04  +2.635086e-06  -1.629152e-04  +2.477448e-05  +3.991846e-05  -5.856599e-05  +3.072234e-06  -2.571908e-04  +1.130953e-03  -1.458191e-06  -4.457980e-06  -2.108566e-02  +4.476292e-07  +1.362011e-06  -9.763131e-02  
-2.409046e-05  +8.228904e-06  +2.635086e-06  +8.133331e-04  +9.641829e-06  -1.773651e-05  +1.654560e-04  -2.726364e-04  -1.360447e-05  +1.492349e-04  -1.191262e-03  -1.479872e-06  +1.099659e-06  +4.635194e-02  -4.576589e-08  -1.628891e-07  +5.777275e-02  
-6.109171e-06  +2.022651e-05  -1.629152e-04  +9.641829e-06  +3.431914e-04  -3.042586e-05  -2.562654e-05  +1.073377e-05  -4.085570e-06  +2.768014e-04  -1.222152e-03  +4.452330e-06  +3.447913e-06  +2.743048e-02  -1.240965e-06  -7.948142e-07  +1.277711e-01  
-4.000332e-07  -4.014876e-06  +2.477448e-05  -1.773651e-05  -3.042586e-05  +7.818148e-06  -2.136000e-06  -2.957190e-06  +9.941665e-07  -4.729975e-05  +2.392983e-04  -2.068493e-07  -8.632349e-07  -5.978268e-03  +4.489467e-08  +1.225839e-07  -2.270797e-02  
-4.941482e-06  +1.827744e-06  +3.991846e-05  +1.654560e-04  -2.562654e-05  -2.136000e-06  +1.148614e-04  -1.118213e-04  -7.280169e-06  -2.530963e-05  -1.674348e-04  -1.273751e-07  -6.578731e-07  +7.797858e-03  +3.634528e-07  -3.148760e-07  +8.718004e-04  
-7.423514e-06  +1.809459e-06  -5.856599e-05  -2.726364e-04  +1.073377e-05  -2.957190e-06  -1.118213e-04  +6.423749e-04  +2.851049e-06  +1.152601e-04  -9.688712e-05  -2.923995e-06  -1.510564e-06  +1.180472e-02  +9.267075e-09  -3.095893e-06  -6.747700e-02  
+5.911807e-07  -1.207041e-06  +3.072234e-06  -1.360447e-05  -4.085570e-06  +9.941665e-07  -7.280169e-06  +2.851049e-06  +1.801253e-06  -9.734251e-06  +5.031849e-05  -9.159458e-08  -7.787242e-08  -1.554197e-03  +1.799089e-08  +1.932178e-08  -3.280329e-03  
-8.172958e-06  +3.308689e-05  -2.571908e-04  +1.492349e-04  +2.768014e-04  -4.729975e-05  -2.530963e-05  +1.152601e-04  -9.734251e-06  +4.672961e-04  -2.052926e-03  +3.155553e-06  +7.540928e-06  +5.297829e-02  -6.767888e-07  -1.303336e-06  +1.735318e-01  
+3.957520e-05  -1.638291e-04  +1.130953e-03  -1.191262e-03  -1.222152e-03  +2.392983e-04  -1.674348e-04  -9.688712e-05  +5.031849e-05  -2.052926e-03  +1.046190e-02  -1.306735e-05  -3.264720e-05  -2.716685e-01  +2.091376e-06  +7.981651e-06  -8.757223e-01  
-7.941683e-07  -3.769999e-08  -1.458191e-06  -1.479872e-06  +4.452330e-06  -2.068493e-07  -1.273751e-07  -2.923995e-06  -9.159458e-08  +3.155553e-06  -1.306735e-05  +7.308192e-07  +6.876489e-08  +2.142998e-04  +1.571802e-08  +1.110417e-07  +4.109306e-03  
+7.804419e-08  +6.029168e-07  -4.457980e-06  +1.099659e-06  +3.447913e-06  -8.632349e-07  -6.578731e-07  -1.510564e-06  -7.787242e-08  +7.540928e-06  -3.264720e-05  +6.876489e-08  +6.516433e-07  +7.259377e-04  +1.940034e-08  -5.602678e-08  +4.231230e-03  
-2.666539e-03  +3.636374e-03  -2.108566e-02  +4.635194e-02  +2.743048e-02  -5.978268e-03  +7.797858e-03  +1.180472e-02  -1.554197e-03  +5.297829e-02  -2.716685e-01  +2.142998e-04  +7.259377e-04  +9.222202e+00  -1.406457e-06  -2.524101e-04  +1.900122e+01  
+3.560315e-07  +2.541081e-07  +4.476292e-07  -4.576589e-08  -1.240965e-06  +4.489467e-08  +3.634528e-07  +9.267075e-09  +1.799089e-08  -6.767888e-07  +2.091376e-06  +1.571802e-08  +1.940034e-08  -1.406457e-06  +2.835009e-07  +9.021209e-09  +2.155281e-05  
+6.557395e-08  +1.792718e-08  +1.362011e-06  -1.628891e-07  -7.948142e-07  +1.225839e-07  -3.148760e-07  -3.095893e-06  +1.932178e-08  -1.303336e-06  +7.981651e-06  +1.110417e-07  -5.602678e-08  -2.524101e-04  +9.021209e-09  +5.216034e-07  +4.308482e-04  
-1.008261e-03  +1.487716e-02  -9.763131e-02  +5.777275e-02  +1.277711e-01  -2.270797e-02  +8.718004e-04  -6.747700e-02  -3.280329e-03  +1.735318e-01  -8.757223e-01  +4.109306e-03  +4.231230e-03  +1.900122e+01  +2.155281e-05  +4.308482e-04  +1.318049e+02  
