mean:
+3.985248e+00  +3.941659e+00  +6.540088e-01  -1.143907e+00  +1.686680e+00  +5.001338e-01  +9.175037e-01  +2.123650e+00  +1.462506e-01  +2.020268e+00  +4.800825e+00  +1.840103e+00  +2.983863e+00  +8.034704e+02  +4.959953e+00  +4.479940e+00  +2.011188e+03  
covariance:
+7.624954e-06  +8.197453e-07  +4.352495e-06  -1.418520e-05  +1.183490e-05  -1.352206e-06  +3.884588e-06  +4.163661e-06  -1.662587e-06  +3.490269e-05  -1.199934e-04  +5.662276e-07  -4.198410e-07  -1.961249e-04  -1.117600e-07  -1.359405e-07  +5.769026e-03  
+8.197453e-07  +5.349255e-06  -1.317895e-06  +2.276045e-05  -1.533189e-06  +8.288048e-07  +4.921027e-07  +9.710289e-06  +8.371611e-07  -1.876536e-05  +8.465929e-05  -3.140564e-07  -1.985085e-07  +1.091884e-03  +1.116236e-08  +5.396834e-09  -1.948856e-03  
+4.352495e-06  -1.317895e-06  +5.263438e-05  -1.159931e-04  +3.504958e-05  +5.713170e-06  +4.407937e-05  +6.484443e-05  -6.970932e-06  +6.723082e-05  -1.992602e-04  +1.014417e-06  -1.511321e-06  -4.302844e-03  +1.652830e-07  -6.543458e-07  +4.358821e-03  
-1.418520e-05  +2.276045e-05  -1.159931e-04  +1.259265e-03  +4.164683e-05  -5.776856e-07  -6.263910e-05  +2.206229e-04  +2.330644e-05  -4.503156e-04  +1.709373e-03  +3.007681e-06  -4.644799e-07  +5.893467e-02  -4.876211e-07  +7.765902e-07  +1.224571e-02  
+1.183490e-05  -1.533189e-06  +3.504958e-05  +4.164683e-05  +2.041834e-04  +4.422456e-07  +5.906213e-05  +1.509082e-04  -1.368548e-05  +1.851824e-04  -5.540703e-04  +6.941540e-06  -4.016367e-06  +9.711636e-03  -6.365307e-07  -8.042362e-07  +4.532130e-02  
-1.352206e-06  +8.288048e-07  +5.713170e-06  -5.776856e-07  +4.422456e-07  +6.086088e-06  +1.255218e-05  +2.965226e-05  +5.425121e-08  -2.274526e-05  +6.054657e-05  -3.172951e-07  +4.461287e-08  -3.153074e-04  +2.496034e-07  +8.271085e-08  -7.474652e-03  
+3.884588e-06  +4.921027e-07  +4.407937e-05  -6.263910e-05  +5.906213e-05  +1.255218e-05  +8.597034e-05  +1.582133e-04  -1.021719e-05  +4.695479e-05  -1.389149e-04  +2.100178e-06  -1.506020e-06  +3.485917e-04  +1.663900e-07  -3.228526e-07  -6.818759e-03  
+4.163661e-06  +9.710289e-06  +6.484443e-05  +2.206229e-04  +1.509082e-04  +2.965226e-05  +1.582133e-04  +6.619196e-04  -2.006160e-05  +2.914472e-05  +1.572695e-04  +8.195754e-06  -6.000433e-06  +2.315461e-02  -8.323735e-07  -1.783042e-08  +3.016994e-03  
-1.662587e-06  +8.371611e-07  -6.970932e-06  +2.330644e-05  -1.368548e-05  +5.425121e-08  -1.021719e-05  -2.006160e-05  +3.809898e-06  -3.390425e-05  +7.647948e-05  -7.987802e-07  +5.086597e-07  +4.464954e-04  +1.352588e-07  +1.887246e-08  -3.829192e-03  
+3.490269e-05  -1.876536e-05  +6.723082e-05  -4.503156e-04  +1.851824e-04  -2.274526e-05  +4.695479e-05  +2.914472e-05  -3.390425e-05  +6.943919e-04  -2.185088e-03  +1.291174e-05  -6.004585e-06  -1.069364e-02  -2.180793e-06  -9.868128e-07  +1.183987e-01  
-1.199934e-04  +8.465929e-05  -1.992602e-04  +1.709373e-03  -5.540703e-04  +6.054657e-05  -1.389149e-04  +1.572695e-04  +7.647948e-05  -2.185088e-03  +8.687394e-03  -4.176185e-05  +1.101977e-05  +3.677691e-02  +4.251447e-06  +4.730150e-06  -3.824682e-01  
+5.662276e-07  -3.140564e-07  +1.014417e-06  +3.007681e-06  +6.941540e-06  -3.172951e-07  +2.100178e-06  +8.195754e-06  -7.987802e-07  +1.291174e-05  -4.176185e-05  +9.726793e-07  -2.010318e-07  +5.225356e-04  -6.543646e-08  +1.147631e-08  +3.160754e-03  
-4.198410e-07  -1.985085e-07  -1.511321e-06  -4.644799e-07  -4.016367e-06  +4.461287e-08  -1.506020e-06  -6.000433e-06  +5.086597e-07  -6.004585e-06  +1.101977e-05  -2.010318e-07  +9.063724e-07  +7.324838e-05  +2.874942e-08  +2.913584e-08  -1.361694e-03  
-1.961249e-04  +1.091884e-03  -4.302844e-03  +5.893467e-02  +9.711636e-03  -3.153074e-04  +3.485917e-04  +2.315461e-02  +4.464954e-04  -1.069364e-02  +3.677691e-02  +5.225356e-04  +7.324838e-05  +6.534831e+00  -6.911570e-05  +3.755486e-05  +5.915719e+00  
-1.117600e-07  +1.116236e-08  +1.652830e-07  -4.876211e-07  -6.365307e-07  +2.496034e-07  +1.663900e-07  -8.323735e-07  +1.352588e-07  -2.180793e-06  +4.251447e-06  -6.543646e-08  +2.874942e-08  -6.911570e-05  +2.187209e-07  +8.279022e-09  -5.868116e-04  
-1.359405e-07  +5.396834e-09  -6.543458e-07  +7.765902e-07  -8.042362e-07  +8.271085e-08  -3.228526e-07  -1.783042e-08  +1.887246e-08  -9.868128e-07  +4.730150e-06  +1.147631e-08  +2.913584e-08  +3.755486e-05  +8.279022e-09  +3.299487e-07  -2.961135e-04  
+5.769026e-03  -1.948856e-03  +4.358821e-03  +1.224571e-02  +4.532130e-02  -7.474652e-03  -6.818759e-03  +3.016994e-03  -3.829192e-03  +1.183987e-01  -3.824682e-01  +3.160754e-03  -1.361694e-03  +5.915719e+00  -5.868116e-04  -2.961135e-04  +4.688902e+01  
