mean:
+4.018057e+00  +3.960038e+00  +8.693405e-01  +1.353398e+00  +1.246725e+00  +5.068567e-01  +8.167036e-01  +1.394014e+00  +1.701601e-01  +1.865016e+00  +5.954821e+00  +3.660056e+00  +2.857344e+00  +2.038807e+02  +4.310263e+00  +5.128390e+00  +2.816138e+02  +5.252554e+00  +3.797128e+00  +3.240263e+02  +2.879830e+00  +4.479942e+00  +3.933603e+02  
covariance:
+1.552089e-06  +8.324404e-08  -1.293571e-06  -1.200207e-05  +3.301722e-07  -1.219546e-06  -1.461901e-07  +7.020850e-07  +6.672432e-07  -3.270517e-06  +3.704393e-06  -6.914611e-08  +4.317068e-08  +8.524320e-05  -4.329116e-08  +5.364639e-08  -6.913436e-04  -2.333881e-08  +5.544236e-08  -1.980136e-04  -6.934429e-08  +7.336649e-08  -1.207265e-04  
+8.324404e-08  +1.791564e-06  +6.698947e-07  -9.808001e-06  -8.886614e-08  -9.096605e-07  -4.607289e-07  -7.096994e-07  -1.614021e-07  +1.595064e-06  +5.235487e-06  +1.274496e-07  +1.142212e-07  +1.713940e-04  -1.381625e-07  -1.732108e-08  -5.010915e-04  -9.000061e-09  -9.964437e-08  +6.372355e-05  -2.937808e-09  +3.810339e-08  +3.160588e-04  
-1.293571e-06  +6.698947e-07  +4.691822e-05  -6.595434e-06  -1.066853e-05  +2.704110e-06  -1.393086e-05  -7.488116e-06  -1.521428e-05  +1.059560e-04  +6.557199e-05  +4.286276e-06  -1.248909e-06  -1.741128e-03  -2.110089e-06  -1.616236e-07  +9.486421e-03  -1.450465e-06  -7.266504e-07  +5.808693e-03  +7.838079e-07  -1.331296e-06  +5.672895e-03  
-1.200207e-05  -9.808001e-06  -6.595434e-06  +3.632024e-03  +2.829387e-05  +3.129642e-04  +1.110080e-04  -1.699097e-05  +1.469751e-05  -1.189213e-04  -1.609357e-03  -7.650332e-06  -1.008728e-05  +2.557986e-03  +1.505264e-05  +1.220425e-05  +6.786185e-02  +1.206746e-05  -5.573329e-06  +6.118119e-04  +6.153029e-06  +3.834253e-06  +5.661006e-03  
+3.301722e-07  -8.886614e-08  -1.066853e-05  +2.829387e-05  +5.702447e-05  +6.485184e-07  +4.482829e-06  +1.343615e-05  +5.087471e-06  -3.274055e-05  -2.719444e-05  -6.739021e-07  +9.756090e-08  +6.456159e-04  +7.884557e-07  -8.904768e-07  +2.015629e-03  -1.586594e-06  +1.436939e-06  +9.053109e-05  +8.721593e-07  +1.301555e-07  +6.478338e-04  
-1.219546e-06  -9.096605e-07  +2.704110e-06  +3.129642e-04  +6.485184e-07  +2.994196e-05  +9.863225e-06  -6.759659e-06  -1.484154e-06  +7.649564e-06  -1.479036e-04  -6.164592e-07  -9.928809e-07  -4.605269e-04  +1.041513e-06  +9.116359e-07  +7.198241e-03  +1.379678e-06  -1.031902e-06  -2.648895e-04  +7.882481e-07  +2.043273e-07  +1.528585e-03  
-1.461901e-07  -4.607289e-07  -1.393086e-05  +1.110080e-04  +4.482829e-06  +9.863225e-06  +1.841793e-05  +7.039091e-06  +2.100923e-06  -3.042746e-05  -5.726721e-05  -2.102821e-06  +4.286232e-07  -1.886146e-04  +1.049662e-06  +2.540498e-07  +1.660193e-04  +9.101641e-07  -3.858288e-07  -1.896520e-03  +4.793864e-07  +6.167566e-07  -2.467990e-03  
+7.020850e-07  -7.096994e-07  -7.488116e-06  -1.699097e-05  +1.343615e-05  -6.759659e-06  +7.039091e-06  +2.460393e-04  +1.836484e-05  -1.182625e-04  -8.639685e-05  +2.024168e-06  -2.038897e-06  -4.564386e-03  +5.027884e-11  -1.296574e-06  -1.206802e-03  -5.852994e-06  -2.646939e-08  -2.051322e-02  -2.378390e-06  -2.317531e-07  -6.294342e-03  
+6.672432e-07  -1.614021e-07  -1.521428e-05  +1.469751e-05  +5.087471e-06  -1.484154e-06  +2.100923e-06  +1.836484e-05  +9.630792e-06  -5.820391e-05  -3.674662e-05  -1.093755e-06  +6.585412e-08  +6.146381e-04  +9.507533e-07  +2.141898e-07  -3.675133e-03  +1.127843e-07  +6.249179e-07  -3.805776e-03  -6.859227e-07  +2.726916e-07  -3.240822e-03  
-3.270517e-06  +1.595064e-06  +1.059560e-04  -1.189213e-04  -3.274055e-05  +7.649564e-06  -3.042746e-05  -1.182625e-04  -5.820391e-05  +3.861749e-04  +2.115482e-04  +8.699590e-06  -1.324431e-06  -4.259318e-03  -6.499341e-06  -1.354411e-06  +2.330208e-02  -1.213816e-06  -3.865324e-06  +2.282097e-02  +3.880867e-06  -2.310603e-06  +2.380428e-02  
+3.704393e-06  +5.235487e-06  +6.557199e-05  -1.609357e-03  -2.719444e-05  -1.479036e-04  -5.726721e-05  -8.639685e-05  -3.674662e-05  +2.115482e-04  +1.184610e-03  +8.870187e-06  +5.856118e-06  +7.886152e-03  -9.768522e-06  -2.879613e-06  -9.348113e-03  -7.315024e-06  +5.910265e-06  +3.782493e-02  -1.042473e-06  -1.877380e-06  -1.951257e-03  
-6.914611e-08  +1.274496e-07  +4.286276e-06  -7.650332e-06  -6.739021e-07  -6.164592e-07  -2.102821e-06  +2.024168e-06  -1.093755e-06  +8.699590e-06  +8.870187e-06  +9.359297e-07  -8.263891e-08  +7.572580e-05  -2.324805e-07  -8.684387e-08  +5.701826e-04  -2.701582e-07  +7.612944e-09  +5.657193e-04  -2.415716e-08  -1.174310e-07  +7.606033e-04  
+4.317068e-08  +1.142212e-07  -1.248909e-06  -1.008728e-05  +9.756090e-08  -9.928809e-07  +4.286232e-07  -2.038897e-06  +6.585412e-08  -1.324431e-06  +5.856118e-06  -8.263891e-08  +8.138261e-07  +2.330338e-04  +2.628279e-08  -1.062099e-08  -9.516842e-04  +2.571257e-07  +6.760221e-08  +4.114139e-05  +5.142207e-08  +1.693604e-07  -3.362035e-05  
+8.524320e-05  +1.713940e-04  -1.741128e-03  +2.557986e-03  +6.456159e-04  -4.605269e-04  -1.886146e-04  -4.564386e-03  +6.146381e-04  -4.259318e-03  +7.886152e-03  +7.572580e-05  +2.330338e-04  +1.613095e+00  +5.264878e-06  +2.807463e-04  -9.389869e-01  +8.348831e-05  +2.198635e-04  +1.245413e+00  -8.635554e-05  +1.136559e-04  -2.753314e-01  
-4.329116e-08  -1.381625e-07  -2.110089e-06  +1.505264e-05  +7.884557e-07  +1.041513e-06  +1.049662e-06  +5.027884e-11  +9.507533e-07  -6.499341e-06  -9.768522e-06  -2.324805e-07  +2.628279e-08  +5.264878e-06  +5.544965e-07  +3.930104e-08  +1.201147e-04  +1.669192e-07  +9.237737e-08  -2.020800e-04  -5.210365e-08  +3.294495e-08  -3.709748e-04  
+5.364639e-08  -1.732108e-08  -1.616236e-07  +1.220425e-05  -8.904768e-07  +9.116359e-07  +2.540498e-07  -1.296574e-06  +2.141898e-07  -1.354411e-06  -2.879613e-06  -8.684387e-08  -1.062099e-08  +2.807463e-04  +3.930104e-08  +5.423755e-07  -3.182846e-05  +1.782304e-07  +2.698417e-09  +2.255149e-04  -1.317034e-08  +1.426361e-08  -2.816138e-04  
-6.913436e-04  -5.010915e-04  +9.486421e-03  +6.786185e-02  +2.015629e-03  +7.198241e-03  +1.660193e-04  -1.206802e-03  -3.675133e-03  +2.330208e-02  -9.348113e-03  +5.701826e-04  -9.516842e-04  -9.389869e-01  +1.201147e-04  -3.182846e-05  +7.544204e+00  -1.539001e-04  +1.854610e-04  +1.803340e+00  +5.847040e-04  -2.636227e-04  +1.041045e+00  
-2.333881e-08  -9.000061e-09  -1.450465e-06  +1.206746e-05  -1.586594e-06  +1.379678e-06  +9.101641e-07  -5.852994e-06  +1.127843e-07  -1.213816e-06  -7.315024e-06  -2.701582e-07  +2.571257e-07  +8.348831e-05  +1.669192e-07  +1.782304e-07  -1.539001e-04  +7.730195e-07  -7.440024e-08  -1.674258e-04  +8.923188e-08  +1.242248e-07  -1.276386e-04  
+5.544236e-08  -9.964437e-08  -7.266504e-07  -5.573329e-06  +1.436939e-06  -1.031902e-06  -3.858288e-07  -2.646939e-08  +6.249179e-07  -3.865324e-06  +5.910265e-06  +7.612944e-09  +6.760221e-08  +2.198635e-04  +9.237737e-08  +2.698417e-09  +1.854610e-04  -7.440024e-08  +5.536333e-07  +2.364187e-04  -1.698953e-08  +3.751013e-08  -3.579109e-04  
-1.980136e-04  +6.372355e-05  +5.808693e-03  +6.118119e-04  +9.053109e-05  -2.648895e-04  -1.896520e-03  -2.051322e-02  -3.805776e-03  +2.282097e-02  +3.782493e-02  +5.657193e-04  +4.114139e-05  +1.245413e+00  -2.020800e-04  +2.255149e-04  +1.803340e+00  -1.674258e-04  +2.364187e-04  +5.290118e+00  +2.725719e-04  -6.243077e-05  +1.236843e+00  
-6.934429e-08  -2.937808e-09  +7.838079e-07  +6.153029e-06  +8.721593e-07  +7.882481e-07  +4.793864e-07  -2.378390e-06  -6.859227e-07  +3.880867e-06  -1.042473e-06  -2.415716e-08  +5.142207e-08  -8.635554e-05  -5.210365e-08  -1.317034e-08  +5.847040e-04  +8.923188e-08  -1.698953e-08  +2.725719e-04  +4.283733e-07  +2.721802e-08  +3.496391e-04  
+7.336649e-08  +3.810339e-08  -1.331296e-06  +3.834253e-06  +1.301555e-07  +2.043273e-07  +6.167566e-07  -2.317531e-07  +2.726916e-07  -2.310603e-06  -1.877380e-06  -1.174310e-07  +1.693604e-07  +1.136559e-04  +3.294495e-08  +1.426361e-08  -2.636227e-04  +1.242248e-07  +3.751013e-08  -6.243077e-05  +2.721802e-08  +4.507621e-07  -3.789774e-05  
-1.207265e-04  +3.160588e-04  +5.672895e-03  +5.661006e-03  +6.478338e-04  +1.528585e-03  -2.467990e-03  -6.294342e-03  -3.240822e-03  +2.380428e-02  -1.951257e-03  +7.606033e-04  -3.362035e-05  -2.753314e-01  -3.709748e-04  -2.816138e-04  +1.041045e+00  -1.276386e-04  -3.579109e-04  +1.236843e+00  +3.496391e-04  -3.789774e-05  +3.383346e+00  
