mean:
+3.981893e+00  +3.953730e+00  +8.474266e-01  +1.301694e+00  +1.425769e+00  +4.036886e-01  +8.049119e-01  +1.378248e+00  +1.692080e-01  +1.871029e+00  +5.981986e+00  +3.592322e+00  +2.698379e+00  +1.975598e+02  +4.348453e+00  +5.275633e+00  +2.724228e+02  +5.453651e+00  +3.757201e+00  +3.203986e+02  +2.639952e+00  +4.559489e+00  +3.870975e+02  
covariance:
+9.847176e-07  +1.423722e-07  +4.015701e-07  -3.756264e-07  +2.712129e-06  +1.349569e-07  +1.988675e-07  -4.328127e-07  -6.800690e-07  +3.033989e-06  +2.931455e-07  +1.666750e-09  -4.755512e-08  -2.876169e-04  +2.575445e-07  -3.806067e-07  -2.843335e-04  +7.734699e-08  +6.839207e-08  -4.516416e-06  +1.470354e-07  +9.898708e-08  +1.037883e-04  
+1.423722e-07  +1.183784e-06  -2.644324e-07  -5.014467e-07  +1.511009e-06  -1.536957e-09  +8.318947e-08  -7.157850e-07  -9.381172e-08  +1.476358e-06  -5.539495e-07  -2.781748e-09  -1.435461e-10  +1.986804e-06  +3.144535e-07  -2.877151e-07  -2.423886e-04  +4.578223e-08  -2.446095e-10  -2.108444e-04  +6.587081e-08  -3.201370e-09  -7.438632e-05  
+4.015701e-07  -2.644324e-07  +3.135937e-05  +5.424818e-05  +7.019939e-05  +9.453232e-06  +7.684539e-06  +3.653953e-05  -1.870108e-05  +1.317043e-04  +7.154407e-05  +1.732464e-06  -4.552952e-06  -1.126213e-02  +3.124198e-06  -5.932666e-06  -7.076757e-03  +6.110532e-07  +2.894036e-06  +1.302154e-02  +1.641162e-06  +8.463026e-07  +9.212744e-03  
-3.756264e-07  -5.014467e-07  +5.424818e-05  +3.155720e-04  +2.593422e-04  +2.638866e-05  +4.896523e-05  +6.811702e-05  -4.943352e-05  +3.268412e-04  +1.717071e-04  +1.351274e-06  -1.281695e-05  -2.122236e-02  +9.303896e-06  -1.205897e-05  -1.967939e-02  +5.548940e-06  +4.181712e-06  +3.710703e-02  +4.736488e-06  +1.822740e-06  +2.036910e-02  
+2.712129e-06  +1.511009e-06  +7.019939e-05  +2.593422e-04  +6.867156e-04  +3.782180e-05  +4.209331e-05  +2.165719e-05  -9.843374e-05  +7.322854e-04  +1.819909e-04  +6.618753e-06  -1.472264e-05  -4.402430e-02  +4.198620e-05  -5.972669e-05  -5.259464e-02  +1.557162e-05  +1.399425e-05  +3.146653e-02  +1.727121e-05  +8.065253e-06  +3.056397e-02  
+1.349569e-07  -1.536957e-09  +9.453232e-06  +2.638866e-05  +3.782180e-05  +5.802983e-06  +9.954319e-06  +1.684326e-05  -8.777337e-06  +5.561812e-05  +2.972160e-05  +3.228851e-07  -1.841443e-06  -4.311303e-03  +3.082335e-06  -3.181084e-06  -2.794561e-03  +1.014208e-06  +1.177545e-06  +5.505492e-03  +1.130263e-06  +3.211087e-07  +2.561995e-03  
+1.988675e-07  +8.318947e-08  +7.684539e-06  +4.896523e-05  +4.209331e-05  +9.954319e-06  +3.777182e-05  +2.097442e-05  -1.309856e-05  +5.462423e-05  +6.023389e-05  -1.786917e-06  -1.558220e-06  -2.038257e-03  +5.833711e-06  -1.866255e-06  -1.468738e-03  +2.664346e-06  +1.685073e-06  +1.104646e-02  +1.816634e-06  +6.604443e-07  +3.743938e-03  
-4.328127e-07  -7.157850e-07  +3.653953e-05  +6.811702e-05  +2.165719e-05  +1.684326e-05  +2.097442e-05  +1.346511e-04  -2.077485e-05  +1.374258e-04  +5.903788e-05  +2.583328e-06  -8.139225e-06  -1.835279e-02  +9.454566e-08  -5.880297e-07  -6.329390e-03  +8.693791e-08  +2.479629e-06  +1.802261e-02  +2.139133e-06  -4.236602e-07  +5.691140e-03  
-6.800690e-07  -9.381172e-08  -1.870108e-05  -4.943352e-05  -9.843374e-05  -8.777337e-06  -1.309856e-05  -2.077485e-05  +1.971326e-05  -1.339237e-04  -5.410524e-05  -1.026101e-06  +3.360175e-06  +9.185347e-03  -6.218438e-06  +8.357381e-06  +8.269644e-03  -2.215749e-06  -2.838441e-06  -9.515948e-03  -2.803214e-06  -1.106230e-06  -7.177034e-03  
+3.033989e-06  +1.476358e-06  +1.317043e-04  +3.268412e-04  +7.322854e-04  +5.561812e-05  +5.462423e-05  +1.374258e-04  -1.339237e-04  +9.904405e-04  +3.013766e-04  +1.051966e-05  -2.494865e-05  -7.097463e-02  +4.599567e-05  -6.792511e-05  -6.589420e-02  +1.525833e-05  +1.970109e-05  +5.613422e-02  +2.065900e-05  +8.120972e-06  +4.740672e-02  
+2.931455e-07  -5.539495e-07  +7.154407e-05  +1.717071e-04  +1.819909e-04  +2.972160e-05  +6.023389e-05  +5.903788e-05  -5.410524e-05  +3.013766e-04  +3.921930e-04  -9.238302e-07  -7.088984e-06  -1.258952e-02  -4.077582e-06  +4.097696e-06  -6.096799e-03  +1.095702e-06  +8.543204e-06  +5.233860e-02  +1.726341e-06  +7.185544e-07  +4.026303e-02  
+1.666750e-09  -2.781748e-09  +1.732464e-06  +1.351274e-06  +6.618753e-06  +3.228851e-07  -1.786917e-06  +2.583328e-06  -1.026101e-06  +1.051966e-05  -9.238302e-07  +7.079288e-07  -3.779567e-07  -1.186692e-03  +5.286938e-07  -1.163780e-06  -8.948658e-04  -1.603377e-07  +1.852232e-07  +1.413133e-05  +1.817775e-07  +7.864928e-08  +1.700848e-04  
-4.755512e-08  -1.435461e-10  -4.552952e-06  -1.281695e-05  -1.472264e-05  -1.841443e-06  -1.558220e-06  -8.139225e-06  +3.360175e-06  -2.494865e-05  -7.088984e-06  -3.779567e-07  +1.486370e-06  +2.251648e-03  -1.289655e-06  +1.876450e-06  +1.713099e-03  -3.256901e-07  -4.894613e-07  -1.904763e-03  -5.456787e-07  -2.080686e-07  -9.265750e-04  
-2.876169e-04  +1.986804e-06  -1.126213e-02  -2.122236e-02  -4.402430e-02  -4.311303e-03  -2.038257e-03  -1.835279e-02  +9.185347e-03  -7.097463e-02  -1.258952e-02  -1.186692e-03  +2.251648e-03  +7.402107e+00  -3.400050e-03  +5.099657e-03  +4.870542e+00  -8.761768e-04  -1.440967e-03  -3.972455e+00  -1.401299e-03  -5.107142e-04  -2.255248e+00  
+2.575445e-07  +3.144535e-07  +3.124198e-06  +9.303896e-06  +4.198620e-05  +3.082335e-06  +5.833711e-06  +9.454566e-08  -6.218438e-06  +4.599567e-05  -4.077582e-06  +5.286938e-07  -1.289655e-06  -3.400050e-03  +8.591137e-06  -8.780303e-06  -4.157264e-03  +1.565628e-06  +1.256661e-06  -3.583585e-04  +1.739103e-06  +8.382710e-07  -9.697442e-04  
-3.806067e-07  -2.877151e-07  -5.932666e-06  -1.205897e-05  -5.972669e-05  -3.181084e-06  -1.866255e-06  -5.880297e-07  +8.357381e-06  -6.792511e-05  +4.097696e-06  -1.163780e-06  +1.876450e-06  +5.099657e-03  -8.780303e-06  +1.132794e-05  +6.226460e-03  -1.625760e-06  -1.831314e-06  +5.089798e-04  -2.483487e-06  -1.373213e-06  +9.406178e-05  
-2.843335e-04  -2.423886e-04  -7.076757e-03  -1.967939e-02  -5.259464e-02  -2.794561e-03  -1.468738e-03  -6.329390e-03  +8.269644e-03  -6.589420e-02  -6.096799e-03  -8.948658e-04  +1.713099e-03  +4.870542e+00  -4.157264e-03  +6.226460e-03  +5.648776e+00  -1.236475e-03  -1.254100e-03  -1.811869e+00  -1.737246e-03  -8.548854e-04  -2.170551e+00  
+7.734699e-08  +4.578223e-08  +6.110532e-07  +5.548940e-06  +1.557162e-05  +1.014208e-06  +2.664346e-06  +8.693791e-08  -2.215749e-06  +1.525833e-05  +1.095702e-06  -1.603377e-07  -3.256901e-07  -8.761768e-04  +1.565628e-06  -1.625760e-06  -1.236475e-03  +9.378672e-07  +2.791287e-07  +5.243376e-04  +4.618718e-07  +2.339031e-07  +2.836676e-04  
+6.839207e-08  -2.446095e-10  +2.894036e-06  +4.181712e-06  +1.399425e-05  +1.177545e-06  +1.685073e-06  +2.479629e-06  -2.838441e-06  +1.970109e-05  +8.543204e-06  +1.852232e-07  -4.894613e-07  -1.440967e-03  +1.256661e-06  -1.831314e-06  -1.254100e-03  +2.791287e-07  +9.193256e-07  +1.241693e-03  +5.364302e-07  +3.745615e-07  +1.053406e-03  
-4.516416e-06  -2.108444e-04  +1.302154e-02  +3.710703e-02  +3.146653e-02  +5.505492e-03  +1.104646e-02  +1.802261e-02  -9.515948e-03  +5.613422e-02  +5.233860e-02  +1.413133e-05  -1.904763e-03  -3.972455e+00  -3.583585e-04  +5.089798e-04  -1.811869e+00  +5.243376e-04  +1.241693e-03  +9.744066e+00  +3.777533e-04  +1.163015e-04  +5.757842e+00  
+1.470354e-07  +6.587081e-08  +1.641162e-06  +4.736488e-06  +1.727121e-05  +1.130263e-06  +1.816634e-06  +2.139133e-06  -2.803214e-06  +2.065900e-05  +1.726341e-06  +1.817775e-07  -5.456787e-07  -1.401299e-03  +1.739103e-06  -2.483487e-06  -1.737246e-03  +4.618718e-07  +5.364302e-07  +3.777533e-04  +1.044387e-06  +4.410884e-07  +2.968987e-04  
+9.898708e-08  -3.201370e-09  +8.463026e-07  +1.822740e-06  +8.065253e-06  +3.211087e-07  +6.604443e-07  -4.236602e-07  -1.106230e-06  +8.120972e-06  +7.185544e-07  +7.864928e-08  -2.080686e-07  -5.107142e-04  +8.382710e-07  -1.373213e-06  -8.548854e-04  +2.339031e-07  +3.745615e-07  +1.163015e-04  +4.410884e-07  +6.096335e-07  +3.212560e-04  
+1.037883e-04  -7.438632e-05  +9.212744e-03  +2.036910e-02  +3.056397e-02  +2.561995e-03  +3.743938e-03  +5.691140e-03  -7.177034e-03  +4.740672e-02  +4.026303e-02  +1.700848e-04  -9.265750e-04  -2.255248e+00  -9.697442e-04  +9.406178e-05  -2.170551e+00  +2.836676e-04  +1.053406e-03  +5.757842e+00  +2.968987e-04  +3.212560e-04  +6.660949e+00  
