mean:
+3.957649e+00  +3.924925e+00  +6.551644e-01  -1.110589e+00  +1.627639e+00  +4.964231e-01  +9.203493e-01  +2.068043e+00  +1.449091e-01  +1.978666e+00  +4.969208e+00  +1.635800e+00  +2.883390e+00  +8.018481e+02  +4.800101e+00  +4.399905e+00  +1.995678e+03  
covariance:
+4.913970e-06  -1.612717e-07  -7.065795e-07  -2.836755e-06  -1.153510e-05  -9.365344e-07  +1.972914e-06  +6.710733e-06  -3.222334e-08  +5.304597e-07  -2.453280e-06  +1.386928e-07  +4.922130e-08  +4.825147e-04  -1.580035e-08  +3.952510e-08  -8.324830e-04  
-1.612717e-07  +6.365661e-06  -4.749505e-06  +6.735720e-06  -2.462736e-06  -3.325347e-09  +1.267827e-06  -1.279145e-06  +4.620715e-07  -1.862669e-06  -1.324773e-05  -1.336250e-07  +3.478566e-08  +1.971835e-03  +1.310918e-07  -4.212990e-08  +6.322962e-04  
-7.065795e-07  -4.749505e-06  +1.291756e-04  +7.879332e-06  +7.346271e-05  -6.324228e-06  +1.868405e-05  +4.711790e-05  -1.375956e-05  +9.165008e-05  +1.491015e-04  +3.195734e-07  +3.954655e-07  -3.870636e-02  -3.552002e-07  -4.903944e-08  -7.416220e-03  
-2.836755e-06  +6.735720e-06  +7.879332e-06  +1.481290e-03  -3.872884e-05  -1.568931e-05  +1.709387e-04  -6.798572e-05  -2.379663e-05  +2.718027e-04  -1.230481e-03  +3.796143e-06  -9.340969e-07  +8.429365e-02  +8.443497e-07  -2.241800e-06  +2.560446e-02  
-1.153510e-05  -2.462736e-06  +7.346271e-05  -3.872884e-05  +9.297364e-04  +7.974391e-05  -1.753446e-04  -3.184818e-04  +2.051461e-05  -5.149174e-05  +1.638043e-04  -1.353573e-06  -2.668236e-06  -4.180979e-02  +9.720157e-07  -4.028601e-07  +1.093891e-01  
-9.365344e-07  -3.325347e-09  -6.324228e-06  -1.568931e-05  +7.974391e-05  +1.679810e-05  -2.167057e-05  -5.296307e-05  +3.932025e-06  -2.537982e-05  +3.217847e-05  +3.132752e-07  -1.815536e-07  +4.743758e-03  +1.746836e-07  +2.654178e-08  +1.560219e-02  
+1.972914e-06  +1.267827e-06  +1.868405e-05  +1.709387e-04  -1.753446e-04  -2.167057e-05  +1.173773e-04  +8.576232e-05  -1.869181e-05  +8.133946e-05  -7.245256e-05  -1.837295e-07  +4.934691e-07  +1.097167e-02  -2.360025e-07  -6.419751e-08  -2.911797e-02  
+6.710733e-06  -1.279145e-06  +4.711790e-05  -6.798572e-05  -3.184818e-04  -5.296307e-05  +8.576232e-05  +4.871302e-04  -1.576558e-05  +6.698809e-05  +8.237778e-05  +5.120280e-07  -9.754436e-07  -4.933877e-03  -1.665113e-06  +4.491848e-07  -6.373307e-02  
-3.222334e-08  +4.620715e-07  -1.375956e-05  -2.379663e-05  +2.051461e-05  +3.932025e-06  -1.869181e-05  -1.576558e-05  +6.828434e-06  -3.671694e-05  -2.114777e-05  +1.290437e-07  -2.727737e-07  +2.890976e-03  +1.038985e-07  +9.704755e-08  +8.691680e-03  
+5.304597e-07  -1.862669e-06  +9.165008e-05  +2.718027e-04  -5.149174e-05  -2.537982e-05  +8.133946e-05  +6.698809e-05  -3.671694e-05  +2.871517e-04  -4.576051e-05  +1.467784e-07  +2.419583e-06  -2.355724e-02  -4.474123e-07  -9.646344e-07  -5.016362e-02  
-2.453280e-06  -1.324773e-05  +1.491015e-04  -1.230481e-03  +1.638043e-04  +3.217847e-05  -7.245256e-05  +8.237778e-05  -2.114777e-05  -4.576051e-05  +1.847893e-03  -7.822057e-06  +1.654125e-07  -9.912406e-02  -8.804049e-07  +1.838059e-06  -4.841050e-02  
+1.386928e-07  -1.336250e-07  +3.195734e-07  +3.796143e-06  -1.353573e-06  +3.132752e-07  -1.837295e-07  +5.120280e-07  +1.290437e-07  +1.467784e-07  -7.822057e-06  +6.796536e-07  +9.418579e-08  +9.952670e-06  -3.943554e-08  +3.156632e-08  -1.154380e-04  
+4.922130e-08  +3.478566e-08  +3.954655e-07  -9.340969e-07  -2.668236e-06  -1.815536e-07  +4.934691e-07  -9.754436e-07  -2.727737e-07  +2.419583e-06  +1.654125e-07  +9.418579e-08  +5.389724e-07  -3.085548e-04  -2.878793e-08  +6.595304e-09  -8.067757e-04  
+4.825147e-04  +1.971835e-03  -3.870636e-02  +8.429365e-02  -4.180979e-02  +4.743758e-03  +1.097167e-02  -4.933877e-03  +2.890976e-03  -2.355724e-02  -9.912406e-02  +9.952670e-06  -3.085548e-04  +2.789414e+01  +2.771057e-04  -1.858710e-04  +8.617868e+00  
-1.580035e-08  +1.310918e-07  -3.552002e-07  +8.443497e-07  +9.720157e-07  +1.746836e-07  -2.360025e-07  -1.665113e-06  +1.038985e-07  -4.474123e-07  -8.804049e-07  -3.943554e-08  -2.878793e-08  +2.771057e-04  +1.973111e-07  +1.653725e-08  +1.958390e-04  
+3.952510e-08  -4.212990e-08  -4.903944e-08  -2.241800e-06  -4.028601e-07  +2.654178e-08  -6.419751e-08  +4.491848e-07  +9.704755e-08  -9.646344e-07  +1.838059e-06  +3.156632e-08  +6.595304e-09  -1.858710e-04  +1.653725e-08  +2.563555e-07  -1.980789e-04  
-8.324830e-04  +6.322962e-04  -7.416220e-03  +2.560446e-02  +1.093891e-01  +1.560219e-02  -2.911797e-02  -6.373307e-02  +8.691680e-03  -5.016362e-02  -4.841050e-02  -1.154380e-04  -8.067757e-04  +8.617868e+00  +1.958390e-04  -1.980789e-04  +4.012066e+01  
