mean:
+3.957053e+00  +3.924822e+00  +6.612183e-01  -1.180716e+00  +1.598905e+00  +4.985361e-01  +9.150164e-01  +2.065163e+00  +1.524320e-01  +1.915612e+00  +4.925486e+00  +1.635304e+00  +2.883749e+00  +8.075834e+02  +4.800157e+00  +4.399874e+00  +2.023201e+03  
covariance:
+5.237462e-06  -2.423145e-08  +2.150252e-07  +1.942004e-06  -9.103775e-06  +2.072717e-07  +8.885987e-07  -6.540684e-06  -1.429031e-07  +1.967313e-06  +7.631384e-06  +8.190986e-08  +1.509796e-07  +4.550085e-04  -2.191718e-09  +6.522262e-08  -3.001171e-03  
-2.423145e-08  +5.450880e-06  -2.007610e-06  -8.375137e-06  +1.367308e-05  +1.759509e-06  -1.048281e-06  -2.842766e-06  -5.250917e-07  +3.659330e-06  +2.251390e-05  -1.847208e-07  +2.618037e-08  -4.360316e-04  +2.762007e-08  +1.548925e-08  -2.482423e-03  
+2.150252e-07  -2.007610e-06  +1.187980e-04  +1.239890e-04  -1.769075e-04  -9.065345e-06  +1.221453e-06  +9.280989e-05  +1.331256e-05  -6.963320e-05  -3.174397e-04  +1.785443e-06  +5.040704e-07  +9.670668e-03  +8.642373e-07  -9.706609e-07  +6.636999e-02  
+1.942004e-06  -8.375137e-06  +1.239890e-04  +1.615715e-03  -1.673213e-03  -6.527720e-05  +3.401763e-04  -1.042483e-03  -1.395300e-05  -2.859671e-05  -1.108668e-03  -2.234083e-07  +5.115684e-07  +5.828702e-02  +9.946559e-07  -1.454122e-07  -2.266355e-02  
-9.103775e-06  +1.367308e-05  -1.769075e-04  -1.673213e-03  +2.280285e-03  +8.031193e-05  -4.040402e-04  +1.437040e-03  +1.040887e-05  +6.237294e-05  +1.434948e-03  -3.617567e-06  -3.304603e-07  -7.992620e-02  +1.304429e-06  +1.009676e-06  +4.309579e-02  
+2.072717e-07  +1.759509e-06  -9.065345e-06  -6.527720e-05  +8.031193e-05  +1.822755e-05  -1.186806e-05  -3.919845e-06  -3.247577e-06  +1.675807e-05  +1.573873e-04  +7.458338e-08  -1.209083e-07  -4.446902e-04  +1.296989e-07  -4.039170e-08  -2.386955e-02  
+8.885987e-07  -1.048281e-06  +1.221453e-06  +3.401763e-04  -4.040402e-04  -1.186806e-05  +2.035080e-04  -4.155997e-04  -2.283539e-05  +4.125871e-05  -2.376085e-04  +1.963581e-06  -1.260441e-06  +2.137836e-02  +1.021093e-07  -8.424388e-07  -2.088371e-02  
-6.540684e-06  -2.842766e-06  +9.280989e-05  -1.042483e-03  +1.437040e-03  -3.919845e-06  -4.155997e-04  +2.307490e-03  +7.317795e-05  -2.334251e-04  -2.315880e-04  +1.959182e-06  +6.731598e-07  -7.418032e-02  +2.000204e-06  -7.992851e-07  +3.320555e-01  
-1.429031e-07  -5.250917e-07  +1.331256e-05  -1.395300e-05  +1.040887e-05  -3.247577e-06  -2.283539e-05  +7.317795e-05  +7.701697e-06  -2.738187e-05  -7.203543e-05  -4.812125e-08  +4.397679e-07  -1.416781e-03  -1.052437e-08  -1.642422e-07  +1.951626e-02  
+1.967313e-06  +3.659330e-06  -6.963320e-05  -2.859671e-05  +6.237294e-05  +1.675807e-05  +4.125871e-05  -2.334251e-04  -2.738187e-05  +1.513274e-04  +3.393342e-04  -2.279740e-07  -1.264785e-06  -1.447108e-03  -8.778813e-08  +1.165090e-06  -8.254316e-02  
+7.631384e-06  +2.251390e-05  -3.174397e-04  -1.108668e-03  +1.434948e-03  +1.573873e-04  -2.376085e-04  -2.315880e-04  -7.203543e-05  +3.393342e-04  +3.647758e-03  -1.002556e-05  -8.375671e-06  -3.408296e-02  +4.269951e-07  +7.786829e-06  -5.366640e-01  
+8.190986e-08  -1.847208e-07  +1.785443e-06  -2.234083e-07  -3.617567e-06  +7.458338e-08  +1.963581e-06  +1.959182e-06  -4.812125e-08  -2.279740e-07  -1.002556e-05  +8.845088e-07  -9.139807e-08  +9.816592e-05  +5.302641e-08  +1.087587e-08  +3.759407e-04  
+1.509796e-07  +2.618037e-08  +5.040704e-07  +5.115684e-07  -3.304603e-07  -1.209083e-07  -1.260441e-06  +6.731598e-07  +4.397679e-07  -1.264785e-06  -8.375671e-06  -9.139807e-08  +5.689381e-07  -2.533560e-05  -2.291929e-08  +1.297540e-08  +1.768560e-03  
+4.550085e-04  -4.360316e-04  +9.670668e-03  +5.828702e-02  -7.992620e-02  -4.446902e-04  +2.137836e-02  -7.418032e-02  -1.416781e-03  -1.447108e-03  -3.408296e-02  +9.816592e-05  -2.533560e-05  +6.862805e+00  +1.139828e-04  -2.569497e-04  -6.800738e+00  
-2.191718e-09  +2.762007e-08  +8.642373e-07  +9.946559e-07  +1.304429e-06  +1.296989e-07  +1.021093e-07  +2.000204e-06  -1.052437e-08  -8.778813e-08  +4.269951e-07  +5.302641e-08  -2.291929e-08  +1.139828e-04  +2.186456e-07  +3.352724e-09  +2.137187e-04  
+6.522262e-08  +1.548925e-08  -9.706609e-07  -1.454122e-07  +1.009676e-06  -4.039170e-08  -8.424388e-07  -7.992851e-07  -1.642422e-07  +1.165090e-06  +7.786829e-06  +1.087587e-08  +1.297540e-08  -2.569497e-04  +3.352724e-09  +4.080420e-07  -8.636655e-04  
-3.001171e-03  -2.482423e-03  +6.636999e-02  -2.266355e-02  +4.309579e-02  -2.386955e-02  -2.088371e-02  +3.320555e-01  +1.951626e-02  -8.254316e-02  -5.366640e-01  +3.759407e-04  +1.768560e-03  -6.800738e+00  +2.137187e-04  -8.636655e-04  +1.629961e+02  
