mean:
+3.958491e+00  +3.924484e+00  +6.643598e-01  -1.121873e+00  +1.672286e+00  +4.986843e-01  +9.121079e-01  +2.175908e+00  +1.546255e-01  +1.902354e+00  +4.882054e+00  +1.635699e+00  +2.883497e+00  +8.058877e+02  +4.799804e+00  +4.399716e+00  +2.027280e+03  
covariance:
+6.563561e-06  -4.377926e-07  -3.521920e-06  -9.145167e-06  +1.757491e-07  +1.172417e-06  -2.190500e-07  -3.542283e-06  -6.340809e-07  +1.066315e-05  +2.986282e-06  -4.242471e-08  -2.167559e-07  +8.145036e-04  -5.161472e-08  +8.980044e-08  -6.262371e-03  
-4.377926e-07  +7.406931e-06  +3.573614e-06  +2.672018e-06  +1.070206e-05  +3.801795e-07  +2.881574e-06  +4.473686e-06  +2.384678e-07  -3.852252e-06  -2.568146e-06  -9.524580e-09  +8.123825e-08  +8.503904e-04  +1.415505e-07  -1.468723e-07  +1.097885e-03  
-3.521920e-06  +3.573614e-06  +1.157909e-04  +1.317210e-04  +1.149812e-05  +1.447626e-05  +2.752122e-05  -1.057669e-06  +6.806448e-08  -4.343889e-05  +1.040821e-05  +1.393573e-06  +8.899183e-07  +4.961173e-03  -4.499636e-08  -2.511346e-07  +6.154447e-02  
-9.145167e-06  +2.672018e-06  +1.317210e-04  +5.626520e-04  -1.395961e-07  -3.754616e-05  +8.790427e-05  +2.175853e-04  +2.232363e-05  -2.581362e-04  -3.601212e-04  +9.425496e-07  +4.689292e-06  +1.596040e-03  +7.424504e-07  -1.173106e-06  +2.020789e-01  
+1.757491e-07  +1.070206e-05  +1.149812e-05  -1.395961e-07  +5.029081e-04  -3.013207e-05  +5.398961e-05  +4.840428e-04  +3.015068e-05  -1.824944e-04  -6.913410e-04  -1.815158e-06  -1.005478e-06  +1.848557e-02  -1.852902e-06  +5.094437e-07  +4.132218e-02  
+1.172417e-06  +3.801795e-07  +1.447626e-05  -3.754616e-05  -3.013207e-05  +4.703966e-05  -7.437465e-06  -2.428213e-04  -2.339276e-05  +1.536487e-04  +4.192358e-04  -9.258555e-07  -3.989630e-07  +5.151544e-03  +1.085177e-07  +4.288548e-08  -6.035714e-02  
-2.190500e-07  +2.881574e-06  +2.752122e-05  +8.790427e-05  +5.398961e-05  -7.437465e-06  +6.168050e-05  +2.126743e-04  +5.170131e-06  -8.645433e-05  -1.409348e-04  +5.296912e-07  +1.985604e-06  -1.461528e-03  +9.798747e-08  -6.605700e-07  +3.665998e-02  
-3.542283e-06  +4.473686e-06  -1.057669e-06  +2.175853e-04  +4.840428e-04  -2.428213e-04  +2.126743e-04  +2.985770e-03  +1.405575e-04  -1.027069e-03  -2.881912e-03  +9.552280e-06  +7.794835e-06  -4.539259e-02  -6.856554e-07  -4.835519e-06  +3.759780e-01  
-6.340809e-07  +2.384678e-07  +6.806448e-08  +2.232363e-05  +3.015068e-05  -2.339276e-05  +5.170131e-06  +1.405575e-04  +1.649526e-05  -1.079549e-04  -2.492119e-04  +3.728312e-07  +8.560380e-08  -4.650078e-03  -1.817816e-07  -7.606500e-08  +3.754222e-02  
+1.066315e-05  -3.852252e-06  -4.343889e-05  -2.581362e-04  -1.824944e-04  +1.536487e-04  -8.645433e-05  -1.027069e-03  -1.079549e-04  +8.339257e-04  +1.593889e-03  -2.782886e-06  -3.806459e-06  +4.374200e-02  +1.002616e-06  +1.604833e-06  -2.977524e-01  
+2.986282e-06  -2.568146e-06  +1.040821e-05  -3.601212e-04  -6.913410e-04  +4.192358e-04  -1.409348e-04  -2.881912e-03  -2.492119e-04  +1.593889e-03  +4.905264e-03  -8.832193e-06  +2.224346e-06  +1.957599e-02  +3.176353e-06  -2.086140e-07  -5.952281e-01  
-4.242471e-08  -9.524580e-09  +1.393573e-06  +9.425496e-07  -1.815158e-06  -9.258555e-07  +5.296912e-07  +9.552280e-06  +3.728312e-07  -2.782886e-06  -8.832193e-06  +6.393891e-07  +2.761138e-08  -1.199696e-04  -4.697678e-09  -2.636671e-08  +1.991808e-03  
-2.167559e-07  +8.123825e-08  +8.899183e-07  +4.689292e-06  -1.005478e-06  -3.989630e-07  +1.985604e-06  +7.794835e-06  +8.560380e-08  -3.806459e-06  +2.224346e-06  +2.761138e-08  +7.445178e-07  -6.359446e-04  +2.905586e-08  -1.064851e-07  +2.409594e-03  
+8.145036e-04  +8.503904e-04  +4.961173e-03  +1.596040e-03  +1.848557e-02  +5.151544e-03  -1.461528e-03  -4.539259e-02  -4.650078e-03  +4.374200e-02  +1.957599e-02  -1.199696e-04  -6.359446e-04  +1.047379e+01  +2.728862e-05  +1.039660e-04  -9.799223e+00  
-5.161472e-08  +1.415505e-07  -4.499636e-08  +7.424504e-07  -1.852902e-06  +1.085177e-07  +9.798747e-08  -6.856554e-07  -1.817816e-07  +1.002616e-06  +3.176353e-06  -4.697678e-09  +2.905586e-08  +2.728862e-05  +2.297913e-07  -3.168521e-08  -1.844736e-04  
+8.980044e-08  -1.468723e-07  -2.511346e-07  -1.173106e-06  +5.094437e-07  +4.288548e-08  -6.605700e-07  -4.835519e-06  -7.606500e-08  +1.604833e-06  -2.086140e-07  -2.636671e-08  -1.064851e-07  +1.039660e-04  -3.168521e-08  +4.966009e-07  -6.669050e-04  
-6.262371e-03  +1.097885e-03  +6.154447e-02  +2.020789e-01  +4.132218e-02  -6.035714e-02  +3.665998e-02  +3.759780e-01  +3.754222e-02  -2.977524e-01  -5.952281e-01  +1.991808e-03  +2.409594e-03  -9.799223e+00  -1.844736e-04  -6.669050e-04  +1.623386e+02  
