mean:
+3.968415e+00  +3.992058e+00  +8.551112e-01  +1.331611e+00  +1.220977e+00  +4.075346e-01  +8.212561e-01  +1.330071e+00  +1.718393e-01  +1.911133e+00  +5.801725e+00  +3.612589e+00  +2.919492e+00  +2.124939e+02  +4.261557e+00  +5.128584e+00  +2.911419e+02  +5.235714e+00  +3.829909e+00  +3.336706e+02  +2.800322e+00  +4.479601e+00  +4.020241e+02  
covariance:
+1.809014e-06  +4.180217e-07  +7.150113e-06  -4.827178e-07  +2.214198e-06  +2.452668e-06  -1.507474e-06  +1.716616e-06  -4.224984e-06  +3.103987e-05  -5.930316e-05  +2.855652e-07  +8.547752e-07  +1.521671e-03  -1.636798e-06  +3.508392e-07  +6.215703e-03  +3.200180e-07  -3.003713e-07  +4.843497e-03  +2.096320e-07  -7.634720e-09  +4.747235e-03  
+4.180217e-07  +3.120367e-06  +2.984598e-06  +2.873744e-06  +1.015377e-06  +1.171479e-06  +2.282885e-07  -4.550884e-06  -2.520162e-06  +1.635470e-05  -2.802907e-05  +6.439171e-08  +3.679151e-07  +6.871241e-04  -1.466081e-06  -8.122030e-09  +3.324950e-03  +1.947830e-07  -2.927794e-07  +2.654352e-03  +1.373914e-07  +2.192479e-07  +2.459585e-03  
+7.150113e-06  +2.984598e-06  +8.293248e-05  -7.888802e-06  +2.537068e-05  +2.306408e-05  -2.160117e-05  +5.395613e-05  -3.552205e-05  +2.849683e-04  -5.621774e-04  +4.095429e-06  +6.537775e-06  +1.537878e-02  -1.039662e-05  +3.440886e-06  +5.793256e-02  +2.166044e-06  -2.787846e-06  +4.916096e-02  +9.077044e-07  -1.377038e-06  +4.633937e-02  
-4.827178e-07  +2.873744e-06  -7.888802e-06  +1.361580e-04  -2.421808e-06  -2.796016e-06  +3.099409e-05  -4.683905e-05  -8.144037e-06  -1.420782e-06  +6.066839e-05  -1.773631e-06  +1.920693e-06  +1.914131e-03  -1.342021e-05  -1.221471e-06  +4.914546e-03  -1.065296e-07  -1.358601e-06  +9.481974e-03  +1.984656e-06  +2.679413e-06  -3.279671e-03  
+2.214198e-06  +1.015377e-06  +2.537068e-05  -2.421808e-06  +1.831449e-05  +7.952781e-06  -5.319298e-06  +2.045721e-05  -1.087483e-05  +8.780318e-05  -1.832870e-04  +1.129305e-06  +2.367155e-06  +5.267662e-03  -3.720569e-06  +5.480983e-07  +1.892273e-02  +1.432153e-07  -6.364902e-07  +1.506932e-02  +1.132141e-06  -9.162019e-07  +1.418882e-02  
+2.452668e-06  +1.171479e-06  +2.306408e-05  -2.796016e-06  +7.952781e-06  +8.800980e-06  -5.038812e-06  +1.364335e-05  -1.172459e-05  +9.144660e-05  -1.903154e-04  +8.542535e-07  +2.510829e-06  +5.520221e-03  -4.504186e-06  +1.132482e-06  +1.806637e-02  +9.020992e-07  -9.739508e-07  +1.494988e-02  +6.898209e-07  -5.135711e-07  +1.495684e-02  
-1.507474e-06  +2.282885e-07  -2.160117e-05  +3.099409e-05  -5.319298e-06  -5.038812e-06  +2.303873e-05  -3.701332e-05  +4.578999e-06  -6.830614e-05  +1.275003e-04  -1.819435e-06  -1.424947e-06  -2.630931e-03  -3.604168e-06  -1.051078e-06  -1.076924e-02  -1.181541e-06  +4.424926e-07  -9.171231e-03  +7.281792e-07  +1.308146e-06  -1.307319e-02  
+1.716616e-06  -4.550884e-06  +5.395613e-05  -4.683905e-05  +2.045721e-05  +1.364335e-05  -3.701332e-05  +3.627877e-04  +5.654366e-06  +4.891098e-05  -3.279326e-04  +2.722570e-06  -3.573715e-06  +1.326126e-02  +1.933095e-05  +4.394366e-06  +1.150225e-02  -5.154270e-06  +1.318721e-06  +3.032005e-02  -3.633512e-06  -5.862168e-06  +2.388317e-02  
-4.224984e-06  -2.520162e-06  -3.552205e-05  -8.144037e-06  -1.087483e-05  -1.172459e-05  +4.578999e-06  +5.654366e-06  +2.275283e-05  -1.610691e-04  +2.915690e-04  -1.430989e-06  -4.784208e-06  -7.848678e-03  +1.048226e-05  -1.518373e-06  -3.263755e-02  -1.843551e-06  +1.725157e-06  -2.585155e-02  -1.215698e-06  -2.917474e-07  -2.400119e-02  
+3.103987e-05  +1.635470e-05  +2.849683e-04  -1.420782e-06  +8.780318e-05  +9.144660e-05  -6.830614e-05  +4.891098e-05  -1.610691e-04  +1.221617e-03  -2.265989e-03  +1.263606e-05  +3.498758e-05  +6.024359e-02  -6.521293e-05  +1.292117e-05  +2.431969e-01  +1.377397e-05  -1.245788e-05  +1.946815e-01  +7.083957e-06  -7.142336e-07  +1.875146e-01  
-5.930316e-05  -2.802907e-05  -5.621774e-04  +6.066839e-05  -1.832870e-04  -1.903154e-04  +1.275003e-04  -3.279326e-04  +2.915690e-04  -2.265989e-03  +4.674890e-03  -1.969788e-05  -6.222730e-05  -1.263102e-01  +1.147207e-04  -2.657717e-05  -4.609630e-01  -1.927027e-05  +2.205456e-05  -3.767770e-01  -1.234653e-05  +7.910396e-06  -3.559535e-01  
+2.855652e-07  +6.439171e-08  +4.095429e-06  -1.773631e-06  +1.129305e-06  +8.542535e-07  -1.819435e-06  +2.722570e-06  -1.430989e-06  +1.263606e-05  -1.969788e-05  +7.483807e-07  +1.119504e-08  +5.851372e-04  +3.046925e-08  +1.845094e-07  +2.630067e-03  +1.087292e-07  -1.050376e-07  +2.345767e-03  -1.225902e-07  +2.509293e-08  +2.285183e-03  
+8.547752e-07  +3.679151e-07  +6.537775e-06  +1.920693e-06  +2.367155e-06  +2.510829e-06  -1.424947e-06  -3.573715e-06  -4.784208e-06  +3.498758e-05  -6.222730e-05  +1.119504e-08  +2.241715e-06  +1.740939e-03  -2.629280e-06  +3.379383e-07  +6.123058e-03  +3.296327e-07  -2.441485e-07  +4.946599e-03  +2.403822e-07  -1.347056e-09  +4.747317e-03  
+1.521671e-03  +6.871241e-04  +1.537878e-02  +1.914131e-03  +5.267662e-03  +5.520221e-03  -2.630931e-03  +1.326126e-02  -7.848678e-03  +6.024359e-02  -1.263102e-01  +5.851372e-04  +1.740939e-03  +4.716682e+00  -3.163787e-03  +1.065980e-03  +1.225995e+01  +4.860243e-04  -6.508642e-04  +1.117232e+01  +3.308579e-04  -3.578187e-04  +9.874110e+00  
-1.636798e-06  -1.466081e-06  -1.039662e-05  -1.342021e-05  -3.720569e-06  -4.504186e-06  -3.604168e-06  +1.933095e-05  +1.048226e-05  -6.521293e-05  +1.147207e-04  +3.046925e-08  -2.629280e-06  -3.163787e-03  +7.786886e-06  -2.825005e-07  -1.352759e-02  -6.678259e-07  +8.032538e-07  -1.006118e-02  -1.017752e-06  -5.995816e-07  -8.257591e-03  
+3.508392e-07  -8.122030e-09  +3.440886e-06  -1.221471e-06  +5.480983e-07  +1.132482e-06  -1.051078e-06  +4.394366e-06  -1.518373e-06  +1.292117e-05  -2.657717e-05  +1.845094e-07  +3.379383e-07  +1.065980e-03  -2.825005e-07  +7.761781e-07  +2.354834e-03  +1.106255e-07  -1.108482e-07  +2.409128e-03  -7.203633e-08  -3.046442e-08  +2.336950e-03  
+6.215703e-03  +3.324950e-03  +5.793256e-02  +4.914546e-03  +1.892273e-02  +1.806637e-02  -1.076924e-02  +1.150225e-02  -3.263755e-02  +2.431969e-01  -4.609630e-01  +2.630067e-03  +6.123058e-03  +1.225995e+01  -1.352759e-02  +2.354834e-03  +5.435640e+01  +2.847075e-03  -2.124446e-03  +4.267973e+01  +1.544823e-03  +9.917979e-05  +3.902259e+01  
+3.200180e-07  +1.947830e-07  +2.166044e-06  -1.065296e-07  +1.432153e-07  +9.020992e-07  -1.181541e-06  -5.154270e-06  -1.843551e-06  +1.377397e-05  -1.927027e-05  +1.087292e-07  +3.296327e-07  +4.860243e-04  -6.678259e-07  +1.106255e-07  +2.847075e-03  +1.060664e-06  -3.384438e-07  +1.868659e-03  +1.769285e-07  +1.763995e-08  +2.241810e-03  
-3.003713e-07  -2.927794e-07  -2.787846e-06  -1.358601e-06  -6.364902e-07  -9.739508e-07  +4.424926e-07  +1.318721e-06  +1.725157e-06  -1.245788e-05  +2.205456e-05  -1.050376e-07  -2.441485e-07  -6.508642e-04  +8.032538e-07  -1.108482e-07  -2.124446e-03  -3.384438e-07  +5.958327e-07  -1.813879e-03  -1.332996e-07  -3.034459e-08  -1.641568e-03  
+4.843497e-03  +2.654352e-03  +4.916096e-02  +9.481974e-03  +1.506932e-02  +1.494988e-02  -9.171231e-03  +3.032005e-02  -2.585155e-02  +1.946815e-01  -3.767770e-01  +2.345767e-03  +4.946599e-03  +1.117232e+01  -1.006118e-02  +2.409128e-03  +4.267973e+01  +1.868659e-03  -1.813879e-03  +3.885307e+01  +7.075483e-04  +1.008282e-04  +3.300763e+01  
+2.096320e-07  +1.373914e-07  +9.077044e-07  +1.984656e-06  +1.132141e-06  +6.898209e-07  +7.281792e-07  -3.633512e-06  -1.215698e-06  +7.083957e-06  -1.234653e-05  -1.225902e-07  +2.403822e-07  +3.308579e-04  -1.017752e-06  -7.203633e-08  +1.544823e-03  +1.769285e-07  -1.332996e-07  +7.075483e-04  +6.780115e-07  -5.051135e-08  +1.047172e-03  
-7.634720e-09  +2.192479e-07  -1.377038e-06  +2.679413e-06  -9.162019e-07  -5.135711e-07  +1.308146e-06  -5.862168e-06  -2.917474e-07  -7.142336e-07  +7.910396e-06  +2.509293e-08  -1.347056e-09  -3.578187e-04  -5.995816e-07  -3.046442e-08  +9.917979e-05  +1.763995e-08  -3.034459e-08  +1.008282e-04  -5.051135e-08  +7.358306e-07  -3.795795e-04  
+4.747235e-03  +2.459585e-03  +4.633937e-02  -3.279671e-03  +1.418882e-02  +1.495684e-02  -1.307319e-02  +2.388317e-02  -2.400119e-02  +1.875146e-01  -3.559535e-01  +2.285183e-03  +4.747317e-03  +9.874110e+00  -8.257591e-03  +2.336950e-03  +3.902259e+01  +2.241810e-03  -1.641568e-03  +3.300763e+01  +1.047172e-03  -3.795795e-04  +3.318237e+01  
