mean:
+4.019395e+00  +3.959694e+00  +8.562267e-01  +1.283437e+00  +1.228703e+00  +5.019571e-01  +8.342224e-01  +1.408914e+00  +1.777472e-01  +1.951441e+00  +5.641403e+00  +3.660349e+00  +2.856866e+00  +2.161181e+02  +4.309146e+00  +5.128203e+00  +2.964009e+02  +5.252414e+00  +3.797529e+00  +3.359284e+02  +2.879907e+00  +4.480097e+00  +4.031891e+02  
covariance:
+3.434906e-06  +1.338904e-07  -1.371466e-06  +2.766251e-06  -2.534558e-07  -4.383020e-06  +1.578097e-06  -5.014421e-07  +4.240532e-06  -4.499691e-05  +2.166171e-04  -2.717859e-07  +5.834120e-08  -3.859912e-03  +4.490717e-07  -1.050135e-06  -9.667814e-03  -6.316371e-07  +3.713608e-07  -1.078390e-02  -3.762904e-07  -1.626641e-07  -1.053827e-02  
+1.338904e-07  +1.465695e-06  -2.519163e-07  -1.699113e-08  -1.873563e-07  -1.614604e-07  -3.246264e-07  -1.923616e-06  +2.166271e-07  -1.839204e-06  +9.996520e-06  -8.310456e-08  -2.088138e-08  -1.298663e-04  -1.103713e-07  -2.429597e-08  -5.077443e-04  +1.072862e-08  -1.158012e-07  -3.300002e-04  -7.799243e-08  +5.619065e-08  -3.598286e-04  
-1.371466e-06  -2.519163e-07  +1.475833e-05  +5.319488e-06  -6.324850e-07  +2.770439e-06  -7.949837e-06  -1.127554e-05  -4.634308e-06  +5.801176e-05  -2.297530e-04  +4.274931e-07  -1.541387e-06  +5.220347e-03  -2.974853e-07  -1.059596e-08  +1.511224e-02  -4.545765e-07  -1.273608e-06  +9.812135e-03  +1.557911e-07  +1.240412e-06  +1.491371e-02  
+2.766251e-06  -1.699113e-08  +5.319488e-06  +1.190813e-04  -9.308685e-07  -1.979152e-05  +1.649534e-05  -1.111763e-05  -1.191334e-05  +1.881610e-05  +3.948083e-04  -1.316454e-06  -2.235703e-06  -1.774936e-04  +1.535863e-07  -7.284860e-06  -4.235961e-03  -3.483826e-06  +2.367494e-06  -1.344163e-02  +9.034689e-07  +2.665323e-06  -1.706223e-02  
-2.534558e-07  -1.873563e-07  -6.324850e-07  -9.308685e-07  +1.788202e-06  +1.030456e-06  -3.303246e-07  -7.268409e-08  -2.396177e-07  +5.208774e-06  -3.216462e-05  +2.868573e-07  +3.330138e-07  +6.410027e-04  -5.824666e-09  +2.530369e-07  +2.434256e-03  -4.658681e-08  +1.366497e-07  +1.774963e-03  +1.429891e-07  -9.232673e-08  +1.880709e-03  
-4.383020e-06  -1.614604e-07  +2.770439e-06  -1.979152e-05  +1.030456e-06  +1.685374e-05  -1.139937e-05  -1.205187e-05  -6.508849e-07  +6.356702e-05  -5.437677e-04  +2.121558e-06  +3.141173e-07  +6.559267e-03  -3.070080e-07  +3.338961e-06  +1.940290e-02  +1.677836e-06  -9.815989e-07  +2.526313e-02  +7.184564e-07  +9.636056e-07  +2.886820e-02  
+1.578097e-06  -3.246264e-07  -7.949837e-06  +1.649534e-05  -3.303246e-07  -1.139937e-05  +2.299097e-05  +2.840005e-05  -5.464128e-06  -2.259511e-05  +3.215803e-04  -2.012132e-06  +2.858832e-08  -3.277141e-03  +4.809593e-07  -1.804877e-06  -1.464121e-02  -3.948152e-07  +1.746092e-06  -1.435549e-02  +2.003897e-07  -2.245480e-06  -2.195908e-02  
-5.014421e-07  -1.923616e-06  -1.127554e-05  -1.111763e-05  -7.268409e-08  -1.205187e-05  +2.840005e-05  +1.809660e-04  -1.149818e-05  +1.948085e-05  +1.999408e-04  -1.710024e-06  +3.678495e-07  -3.451541e-03  +2.558260e-06  -1.719105e-06  -1.324957e-02  +4.341212e-07  +2.647375e-06  -9.857707e-03  -2.115545e-06  -8.861661e-06  -2.595090e-02  
+4.240532e-06  +2.166271e-07  -4.634308e-06  -1.191334e-05  -2.396177e-07  -6.508849e-07  -5.464128e-06  -1.149818e-05  +1.962558e-05  -1.406856e-04  +3.546371e-04  +1.127467e-06  +5.445106e-08  -1.091833e-02  +1.667102e-06  -1.042988e-06  -2.587893e-02  -7.097701e-07  +1.926166e-07  -2.102574e-02  -6.934643e-07  +1.409782e-07  -1.598337e-02  
-4.499691e-05  -1.839204e-06  +5.801176e-05  +1.881610e-05  +5.208774e-06  +6.356702e-05  -2.259511e-05  +1.948085e-05  -1.406856e-04  +1.275213e-03  -4.616651e-03  +6.010332e-08  -9.295829e-07  +1.050388e-01  -1.419008e-05  +1.875103e-05  +2.690941e-01  +1.015526e-05  -7.142627e-06  +2.462138e-01  +6.725090e-06  +4.999678e-06  +2.304736e-01  
+2.166171e-04  +9.996520e-06  -2.297530e-04  +3.948083e-04  -3.216462e-05  -5.437677e-04  +3.215803e-04  +1.999408e-04  +3.546371e-04  -4.616651e-03  +2.460355e-02  -4.841531e-05  +4.211324e-06  -4.081866e-01  +3.919508e-05  -1.205281e-04  -1.096855e+00  -6.469250e-05  +4.025906e-05  -1.199619e+00  -3.311427e-05  -3.855691e-05  -1.263890e+00  
-2.717859e-07  -8.310456e-08  +4.274931e-07  -1.316454e-06  +2.868573e-07  +2.121558e-06  -2.012132e-06  -1.710024e-06  +1.127467e-06  +6.010332e-08  -4.841531e-05  +1.124814e-06  -9.028949e-08  +2.384395e-04  +2.322355e-07  +1.666152e-07  +1.747136e-03  -1.331218e-08  -1.913882e-07  +1.771737e-03  +1.441857e-07  +1.477558e-07  +2.968505e-03  
+5.834120e-08  -2.088138e-08  -1.541387e-06  -2.235703e-06  +3.330138e-07  +3.141173e-07  +2.858832e-08  +3.678495e-07  +5.445106e-08  -9.295829e-07  +4.211324e-06  -9.028949e-08  +1.054482e-06  +1.290676e-04  -8.082562e-08  +2.884322e-07  +6.758018e-04  +9.004056e-08  +3.555912e-07  +7.359915e-04  -4.637179e-08  -4.740208e-08  -3.531552e-05  
-3.859912e-03  -1.298663e-04  +5.220347e-03  -1.774936e-04  +6.410027e-04  +6.559267e-03  -3.277141e-03  -3.451541e-03  -1.091833e-02  +1.050388e-01  -4.081866e-01  +2.384395e-04  +1.290676e-04  +9.513760e+00  -1.326537e-03  +1.908145e-03  +2.419934e+01  +9.159771e-04  -8.295947e-04  +2.164552e+01  +7.522874e-04  +4.173832e-04  +2.133411e+01  
+4.490717e-07  -1.103713e-07  -2.974853e-07  +1.535863e-07  -5.824666e-09  -3.070080e-07  +4.809593e-07  +2.558260e-06  +1.667102e-06  -1.419008e-05  +3.919508e-05  +2.322355e-07  -8.082562e-08  -1.326537e-03  +8.618223e-07  -1.794084e-07  -2.577797e-03  -2.090584e-07  +2.876991e-07  -2.696306e-03  -1.957674e-07  -3.739752e-08  -2.114380e-03  
-1.050135e-06  -2.429597e-08  -1.059596e-08  -7.284860e-06  +2.530369e-07  +3.338961e-06  -1.804877e-06  -1.719105e-06  -1.042988e-06  +1.875103e-05  -1.205281e-04  +1.666152e-07  +2.884322e-07  +1.908145e-03  -1.794084e-07  +1.663423e-06  +5.733886e-03  +4.161509e-07  -2.814525e-07  +5.874675e-03  +2.324468e-07  +3.411227e-08  +6.091398e-03  
-9.667814e-03  -5.077443e-04  +1.511224e-02  -4.235961e-03  +2.434256e-03  +1.940290e-02  -1.464121e-02  -1.324957e-02  -2.587893e-02  +2.690941e-01  -1.096855e+00  +1.747136e-03  +6.758018e-04  +2.419934e+01  -2.577797e-03  +5.733886e-03  +6.985738e+01  +1.515224e-03  -2.360679e-03  +5.754584e+01  +1.262160e-03  +1.720591e-03  +5.942733e+01  
-6.316371e-07  +1.072862e-08  -4.545765e-07  -3.483826e-06  -4.658681e-08  +1.677836e-06  -3.948152e-07  +4.341212e-07  -7.097701e-07  +1.015526e-05  -6.469250e-05  -1.331218e-08  +9.004056e-08  +9.159771e-04  -2.090584e-07  +4.161509e-07  +1.515224e-03  +7.877133e-07  -5.580884e-08  +3.159639e-03  +1.061737e-07  -5.391027e-08  +2.793161e-03  
+3.713608e-07  -1.158012e-07  -1.273608e-06  +2.367494e-06  +1.366497e-07  -9.815989e-07  +1.746092e-06  +2.647375e-06  +1.926166e-07  -7.142627e-06  +4.025906e-05  -1.913882e-07  +3.555912e-07  -8.295947e-04  +2.876991e-07  -2.814525e-07  -2.360679e-03  -5.580884e-08  +1.069391e-06  -1.660867e-03  -2.046672e-09  -1.191788e-07  -2.287692e-03  
-1.078390e-02  -3.300002e-04  +9.812135e-03  -1.344163e-02  +1.774963e-03  +2.526313e-02  -1.435549e-02  -9.857707e-03  -2.102574e-02  +2.462138e-01  -1.199619e+00  +1.771737e-03  +7.359915e-04  +2.164552e+01  -2.696306e-03  +5.874675e-03  +5.754584e+01  +3.159639e-03  -1.660867e-03  +6.201627e+01  +1.736934e-03  +2.061478e-03  +6.191641e+01  
-3.762904e-07  -7.799243e-08  +1.557911e-07  +9.034689e-07  +1.429891e-07  +7.184564e-07  +2.003897e-07  -2.115545e-06  -6.934643e-07  +6.725090e-06  -3.311427e-05  +1.441857e-07  -4.637179e-08  +7.522874e-04  -1.957674e-07  +2.324468e-07  +1.262160e-03  +1.061737e-07  -2.046672e-09  +1.736934e-03  +6.091595e-07  -8.200158e-09  +1.677455e-03  
-1.626641e-07  +5.619065e-08  +1.240412e-06  +2.665323e-06  -9.232673e-08  +9.636056e-07  -2.245480e-06  -8.861661e-06  +1.409782e-07  +4.999678e-06  -3.855691e-05  +1.477558e-07  -4.740208e-08  +4.173832e-04  -3.739752e-08  +3.411227e-08  +1.720591e-03  -5.391027e-08  -1.191788e-07  +2.061478e-03  -8.200158e-09  +1.218111e-06  +2.910538e-03  
-1.053827e-02  -3.598286e-04  +1.491371e-02  -1.706223e-02  +1.880709e-03  +2.886820e-02  -2.195908e-02  -2.595090e-02  -1.598337e-02  +2.304736e-01  -1.263890e+00  +2.968505e-03  -3.531552e-05  +2.133411e+01  -2.114380e-03  +6.091398e-03  +5.942733e+01  +2.793161e-03  -2.287692e-03  +6.191641e+01  +1.677455e-03  +2.910538e-03  +6.884752e+01  
