mean:
+3.986555e+00  +3.940777e+00  +6.509134e-01  -1.181413e+00  +1.647963e+00  +4.983259e-01  +9.156238e-01  +1.989735e+00  +1.475050e-01  +1.973267e+00  +4.780274e+00  +1.840401e+00  +2.983598e+00  +8.028083e+02  +4.960085e+00  +4.479910e+00  +1.993206e+03  
covariance:
+7.034404e-06  +1.100666e-06  +8.160380e-07  +1.241152e-06  +3.756299e-06  -2.416141e-06  +2.856064e-06  -2.355594e-05  +8.187069e-07  -3.457084e-06  -5.886568e-05  +9.520772e-08  -5.595899e-07  +2.288816e-03  +3.668991e-08  -3.459730e-08  -2.209306e-03  
+1.100666e-06  +5.988633e-06  -2.254127e-06  -9.489355e-06  +3.856627e-06  +1.906080e-06  -4.038704e-06  +1.991916e-05  -2.970021e-08  +1.820507e-06  +4.184029e-05  -4.827407e-08  +1.616532e-07  -1.180938e-03  +9.193258e-08  -8.671392e-11  +1.252194e-03  
+8.160380e-07  -2.254127e-06  +1.041630e-04  +1.755503e-04  -1.013288e-04  +1.999032e-05  -8.017768e-06  -3.049332e-04  -5.416463e-06  +7.988995e-05  -1.149437e-04  +1.307012e-06  -1.082520e-06  +5.807503e-03  +6.853622e-07  +4.680706e-07  +1.917440e-02  
+1.241152e-06  -9.489355e-06  +1.755503e-04  +1.923670e-03  -9.304991e-04  +9.726070e-05  +1.779869e-04  -7.457998e-04  -1.054073e-04  +7.008824e-04  +6.030059e-04  +1.058808e-06  -2.692884e-06  +3.397291e-02  +7.146675e-07  +1.348395e-06  +2.284000e-01  
+3.756299e-06  +3.856627e-06  -1.013288e-04  -9.304991e-04  +1.001852e-03  -5.265300e-05  -8.194536e-05  +5.015039e-04  +7.286349e-05  -4.417373e-04  -7.198519e-04  +6.476604e-07  -4.896460e-06  +6.450048e-03  -2.287180e-06  +2.942056e-08  -1.802809e-01  
-2.416141e-06  +1.906080e-06  +1.999032e-05  +9.726070e-05  -5.265300e-05  +2.835852e-05  +6.870498e-07  +4.781282e-05  -1.287526e-05  +7.665271e-05  +2.737757e-04  -1.672797e-07  +3.927488e-07  -7.820210e-03  +2.431565e-07  +3.279610e-07  +2.794899e-02  
+2.856064e-06  -4.038704e-06  -8.017768e-06  +1.779869e-04  -8.194536e-05  +6.870498e-07  +7.038529e-05  -3.509194e-05  -9.642426e-06  +4.218129e-05  -1.143378e-04  +3.752450e-07  -2.018744e-06  +1.517354e-02  -6.686592e-08  -5.597723e-07  +5.704889e-03  
-2.355594e-05  +1.991916e-05  -3.049332e-04  -7.457998e-04  +5.015039e-04  +4.781282e-05  -3.509194e-05  +2.802026e-03  -1.748667e-05  -2.103209e-04  +2.536500e-03  -3.398918e-06  -5.484094e-07  -1.261290e-01  -3.671245e-06  -5.739585e-07  -9.860208e-03  
+8.187069e-07  -2.970021e-08  -5.416463e-06  -1.054073e-04  +7.286349e-05  -1.287526e-05  -9.642426e-06  -1.748667e-05  +1.170939e-05  -6.090823e-05  -1.779324e-04  +3.555264e-07  -2.002827e-07  +3.596713e-03  -8.713162e-08  -2.043207e-07  -2.334568e-02  
-3.457084e-06  +1.820507e-06  +7.988995e-05  +7.008824e-04  -4.417373e-04  +7.665271e-05  +4.218129e-05  -2.103209e-04  -6.090823e-05  +3.966160e-04  +7.569594e-04  -1.772528e-06  +6.492552e-07  -8.493847e-03  +8.378192e-07  +1.220882e-06  +1.423242e-01  
-5.886568e-05  +4.184029e-05  -1.149437e-04  +6.030059e-04  -7.198519e-04  +2.737757e-04  -1.143378e-04  +2.536500e-03  -1.779324e-04  +7.569594e-04  +5.993175e-03  -1.086986e-05  +1.632757e-05  -2.315042e-01  -4.228780e-07  +4.867749e-06  +3.937721e-01  
+9.520772e-08  -4.827407e-08  +1.307012e-06  +1.058808e-06  +6.476604e-07  -1.672797e-07  +3.752450e-07  -3.398918e-06  +3.555264e-07  -1.772528e-06  -1.086986e-05  +5.797834e-07  -6.147158e-08  +2.165117e-04  +2.643489e-08  -8.518419e-09  -1.289449e-03  
-5.595899e-07  +1.616532e-07  -1.082520e-06  -2.692884e-06  -4.896460e-06  +3.927488e-07  -2.018744e-06  -5.484094e-07  -2.002827e-07  +6.492552e-07  +1.632757e-05  -6.147158e-08  +1.188131e-06  -4.168307e-04  +8.496550e-08  +4.320098e-08  +4.503281e-04  
+2.288816e-03  -1.180938e-03  +5.807503e-03  +3.397291e-02  +6.450048e-03  -7.820210e-03  +1.517354e-02  -1.261290e-01  +3.596713e-03  -8.493847e-03  -2.315042e-01  +2.165117e-04  -4.168307e-04  +1.728316e+01  -8.396829e-05  -1.335811e-04  -1.132184e+01  
+3.668991e-08  +9.193258e-08  +6.853622e-07  +7.146675e-07  -2.287180e-06  +2.431565e-07  -6.686592e-08  -3.671245e-06  -8.713162e-08  +8.378192e-07  -4.228780e-07  +2.643489e-08  +8.496550e-08  -8.396829e-05  +2.087263e-07  -1.258812e-08  +2.798765e-04  
-3.459730e-08  -8.671392e-11  +4.680706e-07  +1.348395e-06  +2.942056e-08  +3.279610e-07  -5.597723e-07  -5.739585e-07  -2.043207e-07  +1.220882e-06  +4.867749e-06  -8.518419e-09  +4.320098e-08  -1.335811e-04  -1.258812e-08  +2.874154e-07  +8.063008e-04  
-2.209306e-03  +1.252194e-03  +1.917440e-02  +2.284000e-01  -1.802809e-01  +2.794899e-02  +5.704889e-03  -9.860208e-03  -2.334568e-02  +1.423242e-01  +3.937721e-01  -1.289449e-03  +4.503281e-04  -1.132184e+01  +2.798765e-04  +8.063008e-04  +7.299356e+01  
