mean:
+3.965553e+00  +3.991778e+00  +8.360886e-01  +1.292596e+00  +1.200733e+00  +4.027677e-01  +8.417223e-01  +1.303286e+00  +1.908663e-01  +1.944872e+00  +5.625201e+00  +3.611624e+00  +2.917015e+00  +4.266638e+00  +5.130536e+00  +5.236159e+00  +3.831787e+00  +2.800911e+00  +4.480137e+00  
covariance:
+1.935523e-05  +1.528780e-05  -5.754523e-06  -1.374218e-05  +1.498661e-06  +3.870406e-07  +2.320950e-05  -6.348360e-05  -2.320156e-05  +1.621321e-04  -3.960564e-04  -5.568753e-07  -1.953011e-06  -2.108186e-05  +1.799842e-07  -6.437402e-07  +1.282287e-07  +3.795533e-06  -7.888860e-08  
+1.528780e-05  +1.823914e-05  -8.625377e-06  -1.815781e-05  +2.220853e-06  +6.401283e-07  +2.665391e-05  -7.572237e-05  -2.944962e-05  +1.962910e-04  -4.731825e-04  -6.918258e-07  -1.983041e-06  -2.525155e-05  +9.858305e-07  -1.077026e-06  -1.788996e-07  +5.119259e-06  -5.058931e-07  
-5.754523e-06  -8.625377e-06  +2.169040e-05  +2.146979e-05  -3.641335e-06  -2.946146e-06  -3.207078e-05  +7.011474e-05  +2.469102e-05  -1.351006e-04  +3.208349e-04  +1.234579e-06  +2.998958e-06  +2.424841e-05  -2.680066e-06  +2.228938e-06  +1.218489e-07  -6.382164e-06  +2.589611e-06  
-1.374218e-05  -1.815781e-05  +2.146979e-05  +7.751718e-05  -7.076307e-06  -3.387494e-06  -8.240673e-05  +1.623190e-04  +7.438248e-05  -4.331625e-04  +1.000833e-03  +2.104239e-06  +3.207574e-06  +6.598713e-05  -7.465273e-06  +1.714103e-06  -1.914367e-06  -1.385680e-05  +2.340302e-06  
+1.498661e-06  +2.220853e-06  -3.641335e-06  -7.076307e-06  +5.088810e-06  +1.074465e-06  +1.614825e-05  -2.984824e-05  -1.440352e-05  +7.876155e-05  -1.812691e-04  -4.424353e-07  -4.447270e-07  -1.142392e-05  +8.346845e-07  -4.791404e-07  -4.403064e-08  +2.834756e-06  -3.508036e-07  
+3.870406e-07  +6.401283e-07  -2.946146e-06  -3.387494e-06  +1.074465e-06  +3.078052e-06  +1.102430e-05  +1.275481e-05  +2.125944e-06  -3.869753e-05  +1.153869e-04  -4.155938e-07  -3.804450e-07  -6.547803e-07  +1.157908e-06  +3.982145e-07  +1.773545e-07  +9.963115e-07  -9.504665e-07  
+2.320950e-05  +2.665391e-05  -3.207078e-05  -8.240673e-05  +1.614825e-05  +1.102430e-05  +1.424915e-04  -1.913196e-04  -9.518408e-05  +4.774410e-04  -1.015440e-03  -3.276356e-06  -4.222120e-06  -8.846114e-05  +1.160139e-05  +1.372791e-07  +3.219179e-06  +2.039462e-05  -3.243259e-06  
-6.348360e-05  -7.572237e-05  +7.011474e-05  +1.623190e-04  -2.984824e-05  +1.275481e-05  -1.913196e-04  +8.866542e-04  +3.093891e-04  -2.107297e-03  +5.204961e-03  +1.776294e-06  +1.225303e-05  +2.422430e-04  -1.181084e-05  +1.558172e-05  -5.461137e-07  -4.345586e-05  +6.558818e-07  
-2.320156e-05  -2.944962e-05  +2.469102e-05  +7.438248e-05  -1.440352e-05  +2.125944e-06  -9.518408e-05  +3.093891e-04  +1.382740e-04  -8.979411e-04  +2.124216e-03  +2.377332e-06  +3.701917e-06  +1.053925e-04  -5.666816e-06  +4.762844e-06  -7.274688e-07  -2.005648e-05  +1.433171e-06  
+1.621321e-04  +1.962910e-04  -1.351006e-04  -4.331625e-04  +7.876155e-05  -3.869753e-05  +4.774410e-04  -2.107297e-03  -8.979411e-04  +6.191942e-03  -1.496623e-02  -1.300974e-05  -2.457531e-05  -6.639890e-04  +1.959144e-05  -3.957453e-05  -1.884336e-06  +1.187255e-04  -3.940518e-06  
-3.960564e-04  -4.731825e-04  +3.208349e-04  +1.000833e-03  -1.812691e-04  +1.153869e-04  -1.015440e-03  +5.204961e-03  +2.124216e-03  -1.496623e-02  +3.696697e-02  +2.885095e-05  +6.622107e-05  +1.556481e-03  -2.851613e-05  +1.098234e-04  +1.864849e-05  -2.758817e-04  -5.148546e-07  
-5.568753e-07  -6.918258e-07  +1.234579e-06  +2.104239e-06  -4.424353e-07  -4.155938e-07  -3.276356e-06  +1.776294e-06  +2.377332e-06  -1.300974e-05  +2.885095e-05  +6.847774e-07  +2.953403e-07  +2.185703e-06  +4.289564e-08  -1.777810e-08  +1.508825e-08  -5.903770e-07  +2.909527e-07  
-1.953011e-06  -1.983041e-06  +2.998958e-06  +3.207574e-06  -4.447270e-07  -3.804450e-07  -4.222120e-06  +1.225303e-05  +3.701917e-06  -2.457531e-05  +6.622107e-05  +2.953403e-07  +1.097464e-06  +3.681984e-06  -5.254465e-09  +5.415390e-07  +9.685636e-08  -9.206393e-07  +3.299510e-07  
-2.108186e-05  -2.525155e-05  +2.424841e-05  +6.598713e-05  -1.142392e-05  -6.547803e-07  -8.846114e-05  +2.422430e-04  +1.053925e-04  -6.639890e-04  +1.556481e-03  +2.185703e-06  +3.681984e-06  +8.611582e-05  -6.239490e-06  +2.977255e-06  -1.392714e-06  -1.667908e-05  +1.667397e-06  
+1.799842e-07  +9.858305e-07  -2.680066e-06  -7.465273e-06  +8.346845e-07  +1.157908e-06  +1.160139e-05  -1.181084e-05  -5.666816e-06  +1.959144e-05  -2.851613e-05  +4.289564e-08  -5.254465e-09  -6.239490e-06  +2.181430e-06  +3.695856e-07  +6.667094e-07  +1.358467e-06  -6.622172e-07  
-6.437402e-07  -1.077026e-06  +2.228938e-06  +1.714103e-06  -4.791404e-07  +3.982145e-07  +1.372791e-07  +1.558172e-05  +4.762844e-06  -3.957453e-05  +1.098234e-04  -1.777810e-08  +5.415390e-07  +2.977255e-06  +3.695856e-07  +1.572041e-06  +6.526454e-07  -7.954423e-07  +2.267488e-07  
+1.282287e-07  -1.788996e-07  +1.218489e-07  -1.914367e-06  -4.403064e-08  +1.773545e-07  +3.219179e-06  -5.461137e-07  -7.274688e-07  -1.884336e-06  +1.864849e-05  +1.508825e-08  +9.685636e-08  -1.392714e-06  +6.667094e-07  +6.526454e-07  +1.141849e-06  -1.377742e-08  -1.997191e-07  
+3.795533e-06  +5.119259e-06  -6.382164e-06  -1.385680e-05  +2.834756e-06  +9.963115e-07  +2.039462e-05  -4.345586e-05  -2.005648e-05  +1.187255e-04  -2.758817e-04  -5.903770e-07  -9.206393e-07  -1.667908e-05  +1.358467e-06  -7.954423e-07  -1.377742e-08  +3.999892e-06  -6.391638e-07  
-7.888860e-08  -5.058931e-07  +2.589611e-06  +2.340302e-06  -3.508036e-07  -9.504665e-07  -3.243259e-06  +6.558818e-07  +1.433171e-06  -3.940518e-06  -5.148546e-07  +2.909527e-07  +3.299510e-07  +1.667397e-06  -6.622172e-07  +2.267488e-07  -1.997191e-07  -6.391638e-07  +1.481910e-06  
