mean:
+3.968196e+00  +4.003046e+00  +6.259936e-01  +1.992635e+00  +1.300423e+00  +6.032432e-01  +8.091711e-01  +2.217196e+00  +3.724707e-02  +3.893443e+00  +5.962301e+00  +4.623537e+00  +3.191451e+00  +3.271615e+02  +2.670892e+00  +3.677561e+00  +4.505460e+02  +4.720019e+00  +4.879978e+00  +8.024799e+02  +3.938065e+00  +5.173038e+00  +4.301495e+02  
covariance:
+2.055933e-06  -8.000354e-07  +1.553975e-06  +4.056205e-06  +1.823229e-06  -4.166345e-08  +5.887221e-07  +7.528693e-07  -7.694104e-08  +3.934641e-06  -8.191499e-06  -1.382589e-07  +9.544702e-09  -7.879133e-05  -1.077277e-07  +1.924010e-07  -1.032968e-04  -1.594822e-08  +1.484225e-08  +2.335996e-04  -6.012329e-08  +6.917291e-08  +3.146766e-04  
-8.000354e-07  +5.761566e-06  -3.573560e-07  -1.392971e-05  +8.336811e-07  +5.232220e-07  +4.506047e-07  +4.197548e-07  -4.322042e-08  -7.903512e-07  +1.529368e-05  +2.916975e-07  -2.674772e-07  -1.873679e-04  +2.842678e-07  -2.507261e-07  +5.285612e-04  -4.100682e-07  +8.675530e-08  -6.686958e-04  +7.443018e-09  -7.649779e-08  +4.585444e-04  
+1.553975e-06  -3.573560e-07  +4.087439e-05  +2.794640e-05  +6.060829e-05  -1.498197e-06  +1.243858e-05  +2.712224e-05  -1.260212e-06  +8.322176e-05  -1.126415e-04  +3.848779e-07  -2.664868e-06  +1.747737e-04  +6.064425e-07  +1.055831e-06  +1.502024e-03  -7.211233e-07  -2.024306e-07  +6.803311e-03  -2.283068e-06  -1.625136e-07  +2.443158e-03  
+4.056205e-06  -1.392971e-05  +2.794640e-05  +4.124108e-04  +4.970533e-05  -1.689205e-05  -2.453131e-05  -2.360161e-05  +7.615856e-07  +1.235800e-04  -4.655254e-04  -3.397955e-07  +6.770572e-07  +1.341399e-03  -1.373497e-06  +5.865035e-06  -1.697377e-02  +4.591482e-06  +1.389958e-06  +3.117117e-02  +1.789973e-06  -1.121398e-06  -7.195144e-03  
+1.823229e-06  +8.336811e-07  +6.060829e-05  +4.970533e-05  +1.306754e-04  -3.869859e-06  +2.018719e-05  +5.672981e-05  -2.071872e-06  +1.415867e-04  -1.812710e-04  +4.369550e-07  -3.908207e-06  +1.947042e-03  +1.273872e-06  +1.919590e-06  +2.902261e-03  -9.751794e-07  +1.426450e-07  +1.270015e-02  -3.333076e-06  -6.039424e-07  +3.674890e-03  
-4.166345e-08  +5.232220e-07  -1.498197e-06  -1.689205e-05  -3.869859e-06  +2.332945e-06  +7.215658e-07  -3.383672e-06  -6.022022e-08  -5.115247e-06  +3.015989e-05  -3.238129e-08  -3.328840e-07  -3.145711e-04  -2.321475e-09  -2.533489e-07  +9.342038e-04  -4.194825e-07  +8.441784e-08  -2.775830e-03  +4.586709e-07  +3.800989e-07  +5.117814e-04  
+5.887221e-07  +4.506047e-07  +1.243858e-05  -2.453131e-05  +2.018719e-05  +7.215658e-07  +1.609768e-05  +2.016500e-05  -9.353883e-07  +2.246255e-05  +4.641601e-06  +1.552121e-07  -6.065514e-07  +1.106706e-04  +6.037323e-07  +2.404894e-07  +4.062331e-03  -3.285767e-07  -1.025892e-07  -9.980087e-04  -1.391242e-06  -2.674563e-07  +9.181064e-04  
+7.528693e-07  +4.197548e-07  +2.712224e-05  -2.360161e-05  +5.672981e-05  -3.383672e-06  +2.016500e-05  +7.350310e-05  -1.401445e-06  +5.699470e-05  -5.022276e-05  -1.043749e-06  -4.864937e-07  +1.912727e-03  +3.160464e-07  +2.933379e-07  +6.167315e-03  -2.334668e-07  -8.179419e-07  +4.293602e-03  -3.582737e-06  -1.411725e-06  +1.837953e-03  
-7.694104e-08  -4.322042e-08  -1.260212e-06  +7.615856e-07  -2.071872e-06  -6.022022e-08  -9.353883e-07  -1.401445e-06  +8.868708e-08  -2.764451e-06  +1.368609e-06  +1.971241e-09  +7.169594e-08  -1.530264e-06  -3.327511e-08  -2.957455e-08  -2.384612e-04  +3.505362e-08  +1.332129e-09  -2.866419e-05  +8.878335e-08  +1.237108e-08  -1.341001e-04  
+3.934641e-06  -7.903512e-07  +8.322176e-05  +1.235800e-04  +1.415867e-04  -5.115247e-06  +2.246255e-05  +5.699470e-05  -2.764451e-06  +2.080783e-04  -3.063060e-04  +2.365728e-07  -4.531234e-06  +5.115609e-04  +7.211581e-07  +3.266584e-06  +8.518962e-04  -4.495762e-07  +3.900618e-07  +1.872411e-02  -4.062042e-06  -6.232713e-07  +6.919971e-03  
-8.191499e-06  +1.529368e-05  -1.126415e-04  -4.655254e-04  -1.812710e-04  +3.015989e-05  +4.641601e-06  -5.022276e-05  +1.368609e-06  -3.063060e-04  +8.275912e-04  -7.181413e-07  +2.794249e-06  -2.109398e-03  +3.195883e-07  -8.966512e-06  +1.878039e-02  -4.820697e-06  +2.433811e-07  -5.624939e-02  +7.056950e-06  +3.493868e-06  -9.714619e-04  
-1.382589e-07  +2.916975e-07  +3.848779e-07  -3.397955e-07  +4.369550e-07  -3.238129e-08  +1.552121e-07  -1.043749e-06  +1.971241e-09  +2.365728e-07  -7.181413e-07  +3.311996e-07  -1.881102e-07  -1.591328e-04  +1.496903e-07  +1.004493e-08  -1.751002e-04  -4.694766e-08  +1.130070e-08  +1.126146e-04  -3.116296e-08  +4.705723e-08  +4.138334e-06  
+9.544702e-09  -2.674772e-07  -2.664868e-06  +6.770572e-07  -3.908207e-06  -3.328840e-07  -6.065514e-07  -4.864937e-07  +7.169594e-08  -4.531234e-06  +2.794249e-06  -1.881102e-07  +6.619259e-07  +8.439903e-05  -1.363613e-07  -2.098851e-08  -1.141806e-04  +1.950253e-07  +1.354470e-08  +5.717300e-05  +3.791517e-08  -9.135982e-08  -1.207563e-04  
-7.879133e-05  -1.873679e-04  +1.747737e-04  +1.341399e-03  +1.947042e-03  -3.145711e-04  +1.106706e-04  +1.912727e-03  -1.530264e-06  +5.115609e-04  -2.109398e-03  -1.591328e-04  +8.439903e-05  +4.882582e-01  -5.177504e-05  -8.686587e-05  +1.446950e-01  +2.004874e-05  -1.014587e-05  +3.088678e-01  +4.033913e-05  -9.487658e-05  -2.189125e-01  
-1.077277e-07  +2.842678e-07  +6.064425e-07  -1.373497e-06  +1.273872e-06  -2.321475e-09  +6.037323e-07  +3.160464e-07  -3.327511e-08  +7.211581e-07  +3.195883e-07  +1.496903e-07  -1.363613e-07  -5.177504e-05  +2.261508e-07  +3.534380e-08  +9.767783e-05  -6.049764e-08  -3.283984e-08  +1.089792e-05  -4.956389e-08  +5.056003e-08  -2.388666e-05  
+1.924010e-07  -2.507261e-07  +1.055831e-06  +5.865035e-06  +1.919590e-06  -2.533489e-07  +2.404894e-07  +2.933379e-07  -2.957455e-08  +3.266584e-06  -8.966512e-06  +1.004493e-08  -2.098851e-08  -8.686587e-05  +3.534380e-08  +3.439483e-07  -1.602760e-04  +6.517379e-08  -3.992004e-08  +4.981531e-04  -1.460294e-07  -2.451997e-08  -1.259466e-05  
-1.032968e-04  +5.285612e-04  +1.502024e-03  -1.697377e-02  +2.902261e-03  +9.342038e-04  +4.062331e-03  +6.167315e-03  -2.384612e-04  +8.518962e-04  +1.878039e-02  -1.751002e-04  -1.141806e-04  +1.446950e-01  +9.767783e-05  -1.602760e-04  +1.905145e+00  -2.582401e-04  -7.865843e-05  -1.607360e+00  -1.558423e-04  -4.154997e-05  +2.064961e-01  
-1.594822e-08  -4.100682e-07  -7.211233e-07  +4.591482e-06  -9.751794e-07  -4.194825e-07  -3.285767e-07  -2.334668e-07  +3.505362e-08  -4.495762e-07  -4.820697e-06  -4.694766e-08  +1.950253e-07  +2.004874e-05  -6.049764e-08  +6.517379e-08  -2.582401e-04  +2.938045e-07  -4.163597e-08  +4.516788e-04  -7.971500e-08  -9.644515e-08  -1.518006e-04  
+1.484225e-08  +8.675530e-08  -2.024306e-07  +1.389958e-06  +1.426450e-07  +8.441784e-08  -1.025892e-07  -8.179419e-07  +1.332129e-09  +3.900618e-07  +2.433811e-07  +1.130070e-08  +1.354470e-08  -1.014587e-05  -3.283984e-08  -3.992004e-08  -7.865843e-05  -4.163597e-08  +1.768314e-07  -1.678132e-05  +1.160641e-07  +1.318325e-08  +6.543007e-05  
+2.335996e-04  -6.686958e-04  +6.803311e-03  +3.117117e-02  +1.270015e-02  -2.775830e-03  -9.980087e-04  +4.293602e-03  -2.866419e-05  +1.872411e-02  -5.624939e-02  +1.126146e-04  +5.717300e-05  +3.088678e-01  +1.089792e-05  +4.981531e-04  -1.607360e+00  +4.516788e-04  -1.678132e-05  +4.776934e+00  -6.563298e-04  -3.576540e-04  -9.182064e-02  
-6.012329e-08  +7.443018e-09  -2.283068e-06  +1.789973e-06  -3.333076e-06  +4.586709e-07  -1.391242e-06  -3.582737e-06  +8.878335e-08  -4.062042e-06  +7.056950e-06  -3.116296e-08  +3.791517e-08  +4.033913e-05  -4.956389e-08  -1.460294e-07  -1.558423e-04  -7.971500e-08  +1.160641e-07  -6.563298e-04  +6.124212e-07  +1.678646e-07  -2.420451e-04  
+6.917291e-08  -7.649779e-08  -1.625136e-07  -1.121398e-06  -6.039424e-07  +3.800989e-07  -2.674563e-07  -1.411725e-06  +1.237108e-08  -6.232713e-07  +3.493868e-06  +4.705723e-08  -9.135982e-08  -9.487658e-05  +5.056003e-08  -2.451997e-08  -4.154997e-05  -9.644515e-08  +1.318325e-08  -3.576540e-04  +1.678646e-07  +2.404197e-07  +5.688015e-05  
+3.146766e-04  +4.585444e-04  +2.443158e-03  -7.195144e-03  +3.674890e-03  +5.117814e-04  +9.181064e-04  +1.837953e-03  -1.341001e-04  +6.919971e-03  -9.714619e-04  +4.138334e-06  -1.207563e-04  -2.189125e-01  -2.388666e-05  -1.259466e-05  +2.064961e-01  -1.518006e-04  +6.543007e-05  -9.182064e-02  -2.420451e-04  +5.688015e-05  +1.346366e+00  
