mean:
+3.984287e+00  +3.942108e+00  +6.336518e-01  -1.109645e+00  +1.670474e+00  +5.113650e-01  +9.173905e-01  +2.044752e+00  +1.488108e-01  +1.970084e+00  +4.804740e+00  +1.839578e+00  +2.983606e+00  +8.047543e+02  +4.959947e+00  +4.480071e+00  +1.998903e+03  
covariance:
+9.001894e-06  +1.202253e-06  -1.640373e-06  +2.570062e-05  +1.905293e-05  +7.318494e-06  +3.264225e-06  -1.165855e-05  +1.488679e-06  +3.047464e-06  -1.183582e-04  -6.060585e-08  -5.068983e-07  +4.204003e-04  -6.570083e-08  -1.646549e-07  +1.646986e-03  
+1.202253e-06  +5.717384e-06  +3.280757e-06  +7.956640e-06  -2.529176e-06  -4.340426e-06  -2.707735e-06  +2.098466e-06  -9.547710e-08  -1.049506e-06  +6.302595e-05  +2.408479e-07  -2.052404e-07  +9.800269e-04  -1.010269e-07  +3.757354e-08  -1.407921e-03  
-1.640373e-06  +3.280757e-06  +1.031416e-04  +2.876457e-04  -3.444873e-06  -2.717032e-05  -2.135205e-05  -3.845739e-05  +1.259552e-06  -4.902737e-05  +3.796762e-04  -3.143155e-07  +1.470720e-06  +1.841858e-02  -1.211684e-06  +9.528060e-07  +2.248184e-03  
+2.570062e-05  +7.956640e-06  +2.876457e-04  +2.093038e-03  +3.241338e-04  -5.263122e-06  -2.617815e-05  -3.790542e-04  +2.199929e-05  -8.557932e-05  -4.025699e-04  -8.476995e-06  +6.377368e-06  +9.230468e-02  -1.030945e-06  +1.501567e-06  +1.724788e-02  
+1.905293e-05  -2.529176e-06  -3.444873e-06  +3.241338e-04  +5.344215e-04  +8.347886e-05  +3.249775e-05  -6.955996e-05  +1.831020e-05  +5.022385e-05  -1.290943e-03  +9.842541e-08  -3.733493e-06  +3.223361e-02  +5.771913e-07  -8.854614e-07  +2.822531e-02  
+7.318494e-06  -4.340426e-06  -2.717032e-05  -5.263122e-06  +8.347886e-05  +4.577044e-05  +1.530284e-05  -4.478212e-05  +9.452758e-06  -6.826151e-07  -6.009782e-04  -7.574050e-07  -1.847898e-07  -2.218118e-03  +3.702405e-07  -6.302922e-07  -1.009996e-04  
+3.264225e-06  -2.707735e-06  -2.135205e-05  -2.617815e-05  +3.249775e-05  +1.530284e-05  +4.261029e-05  +3.815281e-05  -3.757801e-06  +2.562508e-05  -2.060341e-04  -6.048417e-07  -1.406864e-06  -4.933606e-03  +5.021126e-07  -4.087088e-07  +1.526562e-02  
-1.165855e-05  +2.098466e-06  -3.845739e-05  -3.790542e-04  -6.955996e-05  -4.478212e-05  +3.815281e-05  +5.331916e-04  -2.625341e-05  +8.607245e-05  +6.712622e-04  +2.558556e-06  -4.002922e-06  -1.797941e-02  +9.803338e-07  +1.327827e-06  +6.631580e-02  
+1.488679e-06  -9.547710e-08  +1.259552e-06  +2.199929e-05  +1.831020e-05  +9.452758e-06  -3.757801e-06  -2.625341e-05  +5.478877e-06  -1.669151e-05  -1.289244e-04  -3.493904e-07  +3.585698e-07  +1.119882e-03  -5.969033e-08  -1.189848e-07  -3.201456e-03  
+3.047464e-06  -1.049506e-06  -4.902737e-05  -8.557932e-05  +5.022385e-05  -6.826151e-07  +2.562508e-05  +8.607245e-05  -1.669151e-05  +1.746487e-04  -2.335853e-04  +4.194112e-07  -2.040896e-06  -3.064763e-03  +1.097102e-06  +4.741015e-08  +3.222872e-02  
-1.183582e-04  +6.302595e-05  +3.796762e-04  -4.025699e-04  -1.290943e-03  -6.009782e-04  -2.060341e-04  +6.712622e-04  -1.289244e-04  -2.335853e-04  +9.429078e-03  +1.997249e-05  -1.951248e-06  +1.233807e-02  -6.306709e-06  +9.021409e-06  -9.294164e-02  
-6.060585e-08  +2.408479e-07  -3.143155e-07  -8.476995e-06  +9.842541e-08  -7.574050e-07  -6.048417e-07  +2.558556e-06  -3.493904e-07  +4.194112e-07  +1.997249e-05  +7.113041e-07  -1.331880e-07  -2.502597e-04  -3.169368e-08  +5.581017e-08  -4.799995e-04  
-5.068983e-07  -2.052404e-07  +1.470720e-06  +6.377368e-06  -3.733493e-06  -1.847898e-07  -1.406864e-06  -4.002922e-06  +3.585698e-07  -2.040896e-06  -1.951248e-06  -1.331880e-07  +9.259491e-07  +5.834433e-05  +4.533893e-08  +3.415128e-08  -9.033593e-04  
+4.204003e-04  +9.800269e-04  +1.841858e-02  +9.230468e-02  +3.223361e-02  -2.218118e-03  -4.933606e-03  -1.797941e-02  +1.119882e-03  -3.064763e-03  +1.233807e-02  -2.502597e-04  +5.834433e-05  +8.706821e+00  -6.182589e-05  +1.638129e-04  +9.807978e-01  
-6.570083e-08  -1.010269e-07  -1.211684e-06  -1.030945e-06  +5.771913e-07  +3.702405e-07  +5.021126e-07  +9.803338e-07  -5.969033e-08  +1.097102e-06  -6.306709e-06  -3.169368e-08  +4.533893e-08  -6.182589e-05  +2.286962e-07  -4.307378e-09  +4.577126e-04  
-1.646549e-07  +3.757354e-08  +9.528060e-07  +1.501567e-06  -8.854614e-07  -6.302922e-07  -4.087088e-07  +1.327827e-06  -1.189848e-07  +4.741015e-08  +9.021409e-06  +5.581017e-08  +3.415128e-08  +1.638129e-04  -4.307378e-09  +2.737701e-07  +2.344134e-04  
+1.646986e-03  -1.407921e-03  +2.248184e-03  +1.724788e-02  +2.822531e-02  -1.009996e-04  +1.526562e-02  +6.631580e-02  -3.201456e-03  +3.222872e-02  -9.294164e-02  -4.799995e-04  -9.033593e-04  +9.807978e-01  +4.577126e-04  +2.344134e-04  +3.510017e+01  
