mean:
+3.981920e+00  +3.953260e+00  +8.542694e-01  +1.338799e+00  +1.414992e+00  +4.068545e-01  +7.993177e-01  +1.366498e+00  +1.703104e-01  +1.874535e+00  +5.979521e+00  +3.591985e+00  +2.698855e+00  +1.990979e+02  +4.309539e+00  +5.294028e+00  +2.741163e+02  +5.453377e+00  +3.757315e+00  +3.251436e+02  +2.640022e+00  +4.559523e+00  +3.904882e+02  
covariance:
+1.011682e-06  +2.283665e-07  +1.474970e-06  +3.224517e-06  +1.269595e-06  +5.413556e-07  +8.305014e-07  -2.783162e-06  -1.410404e-06  +7.691041e-06  +2.188319e-06  +3.637864e-08  +1.029852e-07  -3.046866e-04  -2.569504e-07  +1.418954e-07  -2.659818e-04  +1.028753e-07  -2.385007e-08  +3.122544e-04  +8.483589e-08  +1.012387e-07  +4.821677e-04  
+2.283665e-07  +1.038145e-06  +4.898120e-07  +1.024065e-06  +1.270708e-06  +1.880298e-07  +5.620238e-07  +2.690597e-07  -2.956580e-07  +2.089558e-06  +1.115788e-06  +3.613666e-08  +5.626902e-08  -2.014017e-04  -2.245016e-07  +7.376535e-08  -1.633956e-04  +3.039908e-08  -1.115815e-08  +2.044013e-04  +5.625119e-08  -4.042581e-08  +3.550335e-06  
+1.474970e-06  +4.898120e-07  +6.601654e-05  +9.319193e-05  +6.304792e-05  +1.735453e-05  +2.135144e-05  -4.540829e-05  -3.240310e-05  +2.263269e-04  +7.452921e-05  +1.272573e-06  -1.353520e-06  -1.119442e-02  -1.216947e-05  +3.710265e-06  -6.227451e-03  -7.352358e-07  +1.508320e-06  +9.369207e-03  +2.058685e-06  -3.752685e-07  +1.057517e-02  
+3.224517e-06  +1.024065e-06  +9.319193e-05  +2.686020e-04  +1.525641e-04  +3.969403e-05  +3.314260e-05  -9.504735e-05  -7.111378e-05  +5.332525e-04  +9.565400e-05  +8.867587e-06  -3.395128e-07  -1.959690e-02  -3.068647e-05  +7.525221e-06  -1.774952e-02  +4.930548e-06  +3.892805e-06  +2.204789e-02  +5.287315e-06  +3.456727e-06  +2.070195e-02  
+1.269595e-06  +1.270708e-06  +6.304792e-05  +1.525641e-04  +2.331435e-04  +3.185740e-05  +2.141629e-05  -6.644488e-05  -5.612667e-05  +4.384732e-04  +5.948581e-05  +9.615186e-06  -7.937934e-08  -2.205786e-02  -4.018167e-05  +7.674759e-06  -1.440617e-02  +7.807560e-06  +4.516917e-06  +2.166770e-02  +4.697089e-06  +3.495983e-07  +7.449291e-03  
+5.413556e-07  +1.880298e-07  +1.735453e-05  +3.969403e-05  +3.185740e-05  +8.652364e-06  +4.740431e-06  -2.125429e-05  -1.357900e-05  +1.032013e-04  +2.013910e-05  +1.711637e-06  +3.965491e-07  -4.628078e-03  -6.018166e-06  +1.764745e-06  -3.364525e-03  +1.390430e-06  +5.624288e-07  +4.025177e-03  +8.384138e-07  +1.999884e-07  +2.888336e-03  
+8.305014e-07  +5.620238e-07  +2.135144e-05  +3.314260e-05  +2.141629e-05  +4.740431e-06  +2.105858e-05  +1.138694e-05  -1.061842e-05  +6.167688e-05  +6.319725e-06  -6.202167e-07  -4.781044e-07  -7.381331e-04  -4.624454e-06  +2.424895e-06  -2.200898e-03  +3.999216e-07  +8.321150e-07  +4.410487e-03  +8.633580e-07  -3.555795e-07  +6.385128e-03  
-2.783162e-06  +2.690597e-07  -4.540829e-05  -9.504735e-05  -6.644488e-05  -2.125429e-05  +1.138694e-05  +2.938411e-04  +3.977045e-05  -3.163884e-04  -1.101010e-04  -6.771532e-06  -1.522022e-06  +1.833775e-02  +1.335395e-05  -2.075411e-06  +1.444286e-03  -4.277779e-06  -2.741388e-06  -7.881997e-03  -2.340525e-06  -5.646718e-06  -1.007032e-02  
-1.410404e-06  -2.956580e-07  -3.240310e-05  -7.111378e-05  -5.612667e-05  -1.357900e-05  -1.061842e-05  +3.977045e-05  +2.564777e-05  -1.874629e-04  -4.121447e-05  -2.671568e-06  -3.964659e-07  +7.839445e-03  +1.050526e-05  -3.311600e-06  +5.836283e-03  -2.268830e-06  -1.127367e-06  -7.762098e-03  -1.560265e-06  -5.360700e-07  -7.046457e-03  
+7.691041e-06  +2.089558e-06  +2.263269e-04  +5.332525e-04  +4.384732e-04  +1.032013e-04  +6.167688e-05  -3.163884e-04  -1.874629e-04  +1.429515e-03  +2.759924e-04  +2.324629e-05  +4.027744e-06  -5.877647e-02  -8.133472e-05  +2.453653e-05  -4.537544e-02  +1.941442e-05  +8.378146e-06  +5.734040e-02  +1.170512e-05  +5.202824e-06  +4.848369e-02  
+2.188319e-06  +1.115788e-06  +7.452921e-05  +9.565400e-05  +5.948581e-05  +2.013910e-05  +6.319725e-06  -1.101010e-04  -4.121447e-05  +2.759924e-04  +2.414720e-04  +2.063246e-06  -9.656706e-07  -2.538746e-02  -9.508452e-06  +1.231377e-06  -5.115805e-03  -2.880432e-06  +2.529051e-06  +9.980912e-03  +2.315502e-06  -1.744452e-06  +7.413740e-03  
+3.637864e-08  +3.613666e-08  +1.272573e-06  +8.867587e-06  +9.615186e-06  +1.711637e-06  -6.202167e-07  -6.771532e-06  -2.671568e-06  +2.324629e-05  +2.063246e-06  +1.196446e-06  +2.090017e-07  -9.319846e-04  -1.909594e-06  +2.801376e-07  -6.565714e-04  +5.089770e-07  +2.168830e-07  +9.210677e-04  +1.572403e-07  +1.667472e-07  +2.171485e-06  
+1.029852e-07  +5.626902e-08  -1.353520e-06  -3.395128e-07  -7.937934e-08  +3.965491e-07  -4.781044e-07  -1.522022e-06  -3.964659e-07  +4.027744e-06  -9.656706e-07  +2.090017e-07  +1.054181e-06  +2.844102e-04  +5.139297e-07  +3.065347e-07  -4.932126e-04  +4.408057e-07  -1.932538e-07  +1.359817e-05  -1.447637e-07  +2.837879e-08  +1.380958e-05  
-3.046866e-04  -2.014017e-04  -1.119442e-02  -1.959690e-02  -2.205786e-02  -4.628078e-03  -7.381331e-04  +1.833775e-02  +7.839445e-03  -5.877647e-02  -2.538746e-02  -9.319846e-04  +2.844102e-04  +5.479113e+00  +4.263090e-03  -4.719048e-04  +1.358057e+00  -2.408949e-04  -5.272989e-04  -2.174124e+00  -8.336091e-04  +2.461455e-04  -4.220295e-01  
-2.569504e-07  -2.245016e-07  -1.216947e-05  -3.068647e-05  -4.018167e-05  -6.018166e-06  -4.624454e-06  +1.335395e-05  +1.050526e-05  -8.133472e-05  -9.508452e-06  -1.909594e-06  +5.139297e-07  +4.263090e-03  +9.202609e-06  -1.420983e-06  +2.417266e-03  -1.264907e-06  -8.047731e-07  -4.304401e-03  -8.444383e-07  -2.620313e-07  -1.315387e-03  
+1.418954e-07  +7.376535e-08  +3.710265e-06  +7.525221e-06  +7.674759e-06  +1.764745e-06  +2.424895e-06  -2.075411e-06  -3.311600e-06  +2.453653e-05  +1.231377e-06  +2.801376e-07  +3.065347e-07  -4.719048e-04  -1.420983e-06  +1.099082e-06  -9.042889e-04  +6.557623e-07  +4.353130e-08  +8.654953e-04  +5.840994e-08  -9.653531e-08  +1.076171e-03  
-2.659818e-04  -1.633956e-04  -6.227451e-03  -1.774952e-02  -1.440617e-02  -3.364525e-03  -2.200898e-03  +1.444286e-03  +5.836283e-03  -4.537544e-02  -5.115805e-03  -6.565714e-04  -4.932126e-04  +1.358057e+00  +2.417266e-03  -9.042889e-04  +2.607691e+00  -8.309693e-04  +2.385640e-08  -1.982369e+00  -2.574067e-04  -1.569339e-04  -1.748196e+00  
+1.028753e-07  +3.039908e-08  -7.352358e-07  +4.930548e-06  +7.807560e-06  +1.390430e-06  +3.999216e-07  -4.277779e-06  -2.268830e-06  +1.941442e-05  -2.880432e-06  +5.089770e-07  +4.408057e-07  -2.408949e-04  -1.264907e-06  +6.557623e-07  -8.309693e-04  +1.384593e-06  +1.150756e-07  +8.852469e-04  -3.487335e-08  +2.207489e-07  +5.585712e-04  
-2.385007e-08  -1.115815e-08  +1.508320e-06  +3.892805e-06  +4.516917e-06  +5.624288e-07  +8.321150e-07  -2.741388e-06  -1.127367e-06  +8.378146e-06  +2.529051e-06  +2.168830e-07  -1.932538e-07  -5.272989e-04  -8.047731e-07  +4.353130e-08  +2.385640e-08  +1.150756e-07  +5.497434e-07  +5.016385e-04  +1.984435e-07  +7.368604e-08  +1.999333e-04  
+3.122544e-04  +2.044013e-04  +9.369207e-03  +2.204789e-02  +2.166770e-02  +4.025177e-03  +4.410487e-03  -7.881997e-03  -7.762098e-03  +5.734040e-02  +9.980912e-03  +9.210677e-04  +1.359817e-05  -2.174124e+00  -4.304401e-03  +8.654953e-04  -1.982369e+00  +8.852469e-04  +5.016385e-04  +4.009368e+00  +5.778241e-04  +4.419640e-04  +2.401452e+00  
+8.483589e-08  +5.625119e-08  +2.058685e-06  +5.287315e-06  +4.697089e-06  +8.384138e-07  +8.633580e-07  -2.340525e-06  -1.560265e-06  +1.170512e-05  +2.315502e-06  +1.572403e-07  -1.447637e-07  -8.336091e-04  -8.444383e-07  +5.840994e-08  -2.574067e-04  -3.487335e-08  +1.984435e-07  +5.778241e-04  +5.220191e-07  +4.724024e-08  +2.858675e-04  
+1.012387e-07  -4.042581e-08  -3.752685e-07  +3.456727e-06  +3.495983e-07  +1.999884e-07  -3.555795e-07  -5.646718e-06  -5.360700e-07  +5.202824e-06  -1.744452e-06  +1.667472e-07  +2.837879e-08  +2.461455e-04  -2.620313e-07  -9.653531e-08  -1.569339e-04  +2.207489e-07  +7.368604e-08  +4.419640e-04  +4.724024e-08  +7.629461e-07  +5.714886e-04  
+4.821677e-04  +3.550335e-06  +1.057517e-02  +2.070195e-02  +7.449291e-03  +2.888336e-03  +6.385128e-03  -1.007032e-02  -7.046457e-03  +4.848369e-02  +7.413740e-03  +2.171485e-06  +1.380958e-05  -4.220295e-01  -1.315387e-03  +1.076171e-03  -1.748196e+00  +5.585712e-04  +1.999333e-04  +2.401452e+00  +2.858675e-04  +5.714886e-04  +4.813075e+00  
