mean:
+4.021443e+00  +3.943210e+00  +5.666160e-01  +2.014761e+00  +1.203792e+00  +4.089593e-01  +8.471738e-01  +2.219137e+00  +4.587609e-02  +3.877178e+00  +5.825946e+00  +4.477167e+00  +3.301916e+00  +3.277956e+02  +2.491056e+00  +3.691632e+00  +4.576572e+02  +4.639446e+00  +4.959358e+00  +8.041976e+02  +3.993119e+00  +5.121409e+00  +4.320619e+02  
covariance:
+1.846678e-05  -2.168265e-05  +3.047967e-05  +6.572454e-06  -1.860080e-05  -7.950277e-06  -5.187188e-05  -8.491938e-06  +3.436936e-06  -3.408571e-05  +1.222738e-04  -2.922801e-06  +3.165391e-06  -6.383081e-03  -2.473011e-06  -2.742999e-06  -8.762762e-03  +4.283172e-08  -1.476333e-06  -5.582420e-03  +6.272915e-06  -3.225253e-06  -5.585305e-03  
-2.168265e-05  +3.215302e-05  -3.478403e-05  -1.358762e-05  +2.486789e-05  +9.841890e-06  +6.221287e-05  +9.238427e-06  -4.153809e-06  +4.169874e-05  -1.340552e-04  +3.677092e-06  -4.324341e-06  +6.913965e-03  +3.203039e-06  +2.853235e-06  +1.032001e-02  -1.848798e-07  +1.961852e-06  +6.160547e-03  -8.496286e-06  +3.746837e-06  +6.471951e-03  
+3.047967e-05  -3.478403e-05  +1.498456e-04  -1.402380e-05  -9.554578e-05  -3.079433e-05  -2.178424e-04  -7.579298e-05  +1.320269e-05  -1.564407e-04  +6.145541e-04  -9.777387e-06  +8.672471e-06  -2.901078e-02  -3.370352e-06  -1.663929e-05  -4.388824e-02  -2.343352e-06  -3.343426e-06  -2.799338e-02  +2.708309e-05  -1.614377e-05  -2.075403e-02  
+6.572454e-06  -1.358762e-05  -1.402380e-05  +3.903892e-05  -8.832971e-07  -3.242082e-07  +9.576905e-06  +1.698984e-06  -3.014618e-07  +7.312454e-06  -6.485083e-05  +1.020122e-06  +2.080391e-06  +3.656112e-03  -1.723050e-06  +4.043163e-06  +2.729154e-03  +1.743217e-06  +1.447737e-07  +3.277899e-03  +4.430115e-06  +1.801167e-06  +7.603496e-04  
-1.860080e-05  +2.486789e-05  -9.554578e-05  -8.832971e-07  +7.757515e-05  +2.195568e-05  +1.488460e-04  +5.687160e-05  -9.065748e-06  +1.080913e-04  -4.020796e-04  +6.779103e-06  -6.676743e-06  +1.797768e-02  +1.803681e-06  +9.960063e-06  +2.999565e-02  +4.567303e-07  +2.168811e-06  +1.881392e-02  -2.238759e-05  +1.011010e-05  +1.330154e-02  
-7.950277e-06  +9.841890e-06  -3.079433e-05  -3.242082e-07  +2.195568e-05  +7.389770e-06  +4.911233e-05  +1.663362e-05  -3.022646e-06  +3.454081e-05  -1.293981e-04  +2.360868e-06  -2.235756e-06  +5.860835e-03  +7.761211e-07  +3.222389e-06  +9.390940e-03  +1.948530e-07  +8.685089e-07  +6.122595e-03  -7.174356e-06  +3.405591e-06  +4.597298e-03  
-5.187188e-05  +6.221287e-05  -2.178424e-04  +9.576905e-06  +1.488460e-04  +4.911233e-05  +3.407391e-04  +1.142706e-04  -2.088164e-05  +2.410794e-04  -9.082538e-04  +1.701137e-05  -1.518376e-05  +4.171481e-02  +5.593231e-06  +2.367256e-05  +6.576671e-02  +1.992689e-06  +6.186781e-06  +4.316295e-02  -4.660674e-05  +2.410377e-05  +3.202805e-02  
-8.491938e-06  +9.238427e-06  -7.579298e-05  +1.698984e-06  +5.687160e-05  +1.663362e-05  +1.142706e-04  +7.096136e-05  -6.963802e-06  +8.360889e-05  -3.106201e-04  +4.022733e-06  -4.477819e-06  +1.284250e-02  +2.312367e-07  +8.001218e-06  +2.353749e-02  +6.344996e-07  +3.048183e-07  +1.437283e-02  -2.068734e-05  +8.027750e-06  +9.632424e-03  
+3.436936e-06  -4.153809e-06  +1.320269e-05  -3.014618e-07  -9.065748e-06  -3.022646e-06  -2.088164e-05  -6.963802e-06  +1.337568e-06  -1.474099e-05  +5.458268e-05  -1.059410e-06  +9.563308e-07  -2.498013e-03  -3.667447e-07  -1.436077e-06  -3.973008e-03  -1.226586e-07  -3.935553e-07  -2.609911e-03  +2.900242e-06  -1.477836e-06  -1.969347e-03  
-3.408571e-05  +4.169874e-05  -1.564407e-04  +7.312454e-06  +1.080913e-04  +3.454081e-05  +2.410794e-04  +8.360889e-05  -1.474099e-05  +1.746534e-04  -6.508555e-04  +1.159175e-05  -1.078674e-05  +2.955108e-02  +3.911553e-06  +1.690779e-05  +4.750513e-02  +1.571889e-06  +4.195429e-06  +3.070714e-02  -3.349607e-05  +1.723923e-05  +2.262442e-02  
+1.222738e-04  -1.340552e-04  +6.145541e-04  -6.485083e-05  -4.020796e-04  -1.293981e-04  -9.082538e-04  -3.106201e-04  +5.458268e-05  -6.508555e-04  +2.582733e-03  -4.160763e-05  +3.545587e-05  -1.207000e-01  -1.297949e-05  -6.844236e-05  -1.825361e-01  -8.281220e-06  -1.420663e-05  -1.187342e-01  +1.139945e-04  -6.651258e-05  -8.610968e-02  
-2.922801e-06  +3.677092e-06  -9.777387e-06  +1.020122e-06  +6.779103e-06  +2.360868e-06  +1.701137e-05  +4.022733e-06  -1.059410e-06  +1.159175e-05  -4.160763e-05  +1.302112e-06  -8.561879e-07  +1.954872e-03  +3.237204e-07  +1.244829e-06  +2.912059e-03  +8.116025e-08  +4.873208e-07  +2.266620e-03  -1.949621e-06  +1.246051e-06  +1.543294e-03  
+3.165391e-06  -4.324341e-06  +8.672471e-06  +2.080391e-06  -6.676743e-06  -2.235756e-06  -1.518376e-05  -4.477819e-06  +9.563308e-07  -1.078674e-05  +3.545587e-05  -8.561879e-07  +1.289252e-06  -1.541815e-03  -6.570088e-07  -6.869552e-07  -2.749483e-03  +1.344309e-07  -2.976596e-07  -1.774665e-03  +2.494788e-06  -1.036538e-06  -1.525549e-03  
-6.383081e-03  +6.913965e-03  -2.901078e-02  +3.656112e-03  +1.797768e-02  +5.860835e-03  +4.171481e-02  +1.284250e-02  -2.498013e-03  +2.955108e-02  -1.207000e-01  +1.954872e-03  -1.541815e-03  +6.124966e+00  +7.302725e-04  +3.309511e-03  +8.335933e+00  +4.558606e-04  +6.797727e-04  +5.422538e+00  -4.330652e-03  +3.077006e-03  +4.016863e+00  
-2.473011e-06  +3.203039e-06  -3.370352e-06  -1.723050e-06  +1.803681e-06  +7.761211e-07  +5.593231e-06  +2.312367e-07  -3.667447e-07  +3.911553e-06  -1.297949e-05  +3.237204e-07  -6.570088e-07  +7.302725e-04  +7.947869e-07  +1.229126e-07  +8.770767e-04  -8.725441e-08  +1.761797e-07  +5.215687e-04  -4.585870e-07  +3.766767e-07  +8.376755e-04  
-2.742999e-06  +2.853235e-06  -1.663929e-05  +4.043163e-06  +9.960063e-06  +3.222389e-06  +2.367256e-05  +8.001218e-06  -1.436077e-06  +1.690779e-05  -6.844236e-05  +1.244829e-06  -6.869552e-07  +3.309511e-03  +1.229126e-07  +2.342711e-06  +4.710241e-03  +4.633359e-07  +3.421957e-07  +3.247453e-03  -2.411075e-06  +2.013200e-06  +2.087044e-03  
-8.762762e-03  +1.032001e-02  -4.388824e-02  +2.729154e-03  +2.999565e-02  +9.390940e-03  +6.576671e-02  +2.353749e-02  -3.973008e-03  +4.750513e-02  -1.825361e-01  +2.912059e-03  -2.749483e-03  +8.335933e+00  +8.770767e-04  +4.710241e-03  +1.363059e+01  +4.666573e-04  +1.019511e-03  +8.355507e+00  -9.240561e-03  +4.640107e-03  +6.097353e+00  
+4.283172e-08  -1.848798e-07  -2.343352e-06  +1.743217e-06  +4.567303e-07  +1.948530e-07  +1.992689e-06  +6.344996e-07  -1.226586e-07  +1.571889e-06  -8.281220e-06  +8.116025e-08  +1.344309e-07  +4.558606e-04  -8.725441e-08  +4.633359e-07  +4.666573e-04  +3.236976e-07  +1.918218e-08  +3.450507e-04  +1.771624e-07  +3.284286e-07  +1.841364e-04  
-1.476333e-06  +1.961852e-06  -3.343426e-06  +1.447737e-07  +2.168811e-06  +8.685089e-07  +6.186781e-06  +3.048183e-07  -3.935553e-07  +4.195429e-06  -1.420663e-05  +4.873208e-07  -2.976596e-07  +6.797727e-04  +1.761797e-07  +3.421957e-07  +1.019511e-03  +1.918218e-08  +3.562575e-07  +7.925209e-04  -5.867435e-07  +3.723494e-07  +6.699578e-04  
-5.582420e-03  +6.160547e-03  -2.799338e-02  +3.277899e-03  +1.881392e-02  +6.122595e-03  +4.316295e-02  +1.437283e-02  -2.609911e-03  +3.070714e-02  -1.187342e-01  +2.266620e-03  -1.774665e-03  +5.422538e+00  +5.215687e-04  +3.247453e-03  +8.355507e+00  +3.450507e-04  +7.925209e-04  +5.849498e+00  -5.521266e-03  +3.211487e-03  +3.992655e+00  
+6.272915e-06  -8.496286e-06  +2.708309e-05  +4.430115e-06  -2.238759e-05  -7.174356e-06  -4.660674e-05  -2.068734e-05  +2.900242e-06  -3.349607e-05  +1.139945e-04  -1.949621e-06  +2.494788e-06  -4.330652e-03  -4.585870e-07  -2.411075e-06  -9.240561e-03  +1.771624e-07  -5.867435e-07  -5.521266e-03  +9.850426e-06  -2.885074e-06  -4.007466e-03  
-3.225253e-06  +3.746837e-06  -1.614377e-05  +1.801167e-06  +1.011010e-05  +3.405591e-06  +2.410377e-05  +8.027750e-06  -1.477836e-06  +1.723923e-05  -6.651258e-05  +1.246051e-06  -1.036538e-06  +3.077006e-03  +3.766767e-07  +2.013200e-06  +4.640107e-03  +3.284286e-07  +3.723494e-07  +3.211487e-03  -2.885074e-06  +2.059417e-06  +2.263008e-03  
-5.585305e-03  +6.471951e-03  -2.075403e-02  +7.603496e-04  +1.330154e-02  +4.597298e-03  +3.202805e-02  +9.632424e-03  -1.969347e-03  +2.262442e-02  -8.610968e-02  +1.543294e-03  -1.525549e-03  +4.016863e+00  +8.376755e-04  +2.087044e-03  +6.097353e+00  +1.841364e-04  +6.699578e-04  +3.992655e+00  -4.007466e-03  +2.263008e-03  +3.405929e+00  
