mean:
+3.925084e+00  +3.888902e+00  +8.429709e-01  +1.282068e+00  +1.219248e+00  +6.007602e-01  +8.048611e-01  +1.382523e+00  +1.676973e-01  +1.806741e+00  +6.005030e+00  +3.611376e+00  +2.918634e+00  +2.026540e+02  +4.296478e+00  +5.128963e+00  +2.782373e+02  +5.232860e+00  +3.831261e+00  +3.204562e+02  +2.795984e+00  +4.485903e+00  +3.888912e+02  
covariance:
+2.555100e-06  -1.680766e-06  -9.775566e-07  -2.473448e-06  +6.948401e-07  +2.421007e-07  +1.009654e-06  -2.131094e-06  +4.384565e-06  +1.138362e-06  -4.577396e-08  -5.046765e-07  +3.957156e-07  +2.661996e-04  +1.510922e-07  -1.388138e-07  +6.725139e-05  -3.871389e-07  +2.577923e-07  -1.456925e-04  -2.608975e-07  +5.835538e-07  -1.312789e-04  
-1.680766e-06  +1.439749e-06  +7.220019e-07  +1.745998e-06  -3.554334e-07  -1.606047e-07  -6.597297e-07  +1.427259e-06  -2.592969e-06  -3.433054e-07  +2.354653e-07  +2.608515e-07  -2.914138e-07  -1.647193e-04  -1.981417e-07  +8.398878e-08  -6.541644e-05  +2.467732e-07  -1.843292e-07  +5.725848e-05  +2.093154e-07  -3.503435e-07  +3.448080e-05  
-9.775566e-07  +7.220019e-07  +9.013714e-07  +2.326284e-06  -2.348639e-07  -1.735195e-07  -7.666201e-07  +7.339912e-07  -2.036624e-06  -9.512645e-07  +2.577969e-07  +4.520135e-07  -3.001380e-07  -1.534670e-04  +3.067918e-08  +9.135227e-08  -5.106865e-05  +2.501246e-07  -2.364256e-07  +1.389705e-04  +1.294310e-07  -5.692052e-07  +1.791159e-04  
-2.473448e-06  +1.745998e-06  +2.326284e-06  +1.184189e-05  -4.532735e-07  -6.737460e-07  -3.089307e-06  +1.876673e-06  -4.095286e-06  -2.095874e-06  +5.239031e-07  +1.414181e-06  -1.010575e-06  -6.836283e-04  -9.491720e-08  +4.614249e-07  -7.317555e-04  +9.141646e-07  -5.597613e-07  +4.366496e-04  +3.321095e-07  -1.904764e-06  +2.447089e-04  
+6.948401e-07  -3.554334e-07  -2.348639e-07  -4.532735e-07  +2.970556e-07  +6.364121e-08  +2.340105e-07  -5.323223e-07  +1.269900e-06  +3.759225e-07  +2.040691e-08  -1.408714e-07  +7.898851e-08  +6.535618e-05  +1.463355e-08  -2.239340e-08  -3.404972e-06  -9.636814e-08  +6.006852e-08  -2.644901e-05  -5.988578e-08  +1.504388e-07  -4.883896e-05  
+2.421007e-07  -1.606047e-07  -1.735195e-07  -6.737460e-07  +6.364121e-08  +6.347125e-08  +1.457445e-07  -2.842010e-07  +4.056592e-07  +2.628074e-08  +8.478867e-08  -9.159974e-08  +4.476291e-08  +5.512563e-05  +2.630532e-08  -1.835580e-08  +2.171218e-05  -5.509243e-08  +2.189968e-08  +6.100395e-07  -2.912824e-08  +9.350320e-08  +1.206192e-05  
+1.009654e-06  -6.597297e-07  -7.666201e-07  -3.089307e-06  +2.340105e-07  +1.457445e-07  +2.790049e-06  +3.412151e-06  +1.599861e-06  +3.757595e-06  -2.897682e-06  -1.106283e-06  +9.210316e-07  +1.908357e-05  -4.754866e-07  -2.487354e-07  +6.301390e-04  -5.671981e-07  +9.189939e-07  -8.533050e-04  +8.829350e-08  +1.789688e-06  -1.099496e-03  
-2.131094e-06  +1.427259e-06  +7.339912e-07  +1.876673e-06  -5.323223e-07  -2.842010e-07  +3.412151e-06  +1.558877e-05  -4.305580e-06  +5.917792e-06  -6.740197e-06  -1.103259e-06  +8.099325e-07  -7.437753e-04  -1.298049e-06  -1.769644e-07  +9.912534e-04  -2.802913e-07  +1.583657e-06  -1.203244e-03  +7.620302e-07  +2.620230e-06  -2.537199e-03  
+4.384565e-06  -2.592969e-06  -2.036624e-06  -4.095286e-06  +1.269900e-06  +4.056592e-07  +1.599861e-06  -4.305580e-06  +1.093793e-05  +4.642699e-06  +1.101529e-07  -1.212987e-06  +7.685420e-07  +4.240305e-04  -2.166255e-07  -4.155343e-07  -2.447469e-04  -6.976044e-07  +5.135612e-07  -5.235979e-04  -4.616347e-07  +1.410672e-06  -6.793928e-04  
+1.138362e-06  -3.433054e-07  -9.512645e-07  -2.095874e-06  +3.759225e-07  +2.628074e-08  +3.757595e-06  +5.917792e-06  +4.642699e-06  +1.043856e-05  -5.387009e-06  -1.944570e-06  +1.437655e-06  -2.036936e-04  -1.550219e-06  -6.048882e-07  +4.983721e-04  -8.383811e-07  +1.474382e-06  -1.733600e-03  +2.559858e-07  +2.988984e-06  -2.550504e-03  
-4.577396e-08  +2.354653e-07  +2.577969e-07  +5.239031e-07  +2.040691e-08  +8.478867e-08  -2.897682e-06  -6.740197e-06  +1.101529e-07  -5.387009e-06  +7.123126e-06  +1.111748e-06  -1.092729e-06  +2.399368e-04  +9.181299e-07  +2.505450e-07  -7.441007e-04  +4.218629e-07  -1.217120e-06  +1.111495e-03  -2.147236e-07  -2.202104e-06  +1.530702e-03  
-5.046765e-07  +2.608515e-07  +4.520135e-07  +1.414181e-06  -1.408714e-07  -9.159974e-08  -1.106283e-06  -1.103259e-06  -1.212987e-06  -1.944570e-06  +1.111748e-06  +5.684669e-07  -3.954989e-07  -3.338941e-05  +2.726942e-07  +1.275242e-07  -1.848266e-04  +2.502467e-07  -3.807056e-07  +3.688215e-04  -2.860351e-08  -8.215754e-07  +5.055453e-04  
+3.957156e-07  -2.914138e-07  -3.001380e-07  -1.010575e-06  +7.898851e-08  +4.476291e-08  +9.210316e-07  +8.099325e-07  +7.685420e-07  +1.437655e-06  -1.092729e-06  -3.954989e-07  +3.596320e-07  +1.244466e-05  -1.756197e-07  -9.285010e-08  +1.787397e-04  -1.987073e-07  +3.099266e-07  -3.159873e-04  +1.173910e-08  +6.190543e-07  -3.835611e-04  
+2.661996e-04  -1.647193e-04  -1.534670e-04  -6.836283e-04  +6.535618e-05  +5.512563e-05  +1.908357e-05  -7.437753e-04  +4.240305e-04  -2.036936e-04  +2.399368e-04  -3.338941e-05  +1.244466e-05  +8.756861e-02  +6.933917e-05  -1.283927e-05  +6.253510e-03  -3.772460e-05  -4.521566e-05  +3.573900e-02  -5.732995e-05  -1.691165e-05  +1.275918e-01  
+1.510922e-07  -1.981417e-07  +3.067918e-08  -9.491720e-08  +1.463355e-08  +2.630532e-08  -4.754866e-07  -1.298049e-06  -2.166255e-07  -1.550219e-06  +9.181299e-07  +2.726942e-07  -1.756197e-07  +6.933917e-05  +3.167453e-07  +7.678970e-08  -4.975259e-05  +7.545214e-08  -2.230882e-07  +2.667864e-04  -8.355960e-08  -4.434864e-07  +4.304151e-04  
-1.388138e-07  +8.398878e-08  +9.135227e-08  +4.614249e-07  -2.239340e-08  -1.835580e-08  -2.487354e-07  -1.769644e-07  -4.155343e-07  -6.048882e-07  +2.505450e-07  +1.275242e-07  -9.285010e-08  -1.283927e-05  +7.678970e-08  +7.019675e-08  -4.924355e-05  +7.172666e-08  -7.327422e-08  +1.008330e-04  +2.854799e-09  -1.903463e-07  +1.146213e-04  
+6.725139e-05  -6.541644e-05  -5.106865e-05  -7.317555e-04  -3.404972e-06  +2.171218e-05  +6.301390e-04  +9.912534e-04  -2.447469e-04  +4.983721e-04  -7.441007e-04  -1.848266e-04  +1.787397e-04  +6.253510e-03  -4.975259e-05  -4.924355e-05  +2.495487e-01  -1.155539e-04  +1.783958e-04  -1.770847e-01  +3.195862e-05  +3.298702e-04  -1.308114e-01  
-3.871389e-07  +2.467732e-07  +2.501246e-07  +9.141646e-07  -9.636814e-08  -5.509243e-08  -5.671981e-07  -2.802913e-07  -6.976044e-07  -8.383811e-07  +4.218629e-07  +2.502467e-07  -1.987073e-07  -3.772460e-05  +7.545214e-08  +7.172666e-08  -1.155539e-04  +1.515143e-07  -1.672913e-07  +1.691025e-04  +1.098987e-08  -3.560064e-07  +1.933189e-04  
+2.577923e-07  -1.843292e-07  -2.364256e-07  -5.597613e-07  +6.006852e-08  +2.189968e-08  +9.189939e-07  +1.583657e-06  +5.135612e-07  +1.474382e-06  -1.217120e-06  -3.807056e-07  +3.099266e-07  -4.521566e-05  -2.230882e-07  -7.327422e-08  +1.783958e-04  -1.672913e-07  +3.689740e-07  -3.062864e-04  +5.330468e-08  +6.528892e-07  -4.835982e-04  
-1.456925e-04  +5.725848e-05  +1.389705e-04  +4.366496e-04  -2.644901e-05  +6.100395e-07  -8.533050e-04  -1.203244e-03  -5.235979e-04  -1.733600e-03  +1.111495e-03  +3.688215e-04  -3.159873e-04  +3.573900e-02  +2.667864e-04  +1.008330e-04  -1.770847e-01  +1.691025e-04  -3.062864e-04  +3.794205e-01  -6.292057e-05  -5.699526e-04  +4.401609e-01  
-2.608975e-07  +2.093154e-07  +1.294310e-07  +3.321095e-07  -5.988578e-08  -2.912824e-08  +8.829350e-08  +7.620302e-07  -4.616347e-07  +2.559858e-07  -2.147236e-07  -2.860351e-08  +1.173910e-08  -5.732995e-05  -8.355960e-08  +2.854799e-09  +3.195862e-05  +1.098987e-08  +5.330468e-08  -6.292057e-05  +8.068507e-08  +7.074444e-08  -1.322312e-04  
+5.835538e-07  -3.503435e-07  -5.692052e-07  -1.904764e-06  +1.504388e-07  +9.350320e-08  +1.789688e-06  +2.620230e-06  +1.410672e-06  +2.988984e-06  -2.202104e-06  -8.215754e-07  +6.190543e-07  -1.691165e-05  -4.434864e-07  -1.903463e-07  +3.298702e-04  -3.560064e-07  +6.528892e-07  -5.699526e-04  +7.074444e-08  +1.361766e-06  -8.838095e-04  
-1.312789e-04  +3.448080e-05  +1.791159e-04  +2.447089e-04  -4.883896e-05  +1.206192e-05  -1.099496e-03  -2.537199e-03  -6.793928e-04  -2.550504e-03  +1.530702e-03  +5.055453e-04  -3.835611e-04  +1.275918e-01  +4.304151e-04  +1.146213e-04  -1.308114e-01  +1.933189e-04  -4.835982e-04  +4.401609e-01  -1.322312e-04  -8.838095e-04  +8.673204e-01  
