mean:
+3.982253e+00  +3.940239e+00  +6.414449e-01  -1.145381e+00  +1.666311e+00  +4.947182e-01  +9.090626e-01  +2.081564e+00  +1.505051e-01  +1.926838e+00  +4.887812e+00  +1.840050e+00  +2.983451e+00  +8.079358e+02  +4.959877e+00  +4.479641e+00  +2.016541e+03  
covariance:
+1.987672e-06  +5.611790e-07  -1.528632e-06  -2.583737e-06  +2.683582e-07  -1.237342e-06  -3.596660e-07  -2.793610e-06  +7.751238e-07  -5.004194e-06  -1.543903e-05  +8.791158e-08  +3.130601e-08  +1.213271e-03  +6.500821e-09  +1.922557e-08  +2.745658e-03  
+5.611790e-07  +2.063839e-06  +2.031863e-06  -1.109063e-06  -1.663586e-06  +1.696080e-06  +3.224656e-07  +1.034805e-06  -6.038124e-07  +4.039920e-06  +1.805838e-05  -8.814187e-08  -2.759514e-08  -1.077736e-03  +2.670416e-08  +2.257551e-08  -3.330051e-03  
-1.528632e-06  +2.031863e-06  +7.035275e-05  -1.208927e-05  -9.897601e-06  +3.757277e-05  +6.044589e-06  +5.629662e-05  -2.088840e-05  +1.315586e-04  +3.339439e-04  -1.079626e-06  -1.330266e-06  -3.095099e-02  +1.902675e-07  -3.305108e-07  -6.269424e-02  
-2.583737e-06  -1.109063e-06  -1.208927e-05  +2.095265e-04  -7.690323e-05  +1.084870e-05  -3.128136e-06  +2.938133e-05  -1.413779e-05  +9.338919e-05  +2.219148e-04  -2.786551e-06  +1.511504e-06  -1.862901e-02  -6.992720e-07  +5.004307e-07  -2.574262e-02  
+2.683582e-07  -1.663586e-06  -9.897601e-06  -7.690323e-05  +2.107636e-04  -3.472959e-05  +1.231833e-05  -4.858541e-05  +1.874408e-05  -1.230056e-04  -3.971806e-04  +6.360791e-06  -9.663348e-07  +2.891807e-02  -1.534530e-07  +3.390561e-07  +8.479943e-02  
-1.237342e-06  +1.696080e-06  +3.757277e-05  +1.084870e-05  -3.472959e-05  +3.240277e-05  +5.099408e-06  +5.754231e-05  -1.766008e-05  +1.083791e-04  +3.033004e-04  -1.440123e-06  -5.740272e-07  -2.512026e-02  +1.058495e-07  -1.450133e-07  -5.817706e-02  
-3.596660e-07  +3.224656e-07  +6.044589e-06  -3.128136e-06  +1.231833e-05  +5.099408e-06  +1.287688e-05  +9.459977e-06  -4.074246e-06  +1.609517e-05  +4.718874e-05  +3.118804e-07  -3.924461e-07  -2.983429e-03  -7.958862e-08  +8.788815e-08  -8.309539e-03  
-2.793610e-06  +1.034805e-06  +5.629662e-05  +2.938133e-05  -4.858541e-05  +5.754231e-05  +9.459977e-06  +2.166854e-04  -2.999195e-05  +1.852422e-04  +4.919556e-04  -7.811631e-07  -9.271650e-07  -4.143911e-02  +1.925423e-07  -1.183855e-06  -9.569058e-02  
+7.751238e-07  -6.038124e-07  -2.088840e-05  -1.413779e-05  +1.874408e-05  -1.766008e-05  -4.074246e-06  -2.999195e-05  +1.148987e-05  -6.903451e-05  -1.754487e-04  +8.483100e-07  +1.799469e-07  +1.518846e-02  -6.740020e-09  -4.621770e-08  +3.110873e-02  
-5.004194e-06  +4.039920e-06  +1.315586e-04  +9.338919e-05  -1.230056e-04  +1.083791e-04  +1.609517e-05  +1.852422e-04  -6.903451e-05  +4.321477e-04  +1.067321e-03  -5.464946e-06  -1.019402e-06  -9.494767e-02  +7.789400e-08  +1.909958e-07  -1.893479e-01  
-1.543903e-05  +1.805838e-05  +3.339439e-04  +2.219148e-04  -3.971806e-04  +3.033004e-04  +4.718874e-05  +4.919556e-04  -1.754487e-04  +1.067321e-03  +3.132784e-03  -1.730566e-05  -3.248416e-06  -2.493574e-01  +5.746888e-07  +1.314263e-06  -5.749319e-01  
+8.791158e-08  -8.814187e-08  -1.079626e-06  -2.786551e-06  +6.360791e-06  -1.440123e-06  +3.118804e-07  -7.811631e-07  +8.483100e-07  -5.464946e-06  -1.730566e-05  +4.056112e-07  -3.735373e-08  +1.262321e-03  -8.495203e-09  -2.399685e-08  +3.408083e-03  
+3.130601e-08  -2.759514e-08  -1.330266e-06  +1.511504e-06  -9.663348e-07  -5.740272e-07  -3.924461e-07  -9.271650e-07  +1.799469e-07  -1.019402e-06  -3.248416e-06  -3.735373e-08  +2.071408e-07  +3.345773e-04  +1.148352e-09  +1.929059e-08  +9.496117e-04  
+1.213271e-03  -1.077736e-03  -3.095099e-02  -1.862901e-02  +2.891807e-02  -2.512026e-02  -2.983429e-03  -4.143911e-02  +1.518846e-02  -9.494767e-02  -2.493574e-01  +1.262321e-03  +3.345773e-04  +2.249914e+01  -9.794755e-05  -1.140026e-04  +4.617052e+01  
+6.500821e-09  +2.670416e-08  +1.902675e-07  -6.992720e-07  -1.534530e-07  +1.058495e-07  -7.958862e-08  +1.925423e-07  -6.740020e-09  +7.789400e-08  +5.746888e-07  -8.495203e-09  +1.148352e-09  -9.794755e-05  +1.099830e-07  -1.238790e-08  -1.478317e-04  
+1.922557e-08  +2.257551e-08  -3.305108e-07  +5.004307e-07  +3.390561e-07  -1.450133e-07  +8.788815e-08  -1.183855e-06  -4.621770e-08  +1.909958e-07  +1.314263e-06  -2.399685e-08  +1.929059e-08  -1.140026e-04  -1.238790e-08  +1.846767e-07  +1.015713e-05  
+2.745658e-03  -3.330051e-03  -6.269424e-02  -2.574262e-02  +8.479943e-02  -5.817706e-02  -8.309539e-03  -9.569058e-02  +3.110873e-02  -1.893479e-01  -5.749319e-01  +3.408083e-03  +9.496117e-04  +4.617052e+01  -1.478317e-04  +1.015713e-05  +1.164708e+02  
