mean:
+4.017787e+00  +3.960391e+00  +8.850870e-01  +1.317262e+00  +1.231653e+00  +5.024453e-01  +8.049402e-01  +1.369078e+00  +1.744325e-01  +1.847732e+00  +5.935102e+00  +3.660413e+00  +2.857047e+00  +2.086765e+02  +4.310485e+00  +5.128346e+00  +2.882276e+02  +5.252778e+00  +3.797863e+00  +3.281238e+02  +2.880070e+00  +4.479530e+00  +3.959269e+02  
covariance:
+1.526407e-06  +1.520966e-07  -2.451917e-06  -4.944937e-06  +3.785324e-08  -1.117611e-06  +8.026165e-07  -3.857354e-07  +1.217264e-06  -8.361227e-06  +1.157748e-05  -1.781752e-07  -4.448077e-08  +5.266846e-04  +1.406025e-07  -5.075491e-08  -6.527419e-04  -4.802324e-08  +6.435033e-08  -9.833233e-04  -3.493552e-08  +2.832478e-08  -9.098725e-04  
+1.520966e-07  +1.729002e-06  -1.793422e-07  +4.933534e-07  -2.363261e-07  -2.339357e-07  +3.405204e-07  -1.808633e-06  +6.197811e-08  -7.180366e-07  +1.533655e-06  -2.761399e-08  -4.741752e-08  +1.916999e-04  -6.877082e-08  +7.075366e-09  -2.680117e-04  +4.587350e-08  -1.254225e-07  -2.710828e-05  +4.674767e-08  -5.061245e-08  -2.368991e-04  
-2.451917e-06  -1.793422e-07  +8.745247e-05  -6.234059e-06  -5.228584e-06  +9.781009e-06  -1.006485e-05  +1.560022e-05  -1.270522e-05  +9.577481e-05  -1.380437e-04  +3.049779e-06  -4.702622e-07  -5.546140e-03  -3.356616e-06  +1.185601e-06  +1.944633e-02  +2.155891e-06  -8.245742e-07  +1.500617e-02  +5.472517e-07  -1.299080e-07  +1.563258e-02  
-4.944937e-06  +4.933534e-07  -6.234059e-06  +2.382055e-04  +3.288591e-07  +1.831499e-05  -3.267066e-06  -7.635406e-05  -2.025234e-05  +1.357696e-04  -1.355390e-04  +4.819443e-06  +3.253301e-06  -3.346185e-03  -1.694460e-06  +1.258746e-06  -7.198491e-03  +3.390538e-06  -3.820427e-06  +1.222645e-02  +2.303963e-06  +4.693231e-07  +8.927613e-03  
+3.785324e-08  -2.363261e-07  -5.228584e-06  +3.288591e-07  +1.068503e-05  +1.403005e-06  +1.341025e-06  -2.727943e-06  +1.178892e-06  -7.009882e-06  +2.083801e-06  +1.044830e-07  -1.602819e-07  -2.530497e-05  +2.069108e-07  -3.737814e-07  -6.999143e-04  -6.439289e-07  +2.105121e-07  -1.196800e-03  +4.928804e-07  -1.195863e-07  -8.802859e-04  
-1.117611e-06  -2.339357e-07  +9.781009e-06  +1.831499e-05  +1.403005e-06  +9.888011e-06  -4.855180e-06  -7.813349e-06  -3.900559e-06  +3.387108e-05  -6.695216e-05  +1.052918e-06  -1.848952e-07  -3.157492e-03  +6.538577e-09  +4.891849e-07  +4.984426e-03  -1.421802e-08  -2.157844e-07  +5.593618e-03  +6.814062e-08  -2.790937e-07  +5.906158e-03  
+8.026165e-07  +3.405204e-07  -1.006485e-05  -3.267066e-06  +1.341025e-06  -4.855180e-06  +1.357545e-05  -7.110930e-06  +1.399125e-06  -2.634799e-05  +4.433107e-05  -1.444606e-07  +3.492823e-08  +3.939055e-03  -2.040412e-08  -1.081894e-06  -4.516304e-03  -4.633737e-07  +2.271827e-07  -5.831059e-03  +5.764782e-07  +7.272764e-07  -6.352103e-03  
-3.857354e-07  -1.808633e-06  +1.560022e-05  -7.635406e-05  -2.727943e-06  -7.813349e-06  -7.110930e-06  +1.770287e-04  +5.021698e-06  -2.363952e-05  +1.837595e-05  +4.325154e-06  -1.946535e-06  -1.943604e-04  +8.598676e-08  -7.955732e-07  +4.853629e-03  -2.943610e-06  +1.964904e-06  -1.353505e-04  -1.692446e-06  -1.218931e-06  -2.520743e-03  
+1.217264e-06  +6.197811e-08  -1.270522e-05  -2.025234e-05  +1.178892e-06  -3.900559e-06  +1.399125e-06  +5.021698e-06  +6.889328e-06  -4.399791e-05  +4.056374e-05  -1.162827e-06  -6.027991e-07  +1.221179e-03  +6.476016e-07  -4.409575e-07  -1.782933e-03  -8.078934e-07  +3.526200e-07  -2.066295e-03  -5.499945e-07  -9.090489e-08  -4.675858e-03  
-8.361227e-06  -7.180366e-07  +9.577481e-05  +1.357696e-04  -7.009882e-06  +3.387108e-05  -2.634799e-05  -2.363952e-05  -4.399791e-05  +3.201665e-04  -3.415733e-04  +8.116940e-06  +3.447283e-06  -1.364283e-02  -3.962117e-06  +4.250023e-06  +1.840848e-02  +5.543544e-06  -2.775474e-06  +2.135027e-02  +2.819814e-06  -5.824355e-07  +3.858504e-02  
+1.157748e-05  +1.533655e-06  -1.380437e-04  -1.355390e-04  +2.083801e-06  -6.695216e-05  +4.433107e-05  +1.837595e-05  +4.056374e-05  -3.415733e-04  +6.547676e-04  -1.116772e-05  +3.410232e-06  +2.751422e-02  +3.087235e-06  -4.835305e-06  -4.838426e-02  -2.745431e-06  +3.661698e-06  -4.671276e-02  -6.157393e-07  +2.451254e-06  -4.968678e-02  
-1.781752e-07  -2.761399e-08  +3.049779e-06  +4.819443e-06  +1.044830e-07  +1.052918e-06  -1.444606e-07  +4.325154e-06  -1.162827e-06  +8.116940e-06  -1.116772e-05  +1.135787e-06  -6.859217e-08  -1.292121e-04  -1.421225e-07  +4.959536e-08  +4.950227e-04  +7.227367e-08  -5.803683e-08  +7.132134e-04  +1.449077e-07  -9.745561e-08  +5.243932e-04  
-4.448077e-08  -4.741752e-08  -4.702622e-07  +3.253301e-06  -1.602819e-07  -1.848952e-07  +3.492823e-08  -1.946535e-06  -6.027991e-07  +3.447283e-06  +3.410232e-06  -6.859217e-08  +9.400072e-07  -1.375366e-04  -4.436328e-09  +2.080774e-07  -7.086620e-04  +2.263532e-07  -9.989209e-09  +2.676545e-04  +6.623974e-08  -1.374034e-07  +3.771270e-04  
+5.266846e-04  +1.916999e-04  -5.546140e-03  -3.346185e-03  -2.530497e-05  -3.157492e-03  +3.939055e-03  -1.943604e-04  +1.221179e-03  -1.364283e-02  +2.751422e-02  -1.292121e-04  -1.375366e-04  +3.181521e+00  -7.894462e-05  -5.016287e-04  -2.786051e+00  -1.946157e-04  -9.726454e-05  -3.557772e+00  +8.478056e-05  +5.869395e-04  -3.012680e+00  
+1.406025e-07  -6.877082e-08  -3.356616e-06  -1.694460e-06  +2.069108e-07  +6.538577e-09  -2.040412e-08  +8.598676e-08  +6.476016e-07  -3.962117e-06  +3.087235e-06  -1.421225e-07  -4.436328e-09  -7.894462e-05  +5.218613e-07  -1.695741e-08  -3.501323e-04  -1.416969e-07  +6.735860e-08  -5.265409e-04  -7.650374e-08  -5.999065e-08  -3.595748e-04  
-5.075491e-08  +7.075366e-09  +1.185601e-06  +1.258746e-06  -3.737814e-07  +4.891849e-07  -1.081894e-06  -7.955732e-07  -4.409575e-07  +4.250023e-06  -4.835305e-06  +4.959536e-08  +2.080774e-07  -5.016287e-04  -1.695741e-08  +6.192884e-07  +4.621676e-04  +2.583381e-07  -9.775352e-08  +9.442005e-04  +9.356654e-10  -1.520840e-07  +7.827713e-04  
-6.527419e-04  -2.680117e-04  +1.944633e-02  -7.198491e-03  -6.999143e-04  +4.984426e-03  -4.516304e-03  +4.853629e-03  -1.782933e-03  +1.840848e-02  -4.838426e-02  +4.950227e-04  -7.086620e-04  -2.786051e+00  -3.501323e-04  +4.621676e-04  +7.817127e+00  +1.915327e-04  +1.670412e-04  +5.853789e+00  -1.271877e-04  -1.733842e-04  +4.866126e+00  
-4.802324e-08  +4.587350e-08  +2.155891e-06  +3.390538e-06  -6.439289e-07  -1.421802e-08  -4.633737e-07  -2.943610e-06  -8.078934e-07  +5.543544e-06  -2.745431e-06  +7.227367e-08  +2.263532e-07  -1.946157e-04  -1.416969e-07  +2.583381e-07  +1.915327e-04  +9.101663e-07  -8.689779e-08  +6.242760e-04  +1.008009e-07  +1.827183e-08  +6.388446e-04  
+6.435033e-08  -1.254225e-07  -8.245742e-07  -3.820427e-06  +2.105121e-07  -2.157844e-07  +2.271827e-07  +1.964904e-06  +3.526200e-07  -2.775474e-06  +3.661698e-06  -5.803683e-08  -9.989209e-09  -9.726454e-05  +6.735860e-08  -9.775352e-08  +1.670412e-04  -8.689779e-08  +7.240011e-07  -4.726547e-05  +7.286218e-08  -8.494911e-09  -9.164153e-05  
-9.833233e-04  -2.710828e-05  +1.500617e-02  +1.222645e-02  -1.196800e-03  +5.593618e-03  -5.831059e-03  -1.353505e-04  -2.066295e-03  +2.135027e-02  -4.671276e-02  +7.132134e-04  +2.676545e-04  -3.557772e+00  -5.265409e-04  +9.442005e-04  +5.853789e+00  +6.242760e-04  -4.726547e-05  +1.049178e+01  -3.176144e-04  -4.638845e-04  +5.000445e+00  
-3.493552e-08  +4.674767e-08  +5.472517e-07  +2.303963e-06  +4.928804e-07  +6.814062e-08  +5.764782e-07  -1.692446e-06  -5.499945e-07  +2.819814e-06  -6.157393e-07  +1.449077e-07  +6.623974e-08  +8.478056e-05  -7.650374e-08  +9.356654e-10  -1.271877e-04  +1.008009e-07  +7.286218e-08  -3.176144e-04  +4.754960e-07  +3.419541e-08  +1.708569e-04  
+2.832478e-08  -5.061245e-08  -1.299080e-07  +4.693231e-07  -1.195863e-07  -2.790937e-07  +7.272764e-07  -1.218931e-06  -9.090489e-08  -5.824355e-07  +2.451254e-06  -9.745561e-08  -1.374034e-07  +5.869395e-04  -5.999065e-08  -1.520840e-07  -1.733842e-04  +1.827183e-08  -8.494911e-09  -4.638845e-04  +3.419541e-08  +6.086106e-07  -1.890390e-04  
-9.098725e-04  -2.368991e-04  +1.563258e-02  +8.927613e-03  -8.802859e-04  +5.906158e-03  -6.352103e-03  -2.520743e-03  -4.675858e-03  +3.858504e-02  -4.968678e-02  +5.243932e-04  +3.771270e-04  -3.012680e+00  -3.595748e-04  +7.827713e-04  +4.866126e+00  +6.388446e-04  -9.164153e-05  +5.000445e+00  +1.708569e-04  -1.890390e-04  +7.627481e+00  
