mean:
+3.981945e+00  +3.940621e+00  +6.502208e-01  -1.142581e+00  +1.668907e+00  +4.952502e-01  +9.113488e-01  +2.046914e+00  +1.490684e-01  +1.959081e+00  +4.872267e+00  +1.839469e+00  +2.983649e+00  +8.097780e+02  +4.959936e+00  +4.479325e+00  +2.019021e+03  
covariance:
+2.781351e-06  -1.418764e-07  -1.226724e-06  -3.981248e-06  +4.353314e-06  -2.972966e-06  +1.108688e-06  -1.408937e-05  +1.268904e-06  -5.799202e-06  -7.451073e-05  +1.520113e-07  +6.220108e-08  +3.208627e-03  -1.194953e-07  -2.683722e-08  +9.790457e-03  
-1.418764e-07  +2.534701e-06  +1.960359e-06  +2.855054e-06  -2.859006e-06  +2.863885e-06  -1.040558e-06  +1.005808e-05  -1.489495e-06  +7.494651e-06  +7.409611e-05  -1.788666e-07  -1.836384e-08  -2.970953e-03  +1.198017e-07  +8.143689e-08  -8.608869e-03  
-1.226724e-06  +1.960359e-06  +3.188420e-05  +6.589221e-06  +2.828180e-05  +7.546276e-06  +1.019735e-05  +1.394732e-05  -8.498230e-06  +4.196366e-05  +1.993335e-04  +3.516330e-08  -7.217130e-07  -4.950500e-03  -1.222936e-07  +5.538909e-08  -1.672846e-02  
-3.981248e-06  +2.855054e-06  +6.589221e-06  +1.753207e-04  +1.699642e-05  +1.370356e-05  +1.414881e-05  +4.885857e-05  -2.373839e-05  +1.325377e-04  +4.467783e-04  +2.926161e-07  -2.421130e-07  -7.115739e-03  +2.953304e-07  +1.434446e-06  -2.045797e-02  
+4.353314e-06  -2.859006e-06  +2.828180e-05  +1.699642e-05  +1.402021e-04  -1.080829e-05  +3.532924e-05  -5.924710e-05  -5.938328e-06  +3.364841e-05  -2.322968e-04  +3.454439e-06  -6.374280e-07  +1.754454e-02  -1.970856e-06  -5.437328e-08  +5.054097e-02  
-2.972966e-06  +2.863885e-06  +7.546276e-06  +1.370356e-05  -1.080829e-05  +1.246018e-05  -6.594165e-07  +4.361281e-05  -7.068015e-06  +3.271837e-05  +2.887090e-04  -5.464697e-07  -2.234067e-07  -1.113430e-02  +4.180973e-07  +7.918516e-08  -3.492207e-02  
+1.108688e-06  -1.040558e-06  +1.019735e-05  +1.414881e-05  +3.532924e-05  -6.594165e-07  +2.300550e-05  -2.824419e-05  -7.144399e-06  +3.335068e-05  -2.462420e-06  +8.519579e-07  +1.209804e-07  +4.999384e-03  -4.242086e-07  +1.151086e-07  +1.245977e-02  
-1.408937e-05  +1.005808e-05  +1.394732e-05  +4.885857e-05  -5.924710e-05  +4.361281e-05  -2.824419e-05  +2.769170e-04  -1.183750e-05  +4.474607e-05  +9.939276e-04  -2.506542e-06  -1.866846e-06  -4.751208e-02  +1.132412e-06  +6.681095e-07  -1.523351e-01  
+1.268904e-06  -1.489495e-06  -8.498230e-06  -2.373839e-05  -5.938328e-06  -7.068015e-06  -7.144399e-06  -1.183750e-05  +9.172441e-06  -4.605187e-05  -1.983857e-04  +7.866938e-08  +2.653252e-08  +4.564483e-03  -1.305100e-07  -1.922090e-07  +1.299988e-02  
-5.799202e-06  +7.494651e-06  +4.196366e-05  +1.325377e-04  +3.364841e-05  +3.271837e-05  +3.335068e-05  +4.474607e-05  -4.605187e-05  +2.462210e-04  +9.409559e-04  -1.745817e-07  -1.734523e-07  -1.893062e-02  +6.617643e-07  +9.165019e-07  -4.892030e-02  
-7.451073e-05  +7.409611e-05  +1.993335e-04  +4.467783e-04  -2.322968e-04  +2.887090e-04  -2.462420e-06  +9.939276e-04  -1.983857e-04  +9.409559e-04  +7.549735e-03  -1.505508e-05  -3.767325e-06  -2.733540e-01  +9.324544e-06  +4.391624e-06  -8.366272e-01  
+1.520113e-07  -1.788666e-07  +3.516330e-08  +2.926161e-07  +3.454439e-06  -5.464697e-07  +8.519579e-07  -2.506542e-06  +7.866938e-08  -1.745817e-07  -1.505508e-05  +3.238338e-07  +1.088961e-08  +9.348358e-04  -4.270208e-08  -1.176663e-08  +2.365244e-03  
+6.220108e-08  -1.836384e-08  -7.217130e-07  -2.421130e-07  -6.374280e-07  -2.234067e-07  +1.209804e-07  -1.866846e-06  +2.653252e-08  -1.734523e-07  -3.767325e-06  +1.088961e-08  +2.431894e-07  +2.095831e-04  +5.741397e-08  -3.791803e-09  +8.840272e-04  
+3.208627e-03  -2.970953e-03  -4.950500e-03  -7.115739e-03  +1.754454e-02  -1.113430e-02  +4.999384e-03  -4.751208e-02  +4.564483e-03  -1.893062e-02  -2.733540e-01  +9.348358e-04  +2.095831e-04  +1.264123e+01  -4.685520e-04  -1.247294e-04  +3.675442e+01  
-1.194953e-07  +1.198017e-07  -1.222936e-07  +2.953304e-07  -1.970856e-06  +4.180973e-07  -4.242086e-07  +1.132412e-06  -1.305100e-07  +6.617643e-07  +9.324544e-06  -4.270208e-08  +5.741397e-08  -4.685520e-04  +1.798274e-07  -1.051294e-08  -1.166646e-03  
-2.683722e-08  +8.143689e-08  +5.538909e-08  +1.434446e-06  -5.437328e-08  +7.918516e-08  +1.151086e-07  +6.681095e-07  -1.922090e-07  +9.165019e-07  +4.391624e-06  -1.176663e-08  -3.791803e-09  -1.247294e-04  -1.051294e-08  +1.304811e-07  -2.772942e-04  
+9.790457e-03  -8.608869e-03  -1.672846e-02  -2.045797e-02  +5.054097e-02  -3.492207e-02  +1.245977e-02  -1.523351e-01  +1.299988e-02  -4.892030e-02  -8.366272e-01  +2.365244e-03  +8.840272e-04  +3.675442e+01  -1.166646e-03  -2.772942e-04  +1.260345e+02  
