mean:
+3.982076e+00  +3.953480e+00  +8.464945e-01  +1.315948e+00  +1.408632e+00  +4.048602e-01  +8.044871e-01  +1.389068e+00  +1.688656e-01  +1.862254e+00  +6.035166e+00  +3.591987e+00  +2.698250e+00  +2.024416e+02  +4.328717e+00  +5.294310e+00  +2.776074e+02  +5.453335e+00  +3.756771e+00  +3.244361e+02  +2.639911e+00  +4.560112e+00  +3.932414e+02  
covariance:
+8.860851e-07  +2.093303e-07  +1.839186e-07  +6.228595e-07  +5.466149e-07  +4.679395e-07  +1.668258e-07  -8.449996e-07  -8.925372e-07  +4.725967e-06  +9.105717e-07  -6.221017e-09  -1.777093e-08  -8.392952e-05  -4.303378e-08  +7.844668e-08  -4.649313e-05  +2.091988e-08  -5.677559e-08  +1.575343e-04  +1.072115e-07  +1.092971e-07  +1.098673e-04  
+2.093303e-07  +1.011277e-06  +2.375293e-07  -3.732635e-07  +3.327287e-07  +9.931409e-08  -4.841413e-08  +4.898896e-07  -1.095609e-07  +1.310759e-06  +6.723106e-07  -8.799471e-09  -3.971374e-08  -4.746259e-05  -2.848664e-09  +3.170604e-08  -1.116970e-04  +2.283026e-08  +3.294864e-08  -1.869192e-05  +2.674254e-08  +3.717382e-08  +1.019110e-04  
+1.839186e-07  +2.375293e-07  +1.298879e-05  -3.530869e-05  -1.028821e-06  -4.274360e-06  -2.909403e-06  -1.472116e-05  +6.312031e-06  -4.295281e-05  -3.082125e-05  -1.247600e-06  +4.055377e-07  -4.694383e-04  +5.639454e-07  -1.719374e-06  -4.723817e-04  -2.501088e-07  +8.556877e-07  -6.953107e-03  -2.547178e-08  +8.482763e-07  -2.904652e-03  
+6.228595e-07  -3.732635e-07  -3.530869e-05  +4.296387e-04  +1.272678e-05  +3.823914e-05  +3.262866e-05  -1.114561e-04  -5.012079e-05  +3.385327e-04  +1.905698e-04  +1.019140e-05  -4.981492e-06  +6.224833e-03  -3.283943e-06  +1.188851e-05  +3.000761e-03  +5.712193e-06  -2.100801e-06  +5.030916e-02  +1.533767e-06  +4.694453e-07  +1.846578e-02  
+5.466149e-07  +3.327287e-07  -1.028821e-06  +1.272678e-05  +3.625646e-05  +5.392292e-06  +1.323463e-05  -2.007188e-06  -9.385020e-06  +5.850978e-05  +1.934485e-05  +5.838157e-07  -4.841720e-07  +8.168298e-04  -7.450674e-07  +1.065161e-07  +5.371540e-04  +6.859704e-07  -3.213683e-07  +3.862707e-03  +2.225061e-06  +9.324353e-08  +1.404654e-03  
+4.679395e-07  +9.931409e-08  -4.274360e-06  +3.823914e-05  +5.392292e-06  +8.946584e-06  +1.810204e-06  +5.043440e-06  -1.132728e-05  +8.169056e-05  +3.709001e-05  +1.658260e-06  -1.012588e-06  -2.876244e-04  -1.354834e-06  +1.474832e-06  +2.474758e-04  +2.914791e-07  -3.303380e-07  +6.498959e-03  +4.531496e-07  +1.620916e-07  +3.501502e-03  
+1.668258e-07  -4.841413e-08  -2.909403e-06  +3.262866e-05  +1.323463e-05  +1.810204e-06  +2.609816e-05  -1.628828e-05  -5.288905e-06  +1.458946e-05  +5.116643e-06  +2.015532e-07  +3.041982e-07  +3.562350e-03  +5.151510e-07  +1.273623e-06  +1.669927e-03  +1.432790e-06  -2.241392e-07  +3.957876e-03  +1.264074e-06  -1.170525e-06  -3.987113e-04  
-8.449996e-07  +4.898896e-07  -1.472116e-05  -1.114561e-04  -2.007188e-06  +5.043440e-06  -1.628828e-05  +3.036142e-04  -1.272326e-05  +9.710381e-05  +1.009726e-04  +3.009921e-06  +1.500691e-06  -6.206396e-03  -2.389580e-06  +4.132730e-06  -3.099935e-03  -4.669513e-06  +5.293310e-07  +8.087940e-03  +4.913956e-07  -6.807805e-06  +8.787904e-03  
-8.925372e-07  -1.095609e-07  +6.312031e-06  -5.012079e-05  -9.385020e-06  -1.132728e-05  -5.288905e-06  -1.272326e-05  +1.673609e-05  -1.148531e-04  -5.310838e-05  -2.317576e-06  +1.099989e-06  +2.034731e-04  +1.686175e-06  -2.497590e-06  -3.977215e-04  -4.201921e-07  +6.867424e-07  -9.298392e-03  -8.354503e-07  +3.000688e-07  -4.443921e-03  
+4.725967e-06  +1.310759e-06  -4.295281e-05  +3.385327e-04  +5.850978e-05  +8.169056e-05  +1.458946e-05  +9.710381e-05  -1.148531e-04  +8.322955e-04  +3.713670e-04  +1.714661e-05  -8.631606e-06  -4.581633e-03  -1.288243e-05  +1.697630e-05  +1.613774e-03  +1.795558e-06  -4.831083e-06  +6.319946e-02  +4.915418e-06  -2.073661e-07  +3.275697e-02  
+9.105717e-07  +6.723106e-07  -3.082125e-05  +1.905698e-04  +1.934485e-05  +3.709001e-05  +5.116643e-06  +1.009726e-04  -5.310838e-05  +3.713670e-04  +2.727441e-04  +8.897043e-06  -4.259479e-06  -2.174373e-03  -6.226939e-06  +9.979332e-06  -6.300636e-04  +1.284365e-06  -1.540988e-06  +4.214437e-02  +8.704736e-07  -4.728549e-06  +1.880036e-02  
-6.221017e-09  -8.799471e-09  -1.247600e-06  +1.019140e-05  +5.838157e-07  +1.658260e-06  +2.015532e-07  +3.009921e-06  -2.317576e-06  +1.714661e-05  +8.897043e-06  +8.786430e-07  -1.354900e-07  -4.549551e-05  -2.071354e-07  +5.413618e-07  +1.220168e-05  +4.813593e-08  -1.803678e-07  +1.539905e-03  -5.944064e-08  +6.308589e-08  +8.428335e-04  
-1.777093e-08  -3.971374e-08  +4.055377e-07  -4.981492e-06  -4.841720e-07  -1.012588e-06  +3.041982e-07  +1.500691e-06  +1.099989e-06  -8.631606e-06  -4.259479e-06  -1.354900e-07  +6.346544e-07  +7.747071e-05  +1.597694e-07  -5.006352e-08  -7.689989e-05  -1.835623e-07  +8.369236e-08  -6.834707e-04  +2.160099e-08  -1.407090e-07  -4.366328e-04  
-8.392952e-05  -4.746259e-05  -4.694383e-04  +6.224833e-03  +8.168298e-04  -2.876244e-04  +3.562350e-03  -6.206396e-03  +2.034731e-04  -4.581633e-03  -2.174373e-03  -4.549551e-05  +7.747071e-05  +1.106045e+00  +1.298511e-04  +2.692386e-04  +4.049908e-01  +3.112296e-04  +2.782859e-05  +3.136844e-01  +3.676030e-05  -7.105151e-05  -2.244924e-01  
-4.303378e-08  -2.848664e-09  +5.639454e-07  -3.283943e-06  -7.450674e-07  -1.354834e-06  +5.151510e-07  -2.389580e-06  +1.686175e-06  -1.288243e-05  -6.226939e-06  -2.071354e-07  +1.597694e-07  +1.298511e-04  +6.223000e-07  -1.436716e-07  -3.048760e-05  +1.051436e-07  -2.305494e-08  -7.537888e-04  -1.061714e-08  -4.749887e-09  -5.771059e-04  
+7.844668e-08  +3.170604e-08  -1.719374e-06  +1.188851e-05  +1.065161e-07  +1.474832e-06  +1.273623e-06  +4.132730e-06  -2.497590e-06  +1.697630e-05  +9.979332e-06  +5.413618e-07  -5.006352e-08  +2.692386e-04  -1.436716e-07  +1.167197e-06  +1.689055e-04  +1.907107e-07  -1.948450e-07  +2.240775e-03  +8.730769e-09  -2.309398e-07  +8.171234e-04  
-4.649313e-05  -1.116970e-04  -4.723817e-04  +3.000761e-03  +5.371540e-04  +2.474758e-04  +1.669927e-03  -3.099935e-03  -3.977215e-04  +1.613774e-03  -6.300636e-04  +1.220168e-05  -7.689989e-05  +4.049908e-01  -3.048760e-05  +1.689055e-04  +6.499382e-01  +6.035711e-05  -3.534008e-05  -1.860099e-03  -2.145756e-05  -8.873298e-05  -1.369900e-01  
+2.091988e-08  +2.283026e-08  -2.501088e-07  +5.712193e-06  +6.859704e-07  +2.914791e-07  +1.432790e-06  -4.669513e-06  -4.201921e-07  +1.795558e-06  +1.284365e-06  +4.813593e-08  -1.835623e-07  +3.112296e-04  +1.051436e-07  +1.907107e-07  +6.035711e-05  +4.839884e-07  -8.153757e-08  +6.014058e-04  +2.876427e-08  +1.076389e-07  -2.613053e-05  
-5.677559e-08  +3.294864e-08  +8.556877e-07  -2.100801e-06  -3.213683e-07  -3.303380e-07  -2.241392e-07  +5.293310e-07  +6.867424e-07  -4.831083e-06  -1.540988e-06  -1.803678e-07  +8.369236e-08  +2.782859e-05  -2.305494e-08  -1.948450e-07  -3.534008e-05  -8.153757e-08  +4.641497e-07  -2.660853e-04  +1.670631e-08  -2.281196e-08  -4.042250e-05  
+1.575343e-04  -1.869192e-05  -6.953107e-03  +5.030916e-02  +3.862707e-03  +6.498959e-03  +3.957876e-03  +8.087940e-03  -9.298392e-03  +6.319946e-02  +4.214437e-02  +1.539905e-03  -6.834707e-04  +3.136844e-01  -7.537888e-04  +2.240775e-03  -1.860099e-03  +6.014058e-04  -2.660853e-04  +9.836576e+00  +4.609000e-04  -8.023211e-04  +3.630051e+00  
+1.072115e-07  +2.674254e-08  -2.547178e-08  +1.533767e-06  +2.225061e-06  +4.531496e-07  +1.264074e-06  +4.913956e-07  -8.354503e-07  +4.915418e-06  +8.704736e-07  -5.944064e-08  +2.160099e-08  +3.676030e-05  -1.061714e-08  +8.730769e-09  -2.145756e-05  +2.876427e-08  +1.670631e-08  +4.609000e-04  +5.666286e-07  +5.421356e-08  +2.192067e-04  
+1.092971e-07  +3.717382e-08  +8.482763e-07  +4.694453e-07  +9.324353e-08  +1.620916e-07  -1.170525e-06  -6.807805e-06  +3.000688e-07  -2.073661e-07  -4.728549e-06  +6.308589e-08  -1.407090e-07  -7.105151e-05  -4.749887e-09  -2.309398e-07  -8.873298e-05  +1.076389e-07  -2.281196e-08  -8.023211e-04  +5.421356e-08  +9.335184e-07  -1.324468e-04  
+1.098673e-04  +1.019110e-04  -2.904652e-03  +1.846578e-02  +1.404654e-03  +3.501502e-03  -3.987113e-04  +8.787904e-03  -4.443921e-03  +3.275697e-02  +1.880036e-02  +8.428335e-04  -4.366328e-04  -2.244924e-01  -5.771059e-04  +8.171234e-04  -1.369900e-01  -2.613053e-05  -4.042250e-05  +3.630051e+00  +2.192067e-04  -1.324468e-04  +2.430334e+00  
