mean:
+4.018042e+00  +3.960568e+00  +8.521318e-01  +1.317801e+00  +1.227570e+00  +5.082855e-01  +8.098323e-01  +1.386001e+00  +1.742303e-01  +1.842406e+00  +5.958831e+00  +3.660272e+00  +2.856279e+00  +2.125331e+02  +4.309686e+00  +5.127685e+00  +2.928465e+02  +5.252552e+00  +3.797708e+00  +3.369200e+02  +2.880215e+00  +4.479688e+00  +4.032108e+02  
covariance:
+1.429832e-06  +1.367797e-07  -3.972158e-07  -2.187696e-06  +7.215185e-09  -8.706870e-07  +2.604814e-07  -2.747764e-06  +2.588027e-07  -1.030235e-06  +4.287438e-06  +1.036676e-08  -1.242101e-07  -5.555810e-04  -4.992448e-08  -6.108822e-08  -1.012209e-03  +4.955669e-08  +1.695724e-07  -9.261095e-04  -5.285234e-09  +9.662492e-08  -7.504710e-04  
+1.367797e-07  +1.811298e-06  -1.190249e-06  +8.052756e-07  -1.508198e-07  -9.244531e-07  -8.200873e-08  -2.504800e-06  +3.031125e-07  -1.286963e-06  +3.270124e-06  -6.801327e-08  +5.571998e-08  -5.270917e-04  +2.479605e-08  -8.847063e-08  -1.264607e-03  -3.367989e-08  +4.749646e-08  -6.101266e-04  +2.623212e-08  +3.378690e-08  -1.050037e-03  
-3.972158e-07  -1.190249e-06  +2.988960e-05  +2.376465e-05  +7.066059e-07  +1.076243e-05  -1.547695e-06  +1.016615e-05  -5.955034e-06  +3.436304e-05  +2.189939e-06  +1.738276e-06  -1.480955e-06  +8.859620e-03  -9.729644e-07  +1.834715e-06  +2.262598e-02  -5.996220e-07  -4.973872e-07  +1.125842e-02  -4.608191e-07  +2.539419e-08  +1.846067e-02  
-2.187696e-06  +8.052756e-07  +2.376465e-05  +2.409319e-04  +3.232585e-06  +2.680053e-05  -2.984989e-06  -1.411049e-05  -2.300133e-05  +1.311459e-04  +3.404084e-05  +3.869199e-06  +2.671630e-06  +2.656871e-02  -4.602679e-06  +5.058728e-06  +5.397418e-02  +7.396392e-07  -3.742398e-06  +4.472789e-02  +2.384916e-06  -5.955322e-07  +4.515202e-02  
+7.215185e-09  -1.508198e-07  +7.066059e-07  +3.232585e-06  +7.001680e-06  +4.518017e-06  -5.723532e-08  -2.565062e-06  +4.314011e-07  -1.005809e-07  -2.587225e-05  +9.572544e-08  +4.487872e-07  +2.033348e-03  +1.440522e-08  +6.533305e-08  +3.377290e-03  -2.967116e-07  -3.256375e-07  +3.048264e-03  +4.155967e-07  +1.190773e-07  +2.650657e-03  
-8.706870e-07  -9.244531e-07  +1.076243e-05  +2.680053e-05  +4.518017e-06  +2.405421e-05  -4.043701e-07  -5.514556e-07  -1.930754e-06  +1.661033e-05  -1.085110e-04  +1.103374e-06  +2.760825e-07  +1.239842e-02  +1.057050e-07  +1.890631e-06  +2.352972e-02  +1.098577e-06  -9.860371e-07  +1.737961e-02  +9.573523e-07  +4.163974e-08  +2.051201e-02  
+2.604814e-07  -8.200873e-08  -1.547695e-06  -2.984989e-06  -5.723532e-08  -4.043701e-07  +8.474288e-06  -5.733426e-06  -1.205039e-06  -1.429774e-06  -5.039624e-06  -4.316854e-07  -3.465737e-07  -5.749488e-04  -3.194028e-07  +2.078793e-07  -3.978040e-04  +3.706289e-08  +3.889051e-07  -2.011699e-04  +5.600950e-07  +4.476595e-08  -1.920915e-03  
-2.747764e-06  -2.504800e-06  +1.016615e-05  -1.411049e-05  -2.565062e-06  -5.514556e-07  -5.733426e-06  +2.387838e-04  +9.084909e-06  -4.961722e-05  -1.098074e-05  -1.249262e-06  +9.492316e-07  +2.905484e-03  +4.958556e-06  +3.208809e-06  +4.630923e-03  -3.393078e-08  -2.934055e-06  +3.307297e-03  -2.350525e-06  -1.738167e-06  -7.070265e-03  
+2.588027e-07  +3.031125e-07  -5.955034e-06  -2.300133e-05  +4.314011e-07  -1.930754e-06  -1.205039e-06  +9.084909e-06  +6.147743e-06  -3.147428e-05  -1.739993e-05  -4.936375e-07  +1.931044e-07  -3.121781e-03  +1.176792e-06  -5.292354e-07  -7.282827e-03  -1.722998e-07  +4.384376e-07  -4.494237e-03  -3.217801e-07  +3.675293e-07  -6.938948e-03  
-1.030235e-06  -1.286963e-06  +3.436304e-05  +1.311459e-04  -1.005809e-07  +1.661033e-05  -1.429774e-06  -4.961722e-05  -3.147428e-05  +1.828765e-04  +4.312541e-05  +3.311548e-06  -5.490877e-07  +2.032884e-02  -5.838218e-06  +3.050473e-06  +4.289141e-02  +1.132580e-06  -3.927688e-06  +2.808934e-02  +1.630109e-06  -2.250957e-06  +4.352361e-02  
+4.287438e-06  +3.270124e-06  +2.189939e-06  +3.404084e-05  -2.587225e-05  -1.085110e-04  -5.039624e-06  -1.098074e-05  -1.739993e-05  +4.312541e-05  +9.697795e-04  -2.679355e-06  -2.848119e-06  -4.335140e-02  -9.554507e-06  -5.404430e-06  -5.109795e-02  -4.172542e-06  +1.236232e-05  -5.631436e-02  -6.238138e-06  +5.424066e-07  -5.345089e-02  
+1.036676e-08  -6.801327e-08  +1.738276e-06  +3.869199e-06  +9.572544e-08  +1.103374e-06  -4.316854e-07  -1.249262e-06  -4.936375e-07  +3.311548e-06  -2.679355e-06  +8.081197e-07  -3.147531e-08  +1.104291e-03  -8.727261e-08  +6.718148e-08  +1.624837e-03  +5.432768e-08  -3.294255e-08  +1.146411e-03  +9.885187e-08  -2.141197e-08  +2.042605e-03  
-1.242101e-07  +5.571998e-08  -1.480955e-06  +2.671630e-06  +4.487872e-07  +2.760825e-07  -3.465737e-07  +9.492316e-07  +1.931044e-07  -5.490877e-07  -2.848119e-06  -3.147531e-08  +6.429520e-07  +1.909380e-04  -8.068392e-09  +3.518284e-08  -5.400588e-04  -8.625039e-08  -2.756093e-07  +3.791213e-04  +4.171502e-08  -2.542610e-08  -5.739797e-04  
-5.555810e-04  -5.270917e-04  +8.859620e-03  +2.656871e-02  +2.033348e-03  +1.239842e-02  -5.749488e-04  +2.905484e-03  -3.121781e-03  +2.032884e-02  -4.335140e-02  +1.104291e-03  +1.909380e-04  +8.393195e+00  -4.278302e-04  +1.386483e-03  +1.534678e+01  +5.449767e-04  -9.165453e-04  +1.124171e+01  +5.296415e-04  -8.586378e-06  +1.335049e+01  
-4.992448e-08  +2.479605e-08  -9.729644e-07  -4.602679e-06  +1.440522e-08  +1.057050e-07  -3.194028e-07  +4.958556e-06  +1.176792e-06  -5.838218e-06  -9.554507e-06  -8.727261e-08  -8.068392e-09  -4.278302e-04  +7.181747e-07  -2.190469e-07  -1.271303e-03  +8.948427e-08  -9.044108e-08  -4.491717e-04  +5.944088e-09  -2.972117e-09  -1.180437e-03  
-6.108822e-08  -8.847063e-08  +1.834715e-06  +5.058728e-06  +6.533305e-08  +1.890631e-06  +2.078793e-07  +3.208809e-06  -5.292354e-07  +3.050473e-06  -5.404430e-06  +6.718148e-08  +3.518284e-08  +1.386483e-03  -2.190469e-07  +7.882115e-07  +2.600786e-03  +7.291834e-08  -1.298783e-07  +1.831103e-03  -8.086819e-09  -8.946069e-08  +1.986063e-03  
-1.012209e-03  -1.264607e-03  +2.262598e-02  +5.397418e-02  +3.377290e-03  +2.352972e-02  -3.978040e-04  +4.630923e-03  -7.282827e-03  +4.289141e-02  -5.109795e-02  +1.624837e-03  -5.400588e-04  +1.534678e+01  -1.271303e-03  +2.600786e-03  +3.494809e+01  +8.740836e-04  -5.342189e-04  +2.167559e+01  +4.786710e-04  -6.630280e-05  +2.792535e+01  
+4.955669e-08  -3.367989e-08  -5.996220e-07  +7.396392e-07  -2.967116e-07  +1.098577e-06  +3.706289e-08  -3.393078e-08  -1.722998e-07  +1.132580e-06  -4.172542e-06  +5.432768e-08  -8.625039e-08  +5.449767e-04  +8.948427e-08  +7.291834e-08  +8.740836e-04  +7.958369e-07  +1.623367e-07  +5.491927e-04  +1.472540e-07  -1.697311e-07  +9.874683e-04  
+1.695724e-07  +4.749646e-08  -4.973872e-07  -3.742398e-06  -3.256375e-07  -9.860371e-07  +3.889051e-07  -2.934055e-06  +4.384376e-07  -3.927688e-06  +1.236232e-05  -3.294255e-08  -2.756093e-07  -9.165453e-04  -9.044108e-08  -1.298783e-07  -5.342189e-04  +1.623367e-07  +1.232034e-06  -1.418907e-03  -3.181187e-08  -4.974292e-08  -4.201265e-04  
-9.261095e-04  -6.101266e-04  +1.125842e-02  +4.472789e-02  +3.048264e-03  +1.737961e-02  -2.011699e-04  +3.307297e-03  -4.494237e-03  +2.808934e-02  -5.631436e-02  +1.146411e-03  +3.791213e-04  +1.124171e+01  -4.491717e-04  +1.831103e-03  +2.167559e+01  +5.491927e-04  -1.418907e-03  +1.725521e+01  +9.584388e-04  +2.494977e-04  +1.820360e+01  
-5.285234e-09  +2.623212e-08  -4.608191e-07  +2.384916e-06  +4.155967e-07  +9.573523e-07  +5.600950e-07  -2.350525e-06  -3.217801e-07  +1.630109e-06  -6.238138e-06  +9.885187e-08  +4.171502e-08  +5.296415e-04  +5.944088e-09  -8.086819e-09  +4.786710e-04  +1.472540e-07  -3.181187e-08  +9.584388e-04  +5.475142e-07  -5.836940e-09  +7.586444e-04  
+9.662492e-08  +3.378690e-08  +2.539419e-08  -5.955322e-07  +1.190773e-07  +4.163974e-08  +4.476595e-08  -1.738167e-06  +3.675293e-07  -2.250957e-06  +5.424066e-07  -2.141197e-08  -2.542610e-08  -8.586378e-06  -2.972117e-09  -8.946069e-08  -6.630280e-05  -1.697311e-07  -4.974292e-08  +2.494977e-04  -5.836940e-09  +7.594257e-07  -2.475048e-05  
-7.504710e-04  -1.050037e-03  +1.846067e-02  +4.515202e-02  +2.650657e-03  +2.051201e-02  -1.920915e-03  -7.070265e-03  -6.938948e-03  +4.352361e-02  -5.345089e-02  +2.042605e-03  -5.739797e-04  +1.335049e+01  -1.180437e-03  +1.986063e-03  +2.792535e+01  +9.874683e-04  -4.201265e-04  +1.820360e+01  +7.586444e-04  -2.475048e-05  +2.723866e+01  
