mean:
+3.945335e+00  +3.932622e+00  +8.380635e-01  +1.316336e+00  +1.426417e+00  +5.020868e-01  +8.024360e-01  +1.391836e+00  +1.762826e-01  +1.833964e+00  +5.919450e+00  +3.548583e+00  +2.644139e+00  +2.006293e+02  +4.277332e+00  +5.294856e+00  +2.802644e+02  +5.394978e+00  +3.766103e+00  +3.306878e+02  +2.639563e+00  +4.560014e+00  +3.934687e+02  
covariance:
+1.312835e-06  -1.403973e-06  -1.912625e-07  +2.767014e-06  -3.202233e-06  -1.319709e-06  -2.349876e-06  -1.095558e-05  +3.936687e-06  -2.666944e-05  +1.746013e-05  +2.437798e-07  +7.933969e-06  -9.512514e-04  +1.160513e-05  -5.756597e-07  -2.298052e-03  +4.608579e-06  +7.077866e-06  -1.308318e-05  -4.374235e-08  +3.328734e-07  -1.504506e-03  
-1.403973e-06  +1.453958e-05  +1.242671e-05  +3.371670e-05  +2.516213e-05  +4.864613e-06  +6.714633e-07  +5.589454e-05  -1.143867e-05  +1.105397e-04  -7.089690e-05  +1.657479e-07  -3.929712e-05  -1.428101e-04  -6.643748e-05  +8.219340e-07  +7.024826e-03  -2.159677e-05  -4.215765e-05  +6.748145e-03  -1.389437e-07  -4.792207e-07  +4.971255e-03  
-1.912625e-07  +1.242671e-05  +3.310325e-05  +9.516882e-05  +2.123784e-05  +2.473763e-06  -2.701171e-05  +2.298405e-05  +1.483082e-06  +3.586972e-05  -2.790334e-05  +2.396624e-06  -2.191115e-05  -6.554157e-03  -4.718761e-05  -2.030816e-07  -3.288797e-03  -1.210194e-05  -2.965914e-05  +1.069587e-02  -4.205160e-07  -5.633690e-08  -3.958996e-03  
+2.767014e-06  +3.371670e-05  +9.516882e-05  +4.339372e-04  +4.265387e-05  -2.164325e-06  -8.607653e-05  -2.463571e-05  +3.247596e-05  -1.080787e-04  +1.847296e-05  +9.605388e-06  -5.067456e-06  -2.662906e-02  -6.174713e-05  -4.018121e-06  -3.612192e-02  +3.601320e-06  -4.020623e-05  +3.520866e-02  -2.257042e-06  +2.852836e-06  -2.324551e-02  
-3.202233e-06  +2.516213e-05  +2.123784e-05  +4.265387e-05  +6.344241e-05  +1.384818e-05  +6.267778e-06  +1.401693e-04  -3.282437e-05  +2.961735e-04  -1.834648e-04  -2.287383e-07  -9.749178e-05  +2.723983e-03  -1.579131e-04  +3.565615e-06  +2.204967e-02  -5.585425e-05  -9.926831e-05  +1.082952e-02  +1.022050e-06  -1.987375e-06  +1.439196e-02  
-1.319709e-06  +4.864613e-06  +2.473763e-06  -2.164325e-06  +1.384818e-05  +4.907857e-06  +4.056143e-06  +3.592714e-05  -1.044585e-05  +8.580254e-05  -5.309586e-05  -2.274174e-07  -2.728645e-05  +1.963808e-03  -4.115337e-05  +1.307128e-06  +7.179697e-03  -1.579340e-05  -2.503768e-05  +9.018219e-04  +4.762613e-07  -5.490030e-07  +4.444706e-03  
-2.349876e-06  +6.714633e-07  -2.701171e-05  -8.607653e-05  +6.267778e-06  +4.056143e-06  +6.288765e-05  +6.056669e-05  -2.538964e-05  +1.394483e-04  -9.527197e-05  -5.191762e-06  -2.940676e-05  +1.281249e-02  -3.224482e-05  +5.008068e-06  +1.627676e-02  -1.367398e-05  -2.287352e-05  -7.272333e-03  -1.099201e-06  -3.159972e-06  +1.545839e-02  
-1.095558e-05  +5.589454e-05  +2.298405e-05  -2.463571e-05  +1.401693e-04  +3.592714e-05  +6.056669e-05  +6.000067e-04  -1.077260e-04  +8.735274e-04  -4.190088e-04  -2.590089e-06  -2.802702e-04  +1.830736e-02  -4.142925e-04  +1.386374e-05  +8.439475e-02  -1.603797e-04  -2.625473e-04  +1.963839e-02  -1.545802e-06  -1.493452e-05  +4.678364e-02  
+3.936687e-06  -1.143867e-05  +1.483082e-06  +3.247596e-05  -3.282437e-05  -1.044585e-05  -2.538964e-05  -1.077260e-04  +3.204434e-05  -2.360754e-04  +1.375584e-04  +2.241558e-06  +6.883531e-05  -7.607413e-03  +1.008970e-04  -4.447219e-06  -2.180934e-02  +3.956752e-05  +6.333295e-05  -5.049654e-04  -5.022730e-07  +2.811886e-06  -1.471009e-02  
-2.666944e-05  +1.105397e-04  +3.586972e-05  -1.080787e-04  +2.961735e-04  +8.580254e-05  +1.394483e-04  +8.735274e-04  -2.360754e-04  +1.899878e-03  -1.128484e-03  -1.333128e-05  -5.749996e-04  +4.702634e-02  -8.679069e-04  +3.288931e-05  +1.650952e-01  -3.314398e-04  -5.438575e-04  +2.113456e-02  +6.156000e-06  -1.982953e-05  +1.082381e-01  
+1.746013e-05  -7.089690e-05  -2.790334e-05  +1.847296e-05  -1.834648e-04  -5.309586e-05  -9.527197e-05  -4.190088e-04  +1.375584e-04  -1.128484e-03  +8.758226e-04  +1.218776e-05  +3.433305e-04  -3.207230e-02  +5.330378e-04  -2.334514e-05  -8.309142e-02  +1.934086e-04  +3.344009e-04  -1.748231e-02  -4.781133e-06  +9.806030e-06  -6.467759e-02  
+2.437798e-07  +1.657479e-07  +2.396624e-06  +9.605388e-06  -2.287383e-07  -2.274174e-07  -5.191762e-06  -2.590089e-06  +2.241558e-06  -1.333128e-05  +1.218776e-05  +1.125660e-06  +1.993268e-06  -1.069696e-03  +1.996675e-06  -6.585788e-07  -1.222177e-03  +8.407065e-07  +1.530400e-06  +8.551786e-04  -1.552142e-07  +3.470690e-07  -1.340664e-03  
+7.933969e-06  -3.929712e-05  -2.191115e-05  -5.067456e-06  -9.749178e-05  -2.728645e-05  -2.940676e-05  -2.802702e-04  +6.883531e-05  -5.749996e-04  +3.433305e-04  +1.993268e-06  +1.871858e-04  -1.047334e-02  +2.853226e-04  -8.155127e-06  -4.876530e-02  +1.069393e-04  +1.777821e-04  -1.290177e-02  -8.483666e-07  +5.181169e-06  -3.035290e-02  
-9.512514e-04  -1.428101e-04  -6.554157e-03  -2.662906e-02  +2.723983e-03  +1.963808e-03  +1.281249e-02  +1.830736e-02  -7.607413e-03  +4.702634e-02  -3.207230e-02  -1.069696e-03  -1.047334e-02  +4.160334e+00  -1.274485e-02  +1.509158e-03  +5.224208e+00  -6.067337e-03  -7.968420e-03  -2.343463e+00  +2.254172e-04  -6.960767e-04  +4.312222e+00  
+1.160513e-05  -6.643748e-05  -4.718761e-05  -6.174713e-05  -1.579131e-04  -4.115337e-05  -3.224482e-05  -4.142925e-04  +1.008970e-04  -8.679069e-04  +5.330378e-04  +1.996675e-06  +2.853226e-04  -1.274485e-02  +4.482758e-04  -1.148858e-05  -6.882210e-02  +1.629406e-04  +2.799699e-04  -2.589073e-02  -1.657679e-06  +6.677357e-06  -4.408956e-02  
-5.756597e-07  +8.219340e-07  -2.030816e-07  -4.018121e-06  +3.565615e-06  +1.307128e-06  +5.008068e-06  +1.386374e-05  -4.447219e-06  +3.288931e-05  -2.334514e-05  -6.585788e-07  -8.155127e-06  +1.509158e-03  -1.148858e-05  +1.623041e-06  +2.578484e-03  -4.460229e-06  -7.555191e-06  -4.978164e-04  +1.338470e-07  -8.383185e-07  +1.957345e-03  
-2.298052e-03  +7.024826e-03  -3.288797e-03  -3.612192e-02  +2.204967e-02  +7.179697e-03  +1.627676e-02  +8.439475e-02  -2.180934e-02  +1.650952e-01  -8.309142e-02  -1.222177e-03  -4.876530e-02  +5.224208e+00  -6.882210e-02  +2.578484e-03  +1.771082e+01  -2.890360e-02  -4.283759e-02  -4.995797e-01  +3.442842e-04  -2.012947e-03  +1.048512e+01  
+4.608579e-06  -2.159677e-05  -1.210194e-05  +3.601320e-06  -5.585425e-05  -1.579340e-05  -1.367398e-05  -1.603797e-04  +3.956752e-05  -3.314398e-04  +1.934086e-04  +8.407065e-07  +1.069393e-04  -6.067337e-03  +1.629406e-04  -4.460229e-06  -2.890360e-02  +6.263938e-05  +1.010483e-04  -6.771373e-03  -8.348353e-07  +3.056639e-06  -1.718922e-02  
+7.077866e-06  -4.215765e-05  -2.965914e-05  -4.020623e-05  -9.926831e-05  -2.503768e-05  -2.287352e-05  -2.625473e-04  +6.333295e-05  -5.438575e-04  +3.344009e-04  +1.530400e-06  +1.777821e-04  -7.968420e-03  +2.799699e-04  -7.555191e-06  -4.283759e-02  +1.010483e-04  +1.761564e-04  -1.653607e-02  -8.525073e-07  +4.469171e-06  -2.807693e-02  
-1.308318e-05  +6.748145e-03  +1.069587e-02  +3.520866e-02  +1.082952e-02  +9.018219e-04  -7.272333e-03  +1.963839e-02  -5.049654e-04  +2.113456e-02  -1.748231e-02  +8.551786e-04  -1.290177e-02  -2.343463e+00  -2.589073e-02  -4.978164e-04  -4.995797e-01  -6.771373e-03  -1.653607e-02  +6.693537e+00  -5.705152e-04  +1.384434e-04  -6.293623e-01  
-4.374235e-08  -1.389437e-07  -4.205160e-07  -2.257042e-06  +1.022050e-06  +4.762613e-07  -1.099201e-06  -1.545802e-06  -5.022730e-07  +6.156000e-06  -4.781133e-06  -1.552142e-07  -8.483666e-07  +2.254172e-04  -1.657679e-06  +1.338470e-07  +3.442842e-04  -8.348353e-07  -8.525073e-07  -5.705152e-04  +1.046151e-06  +1.709985e-07  +1.801324e-04  
+3.328734e-07  -4.792207e-07  -5.633690e-08  +2.852836e-06  -1.987375e-06  -5.490030e-07  -3.159972e-06  -1.493452e-05  +2.811886e-06  -1.982953e-05  +9.806030e-06  +3.470690e-07  +5.181169e-06  -6.960767e-04  +6.677357e-06  -8.383185e-07  -2.012947e-03  +3.056639e-06  +4.469171e-06  +1.384434e-04  +1.709985e-07  +1.282920e-06  -8.283007e-04  
-1.504506e-03  +4.971255e-03  -3.958996e-03  -2.324551e-02  +1.439196e-02  +4.444706e-03  +1.545839e-02  +4.678364e-02  -1.471009e-02  +1.082381e-01  -6.467759e-02  -1.340664e-03  -3.035290e-02  +4.312222e+00  -4.408956e-02  +1.957345e-03  +1.048512e+01  -1.718922e-02  -2.807693e-02  -6.293623e-01  +1.801324e-04  -8.283007e-04  +8.302220e+00  
