mean:
+3.940609e+00  +3.954142e+00  +8.366117e-01  +1.210231e+00  +1.446080e+00  +6.041182e-01  +7.963759e-01  +1.376381e+00  +1.733251e-01  +1.836028e+00  +5.997887e+00  +3.505570e+00  +2.647979e+00  +1.980219e+02  +4.307716e+00  +5.312676e+00  +2.722713e+02  +5.368207e+00  +3.819275e+00  +3.170784e+02  +2.639925e+00  +4.559847e+00  +3.911829e+02  
covariance:
+2.134744e-06  +9.693386e-09  +1.938651e-06  -2.468585e-06  +1.128065e-05  +8.015211e-07  -3.196613e-07  +6.424353e-07  +7.822076e-08  +6.667523e-06  -3.184783e-06  +2.146202e-06  +4.814848e-06  -1.891361e-04  +1.239485e-06  +5.034859e-06  -6.518921e-04  +4.753491e-07  +7.567434e-06  -4.434942e-04  -2.556684e-07  +1.255616e-07  -3.198050e-04  
+9.693386e-09  +1.720896e-06  +4.343702e-07  -6.275804e-07  +2.848100e-06  +1.596279e-07  -6.769206e-07  -3.087110e-07  +1.424438e-07  +2.059567e-06  +2.986288e-07  +6.037690e-07  +1.411512e-06  -9.698387e-05  +3.525555e-07  +1.375857e-06  -2.871334e-04  +3.067414e-08  +2.083870e-06  -1.781446e-04  -8.659211e-08  +3.158085e-08  +1.207570e-05  
+1.938651e-06  +4.343702e-07  +6.725282e-05  +1.068408e-05  +1.343360e-04  +2.019034e-05  +5.342785e-05  +9.327992e-05  -1.379431e-05  +7.795005e-05  -8.356552e-05  +2.094413e-05  +4.112789e-05  +1.000958e-03  +5.761890e-06  +5.274054e-05  +5.011171e-03  -1.192622e-07  +6.762622e-05  +1.287456e-02  -3.629479e-07  +1.159288e-06  +7.966870e-03  
-2.468585e-06  -6.275804e-07  +1.068408e-05  +2.838503e-04  -8.463127e-05  +1.014618e-05  +4.795024e-05  -3.681027e-05  +4.688315e-07  -4.962129e-05  -8.883881e-05  -6.387918e-06  -1.470285e-05  +3.832835e-03  -9.345165e-07  -8.819542e-06  -4.849129e-03  +2.481803e-06  -2.413293e-05  +2.127310e-02  -1.426170e-07  -4.199057e-08  +1.384462e-02  
+1.128065e-05  +2.848100e-06  +1.343360e-04  -8.463127e-05  +4.919728e-04  +5.589734e-05  +9.132468e-05  +2.164723e-04  -3.679458e-05  +2.782952e-04  -2.050867e-04  +7.327201e-05  +1.482886e-04  -3.201996e-03  +1.954787e-05  +1.735114e-04  +1.130841e-02  -2.746978e-06  +2.367263e-04  +2.067544e-03  -1.130993e-06  +3.824621e-08  +8.490878e-03  
+8.015211e-07  +1.596279e-07  +2.019034e-05  +1.014618e-05  +5.589734e-05  +1.121487e-05  +1.676567e-05  +2.602136e-05  -5.548088e-06  +3.910337e-05  -5.199533e-05  +1.068833e-05  +1.989394e-05  +7.527331e-05  +2.172999e-06  +2.502081e-05  +2.383019e-03  -1.107582e-07  +3.145680e-05  +1.376195e-03  +5.510150e-07  -2.693207e-07  +2.273645e-03  
-3.196613e-07  -6.769206e-07  +5.342785e-05  +4.795024e-05  +9.132468e-05  +1.676567e-05  +6.460239e-05  +9.426106e-05  -1.295669e-05  +4.301614e-05  -4.846474e-05  +1.162314e-05  +2.144058e-05  +1.501877e-03  +9.751140e-07  +3.039279e-05  +5.688282e-03  -6.654488e-07  +3.670789e-05  +1.651199e-02  -2.828607e-07  +2.157348e-06  +1.222604e-02  
+6.424353e-07  -3.087110e-07  +9.327992e-05  -3.681027e-05  +2.164723e-04  +2.602136e-05  +9.426106e-05  +3.317555e-04  -2.479785e-05  +1.071146e-04  -3.009133e-05  +2.643824e-05  +5.304935e-05  +8.083639e-04  +2.216973e-06  +6.648390e-05  +1.109639e-02  -5.315871e-06  +8.640859e-05  +2.443956e-02  -6.477216e-06  +2.589244e-06  +2.053297e-02  
+7.822076e-08  +1.424438e-07  -1.379431e-05  +4.688315e-07  -3.679458e-05  -5.548088e-06  -1.295669e-05  -2.479785e-05  +5.189786e-06  -2.548663e-05  +1.431732e-05  -5.516774e-06  -1.050104e-05  -2.060280e-04  -7.953644e-07  -1.330082e-05  -1.676566e-03  +3.123867e-07  -1.720006e-05  -1.706572e-03  -3.913057e-08  -1.714829e-07  -2.258595e-03  
+6.667523e-06  +2.059567e-06  +7.795005e-05  -4.962129e-05  +2.782952e-04  +3.910337e-05  +4.301614e-05  +1.071146e-04  -2.548663e-05  +2.129033e-04  -1.591254e-04  +4.916582e-05  +9.647646e-05  -4.033540e-04  +1.279888e-05  +1.153516e-04  +6.464272e-03  -3.464690e-07  +1.533270e-04  -4.921886e-03  +2.147897e-07  -2.241800e-06  +3.078542e-03  
-3.184783e-06  +2.986288e-07  -8.356552e-05  -8.883881e-05  -2.050867e-04  -5.199533e-05  -4.846474e-05  -3.009133e-05  +1.431732e-05  -1.591254e-04  +4.538439e-04  -5.021652e-05  -9.571737e-05  -2.472136e-03  -1.600784e-05  -1.230510e-04  -6.779282e-03  +3.616375e-07  -1.452632e-04  -4.483914e-03  -2.570014e-06  +8.119312e-06  +3.794816e-03  
+2.146202e-06  +6.037690e-07  +2.094413e-05  -6.387918e-06  +7.327201e-05  +1.068833e-05  +1.162314e-05  +2.643824e-05  -5.516774e-06  +4.916582e-05  -5.021652e-05  +1.425814e-05  +2.652005e-05  -5.029739e-04  +3.768153e-06  +3.130559e-05  +9.913275e-04  -5.269986e-08  +4.206471e-05  -7.365546e-04  -5.477804e-08  -4.830359e-07  +9.437558e-04  
+4.814848e-06  +1.411512e-06  +4.112789e-05  -1.470285e-05  +1.482886e-04  +1.989394e-05  +2.144058e-05  +5.304935e-05  -1.050104e-05  +9.647646e-05  -9.571737e-05  +2.652005e-05  +5.525499e-05  -1.205978e-03  +8.797780e-06  +6.360927e-05  +1.546817e-03  +3.113364e-07  +8.568717e-05  -9.795312e-04  -8.343282e-07  -1.067183e-06  +5.568096e-04  
-1.891361e-04  -9.698387e-05  +1.000958e-03  +3.832835e-03  -3.201996e-03  +7.527331e-05  +1.501877e-03  +8.083639e-04  -2.060280e-04  -4.033540e-04  -2.472136e-03  -5.029739e-04  -1.205978e-03  +1.075276e+00  -2.554250e-04  -8.162747e-04  +8.737026e-02  +6.308457e-06  -1.772131e-03  +9.024211e-01  +5.892486e-05  +5.367133e-06  +3.140923e-01  
+1.239485e-06  +3.525555e-07  +5.761890e-06  -9.345165e-07  +1.954787e-05  +2.172999e-06  +9.751140e-07  +2.216973e-06  -7.953644e-07  +1.279888e-05  -1.600784e-05  +3.768153e-06  +8.797780e-06  -2.554250e-04  +2.517371e-06  +9.849737e-06  -6.403764e-04  +5.471532e-07  +1.372567e-05  -1.036698e-04  -4.065309e-07  -4.239725e-08  -6.460114e-04  
+5.034859e-06  +1.375857e-06  +5.274054e-05  -8.819542e-06  +1.735114e-04  +2.502081e-05  +3.039279e-05  +6.648390e-05  -1.330082e-05  +1.153516e-04  -1.230510e-04  +3.130559e-05  +6.360927e-05  -8.162747e-04  +9.849737e-06  +7.552514e-05  +2.797748e-03  +3.110711e-07  +9.970759e-05  +4.653015e-04  -6.165232e-07  -1.252000e-06  +1.717172e-03  
-6.518921e-04  -2.871334e-04  +5.011171e-03  -4.849129e-03  +1.130841e-02  +2.383019e-03  +5.688282e-03  +1.109639e-02  -1.676566e-03  +6.464272e-03  -6.779282e-03  +9.913275e-04  +1.546817e-03  +8.737026e-02  -6.403764e-04  +2.797748e-03  +2.533438e+00  -5.085942e-04  +2.687352e-03  +2.430548e-01  +6.357680e-04  +9.496948e-05  +5.395165e-01  
+4.753491e-07  +3.067414e-08  -1.192622e-07  +2.481803e-06  -2.746978e-06  -1.107582e-07  -6.654488e-07  -5.315871e-06  +3.123867e-07  -3.464690e-07  +3.616375e-07  -5.269986e-08  +3.113364e-07  +6.308457e-06  +5.471532e-07  +3.110711e-07  -5.085942e-04  +9.985744e-07  +5.669407e-07  +6.714552e-05  -6.563479e-08  +2.538889e-07  -1.814107e-04  
+7.567434e-06  +2.083870e-06  +6.762622e-05  -2.413293e-05  +2.367263e-04  +3.145680e-05  +3.670789e-05  +8.640859e-05  -1.720006e-05  +1.533270e-04  -1.452632e-04  +4.206471e-05  +8.568717e-05  -1.772131e-03  +1.372567e-05  +9.970759e-05  +2.687352e-03  +5.669407e-07  +1.352784e-04  -8.337552e-04  -1.135108e-06  -1.132272e-06  +1.856079e-03  
-4.434942e-04  -1.781446e-04  +1.287456e-02  +2.127310e-02  +2.067544e-03  +1.376195e-03  +1.651199e-02  +2.443956e-02  -1.706572e-03  -4.921886e-03  -4.483914e-03  -7.365546e-04  -9.795312e-04  +9.024211e-01  -1.036698e-04  +4.653015e-04  +2.430548e-01  +6.714552e-05  -8.337552e-04  +7.897392e+00  -6.113271e-04  +8.551885e-04  +3.747759e+00  
-2.556684e-07  -8.659211e-08  -3.629479e-07  -1.426170e-07  -1.130993e-06  +5.510150e-07  -2.828607e-07  -6.477216e-06  -3.913057e-08  +2.147897e-07  -2.570014e-06  -5.477804e-08  -8.343282e-07  +5.892486e-05  -4.065309e-07  -6.165232e-07  +6.357680e-04  -6.563479e-08  -1.135108e-06  -6.113271e-04  +9.479077e-07  +2.453805e-08  -2.782321e-04  
+1.255616e-07  +3.158085e-08  +1.159288e-06  -4.199057e-08  +3.824621e-08  -2.693207e-07  +2.157348e-06  +2.589244e-06  -1.714829e-07  -2.241800e-06  +8.119312e-06  -4.830359e-07  -1.067183e-06  +5.367133e-06  -4.239725e-08  -1.252000e-06  +9.496948e-05  +2.538889e-07  -1.132272e-06  +8.551885e-04  +2.453805e-08  +9.140394e-07  +8.126324e-04  
-3.198050e-04  +1.207570e-05  +7.966870e-03  +1.384462e-02  +8.490878e-03  +2.273645e-03  +1.222604e-02  +2.053297e-02  -2.258595e-03  +3.078542e-03  +3.794816e-03  +9.437558e-04  +5.568096e-04  +3.140923e-01  -6.460114e-04  +1.717172e-03  +5.395165e-01  -1.814107e-04  +1.856079e-03  +3.747759e+00  -2.782321e-04  +8.126324e-04  +3.987971e+00  
