mean:
+3.958869e+00  +3.926292e+00  +6.329262e-01  -1.180425e+00  +1.665254e+00  +4.974670e-01  +9.210004e-01  +2.063026e+00  +1.460323e-01  +2.007489e+00  +4.865203e+00  +1.635584e+00  +2.883127e+00  +8.060391e+02  +4.799918e+00  +4.400358e+00  +2.014003e+03  
covariance:
+5.497724e-06  -4.703740e-07  -1.061994e-06  -6.478586e-06  -2.916746e-06  +2.163169e-07  +2.296502e-06  -6.870735e-06  +1.241055e-07  +7.770647e-07  -4.272592e-06  -3.463891e-08  -6.073836e-08  +1.373987e-03  -6.751684e-08  -5.813392e-09  -1.283906e-03  
-4.703740e-07  +5.924550e-06  -5.668431e-07  -1.129592e-05  +7.767924e-06  +2.254889e-07  +2.347631e-06  +5.411141e-07  -2.491316e-07  +2.976344e-06  -8.476445e-06  +2.516874e-07  -2.409979e-07  -5.067130e-04  +1.599821e-08  -9.825717e-08  -1.620361e-03  
-1.061994e-06  -5.668431e-07  +1.305623e-04  +2.708079e-04  -1.824716e-04  +2.456488e-05  +2.485158e-05  +1.393757e-04  +5.171877e-06  -1.788351e-04  +5.900183e-04  -1.126114e-06  +9.544190e-07  +8.727448e-03  +3.936689e-07  +1.793272e-06  -2.992729e-02  
-6.478586e-06  -1.129592e-05  +2.708079e-04  +2.057686e-03  -2.107405e-04  +5.452438e-05  +1.317775e-04  -2.325247e-04  -2.382281e-05  -2.245055e-04  +1.637928e-03  -4.676219e-07  +2.722007e-06  +4.767345e-02  +1.885941e-06  +4.763334e-06  +9.166614e-02  
-2.916746e-06  +7.767924e-06  -1.824716e-04  -2.107405e-04  +8.849695e-04  -5.303391e-05  +1.050158e-04  -2.496397e-04  -4.126668e-05  +4.831941e-04  -1.190453e-03  +7.802051e-06  -1.517438e-06  -9.927364e-03  +5.445332e-07  -5.286623e-06  +1.048726e-01  
+2.163169e-07  +2.254889e-07  +2.456488e-05  +5.452438e-05  -5.303391e-05  +1.410084e-05  +1.888336e-06  +2.011088e-05  +2.433965e-06  -4.899217e-05  +1.630418e-04  -8.063192e-08  -3.277786e-07  +1.014109e-03  -2.335331e-07  +1.910131e-07  -1.700215e-02  
+2.296502e-06  +2.347631e-06  +2.485158e-05  +1.317775e-04  +1.050158e-04  +1.888336e-06  +9.154161e-05  -9.494488e-06  -1.439762e-05  +2.777988e-05  +8.605531e-05  +1.454883e-06  +2.803567e-07  +8.348860e-03  +2.586922e-07  -1.621083e-07  +7.740917e-04  
-6.870735e-06  +5.411141e-07  +1.393757e-04  -2.325247e-04  -2.496397e-04  +2.011088e-05  -9.494488e-06  +1.181009e-03  +3.763403e-05  -5.503755e-04  +1.103722e-03  -9.651759e-07  +2.861789e-06  -1.372849e-02  -5.378257e-07  +1.963057e-06  -1.337242e-01  
+1.241055e-07  -2.491316e-07  +5.171877e-06  -2.382281e-05  -4.126668e-05  +2.433965e-06  -1.439762e-05  +3.763403e-05  +6.140625e-06  -4.602100e-05  +6.204076e-05  -4.301042e-07  -7.869397e-08  +1.226234e-03  -1.432187e-07  +1.652073e-07  -9.627397e-03  
+7.770647e-07  +2.976344e-06  -1.788351e-04  -2.245055e-04  +4.831941e-04  -4.899217e-05  +2.777988e-05  -5.503755e-04  -4.602100e-05  +6.746740e-04  -1.533208e-03  +2.786235e-06  -7.682302e-07  -3.249213e-02  +1.651028e-06  -3.221294e-06  +1.280659e-01  
-4.272592e-06  -8.476445e-06  +5.900183e-04  +1.637928e-03  -1.190453e-03  +1.630418e-04  +8.605531e-05  +1.103722e-03  +6.204076e-05  -1.533208e-03  +4.924689e-03  -1.678744e-06  +7.976528e-07  +7.538753e-02  -2.031593e-06  +9.926063e-06  -2.731452e-01  
-3.463891e-08  +2.516874e-07  -1.126114e-06  -4.676219e-07  +7.802051e-06  -8.063192e-08  +1.454883e-06  -9.651759e-07  -4.301042e-07  +2.786235e-06  -1.678744e-06  +6.421604e-07  +1.941389e-08  +4.582655e-05  +4.120610e-09  -7.780171e-08  +6.219302e-04  
-6.073836e-08  -2.409979e-07  +9.544190e-07  +2.722007e-06  -1.517438e-06  -3.277786e-07  +2.803567e-07  +2.861789e-06  -7.869397e-08  -7.682302e-07  +7.976528e-07  +1.941389e-08  +7.062951e-07  -2.275208e-04  -7.332132e-09  +8.070423e-08  +9.716694e-04  
+1.373987e-03  -5.067130e-04  +8.727448e-03  +4.767345e-02  -9.927364e-03  +1.014109e-03  +8.348860e-03  -1.372849e-02  +1.226234e-03  -3.249213e-02  +7.538753e-02  +4.582655e-05  -2.275208e-04  +1.133878e+01  -1.665531e-04  +3.941622e-05  -2.164633e+00  
-6.751684e-08  +1.599821e-08  +3.936689e-07  +1.885941e-06  +5.445332e-07  -2.335331e-07  +2.586922e-07  -5.378257e-07  -1.432187e-07  +1.651028e-06  -2.031593e-06  +4.120610e-09  -7.332132e-09  -1.665531e-04  +2.938889e-07  +1.622632e-08  +2.582820e-04  
-5.813392e-09  -9.825717e-08  +1.793272e-06  +4.763334e-06  -5.286623e-06  +1.910131e-07  -1.621083e-07  +1.963057e-06  +1.652073e-07  -3.221294e-06  +9.926063e-06  -7.780171e-08  +8.070423e-08  +3.941622e-05  +1.622632e-08  +3.147835e-07  -2.701563e-04  
-1.283906e-03  -1.620361e-03  -2.992729e-02  +9.166614e-02  +1.048726e-01  -1.700215e-02  +7.740917e-04  -1.337242e-01  -9.627397e-03  +1.280659e-01  -2.731452e-01  +6.219302e-04  +9.716694e-04  -2.164633e+00  +2.582820e-04  -2.701563e-04  +6.425043e+01  
