mean:
+3.979060e+00  +4.009595e+00  +8.563654e-01  +1.331695e+00  +1.242374e+00  +6.038203e-01  +8.059575e-01  +1.387317e+00  +1.678658e-01  +1.863855e+00  +5.914474e+00  +3.595135e+00  +2.901376e+00  +2.052277e+02  +4.310604e+00  +5.178445e+00  +2.836185e+02  +5.217729e+00  +3.910426e+00  +3.314049e+02  +2.879421e+00  +4.559290e+00  +3.945242e+02  
covariance:
+1.193618e-06  +6.224489e-07  +1.105765e-06  +1.050295e-05  -3.069994e-07  +1.066553e-06  -2.647143e-06  +1.440147e-06  -2.113450e-06  +1.627628e-05  -1.821488e-05  +2.468771e-07  +1.305924e-07  +5.173781e-04  -4.594745e-08  +2.652845e-07  +1.418628e-03  -1.415876e-07  -1.291138e-07  +1.763142e-03  -6.676104e-08  +5.771686e-08  +1.432469e-03  
+6.224489e-07  +2.806803e-06  -2.599425e-07  -8.498677e-08  -2.286965e-07  -1.708837e-07  +3.620367e-07  -4.733580e-07  +1.480650e-07  -8.005023e-07  +4.241478e-06  +1.199837e-07  +1.361648e-07  -1.042772e-05  +5.794012e-08  -5.393263e-08  -1.522144e-04  +4.531933e-08  -5.622658e-08  -1.557214e-04  -1.556000e-08  -1.731149e-08  -2.224736e-04  
+1.105765e-06  -2.599425e-07  +4.569717e-05  +2.461201e-05  -7.157672e-06  -1.229989e-06  -6.253507e-06  -9.656930e-06  -7.022582e-06  +4.816006e-05  +3.164714e-05  -1.591447e-06  +1.065147e-06  -6.569250e-03  +8.278520e-07  -1.010698e-06  +1.052572e-02  -9.080807e-07  -5.548649e-07  +2.789617e-03  +1.367844e-07  -4.568329e-07  -1.269837e-03  
+1.050295e-05  -8.498677e-08  +2.461201e-05  +4.096237e-04  -4.765793e-06  +1.703019e-05  -4.731734e-05  +8.303952e-05  -5.347626e-05  +4.021985e-04  -2.680929e-04  -4.654832e-07  -3.207039e-06  -3.839999e-03  -4.715797e-06  +7.177002e-06  +4.632956e-02  -1.308114e-06  +1.528892e-06  +4.516608e-02  -2.163163e-06  +3.006223e-07  +3.388491e-02  
-3.069994e-07  -2.286965e-07  -7.157672e-06  -4.765793e-06  +9.780964e-06  +4.462811e-07  +1.742257e-06  +8.562531e-07  +1.386383e-06  -9.363140e-06  -1.662657e-06  +3.168432e-07  +1.562552e-07  +1.368083e-03  -6.844479e-07  -4.234810e-07  -1.668741e-03  -4.429259e-08  +5.191616e-07  -7.314464e-04  +4.666538e-07  +1.107396e-07  -2.445212e-04  
+1.066553e-06  -1.708837e-07  -1.229989e-06  +1.703019e-05  +4.462811e-07  +4.105312e-06  -4.358895e-06  -1.640844e-06  -3.614897e-06  +3.043085e-05  -5.172477e-05  +6.210838e-07  +2.935155e-07  +2.749028e-03  -9.268191e-08  +8.890442e-07  +1.853215e-03  -5.860604e-08  -3.201265e-07  +3.962448e-03  +6.136495e-08  +2.202739e-07  +3.275380e-03  
-2.647143e-06  +3.620367e-07  -6.253507e-06  -4.731734e-05  +1.742257e-06  -4.358895e-06  +2.325504e-05  -5.672739e-06  +7.783859e-06  -7.939088e-05  +9.559549e-05  -1.566864e-06  -5.059737e-07  -2.240223e-03  +4.507208e-07  -1.278686e-06  -7.573565e-03  +1.072087e-06  +5.300189e-07  -6.416055e-03  +5.866754e-07  -5.258075e-07  -8.441043e-03  
+1.440147e-06  -4.733580e-07  -9.656930e-06  +8.303952e-05  +8.562531e-07  -1.640844e-06  -5.672739e-06  +1.724530e-04  -5.230505e-06  +4.430275e-05  -8.828273e-05  +2.017296e-06  -4.803521e-06  +7.651578e-05  +1.010979e-06  +1.794685e-06  +5.889312e-03  -1.745561e-06  +1.633757e-06  +6.500599e-03  -4.536674e-07  +3.161224e-07  +6.349543e-03  
-2.113450e-06  +1.480650e-07  -7.022582e-06  -5.347626e-05  +1.386383e-06  -3.614897e-06  +7.783859e-06  -5.230505e-06  +9.516134e-06  -6.863259e-05  +5.167352e-05  +1.895214e-08  -1.868404e-07  -1.803710e-04  +5.801209e-07  -9.650805e-07  -7.180830e-03  +3.752863e-07  +2.800284e-07  -7.609379e-03  +2.485987e-07  +3.471418e-08  -5.119849e-03  
+1.627628e-05  -8.005023e-07  +4.816006e-05  +4.021985e-04  -9.363140e-06  +3.043085e-05  -7.939088e-05  +4.430275e-05  -6.863259e-05  +5.423932e-04  -4.883284e-04  +2.572319e-06  +1.741474e-06  +6.130815e-03  -4.078858e-06  +8.449537e-06  +5.450769e-02  -3.684238e-06  -2.563419e-06  +5.758329e-02  -2.388486e-06  +4.968276e-07  +4.438717e-02  
-1.821488e-05  +4.241478e-06  +3.164714e-05  -2.680929e-04  -1.662657e-06  -5.172477e-05  +9.559549e-05  -8.828273e-05  +5.167352e-05  -4.883284e-04  +1.013450e-03  -1.426172e-05  -1.112444e-06  -4.246218e-02  -3.800666e-07  -1.293049e-05  -2.828903e-02  +4.272474e-06  +5.223291e-06  -6.017930e-02  +2.369151e-06  -2.378875e-06  -5.861416e-02  
+2.468771e-07  +1.199837e-07  -1.591447e-06  -4.654832e-07  +3.168432e-07  +6.210838e-07  -1.566864e-06  +2.017296e-06  +1.895214e-08  +2.572319e-06  -1.426172e-05  +7.869238e-07  +1.414148e-07  +1.054867e-03  +1.078413e-07  +4.838645e-08  -3.439245e-04  -1.064422e-07  -7.980379e-08  +2.413291e-04  -3.532085e-08  +1.018705e-07  +5.285657e-04  
+1.305924e-07  +1.361648e-07  +1.065147e-06  -3.207039e-06  +1.562552e-07  +2.935155e-07  -5.059737e-07  -4.803521e-06  -1.868404e-07  +1.741474e-06  -1.112444e-06  +1.414148e-07  +7.317411e-07  +4.799625e-04  -1.335716e-08  -1.318951e-07  -1.813675e-04  -1.023667e-07  -1.132516e-07  -6.407240e-05  +7.177418e-08  -1.015560e-08  -2.739688e-04  
+5.173781e-04  -1.042772e-05  -6.569250e-03  -3.839999e-03  +1.368083e-03  +2.749028e-03  -2.240223e-03  +7.651578e-05  -1.803710e-04  +6.130815e-03  -4.246218e-02  +1.054867e-03  +4.799625e-04  +3.831963e+00  +1.801449e-04  +4.259242e-04  -1.563374e+00  -1.843080e-05  -2.787841e-04  +1.199551e+00  +1.830144e-04  +2.300647e-04  +1.604671e+00  
-4.594745e-08  +5.794012e-08  +8.278520e-07  -4.715797e-06  -6.844479e-07  -9.268191e-08  +4.507208e-07  +1.010979e-06  +5.801209e-07  -4.078858e-06  -3.800666e-07  +1.078413e-07  -1.335716e-08  +1.801449e-04  +7.006099e-07  +1.559231e-07  -5.601439e-04  +3.401812e-08  -2.232559e-07  -3.214276e-04  -4.492968e-08  +9.114761e-08  -1.682317e-04  
+2.652845e-07  -5.393263e-08  -1.010698e-06  +7.177002e-06  -4.234810e-07  +8.890442e-07  -1.278686e-06  +1.794685e-06  -9.650805e-07  +8.449537e-06  -1.293049e-05  +4.838645e-08  -1.318951e-07  +4.259242e-04  +1.559231e-07  +1.127455e-06  +6.901994e-04  +1.367804e-07  -2.747289e-07  +1.075795e-03  -1.843722e-07  +1.248049e-07  +1.262202e-03  
+1.418628e-03  -1.522144e-04  +1.052572e-02  +4.632956e-02  -1.668741e-03  +1.853215e-03  -7.573565e-03  +5.889312e-03  -7.180830e-03  +5.450769e-02  -2.828903e-02  -3.439245e-04  -1.813675e-04  -1.563374e+00  -5.601439e-04  +6.901994e-04  +7.901752e+00  -3.496713e-04  +8.575369e-05  +5.070164e+00  -1.078460e-04  -1.099247e-04  +4.060735e+00  
-1.415876e-07  +4.531933e-08  -9.080807e-07  -1.308114e-06  -4.429259e-08  -5.860604e-08  +1.072087e-06  -1.745561e-06  +3.752863e-07  -3.684238e-06  +4.272474e-06  -1.064422e-07  -1.023667e-07  -1.843080e-05  +3.401812e-08  +1.367804e-07  -3.496713e-04  +5.228997e-07  +9.009196e-09  -2.378741e-04  +1.164701e-07  +6.345099e-08  -8.741944e-05  
-1.291138e-07  -5.622658e-08  -5.548649e-07  +1.528892e-06  +5.191616e-07  -3.201265e-07  +5.300189e-07  +1.633757e-06  +2.800284e-07  -2.563419e-06  +5.223291e-06  -7.980379e-08  -1.132516e-07  -2.787841e-04  -2.232559e-07  -2.747289e-07  +8.575369e-05  +9.009196e-09  +6.395080e-07  -4.325820e-04  +1.083211e-07  -7.302087e-08  -1.542039e-04  
+1.763142e-03  -1.557214e-04  +2.789617e-03  +4.516608e-02  -7.314464e-04  +3.962448e-03  -6.416055e-03  +6.500599e-03  -7.609379e-03  +5.758329e-02  -6.017930e-02  +2.413291e-04  -6.407240e-05  +1.199551e+00  -3.214276e-04  +1.075795e-03  +5.070164e+00  -2.378741e-04  -4.325820e-04  +8.860933e+00  -2.038920e-04  -2.916457e-05  +4.834954e+00  
-6.676104e-08  -1.556000e-08  +1.367844e-07  -2.163163e-06  +4.666538e-07  +6.136495e-08  +5.866754e-07  -4.536674e-07  +2.485987e-07  -2.388486e-06  +2.369151e-06  -3.532085e-08  +7.177418e-08  +1.830144e-04  -4.492968e-08  -1.843722e-07  -1.078460e-04  +1.164701e-07  +1.083211e-07  -2.038920e-04  +4.382849e-07  +2.686910e-08  -2.404332e-04  
+5.771686e-08  -1.731149e-08  -4.568329e-07  +3.006223e-07  +1.107396e-07  +2.202739e-07  -5.258075e-07  +3.161224e-07  +3.471418e-08  +4.968276e-07  -2.378875e-06  +1.018705e-07  -1.015560e-08  +2.300647e-04  +9.114761e-08  +1.248049e-07  -1.099247e-04  +6.345099e-08  -7.302087e-08  -2.916457e-05  +2.686910e-08  +4.207729e-07  +2.987516e-04  
+1.432469e-03  -2.224736e-04  -1.269837e-03  +3.388491e-02  -2.445212e-04  +3.275380e-03  -8.441043e-03  +6.349543e-03  -5.119849e-03  +4.438717e-02  -5.861416e-02  +5.285657e-04  -2.739688e-04  +1.604671e+00  -1.682317e-04  +1.262202e-03  +4.060735e+00  -8.741944e-05  -1.542039e-04  +4.834954e+00  -2.404332e-04  +2.987516e-04  +5.754986e+00  
