mean:
+3.980558e+00  +3.953729e+00  +8.537567e-01  +1.330913e+00  +1.413455e+00  +4.037500e-01  +8.366555e-01  +1.356966e+00  +1.682481e-01  +1.939098e+00  +5.861008e+00  +3.592673e+00  +2.698620e+00  +2.039142e+02  +4.309569e+00  +5.294186e+00  +2.761213e+02  +5.453533e+00  +3.757570e+00  +3.230433e+02  +2.640042e+00  +4.559853e+00  +3.905482e+02  
covariance:
+1.984123e-06  +1.281800e-07  +5.156052e-06  +1.330335e-05  +5.092667e-06  +3.224514e-06  +1.504528e-05  -9.058971e-06  -8.929244e-06  +7.163333e-05  -7.287715e-05  +7.645841e-07  +7.270958e-07  +6.044812e-04  -2.753254e-06  +1.039117e-06  +1.080384e-03  +2.284042e-07  +3.904823e-07  +6.258669e-04  +7.101384e-08  -1.087387e-07  +1.144405e-03  
+1.281800e-07  +9.901978e-07  -4.349484e-07  -2.103523e-06  -5.359003e-07  -2.748360e-07  -1.512018e-06  +1.236604e-06  +8.800961e-07  -7.176411e-06  +8.114504e-06  -2.456612e-08  -7.598622e-08  +2.111466e-06  +2.849574e-07  -3.406709e-08  -1.147920e-04  +3.640147e-08  -5.437814e-08  -1.420721e-04  +8.842350e-09  +3.084251e-09  -1.104387e-04  
+5.156052e-06  -4.349484e-07  +3.452163e-05  +6.997892e-05  +2.761187e-05  +1.636335e-05  +7.492947e-05  -4.382373e-05  -4.420048e-05  +3.582237e-04  -3.553490e-04  +4.210331e-06  +3.135174e-06  +2.358207e-03  -1.422557e-05  +4.282351e-06  +7.428692e-03  -6.527913e-07  +1.599124e-06  +1.779899e-03  -1.858666e-07  -3.529903e-07  +6.472323e-03  
+1.330335e-05  -2.103523e-06  +6.997892e-05  +3.223876e-04  +6.645356e-05  +4.000242e-05  +1.985344e-04  -1.302846e-04  -1.155759e-04  +9.701264e-04  -9.915029e-04  +1.040852e-05  +5.796619e-06  +3.045305e-03  -3.293913e-05  +9.858538e-06  +1.870279e-02  -5.803565e-07  +4.156798e-06  +1.548845e-02  -9.758247e-08  -2.779428e-07  +1.793500e-02  
+5.092667e-06  -5.359003e-07  +2.761187e-05  +6.645356e-05  +5.370616e-05  +1.402675e-05  +8.777572e-05  -3.780983e-05  -4.729522e-05  +3.713182e-04  -3.660566e-04  +3.904843e-06  +2.299727e-06  +2.522494e-03  -2.174961e-05  +4.587325e-06  +5.624055e-03  -1.061289e-07  +2.158484e-06  +3.606160e-03  +1.159730e-06  -1.729991e-07  +6.518809e-03  
+3.224514e-06  -2.748360e-07  +1.636335e-05  +4.000242e-05  +1.402675e-05  +1.045752e-05  +4.313461e-05  -3.102500e-05  -2.560093e-05  +2.133103e-04  -2.154724e-04  +2.061548e-06  +2.113534e-06  +1.590423e-03  -6.737706e-06  +2.899894e-06  +4.137416e-03  +4.537131e-07  +8.152258e-07  +1.293453e-03  +2.187637e-07  -4.558079e-07  +3.259931e-03  
+1.504528e-05  -1.512018e-06  +7.492947e-05  +1.985344e-04  +8.777572e-05  +4.313461e-05  +2.400895e-04  -9.930242e-05  -1.300279e-04  +1.041034e-03  -1.056653e-03  +1.063849e-05  +9.219155e-06  +7.284813e-03  -4.924763e-05  +1.337827e-05  +1.463650e-02  +1.423699e-06  +5.598567e-06  +1.355292e-02  +2.923243e-07  -2.668071e-06  +1.555634e-02  
-9.058971e-06  +1.236604e-06  -4.382373e-05  -1.302846e-04  -3.780983e-05  -3.102500e-05  -9.930242e-05  +2.321205e-04  +6.744425e-05  -6.071472e-04  +6.546249e-04  -6.227267e-06  -4.162391e-06  -1.778978e-03  +1.638363e-05  -8.791810e-06  -1.026421e-02  -3.679012e-06  -1.302734e-06  +2.510756e-03  -7.392481e-07  -2.976983e-07  -8.382217e-03  
-8.929244e-06  +8.800961e-07  -4.420048e-05  -1.155759e-04  -4.729522e-05  -2.560093e-05  -1.300279e-04  +6.744425e-05  +7.417291e-05  -6.011393e-04  +6.090832e-04  -5.972813e-06  -5.166488e-06  -4.398221e-03  +2.544008e-05  -7.897031e-06  -9.522178e-03  -1.079076e-06  -3.073544e-06  -6.105087e-03  -1.396873e-07  +1.063045e-06  -9.371605e-03  
+7.163333e-05  -7.176411e-06  +3.582237e-04  +9.701264e-04  +3.713182e-04  +2.133103e-04  +1.041034e-03  -6.071472e-04  -6.011393e-04  +4.968884e-03  -5.085449e-03  +4.690466e-05  +4.062413e-05  +3.705085e-02  -1.975491e-04  +6.653698e-05  +8.102754e-02  +1.222107e-05  +2.384903e-05  +4.742565e-02  +2.583329e-07  -7.384804e-06  +7.656137e-02  
-7.287715e-05  +8.114504e-06  -3.553490e-04  -9.915029e-04  -3.660566e-04  -2.154724e-04  -1.056653e-03  +6.546249e-04  +6.090832e-04  -5.085449e-03  +5.365658e-03  -4.688019e-05  -3.799936e-05  -3.872815e-02  +2.067061e-04  -7.005567e-05  -7.390602e-02  -1.649329e-05  -2.493281e-05  -5.025008e-02  +1.235033e-06  +6.346927e-06  -7.482653e-02  
+7.645841e-07  -2.456612e-08  +4.210331e-06  +1.040852e-05  +3.904843e-06  +2.061548e-06  +1.063849e-05  -6.227267e-06  -5.972813e-06  +4.690466e-05  -4.688019e-05  +1.227116e-06  +3.783595e-07  +2.262147e-04  -2.792014e-06  +5.459295e-07  +3.749935e-04  -1.396623e-07  +4.261773e-07  +2.881888e-04  -2.048611e-07  -1.374291e-08  +8.589833e-04  
+7.270958e-07  -7.598622e-08  +3.135174e-06  +5.796619e-06  +2.299727e-06  +2.113534e-06  +9.219155e-06  -4.162391e-06  -5.166488e-06  +4.062413e-05  -3.799936e-05  +3.783595e-07  +1.411971e-06  +1.781629e-04  -1.090183e-06  +3.845763e-07  +6.300170e-04  -4.680089e-08  +1.083707e-07  +6.856545e-04  +3.987371e-08  -3.563643e-07  +5.407306e-04  
+6.044812e-04  +2.111466e-06  +2.358207e-03  +3.045305e-03  +2.522494e-03  +1.590423e-03  +7.284813e-03  -1.778978e-03  -4.398221e-03  +3.705085e-02  -3.872815e-02  +2.262147e-04  +1.781629e-04  +1.048646e+00  -1.439528e-03  +8.653658e-04  +7.517563e-01  +2.386383e-04  +2.983091e-04  +5.227012e-02  +1.117961e-04  -7.641036e-05  +5.155451e-01  
-2.753254e-06  +2.849574e-07  -1.422557e-05  -3.293913e-05  -2.174961e-05  -6.737706e-06  -4.924763e-05  +1.638363e-05  +2.544008e-05  -1.975491e-04  +2.067061e-04  -2.792014e-06  -1.090183e-06  -1.439528e-03  +1.453999e-05  -2.546551e-06  -6.147683e-04  -2.309225e-07  -1.645636e-06  -2.843326e-03  +3.047633e-07  +2.577919e-07  -2.788203e-03  
+1.039117e-06  -3.406709e-08  +4.282351e-06  +9.858538e-06  +4.587325e-06  +2.899894e-06  +1.337827e-05  -8.791810e-06  -7.897031e-06  +6.653698e-05  -7.005567e-05  +5.459295e-07  +3.845763e-07  +8.653658e-04  -2.546551e-06  +1.532056e-06  +9.708461e-04  +5.420733e-07  +3.768909e-07  +3.350689e-04  +1.884159e-07  -7.020768e-08  +9.525455e-04  
+1.080384e-03  -1.147920e-04  +7.428692e-03  +1.870279e-02  +5.624055e-03  +4.137416e-03  +1.463650e-02  -1.026421e-02  -9.522178e-03  +8.102754e-02  -7.390602e-02  +3.749935e-04  +6.300170e-04  +7.517563e-01  -6.147683e-04  +9.708461e-04  +5.843620e+00  -2.771683e-04  +8.935176e-05  -5.963951e-01  +4.213914e-04  +4.921460e-04  +2.282999e+00  
+2.284042e-07  +3.640147e-08  -6.527913e-07  -5.803565e-07  -1.061289e-07  +4.537131e-07  +1.423699e-06  -3.679012e-06  -1.079076e-06  +1.222107e-05  -1.649329e-05  -1.396623e-07  -4.680089e-08  +2.386383e-04  -2.309225e-07  +5.420733e-07  -2.771683e-04  +9.590876e-07  +4.659719e-08  +1.633996e-04  +5.836511e-09  +2.696108e-08  +2.996371e-06  
+3.904823e-07  -5.437814e-08  +1.599124e-06  +4.156798e-06  +2.158484e-06  +8.152258e-07  +5.598567e-06  -1.302734e-06  -3.073544e-06  +2.384903e-05  -2.493281e-05  +4.261773e-07  +1.083707e-07  +2.983091e-04  -1.645636e-06  +3.768909e-07  +8.935176e-05  +4.659719e-08  +7.123156e-07  +9.434019e-05  +1.449140e-07  +1.288777e-07  +6.965397e-04  
+6.258669e-04  -1.420721e-04  +1.779899e-03  +1.548845e-02  +3.606160e-03  +1.293453e-03  +1.355292e-02  +2.510756e-03  -6.105087e-03  +4.742565e-02  -5.025008e-02  +2.881888e-04  +6.856545e-04  +5.227012e-02  -2.843326e-03  +3.350689e-04  -5.963951e-01  +1.633996e-04  +9.434019e-05  +3.524294e+00  -3.801714e-04  -4.914369e-04  +4.620001e-01  
+7.101384e-08  +8.842350e-09  -1.858666e-07  -9.758247e-08  +1.159730e-06  +2.187637e-07  +2.923243e-07  -7.392481e-07  -1.396873e-07  +2.583329e-07  +1.235033e-06  -2.048611e-07  +3.987371e-08  +1.117961e-04  +3.047633e-07  +1.884159e-07  +4.213914e-04  +5.836511e-09  +1.449140e-07  -3.801714e-04  +1.069650e-06  +2.775239e-07  +5.693244e-04  
-1.087387e-07  +3.084251e-09  -3.529903e-07  -2.779428e-07  -1.729991e-07  -4.558079e-07  -2.668071e-06  -2.976983e-07  +1.063045e-06  -7.384804e-06  +6.346927e-06  -1.374291e-08  -3.563643e-07  -7.641036e-05  +2.577919e-07  -7.020768e-08  +4.921460e-04  +2.696108e-08  +1.288777e-07  -4.914369e-04  +2.775239e-07  +8.121992e-07  +6.570257e-04  
+1.144405e-03  -1.104387e-04  +6.472323e-03  +1.793500e-02  +6.518809e-03  +3.259931e-03  +1.555634e-02  -8.382217e-03  -9.371605e-03  +7.656137e-02  -7.482653e-02  +8.589833e-04  +5.407306e-04  +5.155451e-01  -2.788203e-03  +9.525455e-04  +2.282999e+00  +2.996371e-06  +6.965397e-04  +4.620001e-01  +5.693244e-04  +6.570257e-04  +2.977506e+00  
