mean:
+3.981386e+00  +3.953326e+00  +8.403320e-01  +1.301480e+00  +1.403778e+00  +4.030378e-01  +8.149163e-01  +1.366508e+00  +1.711166e-01  +1.875848e+00  +5.936268e+00  +3.591740e+00  +2.698399e+00  +2.033937e+02  +4.328744e+00  +5.294239e+00  +2.814399e+02  +5.452582e+00  +3.756970e+00  +3.257871e+02  +2.640602e+00  +4.559739e+00  +3.963085e+02  
covariance:
+1.159093e-06  +1.658040e-07  -2.217709e-06  -1.458391e-07  +5.460256e-08  +1.957942e-06  +2.296544e-06  -3.996096e-06  -2.458366e-06  +1.698541e-05  -1.016812e-05  -5.634703e-08  -4.329948e-07  +6.957613e-04  -1.312260e-07  +1.343599e-07  +3.916723e-04  +2.861035e-07  +9.826487e-08  +1.282090e-03  +2.100924e-08  +8.546676e-08  +1.904901e-03  
+1.658040e-07  +1.062712e-06  +6.232559e-08  +1.354874e-08  -1.449626e-07  -5.858418e-08  +1.894911e-08  +9.150929e-08  +1.157563e-07  -1.359859e-07  -9.352024e-07  -5.508789e-08  -1.645843e-08  +2.903307e-05  -4.305536e-08  +4.635973e-08  -1.034269e-04  +1.797797e-08  -1.004296e-07  -6.435681e-05  -1.991263e-08  -6.417139e-08  -1.209909e-04  
-2.217709e-06  +6.232559e-08  +3.581928e-05  +5.755400e-06  -2.583610e-06  -2.769563e-05  -2.740932e-05  +2.916578e-05  +2.641236e-05  -1.971356e-04  +7.205260e-05  +3.344861e-07  +4.626404e-06  -7.011824e-03  +1.534146e-06  -3.246568e-06  -8.375499e-03  -3.084697e-06  -2.327331e-06  -1.736004e-02  -1.328750e-06  +2.678762e-07  -2.597748e-02  
-1.458391e-07  +1.354874e-08  +5.755400e-06  +6.406389e-05  -2.384982e-06  -3.835113e-06  -7.389551e-06  +6.577203e-06  +4.726148e-06  -2.586926e-05  -1.460747e-06  -6.302112e-07  +4.093636e-08  +1.087232e-04  +1.009216e-06  -8.185955e-08  -8.096751e-04  +2.454256e-07  -7.310611e-07  -3.867630e-03  +4.219705e-07  +1.414393e-06  -3.623668e-03  
+5.460256e-08  -1.449626e-07  -2.583610e-06  -2.384982e-06  +8.292717e-06  +2.635473e-06  +3.322365e-06  -3.312740e-06  -2.479477e-06  +1.595884e-05  +1.075109e-06  +4.433727e-07  -2.888725e-07  +7.708086e-04  -3.505167e-07  +6.989875e-08  +1.222965e-03  -1.098958e-07  +8.378278e-07  +1.743450e-03  +7.706790e-07  +1.023863e-07  +2.822298e-03  
+1.957942e-06  -5.858418e-08  -2.769563e-05  -3.835113e-06  +2.635473e-06  +2.690123e-05  +2.146488e-05  -2.936948e-05  -2.353883e-05  +1.797500e-04  -6.241617e-05  +8.390241e-08  -3.283270e-06  +7.191202e-03  -1.237090e-06  +3.691900e-06  +7.870114e-03  +2.761537e-06  +1.626168e-06  +1.528412e-02  +1.945356e-07  -2.392296e-07  +2.501659e-02  
+2.296544e-06  +1.894911e-08  -2.740932e-05  -7.389551e-06  +3.322365e-06  +2.146488e-05  +3.444311e-05  -4.089837e-05  -2.524661e-05  +1.824163e-04  -9.596423e-05  -5.012411e-07  -5.202255e-06  +6.923373e-03  -2.763819e-06  +2.449756e-06  +5.723628e-03  +2.794921e-06  +9.168694e-07  +1.338110e-02  +1.892200e-06  -1.388320e-07  +1.820015e-02  
-3.996096e-06  +9.150929e-08  +2.916578e-05  +6.577203e-06  -3.312740e-06  -2.936948e-05  -4.089837e-05  +1.566111e-04  +3.501524e-05  -2.636710e-04  +1.463593e-04  -3.037348e-06  +1.020047e-05  -1.198112e-02  +3.655711e-06  +8.155678e-07  -7.734522e-03  -3.733201e-06  -1.915806e-06  -1.624229e-02  -1.566630e-06  -2.921341e-06  -2.710961e-02  
-2.458366e-06  +1.157563e-07  +2.641236e-05  +4.726148e-06  -2.479477e-06  -2.353883e-05  -2.524661e-05  +3.501524e-05  +2.470544e-05  -1.832384e-04  +8.292667e-05  +2.081934e-07  +4.273207e-06  -6.950898e-03  +1.457518e-06  -2.697668e-06  -6.738287e-03  -2.806698e-06  -1.267103e-06  -1.444242e-02  -5.557595e-07  -1.409936e-07  -2.212005e-02  
+1.698541e-05  -1.359859e-07  -1.971356e-04  -2.586926e-05  +1.595884e-05  +1.797500e-04  +1.824163e-04  -2.636710e-04  -1.832384e-04  +1.399824e-03  -6.532574e-04  -1.583528e-06  -3.187349e-05  +5.323425e-02  -9.323368e-06  +2.087776e-05  +5.173063e-02  +2.143340e-05  +8.656902e-06  +1.098558e-01  +2.092967e-06  +1.851656e-06  +1.706690e-01  
-1.016812e-05  -9.352024e-07  +7.205260e-05  -1.460747e-06  +1.075109e-06  -6.241617e-05  -9.596423e-05  +1.463593e-04  +8.292667e-05  -6.532574e-04  +5.405855e-04  +3.755523e-06  +1.830193e-05  -2.478576e-02  +3.423537e-06  -4.928596e-06  -1.475638e-02  -1.026006e-05  +1.645212e-06  -4.321432e-02  +1.125388e-06  -4.227150e-06  -5.725370e-02  
-5.634703e-08  -5.508789e-08  +3.344861e-07  -6.302112e-07  +4.433727e-07  +8.390241e-08  -5.012411e-07  -3.037348e-06  +2.081934e-07  -1.583528e-06  +3.755523e-06  +7.031775e-07  -3.544419e-07  +4.236852e-05  +1.719034e-07  -1.445400e-07  +1.905520e-04  -2.305266e-07  +1.876407e-07  -1.686539e-04  +4.955370e-08  +2.673446e-07  +2.371733e-04  
-4.329948e-07  -1.645843e-08  +4.626404e-06  +4.093636e-08  -2.888725e-07  -3.283270e-06  -5.202255e-06  +1.020047e-05  +4.273207e-06  -3.187349e-05  +1.830193e-05  -3.544419e-07  +2.274405e-06  -9.904210e-04  +5.736945e-08  +6.358775e-08  -1.044281e-03  -1.471924e-08  -2.491747e-08  -1.894375e-03  -1.944923e-07  -3.253599e-07  -2.925718e-03  
+6.957613e-04  +2.903307e-05  -7.011824e-03  +1.087232e-04  +7.708086e-04  +7.191202e-03  +6.923373e-03  -1.198112e-02  -6.950898e-03  +5.323425e-02  -2.478576e-02  +4.236852e-05  -9.904210e-04  +3.183669e+00  -4.984664e-04  +1.050600e-03  +1.575176e+00  +8.609216e-04  +3.696483e-04  +3.896614e+00  +2.077231e-04  +4.730125e-05  +6.733604e+00  
-1.312260e-07  -4.305536e-08  +1.534146e-06  +1.009216e-06  -3.505167e-07  -1.237090e-06  -2.763819e-06  +3.655711e-06  +1.457518e-06  -9.323368e-06  +3.423537e-06  +1.719034e-07  +5.736945e-08  -4.984664e-04  +9.344347e-07  -2.847341e-07  -4.884379e-05  -3.149655e-07  +9.056379e-08  -4.998290e-04  -2.804027e-07  +3.312023e-07  -6.790955e-04  
+1.343599e-07  +4.635973e-08  -3.246568e-06  -8.185955e-08  +6.989875e-08  +3.691900e-06  +2.449756e-06  +8.155678e-07  -2.697668e-06  +2.087776e-05  -4.928596e-06  -1.445400e-07  +6.358775e-08  +1.050600e-03  -2.847341e-07  +1.185433e-06  +1.003128e-03  +3.771399e-07  -5.210690e-08  +1.758286e-03  -8.155796e-08  -3.046505e-07  +3.138791e-03  
+3.916723e-04  -1.034269e-04  -8.375499e-03  -8.096751e-04  +1.222965e-03  +7.870114e-03  +5.723628e-03  -7.734522e-03  -6.738287e-03  +5.173063e-02  -1.475638e-02  +1.905520e-04  -1.044281e-03  +1.575176e+00  -4.884379e-05  +1.003128e-03  +3.156120e+00  +7.254656e-04  +6.193724e-04  +4.628829e+00  -3.838527e-05  +1.068422e-04  +7.534741e+00  
+2.861035e-07  +1.797797e-08  -3.084697e-06  +2.454256e-07  -1.098958e-07  +2.761537e-06  +2.794921e-06  -3.733201e-06  -2.806698e-06  +2.143340e-05  -1.026006e-05  -2.305266e-07  -1.471924e-08  +8.609216e-04  -3.149655e-07  +3.771399e-07  +7.254656e-04  +1.137515e-06  +2.028296e-07  +1.765903e-03  +1.382740e-07  -2.633477e-08  +2.671776e-03  
+9.826487e-08  -1.004296e-07  -2.327331e-06  -7.310611e-07  +8.378278e-07  +1.626168e-06  +9.168694e-07  -1.915806e-06  -1.267103e-06  +8.656902e-06  +1.645212e-06  +1.876407e-07  -2.491747e-08  +3.696483e-04  +9.056379e-08  -5.210690e-08  +6.193724e-04  +2.028296e-07  +9.424372e-07  +1.429864e-03  +4.142166e-07  +1.854842e-07  +1.958979e-03  
+1.282090e-03  -6.435681e-05  -1.736004e-02  -3.867630e-03  +1.743450e-03  +1.528412e-02  +1.338110e-02  -1.624229e-02  -1.444242e-02  +1.098558e-01  -4.321432e-02  -1.686539e-04  -1.894375e-03  +3.896614e+00  -4.998290e-04  +1.758286e-03  +4.628829e+00  +1.765903e-03  +1.429864e-03  +1.044966e+01  +3.841861e-04  +6.022806e-05  +1.490976e+01  
+2.100924e-08  -1.991263e-08  -1.328750e-06  +4.219705e-07  +7.706790e-07  +1.945356e-07  +1.892200e-06  -1.566630e-06  -5.557595e-07  +2.092967e-06  +1.125388e-06  +4.955370e-08  -1.944923e-07  +2.077231e-04  -2.804027e-07  -8.155796e-08  -3.838527e-05  +1.382740e-07  +4.142166e-07  +3.841861e-04  +8.376599e-07  +6.502927e-08  +3.461522e-05  
+8.546676e-08  -6.417139e-08  +2.678762e-07  +1.414393e-06  +1.023863e-07  -2.392296e-07  -1.388320e-07  -2.921341e-06  -1.409936e-07  +1.851656e-06  -4.227150e-06  +2.673446e-07  -3.253599e-07  +4.730125e-05  +3.312023e-07  -3.046505e-07  +1.068422e-04  -2.633477e-08  +1.854842e-07  +6.022806e-05  +6.502927e-08  +6.586803e-07  +1.075395e-04  
+1.904901e-03  -1.209909e-04  -2.597748e-02  -3.623668e-03  +2.822298e-03  +2.501659e-02  +1.820015e-02  -2.710961e-02  -2.212005e-02  +1.706690e-01  -5.725370e-02  +2.371733e-04  -2.925718e-03  +6.733604e+00  -6.790955e-04  +3.138791e-03  +7.534741e+00  +2.671776e-03  +1.958979e-03  +1.490976e+01  +3.461522e-05  +1.075395e-04  +2.489311e+01  
