mean:
+3.961407e+00  +3.953842e+00  +8.470614e-01  +1.293073e+00  +1.427833e+00  +5.029134e-01  +8.213581e-01  +1.357452e+00  +1.744631e-01  +1.888863e+00  +5.953158e+00  +3.547018e+00  +2.672955e+00  +2.031749e+02  +4.327409e+00  +5.293772e+00  +2.851614e+02  +5.413814e+00  +3.802209e+00  +3.221712e+02  +2.640129e+00  +4.558744e+00  +3.931293e+02  
covariance:
+6.727931e-07  +4.962598e-08  +1.006759e-07  +1.635416e-06  -2.095008e-09  -1.089269e-07  -1.373082e-06  +6.887015e-07  +7.979804e-07  -5.317598e-06  +2.146304e-06  -9.851932e-08  +7.385858e-08  +7.246060e-05  +6.853295e-08  +9.555640e-09  -5.922890e-04  -9.043593e-08  +1.558307e-09  -1.914609e-04  -2.495453e-08  +8.627323e-08  -3.592502e-04  
+4.962598e-08  +1.049828e-06  -3.240794e-07  -3.440571e-06  -4.040920e-08  +1.841316e-07  +1.866993e-06  -8.883530e-07  -1.179267e-06  +7.627379e-06  -1.871650e-06  +1.791588e-07  -1.247177e-07  -6.948951e-05  -9.452231e-08  -2.836224e-08  +9.131457e-04  +1.652950e-07  +5.356398e-08  +1.984812e-04  +5.181530e-08  -6.429821e-08  +5.247388e-04  
+1.006759e-07  -3.240794e-07  +9.264442e-06  +1.001705e-05  -4.896124e-07  -2.836298e-06  -1.750268e-05  +2.493654e-05  +8.765474e-06  -5.659019e-05  +2.966322e-05  -1.456766e-06  +4.735450e-07  +5.356576e-04  +1.505915e-07  -1.826296e-06  -7.061940e-03  -1.687126e-06  -9.159994e-07  -2.441335e-03  -4.380478e-07  +4.090511e-07  -3.234409e-03  
+1.635416e-06  -3.440571e-06  +1.001705e-05  +2.171113e-04  -4.568401e-07  -1.994634e-05  -1.231092e-04  +1.255236e-04  +7.897119e-05  -5.145225e-04  +1.793253e-04  -1.253735e-05  +5.124489e-06  +9.132613e-03  +5.681446e-06  +4.732468e-06  -5.883442e-02  -8.730467e-06  -6.254108e-06  -1.497396e-02  -4.124875e-06  +5.179222e-06  -3.246480e-02  
-2.095008e-09  -4.040920e-08  -4.896124e-07  -4.568401e-07  +2.025620e-06  +4.863079e-07  +2.150227e-06  -3.689273e-06  -1.112738e-06  +7.254568e-06  -2.914922e-06  +2.424476e-07  +9.792056e-08  -1.351177e-04  -1.517265e-07  -2.709569e-07  +8.060843e-04  -3.898708e-08  +2.656329e-07  -2.391814e-05  +4.570201e-08  -2.841051e-08  -1.113520e-04  
-1.089269e-07  +1.841316e-07  -2.836298e-06  -1.994634e-05  +4.863079e-07  +4.056644e-06  +2.031522e-05  -2.638268e-05  -1.233013e-05  +8.263555e-05  -3.892315e-05  +1.797270e-06  -6.489595e-07  -1.086731e-03  -5.616989e-07  +5.586636e-07  +9.382462e-03  +1.207269e-06  +5.602006e-07  +2.940384e-03  +3.525225e-07  -4.123892e-07  +5.425333e-03  
-1.373082e-06  +1.866993e-06  -1.750268e-05  -1.231092e-04  +2.150227e-06  +2.031522e-05  +1.339835e-04  -1.308859e-04  -7.929901e-05  +5.152262e-04  -2.120914e-04  +1.105068e-05  -3.605488e-06  -7.179541e-03  -5.112770e-06  +7.115459e-07  +5.829006e-02  +9.593207e-06  +4.634936e-06  +1.560579e-02  +2.688191e-06  -1.509741e-06  +3.184257e-02  
+6.887015e-07  -8.883530e-07  +2.493654e-05  +1.255236e-04  -3.689273e-06  -2.638268e-05  -1.308859e-04  +2.643365e-04  +7.560980e-05  -5.035085e-04  +2.515409e-04  -1.057472e-05  +5.119136e-06  +6.815405e-03  +5.917528e-07  -8.455769e-06  -5.940908e-02  -8.488106e-06  -6.113815e-06  -2.222192e-02  -1.484241e-06  +2.407881e-06  -2.953146e-02  
+7.979804e-07  -1.179267e-06  +8.765474e-06  +7.897119e-05  -1.112738e-06  -1.233013e-05  -7.929901e-05  +7.560980e-05  +4.936585e-05  -3.199687e-04  +1.238810e-04  -6.836206e-06  +2.013431e-06  +4.373428e-03  +3.151996e-06  +4.634184e-07  -3.542474e-02  -5.644058e-06  -3.058443e-06  -9.410099e-03  -1.310381e-06  +5.648807e-07  -1.938633e-02  
-5.317598e-06  +7.627379e-06  -5.659019e-05  -5.145225e-04  +7.254568e-06  +8.263555e-05  +5.152262e-04  -5.035085e-04  -3.199687e-04  +2.100658e-03  -8.410337e-04  +4.457433e-05  -1.361746e-05  -2.782131e-02  -2.021258e-05  -4.320700e-07  +2.320973e-01  +3.600452e-05  +1.834973e-05  +6.328789e-02  +8.124646e-06  -4.292545e-06  +1.297216e-01  
+2.146304e-06  -1.871650e-06  +2.966322e-05  +1.793253e-04  -2.914922e-06  -3.892315e-05  -2.120914e-04  +2.515409e-04  +1.238810e-04  -8.410337e-04  +4.716277e-04  -1.708091e-05  +8.382580e-06  +9.089092e-03  +5.280689e-06  -1.282686e-05  -9.594753e-02  -1.335596e-05  -2.521503e-06  -3.118582e-02  -4.631956e-06  +5.095669e-06  -6.293602e-02  
-9.851932e-08  +1.791588e-07  -1.456766e-06  -1.253735e-05  +2.424476e-07  +1.797270e-06  +1.105068e-05  -1.057472e-05  -6.836206e-06  +4.457433e-05  -1.708091e-05  +1.371307e-06  -3.349972e-07  -7.622596e-04  -5.784455e-07  -2.360731e-07  +4.948458e-03  +7.074624e-07  +3.361626e-07  +1.308884e-03  +1.794444e-07  -1.228235e-07  +2.511986e-03  
+7.385858e-08  -1.247177e-07  +4.735450e-07  +5.124489e-06  +9.792056e-08  -6.489595e-07  -3.605488e-06  +5.119136e-06  +2.013431e-06  -1.361746e-05  +8.382580e-06  -3.349972e-07  +7.033455e-07  +3.837598e-04  -1.294466e-07  -1.088779e-07  -1.729291e-03  -6.410689e-08  -1.045495e-07  -6.830591e-04  -3.356804e-07  +4.219867e-07  -1.358570e-03  
+7.246060e-05  -6.948951e-05  +5.356576e-04  +9.132613e-03  -1.351177e-04  -1.086731e-03  -7.179541e-03  +6.815405e-03  +4.373428e-03  -2.782131e-02  +9.089092e-03  -7.622596e-04  +3.837598e-04  +1.083074e+00  +1.333257e-04  +7.164627e-04  -3.275587e+00  -3.999128e-04  -3.593621e-04  -8.364406e-01  -2.691247e-04  +3.162822e-04  -1.522446e+00  
+6.853295e-08  -9.452231e-08  +1.505915e-07  +5.681446e-06  -1.517265e-07  -5.616989e-07  -5.112770e-06  +5.917528e-07  +3.151996e-06  -2.021258e-05  +5.280689e-06  -5.784455e-07  -1.294466e-07  +1.333257e-04  +1.014313e-06  +3.941759e-07  -2.092103e-03  -3.837722e-07  +7.528610e-09  -2.422434e-04  +1.001849e-07  -5.901688e-08  -9.052329e-04  
+9.555640e-09  -2.836224e-08  -1.826296e-06  +4.732468e-06  -2.709569e-07  +5.586636e-07  +7.115459e-07  -8.455769e-06  +4.634184e-07  -4.320700e-07  -1.282686e-05  -2.360731e-07  -1.088779e-07  +7.164627e-04  +3.941759e-07  +2.676860e-06  +4.818822e-04  +2.285545e-07  -5.689861e-07  +8.100043e-04  +6.600977e-08  -5.156939e-08  +1.234807e-03  
-5.922890e-04  +9.131457e-04  -7.061940e-03  -5.883442e-02  +8.060843e-04  +9.382462e-03  +5.829006e-02  -5.940908e-02  -3.542474e-02  +2.320973e-01  -9.594753e-02  +4.948458e-03  -1.729291e-03  -3.275587e+00  -2.092103e-03  +4.818822e-04  +2.661939e+01  +4.097174e-03  +1.961142e-03  +7.200191e+00  +1.235448e-03  -9.052059e-04  +1.490265e+01  
-9.043593e-08  +1.652950e-07  -1.687126e-06  -8.730467e-06  -3.898708e-08  +1.207269e-06  +9.593207e-06  -8.488106e-06  -5.644058e-06  +3.600452e-05  -1.335596e-05  +7.074624e-07  -6.410689e-08  -3.999128e-04  -3.837722e-07  +2.285545e-07  +4.097174e-03  +1.195832e-06  +4.843214e-07  +9.499319e-04  +1.630578e-07  +4.170618e-08  +2.236439e-03  
+1.558307e-09  +5.356398e-08  -9.159994e-07  -6.254108e-06  +2.656329e-07  +5.602006e-07  +4.634936e-06  -6.113815e-06  -3.058443e-06  +1.834973e-05  -2.521503e-06  +3.361626e-07  -1.045495e-07  -3.593621e-04  +7.528610e-09  -5.689861e-07  +1.961142e-03  +4.843214e-07  +1.117372e-06  +2.694726e-04  +1.525450e-07  +2.056410e-08  +5.186825e-04  
-1.914609e-04  +1.984812e-04  -2.441335e-03  -1.497396e-02  -2.391814e-05  +2.940384e-03  +1.560579e-02  -2.222192e-02  -9.410099e-03  +6.328789e-02  -3.118582e-02  +1.308884e-03  -6.830591e-04  -8.364406e-01  -2.422434e-04  +8.100043e-04  +7.200191e+00  +9.499319e-04  +2.694726e-04  +2.914643e+00  +1.660839e-04  -3.440157e-04  +4.334575e+00  
-2.495453e-08  +5.181530e-08  -4.380478e-07  -4.124875e-06  +4.570201e-08  +3.525225e-07  +2.688191e-06  -1.484241e-06  -1.310381e-06  +8.124646e-06  -4.631956e-06  +1.794444e-07  -3.356804e-07  -2.691247e-04  +1.001849e-07  +6.600977e-08  +1.235448e-03  +1.630578e-07  +1.525450e-07  +1.660839e-04  +6.458378e-07  -3.366963e-07  +1.144629e-03  
+8.627323e-08  -6.429821e-08  +4.090511e-07  +5.179222e-06  -2.841051e-08  -4.123892e-07  -1.509741e-06  +2.407881e-06  +5.648807e-07  -4.292545e-06  +5.095669e-06  -1.228235e-07  +4.219867e-07  +3.162822e-04  -5.901688e-08  -5.156939e-08  -9.052059e-04  +4.170618e-08  +2.056410e-08  -3.440157e-04  -3.366963e-07  +8.878796e-07  -9.892407e-04  
-3.592502e-04  +5.247388e-04  -3.234409e-03  -3.246480e-02  -1.113520e-04  +5.425333e-03  +3.184257e-02  -2.953146e-02  -1.938633e-02  +1.297216e-01  -6.293602e-02  +2.511986e-03  -1.358570e-03  -1.522446e+00  -9.052329e-04  +1.234807e-03  +1.490265e+01  +2.236439e-03  +5.186825e-04  +4.334575e+00  +1.144629e-03  -9.892407e-04  +1.074077e+01  
