mean:
+3.968356e+00  +3.992163e+00  +8.706220e-01  +1.423170e+00  +1.249216e+00  +4.067111e-01  +8.212559e-01  +1.316445e+00  +1.649023e-01  +1.977031e+00  +5.788091e+00  +3.611196e+00  +2.920204e+00  +2.058784e+02  +4.295483e+00  +5.128517e+00  +2.837758e+02  +5.236195e+00  +3.830772e+00  +3.252352e+02  +2.800340e+00  +4.479746e+00  +3.945308e+02  
covariance:
+2.342721e-06  +7.408645e-07  +1.240151e-05  +7.776671e-05  +6.916098e-07  +1.644363e-06  -2.990865e-06  -1.164298e-05  -6.264706e-06  +5.229192e-05  -9.563478e-05  +2.553678e-07  +2.110427e-07  -2.139614e-04  -1.399570e-07  +1.106156e-07  +1.406634e-03  +4.470794e-07  -3.006543e-07  +3.321917e-03  +2.143247e-07  +1.057953e-07  +3.701814e-03  
+7.408645e-07  +2.960850e-06  +6.297924e-06  +3.781674e-05  +2.465678e-07  +1.184247e-06  -1.713973e-06  -7.630254e-06  -4.409861e-06  +3.533637e-05  -5.412695e-05  +1.380807e-07  +4.174806e-07  -1.846272e-04  -2.351389e-07  +5.601248e-08  +8.124787e-04  +1.890153e-07  -1.481644e-07  +1.880209e-03  +2.477720e-07  -4.170710e-08  +1.842288e-03  
+1.240151e-05  +6.297924e-06  +1.427800e-04  +8.081559e-04  +1.192104e-05  +1.505829e-05  -3.185824e-05  -1.034820e-04  -6.225164e-05  +5.289187e-04  -9.219688e-04  +2.569272e-06  +2.727707e-06  -9.747788e-04  -3.317170e-07  +9.458114e-07  +1.407059e-02  +3.763050e-06  -3.377638e-06  +3.681234e-02  +1.916188e-06  +1.033257e-06  +3.777917e-02  
+7.776671e-05  +3.781674e-05  +8.081559e-04  +5.478484e-03  +1.095410e-04  +1.217505e-04  -1.893192e-04  -6.535219e-04  -3.229333e-04  +2.876178e-03  -6.219942e-03  +1.456548e-05  +1.571040e-05  -3.033767e-03  -1.354373e-06  +6.377762e-06  +6.316716e-02  +2.437623e-05  -2.060309e-05  +1.848738e-01  +1.447139e-05  +1.094834e-05  +2.328471e-01  
+6.916098e-07  +2.465678e-07  +1.192104e-05  +1.095410e-04  +3.457667e-05  +3.263508e-06  -2.972277e-06  -2.979148e-05  -1.459568e-07  +1.955382e-05  -1.038102e-04  +2.918417e-08  +7.476356e-07  +5.599748e-04  +2.809167e-07  +1.020905e-06  +4.922817e-04  +2.507023e-07  -5.743910e-07  +2.771911e-03  +6.298595e-07  +5.213550e-07  +4.981172e-03  
+1.644363e-06  +1.184247e-06  +1.505829e-05  +1.217505e-04  +3.263508e-06  +5.846865e-06  -3.096951e-06  -1.646353e-05  -6.860252e-06  +6.041267e-05  -1.417190e-04  +6.325366e-07  +2.295628e-07  -2.022768e-04  +1.473690e-08  +3.397724e-07  +1.636855e-03  +9.707212e-07  -7.019742e-08  +2.947779e-03  +6.689729e-07  +1.502914e-07  +4.995131e-03  
-2.990865e-06  -1.713973e-06  -3.185824e-05  -1.893192e-04  -2.972277e-06  -3.096951e-06  +2.027949e-05  +3.915065e-05  +1.321328e-05  -1.337824e-04  +2.490083e-04  -1.240721e-06  -1.704309e-07  +1.233487e-03  +6.803915e-07  +2.361378e-08  -3.255182e-03  -1.222884e-06  +1.478618e-06  -5.147282e-03  -3.686139e-07  -5.634204e-07  -8.066256e-03  
-1.164298e-05  -7.630254e-06  -1.034820e-04  -6.535219e-04  -2.979148e-05  -1.646353e-05  +3.915065e-05  +3.732880e-04  +5.680900e-05  -5.139702e-04  +9.236276e-04  +2.327236e-06  +4.296158e-07  +3.762823e-03  +5.514920e-06  -3.839393e-06  -1.885865e-02  -3.861057e-06  +4.722654e-06  -3.190192e-02  -4.201064e-06  -3.477164e-06  -3.963048e-02  
-6.264706e-06  -4.409861e-06  -6.225164e-05  -3.229333e-04  -1.459568e-07  -6.860252e-06  +1.321328e-05  +5.680900e-05  +3.991069e-05  -3.118552e-04  +4.142479e-04  -1.151783e-06  -2.266459e-06  +2.182170e-03  +1.047731e-06  -5.148929e-08  -9.795652e-03  -2.624885e-06  +8.684720e-07  -1.949590e-02  -1.389972e-06  +3.374125e-07  -1.745038e-02  
+5.229192e-05  +3.533637e-05  +5.289187e-04  +2.876178e-03  +1.955382e-05  +6.041267e-05  -1.337824e-04  -5.139702e-04  -3.118552e-04  +2.529137e-03  -3.660635e-03  +1.024899e-05  +1.624818e-05  -1.684271e-02  -8.409750e-06  +1.494528e-06  +7.651904e-02  +2.106335e-05  -1.008501e-05  +1.550398e-01  +1.122233e-05  -4.664137e-07  +1.487744e-01  
-9.563478e-05  -5.412695e-05  -9.219688e-04  -6.219942e-03  -1.038102e-04  -1.417190e-04  +2.490083e-04  +9.236276e-04  +4.142479e-04  -3.660635e-03  +7.691356e-03  -1.390198e-05  -2.005942e-05  +1.015475e-02  +8.152355e-06  -6.758847e-06  -8.128544e-02  -3.049703e-05  +2.683619e-05  -2.142476e-01  -1.808016e-05  -1.183932e-05  -2.662695e-01  
+2.553678e-07  +1.380807e-07  +2.569272e-06  +1.456548e-05  +2.918417e-08  +6.325366e-07  -1.240721e-06  +2.327236e-06  -1.151783e-06  +1.024899e-05  -1.390198e-05  +7.394374e-07  -9.898708e-09  -8.261091e-05  -2.358295e-08  -7.375745e-09  +2.342851e-04  +9.936265e-08  -3.644959e-08  +1.996296e-04  +4.903680e-08  -2.588826e-08  +4.240293e-04  
+2.110427e-07  +4.174806e-07  +2.727707e-06  +1.571040e-05  +7.476356e-07  +2.295628e-07  -1.704309e-07  +4.296158e-07  -2.266459e-06  +1.624818e-05  -2.005942e-05  -9.898708e-09  +1.300699e-06  +3.158955e-05  -2.063203e-07  -1.702972e-08  +1.385258e-04  +1.217996e-07  -8.368386e-08  +6.295296e-04  +1.632049e-07  -1.233858e-07  +5.361471e-04  
-2.139614e-04  -1.846272e-04  -9.747788e-04  -3.033767e-03  +5.599748e-04  -2.022768e-04  +1.233487e-03  +3.762823e-03  +2.182170e-03  -1.684271e-02  +1.015475e-02  -8.261091e-05  +3.158955e-05  +1.237958e+00  -2.392538e-05  +3.053884e-04  -5.901925e-01  -3.094417e-04  +8.231457e-05  +6.844454e-03  -1.164156e-04  +1.755260e-04  +1.453307e-02  
-1.399570e-07  -2.351389e-07  -3.317170e-07  -1.354373e-06  +2.809167e-07  +1.473690e-08  +6.803915e-07  +5.514920e-06  +1.047731e-06  -8.409750e-06  +8.152355e-06  -2.358295e-08  -2.063203e-07  -2.392538e-05  +5.479324e-07  -2.382267e-08  -4.044901e-04  -2.313945e-09  +4.854620e-08  -3.270466e-04  -2.035608e-08  -1.653802e-08  -4.347293e-04  
+1.106156e-07  +5.601248e-08  +9.458114e-07  +6.377762e-06  +1.020905e-06  +3.397724e-07  +2.361378e-08  -3.839393e-06  -5.148929e-08  +1.494528e-06  -6.758847e-06  -7.375745e-09  -1.702972e-08  +3.053884e-04  -2.382267e-08  +6.670345e-07  +6.674705e-05  -1.128897e-07  +3.135305e-08  +4.596828e-04  +8.456348e-08  +1.108178e-07  +4.843927e-04  
+1.406634e-03  +8.124787e-04  +1.407059e-02  +6.316716e-02  +4.922817e-04  +1.636855e-03  -3.255182e-03  -1.885865e-02  -9.795652e-03  +7.651904e-02  -8.128544e-02  +2.342851e-04  +1.385258e-04  -5.901925e-01  -4.044901e-04  +6.674705e-05  +4.086865e+00  +6.984998e-04  -1.203956e-04  +5.392738e+00  +1.913172e-04  -5.585611e-05  +4.881993e+00  
+4.470794e-07  +1.890153e-07  +3.763050e-06  +2.437623e-05  +2.507023e-07  +9.707212e-07  -1.222884e-06  -3.861057e-06  -2.624885e-06  +2.106335e-05  -3.049703e-05  +9.936265e-08  +1.217996e-07  -3.094417e-04  -2.313945e-09  -1.128897e-07  +6.984998e-04  +7.766280e-07  -9.132244e-09  +1.117214e-03  +1.172960e-07  +3.502757e-08  +1.165789e-03  
-3.006543e-07  -1.481644e-07  -3.377638e-06  -2.060309e-05  -5.743910e-07  -7.019742e-08  +1.478618e-06  +4.722654e-06  +8.684720e-07  -1.008501e-05  +2.683619e-05  -3.644959e-08  -8.368386e-08  +8.231457e-05  +4.854620e-08  +3.135305e-08  -1.203956e-04  -9.132244e-09  +6.555502e-07  -3.624875e-04  -3.739222e-08  -4.870362e-08  -7.584365e-04  
+3.321917e-03  +1.880209e-03  +3.681234e-02  +1.848738e-01  +2.771911e-03  +2.947779e-03  -5.147282e-03  -3.190192e-02  -1.949590e-02  +1.550398e-01  -2.142476e-01  +1.996296e-04  +6.295296e-04  +6.844454e-03  -3.270466e-04  +4.596828e-04  +5.392738e+00  +1.117214e-03  -3.624875e-04  +1.555736e+01  +6.308372e-04  +1.125801e-05  +1.178014e+01  
+2.143247e-07  +2.477720e-07  +1.916188e-06  +1.447139e-05  +6.298595e-07  +6.689729e-07  -3.686139e-07  -4.201064e-06  -1.389972e-06  +1.122233e-05  -1.808016e-05  +4.903680e-08  +1.632049e-07  -1.164156e-04  -2.035608e-08  +8.456348e-08  +1.913172e-04  +1.172960e-07  -3.739222e-08  +6.308372e-04  +4.632909e-07  -5.222651e-09  +7.179840e-04  
+1.057953e-07  -4.170710e-08  +1.033257e-06  +1.094834e-05  +5.213550e-07  +1.502914e-07  -5.634204e-07  -3.477164e-06  +3.374125e-07  -4.664137e-07  -1.183932e-05  -2.588826e-08  -1.233858e-07  +1.755260e-04  -1.653802e-08  +1.108178e-07  -5.585611e-05  +3.502757e-08  -4.870362e-08  +1.125801e-05  -5.222651e-09  +4.928765e-07  +3.953352e-04  
+3.701814e-03  +1.842288e-03  +3.777917e-02  +2.328471e-01  +4.981172e-03  +4.995131e-03  -8.066256e-03  -3.963048e-02  -1.745038e-02  +1.487744e-01  -2.662695e-01  +4.240293e-04  +5.361471e-04  +1.453307e-02  -4.347293e-04  +4.843927e-04  +4.881993e+00  +1.165789e-03  -7.584365e-04  +1.178014e+01  +7.179840e-04  +3.953352e-04  +1.299454e+01  
