mean:
+3.982434e+00  +3.979080e+00  +6.174425e-01  +2.027984e+00  +1.295864e+00  +5.019662e-01  +8.278440e-01  +2.217832e+00  +3.894489e-02  +3.881706e+00  +5.856422e+00  +4.573098e+00  +3.237857e+00  +3.243588e+02  +2.590366e+00  +3.725871e+00  +4.530819e+02  +4.639957e+00  +4.960216e+00  +8.022089e+02  +3.990657e+00  +5.154205e+00  +4.354872e+02  
covariance:
+4.346779e-06  -2.403952e-06  +3.238102e-06  +9.274321e-06  +5.680769e-06  +1.331810e-07  +1.405806e-06  -9.569266e-08  +5.361178e-09  +2.834178e-06  -2.779132e-05  -1.277242e-07  -5.391660e-07  -3.833855e-04  +1.279545e-07  +2.951300e-07  +1.648623e-04  -2.887892e-08  -1.073178e-07  +1.342577e-04  +1.627145e-07  -6.996139e-08  +4.990018e-04  
-2.403952e-06  +3.872468e-06  -2.469378e-07  +3.529062e-06  -2.438644e-07  -6.320036e-07  -1.940331e-06  -2.695736e-06  +1.051350e-07  -1.421862e-06  -1.319536e-05  -8.137476e-09  +3.628059e-07  +3.096907e-04  -1.492468e-07  +4.433776e-08  -2.088005e-04  +1.017201e-07  +5.914417e-08  +1.140313e-03  -2.463724e-07  +1.013030e-07  -1.278420e-04  
+3.238102e-06  -2.469378e-07  +2.415413e-05  +8.082735e-05  +2.144743e-05  -4.505686e-07  -3.652313e-07  -2.977064e-05  +4.494731e-07  +2.284060e-05  -2.290086e-04  -7.289710e-07  -2.930750e-06  -4.254131e-06  +1.130304e-06  +1.546316e-06  +5.144946e-04  -6.917679e-07  -5.285311e-07  +4.986869e-03  +6.069482e-07  +1.768861e-07  +3.247769e-03  
+9.274321e-06  +3.529062e-06  +8.082735e-05  +4.775858e-04  +5.849598e-05  -7.420459e-06  -4.672938e-05  -1.204734e-04  +4.556852e-06  +5.610074e-05  -1.027655e-03  -4.824373e-06  -4.990005e-06  +3.902941e-03  +5.485211e-06  +6.923733e-06  -1.235733e-02  +9.934141e-07  -9.462944e-07  +3.291182e-02  +1.089101e-06  +2.013786e-06  -3.794892e-03  
+5.680769e-06  -2.438644e-07  +2.144743e-05  +5.849598e-05  +1.631969e-04  -6.088929e-06  +3.221336e-06  +4.576143e-05  +1.747779e-06  +8.589173e-06  -3.927039e-04  +1.772484e-06  -3.201505e-06  -2.975532e-03  -8.419060e-07  +1.564929e-06  +1.113779e-02  +4.799773e-07  +5.351689e-07  +1.446568e-02  +2.991145e-07  +2.524668e-06  +9.179228e-03  
+1.331810e-07  -6.320036e-07  -4.505686e-07  -7.420459e-06  -6.088929e-06  +1.839234e-06  +3.992031e-06  -9.493001e-07  -3.866032e-07  +4.606438e-06  +4.156099e-05  +3.031684e-07  -1.269081e-08  +3.940647e-04  +2.202286e-07  -1.002819e-07  -3.459202e-04  -4.017193e-07  +7.989734e-08  -2.796924e-03  +1.825146e-07  -2.067168e-07  +4.711707e-04  
+1.405806e-06  -1.940331e-06  -3.652313e-07  -4.672938e-05  +3.221336e-06  +3.992031e-06  +2.585867e-05  +6.132329e-06  -1.573788e-06  +1.735419e-05  +1.044087e-04  +2.071090e-06  -1.299585e-06  +3.043663e-04  +5.638711e-08  -3.192458e-07  +4.563984e-03  -1.324725e-06  +2.892017e-07  -9.570002e-03  +1.804934e-07  -9.527877e-07  +6.915751e-03  
-9.569266e-08  -2.695736e-06  -2.977064e-05  -1.204734e-04  +4.576143e-05  -9.493001e-07  +6.132329e-06  +1.111439e-04  -1.703330e-07  -3.485445e-05  +2.347450e-04  +2.970203e-06  +2.174094e-06  -1.661308e-03  -2.448904e-06  -2.941812e-06  +5.608857e-03  +1.538075e-06  +1.923453e-06  -3.535261e-03  +5.167463e-08  +8.170013e-07  -1.625081e-03  
+5.361178e-09  +1.051350e-07  +4.494731e-07  +4.556852e-06  +1.747779e-06  -3.866032e-07  -1.573788e-06  -1.703330e-07  +1.548421e-07  -1.016527e-06  -1.442269e-05  -1.315786e-07  +9.136429e-09  -6.500830e-05  -1.599155e-08  +6.124227e-08  -1.198010e-04  +1.041095e-07  -1.698886e-08  +8.559494e-04  -2.333162e-08  +8.515736e-08  -2.940724e-04  
+2.834178e-06  -1.421862e-06  +2.284060e-05  +5.610074e-05  +8.589173e-06  +4.606438e-06  +1.735419e-05  -3.485445e-05  -1.016527e-06  +4.648515e-05  -1.095904e-04  +1.092894e-06  -3.161385e-06  +1.717001e-03  +2.214121e-06  +1.120813e-06  +1.173408e-03  -2.038270e-06  -2.506801e-07  -3.635158e-03  +1.112367e-06  -6.530773e-07  +7.335497e-03  
-2.779132e-05  -1.319536e-05  -2.290086e-04  -1.027655e-03  -3.927039e-04  +4.156099e-05  +1.044087e-04  +2.347450e-04  -1.442269e-05  -1.095904e-04  +3.278397e-03  +1.356179e-05  +2.442735e-05  +5.732870e-03  -7.309728e-06  -1.912291e-05  -6.510716e-03  -3.371300e-06  +4.878907e-06  -1.160226e-01  -2.211040e-06  -8.793750e-06  -1.408837e-02  
-1.277242e-07  -8.137476e-09  -7.289710e-07  -4.824373e-06  +1.772484e-06  +3.031684e-07  +2.071090e-06  +2.970203e-06  -1.315786e-07  +1.092894e-06  +1.356179e-05  +4.827754e-07  +5.515396e-09  +1.266694e-04  +1.829880e-08  -1.064398e-07  +5.516556e-04  -3.438477e-08  +1.529976e-07  -9.056382e-04  +5.280875e-08  -9.002550e-08  +5.760085e-04  
-5.391660e-07  +3.628059e-07  -2.930750e-06  -4.990005e-06  -3.201505e-06  -1.269081e-08  -1.299585e-06  +2.174094e-06  +9.136429e-09  -3.161385e-06  +2.442735e-05  +5.515396e-09  +8.011629e-07  +1.349586e-04  -1.216366e-07  -1.457961e-07  -6.945616e-04  +7.947846e-08  +6.755500e-08  -1.296978e-04  -1.672768e-07  +4.911684e-08  -8.251855e-04  
-3.833855e-04  +3.096907e-04  -4.254131e-06  +3.902941e-03  -2.975532e-03  +3.940647e-04  +3.043663e-04  -1.661308e-03  -6.500830e-05  +1.717001e-03  +5.732870e-03  +1.266694e-04  +1.349586e-04  +5.368533e-01  +1.491714e-04  +9.768911e-06  -4.666327e-01  -6.892525e-05  +1.152343e-04  -5.176292e-01  +8.521634e-06  -6.953953e-05  -5.497580e-02  
+1.279545e-07  -1.492468e-07  +1.130304e-06  +5.485211e-06  -8.419060e-07  +2.202286e-07  +5.638711e-08  -2.448904e-06  -1.599155e-08  +2.214121e-06  -7.309728e-06  +1.829880e-08  -1.216366e-07  +1.491714e-04  +3.595539e-07  +8.405215e-08  -1.452912e-04  -9.197974e-08  -1.462407e-08  -4.052090e-05  +1.022988e-07  +5.160784e-08  +7.312725e-05  
+2.951300e-07  +4.433776e-08  +1.546316e-06  +6.923733e-06  +1.564929e-06  -1.002819e-07  -3.192458e-07  -2.941812e-06  +6.124227e-08  +1.120813e-06  -1.912291e-05  -1.064398e-07  -1.457961e-07  +9.768911e-06  +8.405215e-08  +3.636003e-07  -6.529242e-05  -6.240994e-08  -4.735205e-08  +4.409142e-04  -5.049365e-08  +8.775012e-09  +1.487963e-04  
+1.648623e-04  -2.088005e-04  +5.144946e-04  -1.235733e-02  +1.113779e-02  -3.459202e-04  +4.563984e-03  +5.608857e-03  -1.198010e-04  +1.173408e-03  -6.510716e-03  +5.516556e-04  -6.945616e-04  -4.666327e-01  -1.452912e-04  -6.529242e-05  +3.080432e+00  -6.246783e-05  +2.157421e-05  -3.812821e-01  +1.335532e-04  +8.389005e-05  +2.262546e+00  
-2.887892e-08  +1.017201e-07  -6.917679e-07  +9.934141e-07  +4.799773e-07  -4.017193e-07  -1.324725e-06  +1.538075e-06  +1.041095e-07  -2.038270e-06  -3.371300e-06  -3.438477e-08  +7.947846e-08  -6.892525e-05  -9.197974e-08  -6.240994e-08  -6.246783e-05  +3.164998e-07  +1.319010e-08  +5.676407e-04  -6.024856e-08  +2.261215e-08  -4.191944e-04  
-1.073178e-07  +5.914417e-08  -5.285311e-07  -9.462944e-07  +5.351689e-07  +7.989734e-08  +2.892017e-07  +1.923453e-06  -1.698886e-08  -2.506801e-07  +4.878907e-06  +1.529976e-07  +6.755500e-08  +1.152343e-04  -1.462407e-08  -4.735205e-08  +2.157421e-05  +1.319010e-08  +2.087983e-07  -2.319700e-04  +2.594748e-08  -4.846049e-08  -1.205018e-05  
+1.342577e-04  +1.140313e-03  +4.986869e-03  +3.291182e-02  +1.446568e-02  -2.796924e-03  -9.570002e-03  -3.535261e-03  +8.559494e-04  -3.635158e-03  -1.160226e-01  -9.056382e-04  -1.296978e-04  -5.176292e-01  -4.052090e-05  +4.409142e-04  -3.812821e-01  +5.676407e-04  -2.319700e-04  +6.750415e+00  -6.726656e-05  +6.469738e-04  -1.206694e+00  
+1.627145e-07  -2.463724e-07  +6.069482e-07  +1.089101e-06  +2.991145e-07  +1.825146e-07  +1.804934e-07  +5.167463e-08  -2.333162e-08  +1.112367e-06  -2.211040e-06  +5.280875e-08  -1.672768e-07  +8.521634e-06  +1.022988e-07  -5.049365e-08  +1.335532e-04  -6.024856e-08  +2.594748e-08  -6.726656e-05  +2.658010e-07  +3.358465e-08  +1.135712e-04  
-6.996139e-08  +1.013030e-07  +1.768861e-07  +2.013786e-06  +2.524668e-06  -2.067168e-07  -9.527877e-07  +8.170013e-07  +8.515736e-08  -6.530773e-07  -8.793750e-06  -9.002550e-08  +4.911684e-08  -6.953953e-05  +5.160784e-08  +8.775012e-09  +8.389005e-05  +2.261215e-08  -4.846049e-08  +6.469738e-04  +3.358465e-08  +2.563868e-07  -1.139022e-04  
+4.990018e-04  -1.278420e-04  +3.247769e-03  -3.794892e-03  +9.179228e-03  +4.711707e-04  +6.915751e-03  -1.625081e-03  -2.940724e-04  +7.335497e-03  -1.408837e-02  +5.760085e-04  -8.251855e-04  -5.497580e-02  +7.312725e-05  +1.487963e-04  +2.262546e+00  -4.191944e-04  -1.205018e-05  -1.206694e+00  +1.135712e-04  -1.139022e-04  +3.083891e+00  
