mean:
+3.983829e+00  +3.978099e+00  +6.212882e-01  +2.004469e+00  +1.284417e+00  +5.037253e-01  +8.407461e-01  +2.210642e+00  +3.800984e-02  +3.892413e+00  +5.879084e+00  +4.572783e+00  +3.238144e+00  +3.250883e+02  +2.590378e+00  +3.725810e+00  +4.552284e+02  +4.639806e+00  +4.959910e+00  +8.056737e+02  +3.990173e+00  +5.154153e+00  +4.342160e+02  
covariance:
+3.557854e-06  -1.440416e-06  +1.524554e-06  +1.153064e-07  +9.241277e-07  -1.127927e-07  +3.463469e-06  +2.791804e-07  -2.001132e-07  +5.706322e-06  -1.090421e-05  -6.984691e-08  -2.755503e-07  -1.913801e-04  +6.426969e-08  +2.750157e-07  +4.956980e-04  -1.756387e-07  -4.526791e-08  -1.125357e-04  -5.351319e-08  -1.185144e-07  +1.034564e-03  
-1.440416e-06  +3.316185e-06  +2.503015e-06  +1.234386e-05  +1.018948e-05  +1.539210e-06  +2.663235e-06  +5.272834e-06  -1.065770e-07  +5.867000e-06  -3.639327e-05  +2.988202e-07  +5.704263e-07  -4.488162e-05  -1.314902e-07  -7.596792e-08  +7.369845e-04  -5.273751e-08  +9.937443e-08  +2.092397e-03  -2.470067e-07  +5.663384e-07  -6.000563e-04  
+1.524554e-06  +2.503015e-06  +2.852707e-05  +3.404585e-05  +6.007559e-05  +5.749874e-06  +3.756616e-05  +2.946970e-05  -1.443961e-06  +5.227237e-05  -1.957581e-04  +1.667616e-06  -7.978428e-07  -2.407085e-03  +6.134999e-07  +1.627512e-06  +7.579944e-03  -1.621772e-07  +8.693258e-07  +1.207434e-02  -2.305333e-06  +2.317460e-06  +2.774024e-03  
+1.153064e-07  +1.234386e-05  +3.404585e-05  +2.037196e-04  +9.414936e-05  +1.910929e-05  +2.820919e-05  +5.459976e-05  -9.830279e-07  +9.176919e-05  -5.096948e-04  +1.173415e-06  +6.973332e-06  +2.390377e-03  -6.853968e-07  -2.288090e-06  +7.971731e-03  +3.492694e-07  -3.051930e-08  +2.355182e-02  -3.713986e-08  +6.558113e-06  -6.923917e-03  
+9.241277e-07  +1.018948e-05  +6.007559e-05  +9.414936e-05  +2.295843e-04  +1.758776e-05  +9.703110e-05  +1.010549e-04  -3.354108e-06  +1.187610e-04  -4.996442e-04  +5.216969e-06  -7.276838e-08  -5.705566e-03  -1.469698e-06  +5.967084e-06  +1.692109e-02  -2.472220e-07  +1.931941e-06  +3.317616e-02  -8.391629e-06  +4.942038e-06  +6.444664e-03  
-1.127927e-07  +1.539210e-06  +5.749874e-06  +1.910929e-05  +1.758776e-05  +2.757093e-06  +6.215664e-06  +1.075777e-05  -2.095512e-07  +1.165767e-05  -6.610235e-05  +3.724522e-07  +7.338603e-07  -1.485281e-04  -1.588335e-07  +8.638166e-08  +1.337970e-03  -1.812421e-08  +2.018648e-07  +3.887903e-03  -4.579928e-07  +9.469931e-07  -6.620900e-04  
+3.463469e-06  +2.663235e-06  +3.756616e-05  +2.820919e-05  +9.703110e-05  +6.215664e-06  +6.896828e-05  +4.037343e-05  -2.572111e-06  +8.412865e-05  -2.679361e-04  +1.868080e-06  -2.809684e-06  -4.489176e-03  +5.438736e-07  +3.739060e-06  +1.205013e-02  -1.029164e-06  +9.844915e-07  +1.550847e-02  -4.187080e-06  +1.734472e-06  +9.511737e-03  
+2.791804e-07  +5.272834e-06  +2.946970e-05  +5.459976e-05  +1.010549e-04  +1.075777e-05  +4.037343e-05  +8.760425e-05  -1.442422e-06  +5.711038e-05  -2.503929e-04  +1.360978e-06  -5.439220e-07  -1.336113e-03  -2.668254e-07  +2.424246e-06  +8.156030e-03  +8.968259e-07  +6.269193e-07  +1.572619e-02  -2.290637e-06  +3.153384e-06  -3.349451e-04  
-2.001132e-07  -1.065770e-07  -1.443961e-06  -9.830279e-07  -3.354108e-06  -2.095512e-07  -2.572111e-06  -1.442422e-06  +1.270233e-07  -3.453363e-06  +1.002172e-05  -7.445628e-08  +1.192102e-07  +1.839862e-04  -4.472294e-08  -1.429294e-07  -4.693089e-04  +7.364624e-08  -3.968976e-08  -5.333069e-04  +1.556164e-07  -6.913753e-08  -3.676028e-04  
+5.706322e-06  +5.867000e-06  +5.227237e-05  +9.176919e-05  +1.187610e-04  +1.165767e-05  +8.412865e-05  +5.711038e-05  -3.453363e-06  +1.380627e-04  -4.605338e-04  +1.704705e-06  -2.187353e-06  -4.351432e-03  +1.401925e-06  +3.362930e-06  +1.659442e-02  -2.208341e-06  +1.024680e-06  +2.092191e-02  -3.476335e-06  +3.814214e-06  +9.706681e-03  
-1.090421e-05  -3.639327e-05  -1.957581e-04  -5.096948e-04  -4.996442e-04  -6.610235e-05  -2.679361e-04  -2.503929e-04  +1.002172e-05  -4.605338e-04  +2.077268e-03  -8.845304e-06  -7.811064e-06  +1.131499e-02  -1.239522e-07  -6.980204e-06  -5.508869e-02  +5.844796e-06  -4.529077e-06  -1.085964e-01  +1.515004e-05  -2.375220e-05  -9.271848e-03  
-6.984691e-08  +2.988202e-07  +1.667616e-06  +1.173415e-06  +5.216969e-06  +3.724522e-07  +1.868080e-06  +1.360978e-06  -7.445628e-08  +1.704705e-06  -8.845304e-06  +4.666732e-07  +2.215659e-07  -2.422675e-04  -2.605456e-08  +1.069061e-07  +3.179520e-04  -4.007881e-08  +9.076472e-08  +1.048887e-03  -3.335451e-07  +1.747962e-07  +7.106863e-05  
-2.755503e-07  +5.704263e-07  -7.978428e-07  +6.973332e-06  -7.276838e-08  +7.338603e-07  -2.809684e-06  -5.439220e-07  +1.192102e-07  -2.187353e-06  -7.811064e-06  +2.215659e-07  +1.230075e-06  +2.959004e-04  -2.300174e-07  -3.436320e-07  -5.293060e-04  -7.675100e-09  +1.363741e-08  +6.266183e-04  -2.562910e-10  +3.116714e-07  -8.932283e-04  
-1.913801e-04  -4.488162e-05  -2.407085e-03  +2.390377e-03  -5.705566e-03  -1.485281e-04  -4.489176e-03  -1.336113e-03  +1.839862e-04  -4.351432e-03  +1.131499e-02  -2.422675e-04  +2.959004e-04  +6.392354e-01  -1.066280e-04  -4.146119e-04  -7.314265e-01  +2.151044e-04  -1.357764e-04  -9.335372e-01  +4.903445e-04  -9.225651e-05  -7.826881e-01  
+6.426969e-08  -1.314902e-07  +6.134999e-07  -6.853968e-07  -1.469698e-06  -1.588335e-07  +5.438736e-07  -2.668254e-07  -4.472294e-08  +1.401925e-06  -1.239522e-07  -2.605456e-08  -2.300174e-07  -1.066280e-04  +2.230399e-07  +1.594961e-08  +2.143879e-04  -5.149238e-08  +1.462738e-08  -1.181669e-04  +4.557061e-08  +2.815620e-08  +1.689985e-04  
+2.750157e-07  -7.596792e-08  +1.627512e-06  -2.288090e-06  +5.967084e-06  +8.638166e-08  +3.739060e-06  +2.424246e-06  -1.429294e-07  +3.362930e-06  -6.980204e-06  +1.069061e-07  -3.436320e-07  -4.146119e-04  +1.594961e-08  +5.085102e-07  +5.292875e-04  -9.256403e-08  +6.669889e-08  +4.988163e-04  -3.872035e-07  -3.218437e-08  +6.359356e-04  
+4.956980e-04  +7.369845e-04  +7.579944e-03  +7.971731e-03  +1.692109e-02  +1.337970e-03  +1.205013e-02  +8.156030e-03  -4.693089e-04  +1.659442e-02  -5.508869e-02  +3.179520e-04  -5.293060e-04  -7.314265e-01  +2.143879e-04  +5.292875e-04  +2.500021e+00  -1.527679e-04  +1.933590e-04  +3.010082e+00  -6.038048e-04  +4.990857e-04  +1.362612e+00  
-1.756387e-07  -5.273751e-08  -1.621772e-07  +3.492694e-07  -2.472220e-07  -1.812421e-08  -1.029164e-06  +8.968259e-07  +7.364624e-08  -2.208341e-06  +5.844796e-06  -4.007881e-08  -7.675100e-09  +2.151044e-04  -5.149238e-08  -9.256403e-08  -1.527679e-04  +3.952785e-07  -3.727226e-08  -1.308517e-04  +1.666879e-07  -3.291120e-08  -3.553178e-04  
-4.526791e-08  +9.937443e-08  +8.693258e-07  -3.051930e-08  +1.931941e-06  +2.018648e-07  +9.844915e-07  +6.269193e-07  -3.968976e-08  +1.024680e-06  -4.529077e-06  +9.076472e-08  +1.363741e-08  -1.357764e-04  +1.462738e-08  +6.669889e-08  +1.933590e-04  -3.727226e-08  +1.813263e-07  +4.013993e-04  -9.381207e-08  +9.381676e-08  +6.048580e-05  
-1.125357e-04  +2.092397e-03  +1.207434e-02  +2.355182e-02  +3.317616e-02  +3.887903e-03  +1.550847e-02  +1.572619e-02  -5.333069e-04  +2.092191e-02  -1.085964e-01  +1.048887e-03  +6.266183e-04  -9.335372e-01  -1.181669e-04  +4.988163e-04  +3.010082e+00  -1.308517e-04  +4.013993e-04  +7.663299e+00  -1.414092e-03  +1.466674e-03  +1.211854e-01  
-5.351319e-08  -2.470067e-07  -2.305333e-06  -3.713986e-08  -8.391629e-06  -4.579928e-07  -4.187080e-06  -2.290637e-06  +1.556164e-07  -3.476335e-06  +1.515004e-05  -3.335451e-07  -2.562910e-10  +4.903445e-04  +4.557061e-08  -3.872035e-07  -6.038048e-04  +1.666879e-07  -9.381207e-08  -1.414092e-03  +6.938579e-07  -1.543737e-07  -4.178530e-04  
-1.185144e-07  +5.663384e-07  +2.317460e-06  +6.558113e-06  +4.942038e-06  +9.469931e-07  +1.734472e-06  +3.153384e-06  -6.913753e-08  +3.814214e-06  -2.375220e-05  +1.747962e-07  +3.116714e-07  -9.225651e-05  +2.815620e-08  -3.218437e-08  +4.990857e-04  -3.291120e-08  +9.381676e-08  +1.466674e-03  -1.543737e-07  +5.075166e-07  -4.037726e-04  
+1.034564e-03  -6.000563e-04  +2.774024e-03  -6.923917e-03  +6.444664e-03  -6.620900e-04  +9.511737e-03  -3.349451e-04  -3.676028e-04  +9.706681e-03  -9.271848e-03  +7.106863e-05  -8.932283e-04  -7.826881e-01  +1.689985e-04  +6.359356e-04  +1.362612e+00  -3.553178e-04  +6.048580e-05  +1.211854e-01  -4.178530e-04  -4.037726e-04  +2.858151e+00  
