mean:
+3.979383e+00  +4.009506e+00  +8.746489e-01  +1.339585e+00  +1.247592e+00  +5.951232e-01  +8.118897e-01  +1.392177e+00  +1.650490e-01  +1.879848e+00  +5.910234e+00  +3.595445e+00  +2.901398e+00  +2.031735e+02  +4.310604e+00  +5.178720e+00  +2.818990e+02  +5.217257e+00  +3.910733e+00  +3.251574e+02  +2.879730e+00  +4.559608e+00  +3.917016e+02  
covariance:
+1.160246e-06  +4.924265e-07  +3.444292e-06  +2.007664e-05  -1.065802e-06  +4.206535e-07  -1.491487e-06  +1.724964e-06  -7.960866e-07  +8.136946e-06  -3.276304e-05  +3.252626e-07  -1.063031e-07  -3.427512e-04  -2.749215e-07  +2.019150e-07  +8.012266e-04  +2.057116e-07  -1.355895e-07  +1.106744e-03  +3.164792e-08  +9.554150e-08  +1.008692e-03  
+4.924265e-07  +2.541527e-06  -6.983636e-07  -1.179106e-05  +2.262957e-07  -2.486009e-07  +8.867756e-07  -9.304744e-07  -1.934068e-07  +5.410277e-08  +1.836008e-05  +2.486250e-09  +2.352788e-08  +2.040236e-04  +1.661109e-07  -1.110990e-07  -3.870022e-04  +9.799700e-08  +4.876236e-09  -7.672792e-04  -2.342780e-08  +1.360125e-08  -5.717271e-04  
+3.444292e-06  -6.983636e-07  +4.423931e-05  +1.139600e-04  -1.911501e-05  +3.203030e-06  -1.155096e-05  +2.154718e-05  -9.147499e-06  +8.390730e-05  -1.907580e-04  +2.129229e-06  -3.025806e-06  -4.696139e-03  -1.977042e-06  +9.262471e-07  +5.477953e-03  +4.683010e-07  -1.116982e-06  +5.705336e-03  -1.540879e-07  +1.297035e-06  +5.969061e-03  
+2.007664e-05  -1.179106e-05  +1.139600e-04  +1.664804e-03  -3.714364e-05  +4.837823e-05  -1.058672e-04  +3.537015e-05  +3.768244e-05  +1.904884e-05  -2.418855e-03  +1.026486e-05  +4.294996e-06  -7.753356e-03  -1.529674e-05  +1.390073e-05  +2.705303e-02  +1.070003e-05  -6.727248e-06  +7.968487e-02  -2.514683e-06  -1.059008e-08  +6.077243e-02  
-1.065802e-06  +2.262957e-07  -1.911501e-05  -3.714364e-05  +4.170535e-05  -2.251866e-06  +4.562810e-06  -1.324615e-05  +3.818646e-06  -2.987339e-05  +3.092380e-05  -4.936403e-07  +2.055732e-06  +2.649296e-03  +2.108883e-07  +2.055930e-07  +1.006259e-04  +2.246202e-07  +3.635747e-07  +4.085415e-04  +8.627252e-07  -1.066105e-06  -7.740040e-04  
+4.206535e-07  -2.486009e-07  +3.203030e-06  +4.837823e-05  -2.251866e-06  +2.783625e-06  -3.556794e-06  +3.852815e-06  +2.425082e-06  -6.892859e-06  -7.441729e-05  +2.556646e-08  +5.109468e-08  +3.093377e-05  -2.139563e-07  +3.822204e-07  +1.025584e-04  +2.791311e-07  -1.688509e-07  +1.861722e-03  -9.262501e-08  -5.669655e-08  +1.534605e-03  
-1.491487e-06  +8.867756e-07  -1.155096e-05  -1.058672e-04  +4.562810e-06  -3.556794e-06  +2.488987e-05  -1.300632e-05  -4.261482e-06  -1.316269e-05  +2.069784e-04  -6.069364e-07  -3.167865e-07  +9.041972e-04  +1.236894e-06  -2.081516e-06  -5.477104e-03  -7.802899e-07  -1.846967e-07  -8.427451e-03  +3.051871e-07  -1.464117e-07  -7.151167e-03  
+1.724964e-06  -9.304744e-07  +2.154718e-05  +3.537015e-05  -1.324615e-05  +3.852815e-06  -1.300632e-05  +9.980575e-05  -5.632803e-06  +5.863525e-05  -1.163574e-04  +8.336219e-07  -3.550368e-06  -4.424685e-03  +3.263782e-08  +1.204224e-06  +7.236328e-03  -3.840941e-07  +2.239799e-07  +5.559461e-03  +3.743728e-07  -8.993942e-08  +5.958471e-03  
-7.960866e-07  -1.934068e-07  -9.147499e-06  +3.768244e-05  +3.818646e-06  +2.425082e-06  -4.261482e-06  -5.632803e-06  +8.419865e-06  -4.410913e-05  -5.464537e-05  -5.279281e-07  +1.563907e-06  +1.553205e-03  +3.466363e-07  +4.391772e-07  -1.515460e-03  +2.607035e-07  +1.193972e-07  +1.326873e-03  -2.626317e-07  -5.500460e-07  +1.524124e-04  
+8.136946e-06  +5.410277e-08  +8.390730e-05  +1.904884e-05  -2.987339e-05  -6.892859e-06  -1.316269e-05  +5.863525e-05  -4.410913e-05  +3.070159e-04  -1.171358e-04  +4.688443e-06  -9.594470e-06  -1.193779e-02  -4.928209e-06  +1.099756e-06  +1.962564e-02  +4.592717e-07  -1.080019e-06  +9.062323e-03  +1.386908e-06  +3.737134e-06  +1.348261e-02  
-3.276304e-05  +1.836008e-05  -1.907580e-04  -2.418855e-03  +3.092380e-05  -7.441729e-05  +2.069784e-04  -1.163574e-04  -5.464537e-05  -1.171358e-04  +3.910332e-03  -1.369429e-05  -5.649386e-06  +1.462123e-02  +2.324298e-05  -2.656117e-05  -6.011561e-02  -1.715829e-05  +8.241490e-06  -1.327925e-01  +6.151753e-07  -4.529895e-07  -1.040337e-01  
+3.252626e-07  +2.486250e-09  +2.129229e-06  +1.026486e-05  -4.936403e-07  +2.556646e-08  -6.069364e-07  +8.336219e-07  -5.279281e-07  +4.688443e-06  -1.369429e-05  +1.286174e-06  +1.096135e-07  -3.076913e-04  -1.406544e-07  -1.805426e-07  +3.524943e-04  -1.351372e-07  -1.185675e-08  +3.559432e-04  +4.105815e-08  +2.234662e-07  +4.415051e-04  
-1.063031e-07  +2.352788e-08  -3.025806e-06  +4.294996e-06  +2.055732e-06  +5.109468e-08  -3.167865e-07  -3.550368e-06  +1.563907e-06  -9.594470e-06  -5.649386e-06  +1.096135e-07  +1.071746e-06  +5.054546e-04  +1.060505e-07  +6.058265e-08  -3.704287e-04  +5.006985e-08  +6.389039e-08  +5.002042e-05  -5.538142e-08  -2.272831e-07  -2.314212e-04  
-3.427512e-04  +2.040236e-04  -4.696139e-03  -7.753356e-03  +2.649296e-03  +3.093377e-05  +9.041972e-04  -4.424685e-03  +1.553205e-03  -1.193779e-02  +1.462123e-02  -3.076913e-04  +5.054546e-04  +1.238546e+00  +1.408782e-04  -7.158614e-05  -8.320950e-01  -7.528653e-06  +1.632576e-04  -7.411164e-01  -1.626848e-05  -3.032643e-04  -6.076602e-01  
-2.749215e-07  +1.661109e-07  -1.977042e-06  -1.529674e-05  +2.108883e-07  -2.139563e-07  +1.236894e-06  +3.263782e-08  +3.466363e-07  -4.928209e-06  +2.324298e-05  -1.406544e-07  +1.060505e-07  +1.408782e-04  +6.066476e-07  -2.118746e-07  -7.020446e-04  -6.313838e-08  +3.080921e-08  -8.275861e-04  +8.344934e-09  -1.757126e-08  -8.923683e-04  
+2.019150e-07  -1.110990e-07  +9.262471e-07  +1.390073e-05  +2.055930e-07  +3.822204e-07  -2.081516e-06  +1.204224e-06  +4.391772e-07  +1.099756e-06  -2.656117e-05  -1.805426e-07  +6.058265e-08  -7.158614e-05  -2.118746e-07  +6.800631e-07  +6.841753e-04  +1.449377e-07  -4.204609e-08  +8.398908e-04  -5.484152e-08  -2.200372e-08  +8.041085e-04  
+8.012266e-04  -3.870022e-04  +5.477953e-03  +2.705303e-02  +1.006259e-04  +1.025584e-04  -5.477104e-03  +7.236328e-03  -1.515460e-03  +1.962564e-02  -6.011561e-02  +3.524943e-04  -3.704287e-04  -8.320950e-01  -7.020446e-04  +6.841753e-04  +3.510725e+00  +8.369473e-05  -8.486738e-06  +2.912941e+00  +1.279699e-04  +1.820755e-04  +2.606255e+00  
+2.057116e-07  +9.799700e-08  +4.683010e-07  +1.070003e-05  +2.246202e-07  +2.791311e-07  -7.802899e-07  -3.840941e-07  +2.607035e-07  +4.592717e-07  -1.715829e-05  -1.351372e-07  +5.006985e-08  -7.528653e-06  -6.313838e-08  +1.449377e-07  +8.369473e-05  +5.760656e-07  -5.331443e-08  +5.192175e-04  +2.815670e-08  -4.553630e-08  +4.495150e-04  
-1.355895e-07  +4.876236e-09  -1.116982e-06  -6.727248e-06  +3.635747e-07  -1.688509e-07  -1.846967e-07  +2.239799e-07  +1.193972e-07  -1.080019e-06  +8.241490e-06  -1.185675e-08  +6.389039e-08  +1.632576e-04  +3.080921e-08  -4.204609e-08  -8.486738e-06  -5.331443e-08  +4.506477e-07  -4.851583e-05  +7.427729e-08  +9.685728e-09  -1.110147e-04  
+1.106744e-03  -7.672792e-04  +5.705336e-03  +7.968487e-02  +4.085415e-04  +1.861722e-03  -8.427451e-03  +5.559461e-03  +1.326873e-03  +9.062323e-03  -1.327925e-01  +3.559432e-04  +5.002042e-05  -7.411164e-01  -8.275861e-04  +8.398908e-04  +2.912941e+00  +5.192175e-04  -4.851583e-05  +6.312558e+00  +6.924323e-06  +1.555718e-04  +4.199169e+00  
+3.164792e-08  -2.342780e-08  -1.540879e-07  -2.514683e-06  +8.627252e-07  -9.262501e-08  +3.051871e-07  +3.743728e-07  -2.626317e-07  +1.386908e-06  +6.151753e-07  +4.105815e-08  -5.538142e-08  -1.626848e-05  +8.344934e-09  -5.484152e-08  +1.279699e-04  +2.815670e-08  +7.427729e-08  +6.924323e-06  +3.272627e-07  -9.437752e-09  -9.702100e-06  
+9.554150e-08  +1.360125e-08  +1.297035e-06  -1.059008e-08  -1.066105e-06  -5.669655e-08  -1.464117e-07  -8.993942e-08  -5.500460e-07  +3.737134e-06  -4.529895e-07  +2.234662e-07  -2.272831e-07  -3.032643e-04  -1.757126e-08  -2.200372e-08  +1.820755e-04  -4.553630e-08  +9.685728e-09  +1.555718e-04  -9.437752e-09  +4.855337e-07  +1.216716e-04  
+1.008692e-03  -5.717271e-04  +5.969061e-03  +6.077243e-02  -7.740040e-04  +1.534605e-03  -7.151167e-03  +5.958471e-03  +1.524124e-04  +1.348261e-02  -1.040337e-01  +4.415051e-04  -2.314212e-04  -6.076602e-01  -8.923683e-04  +8.041085e-04  +2.606255e+00  +4.495150e-04  -1.110147e-04  +4.199169e+00  -9.702100e-06  +1.216716e-04  +4.473583e+00  
