mean:
+3.961721e+00  +3.953823e+00  +8.539024e-01  +1.297735e+00  +1.425408e+00  +5.060552e-01  +7.963524e-01  +1.377157e+00  +1.747796e-01  +1.829272e+00  +6.118852e+00  +3.527841e+00  +2.673904e+00  +1.973167e+02  +4.327902e+00  +5.294487e+00  +2.733688e+02  +5.414019e+00  +3.802018e+00  +3.160952e+02  +2.639492e+00  +4.559995e+00  +3.918377e+02  
covariance:
+9.154079e-07  -6.093691e-08  -4.668571e-08  -3.820833e-07  -2.361756e-07  +8.262207e-08  -2.672013e-07  -1.736775e-07  -3.296722e-09  +3.761270e-07  -8.427581e-07  +9.385108e-08  -2.601708e-08  -2.162247e-06  -1.806666e-08  +2.072865e-08  -4.143745e-05  +7.308034e-09  -5.310684e-09  +6.156470e-06  +1.510873e-08  +3.218576e-08  +1.595182e-06  
-6.093691e-08  +1.364981e-06  +1.216542e-06  +2.473058e-06  +5.141469e-06  +8.368629e-07  -2.933084e-07  +8.102055e-07  -5.208643e-07  +2.329450e-06  +1.485431e-05  -5.003455e-07  -9.616416e-08  -1.972473e-04  -5.998222e-08  +4.963250e-08  -3.652171e-04  -2.213413e-08  +7.549926e-08  -6.686074e-04  +4.589564e-08  +3.477259e-08  +4.511401e-04  
-4.668571e-08  +1.216542e-06  +4.458086e-05  +4.810239e-05  +1.309623e-04  +2.469353e-05  -1.245683e-05  +7.817265e-05  -1.092031e-05  +4.006471e-05  +3.598185e-04  -3.603860e-06  -7.149284e-07  -4.859209e-03  -1.127354e-06  +1.640934e-06  -9.730926e-03  -3.576493e-06  +1.693189e-06  -1.372077e-02  +1.429820e-06  -8.138341e-07  +1.086609e-02  
-3.820833e-07  +2.473058e-06  +4.810239e-05  +3.646828e-04  +2.364847e-04  +3.278826e-05  +4.546127e-05  +2.329351e-04  -1.551675e-05  -7.357808e-05  +8.539591e-04  +2.320032e-07  +3.472142e-07  +1.079918e-02  -2.324460e-07  +5.473639e-06  -1.801114e-02  +1.487970e-06  +1.484754e-07  -2.973843e-02  +2.620577e-06  -4.982506e-06  +1.222239e-02  
-2.361756e-07  +5.141469e-06  +1.309623e-04  +2.364847e-04  +6.470190e-04  +9.724988e-05  -1.733880e-05  +2.345075e-04  -5.305495e-05  +1.918767e-04  +1.481105e-03  -3.125882e-05  -2.970029e-06  -2.421038e-02  -7.245649e-06  +2.588075e-06  -4.254494e-02  -4.852053e-06  +4.719738e-06  -5.774665e-02  +7.376867e-06  -6.834881e-07  +4.637663e-02  
+8.262207e-08  +8.368629e-07  +2.469353e-05  +3.278826e-05  +9.724988e-05  +1.926332e-05  -1.204212e-05  +3.930897e-05  -9.471092e-06  +4.647976e-05  +2.517375e-04  -2.929655e-06  -6.717070e-07  -3.656965e-03  -1.292804e-06  +8.493566e-07  -7.693761e-03  -1.551128e-06  +9.269024e-07  -1.006687e-02  +1.255469e-06  -9.784797e-08  +8.806043e-03  
-2.672013e-07  -2.933084e-07  -1.245683e-05  +4.546127e-05  -1.733880e-05  -1.204212e-05  +4.039826e-05  +2.941545e-05  +6.568501e-06  -8.594724e-05  -7.371429e-05  -5.488395e-07  +2.545521e-06  +4.260471e-03  +2.076794e-06  +6.517762e-07  +4.577334e-03  +2.869057e-06  +1.614479e-07  +5.852001e-03  +2.320583e-07  -1.287935e-06  -7.584540e-03  
-1.736775e-07  +8.102055e-07  +7.817265e-05  +2.329351e-04  +2.345075e-04  +3.930897e-05  +2.941545e-05  +5.259588e-04  -7.007074e-06  -9.337955e-05  +7.211023e-04  +9.301006e-06  +3.947470e-06  +5.837322e-03  +6.861894e-06  +1.078485e-05  -6.452755e-03  -6.164224e-06  +1.754304e-07  -8.021410e-03  +7.164009e-07  -9.616545e-06  +1.077527e-02  
-3.296722e-09  -5.208643e-07  -1.092031e-05  -1.551675e-05  -5.305495e-05  -9.471092e-06  +6.568501e-06  -7.007074e-06  +6.764170e-06  -3.437705e-05  -1.378648e-04  +3.476942e-06  +7.491745e-07  +3.237596e-03  +1.055734e-06  +1.063358e-07  +4.896043e-03  +4.367746e-07  -2.302797e-07  +6.650993e-03  -4.786765e-07  -9.647079e-08  -5.105064e-03  
+3.761270e-07  +2.329450e-06  +4.006471e-05  -7.357808e-05  +1.918767e-04  +4.647976e-05  -8.594724e-05  -9.337955e-05  -3.437705e-05  +3.042624e-04  +4.000565e-04  -1.722602e-05  -6.152081e-06  -2.309301e-02  -7.841172e-06  -2.629602e-06  -2.342964e-02  -3.709787e-06  +9.612175e-08  -2.977981e-02  +5.824761e-07  +3.343770e-06  +2.680374e-02  
-8.427581e-07  +1.485431e-05  +3.598185e-04  +8.539591e-04  +1.481105e-03  +2.517375e-04  -7.371429e-05  +7.211023e-04  -1.378648e-04  +4.000565e-04  +4.559208e-03  -5.666282e-05  -1.537012e-05  -4.379447e-02  -1.663663e-05  +6.814545e-06  -1.205968e-01  -1.802547e-05  +9.112921e-06  -1.741691e-01  +1.677167e-05  -6.143993e-06  +1.321429e-01  
+9.385108e-08  -5.003455e-07  -3.603860e-06  +2.320032e-07  -3.125882e-05  -2.929655e-06  -5.488395e-07  +9.301006e-06  +3.476942e-06  -1.722602e-05  -5.666282e-05  +7.231481e-06  +5.989926e-07  +3.421769e-03  +5.271746e-07  +5.393325e-07  +1.938040e-03  -8.638506e-07  -2.436429e-07  +3.567636e-03  -1.222557e-07  -3.531964e-07  -1.925359e-03  
-2.601708e-08  -9.616416e-08  -7.149284e-07  +3.472142e-07  -2.970029e-06  -6.717070e-07  +2.545521e-06  +3.947470e-06  +7.491745e-07  -6.152081e-06  -1.537012e-05  +5.989926e-07  +1.483413e-06  +2.203098e-05  +3.415950e-08  +7.942564e-08  +1.792552e-04  +4.204681e-08  +1.789892e-07  +9.873418e-04  +1.486478e-07  -1.797786e-07  -1.349093e-04  
-2.162247e-06  -1.972473e-04  -4.859209e-03  +1.079918e-02  -2.421038e-02  -3.656965e-03  +4.260471e-03  +5.837322e-03  +3.237596e-03  -2.309301e-02  -4.379447e-02  +3.421769e-03  +2.203098e-05  +4.662613e+00  +6.484530e-04  +6.822763e-04  +2.779219e+00  +5.414650e-04  -1.750032e-04  +2.685279e+00  -1.785817e-04  -8.065311e-05  -2.875798e+00  
-1.806666e-08  -5.998222e-08  -1.127354e-06  -2.324460e-07  -7.245649e-06  -1.292804e-06  +2.076794e-06  +6.861894e-06  +1.055734e-06  -7.841172e-06  -1.663663e-05  +5.271746e-07  +3.415950e-08  +6.484530e-04  +7.561104e-07  +2.062535e-07  +1.089052e-03  +3.896655e-08  -4.618285e-08  +1.328126e-03  -1.574768e-07  -1.502993e-07  -9.110441e-04  
+2.072865e-08  +4.963250e-08  +1.640934e-06  +5.473639e-06  +2.588075e-06  +8.493566e-07  +6.517762e-07  +1.078485e-05  +1.063358e-07  -2.629602e-06  +6.814545e-06  +5.393325e-07  +7.942564e-08  +6.822763e-04  +2.062535e-07  +7.638943e-07  +1.857844e-04  -1.117795e-07  -9.587418e-09  +2.544475e-04  +4.239045e-08  -2.436440e-07  -2.507008e-04  
-4.143745e-05  -3.652171e-04  -9.730926e-03  -1.801114e-02  -4.254494e-02  -7.693761e-03  +4.577334e-03  -6.452755e-03  +4.896043e-03  -2.342964e-02  -1.205968e-01  +1.938040e-03  +1.792552e-04  +2.779219e+00  +1.089052e-03  +1.857844e-04  +5.285074e+00  +5.626038e-04  -3.014715e-04  +6.027470e+00  -5.545170e-04  +2.052789e-04  -4.498584e+00  
+7.308034e-09  -2.213413e-08  -3.576493e-06  +1.487970e-06  -4.852053e-06  -1.551128e-06  +2.869057e-06  -6.164224e-06  +4.367746e-07  -3.709787e-06  -1.802547e-05  -8.638506e-07  +4.204681e-08  +5.414650e-04  +3.896655e-08  -1.117795e-07  +5.626038e-04  +1.420101e-06  +3.700282e-08  +6.326324e-04  +1.111852e-07  +1.652306e-07  -9.972259e-04  
-5.310684e-09  +7.549926e-08  +1.693189e-06  +1.484754e-07  +4.719738e-06  +9.269024e-07  +1.614479e-07  +1.754304e-07  -2.302797e-07  +9.612175e-08  +9.112921e-06  -2.436429e-07  +1.789892e-07  -1.750032e-04  -4.618285e-08  -9.587418e-09  -3.014715e-04  +3.700282e-08  +7.559046e-07  -4.418024e-04  +2.094864e-07  +1.614046e-07  +4.589440e-04  
+6.156470e-06  -6.686074e-04  -1.372077e-02  -2.973843e-02  -5.774665e-02  -1.006687e-02  +5.852001e-03  -8.021410e-03  +6.650993e-03  -2.977981e-02  -1.741691e-01  +3.567636e-03  +9.873418e-04  +2.685279e+00  +1.328126e-03  +2.544475e-04  +6.027470e+00  +6.326324e-04  -4.418024e-04  +9.425130e+00  -3.230757e-04  +9.213365e-05  -5.561561e+00  
+1.510873e-08  +4.589564e-08  +1.429820e-06  +2.620577e-06  +7.376867e-06  +1.255469e-06  +2.320583e-07  +7.164009e-07  -4.786765e-07  +5.824761e-07  +1.677167e-05  -1.222557e-07  +1.486478e-07  -1.785817e-04  -1.574768e-07  +4.239045e-08  -5.545170e-04  +1.111852e-07  +2.094864e-07  -3.230757e-04  +6.676920e-07  +1.035792e-07  +5.115117e-04  
+3.218576e-08  +3.477259e-08  -8.138341e-07  -4.982506e-06  -6.834881e-07  -9.784797e-08  -1.287935e-06  -9.616545e-06  -9.647079e-08  +3.343770e-06  -6.143993e-06  -3.531964e-07  -1.797786e-07  -8.065311e-05  -1.502993e-07  -2.436440e-07  +2.052789e-04  +1.652306e-07  +1.614046e-07  +9.213365e-05  +1.035792e-07  +6.472794e-07  +1.410184e-04  
+1.595182e-06  +4.511401e-04  +1.086609e-02  +1.222239e-02  +4.637663e-02  +8.806043e-03  -7.584540e-03  +1.077527e-02  -5.105064e-03  +2.680374e-02  +1.321429e-01  -1.925359e-03  -1.349093e-04  -2.875798e+00  -9.110441e-04  -2.507008e-04  -4.498584e+00  -9.972259e-04  +4.589440e-04  -5.561561e+00  +5.115117e-04  +1.410184e-04  +5.961883e+00  
