mean:
+3.924390e+00  +3.906811e+00  +6.683670e-01  -1.229837e+00  +1.637374e+00  +5.984725e-01  +9.108553e-01  +1.984603e+00  +1.401595e-01  +2.008721e+00  +4.801201e+00  +1.905920e+00  +3.007173e+00  +8.142748e+02  +4.959834e+00  +4.479813e+00  +2.026031e+03  
covariance:
+2.846677e-05  +5.891757e-06  -1.997076e-05  +1.062370e-04  -6.850998e-05  +1.816852e-06  +1.258654e-05  +1.155292e-05  +5.949224e-08  -2.410326e-05  +1.080023e-04  -9.115789e-07  -2.158243e-07  -2.952951e-03  -2.974521e-07  +4.571095e-07  -1.520657e-02  
+5.891757e-06  +3.651979e-05  -2.676589e-05  +2.373734e-05  +9.351880e-06  -1.515458e-06  -2.240098e-05  +6.395537e-05  +5.194689e-06  -5.140974e-05  +1.278477e-04  -1.229075e-07  +3.722427e-07  -1.283593e-02  -9.829009e-08  +1.078252e-07  -2.313413e-02  
-1.997076e-05  -2.676589e-05  +1.275221e-04  -4.538917e-04  +3.292211e-04  -2.327932e-05  -1.632194e-05  -1.320549e-04  -1.012235e-06  +1.575122e-04  -8.408204e-04  +1.295202e-06  -3.029709e-07  +2.675532e-02  -1.100632e-06  -4.964946e-07  +9.843546e-02  
+1.062370e-04  +2.373734e-05  -4.538917e-04  +4.646001e-03  -2.465757e-03  +5.938764e-05  +4.532119e-04  -8.775389e-04  -7.212553e-05  -2.282975e-04  +3.001864e-03  +5.527278e-06  -1.472206e-06  -5.816137e-03  +6.500802e-06  +1.235668e-05  -3.273785e-01  
-6.850998e-05  +9.351880e-06  +3.292211e-04  -2.465757e-03  +2.709620e-03  -1.354800e-04  -2.164859e-04  -6.175406e-04  +5.438153e-05  +3.738854e-04  -4.099813e-03  +2.272632e-06  -6.735840e-07  +2.955534e-02  -5.556446e-06  -2.630926e-06  +3.234812e-01  
+1.816852e-06  -1.515458e-06  -2.327932e-05  +5.938764e-05  -1.354800e-04  +1.563910e-05  +8.365055e-07  +1.108219e-04  -1.252730e-06  -3.812252e-05  +3.008590e-04  -6.338878e-07  -1.288307e-07  -5.563937e-03  +2.875412e-07  -3.680507e-07  -2.582298e-02  
+1.258654e-05  -2.240098e-05  -1.632194e-05  +4.532119e-04  -2.164859e-04  +8.365055e-07  +8.867162e-05  -1.814559e-04  -1.330327e-05  +3.418736e-05  +4.527082e-05  +3.772652e-07  -1.712221e-07  +9.826054e-03  +5.078320e-07  +1.479739e-06  -2.727015e-03  
+1.155292e-05  +6.395537e-05  -1.320549e-04  -8.775389e-04  -6.175406e-04  +1.108219e-04  -1.814559e-04  +2.204609e-03  +2.337473e-05  -4.843469e-04  +2.511174e-03  -7.109896e-06  +1.964767e-06  -7.370275e-02  -1.928619e-06  -9.176325e-06  -1.892365e-01  
+5.949224e-08  +5.194689e-06  -1.012235e-06  -7.212553e-05  +5.438153e-05  -1.252730e-06  -1.330327e-05  +2.337473e-05  +4.774506e-06  -2.185413e-05  -3.044570e-05  -5.579487e-08  +2.012035e-07  -4.199199e-03  -1.547388e-07  -4.132914e-08  -1.319370e-03  
-2.410326e-05  -5.140974e-05  +1.575122e-04  -2.282975e-04  +3.738854e-04  -3.812252e-05  +3.418736e-05  -4.843469e-04  -2.185413e-05  +3.954212e-04  -1.267877e-03  +1.861168e-06  -1.237654e-06  +6.323501e-02  +6.759180e-08  -4.841477e-07  +1.453895e-01  
+1.080023e-04  +1.278477e-04  -8.408204e-04  +3.001864e-03  -4.099813e-03  +3.008590e-04  +4.527082e-05  +2.511174e-03  -3.044570e-05  -1.267877e-03  +9.261487e-03  -1.206353e-05  -1.640883e-06  -1.796461e-01  +6.218208e-06  -4.852688e-06  -8.100567e-01  
-9.115789e-07  -1.229075e-07  +1.295202e-06  +5.527278e-06  +2.272632e-06  -6.338878e-07  +3.772652e-07  -7.109896e-06  -5.579487e-08  +1.861168e-06  -1.206353e-05  +5.136046e-07  -4.533374e-08  +5.629955e-04  -6.348024e-09  -2.310375e-08  +1.340007e-03  
-2.158243e-07  +3.722427e-07  -3.029709e-07  -1.472206e-06  -6.735840e-07  -1.288307e-07  -1.712221e-07  +1.964767e-06  +2.012035e-07  -1.237654e-06  -1.640883e-06  -4.533374e-08  +5.272861e-07  -4.518549e-04  +2.774429e-08  +1.127302e-07  -3.247520e-04  
-2.952951e-03  -1.283593e-02  +2.675532e-02  -5.816137e-03  +2.955534e-02  -5.563937e-03  +9.826054e-03  -7.370275e-02  -4.199199e-03  +6.323501e-02  -1.796461e-01  +5.629955e-04  -4.518549e-04  +1.692388e+01  -2.501769e-04  -2.679649e-04  +2.460472e+01  
-2.974521e-07  -9.829009e-08  -1.100632e-06  +6.500802e-06  -5.556446e-06  +2.875412e-07  +5.078320e-07  -1.928619e-06  -1.547388e-07  +6.759180e-08  +6.218208e-06  -6.348024e-09  +2.774429e-08  -2.501769e-04  +2.850324e-07  +5.365103e-08  -8.431151e-04  
+4.571095e-07  +1.078252e-07  -4.964946e-07  +1.235668e-05  -2.630926e-06  -3.680507e-07  +1.479739e-06  -9.176325e-06  -4.132914e-08  -4.841477e-07  -4.852688e-06  -2.310375e-08  +1.127302e-07  -2.679649e-04  +5.365103e-08  +4.787435e-07  -2.750994e-04  
-1.520657e-02  -2.313413e-02  +9.843546e-02  -3.273785e-01  +3.234812e-01  -2.582298e-02  -2.727015e-03  -1.892365e-01  -1.319370e-03  +1.453895e-01  -8.100567e-01  +1.340007e-03  -3.247520e-04  +2.460472e+01  -8.431151e-04  -2.750994e-04  +9.219096e+01  
