mean:
+3.989842e+00  +3.956355e+00  +6.013441e-01  +2.018498e+00  +1.201037e+00  +4.004576e-01  +8.248269e-01  +2.209150e+00  +3.787968e-02  +3.883893e+00  +5.906105e+00  +4.477584e+00  +3.301444e+00  +3.234693e+02  +2.492257e+00  +3.691563e+00  +4.555686e+02  +4.639097e+00  +4.959993e+00  +8.039252e+02  +3.992266e+00  +5.121545e+00  +4.363663e+02  
covariance:
+5.850455e-06  +1.292125e-07  +8.257470e-07  +7.021065e-06  +2.421468e-06  -5.285478e-07  +4.102286e-06  -5.264247e-06  -1.878081e-07  +7.698916e-06  -1.666340e-05  -1.056745e-07  -1.576007e-07  +2.400996e-04  -9.993987e-08  +5.556018e-07  +1.785855e-03  -5.787245e-09  +2.561701e-08  +1.166491e-03  -4.321546e-07  +9.353257e-09  +1.218181e-03  
+1.292125e-07  +2.998186e-06  -2.863848e-06  +1.262369e-06  -2.402261e-06  +2.010862e-07  -2.841213e-06  +6.325597e-06  +2.110406e-07  -5.761016e-06  +7.121747e-06  -6.997483e-08  +2.857787e-07  -1.827982e-04  -2.005365e-07  -3.258939e-07  -1.523577e-03  +1.124230e-07  +1.187551e-07  -1.362933e-03  +8.631936e-09  -6.432143e-08  -3.058570e-04  
+8.257470e-07  -2.863848e-06  +2.422443e-05  +1.697097e-05  +2.055087e-05  -3.692477e-06  +3.329318e-05  -5.865059e-05  -1.982272e-06  +7.443510e-05  -1.180839e-04  -1.745431e-07  -2.787598e-06  +2.397822e-03  +6.326904e-07  +2.978377e-06  +1.615260e-02  -6.529396e-07  -8.018925e-07  +1.605097e-02  -4.443558e-06  +6.565227e-07  +7.812901e-03  
+7.021065e-06  +1.262369e-06  +1.697097e-05  +2.252027e-04  -9.907478e-06  -9.499099e-06  +1.985162e-06  -1.420799e-04  -1.339997e-06  +1.078273e-04  -1.872776e-04  -2.889683e-06  -4.765115e-07  +1.519114e-02  -2.400940e-06  +2.372554e-06  +1.743451e-02  +1.503292e-06  -2.524677e-06  +3.033309e-02  -4.359362e-07  +3.765530e-06  +4.193568e-04  
+2.421468e-06  -2.402261e-06  +2.055087e-05  -9.907478e-06  +8.546257e-05  -4.769974e-06  +5.416623e-05  -6.682516e-05  -2.707571e-06  +9.127080e-05  -1.254880e-04  +1.081370e-06  -2.703987e-06  +3.437396e-04  -1.427040e-08  +3.805251e-06  +2.535675e-02  -1.492640e-06  +4.830965e-07  +2.149381e-02  -5.219410e-06  -1.018765e-07  +1.210643e-02  
-5.285478e-07  +2.010862e-07  -3.692477e-06  -9.499099e-06  -4.769974e-06  +1.368173e-06  -6.642389e-06  +1.564774e-05  +3.999563e-07  -1.732318e-05  +2.964341e-05  +1.889215e-07  +5.233441e-07  -8.458049e-04  +6.581840e-08  -5.151688e-07  -3.658244e-03  +4.717788e-08  +1.684261e-07  -4.129626e-03  +1.062515e-06  -2.752596e-07  -1.847820e-03  
+4.102286e-06  -2.841213e-06  +3.329318e-05  +1.985162e-06  +5.416623e-05  -6.642389e-06  +8.088926e-05  -6.692310e-05  -4.329207e-06  +1.446108e-04  -2.176033e-04  +4.590517e-07  -6.148114e-06  -1.439551e-03  +1.194452e-07  +6.537565e-06  +3.349937e-02  -1.872138e-06  -6.026017e-07  +2.745094e-02  -1.366268e-05  +1.301472e-06  +1.805619e-02  
-5.264247e-06  +6.325597e-06  -5.865059e-05  -1.420799e-04  -6.682516e-05  +1.564774e-05  -6.692310e-05  +3.041230e-04  +4.194248e-06  -2.056314e-04  +3.888751e-04  +2.254144e-06  +3.772685e-06  -1.794077e-02  -1.061231e-06  -4.626675e-06  -4.491705e-02  +7.887118e-07  +2.053866e-06  -5.894144e-02  +2.676854e-06  -3.252684e-06  -2.081933e-02  
-1.878081e-07  +2.110406e-07  -1.982272e-06  -1.339997e-06  -2.707571e-06  +3.999563e-07  -4.329207e-06  +4.194248e-06  +2.697881e-07  -8.551290e-06  +1.244770e-05  -4.249969e-09  +3.474022e-07  -8.713654e-06  +5.231141e-09  -3.745061e-07  -1.888499e-03  +8.466923e-08  +6.326335e-08  -1.646808e-03  +7.663722e-07  -8.739002e-08  -9.344696e-04  
+7.698916e-06  -5.761016e-06  +7.443510e-05  +1.078273e-04  +9.127080e-05  -1.732318e-05  +1.446108e-04  -2.056314e-04  -8.551290e-06  +3.287496e-04  -5.084099e-04  -9.913456e-07  -1.200179e-05  +6.866707e-03  -1.593155e-07  +1.259435e-05  +6.959951e-02  -2.199520e-06  -2.747098e-06  +6.753061e-02  -2.477102e-05  +4.031571e-06  +3.401113e-02  
-1.666340e-05  +7.121747e-06  -1.180839e-04  -1.872776e-04  -1.254880e-04  +2.964341e-05  -2.176033e-04  +3.888751e-04  +1.244770e-05  -5.084099e-04  +9.231983e-04  +3.558575e-06  +1.715417e-05  -1.661303e-02  -2.230529e-06  -1.845852e-05  -1.080408e-01  +4.496295e-06  +3.845994e-06  -1.099551e-01  +3.357176e-05  -5.488242e-06  -6.113200e-02  
-1.056745e-07  -6.997483e-08  -1.745431e-07  -2.889683e-06  +1.081370e-06  +1.889215e-07  +4.590517e-07  +2.254144e-06  -4.249969e-09  -9.913456e-07  +3.558575e-06  +4.396283e-07  +5.600473e-09  -4.445708e-04  +9.748921e-08  +5.633960e-08  +1.433513e-04  -4.696943e-09  +7.616703e-09  -1.834440e-04  +1.762522e-07  -1.562995e-08  -3.073970e-04  
-1.576007e-07  +2.857787e-07  -2.787598e-06  -4.765115e-07  -2.703987e-06  +5.233441e-07  -6.148114e-06  +3.772685e-06  +3.474022e-07  -1.200179e-05  +1.715417e-05  +5.600473e-09  +8.358822e-07  +9.176410e-05  -7.091893e-08  -5.699365e-07  -2.497021e-03  +7.923730e-08  +1.145952e-07  -2.033737e-03  +1.258053e-06  -1.333786e-07  -1.354669e-03  
+2.400996e-04  -1.827982e-04  +2.397822e-03  +1.519114e-02  +3.437396e-04  -8.458049e-04  -1.439551e-03  -1.794077e-02  -8.713654e-06  +6.866707e-03  -1.661303e-02  -4.445708e-04  +9.176410e-05  +2.445103e+00  +1.259527e-04  -1.500094e-04  +6.421859e-01  +5.584970e-05  -7.446744e-05  +2.444958e+00  +9.682155e-04  +1.395249e-04  +4.102739e-01  
-9.993987e-08  -2.005365e-07  +6.326904e-07  -2.400940e-06  -1.427040e-08  +6.581840e-08  +1.194452e-07  -1.061231e-06  +5.231141e-09  -1.593155e-07  -2.230529e-06  +9.748921e-08  -7.091893e-08  +1.259527e-04  +4.099731e-07  -1.240757e-08  -8.254673e-05  -5.452543e-08  -1.284069e-08  -2.651939e-05  +3.431879e-07  -9.425578e-08  +2.283101e-04  
+5.556018e-07  -3.258939e-07  +2.978377e-06  +2.372554e-06  +3.805251e-06  -5.151688e-07  +6.537565e-06  -4.626675e-06  -3.745061e-07  +1.259435e-05  -1.845852e-05  +5.633960e-08  -5.699365e-07  -1.500094e-04  -1.240757e-08  +8.955155e-07  +2.924688e-03  -1.684994e-07  -1.395200e-07  +2.269772e-03  -1.209900e-06  +8.995551e-08  +1.099582e-03  
+1.785855e-03  -1.523577e-03  +1.615260e-02  +1.743451e-02  +2.535675e-02  -3.658244e-03  +3.349937e-02  -4.491705e-02  -1.888499e-03  +6.959951e-02  -1.080408e-01  +1.433513e-04  -2.497021e-03  +6.421859e-01  -8.254673e-05  +2.924688e-03  +1.642189e+01  -6.441864e-04  -4.837899e-04  +1.489332e+01  -5.126867e-03  +7.517497e-04  +7.416160e+00  
-5.787245e-09  +1.124230e-07  -6.529396e-07  +1.503292e-06  -1.492640e-06  +4.717788e-08  -1.872138e-06  +7.887118e-07  +8.466923e-08  -2.199520e-06  +4.496295e-06  -4.696943e-09  +7.923730e-08  +5.584970e-05  -5.452543e-08  -1.684994e-07  -6.441864e-04  +2.339435e-07  -4.382056e-08  -3.546833e-04  +2.753742e-07  +3.995175e-08  -4.635047e-04  
+2.561701e-08  +1.187551e-07  -8.018925e-07  -2.524677e-06  +4.830965e-07  +1.684261e-07  -6.026017e-07  +2.053866e-06  +6.326335e-08  -2.747098e-06  +3.845994e-06  +7.616703e-09  +1.145952e-07  -7.446744e-05  -1.284069e-08  -1.395200e-07  -4.837899e-04  -4.382056e-08  +1.989882e-07  -6.362293e-04  +1.881768e-07  -5.716307e-08  -9.629943e-06  
+1.166491e-03  -1.362933e-03  +1.605097e-02  +3.033309e-02  +2.149381e-02  -4.129626e-03  +2.745094e-02  -5.894144e-02  -1.646808e-03  +6.753061e-02  -1.099551e-01  -1.834440e-04  -2.033737e-03  +2.444958e+00  -2.651939e-05  +2.269772e-03  +1.489332e+01  -3.546833e-04  -6.362293e-04  +1.685024e+01  -4.153572e-03  +9.453021e-04  +6.693555e+00  
-4.321546e-07  +8.631936e-09  -4.443558e-06  -4.359362e-07  -5.219410e-06  +1.062515e-06  -1.366268e-05  +2.676854e-06  +7.663722e-07  -2.477102e-05  +3.357176e-05  +1.762522e-07  +1.258053e-06  +9.682155e-04  +3.431879e-07  -1.209900e-06  -5.126867e-03  +2.753742e-07  +1.881768e-07  -4.153572e-03  +4.133963e-06  -3.297292e-07  -3.111046e-03  
+9.353257e-09  -6.432143e-08  +6.565227e-07  +3.765530e-06  -1.018765e-07  -2.752596e-07  +1.301472e-06  -3.252684e-06  -8.739002e-08  +4.031571e-06  -5.488242e-06  -1.562995e-08  -1.333786e-07  +1.395249e-04  -9.425578e-08  +8.995551e-08  +7.517497e-04  +3.995175e-08  -5.716307e-08  +9.453021e-04  -3.297292e-07  +3.166268e-07  +1.311246e-04  
+1.218181e-03  -3.058570e-04  +7.812901e-03  +4.193568e-04  +1.210643e-02  -1.847820e-03  +1.805619e-02  -2.081933e-02  -9.344696e-04  +3.401113e-02  -6.113200e-02  -3.073970e-04  -1.354669e-03  +4.102739e-01  +2.283101e-04  +1.099582e-03  +7.416160e+00  -4.635047e-04  -9.629943e-06  +6.693555e+00  -3.111046e-03  +1.311246e-04  +5.792350e+00  
