mean:
+4.017540e+00  +3.960534e+00  +8.248808e-01  +1.295172e+00  +1.227988e+00  +5.073222e-01  +8.332327e-01  +1.389353e+00  +1.731574e-01  +1.911895e+00  +5.791298e+00  +3.659619e+00  +2.855119e+00  +2.181839e+02  +4.309231e+00  +5.128346e+00  +2.990193e+02  +5.252411e+00  +3.798573e+00  +3.453534e+02  +2.880750e+00  +4.480557e+00  +4.085503e+02  
covariance:
+2.530794e-06  +6.234195e-07  +1.479861e-06  +1.645185e-06  -9.228689e-07  -3.015492e-06  +1.003921e-06  -6.815142e-06  +4.909764e-06  -3.605636e-05  +8.337075e-05  +2.371770e-07  -3.507032e-07  -4.282807e-03  +1.169824e-06  -1.059519e-06  -9.015804e-03  -4.455316e-07  +3.216796e-07  -9.554247e-03  -5.986783e-07  +1.416046e-07  -9.068271e-03  
+6.234195e-07  +1.923896e-06  +1.157169e-07  +3.095514e-07  -4.013871e-07  -1.313917e-06  +2.798408e-07  -2.953488e-06  +1.881673e-06  -1.356942e-05  +3.107341e-05  +1.449951e-07  -2.685102e-07  -1.450284e-03  +4.280882e-07  -4.397750e-07  -3.782886e-03  -1.264189e-07  -1.658134e-08  -4.250798e-03  -1.980130e-07  -1.329429e-07  -4.049790e-03  
+1.479861e-06  +1.157169e-07  +1.861162e-05  +1.264379e-06  -2.604207e-06  -4.699576e-06  -7.461379e-06  -1.526276e-05  +7.245867e-06  -4.208763e-05  +1.102970e-04  -9.505784e-08  +1.046480e-06  -6.227313e-03  +5.718752e-07  -1.453833e-06  -8.746797e-03  -1.351730e-06  -2.313772e-07  -7.791416e-03  -1.018006e-06  +6.854424e-07  -6.771195e-03  
+1.645185e-06  +3.095514e-07  +1.264379e-06  +6.213545e-05  -1.653717e-06  -7.912606e-06  +8.416258e-06  -4.559564e-05  +5.939039e-06  -6.280672e-05  +2.217403e-04  +1.186888e-06  +3.961458e-07  -1.158184e-02  +1.907238e-06  -3.339981e-06  -1.825477e-02  -1.069743e-06  -6.581985e-07  -2.201332e-02  -7.608434e-07  -1.827283e-07  -1.910890e-02  
-9.228689e-07  -4.013871e-07  -2.604207e-06  -1.653717e-06  +3.120069e-06  +4.074117e-06  -1.689949e-06  +4.090904e-06  -3.613511e-06  +3.032044e-05  -8.455623e-05  +1.306385e-08  +4.118523e-07  +4.069336e-03  -1.238264e-06  +8.264339e-07  +9.499568e-03  +1.906261e-07  -3.147493e-07  +8.588197e-03  +9.330229e-07  +1.998045e-07  +9.188059e-03  
-3.015492e-06  -1.313917e-06  -4.699576e-06  -7.912606e-06  +4.074117e-06  +1.361371e-05  -8.161248e-06  +1.927320e-05  -1.072006e-05  +9.495173e-05  -2.896604e-04  -2.028410e-07  +1.340716e-06  +1.309080e-02  -3.764438e-06  +3.162401e-06  +3.148328e-02  +9.291433e-07  -8.197153e-07  +3.125522e-02  +2.095549e-06  +1.293324e-06  +3.246454e-02  
+1.003921e-06  +2.798408e-07  -7.461379e-06  +8.416258e-06  -1.689949e-06  -8.161248e-06  +1.708409e-05  +3.264774e-06  -1.511541e-07  -3.021205e-05  +1.557454e-04  -6.208275e-07  -1.751723e-06  -6.051629e-03  +2.926348e-06  -1.465760e-06  -1.779591e-02  +3.027988e-07  +6.683818e-07  -1.873035e-02  -1.011699e-06  -1.623948e-06  -2.121654e-02  
-6.815142e-06  -2.953488e-06  -1.526276e-05  -4.559564e-05  +4.090904e-06  +1.927320e-05  +3.264774e-06  +2.101942e-04  -3.546285e-05  +2.548308e-04  -5.665167e-04  -5.157163e-06  -2.061372e-06  +2.976043e-02  -4.439360e-06  +7.241354e-06  +5.386664e-02  +1.388369e-06  +6.854083e-07  +6.364702e-02  +1.525324e-06  -5.337773e-07  +5.198367e-02  
+4.909764e-06  +1.881673e-06  +7.245867e-06  +5.939039e-06  -3.613511e-06  -1.072006e-05  -1.511541e-07  -3.546285e-05  +2.550048e-05  -1.741362e-04  +2.904219e-04  +1.447007e-06  -8.919403e-07  -1.760457e-02  +5.227565e-06  -4.859361e-06  -3.649746e-02  -1.653540e-06  +7.586094e-07  -3.710618e-02  -2.720014e-06  +2.192901e-06  -3.457186e-02  
-3.605636e-05  -1.356942e-05  -4.208763e-05  -6.280672e-05  +3.032044e-05  +9.495173e-05  -3.021205e-05  +2.548308e-04  -1.741362e-04  +1.274584e-03  -2.476494e-03  -9.570230e-06  +9.468045e-06  +1.380291e-01  -4.146623e-05  +3.702678e-05  +2.950977e-01  +1.112369e-05  -7.619697e-06  +3.018122e-01  +2.102415e-05  -9.774757e-06  +2.883641e-01  
+8.337075e-05  +3.107341e-05  +1.102970e-04  +2.217403e-04  -8.455623e-05  -2.896604e-04  +1.557454e-04  -5.665167e-04  +2.904219e-04  -2.476494e-03  +7.596697e-03  +2.089334e-05  -2.463299e-05  -3.369642e-01  +8.338852e-05  -7.802904e-05  -7.379983e-01  -1.942147e-05  +3.049459e-05  -7.659683e-01  -4.595122e-05  -2.897840e-05  -7.517350e-01  
+2.371770e-07  +1.449951e-07  -9.505784e-08  +1.186888e-06  +1.306385e-08  -2.028410e-07  -6.208275e-07  -5.157163e-06  +1.447007e-06  -9.570230e-06  +2.089334e-05  +8.661564e-07  +1.299092e-07  -7.995169e-04  +1.041738e-07  -5.461949e-08  -1.455958e-03  +8.006424e-08  +7.400750e-08  -2.056566e-03  -5.050028e-08  -2.330516e-07  -1.394335e-03  
-3.507032e-07  -2.685102e-07  +1.046480e-06  +3.961458e-07  +4.118523e-07  +1.340716e-06  -1.751723e-06  -2.061372e-06  -8.919403e-07  +9.468045e-06  -2.463299e-05  +1.299092e-07  +1.090140e-06  +1.304731e-03  -7.716154e-07  +5.528717e-07  +3.714648e-03  +1.402897e-07  -2.187270e-07  +4.173787e-03  +2.781293e-07  +1.993717e-08  +4.550374e-03  
-4.282807e-03  -1.450284e-03  -6.227313e-03  -1.158184e-02  +4.069336e-03  +1.309080e-02  -6.051629e-03  +2.976043e-02  -1.760457e-02  +1.380291e-01  -3.369642e-01  -7.995169e-04  +1.304731e-03  +1.793866e+01  -4.808531e-03  +4.562347e-03  +3.573725e+01  +1.288959e-03  -1.078713e-03  +3.775711e+01  +2.450711e-03  +1.138041e-04  +3.622943e+01  
+1.169824e-06  +4.280882e-07  +5.718752e-07  +1.907238e-06  -1.238264e-06  -3.764438e-06  +2.926348e-06  -4.439360e-06  +5.227565e-06  -4.146623e-05  +8.338852e-05  +1.041738e-07  -7.716154e-07  -4.808531e-03  +2.229771e-06  -1.320622e-06  -1.075193e-02  -3.457330e-07  +3.467985e-07  -1.127454e-02  -9.252813e-07  +2.235302e-07  -1.138829e-02  
-1.059519e-06  -4.397750e-07  -1.453833e-06  -3.339981e-06  +8.264339e-07  +3.162401e-06  -1.465760e-06  +7.241354e-06  -4.859361e-06  +3.702678e-05  -7.802904e-05  -5.461949e-08  +5.528717e-07  +4.562347e-03  -1.320622e-06  +1.687982e-06  +9.156677e-03  +4.734347e-07  -8.645915e-08  +9.915034e-03  +5.329296e-07  -2.296853e-07  +9.410100e-03  
-9.015804e-03  -3.782886e-03  -8.746797e-03  -1.825477e-02  +9.499568e-03  +3.148328e-02  -1.779591e-02  +5.386664e-02  -3.649746e-02  +2.950977e-01  -7.379983e-01  -1.455958e-03  +3.714648e-03  +3.573725e+01  -1.075193e-02  +9.156677e-03  +8.464182e+01  +2.555562e-03  -2.610204e-03  +8.486080e+01  +5.692606e-03  +7.900662e-04  +8.541659e+01  
-4.455316e-07  -1.264189e-07  -1.351730e-06  -1.069743e-06  +1.906261e-07  +9.291433e-07  +3.027988e-07  +1.388369e-06  -1.653540e-06  +1.112369e-05  -1.942147e-05  +8.006424e-08  +1.402897e-07  +1.288959e-03  -3.457330e-07  +4.734347e-07  +2.555562e-03  +9.044494e-07  -1.074982e-08  +2.671782e-03  +1.933855e-07  -2.025851e-07  +2.719429e-03  
+3.216796e-07  -1.658134e-08  -2.313772e-07  -6.581985e-07  -3.147493e-07  -8.197153e-07  +6.683818e-07  +6.854083e-07  +7.586094e-07  -7.619697e-06  +3.049459e-05  +7.400750e-08  -2.187270e-07  -1.078713e-03  +3.467985e-07  -8.645915e-08  -2.610204e-03  -1.074982e-08  +7.097884e-07  -2.193483e-03  -2.013453e-07  -2.302836e-07  -2.405248e-03  
-9.554247e-03  -4.250798e-03  -7.791416e-03  -2.201332e-02  +8.588197e-03  +3.125522e-02  -1.873035e-02  +6.364702e-02  -3.710618e-02  +3.018122e-01  -7.659683e-01  -2.056566e-03  +4.173787e-03  +3.775711e+01  -1.127454e-02  +9.915034e-03  +8.486080e+01  +2.671782e-03  -2.193483e-03  +9.270443e+01  +5.458543e-03  +1.245333e-03  +8.948219e+01  
-5.986783e-07  -1.980130e-07  -1.018006e-06  -7.608434e-07  +9.330229e-07  +2.095549e-06  -1.011699e-06  +1.525324e-06  -2.720014e-06  +2.102415e-05  -4.595122e-05  -5.050028e-08  +2.781293e-07  +2.450711e-03  -9.252813e-07  +5.329296e-07  +5.692606e-03  +1.933855e-07  -2.013453e-07  +5.458543e-03  +7.758696e-07  -1.176676e-07  +5.599402e-03  
+1.416046e-07  -1.329429e-07  +6.854424e-07  -1.827283e-07  +1.998045e-07  +1.293324e-06  -1.623948e-06  -5.337773e-07  +2.192901e-06  -9.774757e-06  -2.897840e-05  -2.330516e-07  +1.993717e-08  +1.138041e-04  +2.235302e-07  -2.296853e-07  +7.900662e-04  -2.025851e-07  -2.302836e-07  +1.245333e-03  -1.176676e-07  +1.629624e-06  +1.593420e-03  
-9.068271e-03  -4.049790e-03  -6.771195e-03  -1.910890e-02  +9.188059e-03  +3.246454e-02  -2.121654e-02  +5.198367e-02  -3.457186e-02  +2.883641e-01  -7.517350e-01  -1.394335e-03  +4.550374e-03  +3.622943e+01  -1.138829e-02  +9.410100e-03  +8.541659e+01  +2.719429e-03  -2.405248e-03  +8.948219e+01  +5.599402e-03  +1.593420e-03  +8.990722e+01  
