mean:
+4.004559e+00  +3.951688e+00  +5.897903e-01  +2.032744e+00  +1.229780e+00  +3.999734e-01  +8.429999e-01  +2.248752e+00  +4.343694e-02  +3.852646e+00  +5.876992e+00  +4.478055e+00  +3.301484e+00  +3.262142e+02  +2.492459e+00  +3.691570e+00  +4.591067e+02  +4.639451e+00  +4.959594e+00  +8.040881e+02  +3.992228e+00  +5.121795e+00  +4.304504e+02  
covariance:
+2.655243e-04  -1.583179e-04  +3.667377e-05  +1.845271e-05  -1.283810e-04  -3.327799e-06  -3.060337e-04  -9.088736e-05  +1.999850e-05  -9.694758e-05  +7.678807e-04  -1.074575e-05  +5.272126e-06  -4.879512e-03  -2.805618e-06  -2.238457e-05  -7.435449e-02  -5.366989e-07  +5.727491e-07  -4.091683e-02  +3.281380e-05  -1.815434e-05  -1.544692e-02  
-1.583179e-04  +1.103065e-04  -2.533290e-05  -9.506838e-06  +1.130756e-04  +2.987499e-06  +1.960907e-04  +7.502150e-05  -1.324351e-05  +7.518242e-05  -4.592186e-04  +7.411286e-06  -4.001554e-06  +4.416467e-03  +3.236374e-06  +1.598282e-05  +4.684300e-02  +3.204976e-07  -9.372656e-08  +2.342637e-02  -2.352291e-05  +1.081699e-05  +8.441233e-03  
+3.667377e-05  -2.533290e-05  +8.797852e-06  +3.044380e-06  -2.702722e-05  -3.566390e-07  -4.594438e-05  -1.788761e-05  +3.037336e-06  -1.825359e-05  +1.113226e-04  -1.737678e-06  +1.160395e-06  -8.699548e-04  -4.646882e-07  -3.818488e-06  -1.099387e-02  -1.255972e-07  -1.344881e-07  -5.538633e-03  +5.566547e-06  -2.649363e-06  -1.470243e-03  
+1.845271e-05  -9.506838e-06  +3.044380e-06  +8.532861e-05  -2.340770e-05  -2.541816e-06  -2.231850e-05  -3.093852e-05  +1.831635e-06  -3.433843e-06  -4.582656e-05  -1.765221e-06  +4.575597e-06  +7.081549e-04  -2.561714e-07  -2.107918e-06  -2.385633e-03  -3.882087e-07  -1.917234e-06  +3.329700e-03  +1.503780e-06  +4.097518e-08  -1.430596e-03  
-1.283810e-04  +1.130756e-04  -2.702722e-05  -2.340770e-05  +1.982534e-04  +6.832996e-06  +1.740920e-04  +1.286679e-04  -1.296963e-05  +9.573223e-05  -2.940744e-04  +7.787289e-06  -5.602803e-06  +5.033877e-03  +4.868388e-06  +1.963113e-05  +3.875822e-02  +2.547045e-07  +2.782487e-06  +1.226253e-02  -2.531454e-05  +7.203194e-06  +1.235279e-03  
-3.327799e-06  +2.987499e-06  -3.566390e-07  -2.541816e-06  +6.832996e-06  +8.893362e-07  +4.604318e-06  +3.947685e-06  -3.555614e-07  +2.630302e-06  -7.300127e-06  -1.990749e-08  +1.724977e-08  +2.435113e-04  +2.554537e-07  +6.382731e-07  +9.578140e-04  -6.985361e-09  +2.986111e-07  +1.723687e-04  -1.482317e-07  +1.787468e-07  +1.319044e-04  
-3.060337e-04  +1.960907e-04  -4.594438e-05  -2.231850e-05  +1.740920e-04  +4.604318e-06  +3.857985e-04  +1.046740e-04  -2.472708e-05  +1.283850e-04  -9.904364e-04  +1.318466e-05  -6.190506e-06  +9.060997e-03  +4.183087e-06  +2.798231e-05  +9.384150e-02  +1.046752e-06  -1.367184e-06  +5.228868e-02  -4.178791e-05  +2.286914e-05  +2.243275e-02  
-9.088736e-05  +7.502150e-05  -1.788761e-05  -3.093852e-05  +1.286679e-04  +3.947685e-06  +1.046740e-04  +1.361886e-04  -8.499686e-06  +5.958030e-05  -9.616133e-05  +6.436966e-06  -6.738299e-06  +6.814706e-04  +2.459057e-06  +1.325830e-05  +2.257199e-02  -6.216421e-07  +2.688370e-06  +2.142137e-03  -1.922959e-05  +3.339446e-06  -4.092796e-03  
+1.999850e-05  -1.324351e-05  +3.037336e-06  +1.831635e-06  -1.296963e-05  -3.555614e-07  -2.472708e-05  -8.499686e-06  +1.696695e-06  -9.007048e-06  +5.807997e-05  -9.194248e-07  +5.036780e-07  -5.185857e-04  -3.596819e-07  -1.931437e-06  -5.902069e-03  -7.029971e-08  +3.081471e-08  -3.027551e-03  +2.880251e-06  -1.388592e-06  -1.196335e-03  
-9.694758e-05  +7.518242e-05  -1.825359e-05  -3.433843e-06  +9.573223e-05  +2.630302e-06  +1.283850e-04  +5.958030e-05  -9.007048e-06  +6.399663e-05  -2.817189e-04  +5.300260e-06  -2.428848e-06  +3.934110e-03  +2.417294e-06  +1.156453e-05  +3.046340e-02  +4.709890e-07  +4.990305e-07  +1.376839e-02  -1.688409e-05  +6.954512e-06  +4.813664e-03  
+7.678807e-04  -4.592186e-04  +1.113226e-04  -4.582656e-05  -2.940744e-04  -7.300127e-06  -9.904364e-04  -9.616133e-05  +5.807997e-05  -2.817189e-04  +3.090555e-03  -2.575619e-05  +1.655312e-06  -2.972128e-02  -4.944545e-06  -6.100511e-05  -2.539221e-01  -2.635424e-06  +9.555975e-06  -1.656302e-01  +8.857440e-05  -6.607154e-05  -7.720362e-02  
-1.074575e-05  +7.411286e-06  -1.737678e-06  -1.765221e-06  +7.787289e-06  -1.990749e-08  +1.318466e-05  +6.436966e-06  -9.194248e-07  +5.300260e-06  -2.575619e-05  +9.069256e-07  -4.820033e-07  +1.530417e-04  +1.049635e-07  +1.130676e-06  +3.028842e-03  +7.162137e-08  -1.643225e-08  +1.378699e-03  -1.897419e-06  +6.432915e-07  +4.052977e-04  
+5.272126e-06  -4.001554e-06  +1.160395e-06  +4.575597e-06  -5.602803e-06  +1.724977e-08  -6.190506e-06  -6.738299e-06  +5.036780e-07  -2.428848e-06  +1.655312e-06  -4.820033e-07  +9.184956e-07  +1.472110e-04  -1.838144e-07  -6.693025e-07  -1.200972e-03  +6.693042e-09  -5.548580e-08  +2.986810e-05  +1.277916e-06  -1.362101e-07  +2.815269e-04  
-4.879512e-03  +4.416467e-03  -8.699548e-04  +7.081549e-04  +5.033877e-03  +2.435113e-04  +9.060997e-03  +6.814706e-04  -5.185857e-04  +3.934110e-03  -2.972128e-02  +1.530417e-04  +1.472110e-04  +8.628364e-01  +1.587704e-04  +5.216713e-04  +2.293225e+00  +3.373118e-05  -3.291000e-05  +1.531882e+00  -9.483943e-04  +6.421807e-04  +1.117173e+00  
-2.805618e-06  +3.236374e-06  -4.646882e-07  -2.561714e-07  +4.868388e-06  +2.554537e-07  +4.183087e-06  +2.459057e-06  -3.596819e-07  +2.417294e-06  -4.944545e-06  +1.049635e-07  -1.838144e-07  +1.587704e-04  +5.114320e-07  +5.018214e-07  +8.364177e-04  -8.134837e-08  +5.610748e-08  +1.052440e-04  -4.985208e-07  +9.027816e-08  +1.248663e-04  
-2.238457e-05  +1.598282e-05  -3.818488e-06  -2.107918e-06  +1.963113e-05  +6.382731e-07  +2.798231e-05  +1.325830e-05  -1.931437e-06  +1.156453e-05  -6.100511e-05  +1.130676e-06  -6.693025e-07  +5.216713e-04  +5.018214e-07  +2.632911e-06  +6.608478e-03  +3.470903e-08  +9.737098e-08  +3.009086e-03  -3.344261e-06  +1.431916e-06  +8.553427e-04  
-7.435449e-02  +4.684300e-02  -1.099387e-02  -2.385633e-03  +3.875822e-02  +9.578140e-04  +9.384150e-02  +2.257199e-02  -5.902069e-03  +3.046340e-02  -2.539221e-01  +3.028842e-03  -1.200972e-03  +2.293225e+00  +8.364177e-04  +6.608478e-03  +2.346233e+01  +2.094579e-04  -6.291286e-04  +1.344181e+01  -9.916067e-03  +5.722937e-03  +5.766250e+00  
-5.366989e-07  +3.204976e-07  -1.255972e-07  -3.882087e-07  +2.547045e-07  -6.985361e-09  +1.046752e-06  -6.216421e-07  -7.029971e-08  +4.709890e-07  -2.635424e-06  +7.162137e-08  +6.693042e-09  +3.373118e-05  -8.134837e-08  +3.470903e-08  +2.094579e-04  +2.104722e-07  -1.630672e-08  +2.306806e-04  -2.289532e-07  +1.185970e-07  +1.051980e-04  
+5.727491e-07  -9.372656e-08  -1.344881e-07  -1.917234e-06  +2.782487e-06  +2.986111e-07  -1.367184e-06  +2.688370e-06  +3.081471e-08  +4.990305e-07  +9.555975e-06  -1.643225e-08  -5.548580e-08  -3.291000e-05  +5.610748e-08  +9.737098e-08  -6.291286e-04  -1.630672e-08  +4.532721e-07  -6.541941e-04  +2.342447e-07  -1.215749e-07  -3.592391e-04  
-4.091683e-02  +2.342637e-02  -5.538633e-03  +3.329700e-03  +1.226253e-02  +1.723687e-04  +5.228868e-02  +2.142137e-03  -3.027551e-03  +1.376839e-02  -1.656302e-01  +1.378699e-03  +2.986810e-05  +1.531882e+00  +1.052440e-04  +3.009086e-03  +1.344181e+01  +2.306806e-04  -6.541941e-04  +9.254004e+00  -4.695282e-03  +3.585484e-03  +4.321909e+00  
+3.281380e-05  -2.352291e-05  +5.566547e-06  +1.503780e-06  -2.531454e-05  -1.482317e-07  -4.178791e-05  -1.922959e-05  +2.880251e-06  -1.688409e-05  +8.857440e-05  -1.897419e-06  +1.277916e-06  -9.483943e-04  -4.985208e-07  -3.344261e-06  -9.916067e-03  -2.289532e-07  +2.342447e-07  -4.695282e-03  +6.630559e-06  -2.277893e-06  -1.454580e-03  
-1.815434e-05  +1.081699e-05  -2.649363e-06  +4.097518e-08  +7.203194e-06  +1.787468e-07  +2.286914e-05  +3.339446e-06  -1.388592e-06  +6.954512e-06  -6.607154e-05  +6.432915e-07  -1.362101e-07  +6.421807e-04  +9.027816e-08  +1.431916e-06  +5.722937e-03  +1.185970e-07  -1.215749e-07  +3.585484e-03  -2.277893e-06  +1.627609e-06  +1.668904e-03  
-1.544692e-02  +8.441233e-03  -1.470243e-03  -1.430596e-03  +1.235279e-03  +1.319044e-04  +2.243275e-02  -4.092796e-03  -1.196335e-03  +4.813664e-03  -7.720362e-02  +4.052977e-04  +2.815269e-04  +1.117173e+00  +1.248663e-04  +8.553427e-04  +5.766250e+00  +1.051980e-04  -3.592391e-04  +4.321909e+00  -1.454580e-03  +1.668904e-03  +3.185730e+00  
