mean:
+3.958094e+00  +3.924598e+00  +6.594206e-01  -1.170982e+00  +1.618245e+00  +4.040603e-01  +9.194107e-01  +2.068749e+00  +1.558775e-01  +1.986640e+00  +4.768512e+00  +1.635122e+00  +2.883428e+00  +8.096824e+02  +4.800005e+00  +4.399082e+00  +2.015925e+03  
covariance:
+6.225813e-06  +4.315987e-06  -6.294180e-06  +1.584553e-05  -4.006375e-06  -1.511526e-06  -1.787179e-06  +2.175029e-05  +2.958161e-06  -2.603301e-05  +1.656025e-04  -5.829428e-07  +3.289635e-07  -7.508040e-03  +1.256181e-07  -8.317648e-09  -1.166256e-02  
+4.315987e-06  +7.777263e-06  -6.353887e-06  +1.939787e-05  -5.017960e-06  -1.546483e-06  -2.101672e-06  +2.234346e-05  +3.324502e-06  -2.934928e-05  +1.797677e-04  -6.303623e-07  +2.084396e-07  -8.189242e-03  +8.572843e-08  +2.816736e-08  -1.317441e-02  
-6.294180e-06  -6.353887e-06  +2.622824e-05  -3.308842e-05  +7.196851e-06  -5.621133e-07  +1.948871e-06  -1.972089e-05  -5.990758e-06  +5.194304e-05  -2.085008e-04  +6.506279e-07  -8.549891e-07  +7.560081e-03  -1.041997e-07  -7.202614e-08  +1.797260e-02  
+1.584553e-05  +1.939787e-05  -3.308842e-05  +1.354308e-04  -1.782545e-05  -7.007520e-06  -8.630997e-06  +1.033741e-04  +1.530066e-05  -1.368758e-04  +6.665635e-04  -1.522795e-06  +2.219698e-06  -2.660426e-02  +2.251838e-07  +2.812628e-07  -4.899161e-02  
-4.006375e-06  -5.017960e-06  +7.196851e-06  -1.782545e-05  +2.515371e-05  +2.644786e-06  +7.796690e-06  -1.930615e-05  -3.190634e-06  +2.048970e-05  -1.133406e-04  +3.601070e-07  -4.164500e-07  +5.362798e-03  -6.044386e-07  -5.467364e-08  +6.324711e-03  
-1.511526e-06  -1.546483e-06  -5.621133e-07  -7.007520e-06  +2.644786e-06  +2.785506e-06  +3.726312e-06  -1.625395e-05  -1.128396e-06  +7.461241e-06  -6.545849e-05  -1.493724e-08  -2.344401e-07  +3.788093e-03  -5.054463e-08  -1.009954e-07  +2.522817e-03  
-1.787179e-06  -2.101672e-06  +1.948871e-06  -8.630997e-06  +7.796690e-06  +3.726312e-06  +1.592184e-05  +3.302451e-06  -3.755170e-06  +5.151722e-08  +7.511159e-05  +1.273934e-07  -3.828716e-07  -8.521941e-04  -7.207476e-10  -7.562208e-08  -1.137176e-02  
+2.175029e-05  +2.234346e-05  -1.972089e-05  +1.033741e-04  -1.930615e-05  -1.625395e-05  +3.302451e-06  +3.232578e-04  +8.902828e-06  -1.786015e-04  +1.571636e-03  -5.329074e-07  +1.739036e-06  -7.123181e-02  +1.336510e-06  +9.751437e-07  -1.180084e-01  
+2.958161e-06  +3.324502e-06  -5.990758e-06  +1.530066e-05  -3.190634e-06  -1.128396e-06  -3.755170e-06  +8.902828e-06  +4.212994e-06  -2.458228e-05  +4.697241e-05  -3.335622e-07  +2.972984e-07  -2.582891e-03  +1.198078e-08  -4.322758e-08  -3.559108e-03  
-2.603301e-05  -2.934928e-05  +5.194304e-05  -1.368758e-04  +2.048970e-05  +7.461241e-06  +5.151722e-08  -1.786015e-04  -2.458228e-05  +2.480566e-04  -1.192001e-03  +2.797555e-06  -2.543399e-06  +5.207791e-02  -2.828633e-07  -3.513896e-08  +9.994079e-02  
+1.656025e-04  +1.797677e-04  -2.085008e-04  +6.665635e-04  -1.133406e-04  -6.545849e-05  +7.511159e-05  +1.571636e-03  +4.697241e-05  -1.192001e-03  +1.155148e-02  -1.640900e-05  +1.229313e-05  -4.990500e-01  +4.088490e-06  +5.434193e-06  -8.845981e-01  
-5.829428e-07  -6.303623e-07  +6.506279e-07  -1.522795e-06  +3.601070e-07  -1.493724e-08  +1.273934e-07  -5.329074e-07  -3.335622e-07  +2.797555e-06  -1.640900e-05  +2.708992e-07  -9.011274e-09  +7.739213e-04  -1.211111e-08  +1.623218e-08  +1.488436e-03  
+3.289635e-07  +2.084396e-07  -8.549891e-07  +2.219698e-06  -4.164500e-07  -2.344401e-07  -3.828716e-07  +1.739036e-06  +2.972984e-07  -2.543399e-06  +1.229313e-05  -9.011274e-09  +2.444381e-07  -4.701761e-04  +2.456919e-08  +1.672806e-08  -8.854721e-04  
-7.508040e-03  -8.189242e-03  +7.560081e-03  -2.660426e-02  +5.362798e-03  +3.788093e-03  -8.521941e-04  -7.123181e-02  -2.582891e-03  +5.207791e-02  -4.990500e-01  +7.739213e-04  -4.701761e-04  +2.311552e+01  -1.683534e-04  -2.476480e-04  +3.718341e+01  
+1.256181e-07  +8.572843e-08  -1.041997e-07  +2.251838e-07  -6.044386e-07  -5.054463e-08  -7.207476e-10  +1.336510e-06  +1.198078e-08  -2.828633e-07  +4.088490e-06  -1.211111e-08  +2.456919e-08  -1.683534e-04  +1.377404e-07  +1.101681e-08  -2.669765e-04  
-8.317648e-09  +2.816736e-08  -7.202614e-08  +2.812628e-07  -5.467364e-08  -1.009954e-07  -7.562208e-08  +9.751437e-07  -4.322758e-08  -3.513896e-08  +5.434193e-06  +1.623218e-08  +1.672806e-08  -2.476480e-04  +1.101681e-08  +1.072428e-07  -4.048946e-04  
-1.166256e-02  -1.317441e-02  +1.797260e-02  -4.899161e-02  +6.324711e-03  +2.522817e-03  -1.137176e-02  -1.180084e-01  -3.559108e-03  +9.994079e-02  -8.845981e-01  +1.488436e-03  -8.854721e-04  +3.718341e+01  -2.669765e-04  -4.048946e-04  +7.552889e+01  
