mean:
+3.984836e+00  +3.939521e+00  +6.264367e-01  -1.162076e+00  +1.671518e+00  +4.960017e-01  +9.242415e-01  +1.967324e+00  +1.423562e-01  +1.991309e+00  +4.820400e+00  +1.840464e+00  +2.983707e+00  +8.045745e+02  +4.959980e+00  +4.479961e+00  +2.014576e+03  
covariance:
+6.975270e-06  +1.365583e-06  +2.201909e-07  +1.876117e-05  +8.495258e-06  -8.886392e-07  +7.664368e-06  -4.663523e-05  -1.646606e-06  +1.420506e-05  -5.488060e-05  +3.251832e-07  -5.830657e-07  +2.470280e-03  +1.046317e-08  +1.098993e-08  +6.137115e-03  
+1.365583e-06  +5.355315e-06  +2.150242e-06  -5.635285e-06  +1.259326e-05  +1.167837e-06  -4.793834e-06  +1.678888e-05  +6.954380e-07  -1.716117e-06  +2.940898e-05  +4.143496e-07  -7.013748e-07  -1.487482e-03  +8.922831e-08  +1.015160e-07  -1.943939e-03  
+2.201909e-07  +2.150242e-06  +1.116795e-04  -8.359313e-06  +5.915594e-05  +1.261601e-05  -1.397337e-04  -4.205680e-05  +1.210110e-05  +4.982526e-05  -5.543994e-05  +2.257518e-06  +2.235295e-07  -2.010570e-02  -1.769858e-08  +1.837366e-07  +5.740825e-03  
+1.876117e-05  -5.635285e-06  -8.359313e-06  +6.854170e-04  -6.010819e-05  -4.269158e-05  +1.555509e-04  -5.987971e-04  -1.571534e-05  +1.379909e-04  -8.505662e-04  +2.212613e-06  -1.901341e-07  +4.196122e-02  -5.305732e-07  -1.839642e-06  +9.188953e-02  
+8.495258e-06  +1.259326e-05  +5.915594e-05  -6.010819e-05  +3.171794e-04  +1.574463e-05  -7.660191e-05  -2.379986e-04  +4.585065e-06  +8.583213e-05  -2.361194e-04  +3.559440e-06  -7.977074e-06  -6.752065e-03  -1.963992e-07  +1.248074e-07  +2.940632e-02  
-8.886392e-07  +1.167837e-06  +1.261601e-05  -4.269158e-05  +1.574463e-05  +8.574897e-06  -2.986490e-05  +1.204728e-05  +2.212917e-06  +3.456686e-06  +3.685451e-05  +1.221803e-07  -1.325081e-07  -4.026377e-03  +1.545519e-07  +2.415639e-07  -6.545373e-03  
+7.664368e-06  -4.793834e-06  -1.397337e-04  +1.555509e-04  -7.660191e-05  -2.986490e-05  +2.702927e-04  -1.867912e-04  -2.829510e-05  +1.590548e-05  -2.195127e-04  -9.255191e-07  -8.915583e-07  +4.462827e-02  +2.499441e-07  -2.316208e-07  +3.153414e-02  
-4.663523e-05  +1.678888e-05  -4.205680e-05  -5.987971e-04  -2.379986e-04  +1.204728e-05  -1.867912e-04  +2.878057e-03  +4.256251e-05  -7.516173e-04  +3.176647e-03  -4.758066e-06  +4.328491e-06  -1.220975e-01  +6.774714e-07  +2.973514e-06  -3.101232e-01  
-1.646606e-06  +6.954380e-07  +1.210110e-05  -1.571534e-05  +4.585065e-06  +2.212917e-06  -2.829510e-05  +4.256251e-05  +4.827098e-06  -1.500794e-05  +3.795828e-05  -1.683966e-07  +2.518104e-07  -5.986589e-03  +2.395036e-08  -6.364155e-08  -5.511048e-03  
+1.420506e-05  -1.716117e-06  +4.982526e-05  +1.379909e-04  +8.583213e-05  +3.456686e-06  +1.590548e-05  -7.516173e-04  -1.500794e-05  +2.876824e-04  -8.563529e-04  +3.738797e-06  -2.678682e-06  +2.827899e-02  -6.484150e-07  -2.895917e-07  +9.222594e-02  
-5.488060e-05  +2.940898e-05  -5.543994e-05  -8.505662e-04  -2.361194e-04  +3.685451e-05  -2.195127e-04  +3.176647e-03  +3.795828e-05  -8.563529e-04  +4.175710e-03  -3.361304e-06  +3.088616e-06  -1.270362e-01  +2.275003e-06  +4.820528e-06  -3.998461e-01  
+3.251832e-07  +4.143496e-07  +2.257518e-06  +2.212613e-06  +3.559440e-06  +1.221803e-07  -9.255191e-07  -4.758066e-06  -1.683966e-07  +3.738797e-06  -3.361304e-06  +6.585516e-07  -2.958050e-08  +2.967779e-04  +2.802828e-08  +7.411110e-08  +5.980339e-04  
-5.830657e-07  -7.013748e-07  +2.235295e-07  -1.901341e-07  -7.977074e-06  -1.325081e-07  -8.915583e-07  +4.328491e-06  +2.518104e-07  -2.678682e-06  +3.088616e-06  -2.958050e-08  +1.194860e-06  -1.640223e-04  +4.921219e-08  +1.513064e-07  -1.440491e-03  
+2.470280e-03  -1.487482e-03  -2.010570e-02  +4.196122e-02  -6.752065e-03  -4.026377e-03  +4.462827e-02  -1.220975e-01  -5.986589e-03  +2.827899e-02  -1.270362e-01  +2.967779e-04  -1.640223e-04  +1.585364e+01  -6.191014e-05  +1.406691e-04  +1.291975e+01  
+1.046317e-08  +8.922831e-08  -1.769858e-08  -5.305732e-07  -1.963992e-07  +1.545519e-07  +2.499441e-07  +6.774714e-07  +2.395036e-08  -6.484150e-07  +2.275003e-06  +2.802828e-08  +4.921219e-08  -6.191014e-05  +2.400889e-07  -1.014252e-09  -2.182868e-04  
+1.098993e-08  +1.015160e-07  +1.837366e-07  -1.839642e-06  +1.248074e-07  +2.415639e-07  -2.316208e-07  +2.973514e-06  -6.364155e-08  -2.895917e-07  +4.820528e-06  +7.411110e-08  +1.513064e-07  +1.406691e-04  -1.014252e-09  +3.818693e-07  -7.146651e-04  
+6.137115e-03  -1.943939e-03  +5.740825e-03  +9.188953e-02  +2.940632e-02  -6.545373e-03  +3.153414e-02  -3.101232e-01  -5.511048e-03  +9.222594e-02  -3.998461e-01  +5.980339e-04  -1.440491e-03  +1.291975e+01  -2.182868e-04  -7.146651e-04  +5.561501e+01  
