mean:
+4.017653e+00  +3.960290e+00  +8.702100e-01  +1.366867e+00  +1.251699e+00  +5.082830e-01  +8.120536e-01  +1.333007e+00  +1.707301e-01  +1.910177e+00  +5.795015e+00  +3.660397e+00  +2.857014e+00  +2.033294e+02  +4.310486e+00  +5.128876e+00  +2.840204e+02  +5.252316e+00  +3.797281e+00  +3.265309e+02  +2.879943e+00  +4.479776e+00  +3.931989e+02  
covariance:
+1.981015e-06  +1.899629e-08  -6.522440e-06  -3.094050e-05  +8.363722e-07  -1.531147e-06  +1.407958e-06  -7.772410e-07  +2.110853e-06  -1.699330e-05  +3.923712e-05  -3.422511e-07  -8.238193e-08  +6.036667e-04  +4.251744e-08  +2.455222e-09  -5.306938e-04  -1.014072e-07  +5.574147e-08  -7.779266e-04  +1.533036e-08  +4.099228e-08  -1.435773e-03  
+1.899629e-08  +1.813793e-06  +2.812843e-08  -1.042870e-06  -1.541526e-07  +4.044536e-08  -2.910333e-07  -8.812464e-07  -2.982401e-07  +2.414714e-06  -4.008275e-07  +2.203861e-09  +3.227234e-08  +2.520495e-07  -7.830911e-08  -1.668200e-08  -8.787620e-05  +1.564667e-08  -5.864201e-08  +2.106029e-04  +3.827605e-08  +8.697790e-08  +1.385120e-04  
-6.522440e-06  +2.812843e-08  +1.167455e-04  +4.559579e-04  -7.520874e-06  +1.946580e-05  -2.134330e-05  +5.165118e-05  -2.479192e-05  +2.182482e-04  -5.029901e-04  +6.708156e-06  +5.623954e-07  -8.545249e-03  -8.892793e-07  +8.887957e-07  +1.129222e-02  +4.082801e-07  -1.172267e-06  +1.175314e-02  -2.510568e-07  -1.688502e-06  +2.595570e-02  
-3.094050e-05  -1.042870e-06  +4.559579e-04  +2.516446e-03  -1.007789e-05  +1.016115e-04  -5.910621e-05  +1.458730e-04  -7.906656e-05  +7.566892e-04  -2.594438e-03  +2.451827e-05  +1.002326e-05  -2.445606e-02  +9.590678e-07  +5.060706e-06  +4.353446e-02  +5.330007e-06  -9.198928e-06  +3.560799e-02  -2.913422e-06  -3.150658e-06  +9.854495e-02  
+8.363722e-07  -1.541526e-07  -7.520874e-06  -1.007789e-05  +2.352049e-05  -7.999987e-07  +1.115692e-06  -1.233193e-05  +4.980486e-06  -3.244366e-05  +3.273310e-05  -9.555921e-07  +3.864943e-07  +2.039123e-03  -8.567447e-08  +1.127148e-07  -6.370128e-04  -2.067251e-07  +2.577545e-07  -2.004345e-03  +4.401415e-07  +1.747427e-08  -1.620599e-03  
-1.531147e-06  +4.044536e-08  +1.946580e-05  +1.016115e-04  -7.999987e-07  +7.005355e-06  -4.022026e-06  -9.850058e-07  -4.942773e-06  +4.608302e-05  -1.349659e-04  +1.336288e-06  -1.223732e-07  -1.706439e-03  +9.911542e-08  -1.924749e-07  +1.092090e-03  +3.526355e-07  -2.120007e-07  +4.041677e-04  +2.401140e-07  -1.284618e-07  +4.311606e-03  
+1.407958e-06  -2.910333e-07  -2.134330e-05  -5.910621e-05  +1.115692e-06  -4.022026e-06  +2.114044e-05  +3.616250e-06  +6.612063e-06  -7.442885e-05  +1.070004e-04  -1.780031e-06  +1.861290e-07  +2.407260e-03  +7.447147e-07  +3.949393e-07  +5.060329e-05  -5.590829e-08  -1.353797e-07  -2.641416e-03  +1.269343e-08  +3.908599e-07  -9.043583e-03  
-7.772410e-07  -8.812464e-07  +5.165118e-05  +1.458730e-04  -1.233193e-05  -9.850058e-07  +3.616250e-06  +1.729302e-04  -4.190341e-06  +2.422176e-05  -8.962266e-05  +7.571603e-06  +1.457273e-06  -6.394010e-04  +1.775000e-06  +1.806488e-06  +7.651087e-03  -2.488273e-06  -1.197077e-06  +1.062153e-02  -2.072776e-06  +6.888039e-07  +6.481292e-03  
+2.110853e-06  -2.982401e-07  -2.479192e-05  -7.906656e-05  +4.980486e-06  -4.942773e-06  +6.612063e-06  -4.190341e-06  +1.312137e-05  -9.630828e-05  +1.029055e-04  -2.016045e-06  +3.543556e-07  +3.115403e-03  +9.320113e-07  -1.321683e-07  -3.015694e-03  -4.097780e-07  +2.967371e-07  -5.710990e-03  -2.057383e-07  +1.824795e-07  -7.482836e-03  
-1.699330e-05  +2.414714e-06  +2.182482e-04  +7.566892e-04  -3.244366e-05  +4.608302e-05  -7.442885e-05  +2.422176e-05  -9.630828e-05  +7.710867e-04  -1.016347e-03  +1.686851e-05  -2.372046e-06  -2.540712e-02  -6.474539e-06  +4.546341e-07  +2.122224e-02  +3.185155e-06  -2.228464e-06  +4.031731e-02  +1.289119e-06  -1.831778e-06  +6.584127e-02  
+3.923712e-05  -4.008275e-07  -5.029901e-04  -2.594438e-03  +3.273310e-05  -1.349659e-04  +1.070004e-04  -8.962266e-05  +1.029055e-04  -1.016347e-03  +3.398107e-03  -2.771966e-05  -6.988454e-06  +3.943718e-02  -5.068599e-06  +1.671778e-06  -2.635646e-02  -4.215502e-06  +8.549465e-06  -2.087189e-02  +1.890993e-06  +1.730367e-06  -1.058978e-01  
-3.422511e-07  +2.203861e-09  +6.708156e-06  +2.451827e-05  -9.555921e-07  +1.336288e-06  -1.780031e-06  +7.571603e-06  -2.016045e-06  +1.686851e-05  -2.771966e-05  +1.481712e-06  -3.699649e-07  -2.084549e-04  +2.839341e-09  -1.580975e-07  +9.786684e-04  -1.222351e-07  -2.208707e-07  +6.080072e-04  -7.952627e-08  +7.723899e-08  +2.164185e-03  
-8.238193e-08  +3.227234e-08  +5.623954e-07  +1.002326e-05  +3.864943e-07  -1.223732e-07  +1.861290e-07  +1.457273e-06  +3.543556e-07  -2.372046e-06  -6.988454e-06  -3.699649e-07  +9.993159e-07  -1.862154e-04  -1.100886e-07  +1.923576e-07  -2.546056e-04  +1.371796e-08  -9.347714e-09  +3.943528e-04  -1.211818e-07  -8.212287e-08  -3.415895e-04  
+6.036667e-04  +2.520495e-07  -8.545249e-03  -2.445606e-02  +2.039123e-03  -1.706439e-03  +2.407260e-03  -6.394010e-04  +3.115403e-03  -2.540712e-02  +3.943718e-02  -2.084549e-04  -1.862154e-04  +1.955895e+00  +2.627717e-04  -1.115973e-04  -3.679002e-01  -1.879430e-04  -5.968111e-06  -1.088595e+00  -3.491706e-05  +2.998887e-04  -1.892209e+00  
+4.251744e-08  -7.830911e-08  -8.892793e-07  +9.590678e-07  -8.567447e-08  +9.911542e-08  +7.447147e-07  +1.775000e-06  +9.320113e-07  -6.474539e-06  -5.068599e-06  +2.839341e-09  -1.100886e-07  +2.627717e-04  +6.726190e-07  -7.745657e-09  -4.092675e-05  -9.315670e-10  -7.404997e-09  -3.819459e-04  -9.244699e-08  +1.016821e-07  -4.905054e-04  
+2.455222e-09  -1.668200e-08  +8.887957e-07  +5.060706e-06  +1.127148e-07  -1.924749e-07  +3.949393e-07  +1.806488e-06  -1.321683e-07  +4.546341e-07  +1.671778e-06  -1.580975e-07  +1.923576e-07  -1.115973e-04  -7.745657e-09  +5.219250e-07  +3.847252e-04  +2.215271e-07  +2.717682e-08  +6.027907e-04  -8.455712e-08  -1.012242e-08  +1.399053e-04  
-5.306938e-04  -8.787620e-05  +1.129222e-02  +4.353446e-02  -6.370128e-04  +1.092090e-03  +5.060329e-05  +7.651087e-03  -3.015694e-03  +2.122224e-02  -2.635646e-02  +9.786684e-04  -2.546056e-04  -3.679002e-01  -4.092675e-05  +3.847252e-04  +3.620527e+00  +2.580903e-04  -2.176207e-04  +2.608327e+00  -1.730674e-04  -1.645572e-04  +3.067035e+00  
-1.014072e-07  +1.564667e-08  +4.082801e-07  +5.330007e-06  -2.067251e-07  +3.526355e-07  -5.590829e-08  -2.488273e-06  -4.097780e-07  +3.185155e-06  -4.215502e-06  -1.222351e-07  +1.371796e-08  -1.879430e-04  -9.315670e-10  +2.215271e-07  +2.580903e-04  +6.721119e-07  -6.760608e-08  +2.652077e-04  -4.696253e-08  +4.303436e-08  +3.003383e-04  
+5.574147e-08  -5.864201e-08  -1.172267e-06  -9.198928e-06  +2.577545e-07  -2.120007e-07  -1.353797e-07  -1.197077e-06  +2.967371e-07  -2.228464e-06  +8.549465e-06  -2.208707e-07  -9.347714e-09  -5.968111e-06  -7.404997e-09  +2.717682e-08  -2.176207e-04  -6.760608e-08  +5.457661e-07  -1.717725e-04  +1.204729e-07  -9.399076e-08  -5.826983e-04  
-7.779266e-04  +2.106029e-04  +1.175314e-02  +3.560799e-02  -2.004345e-03  +4.041677e-04  -2.641416e-03  +1.062153e-02  -5.710990e-03  +4.031731e-02  -2.087189e-02  +6.080072e-04  +3.943528e-04  -1.088595e+00  -3.819459e-04  +6.027907e-04  +2.608327e+00  +2.652077e-04  -1.717725e-04  +6.373742e+00  +4.997433e-05  -9.931178e-05  +3.947635e+00  
+1.533036e-08  +3.827605e-08  -2.510568e-07  -2.913422e-06  +4.401415e-07  +2.401140e-07  +1.269343e-08  -2.072776e-06  -2.057383e-07  +1.289119e-06  +1.890993e-06  -7.952627e-08  -1.211818e-07  -3.491706e-05  -9.244699e-08  -8.455712e-08  -1.730674e-04  -4.696253e-08  +1.204729e-07  +4.997433e-05  +3.983530e-07  -6.589569e-08  +5.791909e-06  
+4.099228e-08  +8.697790e-08  -1.688502e-06  -3.150658e-06  +1.747427e-08  -1.284618e-07  +3.908599e-07  +6.888039e-07  +1.824795e-07  -1.831778e-06  +1.730367e-06  +7.723899e-08  -8.212287e-08  +2.998887e-04  +1.016821e-07  -1.012242e-08  -1.645572e-04  +4.303436e-08  -9.399076e-08  -9.931178e-05  -6.589569e-08  +4.429694e-07  -2.673840e-04  
-1.435773e-03  +1.385120e-04  +2.595570e-02  +9.854495e-02  -1.620599e-03  +4.311606e-03  -9.043583e-03  +6.481292e-03  -7.482836e-03  +6.584127e-02  -1.058978e-01  +2.164185e-03  -3.415895e-04  -1.892209e+00  -4.905054e-04  +1.399053e-04  +3.067035e+00  +3.003383e-04  -5.826983e-04  +3.947635e+00  +5.791909e-06  -2.673840e-04  +8.963586e+00  
