mean:
+3.960046e+00  +3.926298e+00  +6.480640e-01  -1.185997e+00  +1.646174e+00  +4.849538e-01  +9.339080e-01  +1.999918e+00  +1.430109e-01  +2.075809e+00  +4.699311e+00  +1.635171e+00  +2.883696e+00  +8.062092e+02  +4.800103e+00  +4.399842e+00  +1.997230e+03  
covariance:
+6.897518e-06  +8.034435e-07  -8.456335e-08  -1.742481e-06  +1.327807e-05  -3.042185e-06  +1.529201e-06  -6.568972e-06  -6.679526e-07  +1.809796e-05  -5.211080e-05  -1.633393e-08  +2.766846e-07  -6.182646e-04  +9.244052e-09  -1.033458e-07  -1.483725e-03  
+8.034435e-07  +7.082785e-06  +2.385170e-06  -1.077156e-05  -6.764369e-06  +2.022526e-06  +2.192366e-06  +6.931096e-07  +4.824781e-07  -5.762983e-06  +8.985163e-06  -2.263685e-07  +8.321593e-08  +1.887083e-03  +3.518692e-08  +9.585230e-08  -3.033743e-04  
-8.456335e-08  +2.385170e-06  +1.273231e-04  -2.160986e-04  -3.971808e-04  +1.117033e-04  +5.046087e-05  +3.139772e-04  +2.627031e-05  -5.972107e-04  +1.352287e-03  +5.538767e-07  +1.117666e-06  +5.004157e-02  +2.666918e-07  -1.001240e-06  -3.235343e-02  
-1.742481e-06  -1.077156e-05  -2.160986e-04  +2.085288e-03  +8.715835e-04  -2.780183e-04  -3.704919e-05  -7.096948e-04  -9.035172e-06  +7.166575e-04  -3.232952e-03  -3.659637e-06  -5.859058e-07  -1.624425e-01  -1.798593e-06  +1.887542e-06  +1.518420e-01  
+1.327807e-05  -6.764369e-06  -3.971808e-04  +8.715835e-04  +1.941580e-03  -5.128049e-04  -1.701677e-04  -1.314383e-03  -1.112908e-04  +2.619523e-03  -6.413298e-03  -6.604601e-06  -1.072584e-06  -2.144245e-01  -2.000229e-06  +4.564880e-06  +5.438546e-02  
-3.042185e-06  +2.022526e-06  +1.117033e-04  -2.780183e-04  -5.128049e-04  +1.592585e-04  +3.394901e-05  +5.015616e-04  +3.755350e-05  -8.233513e-04  +2.026094e-03  +1.205717e-06  +1.197116e-07  +6.229099e-02  +2.824542e-07  -1.237483e-06  -2.470252e-02  
+1.529201e-06  +2.192366e-06  +5.046087e-05  -3.704919e-05  -1.701677e-04  +3.394901e-05  +1.127323e-04  +1.082515e-06  -2.304341e-06  -1.446382e-04  +1.865416e-04  +1.105148e-06  +2.856667e-06  +2.954592e-02  +4.203662e-07  -4.341631e-07  -1.134698e-02  
-6.568972e-06  +6.931096e-07  +3.139772e-04  -7.096948e-04  -1.314383e-03  +5.015616e-04  +1.082515e-06  +2.323499e-03  +1.401686e-04  -2.767031e-03  +6.799459e-03  +1.824031e-06  -7.953346e-07  +1.713674e-01  -1.303498e-06  -3.553821e-06  -1.124613e-01  
-6.679526e-07  +4.824781e-07  +2.627031e-05  -9.035172e-06  -1.112908e-04  +3.755350e-05  -2.304341e-06  +1.401686e-04  +1.510992e-05  -2.488920e-04  +5.230900e-04  +1.463149e-07  -3.873696e-07  +1.085541e-02  -1.676396e-07  -2.186151e-07  -6.181783e-03  
+1.809796e-05  -5.762983e-06  -5.972107e-04  +7.166575e-04  +2.619523e-03  -8.233513e-04  -1.446382e-04  -2.767031e-03  -2.488920e-04  +4.900794e-03  -1.097062e-02  -5.061128e-06  +1.779031e-06  -2.897995e-01  +7.760193e-07  +5.689223e-06  +1.210843e-01  
-5.211080e-05  +8.985163e-06  +1.352287e-03  -3.232952e-03  -6.413298e-03  +2.026094e-03  +1.865416e-04  +6.799459e-03  +5.230900e-04  -1.097062e-02  +2.762343e-02  +1.092663e-05  -8.016455e-06  +7.357733e-01  +1.313364e-06  -1.651498e-05  -2.617489e-01  
-1.633393e-08  -2.263685e-07  +5.538767e-07  -3.659637e-06  -6.604601e-06  +1.205717e-06  +1.105148e-06  +1.824031e-06  +1.463149e-07  -5.061128e-06  +1.092663e-05  +6.228953e-07  -5.846543e-08  +4.469814e-04  +5.527745e-08  +2.106938e-08  -6.701982e-04  
+2.766846e-07  +8.321593e-08  +1.117666e-06  -5.859058e-07  -1.072584e-06  +1.197116e-07  +2.856667e-06  -7.953346e-07  -3.873696e-07  +1.779031e-06  -8.016455e-06  -5.846543e-08  +6.927928e-07  +6.438534e-04  +2.433957e-08  +1.476563e-08  -1.129582e-04  
-6.182646e-04  +1.887083e-03  +5.004157e-02  -1.624425e-01  -2.144245e-01  +6.229099e-02  +2.954592e-02  +1.713674e-01  +1.085541e-02  -2.897995e-01  +7.357733e-01  +4.469814e-04  +6.438534e-04  +3.258424e+01  +2.465895e-04  -4.550543e-04  -1.173032e+01  
+9.244052e-09  +3.518692e-08  +2.666918e-07  -1.798593e-06  -2.000229e-06  +2.824542e-07  +4.203662e-07  -1.303498e-06  -1.676396e-07  +7.760193e-07  +1.313364e-06  +5.527745e-08  +2.433957e-08  +2.465895e-04  +2.296026e-07  -1.381657e-08  +3.929642e-04  
-1.033458e-07  +9.585230e-08  -1.001240e-06  +1.887542e-06  +4.564880e-06  -1.237483e-06  -4.341631e-07  -3.553821e-06  -2.186151e-07  +5.689223e-06  -1.651498e-05  +2.106938e-08  +1.476563e-08  -4.550543e-04  -1.381657e-08  +3.282362e-07  +2.575377e-04  
-1.483725e-03  -3.033743e-04  -3.235343e-02  +1.518420e-01  +5.438546e-02  -2.470252e-02  -1.134698e-02  -1.124613e-01  -6.181783e-03  +1.210843e-01  -2.617489e-01  -6.701982e-04  -1.129582e-04  -1.173032e+01  +3.929642e-04  +2.575377e-04  +4.262696e+01  
