mean:
+3.911434e+00  +3.897880e+00  +8.479283e-01  +1.298268e+00  +1.443292e+00  +5.985668e-01  +8.294809e-01  +1.403834e+00  +1.564513e-01  +1.892699e+00  +5.871071e+00  +3.484506e+00  +2.609690e+00  +1.968934e+02  +4.262493e+00  +5.275215e+00  +2.846651e+02  +5.350080e+00  +3.757516e+00  +3.270736e+02  +2.640138e+00  +4.560099e+00  +3.972359e+02  
covariance:
+4.190444e-06  -7.205984e-07  -2.108411e-06  +2.706788e-05  -4.687630e-07  -1.628534e-06  +1.248808e-05  -8.140244e-08  -3.382070e-06  +2.051982e-05  -4.899829e-05  -5.836521e-07  -3.798342e-07  -1.662130e-03  -2.478642e-07  +5.369292e-07  +1.554220e-03  +4.597596e-07  -8.439119e-08  +3.387266e-03  -2.927577e-07  +4.463204e-07  +2.675848e-03  
-7.205984e-07  +8.264689e-07  +1.597431e-07  +4.178525e-06  -4.240949e-07  -2.471881e-07  +2.419993e-06  +3.296524e-06  -1.016805e-06  +6.803938e-06  -1.258558e-05  -8.350885e-08  -1.834026e-07  -5.430224e-04  -1.406485e-07  +2.007823e-07  +8.810074e-04  -3.598738e-08  +7.335375e-09  +6.593956e-04  -2.549155e-08  -1.319827e-08  +7.441551e-04  
-2.108411e-06  +1.597431e-07  +1.070685e-05  -1.749000e-05  +1.698372e-06  +1.996597e-06  -1.328164e-05  -3.731261e-06  +3.159793e-06  -1.882660e-05  +4.054982e-05  +3.146213e-07  +4.967126e-07  +2.199580e-03  -4.313301e-07  +1.842395e-07  -2.228290e-04  +7.336553e-07  +1.746263e-07  -3.547884e-03  +7.013840e-07  -1.062905e-06  -3.900608e-03  
+2.706788e-05  +4.178525e-06  -1.749000e-05  +7.440316e-04  -3.352953e-05  -3.953624e-05  +2.462138e-04  -1.569466e-04  -5.316455e-05  +3.282797e-04  -8.800358e-04  -1.033987e-05  -6.866062e-06  -2.052215e-02  -7.795500e-06  +1.326480e-05  +2.560966e-02  +1.557260e-05  +3.657255e-06  +7.186290e-02  -6.684223e-06  +5.427368e-06  +3.540729e-02  
-4.687630e-07  -4.240949e-07  +1.698372e-06  -3.352953e-05  +1.689573e-05  +2.037128e-06  -9.490866e-06  +1.151341e-05  +2.369194e-06  -1.218070e-05  +2.760824e-05  +3.558007e-07  +6.778136e-07  +1.318256e-03  -2.546697e-07  -2.383268e-07  -9.408121e-04  -4.002569e-07  -9.521716e-08  -2.659241e-03  +6.511703e-07  -5.345520e-07  -7.402112e-04  
-1.628534e-06  -2.471881e-07  +1.996597e-06  -3.953624e-05  +2.037128e-06  +3.426035e-06  -1.431166e-05  -9.898186e-08  +2.873361e-06  -1.743830e-05  +5.143720e-05  +1.032264e-06  +4.206853e-07  +2.192484e-03  +1.610190e-07  -7.117475e-07  -2.087506e-03  -7.735423e-07  -3.228825e-07  -4.409603e-03  +5.850405e-07  -8.981544e-07  -2.292645e-03  
+1.248808e-05  +2.419993e-06  -1.328164e-05  +2.462138e-04  -9.490866e-06  -1.431166e-05  +1.136098e-04  -1.400176e-06  -2.803290e-05  +1.859490e-04  -4.356643e-04  -4.631733e-06  -3.835922e-06  -1.514154e-02  -2.619634e-06  +5.159669e-06  +1.788354e-02  +3.868077e-06  +2.089641e-07  +3.051261e-02  -2.727016e-06  +2.413561e-06  +2.342870e-02  
-8.140244e-08  +3.296524e-06  -3.731261e-06  -1.569466e-04  +1.151341e-05  -9.898186e-08  -1.400176e-06  +3.623328e-04  -8.175933e-06  +9.492489e-05  -1.843557e-04  -5.532618e-06  -4.896429e-06  -2.715451e-02  -3.420871e-06  -7.389624e-07  +2.420061e-02  -1.169251e-05  +8.317608e-07  -2.217797e-03  -1.988435e-06  +6.252574e-06  +1.884887e-02  
-3.382070e-06  -1.016805e-06  +3.159793e-06  -5.316455e-05  +2.369194e-06  +2.873361e-06  -2.803290e-05  -8.175933e-06  +9.140785e-06  -6.178555e-05  +1.188635e-04  +7.536870e-07  +1.206316e-06  +4.271290e-03  +8.977896e-07  -1.516403e-06  -5.571378e-03  -3.323174e-07  +3.505808e-07  -7.297146e-03  +5.007487e-07  -3.551686e-07  -7.592213e-03  
+2.051982e-05  +6.803938e-06  -1.882660e-05  +3.282797e-04  -1.218070e-05  -1.743830e-05  +1.859490e-04  +9.492489e-05  -6.178555e-05  +4.626070e-04  -8.569510e-04  -4.523428e-06  -9.651261e-06  -3.162058e-02  -6.995898e-06  +1.125812e-05  +4.207048e-02  +1.616514e-07  -3.729152e-06  +4.753443e-02  -2.800051e-06  +2.033348e-06  +5.541708e-02  
-4.899829e-05  -1.258558e-05  +4.054982e-05  -8.800358e-04  +2.760824e-05  +5.143720e-05  -4.356643e-04  -1.843557e-04  +1.188635e-04  -8.569510e-04  +1.954847e-03  +1.968002e-05  +2.009733e-05  +7.329089e-02  +1.501708e-05  -2.336175e-05  -8.799478e-02  -9.506618e-06  +1.646675e-06  -1.162119e-01  +9.448542e-06  -1.118871e-05  -1.029642e-01  
-5.836521e-07  -8.350885e-08  +3.146213e-07  -1.033987e-05  +3.558007e-07  +1.032264e-06  -4.631733e-06  -5.532618e-06  +7.536870e-07  -4.523428e-06  +1.968002e-05  +7.674931e-07  +2.270040e-07  +1.211411e-03  +1.813431e-07  -1.438759e-07  -1.114552e-03  -2.660849e-07  -1.695499e-07  -1.339483e-03  +2.219939e-07  -3.388908e-07  -6.741326e-04  
-3.798342e-07  -1.834026e-07  +4.967126e-07  -6.866062e-06  +6.778136e-07  +4.206853e-07  -3.835922e-06  -4.896429e-06  +1.206316e-06  -9.651261e-06  +2.009733e-05  +2.270040e-07  +5.465766e-07  +1.088331e-03  +1.976081e-07  -2.242598e-07  -9.962913e-04  +1.364976e-07  +7.631528e-08  -1.005463e-03  +6.823501e-08  -1.012743e-07  -1.018524e-03  
-1.662130e-03  -5.430224e-04  +2.199580e-03  -2.052215e-02  +1.318256e-03  +2.192484e-03  -1.514154e-02  -2.715451e-02  +4.271290e-03  -3.162058e-02  +7.329089e-02  +1.211411e-03  +1.088331e-03  +4.985305e+00  +5.000497e-04  -5.300435e-04  -4.527546e+00  +4.416931e-04  +2.720070e-05  -3.938178e+00  +5.856153e-04  -8.646232e-04  -4.355629e+00  
-2.478642e-07  -1.406485e-07  -4.313301e-07  -7.795500e-06  -2.546697e-07  +1.610190e-07  -2.619634e-06  -3.420871e-06  +8.977896e-07  -6.995898e-06  +1.501708e-05  +1.813431e-07  +1.976081e-07  +5.000497e-04  +6.161505e-07  -1.734715e-07  -7.283004e-04  -5.378549e-08  -5.589189e-08  -7.130519e-04  +8.077410e-08  +4.530461e-08  -6.781641e-04  
+5.369292e-07  +2.007823e-07  +1.842395e-07  +1.326480e-05  -2.383268e-07  -7.117475e-07  +5.159669e-06  -7.389624e-07  -1.516403e-06  +1.125812e-05  -2.336175e-05  -1.438759e-07  -2.242598e-07  -5.300435e-04  -1.734715e-07  +6.060781e-07  +1.116575e-03  +2.698097e-07  -2.882917e-08  +1.449510e-03  -2.183456e-08  -2.879338e-08  +1.162959e-03  
+1.554220e-03  +8.810074e-04  -2.228290e-04  +2.560966e-02  -9.408121e-04  -2.087506e-03  +1.788354e-02  +2.420061e-02  -5.571378e-03  +4.207048e-02  -8.799478e-02  -1.114552e-03  -9.962913e-04  -4.527546e+00  -7.283004e-04  +1.116575e-03  +6.111271e+00  +1.919465e-04  -1.009202e-04  +4.600248e+00  -3.518970e-04  +4.247056e-04  +5.274168e+00  
+4.597596e-07  -3.598738e-08  +7.336553e-07  +1.557260e-05  -4.002569e-07  -7.735423e-07  +3.868077e-06  -1.169251e-05  -3.323174e-07  +1.616514e-07  -9.506618e-06  -2.660849e-07  +1.364976e-07  +4.416931e-04  -5.378549e-08  +2.698097e-07  +1.919465e-04  +1.210040e-06  +1.055203e-07  +1.239951e-03  +2.736815e-08  -3.701546e-08  -3.405238e-04  
-8.439119e-08  +7.335375e-09  +1.746263e-07  +3.657255e-06  -9.521716e-08  -3.228825e-07  +2.089641e-07  +8.317608e-07  +3.505808e-07  -3.729152e-06  +1.646675e-06  -1.695499e-07  +7.631528e-08  +2.720070e-05  -5.589189e-08  -2.882917e-08  -1.009202e-04  +1.055203e-07  +5.999398e-07  +1.163802e-04  -7.969327e-08  +1.271301e-07  -2.896864e-04  
+3.387266e-03  +6.593956e-04  -3.547884e-03  +7.186290e-02  -2.659241e-03  -4.409603e-03  +3.051261e-02  -2.217797e-03  -7.297146e-03  +4.753443e-02  -1.162119e-01  -1.339483e-03  -1.005463e-03  -3.938178e+00  -7.130519e-04  +1.449510e-03  +4.600248e+00  +1.239951e-03  +1.163802e-04  +8.936037e+00  -8.828315e-04  +8.446863e-04  +5.953515e+00  
-2.927577e-07  -2.549155e-08  +7.013840e-07  -6.684223e-06  +6.511703e-07  +5.850405e-07  -2.727016e-06  -1.988435e-06  +5.007487e-07  -2.800051e-06  +9.448542e-06  +2.219939e-07  +6.823501e-08  +5.856153e-04  +8.077410e-08  -2.183456e-08  -3.518970e-04  +2.736815e-08  -7.969327e-08  -8.828315e-04  +4.590871e-07  -2.300748e-07  -4.692680e-04  
+4.463204e-07  -1.319827e-08  -1.062905e-06  +5.427368e-06  -5.345520e-07  -8.981544e-07  +2.413561e-06  +6.252574e-06  -3.551686e-07  +2.033348e-06  -1.118871e-05  -3.388908e-07  -1.012743e-07  -8.646232e-04  +4.530461e-08  -2.879338e-08  +4.247056e-04  -3.701546e-08  +1.271301e-07  +8.446863e-04  -2.300748e-07  +7.755020e-07  +4.763491e-04  
+2.675848e-03  +7.441551e-04  -3.900608e-03  +3.540729e-02  -7.402112e-04  -2.292645e-03  +2.342870e-02  +1.884887e-02  -7.592213e-03  +5.541708e-02  -1.029642e-01  -6.741326e-04  -1.018524e-03  -4.355629e+00  -6.781641e-04  +1.162959e-03  +5.274168e+00  -3.405238e-04  -2.896864e-04  +5.953515e+00  -4.692680e-04  +4.763491e-04  +7.896198e+00  
