mean:
+3.955956e+00  +3.924315e+00  +6.478501e-01  -1.128407e+00  +1.537324e+00  +5.036070e-01  +9.176307e-01  +2.064179e+00  +1.463387e-01  +1.970006e+00  +4.857226e+00  +1.635581e+00  +2.882843e+00  +8.045713e+02  +4.799963e+00  +4.399820e+00  +1.992667e+03  
covariance:
+7.636573e-06  +1.660464e-07  +3.077360e-06  -1.497163e-05  -1.024890e-05  +9.661540e-07  +5.357764e-06  +1.845721e-05  +2.280473e-07  -2.649483e-06  +5.627312e-06  +1.521903e-07  +1.200068e-07  +8.561834e-04  +4.623340e-08  -6.062209e-08  -3.641184e-03  
+1.660464e-07  +6.727425e-06  +1.839376e-06  +1.482805e-06  -1.210250e-06  -1.773285e-07  +2.334827e-06  +6.090390e-07  +1.061586e-07  -1.704770e-06  -3.779602e-06  +1.059802e-07  +5.395037e-08  -5.927588e-04  +7.462046e-08  -5.543661e-08  -1.785775e-03  
+3.077360e-06  +1.839376e-06  +6.662666e-05  -1.513358e-04  -1.403555e-04  +7.728078e-06  +1.451118e-05  +1.009921e-04  -2.090104e-06  +2.107731e-05  -1.285773e-05  +2.039448e-06  +1.713220e-07  +6.147260e-03  +8.686337e-08  -3.916803e-08  -2.511914e-02  
-1.497163e-05  +1.482805e-06  -1.513358e-04  +9.548512e-03  -6.600948e-04  +1.630481e-04  +1.599770e-04  -5.969097e-03  -8.008358e-05  +1.509447e-03  -6.394836e-03  +1.194914e-05  +1.631350e-05  -2.786321e-01  +1.103501e-06  -5.278884e-06  -1.295310e-01  
-1.024890e-05  -1.210250e-06  -1.403555e-04  -6.600948e-04  +9.393728e-04  -4.575601e-05  -1.439172e-04  +1.478802e-04  +1.927138e-05  -1.757305e-04  +6.902976e-04  -4.785338e-06  -3.343555e-06  +1.330807e-02  -1.471752e-06  +1.955593e-06  +1.075418e-01  
+9.661540e-07  -1.773285e-07  +7.728078e-06  +1.630481e-04  -4.575601e-05  +1.740888e-05  +1.394474e-06  -1.226814e-04  -3.534279e-06  +5.922918e-05  -1.775739e-04  +6.479673e-07  +1.914942e-07  -5.681927e-03  +2.795363e-07  -2.592955e-07  -1.881192e-02  
+5.357764e-06  +2.334827e-06  +1.451118e-05  +1.599770e-04  -1.439172e-04  +1.394474e-06  +9.015827e-05  +3.755638e-05  -5.278878e-06  -6.322531e-06  -1.080540e-04  +1.327179e-06  +9.256408e-07  -2.850369e-03  +5.608849e-07  -7.502229e-07  -2.189975e-02  
+1.845721e-05  +6.090390e-07  +1.009921e-04  -5.969097e-03  +1.478802e-04  -1.226814e-04  +3.755638e-05  +4.314211e-03  +4.794233e-05  -1.068661e-03  +4.248937e-03  -5.448075e-06  -1.095043e-05  +1.752982e-01  +2.644187e-07  +3.190155e-06  +5.397714e-02  
+2.280473e-07  +1.061586e-07  -2.090104e-06  -8.008358e-05  +1.927138e-05  -3.534279e-06  -5.278878e-06  +4.794233e-05  +3.071732e-06  -2.580408e-05  +6.248951e-05  -1.277377e-07  -2.660255e-07  +1.300240e-03  -9.319239e-09  +1.531267e-07  +3.500361e-03  
-2.649483e-06  -1.704770e-06  +2.107731e-05  +1.509447e-03  -1.757305e-04  +5.922918e-05  -6.322531e-06  -1.068661e-03  -2.580408e-05  +4.400867e-04  -1.248502e-03  +2.107226e-06  +3.023731e-06  -3.247629e-02  +1.309442e-07  -1.496231e-06  -4.423099e-02  
+5.627312e-06  -3.779602e-06  -1.285773e-05  -6.394836e-03  +6.902976e-04  -1.775739e-04  -1.080540e-04  +4.248937e-03  +6.248951e-05  -1.248502e-03  +5.078832e-03  -1.052753e-05  -1.046581e-05  +1.792045e-01  -1.791294e-06  +4.577200e-06  +1.626001e-01  
+1.521903e-07  +1.059802e-07  +2.039448e-06  +1.194914e-05  -4.785338e-06  +6.479673e-07  +1.327179e-06  -5.448075e-06  -1.277377e-07  +2.107226e-06  -1.052753e-05  +6.946475e-07  +1.342565e-08  -9.072292e-04  +1.025393e-08  -9.906157e-09  -1.306761e-03  
+1.200068e-07  +5.395037e-08  +1.713220e-07  +1.631350e-05  -3.343555e-06  +1.914942e-07  +9.256408e-07  -1.095043e-05  -2.660255e-07  +3.023731e-06  -1.046581e-05  +1.342565e-08  +7.398593e-07  -2.257295e-04  +6.790483e-08  +2.780000e-09  -5.380764e-05  
+8.561834e-04  -5.927588e-04  +6.147260e-03  -2.786321e-01  +1.330807e-02  -5.681927e-03  -2.850369e-03  +1.752982e-01  +1.300240e-03  -3.247629e-02  +1.792045e-01  -9.072292e-04  -2.257295e-04  +1.553528e+01  -1.042281e-05  +1.019575e-04  +8.732660e+00  
+4.623340e-08  +7.462046e-08  +8.686337e-08  +1.103501e-06  -1.471752e-06  +2.795363e-07  +5.608849e-07  +2.644187e-07  -9.319239e-09  +1.309442e-07  -1.791294e-06  +1.025393e-08  +6.790483e-08  -1.042281e-05  +2.456972e-07  +7.620850e-09  -3.292298e-04  
-6.062209e-08  -5.543661e-08  -3.916803e-08  -5.278884e-06  +1.955593e-06  -2.592955e-07  -7.502229e-07  +3.190155e-06  +1.531267e-07  -1.496231e-06  +4.577200e-06  -9.906157e-09  +2.780000e-09  +1.019575e-04  +7.620850e-09  +2.312474e-07  +4.717884e-04  
-3.641184e-03  -1.785775e-03  -2.511914e-02  -1.295310e-01  +1.075418e-01  -1.881192e-02  -2.189975e-02  +5.397714e-02  +3.500361e-03  -4.423099e-02  +1.626001e-01  -1.306761e-03  -5.380764e-05  +8.732660e+00  -3.292298e-04  +4.717884e-04  +4.821985e+01  
