mean:
+3.966916e+00  +4.005321e+00  +6.088612e-01  +2.002997e+00  +1.291965e+00  +5.967910e-01  +8.367567e-01  +2.203456e+00  +4.064678e-02  +3.897030e+00  +5.846308e+00  +4.624698e+00  +3.191148e+00  +3.302900e+02  +2.671165e+00  +3.677691e+00  +4.572613e+02  +4.720527e+00  +4.879881e+00  +8.059341e+02  +3.938745e+00  +5.172851e+00  +4.408882e+02  
covariance:
+2.100939e-06  -1.027336e-06  +6.679762e-07  +2.903287e-06  +6.849170e-08  +4.434297e-07  +4.107721e-06  -4.920034e-06  -1.349441e-07  +6.739524e-06  -4.445160e-05  +1.472873e-07  +1.148594e-07  +1.397509e-03  +7.741371e-08  +1.093566e-07  +1.273534e-03  -8.603713e-08  -5.613122e-08  +3.251361e-03  +2.194582e-07  +1.247221e-07  +1.746445e-03  
-1.027336e-06  +9.172639e-06  -1.098113e-06  -6.342579e-06  -7.494668e-07  -1.922283e-07  -2.876355e-06  +6.801613e-06  +1.277771e-07  +7.026658e-07  +3.673704e-05  +2.043909e-07  -7.244907e-07  -1.935077e-03  -8.489950e-08  -1.587552e-07  -7.401400e-04  -5.761005e-07  -1.894808e-07  -4.417997e-03  +1.015982e-07  -1.863377e-08  -6.263745e-04  
+6.679762e-07  -1.098113e-06  +1.150403e-05  -2.142046e-06  -2.688803e-06  +2.444683e-06  -4.910457e-06  -8.206306e-06  +2.332925e-07  -3.984649e-06  +7.992143e-06  -1.072119e-06  -4.194094e-07  +4.093545e-04  +1.314973e-06  -5.534244e-07  +4.144490e-04  -8.080009e-07  +9.788160e-08  -3.722250e-03  +1.363207e-06  -6.485087e-07  -1.889067e-03  
+2.903287e-06  -6.342579e-06  -2.142046e-06  +6.475262e-05  +4.240098e-07  -4.618641e-06  +4.254819e-05  +6.093059e-06  -1.647187e-06  +6.011254e-05  -3.278787e-04  +1.390310e-06  -7.277770e-07  +1.277227e-02  -2.007464e-06  +2.496286e-06  +1.280660e-02  +1.664018e-06  -4.698799e-07  +3.339766e-02  -5.718064e-07  -3.879491e-07  +1.505417e-02  
+6.849170e-08  -7.494668e-07  -2.688803e-06  +4.240098e-07  +6.766647e-06  +2.523354e-07  +3.030496e-06  -3.353549e-06  -1.140421e-07  +7.021750e-06  -3.323339e-05  +3.286407e-07  +3.719574e-07  +7.737200e-04  -2.232580e-07  +2.092150e-07  +7.259176e-04  -3.773251e-08  -2.919931e-07  +3.040186e-03  -1.074647e-07  +5.159439e-07  +2.032541e-03  
+4.434297e-07  -1.922283e-07  +2.444683e-06  -4.618641e-06  +2.523354e-07  +2.361268e-06  -2.714069e-06  -1.103078e-05  +2.238125e-07  -3.860247e-06  -5.292323e-06  -5.721026e-07  +3.686099e-07  +2.075675e-04  +6.697469e-07  -3.448384e-07  -6.337607e-04  -2.238149e-07  -1.176699e-08  -1.837464e-03  +5.265739e-07  +2.113878e-07  -9.049634e-04  
+4.107721e-06  -2.876355e-06  -4.910457e-06  +4.254819e-05  +3.030496e-06  -2.714069e-06  +5.186485e-05  -6.210540e-06  -1.945489e-06  +7.668150e-05  -4.017284e-04  +2.317032e-06  -6.005761e-07  +1.511399e-02  -2.193569e-06  +2.330952e-06  +1.503884e-02  +9.942650e-07  -6.824571e-07  +3.882904e-02  +1.331961e-07  +6.664965e-07  +2.046749e-02  
-4.920034e-06  +6.801613e-06  -8.206306e-06  +6.093059e-06  -3.353549e-06  -1.103078e-05  -6.210540e-06  +9.235489e-05  -4.641592e-07  -1.016125e-05  +2.082364e-04  +2.236858e-06  -1.774074e-06  -6.319660e-03  -2.675087e-06  +1.698283e-06  -2.000568e-03  +5.148141e-07  +7.366347e-07  -6.885732e-03  -2.378670e-06  -2.190928e-06  -2.734234e-03  
-1.349441e-07  +1.277771e-07  +2.332925e-07  -1.647187e-06  -1.140421e-07  +2.238125e-07  -1.945489e-06  -4.641592e-07  +1.256962e-07  -3.548142e-06  +1.335196e-05  -1.489693e-07  +6.517510e-08  -4.633962e-04  +1.154933e-07  -1.149498e-07  -5.737769e-04  -9.521186e-09  +3.237975e-08  -1.332118e-03  +2.120229e-08  -1.388017e-09  -8.281557e-04  
+6.739524e-06  +7.026658e-07  -3.984649e-06  +6.011254e-05  +7.021750e-06  -3.860247e-06  +7.668150e-05  -1.016125e-05  -3.548142e-06  +1.696079e-04  -6.513814e-04  +5.980588e-06  -2.871885e-06  +1.880438e-02  -2.956916e-06  +4.035840e-06  +2.491763e-02  -1.413909e-06  -2.134805e-06  +5.313344e-02  +1.137839e-06  +8.409565e-07  +3.569347e-02  
-4.445160e-05  +3.673704e-05  +7.992143e-06  -3.278787e-04  -3.323339e-05  -5.292323e-06  -4.017284e-04  +2.082364e-04  +1.335196e-05  -6.513814e-04  +3.780836e-03  -1.414712e-05  +1.349453e-06  -1.309466e-01  +6.914965e-06  -1.633445e-05  -1.261821e-01  -3.280954e-06  +7.218501e-06  -3.237332e-01  -8.115071e-06  -8.855604e-06  -1.678345e-01  
+1.472873e-07  +2.043909e-07  -1.072119e-06  +1.390310e-06  +3.286407e-07  -5.721026e-07  +2.317032e-06  +2.236858e-06  -1.489693e-07  +5.980588e-06  -1.414712e-05  +6.615258e-07  -6.008365e-08  +1.458853e-04  -1.701124e-07  +2.566956e-07  +6.064904e-04  -7.252205e-08  -6.297642e-08  +1.515009e-03  -4.456263e-08  +1.263071e-07  +1.272657e-03  
+1.148594e-07  -7.244907e-07  -4.194094e-07  -7.277770e-07  +3.719574e-07  +3.686099e-07  -6.005761e-07  -1.774074e-06  +6.517510e-08  -2.871885e-06  +1.349453e-06  -6.008365e-08  +6.766862e-07  +1.735154e-04  +4.281963e-08  +4.414387e-08  -4.676827e-04  +1.234682e-07  +1.903894e-07  +2.521245e-04  -3.827950e-09  +2.398437e-07  -1.306207e-04  
+1.397509e-03  -1.935077e-03  +4.093545e-04  +1.277227e-02  +7.737200e-04  +2.075675e-04  +1.511399e-02  -6.319660e-03  -4.633962e-04  +1.880438e-02  -1.309466e-01  +1.458853e-04  +1.735154e-04  +5.820881e+00  -3.648663e-04  +6.954586e-04  +4.775539e+00  +3.937963e-04  -6.453547e-05  +1.255098e+01  +2.969482e-04  +2.287563e-04  +5.931488e+00  
+7.741371e-08  -8.489950e-08  +1.314973e-06  -2.007464e-06  -2.232580e-07  +6.697469e-07  -2.193569e-06  -2.675087e-06  +1.154933e-07  -2.956916e-06  +6.914965e-06  -1.701124e-07  +4.281963e-08  -3.648663e-04  +5.040520e-07  -1.386258e-07  -4.857650e-04  -1.101560e-07  +2.249651e-09  -1.305908e-03  +2.470529e-07  +2.308946e-08  -7.809185e-04  
+1.093566e-07  -1.587552e-07  -5.534244e-07  +2.496286e-06  +2.092150e-07  -3.448384e-07  +2.330952e-06  +1.698283e-06  -1.149498e-07  +4.035840e-06  -1.633445e-05  +2.566956e-07  +4.414387e-08  +6.954586e-04  -1.386258e-07  +4.329093e-07  +7.420488e-04  +5.340269e-08  +1.997981e-08  +1.922888e-03  -4.850349e-08  +2.020660e-08  +1.161292e-03  
+1.273534e-03  -7.401400e-04  +4.144490e-04  +1.280660e-02  +7.259176e-04  -6.337607e-04  +1.503884e-02  -2.000568e-03  -5.737769e-04  +2.491763e-02  -1.261821e-01  +6.064904e-04  -4.676827e-04  +4.775539e+00  -4.857650e-04  +7.420488e-04  +5.252076e+00  +4.276316e-05  -2.910899e-04  +1.162097e+01  +2.200823e-04  +3.745799e-05  +6.326704e+00  
-8.603713e-08  -5.761005e-07  -8.080009e-07  +1.664018e-06  -3.773251e-08  -2.238149e-07  +9.942650e-07  +5.148141e-07  -9.521186e-09  -1.413909e-06  -3.280954e-06  -7.252205e-08  +1.234682e-07  +3.937963e-04  -1.101560e-07  +5.340269e-08  +4.276316e-05  +4.525725e-07  +1.822567e-08  +1.045397e-03  -1.702461e-07  +6.610033e-08  -2.445251e-05  
-5.613122e-08  -1.894808e-07  +9.788160e-08  -4.698799e-07  -2.919931e-07  -1.176699e-08  -6.824571e-07  +7.366347e-07  +3.237975e-08  -2.134805e-06  +7.218501e-06  -6.297642e-08  +1.903894e-07  -6.453547e-05  +2.249651e-09  +1.997981e-08  -2.910899e-04  +1.822567e-08  +2.534291e-07  -4.053973e-04  +3.263540e-08  -2.888652e-08  -4.159732e-04  
+3.251361e-03  -4.417997e-03  -3.722250e-03  +3.339766e-02  +3.040186e-03  -1.837464e-03  +3.882904e-02  -6.885732e-03  -1.332118e-03  +5.313344e-02  -3.237332e-01  +1.515009e-03  +2.521245e-04  +1.255098e+01  -1.305908e-03  +1.922888e-03  +1.162097e+01  +1.045397e-03  -4.053973e-04  +3.276079e+01  +1.057266e-04  +8.994618e-04  +1.571811e+01  
+2.194582e-07  +1.015982e-07  +1.363207e-06  -5.718064e-07  -1.074647e-07  +5.265739e-07  +1.331961e-07  -2.378670e-06  +2.120229e-08  +1.137839e-06  -8.115071e-06  -4.456263e-08  -3.827950e-09  +2.969482e-04  +2.470529e-07  -4.850349e-08  +2.200823e-04  -1.702461e-07  +3.263540e-08  +1.057266e-04  +4.556003e-07  -6.925519e-09  +1.348371e-04  
+1.247221e-07  -1.863377e-08  -6.485087e-07  -3.879491e-07  +5.159439e-07  +2.113878e-07  +6.664965e-07  -2.190928e-06  -1.388017e-09  +8.409565e-07  -8.855604e-06  +1.263071e-07  +2.398437e-07  +2.287563e-04  +2.308946e-08  +2.020660e-08  +3.745799e-05  +6.610033e-08  -2.888652e-08  +8.994618e-04  -6.925519e-09  +4.147609e-07  +4.388804e-04  
+1.746445e-03  -6.263745e-04  -1.889067e-03  +1.505417e-02  +2.032541e-03  -9.049634e-04  +2.046749e-02  -2.734234e-03  -8.281557e-04  +3.569347e-02  -1.678345e-01  +1.272657e-03  -1.306207e-04  +5.931488e+00  -7.809185e-04  +1.161292e-03  +6.326704e+00  -2.445251e-05  -4.159732e-04  +1.571811e+01  +1.348371e-04  +4.388804e-04  +9.493202e+00  
