mean:
+3.968252e+00  +4.002395e+00  +6.025180e-01  +1.995783e+00  +1.310824e+00  +6.062999e-01  +8.181472e-01  +2.228054e+00  +3.725559e-02  +3.873068e+00  +5.959216e+00  +4.623952e+00  +3.191167e+00  +3.259463e+02  +2.670622e+00  +3.677837e+00  +4.499529e+02  +4.720123e+00  +4.879962e+00  +8.002749e+02  +3.938223e+00  +5.173464e+00  +4.316327e+02  
covariance:
+1.690136e-06  -7.028570e-07  +6.757768e-07  +2.472162e-06  -4.569791e-07  +1.090368e-07  +1.748357e-07  +9.084488e-07  -3.669072e-08  +8.862632e-07  +2.648438e-07  -8.776118e-09  -2.797549e-10  +8.549769e-05  -9.575590e-08  -3.223884e-09  +5.272782e-05  -3.162851e-08  +3.122379e-08  -4.437575e-04  +2.295154e-07  +6.814425e-08  +3.510510e-07  
-7.028570e-07  +4.567183e-06  +1.947332e-06  -7.703545e-06  -1.085209e-05  -2.306037e-07  +4.302554e-07  -7.539069e-07  +3.303179e-08  -5.565888e-06  +7.820283e-06  +1.379096e-07  -2.893288e-07  +1.448949e-04  +3.072148e-07  +2.242635e-07  -3.378982e-04  -1.393767e-07  +2.747406e-07  +1.518035e-04  -1.113357e-07  +7.834683e-08  +9.899518e-04  
+6.757768e-07  +1.947332e-06  +2.047187e-05  -2.290181e-05  -8.720288e-05  -8.091554e-07  -3.781057e-07  -2.641552e-05  +2.801703e-07  -3.021882e-05  +4.800659e-05  +2.924522e-07  -2.747013e-06  +1.859388e-04  +3.153378e-08  -2.639668e-07  -1.481244e-03  -4.318042e-07  +6.281332e-07  -2.992215e-03  +7.163900e-07  -3.386586e-08  +1.688975e-03  
+2.472162e-06  -7.703545e-06  -2.290181e-05  +1.170003e-04  +1.471450e-04  +3.342942e-06  +3.818685e-06  +4.031042e-05  -1.013237e-06  +7.633789e-05  -8.003895e-05  -1.255980e-06  +5.874497e-06  +1.737615e-05  -9.607947e-07  -1.211601e-06  +2.920515e-03  +2.007027e-07  -6.925664e-07  -1.923732e-03  +2.630407e-06  +5.722749e-07  -7.518244e-03  
-4.569791e-07  -1.085209e-05  -8.720288e-05  +1.471450e-04  +7.171038e-04  +2.340150e-05  +1.437289e-05  +2.901144e-04  -2.958112e-06  +2.729888e-04  -4.034285e-04  +4.673365e-08  +1.123485e-05  -6.396014e-03  +1.838378e-06  +3.442316e-06  +1.897174e-02  -9.769579e-07  -4.222173e-06  +8.255974e-03  -2.582593e-06  +2.302256e-06  -7.198235e-03  
+1.090368e-07  -2.306037e-07  -8.091554e-07  +3.342942e-06  +2.340150e-05  +1.639974e-06  +1.385549e-06  +1.327972e-05  -1.246932e-07  +9.414540e-06  -1.401558e-05  +7.346012e-08  +1.300029e-07  -4.573794e-04  -8.165394e-09  +2.448749e-07  +8.819009e-04  -1.116026e-07  -1.835740e-07  -2.020965e-04  -1.446015e-07  +2.506935e-07  +1.048073e-04  
+1.748357e-07  +4.302554e-07  -3.781057e-07  +3.818685e-06  +1.437289e-05  +1.385549e-06  +5.431382e-06  +1.036671e-05  -1.690615e-07  -6.075583e-08  -2.777117e-07  +3.076930e-07  +4.392504e-07  -3.512709e-04  -6.938189e-08  +3.108497e-08  +6.299573e-04  -1.167055e-08  -4.868664e-08  +6.449165e-04  -4.807366e-07  +4.639339e-07  -4.571702e-04  
+9.084488e-07  -7.539069e-07  -2.641552e-05  +4.031042e-05  +2.901144e-04  +1.327972e-05  +1.036671e-05  +1.677866e-04  -1.097887e-06  +1.042240e-04  -1.613877e-04  +2.748844e-07  +3.340712e-06  -3.436808e-03  +1.389382e-06  +3.473786e-06  +9.564185e-03  -3.612179e-07  -1.145981e-06  +1.409376e-03  -2.250612e-06  +2.221120e-06  +1.794774e-03  
-3.669072e-08  +3.303179e-08  +2.801703e-07  -1.013237e-06  -2.958112e-06  -1.246932e-07  -1.690615e-07  -1.097887e-06  +3.774029e-08  -1.403237e-06  +1.738525e-06  -2.264109e-09  -6.342849e-08  +2.721383e-05  -7.700076e-09  +2.639839e-09  -8.263663e-05  +1.374091e-08  +2.175290e-08  +5.885441e-06  -1.298716e-08  -2.438232e-08  +4.492623e-05  
+8.862632e-07  -5.565888e-06  -3.021882e-05  +7.633789e-05  +2.729888e-04  +9.414540e-06  -6.075583e-08  +1.042240e-04  -1.403237e-06  +1.371964e-04  -1.850074e-04  -8.923452e-07  +3.892601e-06  -2.240449e-03  +5.995024e-07  +1.032026e-06  +7.532678e-03  -6.776057e-07  -1.986701e-06  -1.458398e-03  +1.579143e-06  +1.005210e-06  -1.770734e-03  
+2.648438e-07  +7.820283e-06  +4.800659e-05  -8.003895e-05  -4.034285e-04  -1.401558e-05  -2.777117e-07  -1.613877e-04  +1.738525e-06  -1.850074e-04  +2.855503e-04  +9.910746e-07  -4.771459e-06  +3.952518e-03  -7.584500e-07  -2.416491e-06  -1.218687e-02  +6.316416e-07  +3.164032e-06  -2.902182e-04  -3.545561e-07  -1.038988e-06  +1.405347e-03  
-8.776118e-09  +1.379096e-07  +2.924522e-07  -1.255980e-06  +4.673365e-08  +7.346012e-08  +3.076930e-07  +2.748844e-07  -2.264109e-09  -8.923452e-07  +9.910746e-07  +1.534065e-07  -6.717734e-08  -3.358810e-05  +6.221831e-08  -2.688265e-09  -1.978458e-05  -2.037445e-08  -3.141867e-09  +1.301240e-04  -5.010432e-08  +3.648442e-08  -5.843623e-05  
-2.797549e-10  -2.893288e-07  -2.747013e-06  +5.874497e-06  +1.123485e-05  +1.300029e-07  +4.392504e-07  +3.340712e-06  -6.342849e-08  +3.892601e-06  -4.771459e-06  -6.717734e-08  +8.542195e-07  +1.038637e-05  +1.623652e-08  -7.945787e-08  +7.417805e-05  +5.848205e-08  -3.093557e-08  +3.601234e-04  -9.852565e-08  +1.698764e-07  -4.534856e-04  
+8.549769e-05  +1.448949e-04  +1.859388e-04  +1.737615e-05  -6.396014e-03  -4.573794e-04  -3.512709e-04  -3.436808e-03  +2.721383e-05  -2.240449e-03  +3.952518e-03  -3.358810e-05  +1.038637e-05  +2.956345e-01  +1.430809e-07  -8.604005e-05  -2.623097e-01  -4.799137e-06  +1.125825e-04  +8.912431e-03  +1.338793e-04  -4.921479e-05  -6.277197e-02  
-9.575590e-08  +3.072148e-07  +3.153378e-08  -9.607947e-07  +1.838378e-06  -8.165394e-09  -6.938189e-08  +1.389382e-06  -7.700076e-09  +5.995024e-07  -7.584500e-07  +6.221831e-08  +1.623652e-08  +1.430809e-07  +3.068677e-07  +2.050235e-09  -5.913338e-05  -2.292956e-08  +5.548973e-08  +1.347739e-04  +2.175557e-08  +7.791710e-08  -2.802031e-05  
-3.223884e-09  +2.242635e-07  -2.639668e-07  -1.211601e-06  +3.442316e-06  +2.448749e-07  +3.108497e-08  +3.473786e-06  +2.639839e-09  +1.032026e-06  -2.416491e-06  -2.688265e-09  -7.945787e-08  -8.604005e-05  +2.050235e-09  +2.844069e-07  +1.325998e-04  +2.634976e-08  -1.639100e-08  -4.486603e-05  -1.219246e-07  +3.797530e-08  +4.214253e-04  
+5.272782e-05  -3.378982e-04  -1.481244e-03  +2.920515e-03  +1.897174e-02  +8.819009e-04  +6.299573e-04  +9.564185e-03  -8.263663e-05  +7.532678e-03  -1.218687e-02  -1.978458e-05  +7.417805e-05  -2.623097e-01  -5.913338e-05  +1.325998e-04  +1.038082e+00  -1.560294e-05  -9.935975e-05  -1.790731e-01  -5.046865e-05  +4.819972e-05  +1.204931e-01  
-3.162851e-08  -1.393767e-07  -4.318042e-07  +2.007027e-07  -9.769579e-07  -1.116026e-07  -1.167055e-08  -3.612179e-07  +1.374091e-08  -6.776057e-07  +6.316416e-07  -2.037445e-08  +5.848205e-08  -4.799137e-06  -2.292956e-08  +2.634976e-08  -1.560294e-05  +2.099656e-07  -4.504438e-08  -2.614168e-05  -1.057503e-08  +8.666100e-09  -6.550568e-05  
+3.122379e-08  +2.747406e-07  +6.281332e-07  -6.925664e-07  -4.222173e-06  -1.835740e-07  -4.868664e-08  -1.145981e-06  +2.175290e-08  -1.986701e-06  +3.164032e-06  -3.141867e-09  -3.093557e-08  +1.125825e-04  +5.548973e-08  -1.639100e-08  -9.935975e-05  -4.504438e-08  +2.172331e-07  -4.148507e-05  +5.641392e-08  +6.064907e-09  +1.405925e-04  
-4.437575e-04  +1.518035e-04  -2.992215e-03  -1.923732e-03  +8.255974e-03  -2.020965e-04  +6.449165e-04  +1.409376e-03  +5.885441e-06  -1.458398e-03  -2.902182e-04  +1.301240e-04  +3.601234e-04  +8.912431e-03  +1.347739e-04  -4.486603e-05  -1.790731e-01  -2.614168e-05  -4.148507e-05  +1.527558e+00  -4.643118e-04  -8.518387e-06  -4.152471e-01  
+2.295154e-07  -1.113357e-07  +7.163900e-07  +2.630407e-06  -2.582593e-06  -1.446015e-07  -4.807366e-07  -2.250612e-06  -1.298716e-08  +1.579143e-06  -3.545561e-07  -5.010432e-08  -9.852565e-08  +1.338793e-04  +2.175557e-08  -1.219246e-07  -5.046865e-05  -1.057503e-08  +5.641392e-08  -4.643118e-04  +4.692195e-07  -3.105096e-08  -2.569544e-04  
+6.814425e-08  +7.834683e-08  -3.386586e-08  +5.722749e-07  +2.302256e-06  +2.506935e-07  +4.639339e-07  +2.221120e-06  -2.438232e-08  +1.005210e-06  -1.038988e-06  +3.648442e-08  +1.698764e-07  -4.921479e-05  +7.791710e-08  +3.797530e-08  +4.819972e-05  +8.666100e-09  +6.064907e-09  -8.518387e-06  -3.105096e-08  +2.230413e-07  +5.749883e-05  
+3.510510e-07  +9.899518e-04  +1.688975e-03  -7.518244e-03  -7.198235e-03  +1.048073e-04  -4.571702e-04  +1.794774e-03  +4.492623e-05  -1.770734e-03  +1.405347e-03  -5.843623e-05  -4.534856e-04  -6.277197e-02  -2.802031e-05  +4.214253e-04  +1.204931e-01  -6.550568e-05  +1.405925e-04  -4.152471e-01  -2.569544e-04  +5.749883e-05  +2.042659e+00  
