mean:
+3.956612e+00  +3.923800e+00  +6.573434e-01  -1.168505e+00  +1.614822e+00  +3.995527e-01  +9.117310e-01  +2.082848e+00  +1.542782e-01  +1.955823e+00  +4.810063e+00  +1.635058e+00  +2.883478e+00  +8.063060e+02  +4.799596e+00  +4.399422e+00  +2.015805e+03  
covariance:
+3.973310e-06  +1.609111e-06  -5.394967e-06  -1.213009e-05  -8.811041e-07  +2.253046e-06  -1.316330e-07  +1.161739e-05  -9.472927e-08  -2.570556e-06  +9.191784e-05  -1.802991e-07  -2.388634e-07  -3.739258e-03  +7.177767e-09  -1.515208e-07  -9.405541e-03  
+1.609111e-06  +4.685902e-06  -4.224170e-06  -8.171371e-06  +1.345503e-06  +2.187502e-06  +4.306414e-07  +1.051833e-05  -1.295037e-07  -2.981790e-06  +8.539997e-05  -1.079331e-07  -3.122993e-07  -3.214054e-03  -1.037627e-08  -1.751941e-07  -7.893812e-03  
-5.394967e-06  -4.224170e-06  +3.416325e-05  +4.584232e-05  +4.539052e-06  -1.043996e-05  -7.316424e-06  -6.573613e-05  +4.070792e-06  +7.317231e-07  -3.690688e-04  +3.300856e-08  +7.644645e-07  +1.353338e-02  -6.447556e-08  +4.370748e-07  +4.815216e-02  
-1.213009e-05  -8.171371e-06  +4.584232e-05  +2.649448e-04  -1.149834e-05  -1.184602e-05  -1.976659e-06  -7.074926e-05  -3.506723e-07  +3.020769e-05  -5.340847e-04  +7.991946e-07  +8.261908e-07  +2.346985e-02  -1.184620e-06  +1.817473e-06  +1.024024e-01  
-8.811041e-07  +1.345503e-06  +4.539052e-06  -1.149834e-05  +8.820943e-05  +5.225616e-06  +1.494635e-05  +2.676847e-05  -2.649472e-07  -1.301810e-05  -6.137508e-06  +1.245923e-06  +9.645525e-08  +5.774704e-03  +3.271609e-07  -5.850115e-07  -5.889480e-03  
+2.253046e-06  +2.187502e-06  -1.043996e-05  -1.184602e-05  +5.225616e-06  +1.073374e-05  +7.993311e-06  +4.203221e-05  -3.412069e-06  -3.633941e-07  +2.448963e-04  -3.224478e-08  -4.016516e-07  -8.140621e-03  +7.853255e-08  +4.061989e-08  -2.532264e-02  
-1.316330e-07  +4.306414e-07  -7.316424e-06  -1.976659e-06  +1.494635e-05  +7.993311e-06  +2.248965e-05  +3.310776e-05  -5.559984e-06  +3.470770e-06  +1.630944e-04  +1.798032e-07  -9.282588e-08  -4.004584e-03  -6.378037e-08  -5.973491e-08  -1.774965e-02  
+1.161739e-05  +1.051833e-05  -6.573613e-05  -7.074926e-05  +2.676847e-05  +4.203221e-05  +3.310776e-05  +2.940196e-04  -1.602957e-05  +7.672472e-06  +1.080722e-03  +9.515815e-07  -2.403479e-06  -3.525835e-02  +3.605774e-07  -6.038730e-07  -1.314376e-01  
-9.472927e-08  -1.295037e-07  +4.070792e-06  -3.506723e-07  -2.649472e-07  -3.412069e-06  -5.559984e-06  -1.602957e-05  +2.489896e-06  -4.559685e-06  -7.597740e-05  -7.394102e-09  +1.386376e-07  +2.214499e-03  +5.686536e-08  -3.963004e-08  +8.014334e-03  
-2.570556e-06  -2.981790e-06  +7.317231e-07  +3.020769e-05  -1.301810e-05  -3.633941e-07  +3.470770e-06  +7.672472e-06  -4.559685e-06  +3.134161e-05  -6.491599e-05  -1.379888e-07  +6.438483e-09  +3.983293e-03  -4.586053e-07  +3.960880e-07  +7.483236e-03  
+9.191784e-05  +8.539997e-05  -3.690688e-04  -5.340847e-04  -6.137508e-06  +2.448963e-04  +1.630944e-04  +1.080722e-03  -7.597740e-05  -6.491599e-05  +7.156202e-03  -4.049860e-06  -1.388798e-05  -2.628482e-01  +2.109196e-06  -4.123675e-06  -7.389778e-01  
-1.802991e-07  -1.079331e-07  +3.300856e-08  +7.991946e-07  +1.245923e-06  -3.224478e-08  +1.798032e-07  +9.515815e-07  -7.394102e-09  -1.379888e-07  -4.049860e-06  +2.136228e-07  +3.382719e-09  +2.071935e-04  +2.732391e-08  +5.302372e-09  +1.407418e-04  
-2.388634e-07  -3.122993e-07  +7.644645e-07  +8.261908e-07  +9.645525e-08  -4.016516e-07  -9.282588e-08  -2.403479e-06  +1.386376e-07  +6.438483e-09  -1.388798e-05  +3.382719e-09  +2.005978e-07  +4.713444e-04  +1.058897e-08  +2.668587e-08  +1.346005e-03  
-3.739258e-03  -3.214054e-03  +1.353338e-02  +2.346985e-02  +5.774704e-03  -8.140621e-03  -4.004584e-03  -3.525835e-02  +2.214499e-03  +3.983293e-03  -2.628482e-01  +2.071935e-04  +4.713444e-04  +1.136958e+01  -1.518723e-04  +1.822711e-04  +2.668164e+01  
+7.177767e-09  -1.037627e-08  -6.447556e-08  -1.184620e-06  +3.271609e-07  +7.853255e-08  -6.378037e-08  +3.605774e-07  +5.686536e-08  -4.586053e-07  +2.109196e-06  +2.732391e-08  +1.058897e-08  -1.518723e-04  +1.571577e-07  +1.416972e-08  -3.581643e-04  
-1.515208e-07  -1.751941e-07  +4.370748e-07  +1.817473e-06  -5.850115e-07  +4.061989e-08  -5.973491e-08  -6.038730e-07  -3.963004e-08  +3.960880e-07  -4.123675e-06  +5.302372e-09  +2.668587e-08  +1.822711e-04  +1.416972e-08  +1.349119e-07  +6.102930e-04  
-9.405541e-03  -7.893812e-03  +4.815216e-02  +1.024024e-01  -5.889480e-03  -2.532264e-02  -1.774965e-02  -1.314376e-01  +8.014334e-03  +7.483236e-03  -7.389778e-01  +1.407418e-04  +1.346005e-03  +2.668164e+01  -3.581643e-04  +6.102930e-04  +9.709906e+01  
