mean:
+3.958488e+00  +3.925561e+00  +6.605558e-01  -1.187087e+00  +1.659890e+00  +5.149432e-01  +9.290569e-01  +2.087329e+00  +1.500131e-01  +1.966730e+00  +4.795839e+00  +1.635122e+00  +2.883322e+00  +8.021865e+02  +4.799972e+00  +4.399949e+00  +1.999306e+03  
covariance:
+5.931028e-06  -4.323982e-07  +2.745537e-06  +2.478755e-07  +1.233945e-06  +1.865733e-06  +2.666013e-06  +2.562852e-06  +4.186982e-07  +7.972174e-07  -2.797651e-05  -1.501951e-07  -4.319025e-08  -3.992486e-04  +7.907579e-08  -4.313457e-08  -1.232066e-03  
-4.323982e-07  +7.043181e-06  -6.727633e-07  -6.110754e-06  +6.952279e-06  -4.909018e-07  -1.932597e-06  +2.377976e-06  +5.255770e-07  -4.074047e-06  +1.516297e-05  +4.246334e-08  +3.169027e-07  -4.445428e-04  +1.173676e-07  +1.670107e-08  -6.669831e-04  
+2.745537e-06  -6.727633e-07  +1.880236e-04  +2.968844e-04  +3.629847e-05  -1.556363e-06  +1.422487e-04  -3.413716e-05  -7.567080e-06  -3.417968e-05  -2.717884e-04  +2.348397e-06  +1.354550e-06  +1.831943e-02  +5.720305e-07  +5.732859e-07  +1.958393e-02  
+2.478755e-07  -6.110754e-06  +2.968844e-04  +2.584958e-03  -2.951785e-04  -1.581112e-04  +4.403185e-04  -6.911942e-04  -9.730562e-05  +1.367549e-04  +1.720868e-03  +1.492668e-06  -1.995580e-06  +2.158893e-01  +7.404056e-07  +1.848004e-06  +1.852193e-01  
+1.233945e-06  +6.952279e-06  +3.629847e-05  -2.951785e-04  +9.846907e-04  +1.174168e-04  -7.520928e-05  +2.295840e-04  +4.678278e-05  -4.250407e-05  -1.765748e-03  +4.494783e-06  +2.092957e-06  -1.416722e-01  +1.363163e-07  -1.527908e-06  -3.455880e-02  
+1.865733e-06  -4.909018e-07  -1.556363e-06  -1.581112e-04  +1.174168e-04  +3.642316e-05  -2.910751e-06  +5.436805e-05  +8.516278e-06  +8.597117e-06  -4.947484e-04  +1.301752e-06  +6.593579e-07  -3.140420e-02  -1.430959e-07  -2.732906e-07  -1.318352e-02  
+2.666013e-06  -1.932597e-06  +1.422487e-04  +4.403185e-04  -7.520928e-05  -2.910751e-06  +2.737000e-04  -2.100535e-04  -3.189406e-05  +4.055717e-05  -1.585179e-04  +4.952966e-06  -7.380682e-07  +4.825496e-02  +3.826029e-07  +9.515083e-07  +3.252085e-02  
+2.562852e-06  +2.377976e-06  -3.413716e-05  -6.911942e-04  +2.295840e-04  +5.436805e-05  -2.100535e-04  +1.259243e-03  +5.972549e-05  -2.957991e-04  -1.760205e-04  -1.642531e-06  +1.059588e-05  -6.038884e-02  +1.174968e-07  -2.639480e-06  -9.376280e-02  
+4.186982e-07  +5.255770e-07  -7.567080e-06  -9.730562e-05  +4.678278e-05  +8.516278e-06  -3.189406e-05  +5.972549e-05  +9.665840e-06  -2.812496e-05  -1.087970e-04  -5.449210e-07  +4.225194e-07  -1.403499e-02  -1.713656e-08  -1.852671e-07  -9.872630e-03  
+7.972174e-07  -4.074047e-06  -3.417968e-05  +1.367549e-04  -4.250407e-05  +8.597117e-06  +4.055717e-05  -2.957991e-04  -2.812496e-05  +2.456265e-04  -2.076065e-04  +2.838876e-06  -2.175687e-06  +9.164035e-04  +3.197616e-08  +3.381342e-08  +3.688534e-02  
-2.797651e-05  +1.516297e-05  -2.717884e-04  +1.720868e-03  -1.765748e-03  -4.947484e-04  -1.585179e-04  -1.760205e-04  -1.087970e-04  -2.076065e-04  +8.258292e-03  -1.825965e-05  -4.162585e-06  +4.585161e-01  +1.673673e-07  +3.663445e-06  +8.820454e-02  
-1.501951e-07  +4.246334e-08  +2.348397e-06  +1.492668e-06  +4.494783e-06  +1.301752e-06  +4.952966e-06  -1.642531e-06  -5.449210e-07  +2.838876e-06  -1.825965e-05  +7.515505e-07  -4.107909e-08  -1.938357e-04  +2.522428e-08  +3.951287e-08  -2.093778e-04  
-4.319025e-08  +3.169027e-07  +1.354550e-06  -1.995580e-06  +2.092957e-06  +6.593579e-07  -7.380682e-07  +1.059588e-05  +4.225194e-07  -2.175687e-06  -4.162585e-06  -4.107909e-08  +8.698251e-07  -7.041933e-04  +2.319050e-08  -1.937035e-08  -9.718260e-04  
-3.992486e-04  -4.445428e-04  +1.831943e-02  +2.158893e-01  -1.416722e-01  -3.140420e-02  +4.825496e-02  -6.038884e-02  -1.403499e-02  +9.164035e-04  +4.585161e-01  -1.938357e-04  -7.041933e-04  +4.394452e+01  +1.082562e-04  +2.439638e-04  +1.506969e+01  
+7.907579e-08  +1.173676e-07  +5.720305e-07  +7.404056e-07  +1.363163e-07  -1.430959e-07  +3.826029e-07  +1.174968e-07  -1.713656e-08  +3.197616e-08  +1.673673e-07  +2.522428e-08  +2.319050e-08  +1.082562e-04  +2.368909e-07  -1.411375e-08  +5.680800e-05  
-4.313457e-08  +1.670107e-08  +5.732859e-07  +1.848004e-06  -1.527908e-06  -2.732906e-07  +9.515083e-07  -2.639480e-06  -1.852671e-07  +3.381342e-08  +3.663445e-06  +3.951287e-08  -1.937035e-08  +2.439638e-04  -1.411375e-08  +2.730091e-07  +2.818835e-05  
-1.232066e-03  -6.669831e-04  +1.958393e-02  +1.852193e-01  -3.455880e-02  -1.318352e-02  +3.252085e-02  -9.376280e-02  -9.872630e-03  +3.688534e-02  +8.820454e-02  -2.093778e-04  -9.718260e-04  +1.506969e+01  +5.680800e-05  +2.818835e-05  +4.285449e+01  
