mean:
+3.912326e+00  +3.897285e+00  +8.326241e-01  +1.316070e+00  +1.449906e+00  +6.053137e-01  +8.261548e-01  +1.418011e+00  +1.551841e-01  +1.930638e+00  +5.845242e+00  +3.484363e+00  +2.610754e+00  +2.014235e+02  +4.262669e+00  +5.275211e+00  +2.844300e+02  +5.350209e+00  +3.758498e+00  +3.262675e+02  +2.640581e+00  +4.559034e+00  +3.962698e+02  
covariance:
+4.414671e-06  -7.690111e-07  -4.458771e-06  +4.785610e-07  -9.534129e-09  +2.229865e-06  +5.231486e-06  +1.843031e-05  -4.749745e-06  +4.144450e-05  -4.238753e-05  -2.084742e-07  -6.434887e-07  -6.625020e-04  -2.929692e-08  +1.066781e-06  +2.820337e-03  +4.638615e-07  +6.368360e-07  +2.648370e-03  +6.546495e-08  +7.938989e-07  +4.839217e-03  
-7.690111e-07  +9.421311e-07  -1.753373e-06  -6.696144e-07  -3.250564e-08  +6.908118e-07  +1.357221e-06  +8.829831e-06  -1.680879e-06  +1.433902e-05  -1.395474e-05  -3.370468e-08  -1.959050e-07  -2.098719e-04  -2.028613e-07  +3.106986e-07  +1.198178e-03  -1.175148e-08  +2.495962e-07  +1.089444e-03  -3.945705e-08  +2.688489e-08  +1.306733e-03  
-4.458771e-06  -1.753373e-06  +2.860459e-05  +2.325633e-06  -4.213207e-06  -1.032294e-05  -2.101658e-05  -7.973411e-05  +2.054558e-05  -1.899885e-04  +1.812850e-04  -3.493992e-07  +3.570712e-06  +3.109461e-03  +1.797128e-06  -4.749035e-06  -1.475711e-02  -9.694153e-07  -1.191809e-06  -1.065439e-02  +5.566830e-08  -1.215759e-06  -2.011940e-02  
+4.785610e-07  -6.696144e-07  +2.325633e-06  +4.247080e-05  +9.272880e-07  -1.810573e-06  -1.142134e-05  -7.381458e-06  +2.431091e-06  -1.738759e-05  +2.646284e-05  +7.387301e-07  +8.919877e-07  -1.247167e-03  -2.265286e-07  +6.265621e-07  -1.417805e-03  -1.585137e-06  +5.899048e-07  -3.772914e-03  -7.552802e-07  -1.183262e-06  -1.914696e-03  
-9.534129e-09  -3.250564e-08  -4.213207e-06  +9.272880e-07  +7.741823e-06  +8.471838e-07  -3.670857e-07  +1.657996e-05  -1.546697e-06  +1.997045e-05  -1.842381e-05  -2.389266e-07  -2.429091e-07  -1.041260e-03  -8.234510e-07  +4.530212e-07  +2.500829e-03  -3.344037e-07  +9.060034e-07  +6.359740e-04  +2.624730e-07  -4.952731e-07  +8.992606e-04  
+2.229865e-06  +6.908118e-07  -1.032294e-05  -1.810573e-06  +8.471838e-07  +4.638561e-06  +9.988264e-06  +4.016232e-05  -8.922743e-06  +8.261435e-05  -8.204530e-05  -2.881018e-07  -1.286853e-06  -1.156049e-03  -5.996168e-07  +2.007435e-06  +6.244115e-03  +7.133487e-07  +1.111893e-06  +5.407005e-03  +4.288850e-08  +9.369728e-07  +8.702028e-03  
+5.231486e-06  +1.357221e-06  -2.101658e-05  -1.142134e-05  -3.670857e-07  +9.988264e-06  +3.339027e-05  +6.828312e-05  -1.931051e-05  +1.689804e-04  -1.754346e-04  -4.579711e-07  -2.753030e-06  -7.110676e-04  -2.389703e-07  +4.570035e-06  +1.054994e-02  +2.823554e-06  +9.607517e-07  +1.322692e-02  +1.143246e-06  +3.500442e-06  +1.997708e-02  
+1.843031e-05  +8.829831e-06  -7.973411e-05  -7.381458e-06  +1.657996e-05  +4.016232e-05  +6.828312e-05  +6.807182e-04  -8.552497e-05  +8.373825e-04  -8.641228e-04  -1.173851e-05  -5.038112e-06  -2.050703e-02  -7.533308e-06  +1.853561e-05  +7.137391e-02  +1.925572e-06  +3.287131e-05  +6.678542e-02  -6.487187e-07  +8.803279e-06  +7.776884e-02  
-4.749745e-06  -1.680879e-06  +2.054558e-05  +2.431091e-06  -1.546697e-06  -8.922743e-06  -1.931051e-05  -8.552497e-05  +1.914489e-05  -1.734491e-04  +1.685675e-04  +5.245060e-07  +2.680089e-06  +2.690033e-03  +1.518493e-06  -4.280073e-06  -1.345317e-02  -8.346021e-07  -2.352823e-06  -1.112672e-02  -1.153271e-08  -1.695000e-06  -1.777519e-02  
+4.144450e-05  +1.433902e-05  -1.899885e-04  -1.738759e-05  +1.997045e-05  +8.261435e-05  +1.689804e-04  +8.373825e-04  -1.734491e-04  +1.631540e-03  -1.595758e-03  -6.040388e-06  -2.407713e-05  -2.706713e-02  -1.479636e-05  +3.975547e-05  +1.280374e-01  +6.502453e-06  +2.531994e-05  +1.047135e-01  -8.053155e-07  +1.516211e-05  +1.650093e-01  
-4.238753e-05  -1.395474e-05  +1.812850e-04  +2.646284e-05  -1.842381e-05  -8.204530e-05  -1.754346e-04  -8.641228e-04  +1.685675e-04  -1.595758e-03  +1.637278e-03  +9.632641e-06  +2.229375e-05  +2.533955e-02  +1.149700e-05  -3.806670e-05  -1.219952e-01  -8.627922e-06  -2.929152e-05  -1.092184e-01  +2.587857e-07  -1.849162e-05  -1.639244e-01  
-2.084742e-07  -3.370468e-08  -3.493992e-07  +7.387301e-07  -2.389266e-07  -2.881018e-07  -4.579711e-07  -1.173851e-05  +5.245060e-07  -6.040388e-06  +9.632641e-06  +8.261602e-07  -1.647573e-07  +6.277269e-05  +1.327369e-07  -9.254573e-09  -7.011607e-04  -1.315117e-07  -8.465782e-07  -8.714149e-04  -9.874923e-08  -1.613015e-07  -1.209530e-04  
-6.434887e-07  -1.959050e-07  +3.570712e-06  +8.919877e-07  -2.429091e-07  -1.286853e-06  -2.753030e-06  -5.038112e-06  +2.680089e-06  -2.407713e-05  +2.229375e-05  -1.647573e-07  +9.096138e-07  +3.237345e-04  +2.830610e-07  -6.047926e-07  -2.105965e-03  -2.532679e-09  +3.388070e-07  -9.875883e-04  +4.013151e-08  -1.111390e-07  -2.609787e-03  
-6.625020e-04  -2.098719e-04  +3.109461e-03  -1.247167e-03  -1.041260e-03  -1.156049e-03  -7.110676e-04  -2.050703e-02  +2.690033e-03  -2.706713e-02  +2.533955e-02  +6.277269e-05  +3.237345e-04  +1.385280e+00  +3.893039e-04  -5.895968e-04  -2.792241e+00  +3.820063e-04  -1.198411e-03  -1.548523e+00  +2.156690e-04  +3.467764e-05  -2.294132e+00  
-2.929692e-08  -2.028613e-07  +1.797128e-06  -2.265286e-07  -8.234510e-07  -5.996168e-07  -2.389703e-07  -7.533308e-06  +1.518493e-06  -1.479636e-05  +1.149700e-05  +1.327369e-07  +2.830610e-07  +3.893039e-04  +7.703194e-07  -3.340978e-07  -1.798094e-03  +2.400233e-07  -1.472967e-07  -4.170751e-04  -2.360706e-09  +3.250843e-07  -4.283506e-04  
+1.066781e-06  +3.106986e-07  -4.749035e-06  +6.265621e-07  +4.530212e-07  +2.007435e-06  +4.570035e-06  +1.853561e-05  -4.280073e-06  +3.975547e-05  -3.806670e-05  -9.254573e-09  -6.047926e-07  -5.895968e-04  -3.340978e-07  +1.327428e-06  +2.958792e-03  +1.676811e-07  +3.398659e-07  +2.554496e-03  +7.844685e-08  +3.865714e-07  +4.174312e-03  
+2.820337e-03  +1.198178e-03  -1.475711e-02  -1.417805e-03  +2.500829e-03  +6.244115e-03  +1.054994e-02  +7.137391e-02  -1.345317e-02  +1.280374e-01  -1.219952e-01  -7.011607e-04  -2.105965e-03  -2.792241e+00  -1.798094e-03  +2.958792e-03  +1.184540e+01  -1.587511e-04  +2.377889e-03  +7.494108e+00  -2.350969e-04  +5.632912e-04  +1.159911e+01  
+4.638615e-07  -1.175148e-08  -9.694153e-07  -1.585137e-06  -3.344037e-07  +7.133487e-07  +2.823554e-06  +1.925572e-06  -8.346021e-07  +6.502453e-06  -8.627922e-06  -1.315117e-07  -2.532679e-09  +3.820063e-04  +2.400233e-07  +1.676811e-07  -1.587511e-04  +9.883487e-07  -1.376631e-08  +1.173467e-03  +2.035243e-07  +4.614118e-07  +1.283008e-03  
+6.368360e-07  +2.495962e-07  -1.191809e-06  +5.899048e-07  +9.060034e-07  +1.111893e-06  +9.607517e-07  +3.287131e-05  -2.352823e-06  +2.531994e-05  -2.929152e-05  -8.465782e-07  +3.388070e-07  -1.198411e-03  -1.472967e-07  +3.398659e-07  +2.377889e-03  -1.376631e-08  +2.666335e-06  +2.719646e-03  -1.083570e-07  +3.902913e-07  +1.976521e-03  
+2.648370e-03  +1.089444e-03  -1.065439e-02  -3.772914e-03  +6.359740e-04  +5.407005e-03  +1.322692e-02  +6.678542e-02  -1.112672e-02  +1.047135e-01  -1.092184e-01  -8.714149e-04  -9.875883e-04  -1.548523e+00  -4.170751e-04  +2.554496e-03  +7.494108e+00  +1.173467e-03  +2.719646e-03  +9.318686e+00  +2.412594e-04  +1.601583e-03  +1.138300e+01  
+6.546495e-08  -3.945705e-08  +5.566830e-08  -7.552802e-07  +2.624730e-07  +4.288850e-08  +1.143246e-06  -6.487187e-07  -1.153271e-08  -8.053155e-07  +2.587857e-07  -9.874923e-08  +4.013151e-08  +2.156690e-04  -2.360706e-09  +7.844685e-08  -2.350969e-04  +2.035243e-07  -1.083570e-07  +2.412594e-04  +3.439700e-07  +9.540443e-08  -1.301224e-04  
+7.938989e-07  +2.688489e-08  -1.215759e-06  -1.183262e-06  -4.952731e-07  +9.369728e-07  +3.500442e-06  +8.803279e-06  -1.695000e-06  +1.516211e-05  -1.849162e-05  -1.613015e-07  -1.111390e-07  +3.467764e-05  +3.250843e-07  +3.865714e-07  +5.632912e-04  +4.614118e-07  +3.902913e-07  +1.601583e-03  +9.540443e-08  +8.816547e-07  +2.250333e-03  
+4.839217e-03  +1.306733e-03  -2.011940e-02  -1.914696e-03  +8.992606e-04  +8.702028e-03  +1.997708e-02  +7.776884e-02  -1.777519e-02  +1.650093e-01  -1.639244e-01  -1.209530e-04  -2.609787e-03  -2.294132e+00  -4.283506e-04  +4.174312e-03  +1.159911e+01  +1.283008e-03  +1.976521e-03  +1.138300e+01  -1.301224e-04  +2.250333e-03  +1.979478e+01  
