mean:
+3.966790e+00  +3.992295e+00  +8.379496e-01  +1.295667e+00  +1.203242e+00  +4.038485e-01  +8.361763e-01  +1.291996e+00  +1.820012e-01  +2.009046e+00  +5.577620e+00  +3.611453e+00  +2.918329e+00  +2.152818e+02  +4.264506e+00  +5.130230e+00  +2.978214e+02  +5.235492e+00  +3.831127e+00  +3.378442e+02  +2.800916e+00  +4.481464e+00  +4.011415e+02  
covariance:
+2.699317e-06  +2.807650e-06  -1.056670e-06  -4.338717e-06  +1.988789e-06  +3.174756e-06  -1.327620e-06  -2.257282e-05  -1.104678e-05  +9.387968e-05  -2.647361e-04  +1.239959e-06  -7.986861e-07  +7.797305e-03  -6.072583e-06  +1.367486e-06  +1.425831e-02  -6.684503e-07  +4.425716e-07  +1.300933e-02  +8.630874e-07  +9.442558e-08  +7.904953e-03  
+2.807650e-06  +7.713500e-06  -1.483856e-06  -8.613007e-06  +2.497968e-06  +3.918425e-06  +1.083636e-06  -2.843404e-05  -1.937744e-05  +1.518565e-04  -3.804624e-04  +8.663488e-07  -2.055230e-06  +1.041376e-02  -1.065868e-05  +1.666301e-06  +2.089221e-02  -6.137595e-07  +6.239767e-07  +1.726903e-02  +1.221877e-06  -6.205934e-07  +1.105456e-02  
-1.056670e-06  -1.483856e-06  +7.416503e-06  +4.026765e-06  -2.098002e-07  -1.805586e-06  +7.756940e-07  +1.616734e-05  +5.025552e-06  -4.644767e-05  +1.673377e-04  -4.375316e-07  +1.393493e-07  -5.913700e-03  +4.063997e-06  -2.783374e-06  -8.807383e-03  +4.456998e-07  -5.028349e-07  -1.073596e-02  -6.206260e-07  -2.849197e-07  -4.564214e-03  
-4.338717e-06  -8.613007e-06  +4.026765e-06  +3.557787e-05  -3.622487e-06  -6.642427e-06  +5.286661e-07  +3.966644e-05  +3.182263e-05  -2.523263e-04  +6.081122e-04  -2.428802e-06  +4.136872e-06  -1.627236e-02  +1.661261e-05  -3.861334e-06  -3.714954e-02  +1.203822e-06  -1.449985e-06  -3.031721e-02  -2.408482e-06  +1.487606e-06  -1.880042e-02  
+1.988789e-06  +2.497968e-06  -2.098002e-07  -3.622487e-06  +4.790002e-06  +4.255768e-06  -2.433864e-06  -2.918780e-05  -1.238943e-05  +1.078863e-04  -3.089874e-04  +8.359206e-07  -1.146574e-07  +9.341832e-03  -8.053552e-06  +6.868331e-07  +1.534637e-02  -1.074022e-06  +6.677023e-07  +1.450452e-02  +1.257677e-06  -2.603768e-07  +8.772506e-03  
+3.174756e-06  +3.918425e-06  -1.805586e-06  -6.642427e-06  +4.255768e-06  +7.501453e-06  -7.203992e-06  -3.789989e-05  -1.532833e-05  +1.489802e-04  -4.836082e-04  +2.332407e-06  -4.862911e-07  +1.516303e-02  -8.502795e-06  +2.045778e-06  +2.391524e-02  -9.592678e-07  +2.061082e-07  +2.406558e-02  +1.568748e-06  +2.558931e-07  +1.438573e-02  
-1.327620e-06  +1.083636e-06  +7.756940e-07  +5.286661e-07  -2.433864e-06  -7.203992e-06  +2.923898e-05  +1.290769e-05  -1.504959e-05  +3.095090e-05  +2.385000e-04  -2.947710e-06  -3.543613e-06  -1.224972e-02  -6.608920e-06  -6.723909e-07  -6.438478e-03  +3.048894e-07  +2.718963e-06  -1.780775e-02  -4.928054e-07  -1.325446e-06  -7.535857e-03  
-2.257282e-05  -2.843404e-05  +1.616734e-05  +3.966644e-05  -2.918780e-05  -3.789989e-05  +1.290769e-05  +3.733462e-04  +1.299350e-04  -1.100253e-03  +3.111496e-03  -1.191547e-05  +3.899093e-06  -9.419567e-02  +7.763140e-05  -1.571990e-05  -1.662224e-01  +1.179936e-05  -1.030213e-05  -1.532130e-01  -1.145926e-05  -5.410099e-07  -9.207729e-02  
-1.104678e-05  -1.937744e-05  +5.025552e-06  +3.182263e-05  -1.238943e-05  -1.532833e-05  -1.504959e-05  +1.299350e-04  +9.319041e-05  -6.958226e-04  +1.583307e-03  -3.957397e-06  +8.411968e-06  -4.059348e-02  +5.091385e-05  -7.164556e-06  -9.136009e-02  +3.540085e-06  -5.397689e-06  -7.029766e-02  -5.828716e-06  +1.872750e-06  -4.635171e-02  
+9.387968e-05  +1.518565e-04  -4.644767e-05  -2.523263e-04  +1.078863e-04  +1.489802e-04  +3.095090e-05  -1.100253e-03  -6.958226e-04  +5.506997e-03  -1.370718e-02  +4.571245e-05  -5.751093e-05  +3.747614e-01  -3.844414e-04  +6.455771e-05  +7.651485e-01  -2.992724e-05  +3.396793e-05  +6.354046e-01  +4.826615e-05  -8.154707e-06  +4.043187e-01  
-2.647361e-04  -3.804624e-04  +1.673377e-04  +6.081122e-04  -3.089874e-04  -4.836082e-04  +2.385000e-04  +3.111496e-03  +1.583307e-03  -1.370718e-02  +3.937477e-02  -1.660347e-04  +9.972079e-05  -1.177831e+00  +9.045354e-04  -2.043230e-04  -2.075325e+00  +8.505000e-05  -4.814919e-05  -1.930812e+00  -1.277043e-04  -1.200367e-05  -1.161733e+00  
+1.239959e-06  +8.663488e-07  -4.375316e-07  -2.428802e-06  +8.359206e-07  +2.332407e-06  -2.947710e-06  -1.191547e-05  -3.957397e-06  +4.571245e-05  -1.660347e-04  +3.049326e-06  -9.033127e-07  +5.173718e-03  -4.869787e-07  +1.767408e-06  +1.039507e-02  -5.553402e-07  +3.252905e-07  +9.476219e-03  +4.571075e-07  +8.620960e-07  +6.210444e-03  
-7.986861e-07  -2.055230e-06  +1.393493e-07  +4.136872e-06  -1.146574e-07  -4.862911e-07  -3.543613e-06  +3.899093e-06  +8.411968e-06  -5.751093e-05  +9.972079e-05  -9.033127e-07  +2.576156e-06  -1.533027e-03  +2.815211e-06  -9.437547e-07  -7.957409e-03  +1.171503e-07  -5.606083e-07  -3.718061e-03  -3.480432e-07  +2.968605e-07  -3.538304e-03  
+7.797305e-03  +1.041376e-02  -5.913700e-03  -1.627236e-02  +9.341832e-03  +1.516303e-02  -1.224972e-02  -9.419567e-02  -4.059348e-02  +3.747614e-01  -1.177831e+00  +5.173718e-03  -1.533027e-03  +3.754870e+01  -2.488560e-02  +6.559003e-03  +5.983415e+01  -2.522949e-03  +6.174873e-04  +6.002012e+01  +3.675847e-03  +9.292726e-04  +3.445265e+01  
-6.072583e-06  -1.065868e-05  +4.063997e-06  +1.661261e-05  -8.053552e-06  -8.502795e-06  -6.608920e-06  +7.763140e-05  +5.091385e-05  -3.844414e-04  +9.045354e-04  -4.869787e-07  +2.815211e-06  -2.488560e-02  +3.296744e-05  -3.778322e-06  -4.957015e-02  +2.244182e-06  -2.758980e-06  -4.152719e-02  -3.447965e-06  +1.080500e-06  -2.488129e-02  
+1.367486e-06  +1.666301e-06  -2.783374e-06  -3.861334e-06  +6.868331e-07  +2.045778e-06  -6.723909e-07  -1.571990e-05  -7.164556e-06  +6.455771e-05  -2.043230e-04  +1.767408e-06  -9.437547e-07  +6.559003e-03  -3.778322e-06  +3.246535e-06  +1.241482e-02  -2.479512e-07  +3.008841e-07  +1.167376e-02  +4.485355e-07  +7.671345e-07  +6.685996e-03  
+1.425831e-02  +2.089221e-02  -8.807383e-03  -3.714954e-02  +1.534637e-02  +2.391524e-02  -6.438478e-03  -1.662224e-01  -9.136009e-02  +7.651485e-01  -2.075325e+00  +1.039507e-02  -7.957409e-03  +5.983415e+01  -4.957015e-02  +1.241482e-02  +1.165943e+02  -4.690773e-03  +4.111377e-03  +1.020184e+02  +6.800977e-03  +6.869680e-04  +6.318913e+01  
-6.684503e-07  -6.137595e-07  +4.456998e-07  +1.203822e-06  -1.074022e-06  -9.592678e-07  +3.048894e-07  +1.179936e-05  +3.540085e-06  -2.992724e-05  +8.505000e-05  -5.553402e-07  +1.171503e-07  -2.522949e-03  +2.244182e-06  -2.479512e-07  -4.690773e-03  +1.056502e-06  -6.117368e-07  -4.557235e-03  -4.580241e-07  +4.652410e-08  -2.338339e-03  
+4.425716e-07  +6.239767e-07  -5.028349e-07  -1.449985e-06  +6.677023e-07  +2.061082e-07  +2.718963e-06  -1.030213e-05  -5.397689e-06  +3.396793e-05  -4.814919e-05  +3.252905e-07  -5.606083e-07  +6.174873e-04  -2.758980e-06  +3.008841e-07  +4.111377e-03  -6.117368e-07  +1.312276e-06  +2.057123e-03  +3.832735e-07  -1.647977e-07  +1.563544e-03  
+1.300933e-02  +1.726903e-02  -1.073596e-02  -3.031721e-02  +1.450452e-02  +2.406558e-02  -1.780775e-02  -1.532130e-01  -7.029766e-02  +6.354046e-01  -1.930812e+00  +9.476219e-03  -3.718061e-03  +6.002012e+01  -4.152719e-02  +1.167376e-02  +1.020184e+02  -4.557235e-03  +2.057123e-03  +1.004374e+02  +6.088884e-03  +1.709025e-03  +5.712251e+01  
+8.630874e-07  +1.221877e-06  -6.206260e-07  -2.408482e-06  +1.257677e-06  +1.568748e-06  -4.928054e-07  -1.145926e-05  -5.828716e-06  +4.826615e-05  -1.277043e-04  +4.571075e-07  -3.480432e-07  +3.675847e-03  -3.447965e-06  +4.485355e-07  +6.800977e-03  -4.580241e-07  +3.832735e-07  +6.088884e-03  +9.070895e-07  -1.848235e-07  +3.853295e-03  
+9.442558e-08  -6.205934e-07  -2.849197e-07  +1.487606e-06  -2.603768e-07  +2.558931e-07  -1.325446e-06  -5.410099e-07  +1.872750e-06  -8.154707e-06  -1.200367e-05  +8.620960e-07  +2.968605e-07  +9.292726e-04  +1.080500e-06  +7.671345e-07  +6.869680e-04  +4.652410e-08  -1.647977e-07  +1.709025e-03  -1.848235e-07  +1.083346e-06  +7.455002e-04  
+7.904953e-03  +1.105456e-02  -4.564214e-03  -1.880042e-02  +8.772506e-03  +1.438573e-02  -7.535857e-03  -9.207729e-02  -4.635171e-02  +4.043187e-01  -1.161733e+00  +6.210444e-03  -3.538304e-03  +3.445265e+01  -2.488129e-02  +6.685996e-03  +6.318913e+01  -2.338339e-03  +1.563544e-03  +5.712251e+01  +3.853295e-03  +7.455002e-04  +3.615045e+01  
