mean:
+3.982322e+00  +3.953449e+00  +8.417236e-01  +1.302986e+00  +1.405157e+00  +4.043253e-01  +8.077866e-01  +1.373187e+00  +1.697464e-01  +1.852688e+00  +6.024370e+00  +3.592935e+00  +2.698473e+00  +2.064730e+02  +4.328760e+00  +5.293785e+00  +2.824447e+02  +5.452896e+00  +3.756883e+00  +3.291287e+02  +2.640233e+00  +4.559534e+00  +3.970548e+02  
covariance:
+1.032716e-06  +1.987163e-07  +2.215125e-07  +1.076221e-06  +6.766768e-07  +3.281480e-07  +1.103221e-06  -5.514114e-06  -7.462280e-07  +3.488077e-06  -4.554879e-06  -4.892937e-08  -1.543739e-07  +2.830650e-05  -2.950050e-08  -8.211897e-08  +6.693683e-06  -1.030966e-07  -2.417829e-08  -1.770200e-04  +1.971394e-07  -1.187320e-07  -1.037644e-04  
+1.987163e-07  +9.439150e-07  -8.220116e-08  +1.661563e-07  -1.420139e-07  +1.028009e-07  +1.973917e-07  -2.308745e-06  -4.920981e-08  +4.111861e-07  +9.999356e-07  -7.143717e-08  -6.643342e-08  +4.338699e-05  +2.190250e-08  +4.606007e-08  -1.851535e-06  +1.087345e-07  -2.398476e-08  -2.522385e-05  +1.667543e-08  +2.448208e-08  +2.133342e-06  
+2.215125e-07  -8.220116e-08  +1.042831e-05  +3.063433e-06  +1.561820e-08  -5.233683e-06  -4.951493e-06  -1.615117e-05  +4.335978e-06  -2.082768e-05  -5.117132e-05  -1.288359e-06  +1.322869e-06  -2.569291e-03  -5.337123e-07  -8.306878e-07  -3.769994e-03  -1.428908e-06  -6.281994e-07  -6.890911e-03  +1.437138e-07  -5.985322e-07  -5.311841e-03  
+1.076221e-06  +1.661563e-07  +3.063433e-06  +1.078886e-04  +7.161773e-06  -7.572730e-06  -6.049299e-06  -1.236824e-04  +7.592480e-06  -2.164371e-05  -1.767383e-04  -1.604373e-06  -2.878780e-06  -5.617631e-03  -5.302450e-07  -6.278313e-06  -8.878282e-03  -4.103231e-06  +6.489236e-07  -1.957900e-02  +1.461760e-06  -1.519198e-06  -1.331035e-02  
+6.766768e-07  -1.420139e-07  +1.561820e-08  +7.161773e-06  +1.278856e-05  +3.137649e-06  +4.948894e-06  -9.686273e-06  -4.110495e-06  +2.648771e-05  -2.762464e-06  +8.016959e-07  -9.653426e-07  +1.698819e-03  -3.646298e-07  -8.882829e-07  +1.303730e-03  -1.137127e-06  -4.019524e-07  +3.392121e-03  +1.106166e-06  -1.015677e-06  +1.555504e-03  
+3.281480e-07  +1.028009e-07  -5.233683e-06  -7.572730e-06  +3.137649e-06  +1.115128e-05  +1.196967e-05  +2.614449e-06  -1.167480e-05  +6.566427e-05  +7.735346e-05  +2.165491e-06  -1.902089e-06  +6.286432e-03  -2.950292e-07  +8.999983e-07  +6.904964e-03  +1.158489e-06  -1.606454e-07  +1.436222e-02  +1.985867e-07  -7.178821e-07  +9.011835e-03  
+1.103221e-06  +1.973917e-07  -4.951493e-06  -6.049299e-06  +4.948894e-06  +1.196967e-05  +2.564708e-05  -1.894643e-05  -1.469184e-05  +7.974659e-05  +4.763553e-05  +1.717713e-06  -1.664922e-06  +4.928055e-03  +1.077149e-07  +1.293396e-06  +6.746624e-03  +1.647425e-06  -1.389107e-07  +1.392873e-02  +7.634197e-07  -1.410424e-06  +9.024742e-03  
-5.514114e-06  -2.308745e-06  -1.615117e-05  -1.236824e-04  -9.686273e-06  +2.614449e-06  -1.894643e-05  +4.761542e-04  +4.044028e-06  -5.186995e-05  +2.241533e-04  +6.511679e-06  +3.288137e-06  +5.658356e-03  +4.572932e-06  +5.645342e-06  +1.223885e-02  +2.549455e-06  +2.448060e-06  +3.534307e-02  -3.540035e-06  +1.301025e-06  +2.234321e-02  
-7.462280e-07  -4.920981e-08  +4.335978e-06  +7.592480e-06  -4.110495e-06  -1.167480e-05  -1.469184e-05  +4.044028e-06  +1.433773e-05  -7.906670e-05  -8.422312e-05  -2.241986e-06  +1.736516e-06  -6.902813e-03  +4.203310e-07  -9.891226e-07  -7.403541e-03  -1.199100e-06  +5.243299e-07  -1.599768e-02  -5.317202e-07  +1.060896e-06  -1.045552e-02  
+3.488077e-06  +4.111861e-07  -2.082768e-05  -2.164371e-05  +2.648771e-05  +6.566427e-05  +7.974659e-05  -5.186995e-05  -7.906670e-05  +4.612625e-04  +4.206433e-04  +1.265607e-05  -1.091719e-05  +3.899172e-02  -3.106919e-06  +3.548155e-06  +4.053625e-02  +5.254011e-06  -3.301787e-06  +8.663791e-02  +3.543391e-06  -7.204557e-06  +5.632665e-02  
-4.554879e-06  +9.999356e-07  -5.117132e-05  -1.767383e-04  -2.762464e-06  +7.735346e-05  +4.763553e-05  +2.241533e-04  -8.422312e-05  +4.206433e-04  +1.112806e-03  +1.746584e-05  -6.066427e-06  +5.713047e-02  -2.267441e-06  +1.709855e-05  +5.940226e-02  +1.604846e-05  -4.716555e-06  +1.403824e-01  -3.185852e-06  +2.745658e-06  +9.310712e-02  
-4.892937e-08  -7.143717e-08  -1.288359e-06  -1.604373e-06  +8.016959e-07  +2.165491e-06  +1.717713e-06  +6.511679e-06  -2.241986e-06  +1.265607e-05  +1.746584e-05  +8.944815e-07  -4.789947e-07  +1.452690e-03  +5.192553e-08  +1.313974e-07  +1.518322e-03  +1.270466e-07  +1.017162e-07  +3.136982e-03  +6.994116e-08  -1.906783e-07  +2.275871e-03  
-1.543739e-07  -6.643342e-08  +1.322869e-06  -2.878780e-06  -9.653426e-07  -1.902089e-06  -1.664922e-06  +3.288137e-06  +1.736516e-06  -1.091719e-05  -6.066427e-06  -4.789947e-07  +1.315584e-06  -9.071961e-04  -6.906619e-09  +3.379065e-07  -1.103129e-03  +6.721059e-08  -3.579327e-07  -1.575830e-03  -1.829721e-07  -5.690105e-08  -1.319808e-03  
+2.830650e-05  +4.338699e-05  -2.569291e-03  -5.617631e-03  +1.698819e-03  +6.286432e-03  +4.928055e-03  +5.658356e-03  -6.902813e-03  +3.899172e-02  +5.713047e-02  +1.452690e-03  -9.071961e-04  +4.726163e+00  -3.675623e-04  +5.535881e-04  +4.162300e+00  +6.313048e-04  -3.111759e-04  +9.406848e+00  +5.949560e-05  -5.031760e-04  +5.729077e+00  
-2.950050e-08  +2.190250e-08  -5.337123e-07  -5.302450e-07  -3.646298e-07  -2.950292e-07  +1.077149e-07  +4.572932e-06  +4.203310e-07  -3.106919e-06  -2.267441e-06  +5.192553e-08  -6.906619e-09  -3.675623e-04  +4.680141e-07  +6.112623e-08  -1.084217e-04  +3.436559e-08  +1.445671e-07  -5.545375e-04  +8.646099e-08  +6.292740e-08  +9.676599e-05  
-8.211897e-08  +4.606007e-08  -8.306878e-07  -6.278313e-06  -8.882829e-07  +8.999983e-07  +1.293396e-06  +5.645342e-06  -9.891226e-07  +3.548155e-06  +1.709855e-05  +1.313974e-07  +3.379065e-07  +5.535881e-04  +6.112623e-08  +1.074640e-06  +8.182747e-04  +5.718036e-07  -1.785258e-07  +1.593530e-03  -2.374737e-07  -2.209202e-08  +1.104802e-03  
+6.693683e-06  -1.851535e-06  -3.769994e-03  -8.878282e-03  +1.303730e-03  +6.904964e-03  +6.746624e-03  +1.223885e-02  -7.403541e-03  +4.053625e-02  +5.940226e-02  +1.518322e-03  -1.103129e-03  +4.162300e+00  -1.084217e-04  +8.182747e-04  +5.270841e+00  +1.136212e-03  -3.496284e-06  +1.025697e+01  -2.327746e-05  -2.056365e-04  +6.454606e+00  
-1.030966e-07  +1.087345e-07  -1.428908e-06  -4.103231e-06  -1.137127e-06  +1.158489e-06  +1.647425e-06  +2.549455e-06  -1.199100e-06  +5.254011e-06  +1.604846e-05  +1.270466e-07  +6.721059e-08  +6.313048e-04  +3.436559e-08  +5.718036e-07  +1.136212e-03  +1.110374e-06  -5.639868e-08  +2.090685e-03  -3.030570e-07  +2.666515e-07  +1.354576e-03  
-2.417829e-08  -2.398476e-08  -6.281994e-07  +6.489236e-07  -4.019524e-07  -1.606454e-07  -1.389107e-07  +2.448060e-06  +5.243299e-07  -3.301787e-06  -4.716555e-06  +1.017162e-07  -3.579327e-07  -3.111759e-04  +1.445671e-07  -1.785258e-07  -3.496284e-06  -5.639868e-08  +7.875974e-07  -8.443784e-04  -1.513504e-08  +1.661185e-07  -1.432259e-04  
-1.770200e-04  -2.522385e-05  -6.890911e-03  -1.957900e-02  +3.392121e-03  +1.436222e-02  +1.392873e-02  +3.534307e-02  -1.599768e-02  +8.663791e-02  +1.403824e-01  +3.136982e-03  -1.575830e-03  +9.406848e+00  -5.545375e-04  +1.593530e-03  +1.025697e+01  +2.090685e-03  -8.443784e-04  +2.516502e+01  -1.524170e-04  -7.535738e-04  +1.485079e+01  
+1.971394e-07  +1.667543e-08  +1.437138e-07  +1.461760e-06  +1.106166e-06  +1.985867e-07  +7.634197e-07  -3.540035e-06  -5.317202e-07  +3.543391e-06  -3.185852e-06  +6.994116e-08  -1.829721e-07  +5.949560e-05  +8.646099e-08  -2.374737e-07  -2.327746e-05  -3.030570e-07  -1.513504e-08  -1.524170e-04  +5.658078e-07  -1.143599e-07  +2.465316e-04  
-1.187320e-07  +2.448208e-08  -5.985322e-07  -1.519198e-06  -1.015677e-06  -7.178821e-07  -1.410424e-06  +1.301025e-06  +1.060896e-06  -7.204557e-06  +2.745658e-06  -1.906783e-07  -5.690105e-08  -5.031760e-04  +6.292740e-08  -2.209202e-08  -2.056365e-04  +2.666515e-07  +1.661185e-07  -7.535738e-04  -1.143599e-07  +8.383867e-07  -1.370535e-04  
-1.037644e-04  +2.133342e-06  -5.311841e-03  -1.331035e-02  +1.555504e-03  +9.011835e-03  +9.024742e-03  +2.234321e-02  -1.045552e-02  +5.632665e-02  +9.310712e-02  +2.275871e-03  -1.319808e-03  +5.729077e+00  +9.676599e-05  +1.104802e-03  +6.454606e+00  +1.354576e-03  -1.432259e-04  +1.485079e+01  +2.465316e-04  -1.370535e-04  +1.124278e+01  
