mean:
+3.967831e+00  +3.991937e+00  +8.610912e-01  +1.300875e+00  +1.216406e+00  +4.001118e-01  +8.185962e-01  +1.350531e+00  +1.823263e-01  +1.817669e+00  +5.831618e+00  +3.611452e+00  +2.919874e+00  +4.295615e+00  +5.128554e+00  +5.236361e+00  +3.830705e+00  +2.800145e+00  +4.479608e+00  
covariance:
+2.010899e-06  +9.050988e-07  +5.692548e-06  -4.941802e-06  +4.429350e-07  -1.749855e-07  +4.836192e-06  -3.632315e-06  -2.330798e-06  +1.138096e-05  -5.305445e-05  -1.259782e-07  +4.055934e-07  -8.392242e-08  -4.012265e-07  +1.191356e-08  +1.585795e-07  +4.342071e-07  -2.793089e-07  
+9.050988e-07  +3.822976e-06  +6.812775e-07  +1.144030e-06  -1.350302e-06  -2.554612e-07  +2.301580e-06  -5.820738e-07  -7.826139e-07  +3.636311e-06  -1.955703e-05  -2.057061e-07  -2.505487e-08  +3.170306e-08  -5.117155e-08  +1.650464e-09  -8.950349e-08  +3.862516e-07  -2.766680e-07  
+5.692548e-06  +6.812775e-07  +9.800536e-05  -1.049153e-04  +2.607407e-05  -7.446388e-07  +3.089945e-05  -1.838298e-05  -2.085718e-05  +1.260650e-04  -5.816272e-04  -2.126194e-06  +7.441751e-06  -1.799135e-06  -4.994181e-06  +3.498749e-07  +2.216531e-06  +1.428800e-06  -5.824708e-07  
-4.941802e-06  +1.144030e-06  -1.049153e-04  +2.832786e-04  -2.108946e-05  -9.773130e-06  -5.692673e-05  +1.002962e-04  +2.400421e-05  -1.117849e-04  +6.073290e-04  +6.599127e-06  -5.919427e-06  +6.466326e-07  +6.475380e-06  -5.646098e-07  -3.333504e-06  -2.313000e-06  +1.309663e-06  
+4.429350e-07  -1.350302e-06  +2.607407e-05  -2.108946e-05  +2.308495e-05  -1.560781e-06  +7.431063e-06  +1.090970e-05  -5.884077e-06  +3.908055e-05  -1.537883e-04  +1.143895e-07  +2.348945e-06  -1.021123e-06  -9.843145e-07  -9.640377e-07  +3.880456e-07  +1.957805e-07  -1.627631e-07  
-1.749855e-07  -2.554612e-07  -7.446388e-07  -9.773130e-06  -1.560781e-06  +3.753065e-06  +3.161884e-06  -1.501058e-05  -6.304317e-07  -3.939904e-06  +4.009999e-05  +4.393895e-07  -2.924827e-07  +6.973940e-07  -2.571965e-07  +2.741289e-07  +5.725123e-08  -1.971512e-08  +2.534147e-07  
+4.836192e-06  +2.301580e-06  +3.089945e-05  -5.692673e-05  +7.431063e-06  +3.161884e-06  +5.507081e-05  -4.756987e-05  -2.064000e-05  +7.658626e-05  -3.251940e-04  -8.131828e-07  +1.933952e-06  +4.116878e-07  -3.384222e-06  -1.055820e-06  +1.581650e-06  +3.913690e-06  -2.866317e-06  
-3.632315e-06  -5.820738e-07  -1.838298e-05  +1.002962e-04  +1.090970e-05  -1.501058e-05  -4.756987e-05  +2.470091e-04  +1.182134e-05  -2.218525e-05  +2.537562e-04  -1.510974e-06  -1.996694e-07  -2.072730e-06  +2.839434e-06  -1.077084e-06  +6.465910e-07  -3.255603e-06  +4.005579e-07  
-2.330798e-06  -7.826139e-07  -2.085718e-05  +2.400421e-05  -5.884077e-06  -6.304317e-07  -2.064000e-05  +1.182134e-05  +1.124184e-05  -5.187561e-05  +1.870935e-04  +8.516814e-07  -1.921084e-06  +2.904679e-07  +1.879299e-06  +5.945344e-07  -4.499205e-07  -1.339052e-06  +1.112124e-06  
+1.138096e-05  +3.636311e-06  +1.260650e-04  -1.117849e-04  +3.908055e-05  -3.939904e-06  +7.658626e-05  -2.218525e-05  -5.187561e-05  +2.931252e-04  -1.097901e-03  -6.437008e-06  +1.272108e-05  -4.022659e-06  -9.197932e-06  -3.469961e-06  +1.273917e-06  +4.619597e-06  -4.982120e-06  
-5.305445e-05  -1.955703e-05  -5.816272e-04  +6.073290e-04  -1.537883e-04  +4.009999e-05  -3.251940e-04  +2.537562e-04  +1.870935e-04  -1.097901e-03  +5.465229e-03  +3.088093e-05  -5.286340e-05  +2.099240e-05  +3.376814e-05  +9.261218e-06  -8.953430e-06  -2.437176e-05  +2.376625e-05  
-1.259782e-07  -2.057061e-07  -2.126194e-06  +6.599127e-06  +1.143895e-07  +4.393895e-07  -8.131828e-07  -1.510974e-06  +8.516814e-07  -6.437008e-06  +3.088093e-05  +1.293482e-06  -2.331369e-07  +1.785852e-07  +2.164991e-07  +1.176876e-07  +2.066722e-08  -9.784314e-08  +2.772054e-07  
+4.055934e-07  -2.505487e-08  +7.441751e-06  -5.919427e-06  +2.348945e-06  -2.924827e-07  +1.933952e-06  -1.996694e-07  -1.921084e-06  +1.272108e-05  -5.286340e-05  -2.331369e-07  +1.135934e-06  -2.454572e-07  -4.301811e-07  -1.284756e-07  +7.721328e-09  +7.626976e-08  -8.226918e-08  
-8.392242e-08  +3.170306e-08  -1.799135e-06  +6.466326e-07  -1.021123e-06  +6.973940e-07  +4.116878e-07  -2.072730e-06  +2.904679e-07  -4.022659e-06  +2.099240e-05  +1.785852e-07  -2.454572e-07  +6.170621e-07  +1.417631e-07  +1.739795e-07  -5.471125e-08  +1.871264e-08  +7.614948e-08  
-4.012265e-07  -5.117155e-08  -4.994181e-06  +6.475380e-06  -9.843145e-07  -2.571965e-07  -3.384222e-06  +2.839434e-06  +1.879299e-06  -9.197932e-06  +3.376814e-05  +2.164991e-07  -4.301811e-07  +1.417631e-07  +9.340650e-07  +9.660006e-08  -1.625009e-07  -2.112526e-07  +3.771220e-08  
+1.191356e-08  +1.650464e-09  +3.498749e-07  -5.646098e-07  -9.640377e-07  +2.741289e-07  -1.055820e-06  -1.077084e-06  +5.945344e-07  -3.469961e-06  +9.261218e-06  +1.176876e-07  -1.284756e-07  +1.739795e-07  +9.660006e-08  +6.833224e-07  -2.097346e-11  -8.333846e-08  +2.477426e-07  
+1.585795e-07  -8.950349e-08  +2.216531e-06  -3.333504e-06  +3.880456e-07  +5.725123e-08  +1.581650e-06  +6.465910e-07  -4.499205e-07  +1.273917e-06  -8.953430e-06  +2.066722e-08  +7.721328e-09  -5.471125e-08  -1.625009e-07  -2.097346e-11  +6.723360e-07  +1.501176e-07  -1.075105e-07  
+4.342071e-07  +3.862516e-07  +1.428800e-06  -2.313000e-06  +1.957805e-07  -1.971512e-08  +3.913690e-06  -3.255603e-06  -1.339052e-06  +4.619597e-06  -2.437176e-05  -9.784314e-08  +7.626976e-08  +1.871264e-08  -2.112526e-07  -8.333846e-08  +1.501176e-07  +6.428292e-07  -2.104255e-07  
-2.793089e-07  -2.766680e-07  -5.824708e-07  +1.309663e-06  -1.627631e-07  +2.534147e-07  -2.866317e-06  +4.005579e-07  +1.112124e-06  -4.982120e-06  +2.376625e-05  +2.772054e-07  -8.226918e-08  +7.614948e-08  +3.771220e-08  +2.477426e-07  -1.075105e-07  -2.104255e-07  +7.114748e-07  
