mean:
+3.957249e+00  +3.924639e+00  +6.371931e-01  -1.089002e+00  +1.578328e+00  +5.072793e-01  +9.026545e-01  +2.109834e+00  +1.492407e-01  +1.964777e+00  +4.859686e+00  +1.636095e+00  +2.883269e+00  +7.996774e+02  +4.800029e+00  +4.400108e+00  +2.005480e+03  
covariance:
+6.069530e-06  +1.138700e-07  -2.871544e-06  +4.507919e-06  -7.653633e-06  -2.077747e-06  +6.059312e-06  -2.118029e-06  -4.496348e-07  +1.432157e-06  +1.590993e-05  -2.932806e-09  -8.183800e-09  +1.663640e-03  +5.406596e-08  +1.139298e-07  +1.456936e-03  
+1.138700e-07  +7.145485e-06  -5.512322e-06  +7.267404e-06  -5.539663e-06  -2.247776e-06  +7.760776e-06  -9.472361e-06  -1.620368e-06  +4.210611e-06  +2.411405e-05  +1.415548e-07  +1.171257e-07  +2.049548e-03  +8.410246e-08  +2.871387e-08  +9.719932e-04  
-2.871544e-06  -5.512322e-06  +1.286187e-04  -6.535683e-05  +1.200878e-04  +3.036914e-05  -1.160493e-04  +2.805479e-04  +3.058020e-05  -1.100368e-04  -3.292350e-04  -1.323730e-06  -1.257320e-06  -2.305679e-02  -8.338135e-07  -2.005285e-07  -3.400520e-02  
+4.507919e-06  +7.267404e-06  -6.535683e-05  +2.395619e-03  -1.503515e-03  -4.438141e-05  +1.029124e-04  -2.327465e-04  +1.986854e-05  +1.049524e-04  -2.026391e-03  -1.744716e-06  +5.056149e-06  -1.232448e-02  +4.053582e-06  +5.034388e-07  +8.704620e-02  
-7.653633e-06  -5.539663e-06  +1.200878e-04  -1.503515e-03  +1.634207e-03  +1.070972e-04  -1.428834e-04  +5.664651e-04  +1.078823e-05  -1.293939e-04  +9.716571e-04  -2.948756e-06  -4.294744e-06  -4.092943e-02  -2.173013e-06  +5.296937e-07  -9.028932e-02  
-2.077747e-06  -2.247776e-06  +3.036914e-05  -4.438141e-05  +1.070972e-04  +2.512406e-05  -4.046854e-05  +1.009589e-04  +1.066510e-05  -3.003828e-05  -1.713773e-04  -4.140163e-07  -5.375202e-08  -1.591529e-02  -7.864822e-08  -5.764996e-08  -8.590756e-03  
+6.059312e-06  +7.760776e-06  -1.160493e-04  +1.029124e-04  -1.428834e-04  -4.046854e-05  +1.758982e-04  -2.052976e-04  -3.856450e-05  +1.135161e-04  +4.714554e-04  +1.521467e-06  +8.001384e-07  +3.282774e-02  +3.690592e-07  +3.258876e-07  +3.124577e-02  
-2.118029e-06  -9.472361e-06  +2.805479e-04  -2.327465e-04  +5.664651e-04  +1.009589e-04  -2.052976e-04  +1.167117e-03  +6.642972e-05  -2.865601e-04  -4.851533e-04  -2.712602e-06  -4.295353e-06  -5.506040e-02  -2.866736e-06  -8.418325e-07  -1.017647e-01  
-4.496348e-07  -1.620368e-06  +3.058020e-05  +1.986854e-05  +1.078823e-05  +1.066510e-05  -3.856450e-05  +6.642972e-05  +1.199595e-05  -3.447440e-05  -1.794757e-04  -4.765759e-07  -5.512459e-08  -9.995874e-03  -1.931940e-09  +2.674733e-08  -4.852711e-03  
+1.432157e-06  +4.210611e-06  -1.100368e-04  +1.049524e-04  -1.293939e-04  -3.003828e-05  +1.135161e-04  -2.865601e-04  -3.447440e-05  +1.474754e-04  +3.081716e-04  +1.959468e-06  +1.887918e-07  +2.457360e-02  +2.473157e-07  -4.443937e-07  +2.808095e-02  
+1.590993e-05  +2.411405e-05  -3.292350e-04  -2.026391e-03  +9.716571e-04  -1.713773e-04  +4.714554e-04  -4.851533e-04  -1.794757e-04  +3.081716e-04  +5.118312e-03  +3.709350e-06  -3.677585e-06  +2.163547e-01  -2.912635e-06  +1.392636e-06  -9.114721e-02  
-2.932806e-09  +1.415548e-07  -1.323730e-06  -1.744716e-06  -2.948756e-06  -4.140163e-07  +1.521467e-06  -2.712602e-06  -4.765759e-07  +1.959468e-06  +3.709350e-06  +5.194561e-07  -3.190672e-09  +1.876813e-04  +2.912448e-08  -4.163646e-08  +5.504991e-04  
-8.183800e-09  +1.171257e-07  -1.257320e-06  +5.056149e-06  -4.294744e-06  -5.375202e-08  +8.001384e-07  -4.295353e-06  -5.512459e-08  +1.887918e-07  -3.677585e-06  -3.190672e-09  +5.904441e-07  -3.349020e-04  +1.587648e-09  +8.384134e-09  +3.554812e-04  
+1.663640e-03  +2.049548e-03  -2.305679e-02  -1.232448e-02  -4.092943e-02  -1.591529e-02  +3.282774e-02  -5.506040e-02  -9.995874e-03  +2.457360e-02  +2.163547e-01  +1.876813e-04  -3.349020e-04  +1.875482e+01  +1.986041e-05  +1.531416e-04  -9.134700e-01  
+5.406596e-08  +8.410246e-08  -8.338135e-07  +4.053582e-06  -2.173013e-06  -7.864822e-08  +3.690592e-07  -2.866736e-06  -1.931940e-09  +2.473157e-07  -2.912635e-06  +2.912448e-08  +1.587648e-09  +1.986041e-05  +2.459175e-07  +1.512149e-08  +2.731068e-04  
+1.139298e-07  +2.871387e-08  -2.005285e-07  +5.034388e-07  +5.296937e-07  -5.764996e-08  +3.258876e-07  -8.418325e-07  +2.674733e-08  -4.443937e-07  +1.392636e-06  -4.163646e-08  +8.384134e-09  +1.531416e-04  +1.512149e-08  +2.435498e-07  -1.135637e-04  
+1.456936e-03  +9.719932e-04  -3.400520e-02  +8.704620e-02  -9.028932e-02  -8.590756e-03  +3.124577e-02  -1.017647e-01  -4.852711e-03  +2.808095e-02  -9.114721e-02  +5.504991e-04  +3.554812e-04  -9.134700e-01  +2.731068e-04  -1.135637e-04  +3.222859e+01  
