mean:
+3.958626e+00  +3.925692e+00  +6.096617e-01  -1.151717e+00  +1.687377e+00  +4.871544e-01  +9.211911e-01  +2.135559e+00  +1.448502e-01  +1.991066e+00  +4.932257e+00  +1.635188e+00  +2.882476e+00  +7.948233e+02  +4.800099e+00  +4.399590e+00  +2.018125e+03  
covariance:
+5.704394e-06  -4.623223e-08  +9.736472e-06  +3.201812e-06  +1.540848e-06  +6.018835e-06  -5.970657e-06  -1.876802e-05  +2.995580e-06  -2.148813e-05  +2.643522e-05  -1.716640e-07  -7.065150e-08  +8.034082e-04  +5.123846e-08  -4.625247e-08  -3.353818e-03  
-4.623223e-08  +6.843382e-06  +6.382200e-07  +8.246034e-06  +7.019121e-07  -1.833136e-06  +3.729812e-06  +3.200842e-05  -4.328729e-07  +4.098273e-06  -1.230264e-05  +5.060032e-08  -2.429931e-07  -5.858599e-04  +5.666015e-08  +1.892632e-07  +2.453762e-04  
+9.736472e-06  +6.382200e-07  +2.505081e-04  +2.000731e-04  -6.342632e-05  +1.395140e-04  -1.193359e-04  -2.478254e-04  +6.210679e-05  -5.534638e-04  +6.121944e-04  -3.284241e-06  -2.447185e-06  +7.151683e-03  -6.721013e-07  +1.316428e-06  -9.651316e-02  
+3.201812e-06  +8.246034e-06  +2.000731e-04  +1.267112e-03  +6.462499e-05  +1.556603e-04  -1.668851e-05  +7.231632e-05  +7.443145e-05  -8.472053e-04  +1.067892e-03  -3.334739e-06  -9.441260e-07  -1.830879e-03  +1.218408e-06  +1.910898e-07  -7.823330e-02  
+1.540848e-06  +7.019121e-07  -6.342632e-05  +6.462499e-05  +2.216498e-04  -2.933198e-05  +4.033189e-05  +3.205405e-05  -9.343348e-06  +7.644700e-05  -1.295364e-04  +2.282276e-07  +1.213315e-06  -5.106660e-03  -1.161218e-06  -1.635142e-06  +3.156239e-02  
+6.018835e-06  -1.833136e-06  +1.395140e-04  +1.556603e-04  -2.933198e-05  +9.588367e-05  -7.417033e-05  -1.949268e-04  +3.999091e-05  -3.685553e-04  +4.634333e-04  -2.278807e-06  -2.066494e-06  +9.311978e-03  -1.991645e-07  +5.327058e-07  -5.779087e-02  
-5.970657e-06  +3.729812e-06  -1.193359e-04  -1.668851e-05  +4.033189e-05  -7.417033e-05  +1.178299e-04  +3.190207e-04  -3.751242e-05  +2.823793e-04  -3.437905e-04  +3.454770e-06  +4.856871e-07  -1.379720e-02  -1.107103e-07  -7.090981e-07  +5.103002e-02  
-1.876802e-05  +3.200842e-05  -2.478254e-04  +7.231632e-05  +3.205405e-05  -1.949268e-04  +3.190207e-04  +2.100531e-03  -9.558640e-05  +7.399436e-04  -1.050341e-03  +1.375011e-05  +1.430976e-07  -6.166263e-02  +1.930084e-06  +4.695807e-06  +8.395203e-02  
+2.995580e-06  -4.328729e-07  +6.210679e-05  +7.443145e-05  -9.343348e-06  +3.999091e-05  -3.751242e-05  -9.558640e-05  +1.964348e-05  -1.673413e-04  +1.950920e-04  -1.238936e-06  -7.420247e-07  +3.561747e-03  -6.442980e-08  +2.523099e-07  -2.528135e-02  
-2.148813e-05  +4.098273e-06  -5.534638e-04  -8.472053e-04  +7.644700e-05  -3.685553e-04  +2.823793e-04  +7.399436e-04  -1.673413e-04  +1.567035e-03  -1.889823e-03  +1.008891e-05  +7.261701e-06  -2.528180e-02  +8.960445e-07  -1.823610e-06  +2.338392e-01  
+2.643522e-05  -1.230264e-05  +6.121944e-04  +1.067892e-03  -1.295364e-04  +4.634333e-04  -3.437905e-04  -1.050341e-03  +1.950920e-04  -1.889823e-03  +2.689255e-03  -1.254873e-05  -8.840348e-06  +4.638447e-02  +2.061780e-07  +2.393067e-06  -2.998481e-01  
-1.716640e-07  +5.060032e-08  -3.284241e-06  -3.334739e-06  +2.282276e-07  -2.278807e-06  +3.454770e-06  +1.375011e-05  -1.238936e-06  +1.008891e-05  -1.254873e-05  +6.971378e-07  -1.852581e-08  -4.050719e-04  +1.740838e-08  +1.056509e-07  +1.058072e-03  
-7.065150e-08  -2.429931e-07  -2.447185e-06  -9.441260e-07  +1.213315e-06  -2.066494e-06  +4.856871e-07  +1.430976e-07  -7.420247e-07  +7.261701e-06  -8.840348e-06  -1.852581e-08  +7.156339e-07  -8.039579e-04  -1.510137e-08  -1.903901e-08  +8.440648e-04  
+8.034082e-04  -5.858599e-04  +7.151683e-03  -1.830879e-03  -5.106660e-03  +9.311978e-03  -1.379720e-02  -6.166263e-02  +3.561747e-03  -2.528180e-02  +4.638447e-02  -4.050719e-04  -8.039579e-04  +1.109577e+01  +3.422696e-04  +7.017165e-05  +4.152842e-01  
+5.123846e-08  +5.666015e-08  -6.721013e-07  +1.218408e-06  -1.161218e-06  -1.991645e-07  -1.107103e-07  +1.930084e-06  -6.442980e-08  +8.960445e-07  +2.061780e-07  +1.740838e-08  -1.510137e-08  +3.422696e-04  +3.077761e-07  +6.748169e-08  +2.950973e-04  
-4.625247e-08  +1.892632e-07  +1.316428e-06  +1.910898e-07  -1.635142e-06  +5.327058e-07  -7.090981e-07  +4.695807e-06  +2.523099e-07  -1.823610e-06  +2.393067e-06  +1.056509e-07  -1.903901e-08  +7.017165e-05  +6.748169e-08  +3.829515e-07  -9.219698e-04  
-3.353818e-03  +2.453762e-04  -9.651316e-02  -7.823330e-02  +3.156239e-02  -5.779087e-02  +5.103002e-02  +8.395203e-02  -2.528135e-02  +2.338392e-01  -2.998481e-01  +1.058072e-03  +8.440648e-04  +4.152842e-01  +2.950973e-04  -9.219698e-04  +5.576428e+01  
