mean:
+3.980500e+00  +3.953991e+00  +8.417274e-01  +1.292316e+00  +1.398364e+00  +4.012974e-01  +8.270365e-01  +1.338834e+00  +1.768643e-01  +1.880555e+00  +5.881222e+00  +3.591745e+00  +2.699600e+00  +2.058883e+02  +4.328891e+00  +5.292887e+00  +2.852064e+02  +5.452308e+00  +3.743325e+00  +3.274993e+02  +2.640797e+00  +4.559050e+00  +3.946999e+02  
covariance:
+1.182386e-06  +4.219996e-07  -2.708637e-06  -4.509866e-07  -1.005958e-06  +1.993423e-07  +8.641291e-06  +2.543283e-06  -3.711188e-06  +2.479173e-05  -3.495196e-05  +7.344765e-07  -1.197253e-06  +8.358112e-04  +1.838732e-07  +7.316488e-07  +2.350194e-03  -1.758048e-07  -2.440771e-06  +2.636414e-03  -6.699397e-08  -8.355424e-08  +2.504687e-03  
+4.219996e-07  +7.969400e-07  -7.434754e-07  -6.572731e-08  -4.427255e-07  -5.218938e-08  +2.754402e-06  +2.165975e-06  -1.189234e-06  +8.301972e-06  -1.127547e-05  +2.201792e-07  -5.858657e-07  +1.028074e-04  +1.334294e-07  +2.123228e-07  +8.418759e-04  -1.247888e-07  -7.553013e-07  +8.777067e-04  -2.619214e-08  -1.422446e-08  +7.455916e-04  
-2.708637e-06  -7.434754e-07  +1.975640e-05  +8.169269e-07  +6.522153e-06  -2.394502e-06  -5.266785e-05  -6.827397e-08  +2.081251e-05  -1.441270e-04  +2.123845e-04  -4.920461e-06  +6.446953e-06  -6.298995e-03  -4.601519e-07  -3.631671e-06  -1.291152e-02  +8.782844e-07  +1.582451e-05  -1.535586e-02  +6.755269e-07  +9.715041e-07  -1.528606e-02  
-4.509866e-07  -6.572731e-08  +8.169269e-07  +8.822379e-06  -5.268026e-08  -3.682205e-07  -4.592271e-06  +4.582660e-06  +1.803482e-06  -1.070400e-05  +1.452418e-05  -1.050424e-07  +3.195750e-07  -7.765047e-04  +8.147244e-07  -1.426701e-07  -2.931669e-04  -4.349363e-07  +1.031855e-06  -8.847958e-04  -2.097537e-07  +2.147779e-07  -8.540282e-04  
-1.005958e-06  -4.427255e-07  +6.522153e-06  -5.268026e-08  +3.733626e-06  +1.737276e-07  -2.023031e-05  -9.104220e-06  +7.983217e-06  -5.684130e-05  +8.622162e-05  -1.409371e-06  +3.059974e-06  -1.664290e-03  -9.819811e-07  -2.065871e-06  -5.929135e-03  +6.733482e-07  +5.179791e-06  -6.896749e-03  +2.999156e-07  +2.400761e-07  -6.616173e-03  
+1.993423e-07  -5.218938e-08  -2.394502e-06  -3.682205e-07  +1.737276e-07  +2.381375e-06  +4.439226e-06  -1.631338e-05  -1.951672e-06  +1.241272e-05  -1.392808e-05  +1.126373e-06  +4.012870e-07  +2.152212e-03  -1.475921e-06  -5.109505e-07  -5.185609e-04  +8.446679e-07  -3.035256e-06  -1.010000e-04  -1.277416e-07  -2.401292e-07  +3.968348e-04  
+8.641291e-06  +2.754402e-06  -5.266785e-05  -4.592271e-06  -2.023031e-05  +4.439226e-06  +1.731449e-04  +3.503784e-05  -6.872437e-05  +4.822278e-04  -7.124348e-04  +1.248405e-05  -2.182348e-05  +1.859848e-02  +3.420649e-06  +1.618146e-05  +4.569146e-02  -2.780755e-06  -4.681690e-05  +5.482628e-02  -2.091662e-06  -1.911217e-06  +5.369323e-02  
+2.543283e-06  +2.165975e-06  -6.827397e-08  +4.582660e-06  -9.104220e-06  -1.631338e-05  +3.503784e-05  +2.033707e-04  -1.696773e-05  +1.454389e-04  -2.289158e-04  -5.105814e-06  -1.572831e-05  -8.284318e-03  +1.203910e-05  +1.158657e-05  +2.646562e-02  -6.999960e-06  +6.337882e-06  +2.682381e-02  +9.061498e-07  +1.339010e-06  +2.458287e-02  
-3.711188e-06  -1.189234e-06  +2.081251e-05  +1.803482e-06  +7.983217e-06  -1.951672e-06  -6.872437e-05  -1.696773e-05  +2.933938e-05  -2.053362e-04  +2.921383e-04  -5.375700e-06  +9.716062e-06  -7.923967e-03  -8.504530e-07  -6.121122e-06  -1.870600e-02  +7.927552e-07  +1.949136e-05  -2.168226e-02  +5.091209e-07  +6.807726e-07  -2.133533e-02  
+2.479173e-05  +8.301972e-06  -1.441270e-04  -1.070400e-05  -5.684130e-05  +1.241272e-05  +4.822278e-04  +1.454389e-04  -2.053362e-04  +1.487523e-03  -2.145306e-03  +3.684912e-05  -7.212873e-05  +5.828156e-02  +6.556979e-06  +4.763766e-05  +1.365950e-01  -5.039315e-06  -1.356072e-04  +1.599003e-01  -3.901550e-06  -4.016041e-06  +1.604123e-01  
-3.495196e-05  -1.127547e-05  +2.123845e-04  +1.452418e-05  +8.622162e-05  -1.392808e-05  -7.124348e-04  -2.289158e-04  +2.921383e-04  -2.145306e-03  +3.266190e-03  -5.171554e-05  +1.077281e-04  -8.404714e-02  -1.515267e-05  -7.987148e-05  -2.066095e-01  +1.059643e-05  +1.919024e-04  -2.501932e-01  +1.021652e-05  +5.989733e-06  -2.530278e-01  
+7.344765e-07  +2.201792e-07  -4.920461e-06  -1.050424e-07  -1.409371e-06  +1.126373e-06  +1.248405e-05  -5.105814e-06  -5.375700e-06  +3.684912e-05  -5.171554e-05  +2.055087e-06  -2.037266e-06  +1.665963e-03  -4.002966e-07  +3.653805e-07  +2.812097e-03  -8.553216e-08  -5.028284e-06  +2.911252e-03  -1.211641e-07  -2.267372e-07  +2.643936e-03  
-1.197253e-06  -5.858657e-07  +6.446953e-06  +3.195750e-07  +3.059974e-06  +4.012870e-07  -2.182348e-05  -1.572831e-05  +9.716062e-06  -7.212873e-05  +1.077281e-04  -2.037266e-06  +5.631306e-06  -1.566748e-03  -8.950707e-07  -2.019376e-06  -7.371951e-03  +9.258236e-07  +6.059698e-06  -7.879550e-03  +3.053753e-07  +1.710080e-07  -7.406535e-03  
+8.358112e-04  +1.028074e-04  -6.298995e-03  -7.765047e-04  -1.664290e-03  +2.152212e-03  +1.859848e-02  -8.284318e-03  -7.923967e-03  +5.828156e-02  -8.404714e-02  +1.665963e-03  -1.566748e-03  +4.473563e+00  -1.009123e-03  +1.628777e-03  +4.020917e+00  +7.893434e-04  -6.228919e-03  +5.740302e+00  -2.374318e-04  -1.515816e-04  +6.870734e+00  
+1.838732e-07  +1.334294e-07  -4.601519e-07  +8.147244e-07  -9.819811e-07  -1.475921e-06  +3.420649e-06  +1.203910e-05  -8.504530e-07  +6.556979e-06  -1.515267e-05  -4.002966e-07  -8.950707e-07  -1.009123e-03  +2.020128e-06  +1.104651e-06  +2.401395e-03  -8.839682e-07  +7.288086e-07  +2.592667e-03  +5.236006e-08  +1.314961e-07  +1.899055e-03  
+7.316488e-07  +2.123228e-07  -3.631671e-06  -1.426701e-07  -2.065871e-06  -5.109505e-07  +1.618146e-05  +1.158657e-05  -6.121122e-06  +4.763766e-05  -7.987148e-05  +3.653805e-07  -2.019376e-06  +1.628777e-03  +1.104651e-06  +3.464589e-06  +5.440774e-03  -3.948101e-07  -2.946127e-06  +7.184411e-03  -3.814131e-07  +1.280355e-07  +7.358826e-03  
+2.350194e-03  +8.418759e-04  -1.291152e-02  -2.931669e-04  -5.929135e-03  -5.185609e-04  +4.569146e-02  +2.646562e-02  -1.870600e-02  +1.365950e-01  -2.066095e-01  +2.812097e-03  -7.371951e-03  +4.020917e+00  +2.401395e-03  +5.440774e-03  +1.471414e+01  -1.393793e-03  -1.115865e-02  +1.690652e+01  -3.332662e-04  -1.486576e-04  +1.626616e+01  
-1.758048e-07  -1.247888e-07  +8.782844e-07  -4.349363e-07  +6.733482e-07  +8.446679e-07  -2.780755e-06  -6.999960e-06  +7.927552e-07  -5.039315e-06  +1.059643e-05  -8.553216e-08  +9.258236e-07  +7.893434e-04  -8.839682e-07  -3.948101e-07  -1.393793e-03  +9.385004e-07  +1.462266e-07  -1.227942e-03  +8.713894e-08  +5.394501e-08  -6.931299e-04  
-2.440771e-06  -7.553013e-07  +1.582451e-05  +1.031855e-06  +5.179791e-06  -3.035256e-06  -4.681690e-05  +6.337882e-06  +1.949136e-05  -1.356072e-04  +1.919024e-04  -5.028284e-06  +6.059698e-06  -6.228919e-03  +7.288086e-07  -2.946127e-06  -1.115865e-02  +1.462266e-07  +1.616271e-05  -1.270984e-02  +5.157330e-07  +6.342037e-07  -1.237693e-02  
+2.636414e-03  +8.777067e-04  -1.535586e-02  -8.847958e-04  -6.896749e-03  -1.010000e-04  +5.482628e-02  +2.682381e-02  -2.168226e-02  +1.599003e-01  -2.501932e-01  +2.911252e-03  -7.879550e-03  +5.740302e+00  +2.592667e-03  +7.184411e-03  +1.690652e+01  -1.227942e-03  -1.270984e-02  +2.113593e+01  -7.892114e-04  -2.433286e-04  +2.096550e+01  
-6.699397e-08  -2.619214e-08  +6.755269e-07  -2.097537e-07  +2.999156e-07  -1.277416e-07  -2.091662e-06  +9.061498e-07  +5.091209e-07  -3.901550e-06  +1.021652e-05  -1.211641e-07  +3.053753e-07  -2.374318e-04  +5.236006e-08  -3.814131e-07  -3.332662e-04  +8.713894e-08  +5.157330e-07  -7.892114e-04  +4.732196e-07  +1.129669e-07  -9.191180e-04  
-8.355424e-08  -1.422446e-08  +9.715041e-07  +2.147779e-07  +2.400761e-07  -2.401292e-07  -1.911217e-06  +1.339010e-06  +6.807726e-07  -4.016041e-06  +5.989733e-06  -2.267372e-07  +1.710080e-07  -1.515816e-04  +1.314961e-07  +1.280355e-07  -1.486576e-04  +5.394501e-08  +6.342037e-07  -2.433286e-04  +1.129669e-07  +3.928434e-07  -2.802716e-04  
+2.504687e-03  +7.455916e-04  -1.528606e-02  -8.540282e-04  -6.616173e-03  +3.968348e-04  +5.369323e-02  +2.458287e-02  -2.133533e-02  +1.604123e-01  -2.530278e-01  +2.643936e-03  -7.406535e-03  +6.870734e+00  +1.899055e-03  +7.358826e-03  +1.626616e+01  -6.931299e-04  -1.237693e-02  +2.096550e+01  -9.191180e-04  -2.802716e-04  +2.238505e+01  
