mean:
+4.017733e+00  +3.960077e+00  +8.428023e-01  +1.311910e+00  +1.229077e+00  +5.028500e-01  +8.097731e-01  +1.365253e+00  +1.756118e-01  +1.838822e+00  +5.905367e+00  +3.660318e+00  +2.856054e+00  +2.119298e+02  +4.309887e+00  +5.128509e+00  +2.936577e+02  +5.253025e+00  +3.797332e+00  +3.357098e+02  +2.880185e+00  +4.479931e+00  +4.042138e+02  
covariance:
+1.376519e-06  +1.323323e-08  +1.746619e-06  -9.332674e-07  -2.565029e-07  -1.465827e-06  -1.184987e-06  +1.256797e-06  +6.504459e-07  -2.615372e-06  +1.111261e-05  -4.009235e-08  -3.500031e-08  -3.291730e-04  +9.000802e-09  -4.150019e-09  -1.151989e-03  -3.647605e-08  +1.038355e-07  -6.961964e-04  -5.727705e-08  +2.417601e-07  -1.161257e-03  
+1.323323e-08  +2.248876e-06  -1.506738e-06  -4.544236e-06  -1.606011e-07  -1.663553e-06  -6.885122e-07  -2.001996e-06  +2.524257e-07  -8.563087e-07  +8.472395e-06  -2.081657e-07  +1.739569e-07  -5.387483e-04  -1.650208e-07  -5.866873e-08  -1.789471e-03  -2.218819e-08  +6.368259e-08  -1.411823e-03  -3.906266e-09  -2.362605e-08  -2.230065e-03  
+1.746619e-06  -1.506738e-06  +3.940789e-05  -9.021956e-06  -2.283516e-06  -1.247784e-05  -1.681601e-05  +3.554325e-05  +1.270065e-06  +4.373968e-06  +9.960793e-05  +7.432931e-07  -1.349492e-06  -2.105983e-03  -3.755142e-07  -7.815462e-07  +8.003933e-04  +2.385537e-07  +1.062872e-06  -1.443797e-03  -3.167366e-07  +2.947914e-06  +1.550096e-03  
-9.332674e-07  -4.544236e-06  -9.021956e-06  +3.415959e-04  +9.809447e-06  +4.071039e-05  +1.557732e-05  -1.299607e-04  -1.632481e-05  +8.038736e-05  -1.407083e-04  +2.542555e-06  +1.681479e-06  +2.011434e-02  -2.685899e-06  +6.154213e-06  +4.751878e-02  +1.571249e-07  -3.340749e-06  +4.793407e-02  -3.543243e-08  +3.345580e-07  +5.804245e-02  
-2.565029e-07  -1.606011e-07  -2.283516e-06  +9.809447e-06  +7.818681e-06  +6.230505e-06  +4.178751e-06  -6.775490e-06  -1.113084e-06  +3.939096e-06  -2.803334e-05  +2.417013e-07  -2.143889e-08  +1.717965e-03  -1.859089e-07  -1.818622e-08  +4.301093e-03  -5.828387e-07  -1.022298e-07  +2.450294e-03  +6.168126e-07  -1.492560e-07  +4.944559e-03  
-1.465827e-06  -1.663553e-06  -1.247784e-05  +4.071039e-05  +6.230505e-06  +3.246108e-05  +2.001462e-05  -1.433454e-05  -3.293814e-06  +4.775843e-06  -1.489376e-04  +1.440735e-06  -1.356615e-06  +6.133634e-03  +3.995823e-07  +1.442404e-06  +1.947392e-02  -2.462280e-07  -2.331068e-07  +1.092343e-02  +1.334354e-06  -1.330518e-06  +2.342844e-02  
-1.184987e-06  -6.885122e-07  -1.681601e-05  +1.557732e-05  +4.178751e-06  +2.001462e-05  +2.515507e-05  -1.469576e-05  -9.350445e-08  -2.048211e-05  -1.065020e-04  +1.349413e-07  -9.045319e-07  +3.051050e-03  +1.032132e-06  +8.243342e-07  +5.293170e-03  -8.045247e-07  -8.293831e-07  +2.924657e-03  +6.449361e-07  -1.047421e-06  +5.332403e-03  
+1.256797e-06  -2.001996e-06  +3.554325e-05  -1.299607e-04  -6.775490e-06  -1.433454e-05  -1.469576e-05  +2.652835e-04  +8.195278e-06  -3.254388e-05  +2.139850e-05  +6.339115e-07  -3.831276e-06  -8.146114e-03  +2.928791e-06  -3.442417e-06  -4.538499e-03  -4.322934e-07  -3.679507e-07  -4.047595e-03  -1.152834e-06  -4.722130e-07  -6.974367e-03  
+6.504459e-07  +2.524257e-07  +1.270065e-06  -1.632481e-05  -1.113084e-06  -3.293814e-06  -9.350445e-08  +8.195278e-06  +6.681313e-06  -3.844190e-05  +2.635760e-05  -7.198395e-07  -1.284397e-07  -3.575405e-03  +1.548075e-06  -5.747821e-07  -8.910351e-03  +1.077591e-07  +3.401027e-07  -6.470401e-03  -5.104951e-07  +4.871298e-07  -1.055501e-02  
-2.615372e-06  -8.563087e-07  +4.373968e-06  +8.038736e-05  +3.939096e-06  +4.775843e-06  -2.048211e-05  -3.254388e-05  -3.844190e-05  +2.524633e-04  -8.863577e-05  +4.299506e-06  +1.253574e-06  +1.921974e-02  -1.006681e-05  +2.530519e-06  +5.030512e-02  -8.437129e-08  -1.401137e-06  +3.662664e-02  +2.619044e-06  -2.340737e-06  +6.062260e-02  
+1.111261e-05  +8.472395e-06  +9.960793e-05  -1.407083e-04  -2.803334e-05  -1.489376e-04  -1.065020e-04  +2.139850e-05  +2.635760e-05  -8.863577e-05  +9.513368e-04  -6.413348e-06  +6.152010e-06  -3.561095e-02  -3.965562e-06  -3.865555e-06  -9.656586e-02  +3.418247e-06  +3.100133e-06  -6.399488e-02  -7.226936e-06  +1.180620e-05  -1.137654e-01  
-4.009235e-08  -2.081657e-07  +7.432931e-07  +2.542555e-06  +2.417013e-07  +1.440735e-06  +1.349413e-07  +6.339115e-07  -7.198395e-07  +4.299506e-06  -6.413348e-06  +6.228844e-07  -1.658012e-07  +8.987830e-04  -6.181659e-08  +1.700995e-07  +1.810143e-03  -1.379398e-07  -6.202660e-09  +1.191231e-03  +1.034655e-07  -5.163597e-08  +2.475341e-03  
-3.500031e-08  +1.739569e-07  -1.349492e-06  +1.681479e-06  -2.143889e-08  -1.356615e-06  -9.045319e-07  -3.831276e-06  -1.284397e-07  +1.253574e-06  +6.152010e-06  -1.658012e-07  +8.795984e-07  -1.815643e-04  -1.050782e-07  +1.087832e-07  -8.058396e-04  +2.266177e-07  -8.413306e-08  +3.540285e-04  -9.792455e-08  -1.643653e-07  -1.096285e-03  
-3.291730e-04  -5.387483e-04  -2.105983e-03  +2.011434e-02  +1.717965e-03  +6.133634e-03  +3.051050e-03  -8.146114e-03  -3.575405e-03  +1.921974e-02  -3.561095e-02  +8.987830e-04  -1.815643e-04  +4.363264e+00  -5.487580e-04  +7.012121e-04  +6.727105e+00  -6.132443e-04  -1.610523e-04  +5.711781e+00  +6.141859e-04  -2.566824e-04  +9.332622e+00  
+9.000802e-09  -1.650208e-07  -3.755142e-07  -2.685899e-06  -1.859089e-07  +3.995823e-07  +1.032132e-06  +2.928791e-06  +1.548075e-06  -1.006681e-05  -3.965562e-06  -6.181659e-08  -1.050782e-07  -5.487580e-04  +9.768803e-07  -1.703735e-07  -1.456989e-03  +1.451399e-08  +9.149588e-08  -6.308423e-04  -1.583861e-08  +1.094189e-08  -1.654210e-03  
-4.150019e-09  -5.866873e-08  -7.815462e-07  +6.154213e-06  -1.818622e-08  +1.442404e-06  +8.243342e-07  -3.442417e-06  -5.747821e-07  +2.530519e-06  -3.865555e-06  +1.700995e-07  +1.087832e-07  +7.012121e-04  -1.703735e-07  +7.975306e-07  +1.051827e-03  +1.695509e-08  -1.023100e-07  +1.115124e-03  +4.154927e-08  -1.421347e-07  +1.466949e-03  
-1.151989e-03  -1.789471e-03  +8.003933e-04  +4.751878e-02  +4.301093e-03  +1.947392e-02  +5.293170e-03  -4.538499e-03  -8.910351e-03  +5.030512e-02  -9.656586e-02  +1.810143e-03  -8.058396e-04  +6.727105e+00  -1.456989e-03  +1.051827e-03  +2.420593e+01  +2.917716e-04  -5.055315e-04  +1.518430e+01  +1.042741e-03  -8.276717e-04  +2.818521e+01  
-3.647605e-08  -2.218819e-08  +2.385537e-07  +1.571249e-07  -5.828387e-07  -2.462280e-07  -8.045247e-07  -4.322934e-07  +1.077591e-07  -8.437129e-08  +3.418247e-06  -1.379398e-07  +2.266177e-07  -6.132443e-04  +1.451399e-08  +1.695509e-08  +2.917716e-04  +9.089944e-07  +1.453397e-08  -6.594603e-06  -1.421673e-07  -5.587834e-08  -3.583046e-05  
+1.038355e-07  +6.368259e-08  +1.062872e-06  -3.340749e-06  -1.022298e-07  -2.331068e-07  -8.293831e-07  -3.679507e-07  +3.401027e-07  -1.401137e-06  +3.100133e-06  -6.202660e-09  -8.413306e-08  -1.610523e-04  +9.149588e-08  -1.023100e-07  -5.055315e-04  +1.453397e-08  +5.785261e-07  -5.672894e-04  +7.425078e-08  +1.814337e-07  -3.176050e-04  
-6.961964e-04  -1.411823e-03  -1.443797e-03  +4.793407e-02  +2.450294e-03  +1.092343e-02  +2.924657e-03  -4.047595e-03  -6.470401e-03  +3.662664e-02  -6.399488e-02  +1.191231e-03  +3.540285e-04  +5.711781e+00  -6.308423e-04  +1.115124e-03  +1.518430e+01  -6.594603e-06  -5.672894e-04  +1.503285e+01  +7.721925e-04  -8.352192e-04  +1.825835e+01  
-5.727705e-08  -3.906266e-09  -3.167366e-07  -3.543243e-08  +6.168126e-07  +1.334354e-06  +6.449361e-07  -1.152834e-06  -5.104951e-07  +2.619044e-06  -7.226936e-06  +1.034655e-07  -9.792455e-08  +6.141859e-04  -1.583861e-08  +4.154927e-08  +1.042741e-03  -1.421673e-07  +7.425078e-08  +7.721925e-04  +5.768605e-07  +4.141477e-08  +1.517168e-03  
+2.417601e-07  -2.362605e-08  +2.947914e-06  +3.345580e-07  -1.492560e-07  -1.330518e-06  -1.047421e-06  -4.722130e-07  +4.871298e-07  -2.340737e-06  +1.180620e-05  -5.163597e-08  -1.643653e-07  -2.566824e-04  +1.094189e-08  -1.421347e-07  -8.276717e-04  -5.587834e-08  +1.814337e-07  -8.352192e-04  +4.141477e-08  +6.755071e-07  -7.286566e-04  
-1.161257e-03  -2.230065e-03  +1.550096e-03  +5.804245e-02  +4.944559e-03  +2.342844e-02  +5.332403e-03  -6.974367e-03  -1.055501e-02  +6.062260e-02  -1.137654e-01  +2.475341e-03  -1.096285e-03  +9.332622e+00  -1.654210e-03  +1.466949e-03  +2.818521e+01  -3.583046e-05  -3.176050e-04  +1.825835e+01  +1.517168e-03  -7.286566e-04  +3.591372e+01  
