mean:
+3.981941e+00  +3.953397e+00  +8.484653e-01  +1.312616e+00  +1.406862e+00  +4.025687e-01  +8.155711e-01  +1.380620e+00  +1.700340e-01  +1.852310e+00  +6.008072e+00  +3.592223e+00  +2.698726e+00  +2.066186e+02  +4.328690e+00  +5.293380e+00  +2.809904e+02  +5.452977e+00  +3.756802e+00  +3.254702e+02  +2.640063e+00  +4.558987e+00  +3.939977e+02  
covariance:
+1.011060e-06  +2.468602e-07  +8.260293e-07  -6.113091e-07  +1.959286e-07  +2.262049e-07  +9.581812e-07  +4.415114e-07  -1.151320e-06  +5.195203e-06  +2.485541e-06  +5.009990e-08  +1.311369e-09  -4.746782e-05  -1.462850e-08  +9.933972e-08  +3.504510e-04  +8.023656e-08  -8.902289e-08  +1.771513e-04  +2.874159e-08  -5.264357e-08  +4.870466e-04  
+2.468602e-07  +9.654597e-07  +6.773177e-07  -9.622180e-07  +2.711677e-07  +1.378974e-07  +3.766097e-07  +8.424048e-07  -2.176822e-07  +1.508400e-06  -8.374407e-07  +7.493419e-08  -3.241618e-08  -8.721141e-06  -6.585246e-08  -2.821453e-08  +1.208135e-04  -8.348055e-09  -5.304806e-08  -3.638438e-05  +1.194011e-08  -3.096337e-08  +1.181661e-04  
+8.260293e-07  +6.773177e-07  +5.046661e-05  -3.284373e-05  +1.167322e-05  +6.245284e-06  +5.007489e-06  +1.313843e-05  -1.224375e-05  +8.527449e-05  +8.888606e-06  +3.270098e-06  -3.189822e-06  -1.801465e-03  -3.362339e-06  -1.003892e-06  +7.122050e-03  +9.582944e-07  -4.428986e-07  +1.736790e-03  -9.010825e-08  -5.314805e-07  +4.041504e-03  
-6.113091e-07  -9.622180e-07  -3.284373e-05  +9.905013e-05  -1.778792e-05  -3.591675e-06  +7.386965e-06  -7.871682e-05  -7.261964e-06  +4.136543e-05  +8.460742e-05  -5.287455e-07  -2.967399e-07  +4.017843e-03  +2.964744e-06  +2.840662e-06  -2.267619e-03  +2.320798e-06  -2.349787e-06  +4.332647e-03  -4.836063e-07  +1.053830e-06  +9.977986e-03  
+1.959286e-07  +2.711677e-07  +1.167322e-05  -1.778792e-05  +2.239359e-05  +1.485932e-06  +1.743358e-06  +5.927628e-06  -1.031641e-06  +8.843281e-06  -2.159492e-05  +1.355867e-06  -1.361674e-06  +8.124238e-04  -1.474420e-06  -1.518594e-06  +9.646822e-04  -1.092723e-07  +9.198296e-07  -1.924377e-04  +8.468431e-07  +5.171433e-07  -1.911698e-03  
+2.262049e-07  +1.378974e-07  +6.245284e-06  -3.591675e-06  +1.485932e-06  +1.987575e-06  +2.762366e-06  +8.637913e-07  -3.889394e-06  +2.589867e-05  +9.147084e-06  +5.482945e-07  -7.662158e-07  +2.782921e-04  -5.014070e-07  +9.572125e-08  +2.145565e-03  +6.701821e-07  -1.464598e-07  +1.056434e-03  +6.765459e-08  +9.417821e-08  +2.225266e-03  
+9.581812e-07  +3.766097e-07  +5.007489e-06  +7.386965e-06  +1.743358e-06  +2.762366e-06  +3.299466e-05  +4.509267e-05  -2.188065e-05  +1.270110e-04  +6.214818e-05  +2.767122e-06  -5.433091e-07  +4.075164e-03  +5.009331e-07  +2.418925e-06  +1.028232e-02  +4.336694e-06  -9.226675e-07  +1.453863e-02  +6.462482e-07  -8.131717e-07  +1.560961e-02  
+4.415114e-07  +8.424048e-07  +1.313843e-05  -7.871682e-05  +5.927628e-06  +8.637913e-07  +4.509267e-05  +5.112161e-04  -1.379353e-05  +4.897378e-05  +8.793208e-06  +6.099777e-06  +7.416407e-06  -7.443385e-03  +4.389267e-06  +3.944071e-06  +3.037714e-02  -2.604456e-06  +3.172919e-06  +3.906228e-02  -2.545026e-08  -1.357571e-06  +1.978542e-02  
-1.151320e-06  -2.176822e-07  -1.224375e-05  -7.261964e-06  -1.031641e-06  -3.889394e-06  -2.188065e-05  -1.379353e-05  +2.120768e-05  -1.277939e-04  -7.407390e-05  -2.032038e-06  +1.590146e-06  -2.644579e-03  +3.010762e-07  -2.197111e-06  -9.990596e-03  -3.643902e-06  +8.817446e-07  -1.096809e-02  -4.022699e-07  -1.269572e-07  -1.468565e-02  
+5.195203e-06  +1.508400e-06  +8.527449e-05  +4.136543e-05  +8.843281e-06  +2.589867e-05  +1.270110e-04  +4.897378e-05  -1.277939e-04  +7.990214e-04  +4.435933e-04  +1.233772e-05  -1.153364e-05  +1.615222e-02  -3.027202e-06  +1.241223e-05  +6.139965e-02  +2.268655e-05  -5.540583e-06  +6.305686e-02  +2.686118e-06  +1.057328e-06  +8.866741e-02  
+2.485541e-06  -8.374407e-07  +8.888606e-06  +8.460742e-05  -2.159492e-05  +9.147084e-06  +6.214818e-05  +8.793208e-06  -7.407390e-05  +4.435933e-04  +4.479994e-04  +2.475982e-06  -3.149256e-06  +6.959145e-03  +1.327787e-06  +1.345676e-05  +3.668743e-02  +1.151147e-05  -2.715095e-06  +4.472183e-02  -1.460530e-06  +5.047475e-06  +6.312517e-02  
+5.009990e-08  +7.493419e-08  +3.270098e-06  -5.287455e-07  +1.355867e-06  +5.482945e-07  +2.767122e-06  +6.099777e-06  -2.032038e-06  +1.233772e-05  +2.475982e-06  +1.034395e-06  -2.611290e-07  +3.794914e-04  -1.269471e-07  -6.792381e-08  +1.170331e-03  +2.996553e-07  -9.600043e-08  +1.635479e-03  -3.316660e-08  +2.436606e-08  +1.056432e-03  
+1.311369e-09  -3.241618e-08  -3.189822e-06  -2.967399e-07  -1.361674e-06  -7.662158e-07  -5.433091e-07  +7.416407e-06  +1.590146e-06  -1.153364e-05  -3.149256e-06  -2.611290e-07  +1.057901e-06  -4.364379e-04  +4.531415e-07  +1.490629e-07  -4.712299e-04  -3.160507e-07  -7.729306e-09  -1.096517e-04  -8.983117e-08  -1.066390e-07  -6.424199e-04  
-4.746782e-05  -8.721141e-06  -1.801465e-03  +4.017843e-03  +8.124238e-04  +2.782921e-04  +4.075164e-03  -7.443385e-03  -2.644579e-03  +1.615222e-02  +6.959145e-03  +3.794914e-04  -4.364379e-04  +1.829836e+00  +1.649117e-05  +2.046975e-04  +4.157156e-01  +8.200952e-04  -1.167303e-04  +1.412123e+00  +1.719642e-04  +5.037684e-05  +1.570705e+00  
-1.462850e-08  -6.585246e-08  -3.362339e-06  +2.964744e-06  -1.474420e-06  -5.014070e-07  +5.009331e-07  +4.389267e-06  +3.010762e-07  -3.027202e-06  +1.327787e-06  -1.269471e-07  +4.531415e-07  +1.649117e-05  +8.067602e-07  +2.674616e-07  -2.129306e-05  +1.179322e-07  -6.356938e-08  +5.112264e-04  +1.209164e-07  -4.590905e-08  +6.869650e-05  
+9.933972e-08  -2.821453e-08  -1.003892e-06  +2.840662e-06  -1.518594e-06  +9.572125e-08  +2.418925e-06  +3.944071e-06  -2.197111e-06  +1.241223e-05  +1.345676e-05  -6.792381e-08  +1.490629e-07  +2.046975e-04  +2.674616e-07  +7.882351e-07  +1.098520e-03  +3.040218e-07  -1.930961e-07  +1.574718e-03  +5.345101e-09  +5.835553e-08  +2.192277e-03  
+3.504510e-04  +1.208135e-04  +7.122050e-03  -2.267619e-03  +9.646822e-04  +2.145565e-03  +1.028232e-02  +3.037714e-02  -9.990596e-03  +6.139965e-02  +3.668743e-02  +1.170331e-03  -4.712299e-04  +4.157156e-01  -2.129306e-05  +1.098520e-03  +7.087094e+00  +1.472877e-03  -9.759445e-05  +6.944068e+00  +1.582609e-04  +3.692018e-04  +7.820389e+00  
+8.023656e-08  -8.348055e-09  +9.582944e-07  +2.320798e-06  -1.092723e-07  +6.701821e-07  +4.336694e-06  -2.604456e-06  -3.643902e-06  +2.268655e-05  +1.151147e-05  +2.996553e-07  -3.160507e-07  +8.200952e-04  +1.179322e-07  +3.040218e-07  +1.472877e-03  +1.260174e-06  -2.314725e-07  +1.625759e-03  +9.863688e-08  -1.677300e-07  +2.253714e-03  
-8.902289e-08  -5.304806e-08  -4.428986e-07  -2.349787e-06  +9.198296e-07  -1.464598e-07  -9.226675e-07  +3.172919e-06  +8.817446e-07  -5.540583e-06  -2.715095e-06  -9.600043e-08  -7.729306e-09  -1.167303e-04  -6.356938e-08  -1.930961e-07  -9.759445e-05  -2.314725e-07  +6.705636e-07  +1.410340e-04  +1.351920e-08  +1.951361e-07  -6.385368e-04  
+1.771513e-04  -3.638438e-05  +1.736790e-03  +4.332647e-03  -1.924377e-04  +1.056434e-03  +1.453863e-02  +3.906228e-02  -1.096809e-02  +6.305686e-02  +4.472183e-02  +1.635479e-03  -1.096517e-04  +1.412123e+00  +5.112264e-04  +1.574718e-03  +6.944068e+00  +1.625759e-03  +1.410340e-04  +1.081042e+01  +3.080549e-04  +4.668868e-04  +9.469466e+00  
+2.874159e-08  +1.194011e-08  -9.010825e-08  -4.836063e-07  +8.468431e-07  +6.765459e-08  +6.462482e-07  -2.545026e-08  -4.022699e-07  +2.686118e-06  -1.460530e-06  -3.316660e-08  -8.983117e-08  +1.719642e-04  +1.209164e-07  +5.345101e-09  +1.582609e-04  +9.863688e-08  +1.351920e-08  +3.080549e-04  +5.160602e-07  +4.116401e-08  +1.830394e-04  
-5.264357e-08  -3.096337e-08  -5.314805e-07  +1.053830e-06  +5.171433e-07  +9.417821e-08  -8.131717e-07  -1.357571e-06  -1.269572e-07  +1.057328e-06  +5.047475e-06  +2.436606e-08  -1.066390e-07  +5.037684e-05  -4.590905e-08  +5.835553e-08  +3.692018e-04  -1.677300e-07  +1.951361e-07  +4.668868e-04  +4.116401e-08  +7.575625e-07  +3.431405e-04  
+4.870466e-04  +1.181661e-04  +4.041504e-03  +9.977986e-03  -1.911698e-03  +2.225266e-03  +1.560961e-02  +1.978542e-02  -1.468565e-02  +8.866741e-02  +6.312517e-02  +1.056432e-03  -6.424199e-04  +1.570705e+00  +6.869650e-05  +2.192277e-03  +7.820389e+00  +2.253714e-03  -6.385368e-04  +9.469466e+00  +1.830394e-04  +3.431405e-04  +1.324930e+01  
