mean:
+4.007550e+00  +3.994538e+00  +8.246247e-01  +1.304542e+00  +1.209223e+00  +3.954934e-01  +8.171672e-01  +1.386726e+00  +1.737577e-01  +1.846410e+00  +5.998469e+00  +3.640577e+00  +2.928048e+00  +2.020674e+02  +4.303589e+00  +5.135955e+00  +2.827438e+02  +5.269731e+00  +3.833518e+00  +3.245167e+02  +2.850928e+00  +4.534086e+00  +3.893524e+02  
covariance:
+3.920520e-04  +3.273221e-04  +1.171656e-04  -9.857839e-06  -8.910527e-05  +2.821767e-05  +1.599130e-04  +3.129783e-04  -7.943853e-05  +4.052974e-04  -2.336629e-04  +3.079082e-04  +1.132251e-04  -7.013080e-03  +1.020045e-04  +1.489383e-04  +1.122009e-01  +2.630485e-04  +1.865910e-04  +5.324537e-02  +6.067747e-04  +4.866360e-04  +4.345888e-02  
+3.273221e-04  +2.950051e-04  +1.063762e-04  +4.916254e-06  -4.637418e-05  +2.995836e-05  +1.396967e-04  +2.609367e-04  -7.062620e-05  +3.600735e-04  -2.865103e-04  +2.773579e-04  +1.030742e-04  -4.098856e-04  +9.472409e-05  +1.329498e-04  +9.379211e-02  +2.277753e-04  +1.675077e-04  +5.493397e-02  +5.185164e-04  +4.247059e-04  +3.974731e-02  
+1.171656e-04  +1.063762e-04  +1.181455e-04  +1.090864e-04  +2.017720e-05  +2.265580e-05  +7.209072e-05  +1.878846e-04  -3.849517e-05  +1.979819e-04  -3.975931e-04  +1.360098e-04  +5.183128e-05  +2.807520e-02  +4.515026e-05  +5.412415e-05  +3.854155e-02  +1.035334e-04  +7.023212e-05  +2.946397e-02  +2.286981e-04  +1.904927e-04  +3.483344e-02  
-9.857839e-06  +4.916254e-06  +1.090864e-04  +2.471138e-04  +7.464690e-05  +2.045062e-05  +4.364703e-05  +8.852795e-05  -1.667450e-05  +6.510316e-05  -4.451437e-04  +5.518690e-05  +2.250347e-05  +4.557323e-02  +1.856870e-05  +8.778012e-06  -1.208395e-03  +2.094073e-05  +1.858680e-05  +1.988404e-02  +3.507054e-05  +4.420735e-05  +2.662826e-02  
-8.910527e-05  -4.637418e-05  +2.017720e-05  +7.464690e-05  +1.205313e-04  +1.210878e-05  -1.368538e-05  -2.221711e-05  +4.822475e-06  -2.727640e-05  -2.314438e-04  -6.551018e-06  +2.825349e-06  +2.415599e-02  +1.612341e-06  -8.412674e-06  -2.165965e-02  -2.544389e-05  -1.245641e-05  +1.400142e-02  -7.998996e-05  -4.766651e-05  +5.063220e-03  
+2.821767e-05  +2.995836e-05  +2.265580e-05  +2.045062e-05  +1.210878e-05  +7.722716e-06  +1.747575e-05  +2.904912e-05  -8.577413e-06  +4.504794e-05  -1.031334e-04  +3.475413e-05  +1.346466e-05  +5.973291e-03  +1.280690e-05  +1.453836e-05  +7.955219e-03  +2.356579e-05  +2.004490e-05  +1.008202e-02  +4.971022e-05  +4.537370e-05  +7.328115e-03  
+1.599130e-04  +1.396967e-04  +7.209072e-05  +4.364703e-05  -1.368538e-05  +1.747575e-05  +8.704804e-05  +1.595422e-04  -4.017730e-05  +1.898348e-04  -1.954561e-04  +1.446774e-04  +5.236352e-05  +9.701973e-03  +4.826916e-05  +6.667648e-05  +4.790872e-02  +1.175459e-04  +8.485167e-05  +2.768337e-02  +2.688805e-04  +2.190832e-04  +2.551060e-02  
+3.129783e-04  +2.609367e-04  +1.878846e-04  +8.852795e-05  -2.221711e-05  +2.904912e-05  +1.595422e-04  +5.385337e-04  -8.859524e-05  +4.349827e-04  -4.283316e-04  +3.030151e-04  +1.113848e-04  +2.502531e-02  +9.457963e-05  +1.405623e-04  +1.085974e-01  +2.695200e-04  +1.602580e-04  +4.381870e-02  +6.157753e-04  +4.791563e-04  +6.696444e-02  
-7.943853e-05  -7.062620e-05  -3.849517e-05  -1.667450e-05  +4.822475e-06  -8.577413e-06  -4.017730e-05  -8.859524e-05  +2.351215e-05  -1.060908e-04  +1.098381e-04  -7.593585e-05  -2.834495e-05  -4.463771e-03  -2.540293e-05  -3.511150e-05  -2.529836e-02  -6.328391e-05  -4.317627e-05  -1.405711e-02  -1.437238e-04  -1.156132e-04  -1.411709e-02  
+4.052974e-04  +3.600735e-04  +1.979819e-04  +6.510316e-05  -2.727640e-05  +4.504794e-05  +1.898348e-04  +4.349827e-04  -1.060908e-04  +5.519067e-04  -6.102379e-04  +3.821988e-04  +1.440142e-04  +2.025827e-02  +1.295404e-04  +1.750442e-04  +1.269639e-01  +3.163348e-04  +2.177251e-04  +7.266680e-02  +7.156194e-04  +5.783079e-04  +7.267506e-02  
-2.336629e-04  -2.865103e-04  -3.975931e-04  -4.451437e-04  -2.314438e-04  -1.031334e-04  -1.954561e-04  -4.283316e-04  +1.098381e-04  -6.102379e-04  +1.931094e-03  -4.071659e-04  -1.596539e-04  -1.269914e-01  -1.552400e-04  -1.462906e-04  -7.685517e-02  -2.511519e-04  -2.099310e-04  -1.287145e-01  -5.137631e-04  -4.826548e-04  -1.193385e-01  
+3.079082e-04  +2.773579e-04  +1.360098e-04  +5.518690e-05  -6.551018e-06  +3.475413e-05  +1.446774e-04  +3.030151e-04  -7.593585e-05  +3.821988e-04  -4.071659e-04  +2.958738e-04  +1.127048e-04  +1.418766e-02  +9.942815e-05  +1.366154e-04  +9.388561e-02  +2.405019e-04  +1.687007e-04  +5.895458e-02  +5.400836e-04  +4.408064e-04  +4.894692e-02  
+1.132251e-04  +1.030742e-04  +5.183128e-05  +2.250347e-05  +2.825349e-06  +1.346466e-05  +5.236352e-05  +1.113848e-04  -2.834495e-05  +1.440142e-04  -1.596539e-04  +1.127048e-04  +4.452087e-05  +5.513473e-03  +3.795865e-05  +5.178439e-05  +3.486328e-02  +9.135300e-05  +6.321176e-05  +2.292125e-02  +2.043464e-04  +1.668110e-04  +1.844816e-02  
-7.013080e-03  -4.098856e-04  +2.807520e-02  +4.557323e-02  +2.415599e-02  +5.973291e-03  +9.701973e-03  +2.502531e-02  -4.463771e-03  +2.025827e-02  -1.269914e-01  +1.418766e-02  +5.513473e-03  +1.365815e+01  +4.894186e-03  +2.141947e-03  -4.921267e-01  +5.267026e-03  +4.156741e-03  +5.785300e+00  +7.012661e-03  +1.023924e-02  +7.358736e+00  
+1.020045e-04  +9.472409e-05  +4.515026e-05  +1.856870e-05  +1.612341e-06  +1.280690e-05  +4.826916e-05  +9.457963e-05  -2.540293e-05  +1.295404e-04  -1.552400e-04  +9.942815e-05  +3.795865e-05  +4.894186e-03  +3.493395e-05  +4.586232e-05  +3.060487e-02  +7.893749e-05  +5.746319e-05  +2.137421e-02  +1.768388e-04  +1.458893e-04  +1.652451e-02  
+1.489383e-04  +1.329498e-04  +5.412415e-05  +8.778012e-06  -8.412674e-06  +1.453836e-05  +6.667648e-05  +1.405623e-04  -3.511150e-05  +1.750442e-04  -1.462906e-04  +1.366154e-04  +5.178439e-05  +2.141947e-03  +4.586232e-05  +6.582734e-05  +4.526329e-02  +1.137256e-04  +7.966026e-05  +2.637247e-02  +2.565606e-04  +2.079495e-04  +2.073778e-02  
+1.122009e-01  +9.379211e-02  +3.854155e-02  -1.208395e-03  -2.165965e-02  +7.955219e-03  +4.790872e-02  +1.085974e-01  -2.529836e-02  +1.269639e-01  -7.685517e-02  +9.388561e-02  +3.486328e-02  -4.921267e-01  +3.060487e-02  +4.526329e-02  +3.511287e+01  +8.210178e-02  +5.468725e-02  +1.470517e+01  +1.892573e-01  +1.491551e-01  +1.489834e+01  
+2.630485e-04  +2.277753e-04  +1.035334e-04  +2.094073e-05  -2.544389e-05  +2.356579e-05  +1.175459e-04  +2.695200e-04  -6.328391e-05  +3.163348e-04  -2.511519e-04  +2.405019e-04  +9.135300e-05  +5.267026e-03  +7.893749e-05  +1.137256e-04  +8.210178e-02  +2.054932e-04  +1.367901e-04  +4.194729e-02  +4.657180e-04  +3.713530e-04  +3.934135e-02  
+1.865910e-04  +1.675077e-04  +7.023212e-05  +1.858680e-05  -1.245641e-05  +2.004490e-05  +8.485167e-05  +1.602580e-04  -4.317627e-05  +2.177251e-04  -2.099310e-04  +1.687007e-04  +6.321176e-05  +4.156741e-03  +5.746319e-05  +7.966026e-05  +5.468725e-02  +1.367901e-04  +1.014207e-04  +3.466401e-02  +3.072241e-04  +2.534982e-04  +2.590137e-02  
+5.324537e-02  +5.493397e-02  +2.946397e-02  +1.988404e-02  +1.400142e-02  +1.008202e-02  +2.768337e-02  +4.381870e-02  -1.405711e-02  +7.266680e-02  -1.287145e-01  +5.895458e-02  +2.292125e-02  +5.785300e+00  +2.137421e-02  +2.637247e-02  +1.470517e+01  +4.194729e-02  +3.466401e-02  +1.688883e+01  +8.985872e-02  +7.975163e-02  +9.542816e+00  
+6.067747e-04  +5.185164e-04  +2.286981e-04  +3.507054e-05  -7.998996e-05  +4.971022e-05  +2.688805e-04  +6.157753e-04  -1.437238e-04  +7.156194e-04  -5.137631e-04  +5.400836e-04  +2.043464e-04  +7.012661e-03  +1.768388e-04  +2.565606e-04  +1.892573e-01  +4.657180e-04  +3.072241e-04  +8.985872e-02  +1.066925e-03  +8.433196e-04  +8.763273e-02  
+4.866360e-04  +4.247059e-04  +1.904927e-04  +4.420735e-05  -4.766651e-05  +4.537370e-05  +2.190832e-04  +4.791563e-04  -1.156132e-04  +5.783079e-04  -4.826548e-04  +4.408064e-04  +1.668110e-04  +1.023924e-02  +1.458893e-04  +2.079495e-04  +1.491551e-01  +3.713530e-04  +2.534982e-04  +7.975163e-02  +8.433196e-04  +6.779598e-04  +7.118481e-02  
+4.345888e-02  +3.974731e-02  +3.483344e-02  +2.662826e-02  +5.063220e-03  +7.328115e-03  +2.551060e-02  +6.696444e-02  -1.411709e-02  +7.267506e-02  -1.193385e-01  +4.894692e-02  +1.844816e-02  +7.358736e+00  +1.652451e-02  +2.073778e-02  +1.489834e+01  +3.934135e-02  +2.590137e-02  +9.542816e+00  +8.763273e-02  +7.118481e-02  +1.263299e+01  
