mean:
+3.979755e+00  +3.953576e+00  +8.543800e-01  +1.296643e+00  +1.413969e+00  +4.069150e-01  +8.335452e-01  +1.358412e+00  +1.705853e-01  +1.928623e+00  +5.832873e+00  +3.591654e+00  +2.698516e+00  +2.018414e+02  +4.309690e+00  +5.293836e+00  +2.765239e+02  +5.452919e+00  +3.757626e+00  +3.253260e+02  +2.639860e+00  +4.559387e+00  +3.904790e+02  
covariance:
+1.855795e-06  +6.908278e-09  +5.585144e-06  -1.593619e-05  +3.057286e-06  +2.544432e-06  +1.686163e-05  +3.704335e-06  -8.575772e-06  +6.670919e-05  -7.478400e-05  +1.153173e-07  -1.828286e-08  -1.588277e-05  -2.821322e-06  +5.329977e-07  +1.096991e-03  +5.317800e-07  -2.708297e-07  +1.697144e-03  -1.461401e-07  -2.728005e-08  +1.641148e-03  
+6.908278e-09  +9.584805e-07  +1.026500e-07  +2.497551e-06  -4.616107e-07  -1.580171e-07  -2.056993e-06  -2.412998e-06  +1.096299e-06  -8.933751e-06  +8.337764e-06  +9.481882e-08  -2.940940e-08  -1.765667e-04  +3.156306e-07  -9.884554e-08  -3.625098e-04  -1.864099e-08  -8.839496e-08  -2.906755e-04  +7.782055e-08  +3.532419e-08  +6.590295e-05  
+5.585144e-06  +1.026500e-07  +7.171619e-05  -8.271912e-05  +1.729190e-05  +1.614731e-05  +9.873311e-05  -1.323927e-05  -4.812810e-05  +3.695386e-04  -4.360075e-04  +4.450215e-06  -2.941942e-06  -5.327584e-03  -2.167929e-05  +3.919995e-07  +2.235080e-03  +2.582205e-06  -3.459429e-06  +3.805086e-03  -1.445914e-06  -1.536974e-06  +1.365130e-02  
-1.593619e-05  +2.497551e-06  -8.271912e-05  +4.374760e-04  -5.536197e-05  -3.597912e-05  -2.992796e-04  -1.288704e-04  +1.420588e-04  -1.106149e-03  +1.177731e-03  +8.818179e-07  -9.477241e-07  -7.495771e-03  +3.809672e-05  -9.173426e-06  -2.830395e-02  -9.453009e-06  +6.092204e-07  -1.951775e-02  +3.233688e-06  +1.041961e-06  -2.673609e-02  
+3.057286e-06  -4.616107e-07  +1.729190e-05  -5.536197e-05  +4.670771e-05  +1.015083e-05  +6.921364e-05  +1.212403e-05  -3.136329e-05  +2.451093e-04  -3.047693e-04  +5.349575e-07  -1.382947e-06  -9.070791e-04  -2.075240e-05  +1.147613e-06  +1.709363e-03  -6.182270e-07  +5.486468e-07  +8.076223e-03  +5.101277e-07  -1.348291e-06  +2.549607e-03  
+2.544432e-06  -1.580171e-07  +1.614731e-05  -3.597912e-05  +1.015083e-05  +8.738536e-06  +4.183697e-05  -6.499919e-06  -2.032582e-05  +1.643968e-04  -2.022090e-04  +6.490740e-07  -6.977762e-07  -1.244919e-04  -9.760778e-06  +1.198345e-06  +1.596826e-03  +1.336867e-06  -3.242369e-07  +5.239678e-03  -2.951202e-07  -2.686844e-07  +3.698900e-03  
+1.686163e-05  -2.056993e-06  +9.873311e-05  -2.992796e-04  +6.921364e-05  +4.183697e-05  +3.048973e-04  +9.577312e-05  -1.466271e-04  +1.156001e-03  -1.301851e-03  +1.861363e-06  -1.561273e-06  -8.206179e-04  -5.469371e-05  +8.337014e-06  +1.921509e-02  +7.299805e-06  -2.915447e-06  +2.814241e-02  -3.738150e-06  -1.467900e-06  +2.678241e-02  
+3.704335e-06  -2.412998e-06  -1.323927e-05  -1.288704e-04  +1.212403e-05  -6.499919e-06  +9.577312e-05  +2.638818e-04  -4.730189e-05  +3.725133e-04  -2.892619e-04  -4.826014e-06  +5.895260e-06  +2.769698e-03  +2.671560e-06  +3.389271e-06  +1.841285e-02  +6.154480e-07  -8.848717e-07  +6.191562e-03  -4.516239e-06  -2.140686e-06  +4.920044e-03  
-8.575772e-06  +1.096299e-06  -4.812810e-05  +1.420588e-04  -3.136329e-05  -2.032582e-05  -1.466271e-04  -4.730189e-05  +7.278180e-05  -5.751513e-04  +6.374853e-04  -8.335252e-07  +6.232517e-07  -8.866954e-05  +2.562430e-05  -4.242853e-06  -9.885007e-03  -3.815439e-06  +1.703996e-06  -1.370368e-02  +1.943628e-06  +5.786089e-07  -1.344969e-02  
+6.670919e-05  -8.933751e-06  +3.695386e-04  -1.106149e-03  +2.451093e-04  +1.643968e-04  +1.156001e-03  +3.725133e-04  -5.751513e-04  +4.605653e-03  -5.130312e-03  +5.906480e-06  -4.811676e-06  +4.539411e-03  -2.035758e-04  +3.473643e-05  +8.050658e-02  +3.106454e-05  -1.311767e-05  +1.144899e-01  -1.629986e-05  -3.851799e-06  +1.049134e-01  
-7.478400e-05  +8.337764e-06  -4.360075e-04  +1.177731e-03  -3.047693e-04  -2.022090e-04  -1.301851e-03  -2.892619e-04  +6.374853e-04  -5.130312e-03  +6.007865e-03  -1.169385e-05  +1.249572e-05  +3.156300e-04  +2.600325e-04  -3.709261e-05  -7.716330e-02  -3.348847e-05  +1.375593e-05  -1.416182e-01  +1.697878e-05  +4.244805e-06  -1.137729e-01  
+1.153173e-07  +9.481882e-08  +4.450215e-06  +8.818179e-07  +5.349575e-07  +6.490740e-07  +1.861363e-06  -4.826014e-06  -8.335252e-07  +5.906480e-06  -1.169385e-05  +7.547657e-07  -2.949950e-07  -5.378441e-04  -1.020452e-06  -2.482468e-07  -5.058943e-04  -9.737597e-08  -3.214209e-07  -4.893861e-04  -3.813382e-08  -1.930180e-07  +7.666247e-04  
-1.828286e-08  -2.940940e-08  -2.941942e-06  -9.477241e-07  -1.382947e-06  -6.977762e-07  -1.561273e-06  +5.895260e-06  +6.232517e-07  -4.811676e-06  +1.249572e-05  -2.949950e-07  +6.861986e-07  +3.323049e-04  +1.371839e-06  +2.008555e-08  +4.063100e-04  -9.476794e-08  +1.559492e-07  -9.362642e-05  -1.708787e-08  -6.226354e-08  -2.683946e-04  
-1.588277e-05  -1.765667e-04  -5.327584e-03  -7.495771e-03  -9.070791e-04  -1.244919e-04  -8.206179e-04  +2.769698e-03  -8.866954e-05  +4.539411e-03  +3.156300e-04  -5.378441e-04  +3.323049e-04  +1.845850e+00  +1.294206e-03  +4.972152e-04  +1.195597e+00  +3.351986e-04  +4.219709e-04  +2.973760e-01  +1.844478e-05  +3.232213e-04  -3.942075e-01  
-2.821322e-06  +3.156306e-07  -2.167929e-05  +3.809672e-05  -2.075240e-05  -9.760778e-06  -5.469371e-05  +2.671560e-06  +2.562430e-05  -2.035758e-04  +2.600325e-04  -1.020452e-06  +1.371839e-06  +1.294206e-03  +1.695888e-05  -1.192444e-06  -9.887191e-04  -7.811588e-07  +4.834345e-07  -6.573694e-03  +6.390015e-07  +6.739932e-07  -3.506964e-03  
+5.329977e-07  -9.884554e-08  +3.919995e-07  -9.173426e-06  +1.147613e-06  +1.198345e-06  +8.337014e-06  +3.389271e-06  -4.242853e-06  +3.473643e-05  -3.709261e-05  -2.482468e-07  +2.008555e-08  +4.972152e-04  -1.192444e-06  +9.658038e-07  +9.344874e-04  +4.863501e-07  -2.530167e-07  +1.405966e-03  -2.090404e-07  +1.330544e-07  +4.834510e-04  
+1.096991e-03  -3.625098e-04  +2.235080e-03  -2.830395e-02  +1.709363e-03  +1.596826e-03  +1.921509e-02  +1.841285e-02  -9.885007e-03  +8.050658e-02  -7.716330e-02  -5.058943e-04  +4.063100e-04  +1.195597e+00  -9.887191e-04  +9.344874e-04  +3.523114e+00  +7.997703e-04  +1.252717e-04  +1.419996e+00  -5.309302e-04  -9.163253e-05  +1.263695e+00  
+5.317800e-07  -1.864099e-08  +2.582205e-06  -9.453009e-06  -6.182270e-07  +1.336867e-06  +7.299805e-06  +6.154480e-07  -3.815439e-06  +3.106454e-05  -3.348847e-05  -9.737597e-08  -9.476794e-08  +3.351986e-04  -7.811588e-07  +4.863501e-07  +7.997703e-04  +9.051525e-07  -2.389847e-07  +6.843040e-04  -2.424630e-07  +2.240923e-07  +8.725832e-04  
-2.708297e-07  -8.839496e-08  -3.459429e-06  +6.092204e-07  +5.486468e-07  -3.242369e-07  -2.915447e-06  -8.848717e-07  +1.703996e-06  -1.311767e-05  +1.375593e-05  -3.214209e-07  +1.559492e-07  +4.219709e-04  +4.834345e-07  -2.530167e-07  +1.252717e-04  -2.389847e-07  +1.114749e-06  -1.482898e-04  +1.506661e-07  +1.230263e-07  -8.519252e-04  
+1.697144e-03  -2.906755e-04  +3.805086e-03  -1.951775e-02  +8.076223e-03  +5.239678e-03  +2.814241e-02  +6.191562e-03  -1.370368e-02  +1.144899e-01  -1.416182e-01  -4.893861e-04  -9.362642e-05  +2.973760e-01  -6.573694e-03  +1.405966e-03  +1.419996e+00  +6.843040e-04  -1.482898e-04  +6.840502e+00  -1.677053e-04  -6.212553e-05  +6.316022e-01  
-1.461401e-07  +7.782055e-08  -1.445914e-06  +3.233688e-06  +5.101277e-07  -2.951202e-07  -3.738150e-06  -4.516239e-06  +1.943628e-06  -1.629986e-05  +1.697878e-05  -3.813382e-08  -1.708787e-08  +1.844478e-05  +6.390015e-07  -2.090404e-07  -5.309302e-04  -2.424630e-07  +1.506661e-07  -1.677053e-04  +7.078164e-07  +1.871116e-07  -2.390486e-04  
-2.728005e-08  +3.532419e-08  -1.536974e-06  +1.041961e-06  -1.348291e-06  -2.686844e-07  -1.467900e-06  -2.140686e-06  +5.786089e-07  -3.851799e-06  +4.244805e-06  -1.930180e-07  -6.226354e-08  +3.232213e-04  +6.739932e-07  +1.330544e-07  -9.163253e-05  +2.240923e-07  +1.230263e-07  -6.212553e-05  +1.871116e-07  +9.679696e-07  +2.667754e-04  
+1.641148e-03  +6.590295e-05  +1.365130e-02  -2.673609e-02  +2.549607e-03  +3.698900e-03  +2.678241e-02  +4.920044e-03  -1.344969e-02  +1.049134e-01  -1.137729e-01  +7.666247e-04  -2.683946e-04  -3.942075e-01  -3.506964e-03  +4.834510e-04  +1.263695e+00  +8.725832e-04  -8.519252e-04  +6.316022e-01  -2.390486e-04  +2.667754e-04  +5.190770e+00  
