mean:
+3.967453e+00  +4.003498e+00  +6.182162e-01  +1.986850e+00  +1.310089e+00  +5.996575e-01  +8.311156e-01  +2.196504e+00  +3.738058e-02  +3.902245e+00  +5.953255e+00  +4.623534e+00  +3.191380e+00  +3.267549e+02  +2.671423e+00  +3.677619e+00  +4.520226e+02  +4.720023e+00  +4.879857e+00  +8.046502e+02  +3.937956e+00  +5.173278e+00  +4.307354e+02  
covariance:
+2.189203e-06  -7.661172e-07  +2.260202e-06  +9.700418e-06  +7.640691e-07  -1.517718e-07  +1.171942e-06  -1.005111e-06  -5.287664e-08  +3.366963e-06  -1.181414e-05  -7.837837e-08  -1.977691e-07  +1.910002e-04  -1.407891e-08  +1.064156e-07  +1.788427e-04  +1.062165e-07  -1.592178e-07  +3.749729e-04  +2.019462e-07  +5.021130e-08  -5.762636e-04  
-7.661172e-07  +7.780740e-06  +3.248421e-07  -2.738621e-06  -1.314803e-06  -4.495101e-07  -2.419199e-07  +1.591136e-06  -2.364601e-09  +7.187892e-07  -8.321030e-08  +2.770805e-07  +1.774673e-07  -3.538473e-04  +1.887377e-07  +2.932193e-08  -7.058341e-04  -1.433517e-07  -2.718415e-08  +8.328859e-04  -9.214501e-08  -1.364205e-08  +6.841064e-04  
+2.260202e-06  +3.248421e-07  +4.625381e-05  +9.193489e-05  +3.022286e-05  -3.804816e-06  +1.840777e-05  +1.746954e-06  -9.407996e-07  +6.377298e-05  -1.941457e-04  -7.446313e-07  -3.368840e-06  +3.796047e-03  +9.892861e-07  +1.948536e-06  +4.235901e-03  +8.749499e-07  -2.147744e-06  +1.304319e-02  +8.005773e-07  +5.690765e-07  -5.528500e-03  
+9.700418e-06  -2.738621e-06  +9.193489e-05  +5.336666e-04  -3.909306e-05  -1.796514e-05  +8.663934e-06  -1.441071e-05  +1.631838e-06  +1.755291e-05  -6.592439e-04  -3.527459e-06  -2.863619e-06  +7.925918e-03  -3.502632e-06  +1.104579e-06  -3.039771e-03  +6.615665e-06  -5.384725e-06  +2.449983e-02  +7.557934e-06  +2.364839e-06  -3.438998e-02  
+7.640691e-07  -1.314803e-06  +3.022286e-05  -3.909306e-05  +1.479857e-04  +6.792771e-07  +3.301235e-05  +5.327824e-05  -2.527788e-06  +1.275906e-04  -8.186929e-05  +8.587850e-07  -2.517083e-06  +7.262875e-03  +2.195392e-06  +5.873279e-06  +1.464637e-02  -1.786842e-07  -5.259125e-07  +1.808198e-02  -2.384814e-06  -5.423020e-07  +1.200838e-03  
-1.517718e-07  -4.495101e-07  -3.804816e-06  -1.796514e-05  +6.792771e-07  +1.386753e-06  -4.798466e-07  -1.439794e-06  -8.210229e-08  +7.609853e-07  +2.822288e-05  -1.501331e-07  +1.467308e-07  -5.590591e-04  +1.784680e-07  -1.348808e-07  -6.610184e-05  -2.950242e-07  +2.041182e-07  -1.753781e-03  -1.227003e-07  -1.881068e-07  +1.572617e-03  
+1.171942e-06  -2.419199e-07  +1.840777e-05  +8.663934e-06  +3.301235e-05  -4.798466e-07  +2.014914e-05  +1.303026e-05  -1.244777e-06  +5.146407e-05  -5.758720e-05  +3.844603e-07  -1.532513e-06  +2.643706e-03  +7.379260e-07  +1.520704e-06  +5.482842e-03  +2.361125e-07  -8.514834e-07  +7.582400e-03  -8.619735e-07  +1.351293e-07  -6.173900e-04  
-1.005111e-06  +1.591136e-06  +1.746954e-06  -1.441071e-05  +5.327824e-05  -1.439794e-06  +1.303026e-05  +5.587124e-05  -7.638057e-07  +3.375199e-05  -2.295691e-05  +1.293026e-06  +2.482906e-07  +4.044081e-03  -2.700523e-07  +2.475500e-06  +7.201417e-03  +4.802802e-08  +6.105134e-07  +8.138544e-03  -2.087363e-06  +1.967998e-08  -1.886230e-03  
-5.287664e-08  -2.364601e-09  -9.407996e-07  +1.631838e-06  -2.527788e-06  -8.210229e-08  -1.244777e-06  -7.638057e-07  +1.195618e-07  -3.945110e-06  +1.182013e-06  -2.059203e-08  +9.976262e-08  -1.091692e-04  -8.111833e-08  -1.153457e-07  -3.729655e-04  +3.519730e-08  +3.914037e-08  -3.881448e-04  +9.155914e-08  +1.014652e-08  -1.403895e-04  
+3.366963e-06  +7.187892e-07  +6.377298e-05  +1.755291e-05  +1.275906e-04  +7.609853e-07  +5.146407e-05  +3.375199e-05  -3.945110e-06  +1.983005e-04  -1.966219e-04  +5.416445e-08  -5.923181e-06  +6.591244e-03  +3.512347e-06  +6.662934e-06  +1.612880e-02  -6.978223e-07  -2.545321e-06  +2.367277e-02  -2.725841e-06  -5.447461e-08  +1.529092e-03  
-1.181414e-05  -8.321030e-08  -1.941457e-04  -6.592439e-04  -8.186929e-05  +2.822288e-05  -5.758720e-05  -2.295691e-05  +1.182013e-06  -1.966219e-04  +1.147706e-03  +3.288808e-06  +1.106418e-05  -1.885548e-02  -6.543432e-08  -8.449396e-06  -1.146863e-02  -8.137518e-06  +9.790682e-06  -6.517805e-02  -6.196577e-06  -3.896560e-06  +4.275914e-02  
-7.837837e-08  +2.770805e-07  -7.446313e-07  -3.527459e-06  +8.587850e-07  -1.501331e-07  +3.844603e-07  +1.293026e-06  -2.059203e-08  +5.416445e-08  +3.288808e-06  +4.402507e-07  -7.557416e-08  +6.387682e-05  -5.665642e-08  +1.187246e-08  +2.029890e-04  -6.302486e-08  +5.409939e-08  +2.053035e-04  -8.855851e-08  +1.061547e-08  +5.093569e-05  
-1.977691e-07  +1.774673e-07  -3.368840e-06  -2.863619e-06  -2.517083e-06  +1.467308e-07  -1.532513e-06  +2.482906e-07  +9.976262e-08  -5.923181e-06  +1.106418e-05  -7.557416e-08  +7.160562e-07  -2.031355e-04  -2.078632e-07  -1.824946e-07  -5.182507e-04  +2.661988e-08  +2.059242e-07  -7.324979e-04  +8.572920e-09  +5.239040e-09  +2.106736e-04  
+1.910002e-04  -3.538473e-04  +3.796047e-03  +7.925918e-03  +7.262875e-03  -5.590591e-04  +2.643706e-03  +4.044081e-03  -1.091692e-04  +6.591244e-03  -1.885548e-02  +6.387682e-05  -2.031355e-04  +1.104184e+00  -2.595405e-05  +3.506592e-04  +1.026067e+00  +1.376090e-04  -9.917991e-05  +1.811744e+00  +2.506791e-05  +8.023141e-05  -9.985431e-01  
-1.407891e-08  +1.887377e-07  +9.892861e-07  -3.502632e-06  +2.195392e-06  +1.784680e-07  +7.379260e-07  -2.700523e-07  -8.111833e-08  +3.512347e-06  -6.543432e-08  -5.665642e-08  -2.078632e-07  -2.595405e-05  +3.246559e-07  +9.694516e-08  +2.086931e-04  -6.459533e-08  -7.606351e-08  +1.581227e-04  -4.526941e-08  -3.390168e-08  +4.110699e-04  
+1.064156e-07  +2.932193e-08  +1.948536e-06  +1.104579e-06  +5.873279e-06  -1.348808e-07  +1.520704e-06  +2.475500e-06  -1.153457e-07  +6.662934e-06  -8.449396e-06  +1.187246e-08  -1.824946e-07  +3.506592e-04  +9.694516e-08  +5.128330e-07  +6.585737e-04  -5.294426e-10  -5.796890e-08  +1.037917e-03  -1.567093e-07  -2.213242e-08  -1.440135e-04  
+1.788427e-04  -7.058341e-04  +4.235901e-03  -3.039771e-03  +1.464637e-02  -6.610184e-05  +5.482842e-03  +7.201417e-03  -3.729655e-04  +1.612880e-02  -1.146863e-02  +2.029890e-04  -5.182507e-04  +1.026067e+00  +2.086931e-04  +6.585737e-04  +2.468954e+00  +5.187827e-05  -1.518411e-04  +2.237588e+00  -4.065000e-04  -2.472865e-05  -4.361074e-01  
+1.062165e-07  -1.433517e-07  +8.749499e-07  +6.615665e-06  -1.786842e-07  -2.950242e-07  +2.361125e-07  +4.802802e-08  +3.519730e-08  -6.978223e-07  -8.137518e-06  -6.302486e-08  +2.661988e-08  +1.376090e-04  -6.459533e-08  -5.294426e-10  +5.187827e-05  +2.620534e-07  -7.342877e-08  +3.623622e-04  +9.121167e-08  +2.020176e-08  -5.801137e-04  
-1.592178e-07  -2.718415e-08  -2.147744e-06  -5.384725e-06  -5.259125e-07  +2.041182e-07  -8.514834e-07  +6.105134e-07  +3.914037e-08  -2.545321e-06  +9.790682e-06  +5.409939e-08  +2.059242e-07  -9.917991e-05  -7.606351e-08  -5.796890e-08  -1.518411e-04  -7.342877e-08  +2.555684e-07  -5.212273e-04  -3.190031e-08  -5.326648e-08  +2.913472e-04  
+3.749729e-04  +8.328859e-04  +1.304319e-02  +2.449983e-02  +1.808198e-02  -1.753781e-03  +7.582400e-03  +8.138544e-03  -3.881448e-04  +2.367277e-02  -6.517805e-02  +2.053035e-04  -7.324979e-04  +1.811744e+00  +1.581227e-04  +1.037917e-03  +2.237588e+00  +3.623622e-04  -5.212273e-04  +6.108946e+00  -1.848217e-04  +2.313651e-04  -1.836094e+00  
+2.019462e-07  -9.214501e-08  +8.005773e-07  +7.557934e-06  -2.384814e-06  -1.227003e-07  -8.619735e-07  -2.087363e-06  +9.155914e-08  -2.725841e-06  -6.196577e-06  -8.855851e-08  +8.572920e-09  +2.506791e-05  -4.526941e-08  -1.567093e-07  -4.065000e-04  +9.121167e-08  -3.190031e-08  -1.848217e-04  +5.046052e-07  +6.121413e-08  -5.577873e-04  
+5.021130e-08  -1.364205e-08  +5.690765e-07  +2.364839e-06  -5.423020e-07  -1.881068e-07  +1.351293e-07  +1.967998e-08  +1.014652e-08  -5.447461e-08  -3.896560e-06  +1.061547e-08  +5.239040e-09  +8.023141e-05  -3.390168e-08  -2.213242e-08  -2.472865e-05  +2.020176e-08  -5.326648e-08  +2.313651e-04  +6.121413e-08  +1.527170e-07  -1.889274e-04  
-5.762636e-04  +6.841064e-04  -5.528500e-03  -3.438998e-02  +1.200838e-03  +1.572617e-03  -6.173900e-04  -1.886230e-03  -1.403895e-04  +1.529092e-03  +4.275914e-02  +5.093569e-05  +2.106736e-04  -9.985431e-01  +4.110699e-04  -1.440135e-04  -4.361074e-01  -5.801137e-04  +2.913472e-04  -1.836094e+00  -5.577873e-04  -1.889274e-04  +3.339857e+00  
