mean:
+3.981925e+00  +4.001377e+00  +8.296382e-01  +1.116884e+00  +1.258911e+00  +7.052059e-01  +8.211939e-01  +1.378155e+00  +1.952307e-01  +1.857692e+00  +5.052458e+00  +3.602555e+00  +2.905447e+00  +2.094171e+02  +4.308235e+00  +5.177006e+00  +3.102527e+02  +5.220779e+00  +3.907684e+00  +3.217041e+02  +2.879783e+00  +4.559663e+00  +4.048673e+02  
covariance:
+3.224119e-06  +4.409860e-06  -4.287466e-05  +3.003229e-05  +1.065040e-05  +9.410107e-06  -1.140939e-05  -3.201734e-05  +3.227626e-06  +3.685572e-06  -1.450184e-04  -2.522733e-06  -1.533181e-06  +5.435506e-03  -4.917198e-07  +8.024065e-07  -2.119819e-03  -1.639830e-06  +2.523337e-06  +1.304697e-02  -4.180706e-07  +9.443317e-08  +1.962805e-03  
+4.409860e-06  +8.584050e-06  -6.933987e-05  +4.746551e-05  +1.763395e-05  +1.597383e-05  -1.999467e-05  -5.026725e-05  +6.435119e-06  +3.419757e-06  -2.397567e-04  -4.074879e-06  -2.092552e-06  +9.317257e-03  -8.722808e-07  +1.522027e-06  -3.141979e-03  -2.375802e-06  +3.990843e-06  +2.210571e-02  -8.059088e-07  +2.431727e-07  +3.030999e-03  
-4.287466e-05  -6.933987e-05  +7.987640e-04  -4.762431e-04  -2.005112e-04  -1.754680e-04  +1.910042e-04  +5.910654e-04  -5.598419e-05  -6.071297e-05  +2.442239e-03  +4.169663e-05  +2.749016e-05  -1.007895e-01  +8.295061e-06  -1.203210e-05  +2.555266e-02  +3.176849e-05  -4.722752e-05  -2.320488e-01  +7.462323e-06  -1.466491e-06  -3.457177e-02  
+3.003229e-05  +4.746551e-05  -4.762431e-04  +5.171842e-04  +1.176660e-04  +9.104019e-05  -1.499155e-04  -3.714320e-04  +4.390934e-05  +3.766935e-05  -1.619457e-03  -2.515456e-05  -2.104955e-05  +6.572945e-02  -6.378453e-06  +1.062209e-05  -3.193522e-02  -9.433871e-06  +1.816361e-05  +1.509733e-01  -2.843865e-06  -3.797146e-06  +1.129978e-02  
+1.065040e-05  +1.763395e-05  -2.005112e-04  +1.176660e-04  +5.142117e-05  +4.428487e-05  -4.752460e-05  -1.492255e-04  +1.389772e-05  +1.650374e-05  -6.155637e-04  -1.028638e-05  -6.551516e-06  +2.536321e-02  -2.128029e-06  +3.018971e-06  -5.907876e-03  -8.306688e-06  +1.210381e-05  +5.863817e-02  -1.782846e-06  +3.693992e-07  +8.931706e-03  
+9.410107e-06  +1.597383e-05  -1.754680e-04  +9.104019e-05  +4.428487e-05  +4.187919e-05  -4.109246e-05  -1.220649e-04  +1.303464e-05  +8.685267e-06  -5.408119e-04  -9.054809e-06  -6.254920e-06  +2.184724e-02  -1.598421e-06  +2.868050e-06  -4.853057e-03  -6.854101e-06  +1.123191e-05  +5.118419e-02  -1.820497e-06  +7.830752e-07  +8.778599e-03  
-1.140939e-05  -1.999467e-05  +1.910042e-04  -1.499155e-04  -4.752460e-05  -4.109246e-05  +6.454741e-05  +1.259506e-04  -2.183009e-05  +3.994044e-06  +6.264298e-04  +1.051941e-05  +6.225680e-06  -2.468330e-02  +2.278011e-06  -5.098083e-06  +1.296360e-02  +4.186189e-06  -8.745693e-06  -5.865975e-02  +1.878938e-06  +1.418477e-06  -5.330540e-03  
-3.201734e-05  -5.026725e-05  +5.910654e-04  -3.714320e-04  -1.492255e-04  -1.220649e-04  +1.259506e-04  +5.215850e-04  -3.049914e-05  -8.951461e-05  +1.814394e-03  +3.178423e-05  +2.089332e-05  -7.824261e-02  +6.951768e-06  -6.982427e-06  +1.199013e-02  +2.918353e-05  -3.549384e-05  -1.707190e-01  +5.233989e-06  -3.758173e-06  -2.571842e-02  
+3.227626e-06  +6.435119e-06  -5.598419e-05  +4.390934e-05  +1.389772e-05  +1.303464e-05  -2.183009e-05  -3.049914e-05  +9.101619e-06  -8.850741e-06  -1.877586e-04  -3.180118e-06  -1.834293e-06  +7.169388e-03  -7.479726e-07  +1.961997e-06  -4.635321e-03  -3.833066e-07  +2.292651e-06  +1.765909e-02  -6.069042e-07  -7.147798e-07  +1.157170e-03  
+3.685572e-06  +3.419757e-06  -6.071297e-05  +3.766935e-05  +1.650374e-05  +8.685267e-06  +3.994044e-06  -8.951461e-05  -8.850741e-06  +5.323791e-05  -2.061204e-04  -2.719040e-06  -1.417493e-06  +8.767859e-03  -8.024831e-07  -1.336886e-06  +4.196870e-03  -7.950958e-06  +6.423364e-06  +1.712127e-02  -4.657153e-07  +2.540681e-06  +6.568554e-03  
-1.450184e-04  -2.397567e-04  +2.442239e-03  -1.619457e-03  -6.155637e-04  -5.408119e-04  +6.264298e-04  +1.814394e-03  -1.877586e-04  -2.061204e-04  +8.114908e-03  +1.321693e-04  +7.973504e-05  -3.147088e-01  +3.210969e-05  -4.539834e-05  +9.464161e-02  +9.413174e-05  -1.493152e-04  -7.421571e-01  +2.510513e-05  -8.117205e-06  -1.153825e-01  
-2.522733e-06  -4.074879e-06  +4.169663e-05  -2.515456e-05  -1.028638e-05  -9.054809e-06  +1.051941e-05  +3.178423e-05  -3.180118e-06  -2.719040e-06  +1.321693e-04  +2.934200e-06  +1.556313e-06  -5.372761e-03  +5.024867e-07  -8.526509e-07  +1.719700e-03  +1.710911e-06  -2.204279e-06  -1.235920e-02  +3.900621e-07  -1.908447e-07  -1.552671e-03  
-1.533181e-06  -2.092552e-06  +2.749016e-05  -2.104955e-05  -6.551516e-06  -6.254920e-06  +6.225680e-06  +2.089332e-05  -1.834293e-06  -1.417493e-06  +7.973504e-05  +1.556313e-06  +2.018385e-06  -3.762570e-03  +1.896857e-07  -4.870583e-07  +7.826708e-04  +7.630736e-07  -1.287734e-06  -7.802254e-03  +2.656192e-07  -1.981322e-07  -8.355396e-04  
+5.435506e-03  +9.317257e-03  -1.007895e-01  +6.572945e-02  +2.536321e-02  +2.184724e-02  -2.468330e-02  -7.824261e-02  +7.169388e-03  +8.767859e-03  -3.147088e-01  -5.372761e-03  -3.762570e-03  +1.371769e+01  -1.130247e-03  +1.772599e-03  -2.889075e+00  -4.016605e-03  +5.727712e-03  +2.987852e+01  -1.174814e-03  +2.916451e-04  +4.039880e+00  
-4.917198e-07  -8.722808e-07  +8.295061e-06  -6.378453e-06  -2.128029e-06  -1.598421e-06  +2.278011e-06  +6.951768e-06  -7.479726e-07  -8.024831e-07  +3.210969e-05  +5.024867e-07  +1.896857e-07  -1.130247e-03  +6.406140e-07  -2.068601e-07  +2.690487e-04  +3.663031e-07  -6.469711e-07  -2.620994e-03  +1.475832e-07  -1.230451e-07  -4.723609e-04  
+8.024065e-07  +1.522027e-06  -1.203210e-05  +1.062209e-05  +3.018971e-06  +2.868050e-06  -5.098083e-06  -6.982427e-06  +1.961997e-06  -1.336886e-06  -4.539834e-05  -8.526509e-07  -4.870583e-07  +1.772599e-03  -2.068601e-07  +1.162605e-06  -1.267669e-03  -1.113902e-08  +3.573691e-07  +3.641885e-03  -1.359074e-07  -5.388107e-09  +1.846692e-04  
-2.119819e-03  -3.141979e-03  +2.555266e-02  -3.193522e-02  -5.907876e-03  -4.853057e-03  +1.296360e-02  +1.199013e-02  -4.635321e-03  +4.196870e-03  +9.464161e-02  +1.719700e-03  +7.826708e-04  -2.889075e+00  +2.690487e-04  -1.267669e-03  +4.688585e+00  -5.886316e-04  +1.351887e-05  -8.345046e+00  +8.445738e-05  +5.075692e-04  +4.785069e-02  
-1.639830e-06  -2.375802e-06  +3.176849e-05  -9.433871e-06  -8.306688e-06  -6.854101e-06  +4.186189e-06  +2.918353e-05  -3.833066e-07  -7.950958e-06  +9.413174e-05  +1.710911e-06  +7.630736e-07  -4.016605e-03  +3.663031e-07  -1.113902e-08  -5.886316e-04  +2.833269e-06  -2.739986e-06  -8.769714e-03  +3.839781e-07  -2.846767e-07  -2.351167e-03  
+2.523337e-06  +3.990843e-06  -4.722752e-05  +1.816361e-05  +1.210381e-05  +1.123191e-05  -8.745693e-06  -3.549384e-05  +2.292651e-06  +6.423364e-06  -1.493152e-04  -2.204279e-06  -1.287734e-06  +5.727712e-03  -6.469711e-07  +3.573691e-07  +1.351887e-05  -2.739986e-06  +4.329337e-06  +1.362359e-02  -5.314480e-07  +3.780794e-07  +3.231677e-03  
+1.304697e-02  +2.210571e-02  -2.320488e-01  +1.509733e-01  +5.863817e-02  +5.118419e-02  -5.865975e-02  -1.707190e-01  +1.765909e-02  +1.712127e-02  -7.421571e-01  -1.235920e-02  -7.802254e-03  +2.987852e+01  -2.620994e-03  +3.641885e-03  -8.345046e+00  -8.769714e-03  +1.362359e-02  +7.028276e+01  -2.270178e-03  +3.532124e-04  +1.018451e+01  
-4.180706e-07  -8.059088e-07  +7.462323e-06  -2.843865e-06  -1.782846e-06  -1.820497e-06  +1.878938e-06  +5.233989e-06  -6.069042e-07  -4.657153e-07  +2.510513e-05  +3.900621e-07  +2.656192e-07  -1.174814e-03  +1.475832e-07  -1.359074e-07  +8.445738e-05  +3.839781e-07  -5.314480e-07  -2.270178e-03  +7.608690e-07  +5.411233e-08  -5.997440e-04  
+9.443317e-08  +2.431727e-07  -1.466491e-06  -3.797146e-06  +3.693992e-07  +7.830752e-07  +1.418477e-06  -3.758173e-06  -7.147798e-07  +2.540681e-06  -8.117205e-06  -1.908447e-07  -1.981322e-07  +2.916451e-04  -1.230451e-07  -5.388107e-09  +5.075692e-04  -2.846767e-07  +3.780794e-07  +3.532124e-04  +5.411233e-08  +1.110736e-06  +4.353354e-04  
+1.962805e-03  +3.030999e-03  -3.457177e-02  +1.129978e-02  +8.931706e-03  +8.778599e-03  -5.330540e-03  -2.571842e-02  +1.157170e-03  +6.568554e-03  -1.153825e-01  -1.552671e-03  -8.355396e-04  +4.039880e+00  -4.723609e-04  +1.846692e-04  +4.785069e-02  -2.351167e-03  +3.231677e-03  +1.018451e+01  -5.997440e-04  +4.353354e-04  +3.445107e+00  
