mean:
+3.897466e+00  +3.932127e+00  +8.220619e-01  +1.327214e+00  +1.193434e+00  +6.102466e-01  +8.189677e-01  +1.368226e+00  +1.735084e-01  +1.834700e+00  +5.990969e+00  +3.609195e+00  +2.914960e+00  +2.026248e+02  +4.300879e+00  +5.139495e+00  +2.762630e+02  +5.233363e+00  +3.827662e+00  +3.162725e+02  +2.829041e+00  +4.511243e+00  +3.816383e+02  
covariance:
+1.922470e-06  +8.300928e-07  +2.123969e-06  -9.277175e-07  +2.820566e-07  +3.222164e-06  +3.695048e-06  -4.064516e-06  -1.649939e-06  +5.895116e-06  -2.798386e-05  -5.259346e-07  -1.589524e-06  -9.270230e-04  +6.217219e-07  +2.426322e-06  -5.157015e-04  +1.286883e-06  +8.910131e-07  -1.031168e-03  +5.947299e-06  +5.689412e-06  -4.386640e-04  
+8.300928e-07  +1.953553e-06  +3.302407e-06  -2.259529e-06  -6.054457e-07  +2.611460e-06  +5.563069e-07  +7.899531e-06  +3.270626e-07  -1.371459e-06  -9.614815e-06  +4.489788e-07  -9.307294e-07  -4.915912e-04  +9.243836e-07  +4.057106e-07  +5.509996e-04  +6.190275e-07  +1.113285e-06  -3.235790e-04  +1.059698e-06  +8.786900e-07  +7.644727e-04  
+2.123969e-06  +3.302407e-06  +1.326167e-05  +1.979398e-06  -1.830877e-06  +6.243491e-06  +5.001060e-06  +1.268498e-05  -1.686822e-06  +2.869371e-06  -4.943114e-05  +9.330543e-07  -3.808375e-06  -4.439998e-04  +2.429262e-07  +3.714720e-06  +1.686711e-03  +3.163869e-06  +2.837180e-06  -1.920285e-03  +4.576588e-06  +6.955842e-06  +1.565353e-03  
-9.277175e-07  -2.259529e-06  +1.979398e-06  +3.348645e-05  +2.438026e-07  -1.286383e-06  +6.784858e-06  -1.542999e-05  -2.386500e-06  +1.015623e-05  -4.360567e-05  +1.372587e-06  -2.617999e-06  +2.474393e-03  -3.846247e-06  +2.629858e-06  +1.827216e-03  +3.773249e-06  -2.669177e-07  +5.497413e-04  +3.386201e-07  +6.223686e-06  -1.285841e-03  
+2.820566e-07  -6.054457e-07  -1.830877e-06  +2.438026e-07  +1.944831e-06  +2.955185e-06  +7.905151e-06  -2.764033e-05  -3.087588e-06  +1.712532e-05  -4.740932e-05  -2.311763e-06  -2.026881e-06  -9.738405e-04  +4.211662e-08  +5.741156e-06  -2.145979e-03  +1.656585e-06  +9.576925e-08  -2.501509e-03  +1.304669e-05  +1.235139e-05  -2.812022e-03  
+3.222164e-06  +2.611460e-06  +6.243491e-06  -1.286383e-06  +2.955185e-06  +1.905646e-05  +3.032903e-05  -6.902190e-05  -1.072038e-05  +5.586055e-05  -2.043086e-04  -6.323689e-06  -1.085881e-05  -4.628538e-03  +2.504070e-06  +2.190024e-05  -5.319882e-03  +8.591261e-06  +4.044774e-06  -9.999164e-03  +4.859790e-05  +4.686889e-05  -7.021896e-03  
+3.695048e-06  +5.563069e-07  +5.001060e-06  +6.784858e-06  +7.905151e-06  +3.032903e-05  +6.586358e-05  -1.774205e-04  -2.499794e-05  +1.281230e-04  -4.045425e-04  -1.533731e-05  -2.033266e-05  -7.744653e-03  +1.254251e-06  +4.604019e-05  -1.272611e-02  +1.634511e-05  +4.700796e-06  -2.063282e-02  +1.002657e-04  +9.831377e-05  -1.750111e-02  
-4.064516e-06  +7.899531e-06  +1.268498e-05  -1.542999e-05  -2.764033e-05  -6.902190e-05  -1.774205e-04  +5.952904e-04  +6.747848e-05  -3.772945e-04  +1.063054e-03  +4.841613e-05  +5.010013e-05  +1.825201e-02  +1.228869e-07  -1.308235e-04  +4.201374e-02  -3.961299e-05  -4.769724e-06  +5.959070e-02  -2.831713e-04  -2.749899e-04  +5.738503e-02  
-1.649939e-06  +3.270626e-07  -1.686822e-06  -2.386500e-06  -3.087588e-06  -1.072038e-05  -2.499794e-05  +6.747848e-05  +1.371167e-05  -5.088079e-05  +1.471700e-04  +5.981865e-06  +7.615050e-06  +2.921255e-03  -2.329012e-07  -1.746526e-05  +5.084359e-03  -6.114970e-06  -1.453193e-06  +7.942839e-03  -3.753280e-05  -3.675495e-05  +6.711297e-03  
+5.895116e-06  -1.371459e-06  +2.869371e-06  +1.015623e-05  +1.712532e-05  +5.586055e-05  +1.281230e-04  -3.772945e-04  -5.088079e-05  +2.667553e-04  -7.814558e-04  -3.232574e-05  -3.856682e-05  -1.475892e-02  +2.254707e-06  +9.260677e-05  -2.741630e-02  +3.045041e-05  +7.130695e-06  -4.206612e-02  +2.013264e-04  +1.958289e-04  -3.732360e-02  
-2.798386e-05  -9.614815e-06  -4.943114e-05  -4.360567e-05  -4.740932e-05  -2.043086e-04  -4.045425e-04  +1.063054e-03  +1.471700e-04  -7.814558e-04  +2.695907e-03  +8.978209e-05  +1.319530e-04  +4.996944e-02  -4.481568e-06  -2.903677e-04  +7.816730e-02  -1.109394e-04  -3.632283e-05  +1.279112e-01  -6.243564e-04  -6.249299e-04  +1.039859e-01  
-5.259346e-07  +4.489788e-07  +9.330543e-07  +1.372587e-06  -2.311763e-06  -6.323689e-06  -1.533731e-05  +4.841613e-05  +5.981865e-06  -3.232574e-05  +8.978209e-05  +4.607452e-06  +4.260473e-06  +2.002692e-03  -5.136426e-07  -1.126889e-05  +3.828186e-03  -3.151353e-06  -5.222381e-07  +5.301451e-03  -2.523252e-05  -2.372976e-05  +4.959050e-03  
-1.589524e-06  -9.307294e-07  -3.808375e-06  -2.617999e-06  -2.026881e-06  -1.085881e-05  -2.033266e-05  +5.010013e-05  +7.615050e-06  -3.856682e-05  +1.319530e-04  +4.260473e-06  +7.343188e-06  +2.251304e-03  -6.422505e-07  -1.461284e-05  +3.458707e-03  -5.791862e-06  -2.058218e-06  +6.650809e-03  -3.083271e-05  -3.103721e-05  +4.988764e-03  
-9.270230e-04  -4.915912e-04  -4.439998e-04  +2.474393e-03  -9.738405e-04  -4.628538e-03  -7.744653e-03  +1.825201e-02  +2.921255e-03  -1.475892e-02  +4.996944e-02  +2.002692e-03  +2.251304e-03  +2.107074e+00  -8.931556e-04  -5.233201e-03  +2.012236e+00  -1.728104e-03  -8.970748e-04  +2.361246e+00  -1.351145e-02  -1.217017e-02  +1.959494e+00  
+6.217219e-07  +9.243836e-07  +2.429262e-07  -3.846247e-06  +4.211662e-08  +2.504070e-06  +1.254251e-06  +1.228869e-07  -2.329012e-07  +2.254707e-06  -4.481568e-06  -5.136426e-07  -6.422505e-07  -8.931556e-04  +2.047283e-06  +1.084457e-06  -1.893419e-04  -1.005449e-08  +7.069640e-07  -7.739500e-04  +4.296399e-06  +1.967703e-06  -4.317145e-04  
+2.426322e-06  +4.057106e-07  +3.714720e-06  +2.629858e-06  +5.741156e-06  +2.190024e-05  +4.604019e-05  -1.308235e-04  -1.746526e-05  +9.260677e-05  -2.903677e-04  -1.126889e-05  -1.461284e-05  -5.233201e-03  +1.084457e-06  +3.433878e-05  -9.309160e-03  +1.146014e-05  +3.299128e-06  -1.567386e-02  +7.290391e-05  +7.099816e-05  -1.307091e-02  
-5.157015e-04  +5.509996e-04  +1.686711e-03  +1.827216e-03  -2.145979e-03  -5.319882e-03  -1.272611e-02  +4.201374e-02  +5.084359e-03  -2.741630e-02  +7.816730e-02  +3.828186e-03  +3.458707e-03  +2.012236e+00  -1.893419e-04  -9.309160e-03  +3.951309e+00  -2.753147e-03  -2.333729e-04  +4.325560e+00  -2.130685e-02  -2.054879e-02  +4.156718e+00  
+1.286883e-06  +6.190275e-07  +3.163869e-06  +3.773249e-06  +1.656585e-06  +8.591261e-06  +1.634511e-05  -3.961299e-05  -6.114970e-06  +3.045041e-05  -1.109394e-04  -3.151353e-06  -5.791862e-06  -1.728104e-03  -1.005449e-08  +1.146014e-05  -2.753147e-03  +5.207172e-06  +1.681926e-06  -4.983327e-03  +2.382359e-05  +2.494983e-05  -3.827231e-03  
+8.910131e-07  +1.113285e-06  +2.837180e-06  -2.669177e-07  +9.576925e-08  +4.044774e-06  +4.700796e-06  -4.769724e-06  -1.453193e-06  +7.130695e-06  -3.632283e-05  -5.222381e-07  -2.058218e-06  -8.970748e-04  +7.069640e-07  +3.299128e-06  -2.333729e-04  +1.681926e-06  +1.422735e-06  -1.498837e-03  +7.311799e-06  +7.102980e-06  -5.535371e-04  
-1.031168e-03  -3.235790e-04  -1.920285e-03  +5.497413e-04  -2.501509e-03  -9.999164e-03  -2.063282e-02  +5.959070e-02  +7.942839e-03  -4.206612e-02  +1.279112e-01  +5.301451e-03  +6.650809e-03  +2.361246e+00  -7.739500e-04  -1.567386e-02  +4.325560e+00  -4.983327e-03  -1.498837e-03  +7.632744e+00  -3.326885e-02  -3.208763e-02  +6.014974e+00  
+5.947299e-06  +1.059698e-06  +4.576588e-06  +3.386201e-07  +1.304669e-05  +4.859790e-05  +1.002657e-04  -2.831713e-04  -3.753280e-05  +2.013264e-04  -6.243564e-04  -2.523252e-05  -3.083271e-05  -1.351145e-02  +4.296399e-06  +7.290391e-05  -2.130685e-02  +2.382359e-05  +7.311799e-06  -3.326885e-02  +1.621565e-04  +1.545725e-04  -2.878859e-02  
+5.689412e-06  +8.786900e-07  +6.955842e-06  +6.223686e-06  +1.235139e-05  +4.686889e-05  +9.831377e-05  -2.749899e-04  -3.675495e-05  +1.958289e-04  -6.249299e-04  -2.372976e-05  -3.103721e-05  -1.217017e-02  +1.967703e-06  +7.099816e-05  -2.054879e-02  +2.494983e-05  +7.102980e-06  -3.208763e-02  +1.545725e-04  +1.522580e-04  -2.729323e-02  
-4.386640e-04  +7.644727e-04  +1.565353e-03  -1.285841e-03  -2.812022e-03  -7.021896e-03  -1.750111e-02  +5.738503e-02  +6.711297e-03  -3.732360e-02  +1.039859e-01  +4.959050e-03  +4.988764e-03  +1.959494e+00  -4.317145e-04  -1.307091e-02  +4.156718e+00  -3.827231e-03  -5.535371e-04  +6.014974e+00  -2.878859e-02  -2.729323e-02  +6.249235e+00  
