mean:
+3.918215e+00  +3.906314e+00  +6.558305e-01  -1.187271e+00  +1.600601e+00  +5.878790e-01  +9.119460e-01  +2.097388e+00  +1.437811e-01  +1.976108e+00  +4.783000e+00  +1.906063e+00  +3.007599e+00  +8.012653e+02  +4.960149e+00  +4.479872e+00  +2.021647e+03  
covariance:
+3.961681e-05  -4.361308e-06  -1.617561e-05  -1.831264e-05  -2.106941e-05  -8.985232e-06  +3.537585e-06  -3.962174e-05  +2.605369e-06  +1.178341e-05  -2.174543e-04  -1.426809e-07  -1.835221e-07  -5.969230e-04  +5.768586e-07  +8.022327e-07  -6.043611e-03  
-4.361308e-06  +1.125332e-05  -7.979517e-06  -8.875189e-06  -1.887026e-05  -4.577828e-06  -1.016682e-06  -4.332446e-05  -2.252318e-08  +2.153652e-05  -1.749815e-04  +2.701185e-07  -2.980204e-08  -2.800117e-03  +5.854940e-08  -1.481818e-07  -1.465382e-03  
-1.617561e-05  -7.979517e-06  +1.292963e-04  -1.160810e-05  -6.697407e-05  +1.500801e-05  +1.229814e-05  +1.961717e-04  -4.491369e-06  -4.960890e-05  +4.686582e-04  +4.404980e-07  -6.046747e-07  +1.286266e-02  -6.504022e-07  +5.934917e-07  +5.210147e-02  
-1.831264e-05  -8.875189e-06  -1.160810e-05  +5.495043e-04  -6.181427e-06  +2.116030e-05  +8.560258e-05  +3.975411e-04  -1.379375e-05  -4.284505e-05  +6.771372e-04  -2.575650e-06  -2.360046e-06  -4.022220e-03  -1.125301e-06  -2.811775e-06  -4.968313e-02  
-2.106941e-05  -1.887026e-05  -6.697407e-05  -6.181427e-06  +1.288009e-03  +8.773890e-05  -1.263879e-04  +2.594122e-04  -4.462494e-06  -3.978565e-05  +1.536600e-03  +1.664372e-06  +1.617716e-07  +4.497695e-02  -2.125416e-06  -2.862278e-06  -3.159647e-02  
-8.985232e-06  -4.577828e-06  +1.500801e-05  +2.116030e-05  +8.773890e-05  +2.330646e-05  -8.985835e-06  +8.412243e-05  -2.231633e-06  -4.578643e-05  +5.076668e-04  -1.162614e-07  +2.437145e-07  +4.626975e-03  -3.451815e-07  -6.376723e-07  +2.250286e-03  
+3.537585e-06  -1.016682e-06  +1.229814e-05  +8.560258e-05  -1.263879e-04  -8.985835e-06  +5.794192e-05  +7.184443e-05  -3.028153e-06  +1.204738e-06  -1.519656e-04  -2.749816e-07  -1.169234e-06  -4.362350e-03  -1.553389e-07  -8.063949e-08  +8.827828e-04  
-3.962174e-05  -4.332446e-05  +1.961717e-04  +3.975411e-04  +2.594122e-04  +8.412243e-05  +7.184443e-05  +1.054842e-03  -2.702480e-05  -2.279693e-04  +2.794302e-03  -1.311803e-06  -3.909479e-06  +4.285268e-02  -3.406643e-06  -1.150681e-06  +1.099507e-02  
+2.605369e-06  -2.252318e-08  -4.491369e-06  -1.379375e-05  -4.462494e-06  -2.231633e-06  -3.028153e-06  -2.702480e-05  +2.637003e-06  -1.145320e-06  -8.411766e-05  +1.361983e-07  +3.152960e-07  -9.880885e-04  +1.077629e-07  +1.735255e-07  +3.950500e-04  
+1.178341e-05  +2.153652e-05  -4.960890e-05  -4.284505e-05  -3.978565e-05  -4.578643e-05  +1.204738e-06  -2.279693e-04  -1.145320e-06  +2.242352e-04  -1.445123e-03  +8.374255e-07  -3.084074e-06  -3.865410e-03  -3.522711e-07  -8.956243e-08  -1.920042e-03  
-2.174543e-04  -1.749815e-04  +4.686582e-04  +6.771372e-04  +1.536600e-03  +5.076668e-04  -1.519656e-04  +2.794302e-03  -8.411766e-05  -1.445123e-03  +1.586012e-02  -1.329182e-05  +2.778083e-06  +1.249858e-01  -5.094962e-06  -8.462408e-06  -4.067414e-02  
-1.426809e-07  +2.701185e-07  +4.404980e-07  -2.575650e-06  +1.664372e-06  -1.162614e-07  -2.749816e-07  -1.311803e-06  +1.361983e-07  +8.374255e-07  -1.329182e-05  +5.912125e-07  +9.037308e-08  +4.160109e-04  -1.863196e-08  -4.901334e-08  +3.437947e-04  
-1.835221e-07  -2.980204e-08  -6.046747e-07  -2.360046e-06  +1.617716e-07  +2.437145e-07  -1.169234e-06  -3.909479e-06  +3.152960e-07  -3.084074e-06  +2.778083e-06  +9.037308e-08  +6.636228e-07  -2.678027e-04  +7.094475e-08  +2.362714e-08  -2.866264e-04  
-5.969230e-04  -2.800117e-03  +1.286266e-02  -4.022220e-03  +4.497695e-02  +4.626975e-03  -4.362350e-03  +4.285268e-02  -9.880885e-04  -3.865410e-03  +1.249858e-01  +4.160109e-04  -2.678027e-04  +8.117937e+00  -1.098650e-04  +1.229883e-04  +3.884044e+00  
+5.768586e-07  +5.854940e-08  -6.504022e-07  -1.125301e-06  -2.125416e-06  -3.451815e-07  -1.553389e-07  -3.406643e-06  +1.077629e-07  -3.522711e-07  -5.094962e-06  -1.863196e-08  +7.094475e-08  -1.098650e-04  +2.326416e-07  +2.112967e-08  -5.121982e-04  
+8.022327e-07  -1.481818e-07  +5.934917e-07  -2.811775e-06  -2.862278e-06  -6.376723e-07  -8.063949e-08  -1.150681e-06  +1.735255e-07  -8.956243e-08  -8.462408e-06  -4.901334e-08  +2.362714e-08  +1.229883e-04  +2.112967e-08  +4.392625e-07  +3.887686e-04  
-6.043611e-03  -1.465382e-03  +5.210147e-02  -4.968313e-02  -3.159647e-02  +2.250286e-03  +8.827828e-04  +1.099507e-02  +3.950500e-04  -1.920042e-03  -4.067414e-02  +3.437947e-04  -2.866264e-04  +3.884044e+00  -5.121982e-04  +3.887686e-04  +4.459430e+01  
