mean:
+3.957019e+00  +3.924641e+00  +6.550268e-01  -1.167780e+00  +1.616173e+00  +4.030947e-01  +9.373299e-01  +2.062719e+00  +1.525051e-01  +2.001737e+00  +4.747757e+00  +1.635150e+00  +2.883353e+00  +8.131722e+02  +4.799817e+00  +4.399571e+00  +2.017924e+03  
covariance:
+6.855330e-06  +3.777981e-06  -5.588631e-06  +6.957863e-06  +3.248570e-06  +4.793979e-06  -1.461759e-05  +3.132604e-05  +4.573857e-06  -3.258434e-05  +2.233146e-04  -2.887359e-07  +1.902656e-07  -1.210634e-02  +1.750142e-07  +1.650733e-07  -1.971995e-02  
+3.777981e-06  +6.655525e-06  -5.883258e-06  +6.415676e-06  +1.640068e-06  +3.212824e-06  -1.212671e-05  +2.318693e-05  +3.945640e-06  -2.724415e-05  +1.766934e-04  -1.714402e-07  +7.883051e-08  -9.731861e-03  +1.221039e-07  +4.796705e-08  -1.509306e-02  
-5.588631e-06  -5.883258e-06  +3.102546e-05  -1.742695e-05  +1.818988e-05  +2.018606e-06  +1.602562e-05  -1.410603e-05  -5.268036e-06  +3.639947e-05  -2.091256e-04  +1.069967e-07  -8.511436e-07  +1.474487e-02  -1.011802e-07  -5.041831e-07  +5.325333e-03  
+6.957863e-06  +6.415676e-06  -1.742695e-05  +6.229415e-05  +2.202717e-06  +7.958389e-06  -1.775361e-05  +4.797493e-05  +3.069219e-06  -3.207015e-05  +3.743606e-04  -6.385499e-07  +3.139378e-07  -1.952633e-02  +1.223514e-07  +3.558996e-07  -2.153272e-02  
+3.248570e-06  +1.640068e-06  +1.818988e-05  +2.202717e-06  +1.012351e-04  +3.890183e-05  -1.251975e-06  +9.099135e-05  -1.046445e-05  +4.334301e-05  +4.670774e-04  +1.031496e-06  -6.718719e-07  -1.905857e-02  +3.700545e-07  +1.284762e-08  -4.488284e-02  
+4.793979e-06  +3.212824e-06  +2.018606e-06  +7.958389e-06  +3.890183e-05  +2.411433e-05  -1.137090e-05  +7.363991e-05  -2.670645e-06  -1.705396e-06  +4.286210e-04  -1.244045e-07  -2.655198e-07  -2.033213e-02  +4.369145e-07  +3.081995e-07  -3.933691e-02  
-1.461759e-05  -1.212671e-05  +1.602562e-05  -1.775361e-05  -1.251975e-06  -1.137090e-05  +5.597750e-05  -1.037129e-04  -1.653196e-05  +1.092163e-04  -6.672764e-04  +7.782397e-07  -4.512998e-07  +3.750893e-02  -5.781701e-07  -4.868600e-07  +6.101036e-02  
+3.132604e-05  +2.318693e-05  -1.410603e-05  +4.797493e-05  +9.099135e-05  +7.363991e-05  -1.037129e-04  +5.200948e-04  +1.561743e-05  -1.520535e-04  +1.959852e-03  -1.229441e-06  -1.548590e-06  -9.101775e-02  +1.838536e-06  +7.432635e-07  -1.895403e-01  
+4.573857e-06  +3.945640e-06  -5.268036e-06  +3.069219e-06  -1.046445e-05  -2.670645e-06  -1.653196e-05  +1.561743e-05  +7.777519e-06  -4.583749e-05  +1.298573e-04  -3.035194e-07  +2.580511e-07  -8.113375e-03  +1.005158e-07  +3.702668e-08  -1.318970e-02  
-3.258434e-05  -2.724415e-05  +3.639947e-05  -3.207015e-05  +4.334301e-05  -1.705396e-06  +1.092163e-04  -1.520535e-04  -4.583749e-05  +3.076469e-04  -1.240909e-03  +2.383047e-06  -1.728333e-06  +7.017403e-02  -9.646580e-07  -6.726026e-07  +1.233729e-01  
+2.233146e-04  +1.766934e-04  -2.091256e-04  +3.743606e-04  +4.670774e-04  +4.286210e-04  -6.672764e-04  +1.959852e-03  +1.298573e-04  -1.240909e-03  +1.330531e-02  -1.352914e-05  +4.741551e-06  -6.757752e-01  +1.133507e-05  +1.006168e-05  -1.206101e+00  
-2.887359e-07  -1.714402e-07  +1.069967e-07  -6.385499e-07  +1.031496e-06  -1.244045e-07  +7.782397e-07  -1.229441e-06  -3.035194e-07  +2.383047e-06  -1.352914e-05  +2.640185e-07  +2.017746e-08  +5.576485e-04  -4.709510e-09  +1.932234e-08  +1.564132e-03  
+1.902656e-07  +7.883051e-08  -8.511436e-07  +3.139378e-07  -6.718719e-07  -2.655198e-07  -4.512998e-07  -1.548590e-06  +2.580511e-07  -1.728333e-06  +4.741551e-06  +2.017746e-08  +2.359419e-07  -3.976680e-04  +9.166890e-09  +2.398647e-08  -5.826656e-05  
-1.210634e-02  -9.731861e-03  +1.474487e-02  -1.952633e-02  -1.905857e-02  -2.033213e-02  +3.750893e-02  -9.101775e-02  -8.113375e-03  +7.017403e-02  -6.757752e-01  +5.576485e-04  -3.976680e-04  +3.722007e+01  -6.386626e-04  -6.244784e-04  +5.883605e+01  
+1.750142e-07  +1.221039e-07  -1.011802e-07  +1.223514e-07  +3.700545e-07  +4.369145e-07  -5.781701e-07  +1.838536e-06  +1.005158e-07  -9.646580e-07  +1.133507e-05  -4.709510e-09  +9.166890e-09  -6.386626e-04  +1.730307e-07  +1.042765e-08  -1.253926e-03  
+1.650733e-07  +4.796705e-08  -5.041831e-07  +3.558996e-07  +1.284762e-08  +3.081995e-07  -4.868600e-07  +7.432635e-07  +3.702668e-08  -6.726026e-07  +1.006168e-05  +1.932234e-08  +2.398647e-08  -6.244784e-04  +1.042765e-08  +1.892762e-07  -6.232040e-04  
-1.971995e-02  -1.509306e-02  +5.325333e-03  -2.153272e-02  -4.488284e-02  -3.933691e-02  +6.101036e-02  -1.895403e-01  -1.318970e-02  +1.233729e-01  -1.206101e+00  +1.564132e-03  -5.826656e-05  +5.883605e+01  -1.253926e-03  -6.232040e-04  +1.233346e+02  
