mean:
+3.959331e+00  +3.924078e+00  +6.389446e-01  -1.169201e+00  +1.665622e+00  +5.111736e-01  +9.284882e-01  +2.067755e+00  +1.451988e-01  +2.010338e+00  +4.781103e+00  +1.635208e+00  +2.883099e+00  +8.037588e+02  +4.800090e+00  +4.400106e+00  +2.014090e+03  
covariance:
+6.051377e-06  -4.725930e-07  -4.726291e-07  +8.479593e-06  +1.480652e-05  +8.834985e-07  +6.208011e-06  +3.073434e-06  -9.188888e-07  +1.113884e-05  -4.024158e-05  +8.515687e-08  +7.082334e-08  -4.168189e-04  +8.000135e-08  -8.878003e-08  +1.814222e-03  
-4.725930e-07  +5.866689e-06  -5.555135e-07  -1.041124e-06  +6.896704e-06  +5.043220e-07  +1.816185e-06  -2.715709e-08  -3.006470e-07  +6.156646e-06  -1.998265e-05  -4.481930e-08  +2.200647e-07  -3.170025e-04  +1.807113e-07  -2.781936e-08  -2.755180e-04  
-4.726291e-07  -5.555135e-07  +1.010621e-04  +1.887843e-04  -1.937980e-04  -1.712782e-05  -2.456369e-05  -9.959696e-05  -1.134457e-05  +3.922708e-05  +5.920447e-04  -9.664942e-07  -1.461219e-06  +9.405100e-03  +3.280190e-07  +9.189084e-07  -5.463497e-02  
+8.479593e-06  -1.041124e-06  +1.887843e-04  +1.259983e-03  +1.025171e-04  -3.467446e-05  +1.853009e-05  -2.394305e-04  -4.684398e-05  +4.410970e-04  +1.683839e-04  -1.515598e-06  +3.965191e-08  +3.944620e-02  -9.462969e-07  +8.123602e-07  -1.540686e-01  
+1.480652e-05  +6.896704e-06  -1.937980e-04  +1.025171e-04  +1.189711e-03  +6.356814e-05  +2.492268e-04  +1.965510e-04  -2.175950e-05  +5.308466e-04  -3.302215e-03  +3.704766e-06  +6.874341e-06  +4.522080e-03  -2.561352e-06  -3.249786e-06  +1.604099e-01  
+8.834985e-07  +5.043220e-07  -1.712782e-05  -3.467446e-05  +6.356814e-05  +2.073367e-05  +3.305896e-05  +3.059629e-05  +1.120019e-06  +7.747074e-06  -3.029653e-04  +4.346409e-08  +5.949483e-07  -3.313663e-03  -2.626976e-07  -5.538982e-07  +1.794351e-02  
+6.208011e-06  +1.816185e-06  -2.456369e-05  +1.853009e-05  +2.492268e-04  +3.305896e-05  +1.647840e-04  +8.709008e-05  -2.121040e-05  +2.181626e-04  -1.052877e-03  +1.575886e-06  +2.871405e-06  +4.228310e-03  +2.392011e-07  -1.231740e-06  +7.116403e-02  
+3.073434e-06  -2.715709e-08  -9.959696e-05  -2.394305e-04  +1.965510e-04  +3.059629e-05  +8.709008e-05  +3.116219e-04  +6.271313e-06  +8.171316e-06  -9.178800e-04  +1.857047e-06  +1.972263e-06  -1.444837e-02  +1.887519e-07  -1.985852e-07  +9.134688e-02  
-9.188888e-07  -3.006470e-07  -1.134457e-05  -4.684398e-05  -2.175950e-05  +1.120019e-06  -2.121040e-05  +6.271313e-06  +8.802478e-06  -7.129688e-05  +8.366170e-05  -3.309519e-07  -3.957221e-07  -3.550184e-03  -1.293024e-07  +4.551281e-08  -1.175407e-03  
+1.113884e-05  +6.156646e-06  +3.922708e-05  +4.410970e-04  +5.308466e-04  +7.747074e-06  +2.181626e-04  +8.171316e-06  -7.129688e-05  +8.209348e-04  -1.987649e-03  +4.250274e-06  +4.815666e-06  +3.030587e-02  -3.354975e-07  -9.854404e-07  +3.480906e-02  
-4.024158e-05  -1.998265e-05  +5.920447e-04  +1.683839e-04  -3.302215e-03  -3.029653e-04  -1.052877e-03  -9.178800e-04  +8.366170e-05  -1.987649e-03  +1.311177e-02  -1.502046e-05  -2.539526e-05  +1.920922e-03  +9.467320e-06  +1.178904e-05  -6.012463e-01  
+8.515687e-08  -4.481930e-08  -9.664942e-07  -1.515598e-06  +3.704766e-06  +4.346409e-08  +1.575886e-06  +1.857047e-06  -3.309519e-07  +4.250274e-06  -1.502046e-05  +5.523995e-07  +1.020514e-07  +1.889820e-04  +9.517341e-09  -5.026555e-08  +1.316338e-03  
+7.082334e-08  +2.200647e-07  -1.461219e-06  +3.965191e-08  +6.874341e-06  +5.949483e-07  +2.871405e-06  +1.972263e-06  -3.957221e-07  +4.815666e-06  -2.539526e-05  +1.020514e-07  +4.931875e-07  +1.025642e-04  +4.645166e-09  +4.149105e-08  +1.827477e-03  
-4.168189e-04  -3.170025e-04  +9.405100e-03  +3.944620e-02  +4.522080e-03  -3.313663e-03  +4.228310e-03  -1.444837e-02  -3.550184e-03  +3.030587e-02  +1.920922e-03  +1.889820e-04  +1.025642e-04  +5.258111e+00  +3.149720e-05  +4.161934e-05  -3.498967e+00  
+8.000135e-08  +1.807113e-07  +3.280190e-07  -9.462969e-07  -2.561352e-06  -2.626976e-07  +2.392011e-07  +1.887519e-07  -1.293024e-07  -3.354975e-07  +9.467320e-06  +9.517341e-09  +4.645166e-09  +3.149720e-05  +3.580396e-07  +5.319973e-08  +7.962078e-05  
-8.878003e-08  -2.781936e-08  +9.189084e-07  +8.123602e-07  -3.249786e-06  -5.538982e-07  -1.231740e-06  -1.985852e-07  +4.551281e-08  -9.854404e-07  +1.178904e-05  -5.026555e-08  +4.149105e-08  +4.161934e-05  +5.319973e-08  +3.813341e-07  -1.367131e-04  
+1.814222e-03  -2.755180e-04  -5.463497e-02  -1.540686e-01  +1.604099e-01  +1.794351e-02  +7.116403e-02  +9.134688e-02  -1.175407e-03  +3.480906e-02  -6.012463e-01  +1.316338e-03  +1.827477e-03  -3.498967e+00  +7.962078e-05  -1.367131e-04  +7.617906e+01  
