mean:
+3.968532e+00  +4.003240e+00  +6.015242e-01  +1.980008e+00  +1.300397e+00  +6.024357e-01  +8.151918e-01  +2.204693e+00  +3.706514e-02  +3.879634e+00  +5.964756e+00  +4.624067e+00  +3.191119e+00  +3.278205e+02  +2.670940e+00  +3.677563e+00  +4.545709e+02  +4.720018e+00  +4.879926e+00  +8.061613e+02  +3.938730e+00  +5.173440e+00  +4.338911e+02  
covariance:
+1.953770e-06  -5.746468e-07  +2.884031e-07  +2.179646e-06  +9.502463e-07  +1.584759e-07  +9.349378e-07  +6.868853e-07  -9.380991e-08  +2.498605e-06  +1.165415e-06  +5.730523e-08  +4.198965e-08  +1.233597e-04  -8.230008e-08  +4.027936e-08  +2.500226e-04  -1.101620e-09  -1.782817e-08  +1.610418e-04  +4.670351e-08  +1.736098e-08  +1.055430e-04  
-5.746468e-07  +4.273157e-06  -1.063514e-06  +2.959788e-06  -3.914102e-07  -1.205548e-07  -7.781608e-07  +1.653110e-06  +3.222413e-08  +2.325511e-06  -4.021694e-06  +2.152626e-07  +6.970338e-08  +2.870151e-05  -1.745606e-07  -7.033979e-09  +1.143131e-04  -3.064534e-08  -1.359492e-08  +2.826615e-04  +5.605847e-08  +5.047163e-08  +4.803294e-04  
+2.884031e-07  -1.063514e-06  +1.293660e-05  -2.677933e-05  -1.219970e-05  +1.795641e-06  +6.027097e-06  +1.854860e-05  +1.261024e-07  -3.110946e-05  +4.433039e-05  -2.644324e-07  -3.852991e-07  -6.005251e-03  +9.012534e-07  -2.225801e-07  -3.956250e-03  -6.476796e-07  +3.292203e-08  -7.065951e-03  +2.875519e-07  -6.158391e-07  -1.564331e-03  
+2.179646e-06  +2.959788e-06  -2.677933e-05  +3.694646e-04  +3.977805e-05  +1.063441e-06  -2.693813e-05  -1.096111e-04  -1.315715e-06  +2.066084e-04  -2.319880e-04  -1.583686e-06  +1.832609e-06  +2.558850e-02  -8.558708e-07  -7.909452e-09  +8.131277e-03  +1.131816e-06  -1.259683e-06  +4.071093e-02  +1.829446e-06  +4.441489e-06  +2.260800e-03  
+9.502463e-07  -3.914102e-07  -1.219970e-05  +3.977805e-05  +6.155896e-05  -1.739722e-06  +1.369298e-06  -1.388362e-05  -1.420438e-06  +1.059278e-04  -5.873816e-05  +3.870995e-07  -1.341647e-06  +1.213274e-02  -4.472042e-08  +1.380125e-06  +1.568500e-02  +1.119572e-07  -7.643281e-07  +1.429610e-02  -1.429216e-06  +5.868909e-07  +4.442203e-03  
+1.584759e-07  -1.205548e-07  +1.795641e-06  +1.063441e-06  -1.739722e-06  +6.932606e-07  +9.247301e-07  +3.855502e-06  -8.842482e-09  -2.067931e-06  +4.860351e-06  -6.728096e-08  +5.314953e-08  -9.576436e-04  +5.684230e-08  +2.159525e-08  -6.245690e-04  -1.572682e-07  +5.635295e-08  -9.068775e-04  +1.198935e-07  -4.592990e-08  -2.515524e-04  
+9.349378e-07  -7.781608e-07  +6.027097e-06  -2.693813e-05  +1.369298e-06  +9.247301e-07  +1.277284e-05  +1.163020e-05  -5.796777e-07  +1.994360e-06  +3.911371e-05  +1.904619e-07  -1.180497e-06  -2.012441e-03  +6.830883e-07  +3.675590e-07  +1.738593e-03  -1.710167e-07  -3.565777e-07  -4.041318e-03  -8.848916e-08  -9.282881e-07  +8.769954e-04  
+6.868853e-07  +1.653110e-06  +1.854860e-05  -1.096111e-04  -1.388362e-05  +3.855502e-06  +1.163020e-05  +9.593011e-05  +1.769087e-07  -5.805359e-05  +9.097314e-05  +6.786313e-07  -1.556692e-08  -1.411254e-02  +5.217254e-07  +1.122170e-06  -3.450712e-03  -1.829315e-06  +1.271198e-06  -1.716563e-02  +8.653171e-08  -1.301523e-06  -1.159033e-03  
-9.380991e-08  +3.222413e-08  +1.261024e-07  -1.315715e-06  -1.420438e-06  -8.842482e-09  -5.796777e-07  +1.769087e-07  +1.069725e-07  -4.616957e-06  +4.853833e-07  -2.684864e-08  +9.257056e-08  -3.457844e-04  -4.550157e-08  -5.569941e-08  -5.985546e-04  +1.727978e-08  +7.041971e-08  -4.213199e-04  +3.136630e-08  +2.295377e-08  -2.493948e-04  
+2.498605e-06  +2.325511e-06  -3.110946e-05  +2.066084e-04  +1.059278e-04  -2.067931e-06  +1.994360e-06  -5.805359e-05  -4.616957e-06  +3.421551e-04  -1.837892e-04  +1.241795e-06  -2.985208e-06  +3.324697e-02  +4.669669e-07  +3.475952e-06  +3.978088e-02  -2.994938e-07  -3.477971e-06  +4.484753e-02  -1.684441e-06  +1.592363e-06  +1.486166e-02  
+1.165415e-06  -4.021694e-06  +4.433039e-05  -2.319880e-04  -5.873816e-05  +4.860351e-06  +3.911371e-05  +9.097314e-05  +4.853833e-07  -1.837892e-04  +2.926080e-04  +2.089002e-07  -8.036867e-07  -2.921941e-02  +1.562766e-06  -1.220347e-06  -1.691503e-02  -1.827767e-06  +8.295132e-08  -4.003801e-02  -5.870390e-07  -3.991557e-06  -1.505086e-03  
+5.730523e-08  +2.152626e-07  -2.644324e-07  -1.583686e-06  +3.870995e-07  -6.728096e-08  +1.904619e-07  +6.786313e-07  -2.684864e-08  +1.241795e-06  +2.089002e-07  +3.470662e-07  +2.088246e-09  +1.960328e-05  -5.382701e-08  +2.101463e-08  +2.931675e-04  -3.327681e-08  +1.496266e-08  +1.029460e-04  +2.998686e-08  +1.365531e-08  +4.033683e-04  
+4.198965e-08  +6.970338e-08  -3.852991e-07  +1.832609e-06  -1.341647e-06  +5.314953e-08  -1.180497e-06  -1.556692e-08  +9.257056e-08  -2.985208e-06  -8.036867e-07  +2.088246e-09  +4.846478e-07  -2.632733e-04  -2.526497e-07  -5.296076e-08  -6.463652e-04  +1.234948e-08  +1.250755e-07  -4.857683e-05  +4.006628e-08  +9.245178e-08  -6.797145e-05  
+1.233597e-04  +2.870151e-05  -6.005251e-03  +2.558850e-02  +1.213274e-02  -9.576436e-04  -2.012441e-03  -1.411254e-02  -3.457844e-04  +3.324697e-02  -2.921941e-02  +1.960328e-05  -2.632733e-04  +4.904161e+00  -1.052523e-04  +2.251661e-04  +4.115342e+00  +2.677958e-04  -3.250434e-04  +5.869690e+00  -2.388695e-04  +3.519916e-04  +1.184514e+00  
-8.230008e-08  -1.745606e-07  +9.012534e-07  -8.558708e-07  -4.472042e-08  +5.684230e-08  +6.830883e-07  +5.217254e-07  -4.550157e-08  +4.669669e-07  +1.562766e-06  -5.382701e-08  -2.526497e-07  -1.052523e-04  +4.297255e-07  -3.145913e-08  -4.487616e-05  -6.430699e-08  -1.151765e-07  -4.039287e-05  -1.464376e-08  -6.729459e-08  -7.476417e-05  
+4.027936e-08  -7.033979e-09  -2.225801e-07  -7.909452e-09  +1.380125e-06  +2.159525e-08  +3.675590e-07  +1.122170e-06  -5.569941e-08  +3.475952e-06  -1.220347e-06  +2.101463e-08  -5.296076e-08  +2.251661e-04  -3.145913e-08  +2.086568e-07  +6.319928e-04  +2.472104e-08  +2.722387e-09  +1.924945e-04  -1.148608e-08  -9.368194e-09  +1.178118e-04  
+2.500226e-04  +1.143131e-04  -3.956250e-03  +8.131277e-03  +1.568500e-02  -6.245690e-04  +1.738593e-03  -3.450712e-03  -5.985546e-04  +3.978088e-02  -1.691503e-02  +2.931675e-04  -6.463652e-04  +4.115342e+00  -4.487616e-05  +6.319928e-04  +6.867773e+00  +2.460856e-05  -4.224685e-04  +4.692790e+00  -3.702512e-04  +9.456883e-05  +1.961699e+00  
-1.101620e-09  -3.064534e-08  -6.476796e-07  +1.131816e-06  +1.119572e-07  -1.572682e-07  -1.710167e-07  -1.829315e-06  +1.727978e-08  -2.994938e-07  -1.827767e-06  -3.327681e-08  +1.234948e-08  +2.677958e-04  -6.430699e-08  +2.472104e-08  +2.460856e-05  +2.208701e-07  +2.232833e-08  +1.504962e-04  +2.281466e-08  +3.245777e-08  -1.270795e-04  
-1.782817e-08  -1.359492e-08  +3.292203e-08  -1.259683e-06  -7.643281e-07  +5.635295e-08  -3.565777e-07  +1.271198e-06  +7.041971e-08  -3.477971e-06  +8.295132e-08  +1.496266e-08  +1.250755e-07  -3.250434e-04  -1.151765e-07  +2.722387e-09  -4.224685e-04  +2.232833e-08  +1.983330e-07  -4.496369e-04  +6.379027e-08  +1.113651e-09  -1.930507e-04  
+1.610418e-04  +2.826615e-04  -7.065951e-03  +4.071093e-02  +1.429610e-02  -9.068775e-04  -4.041318e-03  -1.716563e-02  -4.213199e-04  +4.484753e-02  -4.003801e-02  +1.029460e-04  -4.857683e-05  +5.869690e+00  -4.039287e-05  +1.924945e-04  +4.692790e+00  +1.504962e-04  -4.496369e-04  +8.408614e+00  -2.195488e-04  +6.085717e-04  +1.790876e+00  
+4.670351e-08  +5.605847e-08  +2.875519e-07  +1.829446e-06  -1.429216e-06  +1.198935e-07  -8.848916e-08  +8.653171e-08  +3.136630e-08  -1.684441e-06  -5.870390e-07  +2.998686e-08  +4.006628e-08  -2.388695e-04  -1.464376e-08  -1.148608e-08  -3.702512e-04  +2.281466e-08  +6.379027e-08  -2.195488e-04  +2.483422e-07  +4.446554e-08  -1.823359e-04  
+1.736098e-08  +5.047163e-08  -6.158391e-07  +4.441489e-06  +5.868909e-07  -4.592990e-08  -9.282881e-07  -1.301523e-06  +2.295377e-08  +1.592363e-06  -3.991557e-06  +1.365531e-08  +9.245178e-08  +3.519916e-04  -6.729459e-08  -9.368194e-09  +9.456883e-05  +3.245777e-08  +1.113651e-09  +6.085717e-04  +4.446554e-08  +2.657070e-07  -9.394254e-06  
+1.055430e-04  +4.803294e-04  -1.564331e-03  +2.260800e-03  +4.442203e-03  -2.515524e-04  +8.769954e-04  -1.159033e-03  -2.493948e-04  +1.486166e-02  -1.505086e-03  +4.033683e-04  -6.797145e-05  +1.184514e+00  -7.476417e-05  +1.178118e-04  +1.961699e+00  -1.270795e-04  -1.930507e-04  +1.790876e+00  -1.823359e-04  -9.394254e-06  +1.748848e+00  
