mean:
+3.977009e+00  +3.921787e+00  +8.121772e-01  +1.312560e+00  +1.174345e+00  +4.029927e-01  +7.960549e-01  +1.406382e+00  +1.801575e-01  +1.789066e+00  +5.954749e+00  +3.619946e+00  +2.913481e+00  +4.298363e+00  +5.128526e+00  +5.248631e+00  +3.829168e+00  +2.796436e+00  +4.509905e+00  
covariance:
+1.876608e-06  +3.448271e-07  -3.556985e-06  -2.274903e-06  +8.115157e-07  +6.136803e-07  +2.629452e-06  +4.794502e-06  -9.509015e-07  +1.745073e-06  -1.726487e-05  +1.997355e-06  -5.391574e-07  +8.987997e-07  +3.572149e-07  +3.523475e-06  +9.561210e-07  -1.760563e-07  +6.627498e-06  
+3.448271e-07  +1.102905e-06  -1.464528e-07  -1.941164e-06  +2.717719e-07  +1.855093e-09  -6.021154e-08  -1.128526e-06  -1.142006e-08  +3.718732e-07  +6.201523e-07  -3.747420e-07  -5.983720e-07  +2.402468e-08  -5.234039e-07  -6.602937e-07  +3.251415e-08  +3.003954e-07  -1.007904e-06  
-3.556985e-06  -1.464528e-07  +1.035161e-05  +2.405092e-06  -2.247496e-06  -2.167999e-06  -9.878866e-06  -1.558915e-05  +2.055862e-06  -6.375769e-06  +6.080195e-05  -7.812708e-06  +8.142320e-07  -3.000406e-06  -2.578213e-06  -1.354386e-05  -3.270790e-06  +1.071167e-06  -2.461075e-05  
-2.274903e-06  -1.941164e-06  +2.405092e-06  +1.353464e-05  -5.673849e-07  +6.555835e-08  -6.575804e-08  -1.953456e-06  +6.015242e-07  +1.433377e-06  +3.483611e-06  +5.314037e-07  +1.001269e-06  -1.464697e-07  +8.179154e-07  +6.576884e-07  -2.765062e-07  -2.111322e-07  +4.250597e-07  
+8.115157e-07  +2.717719e-07  -2.247496e-06  -5.673849e-07  +7.518451e-07  +4.466380e-07  +2.107484e-06  +3.084496e-06  -4.870598e-07  +1.548468e-06  -1.295817e-05  +1.577572e-06  -3.007456e-07  +6.632601e-07  +3.780465e-07  +2.766007e-06  +7.003803e-07  -1.082153e-07  +5.014842e-06  
+6.136803e-07  +1.855093e-09  -2.167999e-06  +6.555835e-08  +4.466380e-07  +1.145774e-06  +3.740278e-06  +3.686527e-06  -1.046780e-06  +3.664118e-06  -2.096058e-05  +2.980610e-06  -7.649436e-07  +9.841971e-07  +1.053223e-06  +4.502175e-06  +1.336011e-06  -3.592870e-07  +8.363706e-06  
+2.629452e-06  -6.021154e-08  -9.878866e-06  -6.575804e-08  +2.107484e-06  +3.740278e-06  +1.753313e-05  +1.808132e-05  -3.655168e-06  +1.154948e-05  -9.558503e-05  +1.343562e-05  -1.725537e-06  +4.429998e-06  +5.584826e-06  +2.173485e-05  +5.395175e-06  -1.940033e-06  +3.876818e-05  
+4.794502e-06  -1.128526e-06  -1.558915e-05  -1.953456e-06  +3.084496e-06  +3.686527e-06  +1.808132e-05  +5.487971e-05  -4.079077e-06  +8.710951e-06  -1.209859e-04  +1.771896e-05  +4.550491e-06  +6.215162e-06  +9.249802e-06  +3.172235e-05  +5.676749e-06  -2.414470e-06  +5.289657e-05  
-9.509015e-07  -1.142006e-08  +2.055862e-06  +6.015242e-07  -4.870598e-07  -1.046780e-06  -3.655168e-06  -4.079077e-06  +4.908405e-06  -5.020288e-06  +1.793587e-05  -2.683861e-06  +1.583554e-06  -8.325884e-07  -4.523257e-07  -3.629791e-06  -1.584814e-06  +1.498507e-07  -7.094964e-06  
+1.745073e-06  +3.718732e-07  -6.375769e-06  +1.433377e-06  +1.548468e-06  +3.664118e-06  +1.154948e-05  +8.710951e-06  -5.020288e-06  +2.180101e-05  -6.739004e-05  +9.951229e-06  -5.169291e-06  +3.464186e-06  +2.142480e-06  +1.433040e-05  +4.966384e-06  -4.959210e-07  +2.639580e-05  
-1.726487e-05  +6.201523e-07  +6.080195e-05  +3.483611e-06  -1.295817e-05  -2.096058e-05  -9.558503e-05  -1.209859e-04  +1.793587e-05  -6.739004e-05  +6.056594e-04  -8.151226e-05  +6.918828e-06  -2.937443e-05  -3.363476e-05  -1.381356e-04  -3.224548e-05  +1.093102e-05  -2.403411e-04  
+1.997355e-06  -3.747420e-07  -7.812708e-06  +5.314037e-07  +1.577572e-06  +2.980610e-06  +1.343562e-05  +1.771896e-05  -2.683861e-06  +9.951229e-06  -8.151226e-05  +1.188561e-05  -4.416297e-07  +3.925765e-06  +5.304273e-06  +1.941147e-05  +4.458609e-06  -1.571290e-06  +3.364140e-05  
-5.391574e-07  -5.983720e-07  +8.142320e-07  +1.001269e-06  -3.007456e-07  -7.649436e-07  -1.725537e-06  +4.550491e-06  +1.583554e-06  -5.169291e-06  +6.918828e-06  -4.416297e-07  +4.238885e-06  -2.163549e-07  +1.397508e-06  +6.927261e-07  -1.369139e-06  -2.662830e-07  -6.492588e-07  
+8.987997e-07  +2.402468e-08  -3.000406e-06  -1.464697e-07  +6.632601e-07  +9.841971e-07  +4.429998e-06  +6.215162e-06  -8.325884e-07  +3.464186e-06  -2.937443e-05  +3.925765e-06  -2.163549e-07  +1.667053e-06  +1.537719e-06  +6.862054e-06  +1.496824e-06  -3.494350e-07  +1.167883e-05  
+3.572149e-07  -5.234039e-07  -2.578213e-06  +8.179154e-07  +3.780465e-07  +1.053223e-06  +5.584826e-06  +9.249802e-06  -4.523257e-07  +2.142480e-06  -3.363476e-05  +5.304273e-06  +1.397508e-06  +1.537719e-06  +3.429253e-06  +9.208220e-06  +1.437506e-06  -9.883586e-07  +1.502445e-05  
+3.523475e-06  -6.602937e-07  -1.354386e-05  +6.576884e-07  +2.766007e-06  +4.502175e-06  +2.173485e-05  +3.172235e-05  -3.629791e-06  +1.433040e-05  -1.381356e-04  +1.941147e-05  +6.927261e-07  +6.862054e-06  +9.208220e-06  +3.410471e-05  +6.789246e-06  -2.662432e-06  +5.725222e-05  
+9.561210e-07  +3.251415e-08  -3.270790e-06  -2.765062e-07  +7.003803e-07  +1.336011e-06  +5.395175e-06  +5.676749e-06  -1.584814e-06  +4.966384e-06  -3.224548e-05  +4.458609e-06  -1.369139e-06  +1.496824e-06  +1.437506e-06  +6.789246e-06  +2.391310e-06  -6.599413e-07  +1.268728e-05  
-1.760563e-07  +3.003954e-07  +1.071167e-06  -2.111322e-07  -1.082153e-07  -3.592870e-07  -1.940033e-06  -2.414470e-06  +1.498507e-07  -4.959210e-07  +1.093102e-05  -1.571290e-06  -2.662830e-07  -3.494350e-07  -9.883586e-07  -2.662432e-06  -6.599413e-07  +7.842546e-07  -4.861398e-06  
+6.627498e-06  -1.007904e-06  -2.461075e-05  +4.250597e-07  +5.014842e-06  +8.363706e-06  +3.876818e-05  +5.289657e-05  -7.094964e-06  +2.639580e-05  -2.403411e-04  +3.364140e-05  -6.492588e-07  +1.167883e-05  +1.502445e-05  +5.725222e-05  +1.268728e-05  -4.861398e-06  +9.887024e-05  
