mean:
+3.988769e+00  +3.956463e+00  +6.032430e-01  +2.007214e+00  +1.258880e+00  +4.035879e-01  +8.322217e-01  +2.198049e+00  +3.805696e-02  +3.887900e+00  +5.931159e+00  +4.477946e+00  +3.301784e+00  +3.236054e+02  +2.492579e+00  +3.691665e+00  +4.538490e+02  +4.640232e+00  +4.960023e+00  +8.030747e+02  +4.020412e+00  +5.122134e+00  +4.324026e+02  
covariance:
+7.268275e-06  -2.138352e-07  +2.752239e-07  +7.879609e-07  +4.065241e-05  +3.187804e-07  +7.488493e-06  -3.202266e-06  -3.258198e-07  +2.006497e-05  -3.967221e-05  +2.036433e-07  -2.798186e-07  +7.558684e-04  +5.648674e-07  +6.631148e-07  +1.614665e-03  +4.944380e-08  -3.399567e-08  +2.658233e-03  -5.885109e-08  +6.111994e-07  +1.691210e-03  
-2.138352e-07  +2.825886e-06  -1.961340e-07  -3.413484e-06  -4.502316e-06  -9.700817e-08  -5.225054e-07  -4.108513e-07  +8.577818e-08  -3.495748e-06  +7.794351e-06  +3.326992e-08  +2.606129e-07  +2.124675e-05  -2.817335e-07  +1.097723e-07  -3.670148e-04  -1.109430e-07  +4.434683e-08  -5.031869e-04  -8.121604e-08  -6.907550e-08  -2.153526e-04  
+2.752239e-07  -1.961340e-07  +9.225811e-06  -3.434164e-06  +7.698076e-06  +1.033713e-06  -1.487334e-06  -1.030198e-05  -8.115586e-09  +6.187626e-06  -1.058946e-05  +8.890385e-08  -9.014396e-07  +7.337781e-04  -8.280840e-08  +1.173153e-07  -1.287648e-04  -4.497465e-07  -1.831883e-07  +1.476733e-03  +2.596751e-07  +5.982503e-07  +3.263331e-04  
+7.879609e-07  -3.413484e-06  -3.434164e-06  +1.673323e-04  +4.491114e-05  -5.490864e-07  -4.674858e-06  -9.440795e-06  +5.780512e-07  +1.208819e-05  -1.636183e-04  -5.103412e-06  +1.351728e-06  +6.412972e-03  +1.116159e-07  -4.946503e-06  -3.906972e-03  +1.573050e-06  -3.171609e-07  +4.436904e-03  +4.323956e-06  -1.370817e-06  +3.391044e-04  
+4.065241e-05  -4.502316e-06  +7.698076e-06  +4.491114e-05  +1.253887e-03  -8.460684e-06  +2.084364e-04  -2.916941e-05  -1.025942e-05  +5.340667e-04  -1.050160e-03  +8.816783e-06  -4.695699e-06  +2.724274e-02  +7.503104e-06  +1.133894e-05  +5.094338e-02  +9.222973e-07  -4.848023e-06  +1.000086e-01  -7.169172e-06  +1.087460e-05  +4.582797e-02  
+3.187804e-07  -9.700817e-08  +1.033713e-06  -5.490864e-07  -8.460684e-06  +9.679730e-07  -4.555262e-07  -7.415052e-07  -1.913487e-09  +1.287082e-06  +2.244786e-06  -2.335167e-07  +1.204751e-07  +1.086369e-04  +1.885276e-07  -9.193043e-09  -3.315204e-04  -1.755039e-07  +1.031207e-08  -1.049094e-03  +1.629035e-07  +1.993184e-07  -6.466341e-05  
+7.488493e-06  -5.225054e-07  -1.487334e-06  -4.674858e-06  +2.084364e-04  -4.555262e-07  +4.660135e-05  +9.869714e-06  -2.379707e-06  +1.075879e-04  -1.657600e-04  +1.942884e-06  -5.409391e-07  +4.039690e-03  +1.993376e-06  +2.855251e-06  +1.139294e-02  -2.509376e-07  -8.737183e-07  +1.466034e-02  -1.496987e-06  +1.839792e-06  +9.204420e-03  
-3.202266e-06  -4.108513e-07  -1.030198e-05  -9.440795e-06  -2.916941e-05  -7.415052e-07  +9.869714e-06  +1.425927e-04  -5.316445e-07  +8.645465e-06  +7.145617e-05  +3.222471e-06  -1.218484e-06  -9.644513e-03  +1.477894e-07  +2.707743e-06  +8.906956e-03  -1.131561e-06  +6.372055e-07  -1.468513e-02  +5.406139e-08  -1.799117e-06  -5.708008e-03  
-3.258198e-07  +8.577818e-08  -8.115586e-09  +5.780512e-07  -1.025942e-05  -1.913487e-09  -2.379707e-06  -5.316445e-07  +1.569374e-07  -5.794906e-06  +8.309329e-06  -1.088093e-07  +6.306573e-08  -1.933401e-04  -1.302783e-07  -1.605897e-07  -6.019408e-04  +2.894026e-08  +5.624874e-08  -7.236120e-04  +8.119941e-08  -9.949957e-08  -4.809475e-04  
+2.006497e-05  -3.495748e-06  +6.187626e-06  +1.208819e-05  +5.340667e-04  +1.287082e-06  +1.075879e-04  +8.645465e-06  -5.794906e-06  +2.977895e-04  -5.066627e-04  +3.387893e-06  -3.587876e-06  +1.275430e-02  +7.110570e-06  +6.881303e-06  +2.580645e-02  -1.363517e-06  -2.813768e-06  +3.864675e-02  -2.257785e-06  +5.447366e-06  +2.309960e-02  
-3.967221e-05  +7.794351e-06  -1.058946e-05  -1.636183e-04  -1.050160e-03  +2.244786e-06  -1.657600e-04  +7.145617e-05  +8.309329e-06  -5.066627e-04  +1.172733e-03  +1.557380e-08  +6.310834e-06  -3.434046e-02  -1.125026e-05  -5.777693e-06  -3.196909e-02  +1.374327e-07  +5.030319e-06  -8.718621e-02  -5.572262e-07  -9.431140e-06  -4.022626e-02  
+2.036433e-07  +3.326992e-08  +8.890385e-08  -5.103412e-06  +8.816783e-06  -2.335167e-07  +1.942884e-06  +3.222471e-06  -1.088093e-07  +3.387893e-06  +1.557380e-08  +6.884729e-07  -1.450056e-07  -3.498622e-04  +4.192366e-08  +3.204029e-07  +9.156589e-04  -3.040480e-08  +1.027339e-08  +5.118466e-04  -1.748997e-07  +3.199555e-09  +2.107048e-04  
-2.798186e-07  +2.606129e-07  -9.014396e-07  +1.351728e-06  -4.695699e-06  +1.204751e-07  -5.409391e-07  -1.218484e-06  +6.306573e-08  -3.587876e-06  +6.310834e-06  -1.450056e-07  +7.971316e-07  +6.429939e-05  -1.553525e-07  -1.325094e-07  -4.084786e-04  +8.734942e-08  +1.864759e-08  -5.042083e-04  -8.428079e-08  +5.822997e-08  -6.117637e-05  
+7.558684e-04  +2.124675e-05  +7.337781e-04  +6.412972e-03  +2.724274e-02  +1.086369e-04  +4.039690e-03  -9.644513e-03  -1.933401e-04  +1.275430e-02  -3.434046e-02  -3.498622e-04  +6.429939e-05  +2.143389e+00  +1.671862e-04  -2.594433e-04  +1.001366e-01  -1.168106e-05  -1.058077e-04  +2.979140e+00  +1.431679e-04  +2.462879e-04  +1.496159e+00  
+5.648674e-07  -2.817335e-07  -8.280840e-08  +1.116159e-07  +7.503104e-06  +1.885276e-07  +1.993376e-06  +1.477894e-07  -1.302783e-07  +7.110570e-06  -1.125026e-05  +4.192366e-08  -1.553525e-07  +1.671862e-04  +5.094729e-07  +2.288902e-07  +4.699492e-04  -6.018445e-08  -9.297703e-08  +4.853465e-04  -9.295405e-09  +1.043131e-07  +4.814859e-04  
+6.631148e-07  +1.097723e-07  +1.173153e-07  -4.946503e-06  +1.133894e-05  -9.193043e-09  +2.855251e-06  +2.707743e-06  -1.605897e-07  +6.881303e-06  -5.777693e-06  +3.204029e-07  -1.325094e-07  -2.594433e-04  +2.288902e-07  +6.403766e-07  +9.895878e-04  -1.140714e-07  -7.455724e-08  +4.907634e-04  -2.654755e-07  +1.602634e-07  +4.429017e-04  
+1.614665e-03  -3.670148e-04  -1.287648e-04  -3.906972e-03  +5.094338e-02  -3.315204e-04  +1.139294e-02  +8.906956e-03  -6.019408e-04  +2.580645e-02  -3.196909e-02  +9.156589e-04  -4.084786e-04  +1.001366e-01  +4.699492e-04  +9.895878e-04  +4.062489e+00  -5.954788e-05  -1.922035e-04  +3.159021e+00  -5.796551e-04  +3.336222e-04  +2.129019e+00  
+4.944380e-08  -1.109430e-07  -4.497465e-07  +1.573050e-06  +9.222973e-07  -1.755039e-07  -2.509376e-07  -1.131561e-06  +2.894026e-08  -1.363517e-06  +1.374327e-07  -3.040480e-08  +8.734942e-08  -1.168106e-05  -6.018445e-08  -1.140714e-07  -5.954788e-05  +2.569557e-07  +1.128882e-08  +2.854367e-04  -1.618127e-08  +1.829220e-08  +2.870346e-05  
-3.399567e-08  +4.434683e-08  -1.831883e-07  -3.171609e-07  -4.848023e-06  +1.031207e-08  -8.737183e-07  +6.372055e-07  +5.624874e-08  -2.813768e-06  +5.030319e-06  +1.027339e-08  +1.864759e-08  -1.058077e-04  -9.297703e-08  -7.455724e-08  -1.922035e-04  +1.128882e-08  +1.884842e-07  -4.933317e-04  +5.491699e-08  -6.297809e-08  -2.645519e-04  
+2.658233e-03  -5.031869e-04  +1.476733e-03  +4.436904e-03  +1.000086e-01  -1.049094e-03  +1.466034e-02  -1.468513e-02  -7.236120e-04  +3.864675e-02  -8.718621e-02  +5.118466e-04  -5.042083e-04  +2.979140e+00  +4.853465e-04  +4.907634e-04  +3.159021e+00  +2.854367e-04  -4.933317e-04  +9.992871e+00  -6.254161e-04  +8.814331e-04  +4.116995e+00  
-5.885109e-08  -8.121604e-08  +2.596751e-07  +4.323956e-06  -7.169172e-06  +1.629035e-07  -1.496987e-06  +5.406139e-08  +8.119941e-08  -2.257785e-06  -5.572262e-07  -1.748997e-07  -8.428079e-08  +1.431679e-04  -9.295405e-09  -2.654755e-07  -5.796551e-04  -1.618127e-08  +5.491699e-08  -6.254161e-04  +4.776443e-07  -1.056985e-07  -3.495717e-04  
+6.111994e-07  -6.907550e-08  +5.982503e-07  -1.370817e-06  +1.087460e-05  +1.993184e-07  +1.839792e-06  -1.799117e-06  -9.949957e-08  +5.447366e-06  -9.431140e-06  +3.199555e-09  +5.822997e-08  +2.462879e-04  +1.043131e-07  +1.602634e-07  +3.336222e-04  +1.829220e-08  -6.297809e-08  +8.814331e-04  -1.056985e-07  +4.239193e-07  +4.788396e-04  
+1.691210e-03  -2.153526e-04  +3.263331e-04  +3.391044e-04  +4.582797e-02  -6.466341e-05  +9.204420e-03  -5.708008e-03  -4.809475e-04  +2.309960e-02  -4.022626e-02  +2.107048e-04  -6.117637e-05  +1.496159e+00  +4.814859e-04  +4.429017e-04  +2.129019e+00  +2.870346e-05  -2.645519e-04  +4.116995e+00  -3.495717e-04  +4.788396e-04  +2.681120e+00  
