mean:
+3.977233e+00  +4.010121e+00  +8.437528e-01  +1.307611e+00  +1.242353e+00  +5.989905e-01  +8.258102e-01  +1.405748e+00  +1.697031e-01  +1.950875e+00  +5.789662e+00  +3.594069e+00  +2.900343e+00  +2.132539e+02  +4.310278e+00  +5.178833e+00  +2.865817e+02  +5.217596e+00  +3.910160e+00  +3.344073e+02  +2.879957e+00  +4.559941e+00  +3.959834e+02  
covariance:
+2.874013e-06  +1.528483e-08  -6.265197e-06  +1.827536e-06  +1.262164e-06  +1.100724e-06  +1.069432e-06  -2.925950e-06  -6.751900e-06  +5.171122e-05  -1.490889e-04  -1.116815e-07  -4.500096e-07  +5.031931e-03  -2.908440e-07  +1.794443e-06  +6.265070e-03  -9.064154e-08  -9.609734e-08  +5.515528e-03  +3.986926e-07  +2.021273e-07  +4.093717e-03  
+1.528483e-08  +3.346043e-06  +1.662367e-06  -1.943944e-08  -5.455898e-07  -3.449328e-07  +4.176354e-07  +2.538219e-07  +2.763002e-06  -2.168966e-05  +5.640205e-05  +1.633158e-07  +5.019076e-07  -1.824325e-03  +1.416792e-07  -6.190717e-07  -2.910979e-03  +8.144346e-08  -6.734356e-08  -2.351713e-03  -2.340607e-07  -1.038767e-07  -1.506345e-03  
-6.265197e-06  +1.662367e-06  +4.657338e-05  -1.109696e-05  -9.384462e-06  -6.372131e-06  -8.328885e-06  +1.067931e-04  +9.741989e-06  -9.102181e-05  +5.177974e-04  -3.747547e-07  -2.765809e-06  -1.318679e-02  -1.109966e-06  -7.905273e-06  -9.789770e-03  +5.984354e-07  +4.207195e-07  -1.717529e-02  -2.116130e-06  +1.061935e-06  -1.193419e-02  
+1.827536e-06  -1.943944e-08  -1.109696e-05  +6.501746e-05  +1.863850e-06  +1.946465e-06  -9.605147e-07  -1.956538e-05  -2.260159e-06  +2.402722e-05  -1.568812e-04  -6.060696e-07  -3.421125e-06  +2.040909e-03  +1.404864e-06  -1.300471e-06  +3.373547e-03  -4.008171e-07  -2.392765e-07  +5.156143e-03  +2.466153e-07  +8.320014e-07  +6.549517e-03  
+1.262164e-06  -5.455898e-07  -9.384462e-06  +1.863850e-06  +3.243829e-06  +1.319648e-06  +2.238022e-06  -2.092702e-05  -2.903998e-06  +2.484024e-05  -1.105908e-04  +4.945383e-08  +5.705965e-07  +3.218753e-03  +1.209518e-07  +1.660781e-06  +2.491557e-03  -2.704494e-07  -4.178067e-08  +4.022259e-03  +5.735755e-07  -2.738585e-07  +2.455996e-03  
+1.100724e-06  -3.449328e-07  -6.372131e-06  +1.946465e-06  +1.319648e-06  +1.850997e-06  +3.310015e-06  -1.118397e-05  -3.781965e-06  +2.621490e-05  -7.849406e-05  +2.673736e-09  +6.800821e-07  +2.448226e-03  +2.395433e-08  +9.886387e-07  +2.068304e-03  +3.604300e-07  +4.614003e-08  +3.300397e-03  +3.098811e-07  -1.765601e-07  +1.946346e-03  
+1.069432e-06  +4.176354e-07  -8.328885e-06  -9.605147e-07  +2.238022e-06  +3.310015e-06  +2.231893e-05  -6.117308e-07  -1.061026e-05  +4.301585e-05  -3.154585e-05  +5.823447e-08  +3.192041e-06  +2.932994e-03  +4.220676e-07  +3.966802e-07  -3.472888e-03  -2.983112e-07  +8.623346e-08  +5.496412e-03  +4.630716e-07  -4.469522e-07  +4.364478e-04  
-2.925950e-06  +2.538219e-07  +1.067931e-04  -1.956538e-05  -2.092702e-05  -1.118397e-05  -6.117308e-07  +5.109440e-04  -3.298768e-05  +1.582157e-04  +5.486440e-04  +1.229974e-07  -1.228335e-05  -1.984358e-03  +1.232474e-07  -1.264488e-05  +2.168024e-02  +2.400519e-06  +4.605234e-06  -3.397913e-03  -3.002588e-06  +4.266861e-06  -2.792213e-03  
-6.751900e-06  +2.763002e-06  +9.741989e-06  -2.260159e-06  -2.903998e-06  -3.781965e-06  -1.061026e-05  -3.298768e-05  +3.377381e-05  -2.320032e-04  +4.381525e-04  +9.746289e-07  +1.971858e-06  -1.895328e-02  +2.398857e-06  -4.801124e-06  -2.363792e-02  +4.395920e-08  -7.373083e-08  -2.060784e-02  -1.423306e-06  -9.147356e-07  -1.234696e-02  
+5.171122e-05  -2.168966e-05  -9.102181e-05  +2.402722e-05  +2.484024e-05  +2.621490e-05  +4.301585e-05  +1.582157e-04  -2.320032e-04  +1.691601e-03  -3.595132e-03  -7.152490e-06  -1.830938e-05  +1.440549e-01  -1.761239e-05  +4.113735e-05  +1.883518e-01  -5.833085e-07  -2.776306e-07  +1.540424e-01  +1.074674e-05  +7.007237e-06  +1.000209e-01  
-1.490889e-04  +5.640205e-05  +5.177974e-04  -1.568812e-04  -1.105908e-04  -7.849406e-05  -3.154585e-05  +5.486440e-04  +4.381525e-04  -3.595132e-03  +1.146416e-02  +1.120269e-05  +3.706351e-05  -3.617934e-01  +1.635297e-05  -1.394477e-04  -4.583734e-01  +1.145439e-05  +5.399433e-06  -4.074702e-01  -3.253263e-05  -1.140622e-05  -3.110269e-01  
-1.116815e-07  +1.633158e-07  -3.747547e-07  -6.060696e-07  +4.945383e-08  +2.673736e-09  +5.823447e-08  +1.229974e-07  +9.746289e-07  -7.152490e-06  +1.120269e-05  +6.783329e-07  +3.154818e-07  -4.131696e-04  +3.749068e-07  +1.640634e-07  -7.133190e-04  +1.097933e-07  +8.494230e-08  -3.174199e-04  -2.340119e-08  -1.053384e-07  -5.414829e-04  
-4.500096e-07  +5.019076e-07  -2.765809e-06  -3.421125e-06  +5.705965e-07  +6.800821e-07  +3.192041e-06  -1.228335e-05  +1.971858e-06  -1.830938e-05  +3.706351e-05  +3.154818e-07  +1.971268e-06  -1.173720e-03  +2.375531e-07  +2.388987e-07  -3.404620e-03  +1.805249e-07  +3.997940e-09  -1.228271e-03  -4.496550e-08  -4.789726e-07  -1.788432e-03  
+5.031931e-03  -1.824325e-03  -1.318679e-02  +2.040909e-03  +3.218753e-03  +2.448226e-03  +2.932994e-03  -1.984358e-03  -1.895328e-02  +1.440549e-01  -3.617934e-01  -4.131696e-04  -1.173720e-03  +1.395888e+01  -1.371516e-03  +4.661678e-03  +1.689386e+01  -2.837196e-04  -1.147417e-04  +1.422356e+01  +9.997168e-04  +4.811984e-04  +9.553316e+00  
-2.908440e-07  +1.416792e-07  -1.109966e-06  +1.404864e-06  +1.209518e-07  +2.395433e-08  +4.220676e-07  +1.232474e-07  +2.398857e-06  -1.761239e-05  +1.635297e-05  +3.749068e-07  +2.375531e-07  -1.371516e-03  +1.306309e-06  -1.141221e-07  -1.750448e-03  +1.499042e-08  +2.063431e-07  -5.776123e-04  -2.137426e-08  -1.206977e-07  -3.702914e-04  
+1.794443e-06  -6.190717e-07  -7.905273e-06  -1.300471e-06  +1.660781e-06  +9.886387e-07  +3.966802e-07  -1.264488e-05  -4.801124e-06  +4.113735e-05  -1.394477e-04  +1.640634e-07  +2.388987e-07  +4.661678e-03  -1.141221e-07  +2.748076e-06  +5.358890e-03  -6.844675e-08  -8.032417e-08  +4.870601e-03  +3.597081e-07  -7.757988e-08  +2.947116e-03  
+6.265070e-03  -2.910979e-03  -9.789770e-03  +3.373547e-03  +2.491557e-03  +2.068304e-03  -3.472888e-03  +2.168024e-02  -2.363792e-02  +1.883518e-01  -4.583734e-01  -7.133190e-04  -3.404620e-03  +1.689386e+01  -1.750448e-03  +5.358890e-03  +2.566587e+01  -7.263204e-05  +1.811763e-04  +1.734760e+01  +1.002147e-03  +9.513601e-04  +1.300831e+01  
-9.064154e-08  +8.144346e-08  +5.984354e-07  -4.008171e-07  -2.704494e-07  +3.604300e-07  -2.983112e-07  +2.400519e-06  +4.395920e-08  -5.833085e-07  +1.145439e-05  +1.097933e-07  +1.805249e-07  -2.837196e-04  +1.499042e-08  -6.844675e-08  -7.263204e-05  +9.459896e-07  +5.777009e-08  -3.856062e-04  +9.997975e-08  +1.211958e-08  -1.271711e-04  
-9.609734e-08  -6.734356e-08  +4.207195e-07  -2.392765e-07  -4.178067e-08  +4.614003e-08  +8.623346e-08  +4.605234e-06  -7.373083e-08  -2.776306e-07  +5.399433e-06  +8.494230e-08  +3.997940e-09  -1.147417e-04  +2.063431e-07  -8.032417e-08  +1.811763e-04  +5.777009e-08  +5.292538e-07  +1.325091e-04  -1.119196e-08  -7.587859e-08  +6.808513e-05  
+5.515528e-03  -2.351713e-03  -1.717529e-02  +5.156143e-03  +4.022259e-03  +3.300397e-03  +5.496412e-03  -3.397913e-03  -2.060784e-02  +1.540424e-01  -4.074702e-01  -3.174199e-04  -1.228271e-03  +1.422356e+01  -5.776123e-04  +4.870601e-03  +1.734760e+01  -3.856062e-04  +1.325091e-04  +1.701638e+01  +1.365986e-03  +3.743419e-04  +1.115681e+01  
+3.986926e-07  -2.340607e-07  -2.116130e-06  +2.466153e-07  +5.735755e-07  +3.098811e-07  +4.630716e-07  -3.002588e-06  -1.423306e-06  +1.074674e-05  -3.253263e-05  -2.340119e-08  -4.496550e-08  +9.997168e-04  -2.137426e-08  +3.597081e-07  +1.002147e-03  +9.997975e-08  -1.119196e-08  +1.365986e-03  +5.026155e-07  -3.864785e-08  +9.629259e-04  
+2.021273e-07  -1.038767e-07  +1.061935e-06  +8.320014e-07  -2.738585e-07  -1.765601e-07  -4.469522e-07  +4.266861e-06  -9.147356e-07  +7.007237e-06  -1.140622e-05  -1.053384e-07  -4.789726e-07  +4.811984e-04  -1.206977e-07  -7.757988e-08  +9.513601e-04  +1.211958e-08  -7.587859e-08  +3.743419e-04  -3.864785e-08  +4.580501e-07  +4.885363e-04  
+4.093717e-03  -1.506345e-03  -1.193419e-02  +6.549517e-03  +2.455996e-03  +1.946346e-03  +4.364478e-04  -2.792213e-03  -1.234696e-02  +1.000209e-01  -3.110269e-01  -5.414829e-04  -1.788432e-03  +9.553316e+00  -3.702914e-04  +2.947116e-03  +1.300831e+01  -1.271711e-04  +6.808513e-05  +1.115681e+01  +9.629259e-04  +4.885363e-04  +9.789669e+00  
