mean:
+3.967686e+00  +4.002515e+00  +6.203395e-01  +2.004677e+00  +1.296146e+00  +6.011466e-01  +8.156397e-01  +2.194349e+00  +3.765525e-02  +3.899333e+00  +5.965493e+00  +4.623401e+00  +3.191271e+00  +3.247960e+02  +2.670844e+00  +3.677938e+00  +4.564833e+02  +4.720056e+00  +4.879948e+00  +8.049614e+02  +3.938916e+00  +5.173738e+00  +4.352236e+02  
covariance:
+2.246860e-06  -3.346754e-07  +2.236069e-06  +2.712653e-06  +3.039026e-07  +1.128061e-07  +1.059958e-07  -4.448628e-06  -9.805432e-08  +7.577044e-06  -7.748473e-06  -1.072371e-07  -9.981037e-08  -4.661179e-05  -6.532999e-08  +4.843728e-08  +3.563074e-04  +4.701612e-08  -2.338310e-09  +7.190076e-04  +1.495244e-07  -7.385073e-09  +7.369832e-04  
-3.346754e-07  +5.101707e-06  -7.783731e-07  +2.379504e-06  -1.121014e-06  -7.367206e-07  -1.476947e-07  +3.942459e-06  +4.938524e-08  +1.071204e-06  -8.869429e-06  +5.043978e-08  -2.026590e-07  +6.118063e-04  +1.815375e-07  -1.646328e-08  -1.409946e-04  +1.169992e-07  +1.672282e-08  +2.199867e-04  +9.601822e-08  +7.001877e-08  -1.613733e-04  
+2.236069e-06  -7.783731e-07  +3.512896e-05  +3.774928e-05  +7.480596e-07  -4.412762e-07  +8.720147e-07  -4.434002e-05  -1.095642e-06  +1.009673e-04  -1.383545e-04  +6.871576e-07  -1.365317e-06  +3.411639e-04  +1.526833e-07  +9.454737e-07  +5.521992e-03  -1.133530e-07  -9.122400e-08  +1.669356e-02  -7.519784e-07  +1.185614e-06  +1.199439e-02  
+2.712653e-06  +2.379504e-06  +3.774928e-05  +2.197685e-04  -2.933932e-05  -1.500170e-05  -2.774117e-06  -5.630902e-05  -1.273476e-06  +1.701935e-04  -3.959312e-04  -1.228164e-06  -6.072678e-07  +1.367270e-02  -1.364851e-06  +5.577405e-07  +2.672835e-03  +2.552374e-06  +5.150833e-07  +3.753864e-02  -5.767296e-07  +4.083537e-06  +1.175752e-02  
+3.039026e-07  -1.121014e-06  +7.480596e-07  -2.933932e-05  +3.473752e-05  +2.811204e-06  +3.780618e-06  -9.384319e-06  -1.826779e-07  -7.849001e-06  +4.674339e-05  +8.821351e-08  +1.429714e-07  -2.819804e-03  +1.231530e-06  +5.683550e-07  -1.610515e-04  -9.776833e-07  -1.641733e-07  -2.364435e-03  +3.412454e-07  -8.264047e-07  +9.454610e-04  
+1.128061e-07  -7.367206e-07  -4.412762e-07  -1.500170e-05  +2.811204e-06  +1.924854e-06  +6.325364e-07  +1.861018e-07  +1.579045e-08  -7.598865e-06  +2.784047e-05  -5.385364e-08  +6.285562e-09  -1.536160e-03  +1.041763e-07  +1.440916e-07  +2.828245e-04  -2.118255e-07  +6.778345e-08  -2.657552e-03  +1.792330e-07  -4.258677e-07  -1.663361e-04  
+1.059958e-07  -1.476947e-07  +8.720147e-07  -2.774117e-06  +3.780618e-06  +6.325364e-07  +5.751771e-06  -6.124862e-06  -2.256772e-07  -2.344341e-06  +1.065691e-05  -7.659714e-07  -1.376384e-07  -1.488169e-04  +4.342025e-07  -1.157168e-07  +7.455710e-05  +4.895641e-07  +1.049854e-07  -2.284501e-04  +6.031645e-07  -7.397796e-07  +2.143090e-04  
-4.448628e-06  +3.942459e-06  -4.434002e-05  -5.630902e-05  -9.384319e-06  +1.861018e-07  -6.124862e-06  +1.323593e-04  +1.835903e-06  -1.565177e-04  +2.160147e-04  +1.416295e-06  -4.740012e-07  -1.035949e-03  -1.293622e-06  -8.410073e-07  -8.507547e-03  +9.599066e-08  +1.421988e-06  -2.621650e-02  -2.748447e-07  -1.730388e-06  -1.931564e-02  
-9.805432e-08  +4.938524e-08  -1.095642e-06  -1.273476e-06  -1.826779e-07  +1.579045e-08  -2.256772e-07  +1.835903e-06  +7.490706e-08  -3.926600e-06  +4.848448e-06  +1.786596e-08  +1.778751e-08  +1.135594e-05  -9.735887e-09  -2.294437e-08  -1.988693e-04  -1.496976e-08  -1.287638e-08  -5.508857e-04  +9.823786e-09  -4.337922e-08  -4.926295e-04  
+7.577044e-06  +1.071204e-06  +1.009673e-04  +1.701935e-04  -7.849001e-06  -7.598865e-06  -2.344341e-06  -1.565177e-04  -3.926600e-06  +3.960530e-04  -5.762043e-04  +1.042318e-06  -1.562300e-06  +3.468696e-03  -6.081434e-07  +2.487809e-06  +1.902274e-02  +1.840678e-07  +2.547194e-07  +6.032629e-02  -2.780850e-06  +7.700794e-06  +4.556849e-02  
-7.748473e-06  -8.869429e-06  -1.383545e-04  -3.959312e-04  +4.674339e-05  +2.784047e-05  +1.065691e-05  +2.160147e-04  +4.848448e-06  -5.762043e-04  +1.088249e-03  -1.045404e-06  +1.928729e-06  -2.197636e-02  +1.478064e-07  -3.578226e-06  -2.148315e-02  -2.414767e-06  +2.265955e-07  -1.093931e-01  +4.694202e-06  -1.419964e-05  -5.848102e-02  
-1.072371e-07  +5.043978e-08  +6.871576e-07  -1.228164e-06  +8.821351e-08  -5.385364e-08  -7.659714e-07  +1.416295e-06  +1.786596e-08  +1.042318e-06  -1.045404e-06  +4.962341e-07  -8.581795e-08  -8.711704e-05  -7.427439e-08  -2.694441e-08  +1.857946e-04  -1.655045e-07  -5.675768e-08  +4.539014e-04  -1.873485e-07  +1.524335e-07  +3.413474e-04  
-9.981037e-08  -2.026590e-07  -1.365317e-06  -6.072678e-07  +1.429714e-07  +6.285562e-09  -1.376384e-07  -4.740012e-07  +1.778751e-08  -1.562300e-06  +1.928729e-06  -8.581795e-08  +3.563770e-07  -1.833395e-04  -2.113345e-08  +3.071748e-08  -1.020603e-04  -6.175172e-08  +1.980447e-08  -2.556562e-04  -2.826412e-09  +1.222039e-07  +1.795479e-05  
-4.661179e-05  +6.118063e-04  +3.411639e-04  +1.367270e-02  -2.819804e-03  -1.536160e-03  -1.488169e-04  -1.035949e-03  +1.135594e-05  +3.468696e-03  -2.197636e-02  -8.711704e-05  -1.833395e-04  +1.959520e+00  +5.392024e-05  -1.478242e-04  -5.014048e-01  +2.023380e-04  -1.566487e-04  +2.037224e+00  -6.455283e-06  +9.480589e-05  -6.505788e-01  
-6.532999e-08  +1.815375e-07  +1.526833e-07  -1.364851e-06  +1.231530e-06  +1.041763e-07  +4.342025e-07  -1.293622e-06  -9.735887e-09  -6.081434e-07  +1.478064e-07  -7.427439e-08  -2.113345e-08  +5.392024e-05  +3.221882e-07  +8.579647e-08  -9.447839e-05  -4.380372e-08  -3.648678e-08  -3.566081e-05  +7.417113e-08  -1.172272e-07  -1.300532e-04  
+4.843728e-08  -1.646328e-08  +9.454737e-07  +5.577405e-07  +5.683550e-07  +1.440916e-07  -1.157168e-07  -8.410073e-07  -2.294437e-08  +2.487809e-06  -3.578226e-06  -2.694441e-08  +3.071748e-08  -1.478242e-04  +8.579647e-08  +2.813331e-07  +5.199735e-05  -3.049735e-08  +3.846967e-08  +2.764635e-04  +1.512099e-08  +1.305131e-08  +2.740669e-04  
+3.563074e-04  -1.409946e-04  +5.521992e-03  +2.672835e-03  -1.610515e-04  +2.828245e-04  +7.455710e-05  -8.507547e-03  -1.988693e-04  +1.902274e-02  -2.148315e-02  +1.857946e-04  -1.020603e-04  -5.014048e-01  -9.447839e-05  +5.199735e-05  +1.579975e+00  -6.334337e-05  +2.100175e-05  +2.750836e+00  -1.549136e-04  +3.672880e-04  +2.850463e+00  
+4.701612e-08  +1.169992e-07  -1.133530e-07  +2.552374e-06  -9.776833e-07  -2.118255e-07  +4.895641e-07  +9.599066e-08  -1.496976e-08  +1.840678e-07  -2.414767e-06  -1.655045e-07  -6.175172e-08  +2.023380e-04  -4.380372e-08  -3.049735e-08  -6.334337e-05  +2.967028e-07  +4.339120e-08  +1.456196e-04  +1.152264e-07  -3.885059e-08  -1.425572e-04  
-2.338310e-09  +1.672282e-08  -9.122400e-08  +5.150833e-07  -1.641733e-07  +6.778345e-08  +1.049854e-07  +1.421988e-06  -1.287638e-08  +2.547194e-07  +2.265955e-07  -5.675768e-08  +1.980447e-08  -1.566487e-04  -3.648678e-08  +3.846967e-08  +2.100175e-05  +4.339120e-08  +1.968055e-07  -1.668346e-04  +3.225272e-08  +1.465709e-08  +1.729472e-04  
+7.190076e-04  +2.199867e-04  +1.669356e-02  +3.753864e-02  -2.364435e-03  -2.657552e-03  -2.284501e-04  -2.621650e-02  -5.508857e-04  +6.032629e-02  -1.093931e-01  +4.539014e-04  -2.556562e-04  +2.037224e+00  -3.566081e-05  +2.764635e-04  +2.750836e+00  +1.456196e-04  -1.668346e-04  +1.369500e+01  -6.776040e-04  +1.573186e-03  +7.491673e+00  
+1.495244e-07  +9.601822e-08  -7.519784e-07  -5.767296e-07  +3.412454e-07  +1.792330e-07  +6.031645e-07  -2.748447e-07  +9.823786e-09  -2.780850e-06  +4.694202e-06  -1.873485e-07  -2.826412e-09  -6.455283e-06  +7.417113e-08  +1.512099e-08  -1.549136e-04  +1.152264e-07  +3.225272e-08  -6.776040e-04  +3.014966e-07  -1.704202e-07  -4.454492e-04  
-7.385073e-09  +7.001877e-08  +1.185614e-06  +4.083537e-06  -8.264047e-07  -4.258677e-07  -7.397796e-07  -1.730388e-06  -4.337922e-08  +7.700794e-06  -1.419964e-05  +1.524335e-07  +1.222039e-07  +9.480589e-05  -1.172272e-07  +1.305131e-08  +3.672880e-04  -3.885059e-08  +1.465709e-08  +1.573186e-03  -1.704202e-07  +5.156663e-07  +1.065736e-03  
+7.369832e-04  -1.613733e-04  +1.199439e-02  +1.175752e-02  +9.454610e-04  -1.663361e-04  +2.143090e-04  -1.931564e-02  -4.926295e-04  +4.556849e-02  -5.848102e-02  +3.413474e-04  +1.795479e-05  -6.505788e-01  -1.300532e-04  +2.740669e-04  +2.850463e+00  -1.425572e-04  +1.729472e-04  +7.491673e+00  -4.454492e-04  +1.065736e-03  +7.062482e+00  
