mean:
+3.982072e+00  +3.940565e+00  +6.423547e-01  -1.117538e+00  +1.668790e+00  +5.003197e-01  +9.103581e-01  +2.060178e+00  +1.490881e-01  +1.969923e+00  +4.858524e+00  +1.839207e+00  +2.983678e+00  +8.081952e+02  +4.959897e+00  +4.480195e+00  +2.007201e+03  
covariance:
+2.893531e-06  +1.689348e-07  -1.611282e-06  -1.581948e-05  +1.024939e-05  -1.641648e-06  -2.623279e-06  -1.299574e-06  +4.625921e-07  +3.383913e-06  -5.404338e-05  +1.551633e-07  -1.695005e-08  +2.824713e-03  +1.961020e-08  +6.404166e-10  +6.380057e-03  
+1.689348e-07  +3.053691e-06  +2.595484e-06  +1.493565e-05  -1.141315e-05  +1.441955e-06  +3.474316e-06  +4.632769e-06  -1.826782e-07  -5.859694e-06  +6.092637e-05  -1.842409e-07  +4.346087e-08  -2.988794e-03  +5.576540e-08  +9.500783e-08  -7.775511e-03  
-1.611282e-06  +2.595484e-06  +1.491242e-05  +3.574004e-05  -2.301658e-05  +4.548584e-06  +1.056753e-05  +1.138152e-06  -9.953193e-07  -1.469385e-05  +1.460146e-04  +1.896369e-08  +5.290088e-09  -8.715850e-03  +2.268080e-07  +9.370890e-08  -2.356128e-02  
-1.581948e-05  +1.493565e-05  +3.574004e-05  +5.613149e-04  -2.888017e-04  +4.031138e-05  +9.323214e-05  +5.459430e-05  -2.123766e-05  -3.479967e-05  +1.336602e-03  -3.460575e-06  -4.454326e-07  -6.693507e-02  +9.466846e-07  +1.377517e-06  -1.555991e-01  
+1.024939e-05  -1.141315e-05  -2.301658e-05  -2.888017e-04  +2.683748e-04  -2.265041e-05  -5.305445e-05  -6.683382e-05  +9.031081e-06  +5.898325e-05  -9.319168e-04  +4.876342e-06  -8.706607e-07  +4.389876e-02  -6.489654e-07  -8.385054e-07  +1.170275e-01  
-1.641648e-06  +1.441955e-06  +4.548584e-06  +4.031138e-05  -2.265041e-05  +5.216093e-06  +1.057118e-05  -2.976981e-06  -1.921995e-06  -5.741001e-06  +1.258492e-04  -9.488932e-08  -4.066559e-08  -6.415980e-03  +6.060807e-08  +1.295012e-07  -1.781675e-02  
-2.623279e-06  +3.474316e-06  +1.056753e-05  +9.323214e-05  -5.305445e-05  +1.057118e-05  +2.993030e-05  +4.102934e-06  -4.370313e-06  -1.629085e-05  +2.624828e-04  -2.295491e-07  -8.603399e-08  -1.272103e-02  +1.926762e-07  +1.931851e-07  -4.189952e-02  
-1.299574e-06  +4.632769e-06  +1.138152e-06  +5.459430e-05  -6.683382e-05  -2.976981e-06  +4.102934e-06  +1.888798e-04  +6.287836e-06  -6.551712e-05  +1.786051e-04  -2.699286e-06  +1.250748e-06  -2.972166e-03  -6.218482e-07  -1.063332e-06  -2.661882e-02  
+4.625921e-07  -1.826782e-07  -9.953193e-07  -2.123766e-05  +9.031081e-06  -1.921995e-06  -4.370313e-06  +6.287836e-06  +2.136616e-06  -6.652278e-06  -4.635744e-05  +1.080969e-08  +5.198077e-08  +2.745833e-03  -7.966203e-08  -1.675363e-07  +3.953025e-03  
+3.383913e-06  -5.859694e-06  -1.469385e-05  -3.479967e-05  +5.898325e-05  -5.741001e-06  -1.629085e-05  -6.551712e-05  -6.652278e-06  +9.021217e-05  -2.791681e-04  +1.407431e-06  -6.895851e-07  +1.103817e-02  +2.187439e-08  +7.654295e-07  +5.486538e-02  
-5.404338e-05  +6.092637e-05  +1.460146e-04  +1.336602e-03  -9.319168e-04  +1.258492e-04  +2.624828e-04  +1.786051e-04  -4.635744e-05  -2.791681e-04  +4.666540e-03  -1.411642e-05  +3.702656e-06  -2.379912e-01  +3.750445e-06  +4.449409e-06  -5.507172e-01  
+1.551633e-07  -1.842409e-07  +1.896369e-08  -3.460575e-06  +4.876342e-06  -9.488932e-08  -2.295491e-07  -2.699286e-06  +1.080969e-08  +1.407431e-06  -1.411642e-05  +2.870964e-07  -1.229258e-08  +5.788578e-04  -1.014449e-08  -1.476105e-08  +1.232952e-03  
-1.695005e-08  +4.346087e-08  +5.290088e-09  -4.454326e-07  -8.706607e-07  -4.066559e-08  -8.603399e-08  +1.250748e-06  +5.198077e-08  -6.895851e-07  +3.702656e-06  -1.229258e-08  +2.433047e-07  -1.640554e-04  -1.338694e-08  -1.511368e-08  -2.415247e-04  
+2.824713e-03  -2.988794e-03  -8.715850e-03  -6.693507e-02  +4.389876e-02  -6.415980e-03  -1.272103e-02  -2.972166e-03  +2.745833e-03  +1.103817e-02  -2.379912e-01  +5.788578e-04  -1.640554e-04  +1.324882e+01  -2.452735e-04  -2.681440e-04  +2.650538e+01  
+1.961020e-08  +5.576540e-08  +2.268080e-07  +9.466846e-07  -6.489654e-07  +6.060807e-08  +1.926762e-07  -6.218482e-07  -7.966203e-08  +2.187439e-08  +3.750445e-06  -1.014449e-08  -1.338694e-08  -2.452735e-04  +1.244124e-07  -1.868638e-09  -3.361731e-04  
+6.404166e-10  +9.500783e-08  +9.370890e-08  +1.377517e-06  -8.385054e-07  +1.295012e-07  +1.931851e-07  -1.063332e-06  -1.675363e-07  +7.654295e-07  +4.449409e-06  -1.476105e-08  -1.511368e-08  -2.681440e-04  -1.868638e-09  +1.740221e-07  -2.660870e-04  
+6.380057e-03  -7.775511e-03  -2.356128e-02  -1.555991e-01  +1.170275e-01  -1.781675e-02  -4.189952e-02  -2.661882e-02  +3.953025e-03  +5.486538e-02  -5.507172e-01  +1.232952e-03  -2.415247e-04  +2.650538e+01  -3.361731e-04  -2.660870e-04  +8.751510e+01  
