mean:
+3.982021e+00  +3.953501e+00  +8.429401e-01  +1.297360e+00  +1.405124e+00  +4.001723e-01  +8.055164e-01  +1.405041e+00  +1.706699e-01  +1.861232e+00  +5.979857e+00  +3.591701e+00  +2.697819e+00  +2.025766e+02  +4.309358e+00  +5.293358e+00  +2.776604e+02  +5.452657e+00  +3.739127e+00  +3.240052e+02  +2.640319e+00  +4.559151e+00  +3.959259e+02  
covariance:
+9.154260e-07  +1.238584e-07  +4.357802e-07  +3.527065e-07  +5.365286e-08  +1.478490e-07  +1.530262e-07  +2.584676e-06  -6.987091e-07  +3.218593e-06  +1.314883e-07  +1.174386e-08  -1.049150e-07  -2.611391e-04  -1.367902e-07  +9.926343e-09  +6.002727e-06  +2.285155e-08  -1.115907e-07  +9.069637e-05  +2.665053e-08  -6.035501e-08  +3.640235e-04  
+1.238584e-07  +1.094037e-06  -4.615651e-07  -6.122646e-07  +2.071095e-08  +1.304136e-07  -1.262945e-08  -7.934572e-07  -1.535738e-07  +1.824726e-06  +6.794736e-07  +2.569382e-08  -9.011201e-08  +4.754768e-05  -1.145974e-07  -3.292591e-08  -8.124018e-05  +1.094465e-07  -8.018809e-08  +4.065336e-05  +7.579641e-08  +3.086185e-08  +2.725409e-04  
+4.357802e-07  -4.615651e-07  +3.310796e-05  -1.631733e-05  +4.467390e-06  +1.824382e-06  +2.920626e-06  +3.111217e-05  -5.476688e-06  +4.245078e-05  -2.034334e-05  +1.379392e-06  +7.908024e-07  -3.041715e-03  -2.206130e-06  -1.466776e-06  +2.308099e-05  -2.827944e-07  -1.328322e-06  +1.060378e-03  -8.878432e-07  -4.142886e-07  +3.465681e-03  
+3.527065e-07  -6.122646e-07  -1.631733e-05  +1.361373e-04  -1.094936e-05  -5.553618e-06  -1.196644e-06  -8.701616e-05  +2.798852e-05  -2.175671e-04  -4.671458e-05  -5.069507e-06  +3.510271e-06  -2.283602e-03  +2.109496e-05  -2.410723e-06  -4.136135e-03  -2.797702e-06  +1.533279e-05  -1.013334e-02  -5.099041e-07  +4.615293e-09  -3.522239e-02  
+5.365286e-08  +2.071095e-08  +4.467390e-06  -1.094936e-05  +3.209146e-05  +1.591746e-06  +4.009925e-06  +3.231616e-05  -5.665635e-06  +4.438024e-05  -1.197513e-05  +1.295334e-06  -1.322396e-06  -6.436890e-04  -1.120905e-05  +1.079871e-07  -2.971575e-04  +1.057299e-06  -9.388447e-06  +1.638670e-03  +1.475462e-06  +2.983137e-07  +2.199465e-03  
+1.478490e-07  +1.304136e-07  +1.824382e-06  -5.553618e-06  +1.591746e-06  +1.934021e-06  +1.506402e-06  +1.254406e-05  -1.906865e-06  +1.394444e-05  -1.800502e-06  +4.027705e-07  -6.110809e-07  -6.179901e-04  -1.561855e-06  -2.444487e-07  -5.076053e-04  +3.182988e-07  -6.039512e-07  +1.091689e-04  +2.555011e-07  -2.163633e-07  -6.291668e-05  
+1.530262e-07  -1.262945e-08  +2.920626e-06  -1.196644e-06  +4.009925e-06  +1.506402e-06  +1.176200e-05  +2.134703e-05  -1.197583e-06  +1.117087e-06  -2.271683e-05  +4.728377e-07  +1.626593e-06  -1.130853e-03  -3.331620e-06  +3.059100e-07  -2.710868e-03  +1.150576e-06  -3.108619e-06  +1.073602e-03  -2.854755e-07  +2.860742e-07  -4.040430e-03  
+2.584676e-06  -7.934572e-07  +3.111217e-05  -8.701616e-05  +3.231616e-05  +1.254406e-05  +2.134703e-05  +3.761883e-04  -3.854693e-05  +2.835824e-04  -2.085376e-05  +7.640111e-06  -8.820344e-06  -1.641942e-02  -4.198667e-05  -6.063089e-08  -4.185522e-04  +3.683688e-06  -3.114199e-05  +1.814876e-02  +1.641281e-06  -2.319669e-06  +2.686371e-02  
-6.987091e-07  -1.535738e-07  -5.476688e-06  +2.798852e-05  -5.665635e-06  -1.906865e-06  -1.197583e-06  -3.854693e-05  +1.368330e-05  -1.005653e-04  -1.734923e-05  -1.268092e-06  +1.326998e-06  -2.994910e-04  +1.042705e-05  -1.296311e-06  -2.458671e-03  -1.493238e-06  +9.067052e-06  -5.101555e-03  -7.913950e-07  +9.696033e-07  -1.585725e-02  
+3.218593e-06  +1.824726e-06  +4.245078e-05  -2.175671e-04  +4.438024e-05  +1.394444e-05  +1.117087e-06  +2.835824e-04  -1.005653e-04  +7.788900e-04  +1.326500e-04  +9.732441e-06  -1.151611e-05  +2.683492e-03  -7.962531e-05  +9.374089e-06  +2.079227e-02  +1.105689e-05  -6.959289e-05  +3.890052e-02  +6.272976e-06  -7.379078e-06  +1.245770e-01  
+1.314883e-07  +6.794736e-07  -2.034334e-05  -4.671458e-05  -1.197513e-05  -1.800502e-06  -2.271683e-05  -2.085376e-05  -1.734923e-05  +1.326500e-04  +1.733208e-04  -6.531991e-07  -2.610113e-06  +1.016282e-02  -2.263911e-06  +4.775609e-06  +9.748701e-03  -8.028985e-08  +8.162029e-08  +5.126152e-03  +2.533186e-06  -2.397953e-06  +3.761905e-02  
+1.174386e-08  +2.569382e-08  +1.379392e-06  -5.069507e-06  +1.295334e-06  +4.027705e-07  +4.728377e-07  +7.640111e-06  -1.268092e-06  +9.732441e-06  -6.531991e-07  +8.408679e-07  -2.823283e-07  -3.164991e-04  -1.491311e-06  -3.200856e-08  -5.402840e-05  +2.286583e-07  -1.096340e-06  +4.886011e-04  -3.778498e-08  +1.315090e-07  +1.442922e-03  
-1.049150e-07  -9.011201e-08  +7.908024e-07  +3.510271e-06  -1.322396e-06  -6.110809e-07  +1.626593e-06  -8.820344e-06  +1.326998e-06  -1.151611e-05  -2.610113e-06  -2.823283e-07  +1.855091e-06  +4.876096e-04  +1.464133e-06  +4.430334e-07  -9.443362e-05  -2.027469e-07  +9.190501e-07  -7.749550e-05  -4.924390e-07  +7.816135e-08  -1.249678e-03  
-2.611391e-04  +4.754768e-05  -3.041715e-03  -2.283602e-03  -6.436890e-04  -6.179901e-04  -1.130853e-03  -1.641942e-02  -2.994910e-04  +2.683492e-03  +1.016282e-02  -3.164991e-04  +4.876096e-04  +2.273415e+00  +1.130592e-04  +5.421081e-04  +1.038504e+00  +1.696332e-04  -6.070649e-05  +1.770304e-01  +8.095621e-05  -9.097963e-05  +2.472776e+00  
-1.367902e-07  -1.145974e-07  -2.206130e-06  +2.109496e-05  -1.120905e-05  -1.561855e-06  -3.331620e-06  -4.198667e-05  +1.042705e-05  -7.962531e-05  -2.263911e-06  -1.491311e-06  +1.464133e-06  +1.130592e-04  +1.300092e-05  -9.610790e-07  -1.222099e-03  -1.799689e-06  +1.098985e-05  -4.859137e-03  -7.206082e-07  +4.003903e-07  -1.112600e-02  
+9.926343e-09  -3.292591e-08  -1.466776e-06  -2.410723e-06  +1.079871e-07  -2.444487e-07  +3.059100e-07  -6.063089e-08  -1.296311e-06  +9.374089e-06  +4.775609e-06  -3.200856e-08  +4.430334e-07  +5.421081e-04  -9.610790e-07  +1.355170e-06  +6.007888e-04  +6.283267e-08  -1.291043e-06  +9.900852e-04  -1.095246e-07  -6.761724e-08  +1.772114e-03  
+6.002727e-06  -8.124018e-05  +2.308099e-05  -4.136135e-03  -2.971575e-04  -5.076053e-04  -2.710868e-03  -4.185522e-04  -2.458671e-03  +2.079227e-02  +9.748701e-03  -5.402840e-05  -9.443362e-05  +1.038504e+00  -1.222099e-03  +6.007888e-04  +2.692881e+00  -1.709332e-05  -1.351119e-03  +1.227125e+00  +8.564243e-05  -4.153087e-04  +5.613816e+00  
+2.285155e-08  +1.094465e-07  -2.827944e-07  -2.797702e-06  +1.057299e-06  +3.182988e-07  +1.150576e-06  +3.683688e-06  -1.493238e-06  +1.105689e-05  -8.028985e-08  +2.286583e-07  -2.027469e-07  +1.696332e-04  -1.799689e-06  +6.283267e-08  -1.709332e-05  +1.038310e-06  -1.696005e-06  +6.881831e-04  +5.667993e-08  +9.299062e-08  +1.544310e-03  
-1.115907e-07  -8.018809e-08  -1.328322e-06  +1.533279e-05  -9.388447e-06  -6.039512e-07  -3.108619e-06  -3.114199e-05  +9.067052e-06  -6.959289e-05  +8.162029e-08  -1.096340e-06  +9.190501e-07  -6.070649e-05  +1.098985e-05  -1.291043e-06  -1.351119e-03  -1.696005e-06  +1.072096e-05  -4.768068e-03  -5.291157e-07  +3.740076e-07  -1.050533e-02  
+9.069637e-05  +4.065336e-05  +1.060378e-03  -1.013334e-02  +1.638670e-03  +1.091689e-04  +1.073602e-03  +1.814876e-02  -5.101555e-03  +3.890052e-02  +5.126152e-03  +4.886011e-04  -7.749550e-05  +1.770304e-01  -4.859137e-03  +9.900852e-04  +1.227125e+00  +6.881831e-04  -4.768068e-03  +3.450215e+00  -3.081996e-06  -3.121090e-04  +7.147284e+00  
+2.665053e-08  +7.579641e-08  -8.878432e-07  -5.099041e-07  +1.475462e-06  +2.555011e-07  -2.854755e-07  +1.641281e-06  -7.913950e-07  +6.272976e-06  +2.533186e-06  -3.778498e-08  -4.924390e-07  +8.095621e-05  -7.206082e-07  -1.095246e-07  +8.564243e-05  +5.667993e-08  -5.291157e-07  -3.081996e-06  +6.513776e-07  -4.087468e-09  +7.438372e-04  
-6.035501e-08  +3.086185e-08  -4.142886e-07  +4.615293e-09  +2.983137e-07  -2.163633e-07  +2.860742e-07  -2.319669e-06  +9.696033e-07  -7.379078e-06  -2.397953e-06  +1.315090e-07  +7.816135e-08  -9.097963e-05  +4.003903e-07  -6.761724e-08  -4.153087e-04  +9.299062e-08  +3.740076e-07  -3.121090e-04  -4.087468e-09  +5.983338e-07  -1.089973e-03  
+3.640235e-04  +2.725409e-04  +3.465681e-03  -3.522239e-02  +2.199465e-03  -6.291668e-05  -4.040430e-03  +2.686371e-02  -1.585725e-02  +1.245770e-01  +3.761905e-02  +1.442922e-03  -1.249678e-03  +2.472776e+00  -1.112600e-02  +1.772114e-03  +5.613816e+00  +1.544310e-03  -1.050533e-02  +7.147284e+00  +7.438372e-04  -1.089973e-03  +2.638076e+01  
