mean:
+3.943716e+00  +3.933183e+00  +8.734199e-01  +1.298829e+00  +1.418608e+00  +5.060462e-01  +7.967064e-01  +1.387701e+00  +1.708562e-01  +1.823047e+00  +5.981799e+00  +3.530434e+00  +2.656698e+00  +2.011823e+02  +4.292253e+00  +5.295136e+00  +2.779012e+02  +5.393404e+00  +3.763723e+00  +3.222623e+02  +2.639796e+00  +4.560042e+00  +3.927728e+02  
covariance:
+7.372998e-07  -3.652992e-07  -1.428247e-06  -2.899285e-06  -1.126704e-06  -3.775895e-07  -1.332534e-06  -6.493914e-06  +1.137107e-06  -4.990205e-06  +3.620723e-06  +6.125007e-07  +7.554617e-07  -5.917320e-04  +1.296193e-06  -3.279629e-07  -2.347229e-04  +5.566678e-07  +1.249128e-06  -3.665513e-04  -2.812318e-08  +8.127438e-08  -3.056645e-04  
-3.652992e-07  +7.928572e-06  +1.801062e-05  -4.388546e-06  +8.374784e-06  +2.849684e-06  +1.440217e-06  -1.069220e-05  -1.027289e-06  +1.682009e-05  -1.827868e-06  -8.150847e-06  -1.201081e-05  +3.561795e-04  -1.941146e-05  +1.249052e-06  -1.128373e-03  -9.263384e-06  -2.024114e-05  +2.173688e-03  +2.844081e-07  +2.151735e-07  +3.291651e-03  
-1.428247e-06  +1.801062e-05  +1.512627e-04  +1.252447e-05  +6.991294e-05  +2.844543e-05  +2.740554e-05  +9.643914e-05  -2.601291e-05  +2.265073e-04  -1.164987e-04  -5.744251e-05  -8.100206e-05  +1.590033e-02  -1.395572e-04  +1.201163e-05  +1.990929e-03  -6.335949e-05  -1.370160e-04  +2.164858e-02  -1.065566e-07  -5.290608e-06  +2.445265e-02  
-2.899285e-06  -4.388546e-06  +1.252447e-05  +3.881605e-04  -3.629813e-05  +5.348876e-06  +6.638054e-05  +1.983173e-04  -2.754229e-05  +1.283495e-04  -5.763141e-05  -9.405754e-06  -3.261114e-06  +3.558025e-02  -1.190672e-05  +9.279931e-06  -6.208949e-03  +1.490070e-06  -1.755835e-05  +9.140037e-03  -1.509380e-06  +2.564851e-06  +1.347006e-02  
-1.126704e-06  +8.374784e-06  +6.991294e-05  -3.629813e-05  +9.579970e-05  +1.432495e-05  +1.971926e-05  +9.165502e-05  -1.576881e-05  +1.312002e-04  -7.958097e-05  -2.809234e-05  -3.968443e-05  +7.988651e-03  -6.927564e-05  +7.440498e-06  +4.315514e-03  -3.303274e-05  -6.553249e-05  +1.290837e-02  +2.741865e-06  -3.357251e-06  +1.124659e-02  
-3.775895e-07  +2.849684e-06  +2.844543e-05  +5.348876e-06  +1.432495e-05  +8.111006e-06  +7.215306e-06  +1.193520e-05  -6.542899e-06  +5.309097e-05  -3.081272e-05  -1.242779e-05  -1.747516e-05  +3.504429e-03  -2.964041e-05  +3.421919e-06  +1.249058e-03  -1.311712e-05  -2.810193e-05  +3.794156e-03  +1.239943e-07  -1.627952e-06  +5.076421e-03  
-1.332534e-06  +1.440217e-06  +2.740554e-05  +6.638054e-05  +1.971926e-05  +7.215306e-06  +3.044646e-05  +1.013725e-04  -1.488180e-05  +9.006007e-05  -5.041432e-05  -1.204113e-05  -1.458260e-05  +1.161224e-02  -2.644844e-05  +5.791603e-06  +2.543608e-03  -1.033301e-05  -2.504871e-05  +8.066069e-03  +1.492804e-06  -7.662549e-07  +6.899649e-03  
-6.493914e-06  -1.069220e-05  +9.643914e-05  +1.983173e-04  +9.165502e-05  +1.193520e-05  +1.013725e-04  +7.367054e-04  -5.907434e-05  +3.718924e-04  -2.475500e-04  -2.358981e-05  -2.741310e-05  +4.915306e-02  -5.129961e-05  +1.941193e-05  +2.115115e-02  -1.848209e-05  -4.271841e-05  +3.624109e-02  +3.796386e-06  -3.765748e-06  +1.868155e-02  
+1.137107e-06  -1.027289e-06  -2.601291e-05  -2.754229e-05  -1.576881e-05  -6.542899e-06  -1.488180e-05  -5.907434e-05  +1.083634e-05  -6.881867e-05  +3.636645e-05  +1.068870e-05  +1.410236e-05  -6.847326e-03  +2.474236e-05  -3.912987e-06  -2.131439e-03  +1.051729e-05  +2.322962e-05  -5.284355e-03  -4.186392e-07  +1.357331e-06  -5.270833e-03  
-4.990205e-06  +1.682009e-05  +2.265073e-04  +1.283495e-04  +1.312002e-04  +5.309097e-05  +9.006007e-05  +3.718924e-04  -6.881867e-05  +5.152363e-04  -2.739327e-04  -9.269782e-05  -1.258293e-04  +4.415314e-02  -2.179524e-04  +2.846699e-05  +1.446571e-02  -9.541480e-05  -2.071774e-04  +4.000170e-02  +2.604028e-06  -1.130255e-05  +4.224619e-02  
+3.620723e-06  -1.827868e-06  -1.164987e-04  -5.763141e-05  -7.958097e-05  -3.081272e-05  -5.041432e-05  -2.475500e-04  +3.636645e-05  -2.739327e-04  +2.389933e-04  +4.753780e-05  +6.339142e-05  -2.465805e-02  +1.104733e-04  -1.658724e-05  -1.332580e-02  +4.741060e-05  +1.040168e-04  -2.285854e-02  -2.143238e-06  +8.255574e-06  -2.000401e-02  
+6.125007e-07  -8.150847e-06  -5.744251e-05  -9.405754e-06  -2.809234e-05  -1.242779e-05  -1.204113e-05  -2.358981e-05  +1.068870e-05  -9.269782e-05  +4.753780e-05  +2.494475e-05  +3.411315e-05  -5.929956e-03  +5.878734e-05  -5.388486e-06  -6.919856e-04  +2.649455e-05  +5.779503e-05  -8.061152e-03  -3.487621e-07  +2.170220e-06  -1.005453e-02  
+7.554617e-07  -1.201081e-05  -8.100206e-05  -3.261114e-06  -3.968443e-05  -1.747516e-05  -1.458260e-05  -2.741310e-05  +1.410236e-05  -1.258293e-04  +6.339142e-05  +3.411315e-05  +4.876283e-05  -7.588208e-03  +8.196551e-05  -7.588455e-06  -8.526656e-04  +3.731084e-05  +8.055171e-05  -1.112944e-02  -4.002755e-07  +2.798102e-06  -1.397684e-02  
-5.917320e-04  +3.561795e-04  +1.590033e-02  +3.558025e-02  +7.988651e-03  +3.504429e-03  +1.161224e-02  +4.915306e-02  -6.847326e-03  +4.415314e-02  -2.465805e-02  -5.929956e-03  -7.588208e-03  +6.779851e+00  -1.375532e-02  +2.533232e-03  +6.128141e-01  -5.647377e-03  -1.350670e-02  +3.694149e+00  +2.650980e-04  -5.869735e-04  +3.613853e+00  
+1.296193e-06  -1.941146e-05  -1.395572e-04  -1.190672e-05  -6.927564e-05  -2.964041e-05  -2.644844e-05  -5.129961e-05  +2.474236e-05  -2.179524e-04  +1.104733e-04  +5.878734e-05  +8.196551e-05  -1.375532e-02  +1.414714e-04  -1.247402e-05  -1.169212e-03  +6.429613e-05  +1.391091e-04  -1.937840e-02  -6.188984e-07  +5.450056e-06  -2.400208e-02  
-3.279629e-07  +1.249052e-06  +1.201163e-05  +9.279931e-06  +7.440498e-06  +3.421919e-06  +5.791603e-06  +1.941193e-05  -3.912987e-06  +2.846699e-05  -1.658724e-05  -5.388486e-06  -7.588455e-06  +2.533232e-03  -1.247402e-05  +2.224957e-06  +8.712136e-04  -5.358784e-06  -1.181841e-05  +2.240892e-03  +1.755020e-07  -4.586681e-07  +2.359347e-03  
-2.347229e-04  -1.128373e-03  +1.990929e-03  -6.208949e-03  +4.315514e-03  +1.249058e-03  +2.543608e-03  +2.115115e-02  -2.131439e-03  +1.446571e-02  -1.332580e-02  -6.919856e-04  -8.526656e-04  +6.128141e-01  -1.169212e-03  +8.712136e-04  +2.248866e+00  -3.260927e-04  +9.622095e-05  +7.592773e-01  +1.657856e-04  -5.880198e-04  +1.460141e-01  
+5.566678e-07  -9.263384e-06  -6.335949e-05  +1.490070e-06  -3.303274e-05  -1.311712e-05  -1.033301e-05  -1.848209e-05  +1.051729e-05  -9.541480e-05  +4.741060e-05  +2.649455e-05  +3.731084e-05  -5.647377e-03  +6.429613e-05  -5.358784e-06  -3.260927e-04  +2.995270e-05  +6.343508e-05  -8.587391e-03  -3.390915e-07  +2.570087e-06  -1.071333e-02  
+1.249128e-06  -2.024114e-05  -1.370160e-04  -1.755835e-05  -6.553249e-05  -2.810193e-05  -2.504871e-05  -4.271841e-05  +2.322962e-05  -2.071774e-04  +1.040168e-04  +5.779503e-05  +8.055171e-05  -1.350670e-02  +1.391091e-04  -1.181841e-05  +9.622095e-05  +6.343508e-05  +1.385114e-04  -1.892792e-02  -3.746051e-07  +4.970694e-06  -2.367519e-02  
-3.665513e-04  +2.173688e-03  +2.164858e-02  +9.140037e-03  +1.290837e-02  +3.794156e-03  +8.066069e-03  +3.624109e-02  -5.284355e-03  +4.000170e-02  -2.285854e-02  -8.061152e-03  -1.112944e-02  +3.694149e+00  -1.937840e-02  +2.240892e-03  +7.592773e-01  -8.587391e-03  -1.892792e-02  +5.055733e+00  +6.152922e-04  -5.509476e-04  +3.658032e+00  
-2.812318e-08  +2.844081e-07  -1.065566e-07  -1.509380e-06  +2.741865e-06  +1.239943e-07  +1.492804e-06  +3.796386e-06  -4.186392e-07  +2.604028e-06  -2.143238e-06  -3.487621e-07  -4.002755e-07  +2.650980e-04  -6.188984e-07  +1.755020e-07  +1.657856e-04  -3.390915e-07  -3.746051e-07  +6.152922e-04  +8.561708e-07  +8.482173e-08  +9.262952e-05  
+8.127438e-08  +2.151735e-07  -5.290608e-06  +2.564851e-06  -3.357251e-06  -1.627952e-06  -7.662549e-07  -3.765748e-06  +1.357331e-06  -1.130255e-05  +8.255574e-06  +2.170220e-06  +2.798102e-06  -5.869735e-04  +5.450056e-06  -4.586681e-07  -5.880198e-04  +2.570087e-06  +4.970694e-06  -5.509476e-04  +8.482173e-08  +1.129918e-06  -7.732376e-04  
-3.056645e-04  +3.291651e-03  +2.445265e-02  +1.347006e-02  +1.124659e-02  +5.076421e-03  +6.899649e-03  +1.868155e-02  -5.270833e-03  +4.224619e-02  -2.000401e-02  -1.005453e-02  -1.397684e-02  +3.613853e+00  -2.400208e-02  +2.359347e-03  +1.460141e-01  -1.071333e-02  -2.367519e-02  +3.658032e+00  +9.262952e-05  -7.732376e-04  +4.933974e+00  
