mean:
+3.967925e+00  +3.992555e+00  +8.379200e-01  +1.296041e+00  +1.208706e+00  +4.088191e-01  +8.201188e-01  +1.343293e+00  +1.751337e-01  +1.898734e+00  +5.813086e+00  +3.612887e+00  +2.919599e+00  +2.155858e+02  +4.262040e+00  +5.129782e+00  +2.966696e+02  +5.235918e+00  +3.830220e+00  +3.396588e+02  +2.800707e+00  +4.480807e+00  +4.061245e+02  
covariance:
+1.853528e-06  +4.302990e-07  +3.176811e-06  -1.930682e-06  +2.639986e-06  +4.090724e-06  -1.048264e-06  -1.073745e-05  -2.850853e-06  +2.375225e-05  -8.733683e-05  +1.018622e-06  +6.084734e-07  +4.342421e-03  -1.559654e-06  +1.708054e-07  +7.898916e-03  -1.263386e-07  -4.108617e-07  +7.872782e-03  +6.114182e-08  +2.891367e-07  +5.380180e-03  
+4.302990e-07  +3.068153e-06  -1.285090e-07  -1.947531e-06  +6.655045e-07  +1.728540e-06  -3.713700e-07  -3.618609e-06  -1.739196e-06  +1.290870e-05  -3.287570e-05  +5.027302e-07  -2.199791e-08  +1.611678e-03  -1.005474e-06  -8.890627e-08  +2.854952e-03  +1.452775e-07  -2.643602e-07  +2.875209e-03  +2.469041e-07  -2.699630e-07  +2.085412e-03  
+3.176811e-06  -1.285090e-07  +3.549802e-05  +1.099519e-05  +1.331430e-05  +1.439870e-05  -1.135137e-05  -3.797099e-05  -3.386262e-06  +5.602108e-05  -3.251450e-04  +4.817666e-06  +2.187378e-06  +1.741397e-02  -4.687568e-07  +4.876474e-07  +2.849982e-02  -1.834808e-06  -8.694925e-07  +3.042779e-02  -1.099483e-06  +4.294121e-06  +2.241966e-02  
-1.930682e-06  -1.947531e-06  +1.099519e-05  +1.174256e-04  +5.669448e-06  +1.507889e-06  +5.922867e-06  -1.570175e-05  +2.056516e-05  -1.387748e-04  +1.110190e-04  -4.329520e-06  -3.445579e-07  -1.382010e-03  +9.752737e-06  -1.968982e-06  -1.918091e-02  -9.818985e-07  +2.637551e-07  -1.098081e-02  +1.925176e-07  +5.218373e-06  -1.010424e-02  
+2.639986e-06  +6.655045e-07  +1.331430e-05  +5.669448e-06  +1.656291e-05  +1.689447e-05  -3.533158e-06  -3.959507e-05  -7.174626e-06  +7.083536e-05  -3.385287e-04  +3.475203e-06  +3.376923e-06  +1.753731e-02  -5.538187e-06  +6.401572e-07  +2.924213e-02  -7.841966e-07  -1.510573e-06  +3.063567e-02  +4.754996e-07  +1.593914e-06  +1.982857e-02  
+4.090724e-06  +1.728540e-06  +1.439870e-05  +1.507889e-06  +1.689447e-05  +2.652723e-05  -4.475476e-06  -5.784347e-05  -9.919758e-06  +9.991278e-05  -5.032370e-04  +5.271541e-06  +4.162417e-06  +2.536994e-02  -6.652759e-06  +5.158254e-07  +3.890338e-02  -5.179177e-07  -3.128079e-06  +4.220090e-02  +6.923640e-07  +1.792310e-06  +2.871625e-02  
-1.048264e-06  -3.713700e-07  -1.135137e-05  +5.922867e-06  -3.533158e-06  -4.475476e-06  +1.327681e-05  +8.117125e-06  -7.310462e-07  -1.863714e-05  +1.071554e-04  -3.078353e-06  -4.499516e-08  -5.006940e-03  -2.179758e-06  +7.165655e-08  -8.822420e-03  +9.680490e-07  +3.851896e-07  -1.062052e-02  +6.676800e-07  -1.180089e-06  -8.942726e-03  
-1.073745e-05  -3.618609e-06  -3.797099e-05  -1.570175e-05  -3.959507e-05  -5.784347e-05  +8.117125e-06  +3.354422e-04  +4.727674e-05  -3.781792e-04  +1.159180e-03  -1.393746e-05  -9.166079e-06  -6.344604e-02  +2.019234e-05  -3.015849e-06  -1.218821e-01  -2.779623e-07  +7.480827e-06  -1.175162e-01  -2.366653e-06  -8.782463e-06  -7.937474e-02  
-2.850853e-06  -1.739196e-06  -3.386262e-06  +2.056516e-05  -7.174626e-06  -9.919758e-06  -7.310462e-07  +4.727674e-05  +1.948842e-05  -1.309637e-04  +2.407659e-04  -3.393558e-06  -1.903908e-06  -1.228759e-02  +1.006830e-05  -1.452443e-06  -3.196235e-02  -7.615578e-07  +1.134791e-06  -2.705523e-02  -7.111810e-07  +1.311422e-06  -1.705529e-02  
+2.375225e-05  +1.290870e-05  +5.602108e-05  -1.387748e-04  +7.083536e-05  +9.991278e-05  -1.863714e-05  -3.781792e-04  -1.309637e-04  +9.711695e-04  -2.293792e-03  +3.209448e-05  +1.718300e-05  +1.151690e-01  -6.765789e-05  +9.852484e-06  +2.613645e-01  +2.396019e-06  -1.105686e-05  +2.362625e-01  +4.022457e-06  -3.904707e-06  +1.558076e-01  
-8.733683e-05  -3.287570e-05  -3.251450e-04  +1.110190e-04  -3.385287e-04  -5.032370e-04  +1.071554e-04  +1.159180e-03  +2.407659e-04  -2.293792e-03  +1.043214e-02  -1.098409e-04  -8.658547e-05  -5.148659e-01  +1.563155e-04  -1.836591e-05  -8.614364e-01  +1.605334e-05  +5.525840e-05  -8.987805e-01  -8.022031e-06  -3.946744e-05  -6.133952e-01  
+1.018622e-06  +5.027302e-07  +4.817666e-06  -4.329520e-06  +3.475203e-06  +5.271541e-06  -3.078353e-06  -1.393746e-05  -3.393558e-06  +3.209448e-05  -1.098409e-04  +2.287389e-06  +4.644263e-07  +5.602610e-03  -1.266126e-06  +1.375661e-07  +9.703781e-03  -1.173093e-07  -5.930445e-07  +1.007769e-02  +1.131744e-08  +1.520609e-07  +7.346685e-03  
+6.084734e-07  -2.199791e-08  +2.187378e-06  -3.445579e-07  +3.376923e-06  +4.162417e-06  -4.499516e-08  -9.166079e-06  -1.903908e-06  +1.718300e-05  -8.658547e-05  +4.644263e-07  +2.226359e-06  +4.628273e-03  -2.578467e-06  +4.861880e-07  +7.826768e-03  -1.325805e-07  -4.555361e-07  +8.491669e-03  +1.827412e-07  +5.522024e-07  +4.737010e-03  
+4.342421e-03  +1.611678e-03  +1.741397e-02  -1.382010e-03  +1.753731e-02  +2.536994e-02  -5.006940e-03  -6.344604e-02  -1.228759e-02  +1.151690e-01  -5.148659e-01  +5.602610e-03  +4.628273e-03  +2.723174e+01  -8.114375e-03  +9.994607e-04  +4.365255e+01  -7.800838e-04  -3.096450e-03  +4.621425e+01  +3.707886e-04  +2.131335e-03  +3.078916e+01  
-1.559654e-06  -1.005474e-06  -4.687568e-07  +9.752737e-06  -5.538187e-06  -6.652759e-06  -2.179758e-06  +2.019234e-05  +1.006830e-05  -6.765789e-05  +1.563155e-04  -1.266126e-06  -2.578467e-06  -8.114375e-03  +9.001073e-06  -1.078186e-06  -1.816796e-02  -1.783922e-07  +8.592666e-07  -1.640994e-02  -7.730398e-07  +2.844494e-07  -9.807689e-03  
+1.708054e-07  -8.890627e-08  +4.876474e-07  -1.968982e-06  +6.401572e-07  +5.158254e-07  +7.165655e-08  -3.015849e-06  -1.452443e-06  +9.852484e-06  -1.836591e-05  +1.375661e-07  +4.861880e-07  +9.994607e-04  -1.078186e-06  +1.014283e-06  +3.517649e-03  -4.721361e-08  -2.000860e-09  +2.897129e-03  -1.232969e-07  -4.401175e-08  +1.670020e-03  
+7.898916e-03  +2.854952e-03  +2.849982e-02  -1.918091e-02  +2.924213e-02  +3.890338e-02  -8.822420e-03  -1.218821e-01  -3.196235e-02  +2.613645e-01  -8.614364e-01  +9.703781e-03  +7.826768e-03  +4.365255e+01  -1.816796e-02  +3.517649e-03  +9.013992e+01  -5.199763e-04  -4.031966e-03  +8.643916e+01  +4.109351e-04  +2.019476e-03  +5.504013e+01  
-1.263386e-07  +1.452775e-07  -1.834808e-06  -9.818985e-07  -7.841966e-07  -5.179177e-07  +9.680490e-07  -2.779623e-07  -7.615578e-07  +2.396019e-06  +1.605334e-05  -1.173093e-07  -1.325805e-07  -7.800838e-04  -1.783922e-07  -4.721361e-08  -5.199763e-04  +9.793193e-07  +1.275229e-07  -1.072555e-03  +1.512432e-07  -4.464383e-07  -1.007499e-03  
-4.108617e-07  -2.643602e-07  -8.694925e-07  +2.637551e-07  -1.510573e-06  -3.128079e-06  +3.851896e-07  +7.480827e-06  +1.134791e-06  -1.105686e-05  +5.525840e-05  -5.930445e-07  -4.555361e-07  -3.096450e-03  +8.592666e-07  -2.000860e-09  -4.031966e-03  +1.275229e-07  +9.890959e-07  -4.909049e-03  -8.761121e-08  -6.353113e-08  -3.098640e-03  
+7.872782e-03  +2.875209e-03  +3.042779e-02  -1.098081e-02  +3.063567e-02  +4.220090e-02  -1.062052e-02  -1.175162e-01  -2.705523e-02  +2.362625e-01  -8.987805e-01  +1.007769e-02  +8.491669e-03  +4.621425e+01  -1.640994e-02  +2.897129e-03  +8.643916e+01  -1.072555e-03  -4.909049e-03  +8.780410e+01  +3.869196e-04  +2.948371e-03  +5.577620e+01  
+6.114182e-08  +2.469041e-07  -1.099483e-06  +1.925176e-07  +4.754996e-07  +6.923640e-07  +6.676800e-07  -2.366653e-06  -7.111810e-07  +4.022457e-06  -8.022031e-06  +1.131744e-08  +1.827412e-07  +3.707886e-04  -7.730398e-07  -1.232969e-07  +4.109351e-04  +1.512432e-07  -8.761121e-08  +3.869196e-04  +5.111900e-07  -8.734110e-08  +2.210009e-04  
+2.891367e-07  -2.699630e-07  +4.294121e-06  +5.218373e-06  +1.593914e-06  +1.792310e-06  -1.180089e-06  -8.782463e-06  +1.311422e-06  -3.904707e-06  -3.946744e-05  +1.520609e-07  +5.522024e-07  +2.131335e-03  +2.844494e-07  -4.401175e-08  +2.019476e-03  -4.464383e-07  -6.353113e-08  +2.948371e-03  -8.734110e-08  +1.890678e-06  +2.695667e-03  
+5.380180e-03  +2.085412e-03  +2.241966e-02  -1.010424e-02  +1.982857e-02  +2.871625e-02  -8.942726e-03  -7.937474e-02  -1.705529e-02  +1.558076e-01  -6.133952e-01  +7.346685e-03  +4.737010e-03  +3.078916e+01  -9.807689e-03  +1.670020e-03  +5.504013e+01  -1.007499e-03  -3.098640e-03  +5.577620e+01  +2.210009e-04  +2.695667e-03  +3.956217e+01  
