mean:
+3.940257e+00  +3.953476e+00  +8.558519e-01  +1.195860e+00  +1.446684e+00  +6.077997e-01  +8.011328e-01  +1.364638e+00  +1.708545e-01  +1.838609e+00  +6.033980e+00  +3.505631e+00  +2.647452e+00  +1.996527e+02  +4.306980e+00  +5.312989e+00  +2.725456e+02  +5.367011e+00  +3.819008e+00  +3.184331e+02  +2.639871e+00  +4.559767e+00  +3.892258e+02  
covariance:
+2.425177e-06  -2.314658e-07  +6.473811e-06  -8.381922e-06  +1.755168e-05  +2.239199e-06  -3.015432e-06  -7.317809e-06  -6.059067e-07  +1.370941e-05  +4.452973e-06  +2.975687e-06  +6.366199e-06  -6.257067e-04  +1.165534e-06  +7.581805e-06  -7.230211e-04  +2.942949e-06  +1.051779e-05  -8.242739e-04  +3.352860e-08  +4.898004e-07  +3.570316e-04  
-2.314658e-07  +1.756382e-06  +2.144456e-06  -5.677631e-07  +2.609301e-06  +7.268329e-07  -5.715192e-07  -1.816196e-06  +4.295661e-08  +1.822555e-06  +1.759717e-06  +8.546809e-07  +1.122290e-06  -1.818437e-04  +9.839401e-08  +1.644959e-06  -1.206595e-04  +3.500594e-07  +1.758251e-06  -2.789014e-05  +6.044401e-08  +1.068333e-07  +5.405301e-04  
+6.473811e-06  +2.144456e-06  +9.697352e-05  -6.229462e-05  +1.666115e-04  +3.199770e-05  -2.269331e-05  -4.941332e-05  -1.011714e-05  +1.023352e-04  +1.357087e-04  +3.317172e-05  +5.475281e-05  -1.175808e-02  +7.088242e-06  +7.259745e-05  -7.145135e-03  +2.138508e-05  +8.938927e-05  -1.727527e-04  +8.793228e-07  +3.839309e-06  +1.511811e-02  
-8.381922e-06  -5.677631e-07  -6.229462e-05  +2.006113e-04  -1.170917e-04  -2.451918e-05  +3.511345e-05  +8.965593e-05  +1.270068e-05  -1.517726e-04  -3.897587e-05  -3.687814e-05  -6.250214e-05  +7.368874e-03  -9.790034e-06  -7.653157e-05  -6.188904e-03  -2.715485e-05  -1.040775e-04  +1.418504e-02  -1.966447e-06  -2.529789e-06  -8.744064e-03  
+1.755168e-05  +2.609301e-06  +1.666115e-04  -1.170917e-04  +5.987390e-04  +6.159046e-05  -4.713051e-05  -6.590974e-05  -2.888680e-05  +3.020085e-04  +1.717918e-04  +6.843133e-05  +1.420950e-04  -1.108769e-02  +1.620401e-05  +1.793090e-04  -2.948771e-02  +6.343727e-05  +2.241502e-04  +1.388376e-03  +8.278632e-07  +1.301897e-05  +2.108110e-02  
+2.239199e-06  +7.268329e-07  +3.199770e-05  -2.451918e-05  +6.159046e-05  +1.306162e-05  -8.247493e-06  -2.544787e-05  -4.545843e-06  +4.547218e-05  +3.879743e-05  +1.335746e-05  +2.171733e-05  -3.845441e-03  +2.235718e-06  +2.881423e-05  -1.968519e-03  +8.490088e-06  +3.481189e-05  -1.102775e-03  +6.253337e-07  +1.450857e-06  +6.104044e-03  
-3.015432e-06  -5.715192e-07  -2.269331e-05  +3.511345e-05  -4.713051e-05  -8.247493e-06  +1.562641e-05  +2.476842e-05  +2.680398e-06  -4.435606e-05  -1.148940e-05  -1.017471e-05  -2.102769e-05  +3.436077e-03  -3.846865e-06  -2.594087e-05  +3.899069e-04  -8.695905e-06  -3.437098e-05  +3.885790e-03  +3.329543e-07  -1.307047e-06  -2.220793e-03  
-7.317809e-06  -1.816196e-06  -4.941332e-05  +8.965593e-05  -6.590974e-05  -2.544787e-05  +2.476842e-05  +2.491366e-04  +1.189146e-05  -1.395743e-04  +2.743825e-05  -3.543257e-05  -5.763876e-05  +7.888326e-03  -9.438124e-06  -7.252261e-05  -1.512246e-02  -2.309404e-05  -9.825320e-05  +2.054048e-02  -5.498892e-06  -5.600790e-06  -7.330209e-03  
-6.059067e-07  +4.295661e-08  -1.011714e-05  +1.270068e-05  -2.888680e-05  -4.545843e-06  +2.680398e-06  +1.189146e-05  +3.338384e-06  -2.393426e-05  -1.155335e-05  -5.574331e-06  -9.718434e-06  +8.515847e-04  -9.169322e-07  -1.206069e-05  +3.839596e-04  -4.106945e-06  -1.547026e-05  +8.859097e-04  -3.214025e-07  -7.572770e-07  -1.971071e-03  
+1.370941e-05  +1.822555e-06  +1.023352e-04  -1.517726e-04  +3.020085e-04  +4.547218e-05  -4.435606e-05  -1.395743e-04  -2.393426e-05  +2.707564e-04  +3.253248e-05  +5.834338e-05  +1.103570e-04  -8.011590e-03  +1.310714e-05  +1.356480e-04  -3.978411e-03  +4.782057e-05  +1.773909e-04  -1.618878e-02  +2.583691e-06  +7.694806e-06  +1.287956e-02  
+4.452973e-06  +1.759717e-06  +1.357087e-04  -3.897587e-05  +1.717918e-04  +3.879743e-05  -1.148940e-05  +2.743825e-05  -1.155335e-05  +3.253248e-05  +4.658038e-04  +3.347761e-05  +4.255399e-05  -2.488665e-02  +6.462141e-06  +5.952216e-05  -1.150431e-02  +1.286247e-05  +6.665436e-05  +1.709249e-02  -5.647615e-07  +4.245638e-06  +3.858992e-02  
+2.975687e-06  +8.546809e-07  +3.317172e-05  -3.687814e-05  +6.843133e-05  +1.335746e-05  -1.017471e-05  -3.543257e-05  -5.574331e-06  +5.834338e-05  +3.347761e-05  +1.616637e-05  +2.636192e-05  -3.663042e-03  +3.152076e-06  +3.387083e-05  -7.852445e-04  +1.068834e-05  +4.286133e-05  -2.951014e-03  +8.181267e-07  +1.768767e-06  +5.735375e-03  
+6.366199e-06  +1.122290e-06  +5.475281e-05  -6.250214e-05  +1.420950e-04  +2.171733e-05  -2.102769e-05  -5.763876e-05  -9.718434e-06  +1.103570e-04  +4.255399e-05  +2.636192e-05  +5.040179e-05  -5.658834e-03  +6.879362e-06  +6.207240e-05  -3.353217e-03  +2.117483e-05  +8.066451e-05  -5.659032e-03  +7.871651e-07  +3.802859e-06  +7.388727e-03  
-6.257067e-04  -1.818437e-04  -1.175808e-02  +7.368874e-03  -1.108769e-02  -3.845441e-03  +3.436077e-03  +7.888326e-03  +8.515847e-04  -8.011590e-03  -2.488665e-02  -3.663042e-03  -5.658834e-03  +3.138559e+00  -1.220106e-03  -7.642489e-03  -2.799383e-01  -1.753962e-03  -9.234324e-03  +1.979370e-01  -1.749167e-04  -4.081936e-04  -2.855296e+00  
+1.165534e-06  +9.839401e-08  +7.088242e-06  -9.790034e-06  +1.620401e-05  +2.235718e-06  -3.846865e-06  -9.438124e-06  -9.169322e-07  +1.310714e-05  +6.462141e-06  +3.152076e-06  +6.879362e-06  -1.220106e-03  +1.881058e-06  +7.995092e-06  -8.096613e-05  +2.863437e-06  +1.127122e-05  -1.288183e-03  +6.297719e-08  +6.399685e-07  +6.019267e-04  
+7.581805e-06  +1.644959e-06  +7.259745e-05  -7.653157e-05  +1.793090e-04  +2.881423e-05  -2.594087e-05  -7.252261e-05  -1.206069e-05  +1.356480e-04  +5.952216e-05  +3.387083e-05  +6.207240e-05  -7.642489e-03  +7.995092e-06  +7.883412e-05  -4.370803e-03  +2.607314e-05  +1.002561e-04  -6.281594e-03  +1.241584e-06  +4.571426e-06  +1.030548e-02  
-7.230211e-04  -1.206595e-04  -7.145135e-03  -6.188904e-03  -2.948771e-02  -1.968519e-03  +3.899069e-04  -1.512246e-02  +3.839596e-04  -3.978411e-03  -1.150431e-02  -7.852445e-04  -3.353217e-03  -2.799383e-01  -8.096613e-05  -4.370803e-03  +5.253849e+00  -1.877963e-03  -4.898556e-03  -2.586232e+00  +3.884737e-04  -2.625224e-04  -5.504661e-01  
+2.942949e-06  +3.500594e-07  +2.138508e-05  -2.715485e-05  +6.343727e-05  +8.490088e-06  -8.695905e-06  -2.309404e-05  -4.106945e-06  +4.782057e-05  +1.286247e-05  +1.068834e-05  +2.117483e-05  -1.753962e-03  +2.863437e-06  +2.607314e-05  -1.877963e-03  +9.663423e-06  +3.425337e-05  -2.335890e-03  +2.648022e-07  +1.663626e-06  +2.318786e-03  
+1.051779e-05  +1.758251e-06  +8.938927e-05  -1.040775e-04  +2.241502e-04  +3.481189e-05  -3.437098e-05  -9.825320e-05  -1.547026e-05  +1.773909e-04  +6.665436e-05  +4.286133e-05  +8.066451e-05  -9.234324e-03  +1.127122e-05  +1.002561e-04  -4.898556e-03  +3.425337e-05  +1.314647e-04  -9.785430e-03  +1.400741e-06  +5.941238e-06  +1.105157e-02  
-8.242739e-04  -2.789014e-05  -1.727527e-04  +1.418504e-02  +1.388376e-03  -1.102775e-03  +3.885790e-03  +2.054048e-02  +8.859097e-04  -1.618878e-02  +1.709249e-02  -2.951014e-03  -5.659032e-03  +1.979370e-01  -1.288183e-03  -6.281594e-03  -2.586232e+00  -2.335890e-03  -9.785430e-03  +3.820008e+00  -2.881985e-04  -2.920054e-04  +8.265385e-01  
+3.352860e-08  +6.044401e-08  +8.793228e-07  -1.966447e-06  +8.278632e-07  +6.253337e-07  +3.329543e-07  -5.498892e-06  -3.214025e-07  +2.583691e-06  -5.647615e-07  +8.181267e-07  +7.871651e-07  -1.749167e-04  +6.297719e-08  +1.241584e-06  +3.884737e-04  +2.648022e-07  +1.400741e-06  -2.881985e-04  +5.317058e-07  +8.233812e-08  +3.025964e-04  
+4.898004e-07  +1.068333e-07  +3.839309e-06  -2.529789e-06  +1.301897e-05  +1.450857e-06  -1.307047e-06  -5.600790e-06  -7.572770e-07  +7.694806e-06  +4.245638e-06  +1.768767e-06  +3.802859e-06  -4.081936e-04  +6.399685e-07  +4.571426e-06  -2.625224e-04  +1.663626e-06  +5.941238e-06  -2.920054e-04  +8.233812e-08  +7.409886e-07  +6.974814e-04  
+3.570316e-04  +5.405301e-04  +1.511811e-02  -8.744064e-03  +2.108110e-02  +6.104044e-03  -2.220793e-03  -7.330209e-03  -1.971071e-03  +1.287956e-02  +3.858992e-02  +5.735375e-03  +7.388727e-03  -2.855296e+00  +6.019267e-04  +1.030548e-02  -5.504661e-01  +2.318786e-03  +1.105157e-02  +8.265385e-01  +3.025964e-04  +6.974814e-04  +6.072200e+00  
