mean:
+3.930460e+00  +3.908441e+00  +6.478239e-01  -1.338981e+00  +1.688159e+00  +6.011959e-01  +9.277183e-01  +2.040111e+00  +1.048167e-01  +2.054624e+00  +4.783350e+00  +1.905523e+00  +3.007262e+00  +8.049355e+02  +4.959916e+00  +4.479998e+00  +1.998822e+03  
covariance:
+1.281962e-05  +9.249682e-06  -7.928329e-06  +1.702329e-05  +2.844329e-06  -6.673828e-07  -2.560406e-06  -5.379514e-05  +1.119878e-06  -1.540589e-05  +3.126911e-05  -1.894906e-07  -1.708730e-07  -5.151697e-04  -6.366164e-08  +8.681407e-08  +1.742348e-04  
+9.249682e-06  +1.428431e-05  -6.596812e-06  +2.181725e-06  -7.417930e-06  -7.296020e-07  -5.286344e-06  -2.266498e-05  -5.436828e-07  +7.946185e-06  -4.603215e-06  -2.932331e-07  -4.064310e-07  -1.888217e-03  -1.334089e-07  -2.719960e-07  -5.998783e-04  
-7.928329e-06  -6.596812e-06  +3.702291e-05  -1.867365e-05  +4.603100e-07  +1.005143e-06  -2.915789e-06  +5.750741e-05  -3.257020e-06  +6.427125e-05  -7.272330e-05  +6.566475e-07  -6.109833e-07  +4.690142e-03  -3.143651e-07  +3.473878e-07  -1.212058e-03  
+1.702329e-05  +2.181725e-06  -1.867365e-05  +7.579659e-04  -7.331503e-06  +1.314356e-05  +7.062038e-05  -9.626393e-04  +2.190402e-05  -5.809118e-04  +8.668017e-04  +4.455507e-06  -3.518819e-06  -1.801995e-03  +1.468077e-07  +1.502817e-06  +7.627433e-02  
+2.844329e-06  -7.417930e-06  +4.603100e-07  -7.331503e-06  +8.079031e-05  -8.249426e-06  -2.116372e-05  -5.443835e-05  +1.356871e-06  +2.556171e-05  -2.824569e-06  +3.047856e-07  +6.730471e-07  +8.148038e-03  -3.613418e-07  +8.682101e-07  -8.724610e-03  
-6.673828e-07  -7.296020e-07  +1.005143e-06  +1.314356e-05  -8.249426e-06  +4.070897e-06  +6.408664e-06  +5.083027e-06  -1.010354e-08  -1.246425e-05  +7.760361e-06  -4.671068e-08  -1.357214e-07  -9.241482e-04  +3.327939e-08  +1.069886e-07  +2.826726e-03  
-2.560406e-06  -5.286344e-06  -2.915789e-06  +7.062038e-05  -2.116372e-05  +6.408664e-06  +3.393010e-05  -5.250722e-05  +3.245747e-06  -1.073740e-04  +1.014624e-04  +1.233143e-06  -6.258950e-07  -3.130142e-03  +3.356938e-07  +4.046701e-07  +1.063047e-02  
-5.379514e-05  -2.266498e-05  +5.750741e-05  -9.626393e-04  -5.443835e-05  +5.083027e-06  -5.250722e-05  +1.935870e-03  -3.608663e-05  +8.808313e-04  -1.632172e-03  -4.424467e-06  +6.552816e-06  -1.079516e-02  -1.663465e-07  -1.520905e-06  -1.214216e-01  
+1.119878e-06  -5.436828e-07  -3.257020e-06  +2.190402e-05  +1.356871e-06  -1.010354e-08  +3.245747e-06  -3.608663e-05  +1.964195e-06  -3.229568e-05  +3.810600e-05  +1.484169e-07  -9.883113e-08  -4.402282e-04  +4.825308e-08  +1.079555e-07  +2.012919e-03  
-1.540589e-05  +7.946185e-06  +6.427125e-05  -5.809118e-04  +2.556171e-05  -1.246425e-05  -1.073740e-04  +8.808313e-04  -3.229568e-05  +7.905436e-04  -1.009008e-03  -3.635422e-06  +2.680491e-06  +1.055041e-02  -7.316492e-07  -2.200685e-06  -6.815950e-02  
+3.126911e-05  -4.603215e-06  -7.272330e-05  +8.668017e-04  -2.824569e-06  +7.760361e-06  +1.014624e-04  -1.632172e-03  +3.810600e-05  -1.009008e-03  +1.766431e-03  +2.666638e-06  -4.869063e-06  +7.849820e-03  -3.492617e-08  +1.896661e-06  +1.197230e-01  
-1.894906e-07  -2.932331e-07  +6.566475e-07  +4.455507e-06  +3.047856e-07  -4.671068e-08  +1.233143e-06  -4.424467e-06  +1.484169e-07  -3.635422e-06  +2.666638e-06  +4.232291e-07  -8.771083e-08  +2.695196e-05  +7.390217e-08  +4.141424e-08  +2.453871e-04  
-1.708730e-07  -4.064310e-07  -6.109833e-07  -3.518819e-06  +6.730471e-07  -1.357214e-07  -6.258950e-07  +6.552816e-06  -9.883113e-08  +2.680491e-06  -4.869063e-06  -8.771083e-08  +5.081845e-07  +5.349705e-05  +5.672373e-09  -1.702451e-08  -6.424549e-04  
-5.151697e-04  -1.888217e-03  +4.690142e-03  -1.801995e-03  +8.148038e-03  -9.241482e-04  -3.130142e-03  -1.079516e-02  -4.402282e-04  +1.055041e-02  +7.849820e-03  +2.695196e-05  +5.349705e-05  +3.133921e+00  +1.323392e-05  +1.172469e-04  +2.016724e-01  
-6.366164e-08  -1.334089e-07  -3.143651e-07  +1.468077e-07  -3.613418e-07  +3.327939e-08  +3.356938e-07  -1.663465e-07  +4.825308e-08  -7.316492e-07  -3.492617e-08  +7.390217e-08  +5.672373e-09  +1.323392e-05  +1.893690e-07  -3.595425e-08  +3.290860e-05  
+8.681407e-08  -2.719960e-07  +3.473878e-07  +1.502817e-06  +8.682101e-07  +1.069886e-07  +4.046701e-07  -1.520905e-06  +1.079555e-07  -2.200685e-06  +1.896661e-06  +4.141424e-08  -1.702451e-08  +1.172469e-04  -3.595425e-08  +2.649519e-07  +7.426284e-05  
+1.742348e-04  -5.998783e-04  -1.212058e-03  +7.627433e-02  -8.724610e-03  +2.826726e-03  +1.063047e-02  -1.214216e-01  +2.012919e-03  -6.815950e-02  +1.197230e-01  +2.453871e-04  -6.424549e-04  +2.016724e-01  +3.290860e-05  +7.426284e-05  +1.757488e+01  
