mean:
+3.983282e+00  +3.979069e+00  +5.965703e-01  +2.008882e+00  +1.265513e+00  +5.026840e-01  +8.282217e-01  +2.219784e+00  +3.809188e-02  +3.884474e+00  +5.900959e+00  +4.573170e+00  +3.238191e+00  +3.273518e+02  +2.590124e+00  +3.726263e+00  +4.541160e+02  +4.640059e+00  +4.960033e+00  +8.069237e+02  +3.990871e+00  +5.154316e+00  +4.380970e+02  
covariance:
+4.672434e-06  -2.201027e-06  -1.139321e-06  +6.870896e-06  +2.313346e-06  -4.388774e-07  +4.307522e-06  +2.073197e-07  -1.791473e-07  +7.083943e-06  -2.694575e-05  +7.234477e-08  -6.069269e-07  +2.976137e-04  +1.219343e-07  +1.873346e-07  +1.582807e-03  -1.558987e-07  +2.062382e-07  +3.089144e-03  +1.389437e-07  +1.412152e-07  +2.100146e-03  
-2.201027e-06  +3.581140e-06  +6.511523e-07  +3.715807e-06  -2.021219e-06  +1.281007e-07  -3.469506e-07  +1.053836e-06  -3.888553e-08  +1.606916e-06  -2.587733e-06  -4.783344e-08  +1.902798e-07  -4.893159e-06  -1.248792e-07  -2.253589e-07  +4.142794e-05  +8.698469e-08  -1.960543e-07  -3.199987e-04  -2.301893e-09  -9.551500e-08  -3.517748e-05  
-1.139321e-06  +6.511523e-07  +1.870586e-05  +1.120469e-06  -1.244958e-05  +2.178185e-06  -5.498890e-06  -1.753093e-06  +2.084761e-07  -5.266796e-06  +2.999661e-05  -1.480600e-06  -9.134617e-07  -4.697825e-03  +2.333300e-06  -7.095801e-07  -4.852294e-03  -8.857687e-08  -1.662855e-07  -7.297020e-03  +4.959489e-07  +1.955984e-07  -4.971202e-03  
+6.870896e-06  +3.715807e-06  +1.120469e-06  +4.180819e-04  +6.444885e-07  -4.526497e-06  +6.262344e-05  -6.159975e-05  -2.545412e-06  +1.223893e-04  -5.108713e-04  -6.035531e-06  -4.972490e-06  +2.933845e-03  -2.436323e-06  -3.204502e-06  +1.313167e-02  +3.718850e-06  +1.033607e-07  +6.546205e-02  -1.443990e-06  +1.760992e-06  +1.918885e-02  
+2.313346e-06  -2.021219e-06  -1.244958e-05  +6.444885e-07  +4.140643e-05  -2.482837e-06  +1.179236e-05  +9.699012e-06  -3.361097e-07  +1.636285e-05  -5.781345e-05  +1.956689e-06  -3.845684e-07  +2.959429e-03  -7.642722e-07  +1.575377e-06  +5.413105e-03  -2.897070e-07  +8.527019e-07  +9.721401e-03  -4.671739e-07  -7.010033e-07  +8.126497e-03  
-4.388774e-07  +1.281007e-07  +2.178185e-06  -4.526497e-06  -2.482837e-06  +8.333990e-07  -3.120107e-06  +8.029564e-07  +1.236807e-07  -2.848317e-06  +1.281040e-05  -3.070544e-07  +2.700785e-07  -6.508465e-04  +2.270867e-07  -3.695510e-08  -1.545250e-03  +5.264504e-08  +4.069796e-08  -2.732540e-03  +1.797786e-07  -4.733775e-08  -1.686868e-03  
+4.307522e-06  -3.469506e-07  -5.498890e-06  +6.262344e-05  +1.179236e-05  -3.120107e-06  +3.160089e-05  +6.249914e-06  -1.411742e-06  +5.212156e-05  -1.723492e-04  +9.967035e-07  -3.764749e-06  +1.987905e-03  -2.585831e-07  -2.473512e-07  +1.238432e-02  -9.177212e-07  -4.460222e-08  +2.239172e-02  -5.315085e-07  +6.678245e-07  +1.540105e-02  
+2.073197e-07  +1.053836e-06  -1.753093e-06  -6.159975e-05  +9.699012e-06  +8.029564e-07  +6.249914e-06  +1.062180e-04  -4.234935e-07  +1.729780e-05  -1.551145e-05  +4.232669e-06  -3.594257e-06  +1.700283e-03  +2.008227e-06  +7.124175e-09  +8.635300e-03  -6.772375e-07  +1.203870e-06  -3.785540e-03  +1.418762e-06  -4.686255e-07  +5.093307e-03  
-1.791473e-07  -3.888553e-08  +2.084761e-07  -2.545412e-06  -3.361097e-07  +1.236807e-07  -1.411742e-06  -4.234935e-07  +9.273869e-08  -2.611410e-06  +7.762318e-06  -3.527147e-08  +1.763416e-07  -7.653413e-05  +5.976947e-09  +1.254227e-08  -5.855620e-04  +4.677605e-08  +1.428908e-08  -9.250767e-04  +2.134846e-08  -1.738759e-08  -7.325737e-04  
+7.083943e-06  +1.606916e-06  -5.266796e-06  +1.223893e-04  +1.636285e-05  -2.848317e-06  +5.212156e-05  +1.729780e-05  -2.611410e-06  +1.159992e-04  -3.463451e-04  +3.592262e-07  -6.313848e-06  +2.349051e-03  -1.388787e-07  -6.702443e-07  +2.026074e-02  -1.357054e-06  +9.853083e-08  +3.633339e-02  +1.225852e-07  +6.263562e-07  +2.743559e-02  
-2.694575e-05  -2.587733e-06  +2.999661e-05  -5.108713e-04  -5.781345e-05  +1.281040e-05  -1.723492e-04  -1.551145e-05  +7.762318e-06  -3.463451e-04  +1.213903e-03  -6.770509e-07  +1.865601e-05  -1.271845e-02  +3.252039e-06  +2.053005e-06  -6.292337e-02  +1.048716e-06  -1.210567e-06  -1.374776e-01  +3.518979e-08  -3.682748e-06  -8.241918e-02  
+7.234477e-08  -4.783344e-08  -1.480600e-06  -6.035531e-06  +1.956689e-06  -3.070544e-07  +9.967035e-07  +4.232669e-06  -3.527147e-08  +3.592262e-07  -6.770509e-07  +5.888292e-07  -9.804417e-08  +4.128360e-04  -6.196685e-08  +5.205743e-08  +9.931497e-04  -1.221121e-07  +5.110231e-08  +5.493624e-04  +1.274074e-08  +6.409903e-09  +8.937247e-04  
-6.069269e-07  +1.902798e-07  -9.134617e-07  -4.972490e-06  -3.845684e-07  +2.700785e-07  -3.764749e-06  -3.594257e-06  +1.763416e-07  -6.313848e-06  +1.865601e-05  -9.804417e-08  +1.092154e-06  +1.664761e-04  -3.345410e-07  +8.510834e-08  -1.547371e-03  +3.948040e-08  -1.729893e-08  -1.727988e-03  +1.928417e-08  -1.025075e-07  -1.579716e-03  
+2.976137e-04  -4.893159e-06  -4.697825e-03  +2.933845e-03  +2.959429e-03  -6.508465e-04  +1.987905e-03  +1.700283e-03  -7.653413e-05  +2.349051e-03  -1.271845e-02  +4.128360e-04  +1.664761e-04  +1.557180e+00  -6.890885e-04  +9.850632e-05  +1.554009e+00  +1.112043e-04  +6.918128e-05  +2.589003e+00  -6.375617e-05  -7.706566e-05  +1.466102e+00  
+1.219343e-07  -1.248792e-07  +2.333300e-06  -2.436323e-06  -7.642722e-07  +2.270867e-07  -2.585831e-07  +2.008227e-06  +5.976947e-09  -1.388787e-07  +3.252039e-06  -6.196685e-08  -3.345410e-07  -6.890885e-04  +6.236279e-07  -2.421076e-08  -4.262541e-04  -8.822795e-08  +5.315436e-08  -1.060477e-03  +5.567508e-08  +4.000046e-08  -4.600581e-04  
+1.873346e-07  -2.253589e-07  -7.095801e-07  -3.204502e-06  +1.575377e-06  -3.695510e-08  -2.473512e-07  +7.124175e-09  +1.254227e-08  -6.702443e-07  +2.053005e-06  +5.205743e-08  +8.510834e-08  +9.850632e-05  -2.421076e-08  +3.093175e-07  -1.217749e-04  -2.731544e-08  +6.476050e-08  -2.603579e-04  -6.251557e-08  -3.927816e-08  -7.712965e-07  
+1.582807e-03  +4.142794e-05  -4.852294e-03  +1.313167e-02  +5.413105e-03  -1.545250e-03  +1.238432e-02  +8.635300e-03  -5.855620e-04  +2.026074e-02  -6.292337e-02  +9.931497e-04  -1.547371e-03  +1.554009e+00  -4.262541e-04  -1.217749e-04  +6.461650e+00  -4.345120e-04  -4.496258e-05  +8.522618e+00  -1.780398e-04  +1.656121e-04  +7.210698e+00  
-1.558987e-07  +8.698469e-08  -8.857687e-08  +3.718850e-06  -2.897070e-07  +5.264504e-08  -9.177212e-07  -6.772375e-07  +4.677605e-08  -1.357054e-06  +1.048716e-06  -1.221121e-07  +3.948040e-08  +1.112043e-04  -8.822795e-08  -2.731544e-08  -4.345120e-04  +4.401326e-07  +8.951886e-08  -4.683890e-04  +8.734403e-08  -5.486180e-08  -7.947498e-04  
+2.062382e-07  -1.960543e-07  -1.662855e-07  +1.033607e-07  +8.527019e-07  +4.069796e-08  -4.460222e-08  +1.203870e-06  +1.428908e-08  +9.853083e-08  -1.210567e-06  +5.110231e-08  -1.729893e-08  +6.918128e-05  +5.315436e-08  +6.476050e-08  -4.496258e-05  +8.951886e-08  +1.892955e-07  -1.022071e-04  +8.046483e-08  -1.035299e-08  -9.853329e-05  
+3.089144e-03  -3.199987e-04  -7.297020e-03  +6.546205e-02  +9.721401e-03  -2.732540e-03  +2.239172e-02  -3.785540e-03  -9.250767e-04  +3.633339e-02  -1.374776e-01  +5.493624e-04  -1.727988e-03  +2.589003e+00  -1.060477e-03  -2.603579e-04  +8.522618e+00  -4.683890e-04  -1.022071e-04  +2.029787e+01  -6.251085e-04  +5.656927e-04  +1.092867e+01  
+1.389437e-07  -2.301893e-09  +4.959489e-07  -1.443990e-06  -4.671739e-07  +1.797786e-07  -5.315085e-07  +1.418762e-06  +2.134846e-08  +1.225852e-07  +3.518979e-08  +1.274074e-08  +1.928417e-08  -6.375617e-05  +5.567508e-08  -6.251557e-08  -1.780398e-04  +8.734403e-08  +8.046483e-08  -6.251085e-04  +2.961390e-07  +5.485435e-09  -3.033516e-04  
+1.412152e-07  -9.551500e-08  +1.955984e-07  +1.760992e-06  -7.010033e-07  -4.733775e-08  +6.678245e-07  -4.686255e-07  -1.738759e-08  +6.263562e-07  -3.682748e-06  +6.409903e-09  -1.025075e-07  -7.706566e-05  +4.000046e-08  -3.927816e-08  +1.656121e-04  -5.486180e-08  -1.035299e-08  +5.656927e-04  +5.485435e-09  +2.423489e-07  +9.378037e-05  
+2.100146e-03  -3.517748e-05  -4.971202e-03  +1.918885e-02  +8.126497e-03  -1.686868e-03  +1.540105e-02  +5.093307e-03  -7.325737e-04  +2.743559e-02  -8.241918e-02  +8.937247e-04  -1.579716e-03  +1.466102e+00  -4.600581e-04  -7.712965e-07  +7.210698e+00  -7.947498e-04  -9.853329e-05  +1.092867e+01  -3.033516e-04  +9.378037e-05  +9.586141e+00  
