mean:
+3.925777e+00  +3.904573e+00  +6.471445e-01  -1.162339e+00  +1.694449e+00  +5.965698e-01  +9.146887e-01  +2.062401e+00  +1.405467e-01  +2.007115e+00  +4.884794e+00  +1.905438e+00  +3.007310e+00  +8.056481e+02  +4.959788e+00  +4.479421e+00  +2.023508e+03  
covariance:
+2.386465e-05  +9.102886e-06  -1.251129e-05  -1.715490e-05  -5.776081e-06  -9.850335e-07  -8.687913e-06  +8.912683e-06  -4.447820e-07  +8.014591e-06  +8.468887e-06  +2.542986e-08  +7.781215e-07  -1.518230e-03  -2.101359e-07  +8.862606e-08  -3.320519e-03  
+9.102886e-06  +2.388973e-05  -1.467514e-05  -2.353165e-05  -1.714124e-05  -3.457097e-06  -4.947728e-06  +1.397768e-05  -3.452309e-06  +2.335250e-05  +1.223151e-05  +4.702375e-07  +4.637338e-07  -3.270657e-03  -2.570370e-08  -2.019045e-07  -5.104094e-03  
-1.251129e-05  -1.467514e-05  +1.784529e-04  +2.092435e-04  -7.972127e-06  +4.253887e-05  -3.543917e-06  -8.761468e-05  +3.419774e-05  -3.878756e-04  +3.547591e-04  -1.377784e-06  -1.119234e-06  +1.081833e-02  -1.019485e-07  +1.927486e-06  -1.794155e-02  
-1.715490e-05  -2.353165e-05  +2.092435e-04  +5.274066e-04  +2.691445e-05  +4.525947e-05  +6.461623e-05  -3.193776e-04  +2.386555e-05  -3.123214e-04  +1.193173e-04  +2.270493e-06  -1.583406e-06  +2.315307e-02  -5.835595e-07  +2.463535e-06  +2.667085e-02  
-5.776081e-06  -1.714124e-05  -7.972127e-06  +2.691445e-05  +3.764894e-05  -6.063105e-06  +1.584359e-05  -6.029685e-06  -6.761219e-06  +7.291474e-05  -1.095441e-04  +7.787166e-07  +1.817776e-07  +1.217886e-03  -6.194184e-07  -2.511250e-07  +1.434850e-02  
-9.850335e-07  -3.457097e-06  +4.253887e-05  +4.525947e-05  -6.063105e-06  +2.357816e-05  -1.618286e-05  -3.007573e-05  +1.832770e-05  -1.969515e-04  +1.947307e-04  -1.131052e-06  +5.938892e-07  +5.626938e-03  -2.988676e-07  +7.934248e-07  -1.737229e-02  
-8.687913e-06  -4.947728e-06  -3.543917e-06  +6.461623e-05  +1.584359e-05  -1.618286e-05  +8.365304e-05  -7.857276e-05  -2.578518e-05  +2.259075e-04  -3.212690e-04  +1.587101e-06  -3.176123e-06  +1.375154e-03  +1.072340e-06  -8.777759e-07  +3.696663e-02  
+8.912683e-06  +1.397768e-05  -8.761468e-05  -3.193776e-04  -6.029685e-06  -3.007573e-05  -7.857276e-05  +8.977654e-04  -1.703587e-05  +2.335155e-04  +1.578194e-04  +1.951553e-06  +3.537640e-06  -4.634677e-02  -1.263551e-06  -4.421278e-06  -6.133479e-02  
-4.447820e-07  -3.452309e-06  +3.419774e-05  +2.386555e-05  -6.761219e-06  +1.832770e-05  -2.578518e-05  -1.703587e-05  +1.912459e-05  -1.863167e-04  +1.952576e-04  -9.575621e-07  +6.992841e-07  +4.331027e-03  -2.922033e-07  +8.184512e-07  -1.820432e-02  
+8.014591e-06  +2.335250e-05  -3.878756e-04  -3.123214e-04  +7.291474e-05  -1.969515e-04  +2.259075e-04  +2.335155e-04  -1.863167e-04  +1.940669e-03  -2.033051e-03  +9.278979e-06  -6.137863e-06  -4.685760e-02  +3.125468e-06  -8.551929e-06  +1.847669e-01  
+8.468887e-06  +1.223151e-05  +3.547591e-04  +1.193173e-04  -1.095441e-04  +1.947307e-04  -3.212690e-04  +1.578194e-04  +1.952576e-04  -2.033051e-03  +2.650617e-03  -6.152816e-06  +1.189901e-05  +2.041909e-02  -4.862683e-06  +9.089742e-06  -2.633857e-01  
+2.542986e-08  +4.702375e-07  -1.377784e-06  +2.270493e-06  +7.787166e-07  -1.131052e-06  +1.587101e-06  +1.951553e-06  -9.575621e-07  +9.278979e-06  -6.152816e-06  +6.486236e-07  +2.791111e-08  -4.382139e-04  +1.195312e-08  -4.156304e-08  +7.972781e-04  
+7.781215e-07  +4.637338e-07  -1.119234e-06  -1.583406e-06  +1.817776e-07  +5.938892e-07  -3.176123e-06  +3.537640e-06  +6.992841e-07  -6.137863e-06  +1.189901e-05  +2.791111e-08  +9.347142e-07  -3.522044e-04  -2.055994e-07  -7.462040e-08  -1.642322e-03  
-1.518230e-03  -3.270657e-03  +1.081833e-02  +2.315307e-02  +1.217886e-03  +5.626938e-03  +1.375154e-03  -4.634677e-02  +4.331027e-03  -4.685760e-02  +2.041909e-02  -4.382139e-04  -3.522044e-04  +4.900043e+00  -2.214339e-05  +3.812460e-04  +1.223520e+00  
-2.101359e-07  -2.570370e-08  -1.019485e-07  -5.835595e-07  -6.194184e-07  -2.988676e-07  +1.072340e-06  -1.263551e-06  -2.922033e-07  +3.125468e-06  -4.862683e-06  +1.195312e-08  -2.055994e-07  -2.214339e-05  +3.025749e-07  -1.748540e-08  +5.744224e-04  
+8.862606e-08  -2.019045e-07  +1.927486e-06  +2.463535e-06  -2.511250e-07  +7.934248e-07  -8.777759e-07  -4.421278e-06  +8.184512e-07  -8.551929e-06  +9.089742e-06  -4.156304e-08  -7.462040e-08  +3.812460e-04  -1.748540e-08  +3.664559e-07  -5.504594e-04  
-3.320519e-03  -5.104094e-03  -1.794155e-02  +2.667085e-02  +1.434850e-02  -1.737229e-02  +3.696663e-02  -6.133479e-02  -1.820432e-02  +1.847669e-01  -2.633857e-01  +7.972781e-04  -1.642322e-03  +1.223520e+00  +5.744224e-04  -5.504594e-04  +3.507575e+01  
