mean:
+3.978871e+00  +4.009103e+00  +8.331953e-01  +1.332041e+00  +1.247894e+00  +6.062034e-01  +8.161368e-01  +1.323814e+00  +1.614656e-01  +1.965814e+00  +5.835871e+00  +3.595308e+00  +2.900446e+00  +2.104938e+02  +4.309400e+00  +5.178287e+00  +2.905493e+02  +5.217810e+00  +3.910269e+00  +3.327682e+02  +2.880091e+00  +4.560123e+00  +4.015142e+02  
covariance:
+2.487973e-06  +1.763457e-07  -3.470092e-06  +8.795041e-06  +2.395843e-07  +3.112971e-06  -3.800737e-06  -1.077746e-05  -8.598358e-06  +6.517419e-05  -6.606211e-05  -7.339453e-08  -5.472410e-07  +1.232958e-03  -2.787700e-07  +5.925073e-07  +7.081099e-03  -5.714213e-08  -4.295566e-07  +7.210219e-03  +1.068545e-07  +2.909695e-08  +5.698693e-03  
+1.763457e-07  +3.109170e-06  +6.411012e-07  -3.146918e-06  -1.910275e-07  -1.317233e-06  +2.502221e-06  +2.054482e-06  +3.543744e-06  -2.873626e-05  +3.209977e-05  +8.157001e-08  -2.025020e-07  -7.362981e-04  +2.505910e-07  -4.317251e-07  -3.257911e-03  -1.937556e-07  +1.043186e-07  -3.912739e-03  -1.259989e-07  -1.508877e-07  -2.249214e-03  
-3.470092e-06  +6.411012e-07  +2.007335e-05  -2.595489e-05  -3.685378e-06  -8.001037e-06  +2.186341e-06  +4.426502e-05  +1.836984e-05  -1.315298e-04  +1.323634e-04  +1.820275e-06  +9.541952e-07  -7.030201e-04  +2.437080e-07  -7.076811e-09  -1.253860e-02  +1.235017e-08  -7.152792e-07  -1.097567e-02  -3.833526e-07  +1.656963e-06  -1.007791e-02  
+8.795041e-06  -3.146918e-06  -2.595489e-05  +1.139683e-04  +3.662939e-06  +1.659897e-05  -7.658336e-06  -7.395170e-05  -4.873479e-05  +3.546161e-04  -3.543716e-04  -3.469123e-06  -3.399793e-06  +5.573965e-03  -7.649745e-07  +1.470275e-06  +3.541153e-02  -1.335021e-06  -9.422238e-07  +3.759519e-02  +1.151455e-06  -1.823520e-06  +2.841292e-02  
+2.395843e-07  -1.910275e-07  -3.685378e-06  +3.662939e-06  +4.636877e-06  +1.436781e-06  -6.231779e-07  -1.153164e-05  -1.559155e-06  +1.199330e-05  -1.328965e-05  -3.221114e-07  +2.396641e-07  +2.013891e-04  -1.771001e-07  -1.952166e-07  +7.564317e-04  -1.681790e-07  +2.881856e-07  +1.233118e-04  +3.496815e-07  -2.164759e-07  +5.575508e-04  
+3.112971e-06  -1.317233e-06  -8.001037e-06  +1.659897e-05  +1.436781e-06  +7.283398e-06  -8.837357e-06  -2.707650e-05  -1.554249e-05  +1.228188e-04  -1.326628e-04  -3.766566e-07  -3.945852e-07  +2.466999e-03  -6.130511e-07  +9.394777e-07  +1.301578e-02  -5.209313e-08  -6.250906e-07  +1.324377e-02  +3.381619e-07  -1.452795e-07  +1.033579e-02  
-3.800737e-06  +2.502221e-06  +2.186341e-06  -7.658336e-06  -6.231779e-07  -8.837357e-06  +2.346443e-05  +1.993306e-05  +1.715574e-05  -1.577016e-04  +1.849126e-04  -1.395580e-06  -4.501537e-07  -4.618254e-03  +1.064189e-06  -3.037681e-06  -1.856723e-02  +5.578554e-08  +2.375231e-06  -2.021548e-02  -2.407122e-07  -1.335215e-06  -1.473674e-02  
-1.077746e-05  +2.054482e-06  +4.426502e-05  -7.395170e-05  -1.153164e-05  -2.707650e-05  +1.993306e-05  +2.609708e-04  +5.635969e-05  -4.204606e-04  +4.054266e-04  +4.296558e-06  -7.485595e-07  -4.916316e-03  +4.143057e-06  +1.901830e-07  -3.772933e-02  +9.006502e-07  +2.060752e-06  -2.961138e-02  -2.765977e-06  +4.563605e-06  -3.132817e-02  
-8.598358e-06  +3.543744e-06  +1.836984e-05  -4.873479e-05  -1.559155e-06  -1.554249e-05  +1.715574e-05  +5.635969e-05  +4.558662e-05  -3.422997e-04  +3.265931e-04  +5.849985e-07  +2.369406e-06  -6.516494e-03  +1.930677e-06  -2.993885e-06  -3.695926e-02  +1.376788e-07  +1.637162e-06  -3.769979e-02  -8.541504e-07  +1.653685e-07  -3.013980e-02  
+6.517419e-05  -2.873626e-05  -1.315298e-04  +3.546161e-04  +1.199330e-05  +1.228188e-04  -1.577016e-04  -4.204606e-04  -3.422997e-04  +2.638800e-03  -2.594027e-03  -2.353193e-06  -1.530831e-05  +5.230620e-02  -1.487110e-05  +2.607512e-05  +2.872790e-01  -4.394961e-07  -1.570693e-05  +2.967730e-01  +6.178644e-06  +8.702637e-07  +2.321769e-01  
-6.606211e-05  +3.209977e-05  +1.323634e-04  -3.543716e-04  -1.328965e-05  -1.326628e-04  +1.849126e-04  +4.054266e-04  +3.265931e-04  -2.594027e-03  +2.900359e-03  +8.769421e-06  +8.048510e-06  -5.124081e-02  +1.077781e-05  -2.724809e-05  -2.823448e-01  -1.056529e-06  +1.840982e-05  -3.083850e-01  -4.439000e-06  -2.424388e-06  -2.138641e-01  
-7.339453e-08  +8.157001e-08  +1.820275e-06  -3.469123e-06  -3.221114e-07  -3.766566e-07  -1.395580e-06  +4.296558e-06  +5.849985e-07  -2.353193e-06  +8.769421e-06  +1.000581e-06  -2.742880e-07  +4.584510e-04  -1.437535e-07  +3.486319e-07  +2.730432e-04  -9.787303e-08  -1.792074e-07  -1.757754e-04  -3.968382e-08  +3.898870e-07  +7.264075e-04  
-5.472410e-07  -2.025020e-07  +9.541952e-07  -3.399793e-06  +2.396641e-07  -3.945852e-07  -4.501537e-07  -7.485595e-07  +2.369406e-06  -1.530831e-05  +8.048510e-06  -2.742880e-07  +1.480283e-06  -4.252573e-04  -8.582412e-08  -5.045650e-08  -1.988082e-03  +1.534072e-07  -5.905625e-09  -7.452090e-04  -4.561575e-09  -1.599343e-07  -2.072064e-03  
+1.232958e-03  -7.362981e-04  -7.030201e-04  +5.573965e-03  +2.013891e-04  +2.466999e-03  -4.618254e-03  -4.916316e-03  -6.516494e-03  +5.230620e-02  -5.124081e-02  +4.584510e-04  -4.252573e-04  +2.149317e+00  -5.018258e-04  +7.594864e-04  +6.128440e+00  -1.948048e-04  -2.523858e-04  +6.294344e+00  +2.486085e-04  +5.260147e-04  +5.231492e+00  
-2.787700e-07  +2.505910e-07  +2.437080e-07  -7.649745e-07  -1.771001e-07  -6.130511e-07  +1.064189e-06  +4.143057e-06  +1.930677e-06  -1.487110e-05  +1.077781e-05  -1.437535e-07  -8.582412e-08  -5.018258e-04  +5.711476e-07  -1.693058e-07  -1.585233e-03  +6.103212e-08  -3.514945e-09  -1.613871e-03  -1.520742e-07  -1.678849e-07  -1.411275e-03  
+5.925073e-07  -4.317251e-07  -7.076811e-09  +1.470275e-06  -1.952166e-07  +9.394777e-07  -3.037681e-06  +1.901830e-07  -2.993885e-06  +2.607512e-05  -2.724809e-05  +3.486319e-07  -5.045650e-08  +7.594864e-04  -1.693058e-07  +9.736078e-07  +3.304392e-03  +2.084128e-08  -4.207676e-07  +3.938029e-03  +4.736733e-08  +2.772663e-07  +2.432064e-03  
+7.081099e-03  -3.257911e-03  -1.253860e-02  +3.541153e-02  +7.564317e-04  +1.301578e-02  -1.856723e-02  -3.772933e-02  -3.695926e-02  +2.872790e-01  -2.823448e-01  +2.730432e-04  -1.988082e-03  +6.128440e+00  -1.585233e-03  +3.304392e-03  +3.238047e+01  -8.620445e-06  -1.890627e-03  +3.324778e+01  +5.650093e-04  +3.717130e-04  +2.582443e+01  
-5.714213e-08  -1.937556e-07  +1.235017e-08  -1.335021e-06  -1.681790e-07  -5.209313e-08  +5.578554e-08  +9.006502e-07  +1.376788e-07  -4.394961e-07  -1.056529e-06  -9.787303e-08  +1.534072e-07  -1.948048e-04  +6.103212e-08  +2.084128e-08  -8.620445e-06  +5.730572e-07  -1.951840e-08  +2.959194e-04  +5.488283e-09  -1.129143e-07  -3.946318e-04  
-4.295566e-07  +1.043186e-07  -7.152792e-07  -9.422238e-07  +2.881856e-07  -6.250906e-07  +2.375231e-06  +2.060752e-06  +1.637162e-06  -1.570693e-05  +1.840982e-05  -1.792074e-07  -5.905625e-09  -2.523858e-04  -3.514945e-09  -4.207676e-07  -1.890627e-03  -1.951840e-08  +9.823329e-07  -2.219710e-03  +3.196831e-09  -7.989325e-08  -1.370328e-03  
+7.210219e-03  -3.912739e-03  -1.097567e-02  +3.759519e-02  +1.233118e-04  +1.324377e-02  -2.021548e-02  -2.961138e-02  -3.769979e-02  +2.967730e-01  -3.083850e-01  -1.757754e-04  -7.452090e-04  +6.294344e+00  -1.613871e-03  +3.938029e-03  +3.324778e+01  +2.959194e-04  -2.219710e-03  +3.850249e+01  +5.774297e-04  +5.430421e-04  +2.534955e+01  
+1.068545e-07  -1.259989e-07  -3.833526e-07  +1.151455e-06  +3.496815e-07  +3.381619e-07  -2.407122e-07  -2.765977e-06  -8.541504e-07  +6.178644e-06  -4.439000e-06  -3.968382e-08  -4.561575e-09  +2.486085e-04  -1.520742e-07  +4.736733e-08  +5.650093e-04  +5.488283e-09  +3.196831e-09  +5.774297e-04  +3.413450e-07  +4.114819e-08  +4.906056e-04  
+2.909695e-08  -1.508877e-07  +1.656963e-06  -1.823520e-06  -2.164759e-07  -1.452795e-07  -1.335215e-06  +4.563605e-06  +1.653685e-07  +8.702637e-07  -2.424388e-06  +3.898870e-07  -1.599343e-07  +5.260147e-04  -1.678849e-07  +2.772663e-07  +3.717130e-04  -1.129143e-07  -7.989325e-08  +5.430421e-04  +4.114819e-08  +7.968514e-07  +5.119545e-04  
+5.698693e-03  -2.249214e-03  -1.007791e-02  +2.841292e-02  +5.575508e-04  +1.033579e-02  -1.473674e-02  -3.132817e-02  -3.013980e-02  +2.321769e-01  -2.138641e-01  +7.264075e-04  -2.072064e-03  +5.231492e+00  -1.411275e-03  +2.432064e-03  +2.582443e+01  -3.946318e-04  -1.370328e-03  +2.534955e+01  +4.906056e-04  +5.119545e-04  +2.262925e+01  
