mean:
+3.978242e+00  +4.009124e+00  +8.394542e-01  +1.338730e+00  +1.245095e+00  +6.025687e-01  +8.197563e-01  +1.370514e+00  +1.662356e-01  +1.932062e+00  +5.806691e+00  +3.655486e+00  +2.873973e+00  +2.047537e+02  +4.309862e+00  +5.178812e+00  +2.897117e+02  +5.218089e+00  +3.909558e+00  +3.345366e+02  +2.879865e+00  +4.560071e+00  +3.989100e+02  
covariance:
+3.110549e-06  +5.607744e-08  -2.152147e-05  -2.215806e-05  +4.490431e-06  +4.644084e-06  +5.446806e-06  +2.339857e-05  -1.059872e-05  +6.836523e-05  -1.214824e-04  +9.976999e-06  -7.158492e-06  +6.861938e-03  -7.590985e-07  +1.374012e-07  +6.682997e-03  -8.334938e-07  +1.786244e-07  +2.753945e-03  +4.673965e-07  +8.626939e-07  +4.758007e-03  
+5.607744e-08  +4.056212e-06  +8.531179e-06  +9.341188e-06  -1.378932e-06  -2.085023e-06  -1.999392e-06  -1.168974e-05  +4.721458e-06  -3.045278e-05  +5.553306e-05  -5.207833e-06  +3.571045e-06  -2.873564e-03  +4.636730e-07  -3.612816e-08  -2.918120e-03  +5.035430e-07  +4.485191e-08  -1.081248e-03  -1.290230e-07  -3.980879e-07  -2.035276e-03  
-2.152147e-05  +8.531179e-06  +2.705681e-04  +2.635684e-04  -5.712751e-05  -4.694512e-05  -6.617256e-05  -2.179401e-04  +8.919646e-05  -5.772310e-04  +1.269965e-03  -7.139196e-05  +4.929364e-05  -7.256007e-02  +5.279915e-06  -2.567740e-06  -5.829229e-02  +6.492393e-06  +4.000791e-07  -2.515122e-02  -4.751367e-06  -8.691461e-06  -3.598745e-02  
-2.215806e-05  +9.341188e-06  +2.635684e-04  +5.099502e-04  -5.740252e-05  -3.754054e-05  -5.102295e-05  -2.246174e-04  +8.660181e-05  -5.750351e-04  +1.153246e-03  -2.952203e-05  +2.929874e-05  -7.407900e-02  +8.703347e-06  -6.808689e-06  -6.057046e-02  +6.684033e-06  +4.311000e-06  -1.514299e-02  -2.307801e-06  -1.147140e-05  -4.282578e-02  
+4.490431e-06  -1.378932e-06  -5.712751e-05  -5.740252e-05  +1.829521e-05  +9.610362e-06  +1.372840e-05  +4.416738e-05  -1.688825e-05  +1.097132e-04  -2.565868e-04  +9.451695e-06  -7.072781e-06  +1.540143e-02  -9.658699e-07  +3.973477e-07  +1.139956e-02  -1.901910e-06  -4.611990e-08  +4.292746e-03  +1.186255e-06  +1.488246e-06  +6.800708e-03  
+4.644084e-06  -2.085023e-06  -4.694512e-05  -3.754054e-05  +9.610362e-06  +1.177408e-05  +1.154578e-05  +5.862327e-05  -2.317822e-05  +1.527839e-04  -2.814035e-04  +2.653892e-05  -1.821923e-05  +1.474070e-02  -1.658896e-06  +2.111172e-07  +1.443823e-02  -1.969443e-06  +4.987320e-07  +6.296509e-03  +1.195752e-06  +1.754333e-06  +9.651043e-03  
+5.446806e-06  -1.999392e-06  -6.617256e-05  -5.102295e-05  +1.372840e-05  +1.154578e-05  +2.775776e-05  +2.913254e-05  -2.435061e-05  +1.443531e-04  -3.164310e-04  +2.047734e-05  -1.265789e-05  +1.862154e-02  -1.127669e-06  +8.093555e-07  +1.562021e-02  -2.884763e-07  +6.904065e-07  +7.460711e-03  +9.340204e-07  +1.643299e-06  +6.256041e-03  
+2.339857e-05  -1.168974e-05  -2.179401e-04  -2.246174e-04  +4.416738e-05  +5.862327e-05  +2.913254e-05  +4.631543e-04  -1.180225e-04  +8.070719e-04  -1.419124e-03  +1.374471e-04  -9.921608e-05  +7.082175e-02  -8.647969e-06  -2.175377e-06  +6.949753e-02  -1.374656e-05  -1.033433e-06  +2.964953e-02  +5.988674e-06  +1.071462e-05  +6.012522e-02  
-1.059872e-05  +4.721458e-06  +8.919646e-05  +8.660181e-05  -1.688825e-05  -2.317822e-05  -2.435061e-05  -1.180225e-04  +5.699401e-05  -3.698169e-04  +5.932545e-04  -6.356653e-05  +4.450980e-05  -3.194870e-02  +4.500344e-06  -2.299317e-07  -3.522037e-02  +4.517640e-06  -9.473771e-07  -1.527554e-02  -2.114184e-06  -4.198533e-06  -2.571730e-02  
+6.836523e-05  -3.045278e-05  -5.772310e-04  -5.750351e-04  +1.097132e-04  +1.527839e-04  +1.443531e-04  +8.070719e-04  -3.698169e-04  +2.436660e-03  -3.888203e-03  +4.180608e-04  -2.945923e-04  +2.076919e-01  -3.018303e-05  +1.210748e-06  +2.302889e-01  -3.162040e-05  +5.237301e-06  +9.849521e-02  +1.396261e-05  +2.758327e-05  +1.722058e-01  
-1.214824e-04  +5.553306e-05  +1.269965e-03  +1.153246e-03  -2.565868e-04  -2.814035e-04  -3.164310e-04  -1.419124e-03  +5.932545e-04  -3.888203e-03  +7.287525e-03  -6.269826e-04  +4.340718e-04  -3.927628e-01  +4.268529e-05  -5.300566e-06  -3.741375e-01  +5.003733e-05  -5.250474e-06  -1.633195e-01  -2.652932e-05  -4.741236e-05  -2.564364e-01  
+9.976999e-06  -5.207833e-06  -7.139196e-05  -2.952203e-05  +9.451695e-06  +2.653892e-05  +2.047734e-05  +1.374471e-04  -6.356653e-05  +4.180608e-04  -6.269826e-04  +9.687571e-05  -6.452790e-05  +2.977818e-02  -4.848507e-06  -7.227452e-07  +3.827343e-02  -4.371934e-06  +2.124716e-06  +1.982487e-02  +2.663667e-06  +4.513799e-06  +2.880372e-02  
-7.158492e-06  +3.571045e-06  +4.929364e-05  +2.929874e-05  -7.072781e-06  -1.821923e-05  -1.265789e-05  -9.921608e-05  +4.450980e-05  -2.945923e-04  +4.340718e-04  -6.452790e-05  +4.467222e-05  -2.094818e-02  +3.653577e-06  +6.283988e-07  -2.731066e-02  +3.521928e-06  -1.529025e-06  -1.305858e-02  -1.938556e-06  -3.138018e-06  -2.128671e-02  
+6.861938e-03  -2.873564e-03  -7.256007e-02  -7.407900e-02  +1.540143e-02  +1.474070e-02  +1.862154e-02  +7.082175e-02  -3.194870e-02  +2.076919e-01  -3.927628e-01  +2.977818e-02  -2.094818e-02  +2.313025e+01  -2.178986e-03  +5.055594e-04  +2.088205e+01  -2.656034e-03  +3.766630e-04  +8.930161e+00  +1.277552e-03  +2.786271e-03  +1.422688e+01  
-7.590985e-07  +4.636730e-07  +5.279915e-06  +8.703347e-06  -9.658699e-07  -1.658896e-06  -1.127669e-06  -8.647969e-06  +4.500344e-06  -3.018303e-05  +4.268529e-05  -4.848507e-06  +3.653577e-06  -2.178986e-03  +9.157557e-07  +3.340729e-08  -2.766451e-03  +4.763207e-07  +1.632948e-08  -8.332255e-04  -8.521228e-08  -2.360198e-07  -2.025499e-03  
+1.374012e-07  -3.612816e-08  -2.567740e-06  -6.808689e-06  +3.973477e-07  +2.111172e-07  +8.093555e-07  -2.175377e-06  -2.299317e-07  +1.210748e-06  -5.300566e-06  -7.227452e-07  +6.283988e-07  +5.055594e-04  +3.340729e-08  +6.439479e-07  +3.101143e-04  +2.338758e-07  +4.391436e-09  +3.770601e-05  -2.080843e-08  +1.453438e-07  -2.018439e-04  
+6.682997e-03  -2.918120e-03  -5.829229e-02  -6.057046e-02  +1.139956e-02  +1.443823e-02  +1.562021e-02  +6.949753e-02  -3.522037e-02  +2.302889e-01  -3.741375e-01  +3.827343e-02  -2.731066e-02  +2.088205e+01  -2.766451e-03  +3.101143e-04  +2.327321e+01  -2.899364e-03  +8.266638e-04  +9.646994e+00  +1.443629e-03  +2.667916e-03  +1.658184e+01  
-8.334938e-07  +5.035430e-07  +6.492393e-06  +6.684033e-06  -1.901910e-06  -1.969443e-06  -2.884763e-07  -1.374656e-05  +4.517640e-06  -3.162040e-05  +5.003733e-05  -4.371934e-06  +3.521928e-06  -2.656034e-03  +4.763207e-07  +2.338758e-07  -2.899364e-03  +1.256205e-06  -3.046643e-08  -8.999095e-04  -2.246428e-07  -1.532482e-07  -2.704007e-03  
+1.786244e-07  +4.485191e-08  +4.000791e-07  +4.311000e-06  -4.611990e-08  +4.987320e-07  +6.904065e-07  -1.033433e-06  -9.473771e-07  +5.237301e-06  -5.250474e-06  +2.124716e-06  -1.529025e-06  +3.766630e-04  +1.632948e-08  +4.391436e-09  +8.266638e-04  -3.046643e-08  +7.244732e-07  +4.459625e-04  +1.913824e-07  +7.667845e-08  +5.497575e-04  
+2.753945e-03  -1.081248e-03  -2.515122e-02  -1.514299e-02  +4.292746e-03  +6.296509e-03  +7.460711e-03  +2.964953e-02  -1.527554e-02  +9.849521e-02  -1.633195e-01  +1.982487e-02  -1.305858e-02  +8.930161e+00  -8.332255e-04  +3.770601e-05  +9.646994e+00  -8.999095e-04  +4.459625e-04  +6.328485e+00  +6.146025e-04  +1.294459e-03  +6.866249e+00  
+4.673965e-07  -1.290230e-07  -4.751367e-06  -2.307801e-06  +1.186255e-06  +1.195752e-06  +9.340204e-07  +5.988674e-06  -2.114184e-06  +1.396261e-05  -2.652932e-05  +2.663667e-06  -1.938556e-06  +1.277552e-03  -8.521228e-08  -2.080843e-08  +1.443629e-03  -2.246428e-07  +1.913824e-07  +6.146025e-04  +5.037620e-07  +2.530130e-07  +1.119742e-03  
+8.626939e-07  -3.980879e-07  -8.691461e-06  -1.147140e-05  +1.488246e-06  +1.754333e-06  +1.643299e-06  +1.071462e-05  -4.198533e-06  +2.758327e-05  -4.741236e-05  +4.513799e-06  -3.138018e-06  +2.786271e-03  -2.360198e-07  +1.453438e-07  +2.667916e-03  -1.532482e-07  +7.667845e-08  +1.294459e-03  +2.530130e-07  +9.638053e-07  +2.232493e-03  
+4.758007e-03  -2.035276e-03  -3.598745e-02  -4.282578e-02  +6.800708e-03  +9.651043e-03  +6.256041e-03  +6.012522e-02  -2.571730e-02  +1.722058e-01  -2.564364e-01  +2.880372e-02  -2.128671e-02  +1.422688e+01  -2.025499e-03  -2.018439e-04  +1.658184e+01  -2.704007e-03  +5.497575e-04  +6.866249e+00  +1.119742e-03  +2.232493e-03  +1.485082e+01  
