mean:
+4.019296e+00  +3.960547e+00  +8.551863e-01  +1.325585e+00  +1.230434e+00  +5.029492e-01  +8.228772e-01  +1.301528e+00  +1.766504e-01  +1.968967e+00  +5.702214e+00  +3.659782e+00  +2.856735e+00  +2.146716e+02  +4.309506e+00  +5.128607e+00  +2.936748e+02  +5.253090e+00  +3.798054e+00  +3.378172e+02  +2.879935e+00  +4.480340e+00  +4.015609e+02  
covariance:
+3.196542e-06  +3.195488e-07  -1.876774e-06  -1.427495e-05  -1.514822e-06  -4.413441e-06  +8.302621e-06  +1.626196e-05  +6.894055e-06  -6.632377e-05  +1.669043e-04  -7.919652e-07  -3.546640e-07  -5.361897e-03  +5.996955e-07  -1.948226e-07  -9.782848e-03  -1.628761e-07  -2.264487e-08  -1.006605e-02  -7.162260e-07  -1.520271e-07  -7.957887e-03  
+3.195488e-07  +1.651234e-06  -4.461978e-07  -1.780501e-06  -3.369160e-07  -6.889708e-07  +1.093237e-06  +1.600533e-06  +1.006577e-06  -9.757793e-06  +2.683346e-05  -2.151809e-07  -1.739116e-07  -8.967541e-04  +4.365587e-08  -7.470388e-08  -1.660375e-03  +7.695964e-09  -1.218829e-07  -1.617877e-03  +5.050911e-09  -7.324204e-08  -1.175472e-03  
-1.876774e-06  -4.461978e-07  +1.745828e-05  +5.063757e-06  +1.691761e-06  +4.629693e-06  -7.563688e-06  -1.160112e-05  -1.126573e-05  +9.296541e-05  -1.387618e-04  +1.694657e-06  +1.285343e-06  +7.452228e-03  -5.884546e-08  -2.333434e-08  +1.355353e-02  -1.863937e-06  -1.238656e-07  +1.051982e-02  +5.989948e-07  -1.712190e-07  +9.704993e-03  
-1.427495e-05  -1.780501e-06  +5.063757e-06  +2.017362e-04  +1.142819e-05  +2.786188e-05  -5.981269e-05  -1.560273e-04  -4.988681e-05  +4.779582e-04  -1.163944e-03  +7.833770e-06  +1.557179e-06  +3.943510e-02  -8.708593e-06  +1.960066e-06  +6.652832e-02  +2.658044e-06  +3.716695e-07  +7.739852e-02  +7.171039e-06  +1.484060e-06  +5.936174e-02  
-1.514822e-06  -3.369160e-07  +1.691761e-06  +1.142819e-05  +3.137795e-06  +4.394860e-06  -8.504472e-06  -1.363112e-05  -4.807199e-06  +5.247354e-05  -1.373194e-04  +5.529814e-07  +5.014721e-07  +5.067264e-03  -4.438535e-07  +1.539287e-07  +8.520997e-03  -6.825043e-08  +2.321103e-07  +8.194847e-03  +8.170232e-07  -4.165165e-08  +6.492316e-03  
-4.413441e-06  -6.889708e-07  +4.629693e-06  +2.786188e-05  +4.394860e-06  +1.649390e-05  -3.001945e-05  -3.313136e-05  -9.882190e-06  +1.370617e-04  -4.594042e-04  +7.343824e-07  +2.899334e-07  +1.391831e-02  -2.632923e-07  +3.351710e-07  +2.495360e-02  +3.805908e-07  -3.098010e-08  +2.392085e-02  +2.004536e-06  +7.961789e-07  +2.134195e-02  
+8.302621e-06  +1.093237e-06  -7.563688e-06  -5.981269e-05  -8.504472e-06  -3.001945e-05  +7.572223e-05  +6.557919e-05  +1.276713e-05  -2.461441e-04  +8.856393e-04  -2.030873e-06  -1.130812e-06  -2.956224e-02  +2.083830e-06  -1.323494e-06  -4.623560e-02  -5.664001e-07  +2.582426e-07  -4.717336e-02  -3.757173e-06  -1.031352e-06  -4.334086e-02  
+1.626196e-05  +1.600533e-06  -1.160112e-05  -1.560273e-04  -1.363112e-05  -3.313136e-05  +6.557919e-05  +2.640030e-04  +7.782333e-05  -6.829986e-04  +1.371774e-03  -1.051588e-05  -1.869162e-06  -4.953547e-02  +1.252794e-05  -8.166012e-07  -8.786730e-02  -2.771991e-06  +2.254785e-06  -9.246429e-02  -1.114055e-05  -3.326867e-06  -7.576518e-02  
+6.894055e-06  +1.006577e-06  -1.126573e-05  -4.988681e-05  -4.807199e-06  -9.882190e-06  +1.276713e-05  +7.782333e-05  +4.036916e-05  -3.069599e-04  +4.879496e-04  -4.352123e-06  -2.173984e-06  -1.789620e-02  +3.976554e-06  -3.371158e-07  -3.693729e-02  -2.071283e-07  +6.250267e-07  -3.646315e-02  -3.600398e-06  -2.184612e-07  -2.747431e-02  
-6.632377e-05  -9.757793e-06  +9.296541e-05  +4.779582e-04  +5.247354e-05  +1.370617e-04  -2.461441e-04  -6.829986e-04  -3.069599e-04  +2.678050e-03  -5.447960e-03  +3.476241e-05  +1.628616e-05  +1.891569e-01  -3.046175e-05  +4.778067e-06  +3.604008e-01  +3.073523e-06  -4.153985e-06  +3.590166e-01  +3.298121e-05  +4.635500e-06  +2.866367e-01  
+1.669043e-04  +2.683346e-05  -1.387618e-04  -1.163944e-03  -1.373194e-04  -4.594042e-04  +8.856393e-04  +1.371774e-03  +4.879496e-04  -5.447960e-03  +1.605278e-02  -6.329154e-05  -1.552957e-05  -4.918407e-01  +3.728667e-05  -1.417222e-05  -8.741694e-01  -1.675061e-05  -5.373187e-06  -8.902270e-01  -6.583691e-05  -2.649928e-05  -7.403662e-01  
-7.919652e-07  -2.151809e-07  +1.694657e-06  +7.833770e-06  +5.529814e-07  +7.343824e-07  -2.030873e-06  -1.051588e-05  -4.352123e-06  +3.476241e-05  -6.329154e-05  +1.607850e-06  +2.230448e-07  +2.668375e-03  -6.379104e-07  +1.636518e-07  +4.209570e-03  -1.616985e-07  -3.136602e-08  +4.721312e-03  +1.735943e-07  +1.559262e-07  +3.844841e-03  
-3.546640e-07  -1.739116e-07  +1.285343e-06  +1.557179e-06  +5.014721e-07  +2.899334e-07  -1.130812e-06  -1.869162e-06  -2.173984e-06  +1.628616e-05  -1.552957e-05  +2.230448e-07  +1.199522e-06  +1.911324e-03  -2.723882e-07  +2.481206e-07  +2.213542e-03  -9.488484e-08  +3.864870e-07  +2.390068e-03  +1.142355e-07  -2.866551e-07  +1.079533e-03  
-5.361897e-03  -8.967541e-04  +7.452228e-03  +3.943510e-02  +5.067264e-03  +1.391831e-02  -2.956224e-02  -4.953547e-02  -1.789620e-02  +1.891569e-01  -4.918407e-01  +2.668375e-03  +1.911324e-03  +1.939280e+01  -1.593891e-03  +8.311823e-04  +2.985125e+01  -9.872770e-06  +6.569675e-04  +3.046364e+01  +2.220354e-03  -4.974656e-05  +2.404654e+01  
+5.996955e-07  +4.365587e-08  -5.884546e-08  -8.708593e-06  -4.438535e-07  -2.632923e-07  +2.083830e-06  +1.252794e-05  +3.976554e-06  -3.046175e-05  +3.728667e-05  -6.379104e-07  -2.723882e-07  -1.593891e-03  +1.417798e-06  -1.314022e-08  -3.063889e-03  -1.094789e-07  +2.316643e-07  -3.892933e-03  -5.356658e-07  -2.804526e-07  -3.040629e-03  
-1.948226e-07  -7.470388e-08  -2.333434e-08  +1.960066e-06  +1.539287e-07  +3.351710e-07  -1.323494e-06  -8.166012e-07  -3.371158e-07  +4.778067e-06  -1.417222e-05  +1.636518e-07  +2.481206e-07  +8.311823e-04  -1.314022e-08  +4.410418e-07  +7.513326e-04  +1.538608e-08  +8.646341e-09  +1.063034e-03  +1.509066e-08  -1.279761e-07  +7.060190e-04  
-9.782848e-03  -1.660375e-03  +1.355353e-02  +6.652832e-02  +8.520997e-03  +2.495360e-02  -4.623560e-02  -8.786730e-02  -3.693729e-02  +3.604008e-01  -8.741694e-01  +4.209570e-03  +2.213542e-03  +2.985125e+01  -3.063889e-03  +7.513326e-04  +5.459174e+01  +2.142466e-04  +6.001679e-05  +5.345959e+01  +4.306890e-03  +7.598464e-04  +4.327176e+01  
-1.628761e-07  +7.695964e-09  -1.863937e-06  +2.658044e-06  -6.825043e-08  +3.805908e-07  -5.664001e-07  -2.771991e-06  -2.071283e-07  +3.073523e-06  -1.675061e-05  -1.616985e-07  -9.488484e-08  -9.872770e-06  -1.094789e-07  +1.538608e-08  +2.142466e-04  +7.596957e-07  -7.575112e-08  +7.470355e-04  +1.627849e-07  +2.106521e-07  +7.473333e-04  
-2.264487e-08  -1.218829e-07  -1.238656e-07  +3.716695e-07  +2.321103e-07  -3.098010e-08  +2.582426e-07  +2.254785e-06  +6.250267e-07  -4.153985e-06  -5.373187e-06  -3.136602e-08  +3.864870e-07  +6.569675e-04  +2.316643e-07  +8.646341e-09  +6.001679e-05  -7.575112e-08  +8.882508e-07  +2.171419e-04  -2.159138e-07  -1.401847e-07  -8.502957e-04  
-1.006605e-02  -1.617877e-03  +1.051982e-02  +7.739852e-02  +8.194847e-03  +2.392085e-02  -4.717336e-02  -9.246429e-02  -3.646315e-02  +3.590166e-01  -8.902270e-01  +4.721312e-03  +2.390068e-03  +3.046364e+01  -3.892933e-03  +1.063034e-03  +5.345959e+01  +7.470355e-04  +2.171419e-04  +5.573396e+01  +4.246013e-03  +7.518300e-04  +4.417491e+01  
-7.162260e-07  +5.050911e-09  +5.989948e-07  +7.171039e-06  +8.170232e-07  +2.004536e-06  -3.757173e-06  -1.114055e-05  -3.600398e-06  +3.298121e-05  -6.583691e-05  +1.735943e-07  +1.142355e-07  +2.220354e-03  -5.356658e-07  +1.509066e-08  +4.306890e-03  +1.627849e-07  -2.159138e-07  +4.246013e-03  +1.070334e-06  +2.668853e-07  +3.578966e-03  
-1.520271e-07  -7.324204e-08  -1.712190e-07  +1.484060e-06  -4.165165e-08  +7.961789e-07  -1.031352e-06  -3.326867e-06  -2.184612e-07  +4.635500e-06  -2.649928e-05  +1.559262e-07  -2.866551e-07  -4.974656e-05  -2.804526e-07  -1.279761e-07  +7.598464e-04  +2.106521e-07  -1.401847e-07  +7.518300e-04  +2.668853e-07  +1.124947e-06  +1.314974e-03  
-7.957887e-03  -1.175472e-03  +9.704993e-03  +5.936174e-02  +6.492316e-03  +2.134195e-02  -4.334086e-02  -7.576518e-02  -2.747431e-02  +2.866367e-01  -7.403662e-01  +3.844841e-03  +1.079533e-03  +2.404654e+01  -3.040629e-03  +7.060190e-04  +4.327176e+01  +7.473333e-04  -8.502957e-04  +4.417491e+01  +3.578966e-03  +1.314974e-03  +3.864439e+01  
