mean:
+3.981632e+00  +3.953877e+00  +8.518342e-01  +1.336956e+00  +1.413002e+00  +4.079173e-01  +8.351761e-01  +1.394123e+00  +1.655455e-01  +1.910172e+00  +5.936110e+00  +3.591802e+00  +2.698557e+00  +1.998826e+02  +4.309411e+00  +5.293592e+00  +2.747719e+02  +5.453296e+00  +3.757763e+00  +3.240226e+02  +2.639717e+00  +4.560112e+00  +3.911405e+02  
covariance:
+1.342652e-06  +1.663048e-07  +2.828280e-06  +7.528263e-06  +3.339703e-06  +2.095302e-06  +6.847614e-06  +9.659974e-07  -4.223101e-06  +2.675613e-05  -7.088658e-06  +4.391725e-07  +5.430479e-08  -6.537520e-04  -1.153611e-06  +2.425122e-07  +3.701457e-04  +1.435029e-07  +1.122036e-07  +3.402282e-04  +3.133193e-08  +3.117003e-08  +9.550808e-04  
+1.663048e-07  +9.394118e-07  +1.800038e-07  -9.291894e-07  +6.508807e-08  -9.056290e-08  -1.671389e-07  +4.421482e-07  +7.472277e-08  -3.199046e-07  +1.404640e-06  -8.724668e-08  -4.634619e-08  +2.694602e-05  +1.827954e-08  +4.025932e-08  -1.107752e-04  +7.525575e-09  -2.005858e-08  -2.029679e-05  -5.435906e-08  -1.677692e-08  -1.287175e-04  
+2.828280e-06  +1.800038e-07  +4.232087e-05  +7.334763e-05  +2.210752e-05  +1.698753e-05  +5.179666e-05  +2.961576e-05  -3.203922e-05  +2.136481e-04  -2.353146e-05  +4.033186e-06  +9.913428e-07  -7.126787e-03  -7.407582e-06  +1.234908e-06  +2.744325e-03  +8.178378e-07  -1.758884e-07  +6.889010e-04  -1.820335e-06  -1.788078e-07  +5.558987e-03  
+7.528263e-06  -9.291894e-07  +7.334763e-05  +5.264476e-04  +1.119478e-04  +8.097483e-05  +2.187441e-04  +1.610718e-04  -1.041181e-04  +6.745449e-04  -2.285106e-04  +1.357832e-05  +3.687098e-06  -2.806788e-02  -3.405549e-05  +1.408940e-05  +1.197169e-02  +7.697455e-06  +3.544426e-06  +3.379607e-02  +2.168479e-06  +6.433998e-06  +4.626069e-02  
+3.339703e-06  +6.508807e-08  +2.210752e-05  +1.119478e-04  +9.638922e-05  +2.240383e-05  +9.601446e-05  +4.322812e-05  -4.484835e-05  +2.902100e-04  -1.370126e-04  +5.790461e-06  +2.695647e-07  -9.835326e-03  -2.787845e-05  +4.831789e-06  -5.422499e-04  +2.416256e-06  +2.123806e-06  +8.743618e-03  +2.002559e-06  +2.153250e-06  +6.407537e-03  
+2.095302e-06  -9.056290e-08  +1.698753e-05  +8.097483e-05  +2.240383e-05  +1.701870e-05  +4.804066e-05  +1.352390e-05  -2.532239e-05  +1.682485e-04  -4.804061e-05  +2.934852e-06  +2.602272e-07  -5.674534e-03  -7.549237e-06  +2.022768e-06  +2.800421e-03  +1.435179e-06  +6.177093e-07  +4.479883e-03  +3.262837e-07  +9.199724e-07  +8.908853e-03  
+6.847614e-06  -1.671389e-07  +5.179666e-05  +2.187441e-04  +9.601446e-05  +4.804066e-05  +1.696648e-04  +4.145084e-05  -8.609787e-05  +5.697508e-04  -2.024312e-04  +1.067369e-05  +5.528855e-08  -1.785394e-02  -3.481778e-05  +6.713775e-06  +6.741593e-03  +4.942989e-06  +2.292829e-06  +1.239761e-02  +1.870796e-06  +2.609661e-06  +2.183607e-02  
+9.659974e-07  +4.421482e-07  +2.961576e-05  +1.610718e-04  +4.322812e-05  +1.352390e-05  +4.145084e-05  +1.894063e-04  -1.611655e-05  +9.006351e-05  -2.844649e-05  +7.081934e-07  +2.621818e-06  -8.102046e-03  -8.926585e-06  +7.738341e-06  +2.408810e-05  +1.732844e-06  +1.950175e-06  +1.296398e-02  +3.513642e-07  +3.997843e-07  +3.475882e-03  
-4.223101e-06  +7.472277e-08  -3.203922e-05  -1.041181e-04  -4.484835e-05  -2.532239e-05  -8.609787e-05  -1.611655e-05  +4.819462e-05  -3.210768e-04  +9.197872e-05  -6.093443e-06  -9.058534e-08  +8.996521e-03  +1.641578e-05  -3.152479e-06  -4.358152e-03  -2.480986e-06  -1.069966e-06  -5.069286e-03  -5.836444e-07  -8.034322e-07  -1.179976e-02  
+2.675613e-05  -3.199046e-07  +2.136481e-04  +6.745449e-04  +2.902100e-04  +1.682485e-04  +5.697508e-04  +9.006351e-05  -3.210768e-04  +2.171749e-03  -6.204660e-04  +4.197483e-05  +1.744728e-07  -5.887411e-02  -1.073987e-04  +2.040369e-05  +3.084437e-02  +1.682989e-05  +6.913113e-06  +3.165580e-02  +3.577273e-06  +4.439278e-06  +7.966347e-02  
-7.088658e-06  +1.404640e-06  -2.353146e-05  -2.285106e-04  -1.370126e-04  -4.804061e-05  -2.024312e-04  -2.844649e-05  +9.197872e-05  -6.204660e-04  +4.081445e-04  -1.575782e-05  +2.374928e-06  +2.027689e-02  +5.336827e-05  -7.256351e-06  -6.442179e-03  -6.205075e-06  -3.655750e-06  -1.514886e-02  -4.971736e-06  -4.478876e-06  -1.921477e-02  
+4.391725e-07  -8.724668e-08  +4.033186e-06  +1.357832e-05  +5.790461e-06  +2.934852e-06  +1.067369e-05  +7.081934e-07  -6.093443e-06  +4.197483e-05  -1.575782e-05  +1.794389e-06  +9.436310e-08  -1.174873e-03  -2.426989e-06  +1.700447e-07  +3.772325e-04  +2.305152e-07  -3.070098e-08  +2.562923e-04  -3.646547e-08  -7.298743e-08  +9.736328e-04  
+5.430479e-08  -4.634619e-08  +9.913428e-07  +3.687098e-06  +2.695647e-07  +2.602272e-07  +5.528855e-08  +2.621818e-06  -9.058534e-08  +1.744728e-07  +2.374928e-06  +9.436310e-08  +1.079022e-06  +4.034240e-04  +3.990631e-07  +3.458473e-07  +6.186241e-05  +4.145687e-08  +1.860060e-07  +7.170619e-04  -5.712749e-08  -9.432231e-08  +1.732486e-04  
-6.537520e-04  +2.694602e-05  -7.126787e-03  -2.806788e-02  -9.835326e-03  -5.674534e-03  -1.785394e-02  -8.102046e-03  +8.996521e-03  -5.887411e-02  +2.027689e-02  -1.174873e-03  +4.034240e-04  +3.154466e+00  +3.559790e-03  -3.569811e-04  -6.900266e-01  -3.214894e-04  -1.089622e-04  -9.987782e-01  -8.319353e-05  -4.327503e-04  -2.020363e+00  
-1.153611e-06  +1.827954e-08  -7.407582e-06  -3.405549e-05  -2.787845e-05  -7.549237e-06  -3.481778e-05  -8.926585e-06  +1.641578e-05  -1.073987e-04  +5.336827e-05  -2.426989e-06  +3.990631e-07  +3.559790e-03  +1.120321e-05  -1.457167e-06  +3.387683e-04  -8.649005e-07  -6.872706e-07  -2.373416e-03  -8.319462e-07  -6.262339e-07  -1.871356e-03  
+2.425122e-07  +4.025932e-08  +1.234908e-06  +1.408940e-05  +4.831789e-06  +2.022768e-06  +6.713775e-06  +7.738341e-06  -3.152479e-06  +2.040369e-05  -7.256351e-06  +1.700447e-07  +3.458473e-07  -3.569811e-04  -1.457167e-06  +1.106198e-06  +3.242816e-04  +4.391991e-07  +3.117334e-07  +1.646526e-03  +2.414051e-07  +1.384548e-07  +1.235522e-03  
+3.701457e-04  -1.107752e-04  +2.744325e-03  +1.197169e-02  -5.422499e-04  +2.800421e-03  +6.741593e-03  +2.408810e-05  -4.358152e-03  +3.084437e-02  -6.442179e-03  +3.772325e-04  +6.186241e-05  -6.900266e-01  +3.387683e-04  +3.242816e-04  +1.911450e+00  +4.880369e-04  +5.849277e-05  +4.462661e-01  +5.452060e-05  +9.399645e-05  +1.917371e+00  
+1.435029e-07  +7.525575e-09  +8.178378e-07  +7.697455e-06  +2.416256e-06  +1.435179e-06  +4.942989e-06  +1.732844e-06  -2.480986e-06  +1.682989e-05  -6.205075e-06  +2.305152e-07  +4.145687e-08  -3.214894e-04  -8.649005e-07  +4.391991e-07  +4.880369e-04  +8.443974e-07  +4.837879e-08  +6.797871e-04  -2.204053e-09  +2.432120e-07  +1.266517e-03  
+1.122036e-07  -2.005858e-08  -1.758884e-07  +3.544426e-06  +2.123806e-06  +6.177093e-07  +2.292829e-06  +1.950175e-06  -1.069966e-06  +6.913113e-06  -3.655750e-06  -3.070098e-08  +1.860060e-07  -1.089622e-04  -6.872706e-07  +3.117334e-07  +5.849277e-05  +4.837879e-08  +5.893151e-07  +6.349625e-04  +2.188084e-07  -2.383696e-08  +4.150708e-04  
+3.402282e-04  -2.029679e-05  +6.889010e-04  +3.379607e-02  +8.743618e-03  +4.479883e-03  +1.239761e-02  +1.296398e-02  -5.069286e-03  +3.165580e-02  -1.514886e-02  +2.562923e-04  +7.170619e-04  -9.987782e-01  -2.373416e-03  +1.646526e-03  +4.462661e-01  +6.797871e-04  +6.349625e-04  +4.633293e+00  +6.748204e-04  +7.170672e-04  +3.895082e+00  
+3.133193e-08  -5.435906e-08  -1.820335e-06  +2.168479e-06  +2.002559e-06  +3.262837e-07  +1.870796e-06  +3.513642e-07  -5.836444e-07  +3.577273e-06  -4.971736e-06  -3.646547e-08  -5.712749e-08  -8.319353e-05  -8.319462e-07  +2.414051e-07  +5.452060e-05  -2.204053e-09  +2.188084e-07  +6.748204e-04  +7.465787e-07  +1.227362e-07  +1.357993e-04  
+3.117003e-08  -1.677692e-08  -1.788078e-07  +6.433998e-06  +2.153250e-06  +9.199724e-07  +2.609661e-06  +3.997843e-07  -8.034322e-07  +4.439278e-06  -4.478876e-06  -7.298743e-08  -9.432231e-08  -4.327503e-04  -6.262339e-07  +1.384548e-07  +9.399645e-05  +2.432120e-07  -2.383696e-08  +7.170672e-04  +1.227362e-07  +6.173726e-07  +7.928219e-04  
+9.550808e-04  -1.287175e-04  +5.558987e-03  +4.626069e-02  +6.407537e-03  +8.908853e-03  +2.183607e-02  +3.475882e-03  -1.179976e-02  +7.966347e-02  -1.921477e-02  +9.736328e-04  +1.732486e-04  -2.020363e+00  -1.871356e-03  +1.235522e-03  +1.917371e+00  +1.266517e-03  +4.150708e-04  +3.895082e+00  +1.357993e-04  +7.928219e-04  +8.643080e+00  
