mean:
+3.911678e+00  +3.897940e+00  +8.678844e-01  +1.368806e+00  +1.438513e+00  +6.040674e-01  +8.220012e-01  +1.401426e+00  +1.602009e-01  +1.858883e+00  +5.868980e+00  +3.484382e+00  +2.610443e+00  +1.971992e+02  +4.262733e+00  +5.275407e+00  +2.815764e+02  +5.350048e+00  +3.758101e+00  +3.261667e+02  +2.640268e+00  +4.559369e+00  +3.964857e+02  
covariance:
+4.406605e-06  -1.061279e-06  +8.081720e-06  +3.871385e-05  -1.010601e-06  +1.308953e-06  +1.177774e-05  +6.739327e-06  -3.230382e-06  +1.918716e-05  -4.612058e-05  -1.030491e-07  +5.846631e-07  -1.403407e-04  +1.278519e-07  +7.822419e-07  +2.039449e-03  -2.903895e-08  +2.314316e-08  +1.482999e-03  -9.920651e-08  +2.708519e-07  +3.365633e-03  
-1.061279e-06  +9.220855e-07  +8.435802e-07  +4.869744e-06  -1.722765e-07  +1.119987e-07  +1.023541e-06  +1.544749e-06  -5.256956e-07  +2.804111e-06  -7.172952e-06  -3.691136e-08  +9.929770e-08  -7.399203e-05  -2.677421e-08  +1.204577e-07  +3.089767e-04  -6.185126e-08  +8.496294e-08  +2.410610e-04  -1.712280e-08  -3.372864e-08  +3.613350e-04  
+8.081720e-06  +8.435802e-07  +5.438970e-05  +2.372521e-04  -6.423316e-06  +4.061117e-06  +6.436516e-05  +4.060478e-05  -1.735832e-05  +1.190517e-04  -2.682940e-04  -1.003190e-06  +3.038030e-06  -2.334899e-03  -2.201587e-07  +4.443777e-06  +1.291595e-02  -8.562382e-07  +7.608634e-07  +1.024159e-02  -3.413600e-07  +1.443980e-06  +1.775894e-02  
+3.871385e-05  +4.869744e-06  +2.372521e-04  +1.294809e-03  -3.032053e-05  +6.185414e-06  +3.189819e-04  +2.680581e-04  -8.029281e-05  +5.214205e-04  -1.254972e-03  -6.098943e-06  +1.708992e-05  -8.863642e-03  +3.177106e-06  +2.086384e-05  +5.336221e-02  -4.090930e-06  +8.981999e-06  +5.470770e-02  -2.956474e-06  +2.236518e-06  +9.014646e-02  
-1.010601e-06  -1.722765e-07  -6.423316e-06  -3.032053e-05  +2.603021e-05  -3.902708e-07  -3.019671e-06  +1.233680e-05  +2.886023e-06  -2.251592e-05  +3.110321e-05  -5.364304e-11  -1.171134e-06  +1.309296e-04  +1.045441e-06  -7.537614e-07  -1.936436e-03  -9.527089e-07  -1.948696e-07  +1.016990e-04  -4.191464e-07  -6.351977e-07  -3.512661e-03  
+1.308953e-06  +1.119987e-07  +4.061117e-06  +6.185414e-06  -3.902708e-07  +5.016456e-06  +7.125884e-06  -4.779027e-06  -2.602650e-06  +1.975969e-05  -4.514396e-05  +5.754527e-07  +7.099467e-07  +2.677080e-04  -3.632938e-07  +7.443408e-07  +2.718676e-03  +2.609103e-07  -1.990733e-07  -7.452514e-04  -1.604400e-07  +6.910596e-07  +2.300242e-03  
+1.177774e-05  +1.023541e-06  +6.436516e-05  +3.189819e-04  -3.019671e-06  +7.125884e-06  +9.410926e-05  +5.539745e-05  -2.329587e-05  +1.476869e-04  -3.564284e-04  -1.478511e-06  +3.884930e-06  -2.238026e-03  +6.206236e-07  +6.016285e-06  +1.624823e-02  -1.001417e-06  +1.298372e-06  +1.533366e-02  -6.062114e-07  +8.189020e-07  +2.474392e-02  
+6.739327e-06  +1.544749e-06  +4.060478e-05  +2.680581e-04  +1.233680e-05  -4.779027e-06  +5.539745e-05  +2.410688e-04  -8.156139e-06  +4.126917e-05  -2.382234e-04  -2.431004e-06  +5.762692e-06  -2.753118e-03  +6.701140e-06  +4.998360e-06  +4.169678e-03  -2.908092e-06  +5.770680e-06  +1.101314e-02  -1.881427e-06  +2.806873e-07  +1.226667e-02  
-3.230382e-06  -5.256956e-07  -1.735832e-05  -8.029281e-05  +2.886023e-06  -2.602650e-06  -2.329587e-05  -8.156139e-06  +7.359273e-06  -4.579246e-05  +9.724747e-05  +1.498779e-07  -1.178259e-06  +4.564689e-04  +2.938273e-07  -1.629229e-06  -4.924053e-03  +1.976803e-07  -1.899127e-07  -3.286793e-03  +2.126315e-07  -4.213303e-07  -6.785358e-03  
+1.918716e-05  +2.804111e-06  +1.190517e-04  +5.214205e-04  -2.251592e-05  +1.975969e-05  +1.476869e-04  +4.126917e-05  -4.579246e-05  +3.251933e-04  -6.736651e-04  -5.724273e-09  +8.308894e-06  -3.126082e-03  -3.095224e-06  +1.094679e-05  +3.484032e-02  -1.386934e-06  +1.059092e-06  +1.834267e-02  -1.267871e-06  +3.845212e-06  +4.517258e-02  
-4.612058e-05  -7.172952e-06  -2.682940e-04  -1.254972e-03  +3.110321e-05  -4.514396e-05  -3.564284e-04  -2.382234e-04  +9.724747e-05  -6.736651e-04  +1.640072e-03  +1.470301e-06  -2.179873e-05  +9.013886e-03  -1.255114e-06  -2.650001e-05  -7.529615e-02  +3.763742e-06  -5.917966e-06  -4.621733e-02  +3.837155e-06  -7.637731e-06  -1.041099e-01  
-1.030491e-07  -3.691136e-08  -1.003190e-06  -6.098943e-06  -5.364304e-11  +5.754527e-07  -1.478511e-06  -2.431004e-06  +1.498779e-07  -5.724273e-09  +1.470301e-06  +4.339562e-07  +7.651064e-08  +1.935770e-04  -7.546215e-08  -4.795922e-08  +8.210065e-05  +2.815194e-08  -6.361956e-09  -6.638096e-04  -3.915352e-08  +1.197395e-07  -2.409008e-04  
+5.846631e-07  +9.929770e-08  +3.038030e-06  +1.708992e-05  -1.171134e-06  +7.099467e-07  +3.884930e-06  +5.762692e-06  -1.178259e-06  +8.308894e-06  -2.179873e-05  +7.651064e-08  +8.801784e-07  -4.770883e-05  +1.759047e-07  +3.891626e-07  +1.016678e-03  +4.357206e-08  +3.309956e-07  -4.841081e-06  -1.228180e-07  +2.244007e-07  +1.481919e-03  
-1.403407e-04  -7.399203e-05  -2.334899e-03  -8.863642e-03  +1.309296e-04  +2.677080e-04  -2.238026e-03  -2.753118e-03  +4.564689e-04  -3.126082e-03  +9.013886e-03  +1.935770e-04  -4.770883e-05  +8.122987e-01  +1.481788e-05  -1.388750e-04  -5.082540e-01  +4.058564e-05  +3.765321e-05  -5.921811e-01  -2.120548e-05  +4.745099e-05  -2.992062e-01  
+1.278519e-07  -2.677421e-08  -2.201587e-07  +3.177106e-06  +1.045441e-06  -3.632938e-07  +6.206236e-07  +6.701140e-06  +2.938273e-07  -3.095224e-06  -1.255114e-06  -7.546215e-08  +1.759047e-07  +1.481788e-05  +7.570848e-07  -1.073081e-08  -2.675240e-04  -2.814390e-08  +2.208228e-07  -8.215211e-06  -1.385303e-07  +8.679092e-09  +2.204380e-04  
+7.822419e-07  +1.204577e-07  +4.443777e-06  +2.086384e-05  -7.537614e-07  +7.443408e-07  +6.016285e-06  +4.998360e-06  -1.629229e-06  +1.094679e-05  -2.650001e-05  -4.795922e-08  +3.891626e-07  -1.388750e-04  -1.073081e-08  +6.804504e-07  +1.334760e-03  -2.120441e-11  +1.089953e-07  +8.473947e-04  -1.936759e-08  +6.815211e-08  +1.554806e-03  
+2.039449e-03  +3.089767e-04  +1.291595e-02  +5.336221e-02  -1.936436e-03  +2.718676e-03  +1.624823e-02  +4.169678e-03  -4.924053e-03  +3.484032e-02  -7.529615e-02  +8.210065e-05  +1.016678e-03  -5.082540e-01  -2.675240e-04  +1.334760e-03  +4.401233e+00  -3.988550e-05  +1.443986e-04  +1.792539e+00  -1.928879e-04  +4.627277e-04  +4.603894e+00  
-2.903895e-08  -6.185126e-08  -8.562382e-07  -4.090930e-06  -9.527089e-07  +2.609103e-07  -1.001417e-06  -2.908092e-06  +1.976803e-07  -1.386934e-06  +3.763742e-06  +2.815194e-08  +4.357206e-08  +4.058564e-05  -2.814390e-08  -2.120441e-11  -3.988550e-05  +5.149267e-07  +1.978505e-08  -2.580467e-04  +3.212600e-08  +3.156897e-08  -1.752045e-04  
+2.314316e-08  +8.496294e-08  +7.608634e-07  +8.981999e-06  -1.948696e-07  -1.990733e-07  +1.298372e-06  +5.770680e-06  -1.899127e-07  +1.059092e-06  -5.917966e-06  -6.361956e-09  +3.309956e-07  +3.765321e-05  +2.208228e-07  +1.089953e-07  +1.443986e-04  +1.978505e-08  +5.122134e-07  +1.389787e-04  -9.282030e-08  +1.264355e-08  +3.487374e-04  
+1.482999e-03  +2.410610e-04  +1.024159e-02  +5.470770e-02  +1.016990e-04  -7.452514e-04  +1.533366e-02  +1.101314e-02  -3.286793e-03  +1.834267e-02  -4.621733e-02  -6.638096e-04  -4.841081e-06  -5.921811e-01  -8.215211e-06  +8.473947e-04  +1.792539e+00  -2.580467e-04  +1.389787e-04  +4.568578e+00  +1.236896e-04  -4.260958e-04  +3.307172e+00  
-9.920651e-08  -1.712280e-08  -3.413600e-07  -2.956474e-06  -4.191464e-07  -1.604400e-07  -6.062114e-07  -1.881427e-06  +2.126315e-07  -1.267871e-06  +3.837155e-06  -3.915352e-08  -1.228180e-07  -2.120548e-05  -1.385303e-07  -1.936759e-08  -1.928879e-04  +3.212600e-08  -9.282030e-08  +1.236896e-04  +3.180347e-07  -2.838128e-08  -2.963724e-04  
+2.708519e-07  -3.372864e-08  +1.443980e-06  +2.236518e-06  -6.351977e-07  +6.910596e-07  +8.189020e-07  +2.806873e-07  -4.213303e-07  +3.845212e-06  -7.637731e-06  +1.197395e-07  +2.244007e-07  +4.745099e-05  +8.679092e-09  +6.815211e-08  +4.627277e-04  +3.156897e-08  +1.264355e-08  -4.260958e-04  -2.838128e-08  +4.539162e-07  +4.766809e-04  
+3.365633e-03  +3.613350e-04  +1.775894e-02  +9.014646e-02  -3.512661e-03  +2.300242e-03  +2.474392e-02  +1.226667e-02  -6.785358e-03  +4.517258e-02  -1.041099e-01  -2.409008e-04  +1.481919e-03  -2.992062e-01  +2.204380e-04  +1.554806e-03  +4.603894e+00  -1.752045e-04  +3.487374e-04  +3.307172e+00  -2.963724e-04  +4.766809e-04  +8.429084e+00  
