mean:
+3.930972e+00  +3.907721e+00  +6.587454e-01  -1.234743e+00  +1.690052e+00  +5.911671e-01  +9.304891e-01  +2.117241e+00  +1.105780e-01  +1.987885e+00  +4.738410e+00  +1.905577e+00  +3.007554e+00  +8.024395e+02  +4.960157e+00  +4.479728e+00  +2.015589e+03  
covariance:
+1.429534e-05  +8.638227e-06  -1.281932e-05  +5.145947e-05  +1.906686e-07  +4.164053e-07  -1.065864e-05  -1.513663e-05  +1.785854e-06  -3.352979e-05  +1.324598e-04  -1.424264e-07  +7.491260e-07  +8.645912e-04  +2.443996e-08  -5.384858e-07  -9.581960e-03  
+8.638227e-06  +1.689434e-05  +1.232497e-05  -5.919484e-05  -8.250525e-07  -4.021721e-07  +1.644577e-05  +4.195382e-05  -4.379590e-06  +6.098779e-05  -1.274303e-04  +7.582216e-07  +9.482202e-07  -8.421046e-04  +7.288152e-09  -2.404662e-08  +1.481515e-02  
-1.281932e-05  +1.232497e-05  +1.145751e-04  -4.100400e-04  -9.239079e-06  -6.581804e-06  +1.159885e-04  +1.970073e-04  -2.064852e-05  +3.546440e-04  -1.027975e-03  +2.985781e-06  +1.054899e-06  -3.450004e-03  -1.200453e-06  +1.914389e-06  +8.598666e-02  
+5.145947e-05  -5.919484e-05  -4.100400e-04  +2.259826e-03  -3.970229e-05  +2.854117e-05  -4.139145e-04  -1.017858e-03  +9.328789e-05  -1.626055e-03  +4.186668e-03  -2.106696e-05  -1.302920e-06  +1.222286e-02  +3.278345e-06  -6.968257e-06  -4.370406e-01  
+1.906686e-07  -8.250525e-07  -9.239079e-06  -3.970229e-05  +6.868276e-05  +5.105791e-06  -2.057608e-05  +4.155784e-05  -1.702024e-08  +8.349508e-06  +9.165727e-05  +9.922128e-07  +4.985914e-07  -1.461939e-03  +3.622833e-07  -4.642357e-07  +7.275277e-03  
+4.164053e-07  -4.021721e-07  -6.581804e-06  +2.854117e-05  +5.105791e-06  +8.690878e-06  -1.854642e-05  +1.623433e-05  +1.791439e-06  -6.852253e-06  +3.887521e-05  -4.913856e-07  +3.137713e-07  -4.747132e-03  +1.175870e-07  +8.151410e-08  -2.148538e-04  
-1.065864e-05  +1.644577e-05  +1.159885e-04  -4.139145e-04  -2.057608e-05  -1.854642e-05  +1.823538e-04  +1.847526e-04  -2.580842e-05  +3.508824e-04  -1.104944e-03  +2.495165e-06  +1.683355e-06  +5.962256e-03  -8.675409e-07  +1.986227e-06  +8.383280e-02  
-1.513663e-05  +4.195382e-05  +1.970073e-04  -1.017858e-03  +4.155784e-05  +1.623433e-05  +1.847526e-04  +8.469467e-04  -4.990632e-05  +8.795193e-04  -2.010709e-03  +1.062803e-05  +6.322375e-06  -2.887236e-02  +8.988871e-07  +4.376423e-06  +2.319154e-01  
+1.785854e-06  -4.379590e-06  -2.064852e-05  +9.328789e-05  -1.702024e-08  +1.791439e-06  -2.580842e-05  -4.990632e-05  +6.079528e-06  -8.294863e-05  +1.963637e-04  -6.914382e-07  -3.905988e-07  +6.098954e-04  +1.204733e-07  -4.423769e-07  -2.024239e-02  
-3.352979e-05  +6.098779e-05  +3.546440e-04  -1.626055e-03  +8.349508e-06  -6.852253e-06  +3.508824e-04  +8.795193e-04  -8.294863e-05  +1.429399e-03  -3.516355e-03  +1.290177e-05  +4.711083e-06  -2.768724e-02  -2.760006e-06  +7.099665e-06  +3.602814e-01  
+1.324598e-04  -1.274303e-04  -1.027975e-03  +4.186668e-03  +9.165727e-05  +3.887521e-05  -1.104944e-03  -2.010709e-03  +1.963637e-04  -3.516355e-03  +1.060248e-02  -3.274387e-05  -5.006889e-06  +5.071855e-02  +1.004940e-05  -1.831311e-05  -9.034293e-01  
-1.424264e-07  +7.582216e-07  +2.985781e-06  -2.106696e-05  +9.922128e-07  -4.913856e-07  +2.495165e-06  +1.062803e-05  -6.914382e-07  +1.290177e-05  -3.274387e-05  +7.741312e-07  -2.867991e-08  -1.019478e-04  -2.330897e-08  -1.814446e-08  +3.797807e-03  
+7.491260e-07  +9.482202e-07  +1.054899e-06  -1.302920e-06  +4.985914e-07  +3.137713e-07  +1.683355e-06  +6.322375e-06  -3.905988e-07  +4.711083e-06  -5.006889e-06  -2.867991e-08  +9.056649e-07  -4.140300e-04  +7.339316e-08  +2.206195e-08  +1.452177e-03  
+8.645912e-04  -8.421046e-04  -3.450004e-03  +1.222286e-02  -1.461939e-03  -4.747132e-03  +5.962256e-03  -2.887236e-02  +6.098954e-04  -2.768724e-02  +5.071855e-02  -1.019478e-04  -4.140300e-04  +5.022331e+00  -5.143551e-05  -2.036032e-04  -8.359596e+00  
+2.443996e-08  +7.288152e-09  -1.200453e-06  +3.278345e-06  +3.622833e-07  +1.175870e-07  -8.675409e-07  +8.988871e-07  +1.204733e-07  -2.760006e-06  +1.004940e-05  -2.330897e-08  +7.339316e-08  -5.143551e-05  +2.925543e-07  +3.620048e-10  -6.832347e-04  
-5.384858e-07  -2.404662e-08  +1.914389e-06  -6.968257e-06  -4.642357e-07  +8.151410e-08  +1.986227e-06  +4.376423e-06  -4.423769e-07  +7.099665e-06  -1.831311e-05  -1.814446e-08  +2.206195e-08  -2.036032e-04  +3.620048e-10  +3.220590e-07  +1.491705e-03  
-9.581960e-03  +1.481515e-02  +8.598666e-02  -4.370406e-01  +7.275277e-03  -2.148538e-04  +8.383280e-02  +2.319154e-01  -2.024239e-02  +3.602814e-01  -9.034293e-01  +3.797807e-03  +1.452177e-03  -8.359596e+00  -6.832347e-04  +1.491705e-03  +1.036224e+02  
