mean:
+3.982329e+00  +3.977199e+00  +5.939137e-01  +2.016585e+00  +1.276430e+00  +5.040890e-01  +8.572042e-01  +2.211975e+00  +3.903065e-02  +3.888459e+00  +5.875545e+00  +4.572953e+00  +3.238683e+00  +3.298164e+02  +2.590289e+00  +3.725973e+00  +4.546392e+02  +4.639984e+00  +4.960048e+00  +8.035522e+02  +3.990383e+00  +5.154254e+00  +4.376660e+02  
covariance:
+5.467380e-06  -2.381767e-06  -3.485156e-07  +9.726937e-06  +1.140854e-06  +1.858115e-07  +6.468527e-06  +1.417846e-06  -2.641672e-07  +8.015605e-06  -2.902538e-05  +1.243584e-08  +4.848768e-09  +7.174661e-04  +1.175692e-07  +7.652208e-08  +1.179576e-03  -2.872334e-07  -3.162824e-09  +1.034535e-03  +3.332149e-07  +1.291092e-07  +4.925980e-04  
-2.381767e-06  +4.142787e-06  -1.689464e-06  +2.840422e-06  +1.414912e-06  -1.248443e-06  +3.354603e-06  -3.782133e-06  -1.406237e-07  +7.647669e-06  -3.634796e-05  +2.584201e-07  -1.158773e-07  +6.110701e-04  +1.311474e-07  +1.061825e-07  +1.478658e-03  -1.463010e-07  -5.584966e-09  +2.165768e-03  -1.975523e-07  -1.208517e-08  -3.082983e-04  
-3.485156e-07  -1.689464e-06  +1.476874e-05  -2.843701e-05  -9.660800e-06  +4.892762e-06  -1.831432e-05  -3.195959e-06  +5.870479e-07  -3.389565e-05  +1.563439e-04  -2.328391e-07  -1.846722e-07  -3.337961e-03  +2.986309e-08  -8.970108e-07  -7.446655e-03  -4.734841e-07  +2.261931e-07  -9.176775e-03  +5.457211e-07  -1.015013e-06  +2.139944e-03  
+9.726937e-06  +2.840422e-06  -2.843701e-05  +1.913707e-04  +2.876580e-05  -1.008013e-05  +1.057868e-04  -8.967427e-06  -3.975839e-06  +1.582645e-04  -6.523755e-04  +5.003747e-08  +1.942661e-06  +1.481167e-02  +2.354463e-06  +2.630857e-06  +3.088785e-02  -1.484639e-06  -8.840348e-07  +3.340063e-02  +5.113834e-07  +2.093141e-06  +4.739034e-04  
+1.140854e-06  +1.414912e-06  -9.660800e-06  +2.876580e-05  +3.143215e-05  -1.798750e-06  +2.426196e-05  +1.457725e-05  -9.450099e-07  +3.871568e-05  -1.139448e-04  +1.113203e-06  +7.112108e-08  +2.387663e-03  +5.685444e-07  +1.547677e-06  +8.768977e-03  -1.474181e-07  -2.825863e-07  +8.930663e-03  +8.598180e-08  -2.688393e-07  +1.647585e-03  
+1.858115e-07  -1.248443e-06  +4.892762e-06  -1.008013e-05  -1.798750e-06  +3.061921e-06  -6.065051e-06  +3.889184e-06  +1.691966e-07  -1.465215e-05  +7.582758e-05  -1.220306e-07  +1.502911e-07  -1.368085e-03  +1.629418e-07  -3.134143e-08  -3.173730e-03  -1.379846e-07  +1.928164e-08  -4.461669e-03  +2.389327e-07  -6.629311e-07  +1.676277e-03  
+6.468527e-06  +3.354603e-06  -1.831432e-05  +1.057868e-04  +2.426196e-05  -6.065051e-06  +8.783561e-05  -6.663152e-06  -3.310350e-06  +1.270573e-04  -4.978679e-04  +1.853115e-06  +2.015507e-07  +1.067427e-02  +2.889119e-06  +2.669248e-06  +2.403786e-02  -2.652633e-06  -6.877096e-07  +2.570790e-02  +3.676902e-07  +1.236069e-06  +4.190017e-03  
+1.417846e-06  -3.782133e-06  -3.195959e-06  -8.967427e-06  +1.457725e-05  +3.889184e-06  -6.663152e-06  +1.078160e-04  -1.222317e-07  -1.923355e-05  +2.115797e-04  +4.509978e-07  -9.808615e-07  -2.605931e-03  +3.063105e-07  +1.583759e-06  +1.837184e-03  +1.752900e-06  +1.434772e-06  -5.876536e-03  +8.868444e-07  -2.398164e-06  +3.175094e-03  
-2.641672e-07  -1.406237e-07  +5.870479e-07  -3.975839e-06  -9.450099e-07  +1.691966e-07  -3.310350e-06  -1.222317e-07  +1.549213e-07  -4.791348e-06  +1.726975e-05  -8.186817e-08  -1.026837e-08  -3.803511e-04  -1.105248e-07  -1.012979e-07  -9.103829e-04  +1.024524e-07  +2.268584e-08  -9.160230e-04  -2.567332e-08  -2.032061e-08  -2.110506e-04  
+8.015605e-06  +7.647669e-06  -3.389565e-05  +1.582645e-04  +3.871568e-05  -1.465215e-05  +1.270573e-04  -1.923355e-05  -4.791348e-06  +2.109899e-04  -8.438588e-04  +2.987250e-06  +2.093092e-07  +1.677848e-02  +3.311082e-06  +3.306552e-06  +3.904645e-02  -3.356065e-06  -1.222148e-06  +4.455934e-02  +3.226782e-07  +3.360568e-06  +5.155848e-04  
-2.902538e-05  -3.634796e-05  +1.563439e-04  -6.523755e-04  -1.139448e-04  +7.582758e-05  -4.978679e-04  +2.115797e-04  +1.726975e-05  -8.438588e-04  +3.828178e-03  -8.558350e-06  -1.572312e-06  -7.385737e-02  -1.105531e-05  -1.108127e-05  -1.506633e-01  +1.311347e-05  +6.508704e-06  -1.930348e-01  +1.247575e-06  -2.047826e-05  +1.606552e-02  
+1.243584e-08  +2.584201e-07  -2.328391e-07  +5.003747e-08  +1.113203e-06  -1.220306e-07  +1.853115e-06  +4.509978e-07  -8.186817e-08  +2.987250e-06  -8.558350e-06  +4.981097e-07  -1.540886e-07  +3.189709e-05  +1.467428e-07  +2.093108e-07  +6.962433e-04  -1.206046e-07  +5.863456e-08  +7.298335e-04  +1.932063e-08  -5.683659e-08  +3.735281e-04  
+4.848768e-09  -1.158773e-07  -1.846722e-07  +1.942661e-06  +7.112108e-08  +1.502911e-07  +2.015507e-07  -9.808615e-07  -1.026837e-08  +2.093092e-07  -1.572312e-06  -1.540886e-07  +4.464843e-07  +1.616749e-04  -1.482804e-07  -6.210302e-08  -2.079817e-04  +9.974593e-09  -5.887319e-08  -1.624783e-04  -3.657805e-08  -3.739755e-08  -2.493119e-05  
+7.174661e-04  +6.110701e-04  -3.337961e-03  +1.481167e-02  +2.387663e-03  -1.368085e-03  +1.067427e-02  -2.605931e-03  -3.803511e-04  +1.677848e-02  -7.385737e-02  +3.189709e-05  +1.616749e-04  +1.815845e+00  +1.948259e-04  +1.521325e-04  +2.968852e+00  -2.222007e-04  -6.052099e-05  +3.635250e+00  +5.988328e-05  +2.597615e-04  -1.272329e-01  
+1.175692e-07  +1.311474e-07  +2.986309e-08  +2.354463e-06  +5.685444e-07  +1.629418e-07  +2.889119e-06  +3.063105e-07  -1.105248e-07  +3.311082e-06  -1.105531e-05  +1.467428e-07  -1.482804e-07  +1.948259e-04  +3.748362e-07  +1.916946e-07  +5.739119e-04  -1.911992e-07  +8.574189e-09  +4.578310e-04  +6.392590e-08  -1.373933e-08  +4.767885e-04  
+7.652208e-08  +1.061825e-07  -8.970108e-07  +2.630857e-06  +1.547677e-06  -3.134143e-08  +2.669248e-06  +1.583759e-06  -1.012979e-07  +3.306552e-06  -1.108127e-05  +2.093108e-07  -6.210302e-08  +1.521325e-04  +1.916946e-07  +5.451342e-07  +7.977049e-04  -5.112796e-08  -2.650141e-08  +7.080181e-04  -5.673242e-08  -5.764088e-08  +4.304394e-04  
+1.179576e-03  +1.478658e-03  -7.446655e-03  +3.088785e-02  +8.768977e-03  -3.173730e-03  +2.403786e-02  +1.837184e-03  -9.103829e-04  +3.904645e-02  -1.506633e-01  +6.962433e-04  -2.079817e-04  +2.968852e+00  +5.739119e-04  +7.977049e-04  +8.743756e+00  -3.220637e-04  -1.762158e-04  +8.925011e+00  -9.946493e-05  +6.243032e-04  +2.097722e-01  
-2.872334e-07  -1.463010e-07  -4.734841e-07  -1.484639e-06  -1.474181e-07  -1.379846e-07  -2.652633e-06  +1.752900e-06  +1.024524e-07  -3.356065e-06  +1.311347e-05  -1.206046e-07  +9.974593e-09  -2.222007e-04  -1.911992e-07  -5.112796e-08  -3.220637e-04  +4.254403e-07  -3.977867e-09  -4.524827e-04  -3.271787e-09  -1.208459e-08  -4.260914e-04  
-3.162824e-09  -5.584966e-09  +2.261931e-07  -8.840348e-07  -2.825863e-07  +1.928164e-08  -6.877096e-07  +1.434772e-06  +2.268584e-08  -1.222148e-06  +6.508704e-06  +5.863456e-08  -5.887319e-08  -6.052099e-05  +8.574189e-09  -2.650141e-08  -1.762158e-04  -3.977867e-09  +2.027216e-07  -2.679438e-04  +6.996960e-08  -1.090277e-07  +7.929489e-05  
+1.034535e-03  +2.165768e-03  -9.176775e-03  +3.340063e-02  +8.930663e-03  -4.461669e-03  +2.570790e-02  -5.876536e-03  -9.160230e-04  +4.455934e-02  -1.930348e-01  +7.298335e-04  -1.624783e-04  +3.635250e+00  +4.578310e-04  +7.080181e-04  +8.925011e+00  -4.524827e-04  -2.679438e-04  +1.108081e+01  -1.274391e-04  +1.050062e-03  -9.744761e-01  
+3.332149e-07  -1.975523e-07  +5.457211e-07  +5.113834e-07  +8.598180e-08  +2.389327e-07  +3.676902e-07  +8.868444e-07  -2.567332e-08  +3.226782e-07  +1.247575e-06  +1.932063e-08  -3.657805e-08  +5.988328e-05  +6.392590e-08  -5.673242e-08  -9.946493e-05  -3.271787e-09  +6.996960e-08  -1.274391e-04  +3.106101e-07  -9.269403e-08  +1.420900e-04  
+1.291092e-07  -1.208517e-08  -1.015013e-06  +2.093141e-06  -2.688393e-07  -6.629311e-07  +1.236069e-06  -2.398164e-06  -2.032061e-08  +3.360568e-06  -2.047826e-05  -5.683659e-08  -3.739755e-08  +2.597615e-04  -1.373933e-08  -5.764088e-08  +6.243032e-04  -1.208459e-08  -1.090277e-07  +1.050062e-03  -9.269403e-08  +5.469809e-07  -7.184672e-04  
+4.925980e-04  -3.082983e-04  +2.139944e-03  +4.739034e-04  +1.647585e-03  +1.676277e-03  +4.190017e-03  +3.175094e-03  -2.110506e-04  +5.155848e-04  +1.606552e-02  +3.735281e-04  -2.493119e-05  -1.272329e-01  +4.767885e-04  +4.304394e-04  +2.097722e-01  -4.260914e-04  +7.929489e-05  -9.744761e-01  +1.420900e-04  -7.184672e-04  +2.602408e+00  
