mean:
+3.944527e+00  +3.934968e+00  +8.352163e-01  +1.280055e+00  +1.430916e+00  +4.962573e-01  +8.309700e-01  +1.410505e+00  +1.694086e-01  +1.891793e+00  +5.810341e+00  +3.509529e+00  +2.653094e+00  +2.030161e+02  +4.264693e+00  +5.295168e+00  +2.737947e+02  +5.390671e+00  +3.759518e+00  +3.211460e+02  +2.640493e+00  +4.559822e+00  +3.932579e+02  
covariance:
+1.057177e-06  -2.469145e-07  -3.500684e-06  -4.290970e-06  +3.906483e-07  +3.501339e-07  -8.410036e-06  -9.355784e-06  +2.828260e-06  -1.648338e-05  +3.007072e-05  +2.417783e-06  +7.647710e-07  -6.307606e-04  +2.448880e-06  -5.097143e-07  -8.548266e-04  +1.216092e-06  +1.555010e-06  -1.962110e-04  +2.456650e-07  +4.046277e-08  -1.468253e-03  
-2.469145e-07  +1.618800e-06  -8.770374e-07  +1.365708e-06  +4.822397e-07  +2.638151e-07  -1.132781e-06  -4.218269e-06  +2.300960e-07  -1.130171e-06  +6.092047e-06  +2.882299e-07  +5.859976e-08  +1.326779e-04  -2.881099e-09  -1.291562e-07  -2.594289e-04  +1.438447e-07  +9.959403e-08  -1.666926e-04  +1.126358e-07  -7.200754e-08  +1.231714e-04  
-3.500684e-06  -8.770374e-07  +4.059711e-05  +8.574026e-06  -8.495558e-06  -4.234944e-06  +6.926144e-05  +1.113339e-04  -2.076620e-05  +1.332903e-04  -2.505292e-04  -2.563992e-05  -8.792905e-06  +4.353944e-03  -2.412230e-05  +5.084919e-06  +9.916315e-03  -1.381492e-05  -1.380375e-05  +2.588769e-03  -3.094355e-06  -2.049009e-07  +1.194546e-02  
-4.290970e-06  +1.365708e-06  +8.574026e-06  +1.728089e-04  -5.007152e-06  +1.993034e-06  +5.841362e-05  -9.256274e-05  -2.106004e-05  +1.516730e-04  -2.430104e-04  -5.915921e-06  -3.618914e-06  +6.251611e-03  -6.607078e-06  +3.250467e-06  -3.644151e-03  +3.034029e-06  -1.261143e-05  -2.471824e-03  -2.978698e-07  +2.010580e-06  +1.848614e-02  
+3.906483e-07  +4.822397e-07  -8.495558e-06  -5.007152e-06  +1.732557e-05  +1.352655e-06  -6.025135e-06  -3.632723e-06  +1.798598e-06  -1.680180e-05  +4.652149e-05  +2.193194e-06  +1.177021e-06  -1.733002e-05  +7.172565e-07  -8.882541e-07  -1.329192e-03  +4.118391e-07  +9.825326e-07  -5.859976e-04  +1.422011e-06  -9.797104e-07  -1.843683e-03  
+3.501339e-07  +2.638151e-07  -4.234944e-06  +1.993034e-06  +1.352655e-06  +1.101706e-06  -7.463166e-06  -1.803066e-05  +2.007570e-06  -1.267008e-05  +2.827231e-05  +2.489499e-06  +5.779052e-07  -2.642555e-04  +1.783513e-06  -6.938468e-07  -1.106211e-03  +1.353946e-06  +1.121174e-06  -4.935489e-04  +4.608226e-07  +1.665458e-08  -9.045005e-04  
-8.410036e-06  -1.132781e-06  +6.926144e-05  +5.841362e-05  -6.025135e-06  -7.463166e-06  +1.773564e-04  +2.130894e-04  -5.127876e-05  +3.238027e-04  -6.032524e-04  -4.701502e-05  -1.408440e-05  +1.203439e-02  -4.723954e-05  +1.052713e-05  +1.777010e-02  -2.336839e-05  -3.172695e-05  +5.251247e-03  -4.614210e-06  -1.856032e-06  +2.812291e-02  
-9.355784e-06  -4.218269e-06  +1.113339e-04  -9.256274e-05  -3.632723e-06  -1.803066e-05  +2.130894e-04  +5.956095e-04  -6.391150e-05  +3.770242e-04  -6.436060e-04  -9.184270e-05  -2.301479e-05  +1.140866e-02  -8.131458e-05  +1.843883e-05  +3.800530e-02  -5.369278e-05  -4.089913e-05  +1.225350e-02  -8.063106e-06  -5.692866e-06  +2.858379e-02  
+2.828260e-06  +2.300960e-07  -2.076620e-05  -2.106004e-05  +1.798598e-06  +2.007570e-06  -5.127876e-05  -6.391150e-05  +1.674996e-05  -1.024982e-04  +1.706827e-04  +1.599155e-05  +4.586763e-06  -4.173181e-03  +1.582579e-05  -3.325665e-06  -5.290552e-03  +7.865645e-06  +9.939704e-06  -1.199269e-03  +1.289174e-06  +4.984941e-07  -9.662620e-03  
-1.648338e-05  -1.130171e-06  +1.332903e-04  +1.516730e-04  -1.680180e-05  -1.267008e-05  +3.238027e-04  +3.770242e-04  -1.024982e-04  +6.620196e-04  -1.116611e-03  -1.004526e-04  -2.916891e-05  +2.676520e-02  -9.782307e-05  +2.112421e-05  +3.228837e-02  -4.736010e-05  -6.345497e-05  +6.798627e-03  -8.744079e-06  -1.802575e-06  +6.414628e-02  
+3.007072e-05  +6.092047e-06  -2.505292e-04  -2.430104e-04  +4.652149e-05  +2.827231e-05  -6.032524e-04  -6.436060e-04  +1.706827e-04  -1.116611e-03  +2.262735e-03  +1.522997e-04  +5.038813e-05  -3.853190e-02  +1.495607e-04  -3.484604e-05  -5.979309e-02  +7.304138e-05  +1.084453e-04  -1.720488e-02  +1.973540e-05  -2.156079e-07  -9.705796e-02  
+2.417783e-06  +2.882299e-07  -2.563992e-05  -5.915921e-06  +2.193194e-06  +2.489499e-06  -4.701502e-05  -9.184270e-05  +1.599155e-05  -1.004526e-04  +1.522997e-04  +2.332232e-05  +6.731468e-06  -3.668314e-03  +2.120111e-05  -4.065786e-06  -7.503072e-03  +1.253644e-05  +1.134730e-05  -1.337339e-03  +1.636379e-06  +6.274574e-07  -9.575253e-03  
+7.647710e-07  +5.859976e-08  -8.792905e-06  -3.618914e-06  +1.177021e-06  +5.779052e-07  -1.408440e-05  -2.301479e-05  +4.586763e-06  -2.916891e-05  +5.038813e-05  +6.731468e-06  +2.984178e-06  -9.518994e-04  +6.599900e-06  -1.154712e-06  -2.643584e-03  +3.798110e-06  +3.523309e-06  -4.247302e-04  +5.256441e-07  -7.564145e-08  -2.501398e-03  
-6.307606e-04  +1.326779e-04  +4.353944e-03  +6.251611e-03  -1.733002e-05  -2.642555e-04  +1.203439e-02  +1.140866e-02  -4.173181e-03  +2.676520e-02  -3.853190e-02  -3.668314e-03  -9.518994e-04  +1.845335e+00  -3.950413e-03  +7.375585e-04  +9.059118e-01  -1.708363e-03  -2.221194e-03  +6.567372e-02  -2.203499e-04  -7.308342e-05  +3.122997e+00  
+2.448880e-06  -2.881099e-09  -2.412230e-05  -6.607078e-06  +7.172565e-07  +1.783513e-06  -4.723954e-05  -8.131458e-05  +1.582579e-05  -9.782307e-05  +1.495607e-04  +2.120111e-05  +6.599900e-06  -3.950413e-03  +2.145194e-05  -3.370401e-06  -7.131242e-03  +1.199404e-05  +1.100726e-05  -1.267614e-03  +1.269641e-06  +9.589011e-07  -8.888236e-03  
-5.097143e-07  -1.291562e-07  +5.084919e-06  +3.250467e-06  -8.882541e-07  -6.938468e-07  +1.052713e-05  +1.843883e-05  -3.325665e-06  +2.112421e-05  -3.484604e-05  -4.065786e-06  -1.154712e-06  +7.375585e-04  -3.370401e-06  +1.142222e-06  +1.380125e-03  -1.932971e-06  -2.097518e-06  +4.516925e-04  -3.310767e-07  -4.613621e-08  +2.016917e-03  
-8.548266e-04  -2.594289e-04  +9.916315e-03  -3.644151e-03  -1.329192e-03  -1.106211e-03  +1.777010e-02  +3.800530e-02  -5.290552e-03  +3.228837e-02  -5.979309e-02  -7.503072e-03  -2.643584e-03  +9.059118e-01  -7.131242e-03  +1.380125e-03  +3.620375e+00  -4.393292e-03  -3.736701e-03  +9.366297e-01  -6.701009e-04  -2.004872e-04  +2.188604e+00  
+1.216092e-06  +1.438447e-07  -1.381492e-05  +3.034029e-06  +4.118391e-07  +1.353946e-06  -2.336839e-05  -5.369278e-05  +7.865645e-06  -4.736010e-05  +7.304138e-05  +1.253644e-05  +3.798110e-06  -1.708363e-03  +1.199404e-05  -1.932971e-06  -4.393292e-03  +7.786731e-06  +5.804262e-06  -9.634491e-04  +7.763618e-07  +6.004053e-07  -4.033447e-03  
+1.555010e-06  +9.959403e-08  -1.380375e-05  -1.261143e-05  +9.825326e-07  +1.121174e-06  -3.172695e-05  -4.089913e-05  +9.939704e-06  -6.345497e-05  +1.084453e-04  +1.134730e-05  +3.523309e-06  -2.221194e-03  +1.100726e-05  -2.097518e-06  -3.736701e-03  +5.804262e-06  +7.228718e-06  -7.003725e-04  +8.109748e-07  +2.663150e-07  -5.730290e-03  
-1.962110e-04  -1.666926e-04  +2.588769e-03  -2.471824e-03  -5.859976e-04  -4.935489e-04  +5.251247e-03  +1.225350e-02  -1.199269e-03  +6.798627e-03  -1.720488e-02  -1.337339e-03  -4.247302e-04  +6.567372e-02  -1.267614e-03  +4.516925e-04  +9.366297e-01  -9.634491e-04  -7.003725e-04  +7.061450e-01  -1.502583e-04  -1.706292e-04  +1.476585e-01  
+2.456650e-07  +1.126358e-07  -3.094355e-06  -2.978698e-07  +1.422011e-06  +4.608226e-07  -4.614210e-06  -8.063106e-06  +1.289174e-06  -8.744079e-06  +1.973540e-05  +1.636379e-06  +5.256441e-07  -2.203499e-04  +1.269641e-06  -3.310767e-07  -6.701009e-04  +7.763618e-07  +8.109748e-07  -1.502583e-04  +5.413089e-07  -8.930518e-08  -8.205551e-04  
+4.046277e-08  -7.200754e-08  -2.049009e-07  +2.010580e-06  -9.797104e-07  +1.665458e-08  -1.856032e-06  -5.692866e-06  +4.984941e-07  -1.802575e-06  -2.156079e-07  +6.274574e-07  -7.564145e-08  -7.308342e-05  +9.589011e-07  -4.613621e-08  -2.004872e-04  +6.004053e-07  +2.663150e-07  -1.706292e-04  -8.930518e-08  +5.229880e-07  +9.527610e-05  
-1.468253e-03  +1.231714e-04  +1.194546e-02  +1.848614e-02  -1.843683e-03  -9.045005e-04  +2.812291e-02  +2.858379e-02  -9.662620e-03  +6.414628e-02  -9.705796e-02  -9.575253e-03  -2.501398e-03  +3.122997e+00  -8.888236e-03  +2.016917e-03  +2.188604e+00  -4.033447e-03  -5.730290e-03  +1.476585e-01  -8.205551e-04  +9.527610e-05  +7.797050e+00  
