mean:
+4.018282e+00  +3.960130e+00  +8.796251e-01  +1.359525e+00  +1.244579e+00  +5.070330e-01  +8.332702e-01  +1.391715e+00  +1.683336e-01  +1.957478e+00  +5.713169e+00  +3.660418e+00  +2.857649e+00  +2.072693e+02  +4.310153e+00  +5.128506e+00  +2.861657e+02  +5.252274e+00  +3.797504e+00  +3.271888e+02  +2.879756e+00  +4.479680e+00  +3.959747e+02  
covariance:
+2.885615e-06  +4.639960e-07  -1.225037e-05  -5.133914e-05  +1.174346e-06  -4.568717e-06  +4.773195e-06  +5.742838e-07  +4.518687e-06  -4.501930e-05  +1.338362e-04  -7.533865e-07  -4.190336e-07  -3.112735e-04  +8.476181e-08  -2.181195e-07  -2.087659e-03  -3.330737e-08  +2.532988e-07  -3.043391e-03  +1.541759e-07  -1.167070e-08  -4.272788e-03  
+4.639960e-07  +1.820017e-06  -2.391231e-06  -1.230938e-05  -3.103721e-07  -9.080486e-07  +1.203075e-06  +1.030259e-06  +5.059314e-07  -6.668953e-06  +2.600124e-05  +1.093195e-08  +1.177137e-08  -1.307469e-04  -1.754544e-08  -4.990128e-08  -5.618922e-04  +9.441451e-08  -3.760985e-08  -4.879476e-04  +6.989786e-08  -1.094246e-07  -8.511337e-04  
-1.225037e-05  -2.391231e-06  +1.268231e-04  +4.063994e-04  -6.860985e-06  +3.903768e-05  -4.567853e-05  -1.755614e-06  -3.977235e-05  +4.029315e-04  -1.076717e-03  +9.194061e-06  +2.469690e-06  +9.369201e-04  -1.284500e-06  +2.319248e-06  +2.481670e-02  -6.255516e-07  -1.004162e-06  +2.768792e-02  -1.576958e-06  +1.298827e-06  +3.798937e-02  
-5.133914e-05  -1.230938e-05  +4.063994e-04  +2.358390e-03  -2.305344e-05  +1.947348e-04  -2.502071e-04  -6.783009e-05  -1.140816e-04  +1.486488e-03  -5.374216e-03  +1.687386e-05  +1.691960e-05  +2.064994e-02  -1.088853e-06  +1.451176e-05  +3.457961e-02  +2.993452e-06  -1.275750e-05  +1.014525e-01  -2.414033e-06  +3.823641e-06  +1.838369e-01  
+1.174346e-06  -3.103721e-07  -6.860985e-06  -2.305344e-05  +1.298293e-05  -1.927497e-06  +1.506524e-06  -6.695113e-06  +4.003163e-06  -3.129516e-05  +7.693918e-05  -6.851996e-07  +2.213553e-09  +1.733663e-05  -4.883258e-08  +2.918421e-08  -7.499357e-04  -5.842767e-07  +1.883169e-07  -1.778996e-03  +5.884934e-07  +2.305261e-08  -2.719783e-03  
-4.568717e-06  -9.080486e-07  +3.903768e-05  +1.947348e-04  -1.927497e-06  +2.038779e-05  -2.075758e-05  +2.370739e-07  -1.197373e-05  +1.425999e-04  -4.813620e-04  +2.260277e-06  +7.197841e-07  +2.300644e-03  -3.261093e-07  +1.108134e-06  +5.534700e-03  +3.559617e-07  -8.246703e-07  +8.679627e-03  +1.093818e-07  +5.080016e-07  +1.625831e-02  
+4.773195e-06  +1.203075e-06  -4.567853e-05  -2.502071e-04  +1.506524e-06  -2.075758e-05  +4.436759e-05  +9.066941e-06  +8.104728e-06  -1.544502e-04  +5.588918e-04  -1.803539e-06  -3.790584e-07  -1.808653e-03  -3.041677e-08  -2.702463e-06  -3.562492e-03  -5.853875e-08  +9.940841e-07  -1.105057e-02  +9.535503e-07  -1.634641e-06  -2.168237e-02  
+5.742838e-07  +1.030259e-06  -1.755614e-06  -6.783009e-05  -6.695113e-06  +2.370739e-07  +9.066941e-06  +1.414468e-04  +6.847935e-06  -5.714118e-05  -3.702987e-05  +3.708510e-06  -1.062849e-06  +1.755077e-04  +1.699596e-06  -1.814215e-06  -1.149260e-03  -6.224770e-07  -1.199524e-07  +1.945097e-03  -1.681690e-06  -1.509731e-06  +4.391478e-04  
+4.518687e-06  +5.059314e-07  -3.977235e-05  -1.140816e-04  +4.003163e-06  -1.197373e-05  +8.104728e-06  +6.847935e-06  +2.122273e-05  -1.724377e-04  +3.306285e-04  -3.119854e-06  -4.840233e-07  +4.979079e-05  +8.828616e-07  -6.161716e-07  -1.230699e-02  -6.496290e-07  +3.472299e-07  -9.991480e-03  +3.190105e-07  +8.577065e-08  -1.108751e-02  
-4.501930e-05  -6.668953e-06  +4.029315e-04  +1.486488e-03  -3.129516e-05  +1.425999e-04  -1.544502e-04  -5.714118e-05  -1.724377e-04  +1.628685e-03  -3.916432e-03  +2.752795e-05  +6.830880e-06  +5.427350e-03  -6.135623e-06  +1.035458e-05  +9.581836e-02  +4.857136e-06  -5.522438e-06  +1.003266e-01  -3.847244e-06  +2.157016e-06  +1.349641e-01  
+1.338362e-04  +2.600124e-05  -1.076717e-03  -5.374216e-03  +7.693918e-05  -4.813620e-04  +5.588918e-04  -3.702987e-05  +3.306285e-04  -3.916432e-03  +1.351487e-02  -6.035762e-05  -4.177029e-05  -4.111433e-02  +3.643314e-06  -3.243673e-05  -1.308472e-01  -7.177941e-06  +2.831411e-05  -2.704035e-01  +8.055479e-06  -4.349045e-06  -4.434870e-01  
-7.533865e-07  +1.093195e-08  +9.194061e-06  +1.687386e-05  -6.851996e-07  +2.260277e-06  -1.803539e-06  +3.708510e-06  -3.119854e-06  +2.752795e-05  -6.035762e-05  +1.491319e-06  +1.608710e-07  -2.150150e-05  -9.296122e-08  -5.904760e-08  +2.197442e-03  -7.738742e-08  +6.623746e-08  +1.875528e-03  -1.622630e-07  -2.143839e-10  +1.908016e-03  
-4.190336e-07  +1.177137e-08  +2.469690e-06  +1.691960e-05  +2.213553e-09  +7.197841e-07  -3.790584e-07  -1.062849e-06  -4.840233e-07  +6.830880e-06  -4.177029e-05  +1.608710e-07  +1.300816e-06  -2.530101e-04  +3.662377e-08  +9.703148e-08  -9.434024e-04  +7.511821e-08  -1.257737e-07  +8.072538e-04  +1.944447e-07  -1.892479e-07  +1.173614e-03  
-3.112735e-04  -1.307469e-04  +9.369201e-04  +2.064994e-02  +1.733663e-05  +2.300644e-03  -1.808653e-03  +1.755077e-04  +4.979079e-05  +5.427350e-03  -4.111433e-02  -2.150150e-05  -2.530101e-04  +1.501014e+00  -7.936593e-05  +1.697945e-04  -1.001033e-01  +3.226416e-06  -1.377669e-04  -1.182587e-01  +6.968343e-06  +2.250106e-04  +1.070330e+00  
+8.476181e-08  -1.754544e-08  -1.284500e-06  -1.088853e-06  -4.883258e-08  -3.261093e-07  -3.041677e-08  +1.699596e-06  +8.828616e-07  -6.135623e-06  +3.643314e-06  -9.296122e-08  +3.662377e-08  -7.936593e-05  +4.142979e-07  -9.070939e-08  -6.483093e-04  +2.500093e-08  -8.708628e-08  -2.792976e-04  +4.368889e-08  -1.372919e-07  -1.574985e-04  
-2.181195e-07  -4.990128e-08  +2.319248e-06  +1.451176e-05  +2.918421e-08  +1.108134e-06  -2.702463e-06  -1.814215e-06  -6.161716e-07  +1.035458e-05  -3.243673e-05  -5.904760e-08  +9.703148e-08  +1.697945e-04  -9.070939e-08  +6.922449e-07  +1.177344e-04  +1.027747e-07  -1.428571e-07  +7.084949e-04  -8.385786e-08  +2.508803e-07  +1.484914e-03  
-2.087659e-03  -5.618922e-04  +2.481670e-02  +3.457961e-02  -7.499357e-04  +5.534700e-03  -3.562492e-03  -1.149260e-03  -1.230699e-02  +9.581836e-02  -1.308472e-01  +2.197442e-03  -9.434024e-04  -1.001033e-01  -6.483093e-04  +1.177344e-04  +1.218873e+01  +3.156054e-05  +4.628995e-04  +6.549602e+00  -3.184460e-04  +7.740507e-05  +4.750645e+00  
-3.330737e-08  +9.441451e-08  -6.255516e-07  +2.993452e-06  -5.842767e-07  +3.559617e-07  -5.853875e-08  -6.224770e-07  -6.496290e-07  +4.857136e-06  -7.177941e-06  -7.738742e-08  +7.511821e-08  +3.226416e-06  +2.500093e-08  +1.027747e-07  +3.156054e-05  +6.238957e-07  -4.859818e-08  +2.999085e-04  +1.104023e-07  -7.265480e-08  +3.121194e-04  
+2.532988e-07  -3.760985e-08  -1.004162e-06  -1.275750e-05  +1.883169e-07  -8.246703e-07  +9.940841e-07  -1.199524e-07  +3.472299e-07  -5.522438e-06  +2.831411e-05  +6.623746e-08  -1.257737e-07  -1.377669e-04  -8.708628e-08  -1.428571e-07  +4.628995e-04  -4.859818e-08  +4.921117e-07  -3.357816e-04  -5.627321e-08  -4.469623e-09  -9.746981e-04  
-3.043391e-03  -4.879476e-04  +2.768792e-02  +1.014525e-01  -1.778996e-03  +8.679627e-03  -1.105057e-02  +1.945097e-03  -9.991480e-03  +1.003266e-01  -2.704035e-01  +1.875528e-03  +8.072538e-04  -1.182587e-01  -2.792976e-04  +7.084949e-04  +6.549602e+00  +2.999085e-04  -3.357816e-04  +9.200115e+00  -3.031522e-04  -2.979414e-05  +9.890906e+00  
+1.541759e-07  +6.989786e-08  -1.576958e-06  -2.414033e-06  +5.884934e-07  +1.093818e-07  +9.535503e-07  -1.681690e-06  +3.190105e-07  -3.847244e-06  +8.055479e-06  -1.622630e-07  +1.944447e-07  +6.968343e-06  +4.368889e-08  -8.385786e-08  -3.184460e-04  +1.104023e-07  -5.627321e-08  -3.031522e-04  +5.844476e-07  -1.022399e-07  -3.849694e-04  
-1.167070e-08  -1.094246e-07  +1.298827e-06  +3.823641e-06  +2.305261e-08  +5.080016e-07  -1.634641e-06  -1.509731e-06  +8.577065e-08  +2.157016e-06  -4.349045e-06  -2.143839e-10  -1.892479e-07  +2.250106e-04  -1.372919e-07  +2.508803e-07  +7.740507e-05  -7.265480e-08  -4.469623e-09  -2.979414e-05  -1.022399e-07  +7.032082e-07  +5.756638e-04  
-4.272788e-03  -8.511337e-04  +3.798937e-02  +1.838369e-01  -2.719783e-03  +1.625831e-02  -2.168237e-02  +4.391478e-04  -1.108751e-02  +1.349641e-01  -4.434870e-01  +1.908016e-03  +1.173614e-03  +1.070330e+00  -1.574985e-04  +1.484914e-03  +4.750645e+00  +3.121194e-04  -9.746981e-04  +9.890906e+00  -3.849694e-04  +5.756638e-04  +1.697305e+01  
