mean:
+3.911238e+00  +3.897380e+00  +8.243708e-01  +1.292079e+00  +1.448966e+00  +5.975445e-01  +8.348606e-01  +1.406719e+00  +1.591940e-01  +1.875426e+00  +5.871621e+00  +3.485562e+00  +2.612200e+00  +2.023493e+02  +4.262472e+00  +5.275308e+00  +2.865228e+02  +5.349670e+00  +3.756689e+00  +3.246838e+02  +2.640909e+00  +4.559262e+00  +3.991471e+02  
covariance:
+1.972214e-06  -5.278477e-07  -2.685215e-06  +5.480070e-07  +1.560042e-07  -2.797766e-07  +2.789258e-06  +2.996975e-06  -1.271964e-06  +6.824071e-06  -9.077646e-06  -1.474777e-07  -7.385643e-07  -1.288940e-04  -4.695258e-07  +4.926838e-07  +1.312258e-03  -1.166589e-07  +1.076533e-07  +5.756660e-04  -1.437935e-07  -1.431125e-07  +9.760913e-04  
-5.278477e-07  +7.452054e-07  -1.931905e-06  -5.370188e-07  +2.217647e-07  -5.346048e-07  +2.106438e-06  +6.626830e-07  -9.201880e-07  +4.758231e-06  -7.160220e-06  -2.699738e-07  -5.289892e-07  -2.693477e-05  -8.343859e-08  +4.195601e-07  +1.002624e-03  -1.852150e-07  +2.837049e-07  +5.726711e-04  -2.777797e-08  -7.629321e-08  +6.185581e-04  
-2.685215e-06  -1.931905e-06  +4.924461e-05  +7.200245e-06  -5.763719e-06  +9.881485e-06  -4.219176e-05  -2.949238e-05  +1.509396e-05  -1.069276e-04  +1.469988e-04  +4.755345e-06  +1.162159e-05  -6.342210e-04  +4.353729e-06  -9.735927e-06  -2.023158e-02  +2.761948e-06  -3.831402e-06  -1.149466e-02  +1.159382e-06  +1.745366e-06  -1.509064e-02  
+5.480070e-07  -5.370188e-07  +7.200245e-06  +4.862520e-05  -5.144131e-07  +6.207929e-06  -1.176331e-05  -2.947379e-05  +4.087963e-06  -3.704717e-05  +4.738042e-05  +2.139244e-06  +3.174958e-06  +3.358674e-03  +2.468946e-07  -1.960159e-06  -9.713870e-03  +2.772172e-06  -2.116860e-06  -2.112643e-03  +1.024192e-06  +6.262541e-07  -4.595836e-03  
+1.560042e-07  +2.217647e-07  -5.763719e-06  -5.144131e-07  +2.718044e-06  -6.953148e-07  +5.120030e-06  +5.784492e-06  -1.669388e-06  +1.223503e-05  -1.844089e-05  -4.314906e-07  -1.215172e-06  -6.965914e-05  -7.450404e-07  +7.377568e-07  +2.517227e-03  -3.112628e-07  +7.020219e-07  +1.123330e-03  -7.800174e-09  -5.188042e-07  +1.378718e-03  
-2.797766e-07  -5.346048e-07  +9.881485e-06  +6.207929e-06  -6.953148e-07  +3.801906e-06  -9.296181e-06  -8.899590e-06  +3.285070e-06  -2.465724e-05  +3.258768e-05  +1.625395e-06  +2.543520e-06  +2.001086e-04  +6.657546e-07  -2.563383e-06  -5.126192e-03  +1.314725e-06  -1.235856e-06  -2.893662e-03  +4.507184e-07  +4.606013e-07  -3.329435e-03  
+2.789258e-06  +2.106438e-06  -4.219176e-05  -1.176331e-05  +5.120030e-06  -9.296181e-06  +4.786828e-05  +3.598397e-05  -1.584669e-05  +1.080828e-04  -1.500982e-04  -4.542292e-06  -1.089140e-05  -2.237184e-03  -4.313419e-06  +8.920469e-06  +2.310279e-02  -3.701535e-06  +5.072158e-06  +1.123593e-02  -1.220436e-06  -2.799595e-06  +1.386316e-02  
+2.996975e-06  +6.626830e-07  -2.949238e-05  -2.947379e-05  +5.784492e-06  -8.899590e-06  +3.598397e-05  +1.192202e-04  -1.296158e-05  +9.993485e-05  -1.308799e-04  +3.706125e-07  -5.471732e-06  -6.886126e-03  -5.913347e-06  +6.785164e-06  +2.077344e-02  -5.269843e-06  +5.135709e-06  +7.075990e-03  -2.649465e-06  -7.022487e-06  +1.373121e-02  
-1.271964e-06  -9.201880e-07  +1.509396e-05  +4.087963e-06  -1.669388e-06  +3.285070e-06  -1.584669e-05  -1.296158e-05  +6.267074e-06  -3.944031e-05  +5.168631e-05  +1.346963e-06  +3.886414e-06  +9.481903e-04  +1.715205e-06  -3.107917e-06  -7.976350e-03  +1.202099e-06  -1.475107e-06  -3.776018e-03  +4.759065e-07  +9.644226e-07  -5.367193e-03  
+6.824071e-06  +4.758231e-06  -1.069276e-04  -3.704717e-05  +1.223503e-05  -2.465724e-05  +1.080828e-04  +9.993485e-05  -3.944031e-05  +2.851532e-04  -3.729764e-04  -9.718768e-06  -2.764030e-05  -8.334915e-03  -1.167810e-05  +2.182746e-05  +5.774799e-02  -9.679158e-06  +1.067714e-05  +2.604957e-02  -3.959306e-06  -8.056517e-06  +3.751289e-02  
-9.077646e-06  -7.160220e-06  +1.469988e-04  +4.738042e-05  -1.844089e-05  +3.258768e-05  -1.500982e-04  -1.308799e-04  +5.168631e-05  -3.729764e-04  +5.520981e-04  +1.547709e-05  +3.849766e-05  +9.989469e-03  +1.397833e-05  -2.821663e-05  -7.869889e-02  +1.451613e-05  -1.675519e-05  -3.666680e-02  +5.838492e-06  +1.103561e-05  -4.697166e-02  
-1.474777e-07  -2.699738e-07  +4.755345e-06  +2.139244e-06  -4.314906e-07  +1.625395e-06  -4.542292e-06  +3.706125e-07  +1.346963e-06  -9.718768e-06  +1.547709e-05  +1.348722e-06  +1.405936e-06  -4.565193e-04  +9.207704e-08  -1.145023e-06  -2.258612e-03  +5.545946e-07  -7.347224e-07  -1.454952e-03  +1.218138e-07  -1.105849e-07  -9.783762e-04  
-7.385643e-07  -5.289892e-07  +1.162159e-05  +3.174958e-06  -1.215172e-06  +2.543520e-06  -1.089140e-05  -5.471732e-06  +3.886414e-06  -2.764030e-05  +3.849766e-05  +1.405936e-06  +3.374940e-06  +8.359916e-05  +8.214372e-07  -2.242185e-06  -5.481010e-03  +8.290131e-07  -9.557127e-07  -2.876277e-03  +3.271712e-07  +2.701439e-07  -3.635733e-03  
-1.288940e-04  -2.693477e-05  -6.342210e-04  +3.358674e-03  -6.965914e-05  +2.001086e-04  -2.237184e-03  -6.886126e-03  +9.481903e-04  -8.334915e-03  +9.989469e-03  -4.565193e-04  +8.359916e-05  +3.073998e+00  +5.790898e-04  +3.964527e-04  -2.507456e+00  +8.659967e-04  -2.616738e-04  +3.316708e-01  +3.364301e-04  +1.406225e-03  -5.599619e-01  
-4.695258e-07  -8.343859e-08  +4.353729e-06  +2.468946e-07  -7.450404e-07  +6.657546e-07  -4.313419e-06  -5.913347e-06  +1.715205e-06  -1.167810e-05  +1.397833e-05  +9.207704e-08  +8.214372e-07  +5.790898e-04  +1.002002e-06  -8.655619e-07  -2.276570e-03  +2.803765e-07  -3.518698e-07  -8.850845e-04  +1.427615e-07  +5.947824e-07  -1.812762e-03  
+4.926838e-07  +4.195601e-07  -9.735927e-06  -1.960159e-06  +7.377568e-07  -2.563383e-06  +8.920469e-06  +6.785164e-06  -3.107917e-06  +2.182746e-05  -2.821663e-05  -1.145023e-06  -2.242185e-06  +3.964527e-04  -8.655619e-07  +2.687904e-06  +4.237251e-03  -7.034973e-07  +7.712532e-07  +2.777165e-03  -2.482489e-07  -2.623186e-07  +3.469250e-03  
+1.312258e-03  +1.002624e-03  -2.023158e-02  -9.713870e-03  +2.517227e-03  -5.126192e-03  +2.310279e-02  +2.077344e-02  -7.976350e-03  +5.774799e-02  -7.869889e-02  -2.258612e-03  -5.481010e-03  -2.507456e+00  -2.276570e-03  +4.237251e-03  +1.292407e+01  -2.435078e-03  +2.713707e-03  +5.284424e+00  -8.494174e-04  -2.046898e-03  +6.986029e+00  
-1.166589e-07  -1.852150e-07  +2.761948e-06  +2.772172e-06  -3.112628e-07  +1.314725e-06  -3.701535e-06  -5.269843e-06  +1.202099e-06  -9.679158e-06  +1.451613e-05  +5.545946e-07  +8.290131e-07  +8.659967e-04  +2.803765e-07  -7.034973e-07  -2.435078e-03  +9.493316e-07  -6.178912e-07  -9.364579e-04  +2.694699e-07  +5.998102e-07  -9.673935e-04  
+1.076533e-07  +2.837049e-07  -3.831402e-06  -2.116860e-06  +7.020219e-07  -1.235856e-06  +5.072158e-06  +5.135709e-06  -1.475107e-06  +1.067714e-05  -1.675519e-05  -7.347224e-07  -9.557127e-07  -2.616738e-04  -3.518698e-07  +7.712532e-07  +2.713707e-03  -6.178912e-07  +1.256443e-06  +1.080621e-03  -1.461449e-07  -5.176715e-07  +7.515779e-04  
+5.756660e-04  +5.726711e-04  -1.149466e-02  -2.112643e-03  +1.123330e-03  -2.893662e-03  +1.123593e-02  +7.075990e-03  -3.776018e-03  +2.604957e-02  -3.666680e-02  -1.454952e-03  -2.876277e-03  +3.316708e-01  -8.850845e-04  +2.777165e-03  +5.284424e+00  -9.364579e-04  +1.080621e-03  +3.467327e+00  -3.301294e-04  -2.981001e-04  +3.792697e+00  
-1.437935e-07  -2.777797e-08  +1.159382e-06  +1.024192e-06  -7.800174e-09  +4.507184e-07  -1.220436e-06  -2.649465e-06  +4.759065e-07  -3.959306e-06  +5.838492e-06  +1.218138e-07  +3.271712e-07  +3.364301e-04  +1.427615e-07  -2.482489e-07  -8.494174e-04  +2.694699e-07  -1.461449e-07  -3.301294e-04  +2.949842e-07  +1.644862e-07  -5.582399e-04  
-1.431125e-07  -7.629321e-08  +1.745366e-06  +6.262541e-07  -5.188042e-07  +4.606013e-07  -2.799595e-06  -7.022487e-06  +9.644226e-07  -8.056517e-06  +1.103561e-05  -1.105849e-07  +2.701439e-07  +1.406225e-03  +5.947824e-07  -2.623186e-07  -2.046898e-03  +5.998102e-07  -5.176715e-07  -2.981001e-04  +1.644862e-07  +1.160973e-06  -6.714481e-04  
+9.760913e-04  +6.185581e-04  -1.509064e-02  -4.595836e-03  +1.378718e-03  -3.329435e-03  +1.386316e-02  +1.373121e-02  -5.367193e-03  +3.751289e-02  -4.697166e-02  -9.783762e-04  -3.635733e-03  -5.599619e-01  -1.812762e-03  +3.469250e-03  +6.986029e+00  -9.673935e-04  +7.515779e-04  +3.792697e+00  -5.582399e-04  -6.714481e-04  +6.502762e+00  
