mean:
+3.985693e+00  +3.940583e+00  +6.295983e-01  -1.150499e+00  +1.676661e+00  +5.033695e-01  +9.092950e-01  +2.057093e+00  +1.482761e-01  +1.969488e+00  +4.808750e+00  +1.839777e+00  +2.983547e+00  +8.090256e+02  +4.959972e+00  +4.480056e+00  +2.007108e+03  
covariance:
+7.862729e-06  +1.045063e-06  -1.105532e-06  +1.148525e-06  +1.021626e-05  -6.037240e-07  +6.836338e-06  -1.679355e-05  -9.514641e-07  +1.207695e-05  -6.705626e-05  +2.360597e-07  -4.723448e-07  +2.064761e-03  +1.024174e-07  +6.382368e-09  +3.576438e-03  
+1.045063e-06  +5.919900e-06  +1.370172e-06  -2.935826e-06  -1.703234e-06  +2.320140e-06  -4.053269e-06  +2.358487e-05  +8.310400e-07  -8.588072e-06  +5.562694e-05  -1.088392e-07  -3.598423e-07  -1.131520e-03  +1.529652e-07  -1.497258e-07  -2.719292e-03  
-1.105532e-06  +1.370172e-06  +5.057581e-05  +2.349741e-05  -1.097052e-05  +1.078945e-05  -2.229918e-06  -6.452643e-05  -1.197939e-06  +5.559338e-06  +9.511305e-05  +8.993762e-08  +1.328284e-07  -5.092096e-03  +5.326140e-07  +2.307439e-07  -7.166504e-03  
+1.148525e-06  -2.935826e-06  +2.349741e-05  +5.507465e-04  +1.645337e-05  -1.179957e-05  -3.846743e-05  -5.953674e-04  +1.169566e-05  +4.132981e-05  -6.729675e-04  +2.113958e-06  -3.159401e-06  +2.114018e-02  -2.234060e-06  +9.901490e-07  +5.171861e-02  
+1.021626e-05  -1.703234e-06  -1.097052e-05  +1.645337e-05  +1.990831e-04  -1.009266e-05  +1.594748e-05  -1.319257e-04  +3.397380e-06  +6.076480e-05  -5.839225e-04  +5.216148e-06  -2.267541e-06  +1.691616e-02  -1.854686e-07  -5.564245e-07  +4.624039e-02  
-6.037240e-07  +2.320140e-06  +1.078945e-05  -1.179957e-05  -1.009266e-05  +2.232530e-05  -1.219447e-05  +1.103022e-04  -2.278098e-06  +8.105032e-06  +1.766529e-04  -1.022588e-06  -1.015509e-06  -7.126761e-04  +6.701713e-07  +2.524898e-07  -1.830484e-02  
+6.836338e-06  -4.053269e-06  -2.229918e-06  -3.846743e-05  +1.594748e-05  -1.219447e-05  +8.216239e-05  -1.121540e-04  -9.763526e-06  +6.015180e-05  -3.133620e-04  +1.616310e-06  -1.473212e-07  +4.018796e-03  +1.902021e-08  -3.810194e-07  +1.149452e-02  
-1.679355e-05  +2.358487e-05  -6.452643e-05  -5.953674e-04  -1.319257e-04  +1.103022e-04  -1.121540e-04  +2.434470e-03  -1.047019e-05  -2.789452e-04  +2.813118e-03  -1.662235e-05  -5.620542e-06  -5.853304e-02  +4.199534e-06  -3.877769e-06  -1.846854e-01  
-9.514641e-07  +8.310400e-07  -1.197939e-06  +1.169566e-05  +3.397380e-06  -2.278098e-06  -9.763526e-06  -1.047019e-05  +3.861188e-06  -1.673053e-05  -7.618552e-06  +2.033507e-07  -6.565931e-08  -3.961576e-04  -1.474205e-07  -1.856768e-07  +4.735633e-03  
+1.207695e-05  -8.588072e-06  +5.559338e-06  +4.132981e-05  +6.076480e-05  +8.105032e-06  +6.015180e-05  -2.789452e-04  -1.673053e-05  +2.151261e-04  -6.675609e-04  +1.991413e-06  +5.780101e-07  +2.401982e-02  +2.524004e-08  +2.243221e-06  +6.388894e-03  
-6.705626e-05  +5.562694e-05  +9.511305e-05  -6.729675e-04  -5.839225e-04  +1.766529e-04  -3.133620e-04  +2.813118e-03  -7.618552e-06  -6.675609e-04  +6.264124e-03  -3.117361e-05  -2.118064e-07  -1.474279e-01  +1.021634e-05  +4.056279e-07  -3.855024e-01  
+2.360597e-07  -1.088392e-07  +8.993762e-08  +2.113958e-06  +5.216148e-06  -1.022588e-06  +1.616310e-06  -1.662235e-05  +2.033507e-07  +1.991413e-06  -3.117361e-05  +8.416420e-07  -9.321218e-09  +1.002486e-03  -3.485796e-08  +2.376385e-11  +2.725433e-03  
-4.723448e-07  -3.598423e-07  +1.328284e-07  -3.159401e-06  -2.267541e-06  -1.015509e-06  -1.473212e-07  -5.620542e-06  -6.565931e-08  +5.780101e-07  -2.118064e-07  -9.321218e-09  +9.302259e-07  -4.694611e-04  -2.137605e-10  +1.232318e-07  -3.514894e-04  
+2.064761e-03  -1.131520e-03  -5.092096e-03  +2.114018e-02  +1.691616e-02  -7.126761e-04  +4.018796e-03  -5.853304e-02  -3.961576e-04  +2.401982e-02  -1.474279e-01  +1.002486e-03  -4.694611e-04  +1.048703e+01  -3.126936e-04  +3.546921e-04  +5.801843e+00  
+1.024174e-07  +1.529652e-07  +5.326140e-07  -2.234060e-06  -1.854686e-07  +6.701713e-07  +1.902021e-08  +4.199534e-06  -1.474205e-07  +2.524004e-08  +1.021634e-05  -3.485796e-08  -2.137605e-10  -3.126936e-04  +3.184184e-07  +3.562353e-08  -1.098235e-03  
+6.382368e-09  -1.497258e-07  +2.307439e-07  +9.901490e-07  -5.564245e-07  +2.524898e-07  -3.810194e-07  -3.877769e-06  -1.856768e-07  +2.243221e-06  +4.056279e-07  +2.376385e-11  +1.232318e-07  +3.546921e-04  +3.562353e-08  +4.417853e-07  -7.247663e-04  
+3.576438e-03  -2.719292e-03  -7.166504e-03  +5.171861e-02  +4.624039e-02  -1.830484e-02  +1.149452e-02  -1.846854e-01  +4.735633e-03  +6.388894e-03  -3.855024e-01  +2.725433e-03  -3.514894e-04  +5.801843e+00  -1.098235e-03  -7.247663e-04  +4.420690e+01  
