mean:
+3.913031e+00  +3.897406e+00  +8.207247e-01  +1.308537e+00  +1.451240e+00  +6.050905e-01  +8.135830e-01  +1.394136e+00  +1.594518e-01  +1.871341e+00  +5.865923e+00  +3.485139e+00  +2.610459e+00  +2.023505e+02  +4.263066e+00  +5.275969e+00  +2.872268e+02  +5.349907e+00  +3.757959e+00  +3.290350e+02  +2.640352e+00  +4.559946e+00  +3.969339e+02  
covariance:
+4.330382e-06  -7.723738e-07  -9.246432e-06  +1.796693e-06  +1.181361e-06  +6.728217e-07  +6.308588e-06  -3.718363e-08  -2.764859e-06  +1.975746e-05  -3.564163e-05  +1.968390e-07  -7.168486e-07  -8.510801e-04  -8.233264e-08  +6.917453e-07  +1.789575e-03  +2.548501e-07  -4.244157e-08  +2.718938e-03  -4.569169e-08  +6.187146e-07  +4.056406e-03  
-7.723738e-07  +7.775020e-07  -2.641306e-06  +2.181695e-06  +3.869465e-07  +2.352776e-07  +1.894322e-06  +1.971916e-06  -8.952083e-07  +5.424812e-06  -9.550190e-06  -4.053372e-09  -1.707576e-08  -3.685531e-04  -7.334669e-08  +2.647354e-07  +3.856746e-04  -2.577294e-08  -5.216804e-09  +7.708030e-04  -2.516490e-08  +1.777488e-07  +9.752896e-04  
-9.246432e-06  -2.641306e-06  +1.094658e-04  -5.497129e-05  -1.788027e-05  -7.168112e-06  -6.213827e-05  -1.446634e-05  +2.480655e-05  -1.887234e-04  +3.267977e-04  +7.044946e-07  +3.880212e-06  +1.136805e-02  -1.131237e-06  -6.329942e-06  -1.868250e-02  -9.659411e-07  -1.677040e-06  -2.627858e-02  +7.823176e-07  -8.540478e-06  -4.196696e-02  
+1.796693e-06  +2.181695e-06  -5.497129e-05  +1.876278e-04  +2.674955e-06  -9.543047e-07  +2.625985e-05  +6.722150e-05  -1.012027e-05  +6.742765e-05  -1.089764e-04  +1.914180e-06  -1.168559e-06  -1.530197e-02  +2.001699e-06  +1.705196e-06  +1.597595e-02  -3.917056e-06  +4.105188e-06  +9.692496e-03  -2.962072e-06  +1.324319e-06  +2.228980e-02  
+1.181361e-06  +3.869465e-07  -1.788027e-05  +2.674955e-06  +1.249213e-05  +1.663882e-06  +8.900005e-06  -1.012075e-05  -4.051266e-06  +2.971055e-05  -4.135421e-05  -1.824310e-07  -4.296937e-07  -1.552926e-03  +3.177729e-07  -4.507638e-08  +4.232475e-03  +3.348813e-07  +8.018588e-07  +3.616827e-03  +7.344056e-07  +9.397812e-07  +6.988218e-03  
+6.728217e-07  +2.352776e-07  -7.168112e-06  -9.543047e-07  +1.663882e-06  +1.431498e-06  +5.165873e-06  -5.003582e-06  -2.576098e-06  +1.989653e-05  -2.549999e-05  +3.948504e-08  -3.835925e-07  -3.112110e-04  -3.866540e-07  +4.451288e-07  +2.150765e-03  +1.516509e-07  +4.051629e-08  +2.229669e-03  +2.667830e-07  +1.155687e-07  +3.477528e-03  
+6.308588e-06  +1.894322e-06  -6.213827e-05  +2.625985e-05  +8.900005e-06  +5.165873e-06  +4.701372e-05  +1.266397e-05  -1.749787e-05  +1.285674e-04  -2.198774e-04  +4.810230e-07  -2.531456e-06  -6.175883e-03  -9.214885e-07  +5.671883e-06  +1.199868e-02  +1.200756e-06  -1.600544e-07  +1.804789e-02  +7.679929e-08  +3.906261e-06  +2.608846e-02  
-3.718363e-08  +1.971916e-06  -1.446634e-05  +6.722150e-05  -1.012075e-05  -5.003582e-06  +1.266397e-05  +1.961886e-04  +2.158679e-06  +4.999111e-06  -1.483940e-04  -2.633734e-07  +1.700007e-06  -1.040188e-02  +1.964838e-06  +9.396909e-06  -1.751595e-02  -2.853362e-06  -2.835971e-06  +3.448439e-03  -4.613248e-06  +3.269384e-06  +1.813124e-03  
-2.764859e-06  -8.952083e-07  +2.480655e-05  -1.012027e-05  -4.051266e-06  -2.576098e-06  -1.749787e-05  +2.158679e-06  +8.389296e-06  -5.853779e-05  +8.241354e-05  -3.078857e-07  +1.198343e-06  +2.063922e-03  +7.830903e-07  -1.925224e-06  -6.159030e-03  -1.948548e-07  -1.486394e-07  -7.381645e-03  -2.080758e-07  -1.173544e-06  -1.110367e-02  
+1.975746e-05  +5.424812e-06  -1.887234e-04  +6.742765e-05  +2.971055e-05  +1.989653e-05  +1.285674e-04  +4.999111e-06  -5.853779e-05  +4.586931e-04  -6.790564e-04  +1.178916e-06  -9.077088e-06  -1.586557e-02  -6.474917e-06  +1.577509e-05  +4.168540e-02  +8.434548e-07  +7.740952e-07  +5.597572e-02  +5.428480e-07  +9.918103e-06  +8.337295e-02  
-3.564163e-05  -9.550190e-06  +3.267977e-04  -1.089764e-04  -4.135421e-05  -2.549999e-05  -2.198774e-04  -1.483940e-04  +8.241354e-05  -6.790564e-04  +1.349432e-03  +1.730881e-06  +1.284870e-05  +3.715596e-02  +5.167023e-06  -3.139204e-05  -4.066331e-02  -4.273982e-06  +1.450328e-06  -9.252912e-02  +4.579704e-06  -2.566363e-05  -1.281551e-01  
+1.968390e-07  -4.053372e-09  +7.044946e-07  +1.914180e-06  -1.824310e-07  +3.948504e-08  +4.810230e-07  -2.633734e-07  -3.078857e-07  +1.178916e-06  +1.730881e-06  +5.862696e-07  -1.782325e-07  +2.026984e-04  -5.963651e-08  +2.282491e-08  +2.833443e-04  -1.217630e-07  -1.111745e-07  +1.572493e-04  +8.393446e-08  -2.719226e-07  +2.207490e-04  
-7.168486e-07  -1.707576e-08  +3.880212e-06  -1.168559e-06  -4.296937e-07  -3.835925e-07  -2.531456e-06  +1.700007e-06  +1.198343e-06  -9.077088e-06  +1.284870e-05  -1.782325e-07  +7.811812e-07  +2.479597e-04  -4.305987e-08  -1.468822e-07  -1.275654e-03  +5.407706e-08  +1.760332e-08  -1.242476e-03  -4.131165e-08  -2.474638e-07  -1.945121e-03  
-8.510801e-04  -3.685531e-04  +1.136805e-02  -1.530197e-02  -1.552926e-03  -3.112110e-04  -6.175883e-03  -1.040188e-02  +2.063922e-03  -1.586557e-02  +3.715596e-02  +2.026984e-04  +2.479597e-04  +2.929763e+00  -1.646359e-04  -7.997721e-04  -2.011079e+00  +9.837426e-05  -4.941819e-04  -2.554665e+00  +4.383267e-04  -5.946283e-04  -4.324556e+00  
-8.233264e-08  -7.334669e-08  -1.131237e-06  +2.001699e-06  +3.177729e-07  -3.866540e-07  -9.214885e-07  +1.964838e-06  +7.830903e-07  -6.474917e-06  +5.167023e-06  -5.963651e-08  -4.305987e-08  -1.646359e-04  +9.775606e-07  -2.656273e-07  -5.868253e-04  -1.024893e-08  +6.290821e-08  -4.958507e-04  -1.792860e-07  +5.860113e-07  -2.589605e-04  
+6.917453e-07  +2.647354e-07  -6.329942e-06  +1.705196e-06  -4.507638e-08  +4.451288e-07  +5.671883e-06  +9.396909e-06  -1.925224e-06  +1.577509e-05  -3.139204e-05  +2.282491e-08  -1.468822e-07  -7.997721e-04  -2.656273e-07  +1.510642e-06  +2.197435e-04  +7.306598e-08  -3.179965e-07  +2.242215e-03  -2.061413e-07  +5.289713e-07  +2.682946e-03  
+1.789575e-03  +3.856746e-04  -1.868250e-02  +1.597595e-02  +4.232475e-03  +2.150765e-03  +1.199868e-02  -1.751595e-02  -6.159030e-03  +4.168540e-02  -4.066331e-02  +2.833443e-04  -1.275654e-03  -2.011079e+00  -5.868253e-04  +2.197435e-04  +8.738001e+00  +2.627549e-05  +1.020491e-03  +5.174361e+00  +3.946238e-04  +1.992519e-04  +9.013748e+00  
+2.548501e-07  -2.577294e-08  -9.659411e-07  -3.917056e-06  +3.348813e-07  +1.516509e-07  +1.200756e-06  -2.853362e-06  -1.948548e-07  +8.434548e-07  -4.273982e-06  -1.217630e-07  +5.407706e-08  +9.837426e-05  -1.024893e-08  +7.306598e-08  +2.627549e-05  +5.389793e-07  -6.048503e-08  +2.781428e-04  +4.513836e-08  +2.013218e-07  +2.458539e-04  
-4.244157e-08  -5.216804e-09  -1.677040e-06  +4.105188e-06  +8.018588e-07  +4.051629e-08  -1.600544e-07  -2.835971e-06  -1.486394e-07  +7.740952e-07  +1.450328e-06  -1.111745e-07  +1.760332e-08  -4.941819e-04  +6.290821e-08  -3.179965e-07  +1.020491e-03  -6.048503e-08  +5.919884e-07  -5.531635e-05  -3.636917e-08  -3.962856e-08  +5.441879e-04  
+2.718938e-03  +7.708030e-04  -2.627858e-02  +9.692496e-03  +3.616827e-03  +2.229669e-03  +1.804789e-02  +3.448439e-03  -7.381645e-03  +5.597572e-02  -9.252912e-02  +1.572493e-04  -1.242476e-03  -2.554665e+00  -4.958507e-04  +2.242215e-03  +5.174361e+00  +2.781428e-04  -5.531635e-05  +7.986464e+00  -3.350265e-05  +1.649774e-03  +1.116571e+01  
-4.569169e-08  -2.516490e-08  +7.823176e-07  -2.962072e-06  +7.344056e-07  +2.667830e-07  +7.679929e-08  -4.613248e-06  -2.080758e-07  +5.428480e-07  +4.579704e-06  +8.393446e-08  -4.131165e-08  +4.383267e-04  -1.792860e-07  -2.061413e-07  +3.946238e-04  +4.513836e-08  -3.636917e-08  -3.350265e-05  +4.798203e-07  -3.305388e-07  +3.084172e-05  
+6.187146e-07  +1.777488e-07  -8.540478e-06  +1.324319e-06  +9.397812e-07  +1.155687e-07  +3.906261e-06  +3.269384e-06  -1.173544e-06  +9.918103e-06  -2.566363e-05  -2.719226e-07  -2.474638e-07  -5.946283e-04  +5.860113e-07  +5.289713e-07  +1.992519e-04  +2.013218e-07  -3.962856e-08  +1.649774e-03  -3.305388e-07  +1.553751e-06  +2.404568e-03  
+4.056406e-03  +9.752896e-04  -4.196696e-02  +2.228980e-02  +6.988218e-03  +3.477528e-03  +2.608846e-02  +1.813124e-03  -1.110367e-02  +8.337295e-02  -1.281551e-01  +2.207490e-04  -1.945121e-03  -4.324556e+00  -2.589605e-04  +2.682946e-03  +9.013748e+00  +2.458539e-04  +5.441879e-04  +1.116571e+01  +3.084172e-05  +2.404568e-03  +1.812874e+01  
