mean:
+3.961517e+00  +3.953452e+00  +8.426971e-01  +1.337050e+00  +1.399053e+00  +5.148246e-01  +7.941126e-01  +1.399362e+00  +1.766560e-01  +1.820342e+00  +6.100179e+00  +3.527833e+00  +2.673556e+00  +1.959957e+02  +4.327745e+00  +5.294296e+00  +2.752613e+02  +5.414105e+00  +3.801249e+00  +3.162254e+02  +2.639689e+00  +4.559951e+00  +3.897065e+02  
covariance:
+1.049811e-06  +6.914019e-08  +1.240085e-07  -7.655254e-07  -1.570027e-06  +9.906669e-09  +6.979242e-09  +6.025969e-08  -8.803471e-08  +8.847448e-07  -1.624622e-06  +6.032208e-08  -2.025869e-08  -1.192610e-05  -1.010032e-08  +3.491911e-08  +1.703650e-05  -3.148364e-09  +2.423167e-08  -9.289223e-05  +5.254252e-08  +2.067865e-08  +3.359193e-05  
+6.914019e-08  +1.479400e-06  -4.202598e-07  +2.710863e-06  +3.664509e-06  +8.040097e-07  +1.557452e-07  +2.516740e-07  -3.173409e-07  +1.727630e-06  +5.830022e-06  -5.443487e-07  +1.270733e-08  -2.628743e-04  -9.576556e-08  +9.966914e-08  -9.759391e-05  +1.248627e-07  +1.551648e-08  -4.570123e-04  +1.075865e-07  +1.604932e-08  +4.819834e-05  
+1.240085e-07  -4.202598e-07  +2.041405e-05  -7.159367e-05  -4.775153e-05  -1.035046e-05  -5.244721e-06  +7.433835e-06  +4.002766e-06  -1.412101e-05  -7.269758e-05  +5.726288e-06  +3.209352e-07  +3.242650e-03  +6.378458e-07  -4.174270e-07  +1.581760e-03  -1.167967e-06  -7.174406e-07  +6.421084e-03  -1.129926e-06  +3.397426e-07  -2.773853e-03  
-7.655254e-07  +2.710863e-06  -7.159367e-05  +9.940007e-04  +7.398326e-04  +1.381569e-04  -9.188104e-06  -1.004301e-04  -3.192329e-05  +2.008753e-05  +1.457050e-03  -3.568146e-05  -6.563862e-06  -3.045479e-02  -5.720969e-06  +3.009689e-06  -3.703461e-02  +3.414479e-06  -1.755938e-06  -6.724480e-02  +7.467035e-06  -2.487960e-06  +7.178601e-02  
-1.570027e-06  +3.664509e-06  -4.775153e-05  +7.398326e-04  +1.007485e-03  +1.958526e-04  +1.575566e-05  +3.121279e-05  -5.317702e-05  +1.760665e-05  +2.249200e-03  -3.158231e-05  -5.016241e-06  -3.554029e-02  -7.419633e-06  +1.640813e-05  -2.677852e-02  +5.330297e-06  +6.359901e-06  -4.934464e-02  +1.596454e-05  -5.864730e-07  +1.238451e-01  
+9.906669e-09  +8.040097e-07  -1.035046e-05  +1.381569e-04  +1.958526e-04  +4.943894e-05  +1.767388e-06  +9.448532e-06  -1.655524e-05  +4.080906e-05  +5.041533e-04  -9.821008e-06  -1.621666e-06  -1.017230e-02  -1.974962e-06  +2.829668e-06  -4.902071e-03  +1.142039e-06  +2.117067e-06  -1.342540e-02  +4.378970e-06  +3.560142e-07  +2.876834e-02  
+6.979242e-09  +1.557452e-07  -5.244721e-06  -9.188104e-06  +1.575566e-05  +1.767388e-06  +1.852678e-05  +1.016282e-05  -1.685142e-07  -2.819493e-05  +4.607679e-05  +9.481870e-07  +3.827970e-07  +2.598272e-03  +9.570288e-08  +1.258820e-06  +1.535130e-03  +2.427579e-07  +1.663183e-06  +2.947201e-03  +3.854289e-07  +5.816018e-07  +2.370736e-03  
+6.025969e-08  +2.516740e-07  +7.433835e-06  -1.004301e-04  +3.121279e-05  +9.448532e-06  +1.016282e-05  +1.193640e-04  -1.280946e-06  -2.788903e-05  +1.657986e-04  -2.163366e-06  +1.314081e-06  +1.421724e-03  +6.810167e-07  +4.759575e-06  +4.676560e-03  +6.339394e-07  +1.814939e-06  +9.299951e-03  +1.628474e-06  +5.828153e-07  +1.173231e-02  
-8.803471e-08  -3.173409e-07  +4.002766e-06  -3.192329e-05  -5.317702e-05  -1.655524e-05  -1.685142e-07  -1.280946e-06  +8.279808e-06  -3.479560e-05  -1.471881e-04  +3.836900e-06  +2.893476e-07  +4.347346e-03  +9.079511e-07  -9.051012e-07  +1.070071e-03  -6.649726e-07  -1.060574e-06  +5.451672e-03  -1.951177e-06  -9.935133e-08  -8.578515e-03  
+8.847448e-07  +1.727630e-06  -1.412101e-05  +2.008753e-05  +1.760665e-05  +4.080906e-05  -2.819493e-05  -2.788903e-05  -3.479560e-05  +2.776528e-04  +1.156499e-04  -1.785394e-05  -6.467854e-07  -2.133517e-02  -4.128888e-06  -6.080826e-07  -1.215521e-03  +3.183494e-06  +2.198137e-06  -2.746762e-02  +7.273309e-06  -7.706207e-07  +8.587831e-03  
-1.624622e-06  +5.830022e-06  -7.269758e-05  +1.457050e-03  +2.249200e-03  +5.041533e-04  +4.607679e-05  +1.657986e-04  -1.471881e-04  +1.156499e-04  +5.749685e-03  -7.685335e-05  -1.365668e-05  -9.007436e-02  -1.794662e-05  +3.719953e-05  -5.388686e-02  +1.064200e-05  +2.169757e-05  -1.066860e-01  +4.402471e-05  +3.465438e-06  +3.264793e-01  
+6.032208e-08  -5.443487e-07  +5.726288e-06  -3.568146e-05  -3.158231e-05  -9.821008e-06  +9.481870e-07  -2.163366e-06  +3.836900e-06  -1.785394e-05  -7.685335e-05  +7.732535e-06  +3.965858e-07  +4.113542e-03  +5.124558e-07  -1.563103e-07  +1.082528e-03  -1.133548e-06  -3.209122e-09  +4.761857e-03  -6.740942e-07  +6.626753e-08  -2.167784e-03  
-2.025869e-08  +1.270733e-08  +3.209352e-07  -6.563862e-06  -5.016241e-06  -1.621666e-06  +3.827970e-07  +1.314081e-06  +2.893476e-07  -6.467854e-07  -1.365668e-05  +3.965858e-07  +9.822354e-07  +1.950994e-04  +1.494997e-07  +7.913092e-08  +1.082004e-04  +4.884150e-08  +2.637364e-07  +6.093725e-04  +1.354443e-08  +1.718566e-08  -9.590700e-04  
-1.192610e-05  -2.628743e-04  +3.242650e-03  -3.045479e-02  -3.554029e-02  -1.017230e-02  +2.598272e-03  +1.421724e-03  +4.347346e-03  -2.133517e-02  -9.007436e-02  +4.113542e-03  +1.950994e-04  +4.439958e+00  +4.941895e-04  -4.118550e-04  +1.231297e+00  -8.254917e-04  -2.756200e-04  +3.896862e+00  -1.036542e-03  +1.495372e-04  -4.347993e+00  
-1.010032e-08  -9.576556e-08  +6.378458e-07  -5.720969e-06  -7.419633e-06  -1.974962e-06  +9.570288e-08  +6.810167e-07  +9.079511e-07  -4.128888e-06  -1.794662e-05  +5.124558e-07  +1.494997e-07  +4.941895e-04  +5.105931e-07  -1.192136e-07  +3.138971e-04  -4.155004e-08  -6.318113e-08  +9.703018e-04  -3.002269e-07  +4.479873e-08  -1.022615e-03  
+3.491911e-08  +9.966914e-08  -4.174270e-07  +3.009689e-06  +1.640813e-05  +2.829668e-06  +1.258820e-06  +4.759575e-06  -9.051012e-07  -6.080826e-07  +3.719953e-05  -1.563103e-07  +7.913092e-08  -4.118550e-04  -1.192136e-07  +1.042423e-06  +2.263950e-05  +2.776727e-07  +9.108184e-08  +1.450128e-04  +4.925412e-07  -5.785750e-08  +2.004688e-03  
+1.703650e-05  -9.759391e-05  +1.581760e-03  -3.703461e-02  -2.677852e-02  -4.902071e-03  +1.535130e-03  +4.676560e-03  +1.070071e-03  -1.215521e-03  -5.388686e-02  +1.082528e-03  +1.082004e-04  +1.231297e+00  +3.138971e-04  +2.263950e-05  +2.034909e+00  +1.983197e-05  +2.585273e-04  +2.591161e+00  -3.650849e-04  +1.463768e-04  -2.732297e+00  
-3.148364e-09  +1.248627e-07  -1.167967e-06  +3.414479e-06  +5.330297e-06  +1.142039e-06  +2.427579e-07  +6.339394e-07  -6.649726e-07  +3.183494e-06  +1.064200e-05  -1.133548e-06  +4.884150e-08  -8.254917e-04  -4.155004e-08  +2.776727e-07  +1.983197e-05  +7.265113e-07  +2.482490e-08  -4.183452e-04  +2.646033e-07  -1.096165e-07  -1.996632e-04  
+2.423167e-08  +1.551648e-08  -7.174406e-07  -1.755938e-06  +6.359901e-06  +2.117067e-06  +1.663183e-06  +1.814939e-06  -1.060574e-06  +2.198137e-06  +2.169757e-05  -3.209122e-09  +2.637364e-07  -2.756200e-04  -6.318113e-08  +9.108184e-08  +2.585273e-04  +2.482490e-08  +1.015523e-06  -1.407389e-04  +1.288531e-07  +2.287741e-07  +1.507673e-03  
-9.289223e-05  -4.570123e-04  +6.421084e-03  -6.724480e-02  -4.934464e-02  -1.342540e-02  +2.947201e-03  +9.299951e-03  +5.451672e-03  -2.746762e-02  -1.066860e-01  +4.761857e-03  +6.093725e-04  +3.896862e+00  +9.703018e-04  +1.450128e-04  +2.591161e+00  -4.183452e-04  -1.407389e-04  +8.066801e+00  -1.118659e-03  +1.094836e-04  -5.515979e+00  
+5.254252e-08  +1.075865e-07  -1.129926e-06  +7.467035e-06  +1.596454e-05  +4.378970e-06  +3.854289e-07  +1.628474e-06  -1.951177e-06  +7.273309e-06  +4.402471e-05  -6.740942e-07  +1.354443e-08  -1.036542e-03  -3.002269e-07  +4.925412e-07  -3.650849e-04  +2.646033e-07  +1.288531e-07  -1.118659e-03  +1.062660e-06  +8.257570e-09  +2.406269e-03  
+2.067865e-08  +1.604932e-08  +3.397426e-07  -2.487960e-06  -5.864730e-07  +3.560142e-07  +5.816018e-07  +5.828153e-07  -9.935133e-08  -7.706207e-07  +3.465438e-06  +6.626753e-08  +1.718566e-08  +1.495372e-04  +4.479873e-08  -5.785750e-08  +1.463768e-04  -1.096165e-07  +2.287741e-07  +1.094836e-04  +8.257570e-09  +4.748757e-07  +2.907468e-04  
+3.359193e-05  +4.819834e-05  -2.773853e-03  +7.178601e-02  +1.238451e-01  +2.876834e-02  +2.370736e-03  +1.173231e-02  -8.578515e-03  +8.587831e-03  +3.264793e-01  -2.167784e-03  -9.590700e-04  -4.347993e+00  -1.022615e-03  +2.004688e-03  -2.732297e+00  -1.996632e-04  +1.507673e-03  -5.515979e+00  +2.406269e-03  +2.907468e-04  +2.156910e+01  
