mean:
+3.984886e+00  +3.940689e+00  +6.438692e-01  -1.165629e+00  +1.565057e+00  +4.869292e-01  +9.186272e-01  +2.048675e+00  +1.458273e-01  +1.955007e+00  +4.918386e+00  +1.839493e+00  +2.983398e+00  +7.972445e+02  +4.960109e+00  +4.479942e+00  +2.009201e+03  
covariance:
+5.766716e-06  +1.609443e-06  +1.443980e-06  +8.290913e-06  -1.031465e-05  -2.624214e-07  +1.939188e-06  -1.176082e-06  -4.586697e-07  +3.410181e-07  -5.208873e-06  +7.239056e-08  -1.972949e-07  -3.594386e-04  +6.563539e-08  -8.233655e-08  +4.086327e-04  
+1.609443e-06  +4.939841e-06  +1.753966e-06  +5.284833e-07  +1.130550e-06  -1.783105e-07  -7.633713e-07  -1.197565e-06  +6.168913e-07  -2.108069e-06  +2.107791e-06  +1.238818e-07  -2.464173e-07  -1.899722e-05  -1.393982e-08  -1.695374e-07  -7.514027e-05  
+1.443980e-06  +1.753966e-06  +8.515673e-05  +1.256394e-04  -3.293536e-05  -6.065396e-06  +7.386477e-06  +3.297990e-05  +6.595389e-06  -8.042456e-05  +6.746347e-05  +4.500124e-07  -1.318055e-06  +6.002648e-03  +4.201698e-07  -2.306148e-07  -2.388432e-03  
+8.290913e-06  +5.284833e-07  +1.256394e-04  +6.341283e-03  -3.199721e-04  -8.656514e-04  +4.284071e-05  -4.650447e-04  +2.037149e-05  -4.477191e-05  -1.254346e-03  -1.908921e-05  +4.937557e-06  -1.829981e-01  +1.892881e-06  +1.937220e-06  +3.923284e-01  
-1.031465e-05  +1.130550e-06  -3.293536e-05  -3.199721e-04  +1.136377e-03  +3.863266e-05  -2.556993e-04  +3.119339e-04  +1.810339e-05  +5.502132e-07  +4.348043e-04  -3.974763e-06  +5.581177e-06  +5.713762e-02  +3.119887e-07  -2.189222e-06  +3.966753e-03  
-2.624214e-07  -1.783105e-07  -6.065396e-06  -8.656514e-04  +3.863266e-05  +1.342914e-04  -7.684307e-06  +1.225358e-04  -2.669028e-06  +1.660906e-06  +1.814332e-04  +2.979981e-06  -4.644856e-08  +3.056518e-02  -4.693674e-08  -2.123012e-07  -5.755472e-02  
+1.939188e-06  -7.633713e-07  +7.386477e-06  +4.284071e-05  -2.556993e-04  -7.684307e-06  +1.031315e-04  -9.424535e-05  -9.869611e-06  +7.408243e-06  -7.116254e-05  +3.976288e-07  -2.834408e-06  -7.710812e-03  +2.305739e-07  +8.585966e-07  -6.204357e-03  
-1.176082e-06  -1.197565e-06  +3.297990e-05  -4.650447e-04  +3.119339e-04  +1.225358e-04  -9.424535e-05  +5.866522e-04  +5.250958e-06  +1.148177e-05  +1.725327e-04  -1.167056e-06  +5.759386e-06  +5.455659e-02  -2.258417e-07  -1.675618e-06  -3.355856e-03  
-4.586697e-07  +6.168913e-07  +6.595389e-06  +2.037149e-05  +1.810339e-05  -2.669028e-06  -9.869611e-06  +5.250958e-06  +3.343968e-06  -1.486775e-05  +4.025002e-06  +2.338037e-07  +8.172757e-08  -1.678290e-04  +5.679060e-08  -9.538642e-08  +6.704039e-04  
+3.410181e-07  -2.108069e-06  -8.042456e-05  -4.477191e-05  +5.502132e-07  +1.660906e-06  +7.408243e-06  +1.148177e-05  -1.486775e-05  +1.635009e-04  -1.431651e-04  -2.769145e-06  +1.750789e-06  -3.025821e-03  -7.118254e-07  +3.293897e-07  +2.306916e-02  
-5.208873e-06  +2.107791e-06  +6.746347e-05  -1.254346e-03  +4.348043e-04  +1.814332e-04  -7.116254e-05  +1.725327e-04  +4.025002e-06  -1.431651e-04  +9.882401e-04  +3.545652e-06  +1.930972e-06  +6.517328e-02  +1.012681e-06  -9.076189e-07  -1.208684e-01  
+7.239056e-08  +1.238818e-07  +4.500124e-07  -1.908921e-05  -3.974763e-06  +2.979981e-06  +3.976288e-07  -1.167056e-06  +2.338037e-07  -2.769145e-06  +3.545652e-06  +6.710555e-07  -2.222737e-08  +2.760189e-04  +2.737697e-08  +4.070471e-08  -2.192564e-03  
-1.972949e-07  -2.464173e-07  -1.318055e-06  +4.937557e-06  +5.581177e-06  -4.644856e-08  -2.834408e-06  +5.759386e-06  +8.172757e-08  +1.750789e-06  +1.930972e-06  -2.222737e-08  +1.217438e-06  -1.267013e-04  +4.245286e-08  +9.490942e-08  +3.271216e-04  
-3.594386e-04  -1.899722e-05  +6.002648e-03  -1.829981e-01  +5.713762e-02  +3.056518e-02  -7.710812e-03  +5.455659e-02  -1.678290e-04  -3.025821e-03  +6.517328e-02  +2.760189e-04  -1.267013e-04  +1.429648e+01  +7.249819e-05  -2.083965e-04  -1.082866e+01  
+6.563539e-08  -1.393982e-08  +4.201698e-07  +1.892881e-06  +3.119887e-07  -4.693674e-08  +2.305739e-07  -2.258417e-07  +5.679060e-08  -7.118254e-07  +1.012681e-06  +2.737697e-08  +4.245286e-08  +7.249819e-05  +2.055585e-07  -2.052332e-08  -1.175008e-04  
-8.233655e-08  -1.695374e-07  -2.306148e-07  +1.937220e-06  -2.189222e-06  -2.123012e-07  +8.585966e-07  -1.675618e-06  -9.538642e-08  +3.293897e-07  -9.076189e-07  +4.070471e-08  +9.490942e-08  -2.083965e-04  -2.052332e-08  +2.586537e-07  -1.851150e-04  
+4.086327e-04  -7.514027e-05  -2.388432e-03  +3.923284e-01  +3.966753e-03  -5.755472e-02  -6.204357e-03  -3.355856e-03  +6.704039e-04  +2.306916e-02  -1.208684e-01  -2.192564e-03  +3.271216e-04  -1.082866e+01  -1.175008e-04  -1.851150e-04  +4.161329e+01  
