mean:
+3.957624e+00  +3.926409e+00  +6.190820e-01  -1.201662e+00  +1.686050e+00  +5.023964e-01  +9.319182e-01  +2.110201e+00  +1.408037e-01  +2.039372e+00  +4.889203e+00  +1.634996e+00  +2.882962e+00  +8.057517e+02  +4.800035e+00  +4.400317e+00  +2.026691e+03  
covariance:
+6.629553e-06  -1.902966e-07  +4.680955e-06  +1.763690e-05  +3.850932e-06  +3.743545e-07  +2.972362e-06  +1.655517e-05  +3.127627e-07  -4.156366e-06  +2.695286e-06  -1.345007e-07  +1.519074e-07  +1.398909e-03  -5.065444e-08  +1.488265e-07  -2.793026e-05  
-1.902966e-07  +7.032144e-06  -1.587943e-06  -1.537964e-05  +3.435337e-06  -7.870966e-07  +6.644616e-07  -3.999947e-06  -4.661912e-07  +9.558719e-06  -1.235743e-05  -7.331381e-08  +3.242108e-08  +2.119315e-04  -3.643870e-08  -1.126310e-07  +1.614820e-03  
+4.680955e-06  -1.587943e-06  +2.827619e-04  +4.988174e-04  -1.588967e-06  +8.629413e-06  -1.252740e-04  +2.886765e-04  +7.377043e-05  -6.111129e-04  +1.309557e-04  -2.185256e-06  -2.708204e-06  -1.281187e-02  -1.793806e-06  -1.987793e-07  -1.718027e-01  
+1.763690e-05  -1.537964e-05  +4.988174e-04  +1.568523e-03  -2.717184e-05  +3.552605e-05  -1.565264e-04  +7.852198e-04  +1.162693e-04  -1.070236e-03  +5.104132e-04  -7.359277e-06  -9.232002e-07  +3.690058e-02  -2.495835e-06  +2.775041e-06  -2.526995e-01  
+3.850932e-06  +3.435337e-06  -1.588967e-06  -2.717184e-05  +1.929111e-04  -2.889972e-06  +7.559181e-05  +8.602720e-05  -1.309093e-05  +7.666516e-05  -2.117394e-04  -2.703737e-07  +6.959661e-07  +5.766478e-03  -5.232938e-07  +7.244035e-07  +5.675951e-02  
+3.743545e-07  -7.870966e-07  +8.629413e-06  +3.552605e-05  -2.889972e-06  +9.166473e-06  +1.451946e-05  +2.049202e-05  -1.891082e-06  +2.593876e-06  +9.750756e-08  +3.438280e-07  +6.333222e-07  +1.451325e-03  +1.862981e-07  +3.111995e-07  +2.363091e-03  
+2.972362e-06  +6.644616e-07  -1.252740e-04  -1.565264e-04  +7.559181e-05  +1.451946e-05  +2.499238e-04  +7.713956e-05  -6.986405e-05  +4.598349e-04  -2.379020e-04  +3.761450e-06  +5.872175e-06  +3.283110e-02  +1.610558e-06  +2.444484e-06  +1.757526e-01  
+1.655517e-05  -3.999947e-06  +2.886765e-04  +7.852198e-04  +8.602720e-05  +2.049202e-05  +7.713956e-05  +9.224078e-04  +2.774417e-05  -3.578193e-04  +7.689095e-05  +9.326168e-08  +2.109420e-06  +5.213066e-02  -1.390187e-06  +3.851632e-06  -7.824630e-02  
+3.127627e-07  -4.661912e-07  +7.377043e-05  +1.162693e-04  -1.309093e-05  -1.891082e-06  -6.986405e-05  +2.774417e-05  +2.916084e-05  -2.190257e-04  +8.041046e-05  -1.377011e-06  -1.584879e-06  -9.914600e-03  -6.683968e-07  -4.242850e-07  -6.486692e-02  
-4.156366e-06  +9.558719e-06  -6.111129e-04  -1.070236e-03  +7.666516e-05  +2.593876e-06  +4.598349e-04  -3.578193e-04  -2.190257e-04  +1.808109e-03  -7.208687e-04  +1.073954e-05  +1.064162e-05  +6.307046e-02  +5.403477e-06  +6.132930e-07  +4.860364e-01  
+2.695286e-06  -1.235743e-05  +1.309557e-04  +5.104132e-04  -2.117394e-04  +9.750756e-08  -2.379020e-04  +7.689095e-05  +8.041046e-05  -7.208687e-04  +1.061588e-03  -9.170136e-06  -7.362715e-06  +7.052022e-03  -1.878225e-06  +2.008385e-06  -2.173247e-01  
-1.345007e-07  -7.331381e-08  -2.185256e-06  -7.359277e-06  -2.703737e-07  +3.438280e-07  +3.761450e-06  +9.326168e-08  -1.377011e-06  +1.073954e-05  -9.170136e-06  +6.002991e-07  +1.005753e-07  +2.735482e-04  +9.599942e-08  +3.329994e-08  +2.683179e-03  
+1.519074e-07  +3.242108e-08  -2.708204e-06  -9.232002e-07  +6.959661e-07  +6.333222e-07  +5.872175e-06  +2.109420e-06  -1.584879e-06  +1.064162e-05  -7.362715e-06  +1.005753e-07  +7.828965e-07  +7.849656e-04  +6.452671e-08  +3.162168e-08  +3.558314e-03  
+1.398909e-03  +2.119315e-04  -1.281187e-02  +3.690058e-02  +5.766478e-03  +1.451325e-03  +3.283110e-02  +5.213066e-02  -9.914600e-03  +6.307046e-02  +7.052022e-03  +2.735482e-04  +7.849656e-04  +1.502361e+01  +1.385842e-04  +5.230887e-04  +2.342773e+01  
-5.065444e-08  -3.643870e-08  -1.793806e-06  -2.495835e-06  -5.232938e-07  +1.862981e-07  +1.610558e-06  -1.390187e-06  -6.683968e-07  +5.403477e-06  -1.878225e-06  +9.599942e-08  +6.452671e-08  +1.385842e-04  +4.029731e-07  +2.104314e-08  +1.562155e-03  
+1.488265e-07  -1.126310e-07  -1.987793e-07  +2.775041e-06  +7.244035e-07  +3.111995e-07  +2.444484e-06  +3.851632e-06  -4.242850e-07  +6.132930e-07  +2.008385e-06  +3.329994e-08  +3.162168e-08  +5.230887e-04  +2.104314e-08  +4.795982e-07  +1.307476e-03  
-2.793026e-05  +1.614820e-03  -1.718027e-01  -2.526995e-01  +5.675951e-02  +2.363091e-03  +1.757526e-01  -7.824630e-02  -6.486692e-02  +4.860364e-01  -2.173247e-01  +2.683179e-03  +3.558314e-03  +2.342773e+01  +1.562155e-03  +1.307476e-03  +1.745315e+02  
