mean:
+3.981365e+00  +3.953986e+00  +8.458953e-01  +1.311509e+00  +1.404067e+00  +4.011572e-01  +8.242379e-01  +1.382332e+00  +1.684423e-01  +1.917522e+00  +5.891695e+00  +3.591819e+00  +2.698645e+00  +2.051915e+02  +4.328529e+00  +5.293772e+00  +2.813987e+02  +5.452633e+00  +3.757495e+00  +3.259566e+02  +2.640261e+00  +4.559416e+00  +3.953513e+02  
covariance:
+1.465518e-06  +8.067892e-08  -1.834420e-06  +1.459044e-06  +4.748334e-07  +7.242221e-07  +8.210956e-06  +3.668768e-07  -5.480426e-06  +3.842532e-05  -2.222213e-05  +2.046588e-07  -6.448065e-07  +8.859553e-04  -1.379045e-07  +4.572513e-07  +1.711634e-03  -1.455926e-07  +1.694681e-07  +2.275330e-03  +2.937189e-07  -1.705963e-07  +3.402899e-03  
+8.067892e-08  +1.088937e-06  -7.151034e-08  +1.100139e-07  +3.944079e-07  -3.494187e-08  -1.230860e-06  +2.588813e-07  +9.134727e-07  -6.345889e-06  +2.836382e-06  -9.596898e-08  +6.476910e-08  -8.913937e-05  -3.081280e-08  -1.505619e-07  -3.265684e-04  +4.835362e-08  -2.863583e-08  -4.553194e-04  +4.510926e-08  +1.632967e-08  -7.006555e-04  
-1.834420e-06  -7.151034e-08  +1.881742e-05  -3.069261e-06  +7.179234e-07  -3.179278e-06  -3.558123e-05  +1.324491e-06  +2.110716e-05  -1.558432e-04  +1.006745e-04  +2.984954e-07  +2.753956e-06  -4.398817e-03  +3.661831e-07  -2.055765e-06  -7.119175e-03  -2.165658e-07  -1.090948e-06  -1.006584e-02  -2.298716e-06  +4.786959e-07  -1.361742e-02  
+1.459044e-06  +1.100139e-07  -3.069261e-06  +6.551451e-05  +5.517228e-07  +2.438510e-06  +2.166904e-05  +2.412446e-06  -1.264713e-05  +9.153110e-05  -6.168966e-05  -8.820341e-07  -1.969005e-06  +7.462426e-04  -1.061464e-06  +1.957134e-07  -3.561078e-05  -1.045786e-06  +7.661235e-07  +9.111742e-03  +7.986079e-07  -2.963052e-07  +8.591062e-03  
+4.748334e-07  +3.944079e-07  +7.179234e-07  +5.517228e-07  +9.389264e-06  +2.450746e-07  +1.572958e-06  -3.879681e-07  -1.892081e-06  +1.612340e-05  -2.508119e-05  +6.307363e-07  -8.620630e-07  +9.086343e-04  -7.202532e-07  -4.760181e-07  -3.339904e-04  -3.854033e-07  +1.065381e-07  -8.597242e-04  +8.026652e-07  +2.612113e-07  -7.876407e-04  
+7.242221e-07  -3.494187e-08  -3.179278e-06  +2.438510e-06  +2.450746e-07  +1.783444e-06  +1.259163e-05  -1.976858e-06  -7.597312e-06  +5.510939e-05  -2.591902e-05  -1.129730e-08  -6.200651e-07  +1.424158e-03  -2.919733e-07  +5.633306e-07  +2.417295e-03  -3.004610e-08  +2.315451e-07  +3.500727e-03  +4.495033e-07  -1.965387e-08  +5.506938e-03  
+8.210956e-06  -1.230860e-06  -3.558123e-05  +2.166904e-05  +1.572958e-06  +1.259163e-05  +1.638974e-04  +2.266029e-05  -9.324524e-05  +6.650280e-04  -3.401401e-04  -6.464367e-07  -7.887615e-06  +1.530369e-02  -1.592668e-06  +9.788939e-06  +3.113882e-02  -5.753458e-07  +2.595667e-06  +4.713084e-02  +3.956383e-06  -2.139002e-06  +6.454934e-02  
+3.668768e-07  +2.588813e-07  +1.324491e-06  +2.412446e-06  -3.879681e-07  -1.976858e-06  +2.266029e-05  +7.490781e-05  -5.580124e-06  +2.081649e-05  +7.115903e-06  +3.228359e-08  +2.992977e-06  -5.372536e-05  -2.708012e-07  +1.851342e-06  +1.820258e-04  +1.325400e-06  -9.123314e-07  +9.718887e-03  -1.774064e-06  -1.153640e-06  +1.447346e-03  
-5.480426e-06  +9.134727e-07  +2.110716e-05  -1.264713e-05  -1.892081e-06  -7.597312e-06  -9.324524e-05  -5.580124e-06  +5.863833e-05  -4.274863e-04  +2.373574e-04  -1.142468e-06  +6.459092e-06  -1.032265e-02  +9.618739e-07  -5.093278e-06  -1.886500e-02  +7.620492e-07  -1.687651e-06  -2.707536e-02  -3.199384e-06  +1.641328e-06  -3.820559e-02  
+3.842532e-05  -6.345889e-06  -1.558432e-04  +9.153110e-05  +1.612340e-05  +5.510939e-05  +6.650280e-04  +2.081649e-05  -4.274863e-04  +3.172588e-03  -1.833365e-03  +1.223222e-05  -5.223429e-05  +7.859535e-02  -7.286065e-06  +3.442314e-05  +1.370489e-01  -6.686937e-06  +1.297977e-05  +1.925416e-01  +2.526819e-05  -1.264949e-05  +2.741371e-01  
-2.222213e-05  +2.836382e-06  +1.006745e-04  -6.168966e-05  -2.508119e-05  -2.591902e-05  -3.401401e-04  +7.115903e-06  +2.373574e-04  -1.833365e-03  +1.389722e-03  -1.678647e-05  +4.397221e-05  -5.071075e-02  +6.126711e-06  -1.100069e-05  -6.796383e-02  +5.670141e-06  -9.535312e-06  -9.138986e-02  -2.021639e-05  +6.941655e-06  -1.219302e-01  
+2.046588e-07  -9.596898e-08  +2.984954e-07  -8.820341e-07  +6.307363e-07  -1.129730e-08  -6.464367e-07  +3.228359e-08  -1.142468e-06  +1.223222e-05  -1.678647e-05  +1.185711e-06  -5.685925e-07  +6.446500e-04  -2.292865e-08  -2.635472e-07  -2.141352e-05  -3.451278e-07  +9.418153e-08  -3.007802e-04  +1.077299e-07  -1.520444e-07  -4.081289e-04  
-6.448065e-07  +6.476910e-08  +2.753956e-06  -1.969005e-06  -8.620630e-07  -6.200651e-07  -7.887615e-06  +2.992977e-06  +6.459092e-06  -5.223429e-05  +4.397221e-05  -5.685925e-07  +2.886058e-06  -1.551692e-03  +1.068439e-07  -4.022084e-07  -2.480520e-03  +6.600339e-07  -5.941891e-07  -1.283400e-03  -5.625412e-07  +3.104575e-07  -3.605206e-03  
+8.859553e-04  -8.913937e-05  -4.398817e-03  +7.462426e-04  +9.086343e-04  +1.424158e-03  +1.530369e-02  -5.372536e-05  -1.032265e-02  +7.859535e-02  -5.071075e-02  +6.446500e-04  -1.551692e-03  +2.651755e+00  -3.496463e-04  +6.188511e-04  +3.064276e+00  -6.197174e-05  +4.644355e-04  +4.095535e+00  +8.076114e-04  -3.012496e-04  +5.963726e+00  
-1.379045e-07  -3.081280e-08  +3.661831e-07  -1.061464e-06  -7.202532e-07  -2.919733e-07  -1.592668e-06  -2.708012e-07  +9.618739e-07  -7.286065e-06  +6.126711e-06  -2.292865e-08  +1.068439e-07  -3.496463e-04  +6.623691e-07  +4.760993e-08  -1.767218e-04  +1.879646e-08  -1.124972e-07  -3.947498e-04  -2.070901e-07  +1.876178e-08  -5.649839e-04  
+4.572513e-07  -1.505619e-07  -2.055765e-06  +1.957134e-07  -4.760181e-07  +5.633306e-07  +9.788939e-06  +1.851342e-06  -5.093278e-06  +3.442314e-05  -1.100069e-05  -2.635472e-07  -4.022084e-07  +6.188511e-04  +4.760993e-08  +1.176698e-06  +2.374004e-03  -1.280982e-07  +2.135034e-07  +2.619355e-03  -3.018426e-08  -1.556024e-07  +4.533929e-03  
+1.711634e-03  -3.265684e-04  -7.119175e-03  -3.561078e-05  -3.339904e-04  +2.417295e-03  +3.113882e-02  +1.820258e-04  -1.886500e-02  +1.370489e-01  -6.796383e-02  -2.141352e-05  -2.480520e-03  +3.064276e+00  -1.767218e-04  +2.374004e-03  +8.133864e+00  -5.542757e-04  +7.652065e-04  +8.238975e+00  +7.658485e-04  -7.430712e-04  +1.410176e+01  
-1.455926e-07  +4.835362e-08  -2.165658e-07  -1.045786e-06  -3.854033e-07  -3.004610e-08  -5.753458e-07  +1.325400e-06  +7.620492e-07  -6.686937e-06  +5.670141e-06  -3.451278e-07  +6.600339e-07  -6.197174e-05  +1.879646e-08  -1.280982e-07  -5.542757e-04  +9.908569e-07  -1.891393e-07  +1.583657e-04  +2.983190e-08  +1.739985e-07  -1.091585e-03  
+1.694681e-07  -2.863583e-08  -1.090948e-06  +7.661235e-07  +1.065381e-07  +2.315451e-07  +2.595667e-06  -9.123314e-07  -1.687651e-06  +1.297977e-05  -9.535312e-06  +9.418153e-08  -5.941891e-07  +4.644355e-04  -1.124972e-07  +2.135034e-07  +7.652065e-04  -1.891393e-07  +4.349119e-07  +4.909681e-04  +1.854950e-07  -1.193347e-07  +1.262751e-03  
+2.275330e-03  -4.553194e-04  -1.006584e-02  +9.111742e-03  -8.597242e-04  +3.500727e-03  +4.713084e-02  +9.718887e-03  -2.707536e-02  +1.925416e-01  -9.138986e-02  -3.007802e-04  -1.283400e-03  +4.095535e+00  -3.947498e-04  +2.619355e-03  +8.238975e+00  +1.583657e-04  +4.909681e-04  +1.588240e+01  +1.161996e-03  -7.608106e-04  +1.887333e+01  
+2.937189e-07  +4.510926e-08  -2.298716e-06  +7.986079e-07  +8.026652e-07  +4.495033e-07  +3.956383e-06  -1.774064e-06  -3.199384e-06  +2.526819e-05  -2.021639e-05  +1.077299e-07  -5.625412e-07  +8.076114e-04  -2.070901e-07  -3.018426e-08  +7.658485e-04  +2.983190e-08  +1.854950e-07  +1.161996e-03  +9.233938e-07  -3.420950e-08  +1.396887e-03  
-1.705963e-07  +1.632967e-08  +4.786959e-07  -2.963052e-07  +2.612113e-07  -1.965387e-08  -2.139002e-06  -1.153640e-06  +1.641328e-06  -1.264949e-05  +6.941655e-06  -1.520444e-07  +3.104575e-07  -3.012496e-04  +1.876178e-08  -1.556024e-07  -7.430712e-04  +1.739985e-07  -1.193347e-07  -7.608106e-04  -3.420950e-08  +5.580747e-07  -1.002173e-03  
+3.402899e-03  -7.006555e-04  -1.361742e-02  +8.591062e-03  -7.876407e-04  +5.506938e-03  +6.454934e-02  +1.447346e-03  -3.820559e-02  +2.741371e-01  -1.219302e-01  -4.081289e-04  -3.605206e-03  +5.963726e+00  -5.649839e-04  +4.533929e-03  +1.410176e+01  -1.091585e-03  +1.262751e-03  +1.887333e+01  +1.396887e-03  -1.002173e-03  +3.056734e+01  
