mean:
+3.961339e+00  +3.953334e+00  +8.537581e-01  +1.348566e+00  +1.433505e+00  +5.130341e-01  +8.108391e-01  +1.384601e+00  +1.711540e-01  +1.909945e+00  +5.982875e+00  +3.528707e+00  +2.673778e+00  +2.001581e+02  +4.328063e+00  +5.294313e+00  +2.776661e+02  +5.413570e+00  +3.801184e+00  +3.173281e+02  +2.640264e+00  +4.559478e+00  +3.916221e+02  
covariance:
+8.187390e-07  -9.209363e-09  +1.735990e-07  -2.888768e-06  -1.149595e-07  -6.433380e-07  -9.487504e-07  -2.008129e-06  +7.168331e-07  -5.138969e-06  -5.728951e-08  +3.230715e-07  -6.654767e-08  +8.354740e-05  +2.321215e-08  +5.078770e-08  -2.573692e-05  +1.693264e-08  -6.357854e-08  -1.901157e-04  +1.607623e-08  +1.071473e-08  -3.940053e-04  
-9.209363e-09  +1.313567e-06  -1.140657e-07  +1.256061e-06  +4.951204e-08  +5.208664e-07  +5.739736e-07  +5.287259e-07  -4.176590e-07  +3.217811e-06  +3.308580e-07  -1.170983e-07  +2.135824e-08  -2.854412e-05  +1.314058e-08  +1.599629e-08  -1.019078e-04  +5.961741e-08  -1.696260e-08  +2.045088e-04  +2.700574e-08  +3.392814e-08  +4.439587e-04  
+1.735990e-07  -1.140657e-07  +1.909037e-05  -6.456602e-06  +1.569492e-06  -2.791977e-06  -1.348844e-05  -4.602089e-05  +3.849316e-06  -1.275465e-05  -2.639642e-05  +4.664336e-07  +7.847785e-07  -3.092448e-03  +2.069523e-07  -1.205547e-06  +1.627780e-03  -6.179286e-07  -1.487987e-06  -5.026326e-03  -5.007860e-07  -2.460144e-07  -9.088183e-03  
-2.888768e-06  +1.256061e-06  -6.456602e-06  +4.323094e-04  +2.447977e-05  +8.741150e-05  +1.089987e-04  +8.298304e-05  -1.066423e-04  +7.565597e-04  -1.056844e-04  -4.096287e-05  -6.118861e-06  -9.931143e-03  -7.046784e-06  +1.782382e-06  +5.415191e-03  -3.372809e-06  +7.901123e-06  -1.612070e-02  -9.340420e-08  +4.377721e-07  +6.867529e-02  
-1.149595e-07  +4.951204e-08  +1.569492e-06  +2.447977e-05  +1.829018e-05  +7.472873e-06  +9.448630e-06  -6.955730e-06  -9.587012e-06  +6.847469e-05  -9.814897e-06  -7.563585e-06  -3.999641e-08  -1.271360e-03  -1.372761e-07  -6.839154e-08  +3.930851e-04  +7.714373e-07  +6.837927e-07  -1.652652e-03  +4.103161e-07  +2.389543e-07  +1.778689e-03  
-6.433380e-07  +5.208664e-07  -2.791977e-06  +8.741150e-05  +7.472873e-06  +2.468928e-05  +3.098114e-05  +6.134982e-06  -2.916214e-05  +2.062397e-04  -2.808768e-05  -1.013070e-05  -1.231176e-06  -1.633028e-04  -1.626164e-06  +6.483976e-07  +6.815717e-04  +2.690493e-07  +2.348762e-06  -2.394026e-03  +4.499134e-07  +1.565619e-07  +1.909126e-02  
-9.487504e-07  +5.739736e-07  -1.348844e-05  +1.089987e-04  +9.448630e-06  +3.098114e-05  +5.330919e-05  +4.564552e-05  -3.849790e-05  +2.531704e-04  -7.777402e-06  -1.266972e-05  -1.390043e-06  +1.782547e-03  -1.860842e-06  +1.783478e-06  +1.107634e-03  +2.907469e-07  +3.476914e-06  +4.980234e-04  +6.704581e-07  -4.412290e-07  +2.864578e-02  
-2.008129e-06  +5.287259e-07  -4.602089e-05  +8.298304e-05  -6.955730e-06  +6.134982e-06  +4.564552e-05  +3.902037e-04  -1.575914e-05  +6.029858e-05  +1.312907e-04  -7.796452e-06  +3.192541e-06  +3.143851e-06  +5.534729e-07  +7.904721e-06  -2.165412e-03  -3.356981e-06  +2.343889e-06  +1.744929e-02  -4.452990e-06  -3.320364e-06  +3.566846e-02  
+7.168331e-07  -4.176590e-07  +3.849316e-06  -1.066423e-04  -9.587012e-06  -2.916214e-05  -3.849790e-05  -1.575914e-05  +3.658341e-05  -2.548348e-04  +3.047599e-05  +1.335225e-05  +6.035557e-07  +5.550811e-04  +1.793058e-06  -1.026707e-06  -9.811347e-04  -2.388791e-07  -3.231435e-06  +2.575310e-03  -3.200067e-07  -2.397170e-07  -2.301065e-02  
-5.138969e-06  +3.217811e-06  -1.275465e-05  +7.565597e-04  +6.847469e-05  +2.062397e-04  +2.531704e-04  +6.029858e-05  -2.548348e-04  +1.824632e-03  -2.645461e-04  -9.463617e-05  -3.267907e-06  -6.753000e-03  -1.295373e-05  +5.780974e-06  +6.651864e-03  +1.488830e-06  +2.258867e-05  -2.284191e-02  +2.157700e-06  +2.814406e-06  +1.563713e-01  
-5.728951e-08  +3.308580e-07  -2.639642e-05  -1.056844e-04  -9.814897e-06  -2.808768e-05  -7.777402e-06  +1.312907e-04  +3.047599e-05  -2.645461e-04  +1.568637e-04  +1.096843e-05  +1.629818e-06  +4.535384e-03  +1.885980e-06  +2.345249e-06  -4.978738e-03  +4.449147e-08  -4.833416e-07  +1.606035e-02  -7.246631e-07  -1.218649e-06  -7.919352e-03  
+3.230715e-07  -1.170983e-07  +4.664336e-07  -4.096287e-05  -7.563585e-06  -1.013070e-05  -1.266972e-05  -7.796452e-06  +1.335225e-05  -9.463617e-05  +1.096843e-05  +9.897713e-06  -4.231898e-07  +1.959397e-03  +1.579365e-07  -1.898776e-08  -1.405041e-04  -1.008653e-06  -1.499087e-06  +1.264507e-03  +7.135730e-08  -2.271089e-07  -4.842765e-03  
-6.654767e-08  +2.135824e-08  +7.847785e-07  -6.118861e-06  -3.999641e-08  -1.231176e-06  -1.390043e-06  +3.192541e-06  +6.035557e-07  -3.267907e-06  +1.629818e-06  -4.231898e-07  +2.059847e-06  -4.461853e-04  +1.298121e-07  -1.376127e-07  -4.820840e-04  +1.190529e-08  +2.934301e-07  +1.322545e-03  -2.243247e-07  -2.295489e-08  -1.798969e-03  
+8.354740e-05  -2.854412e-05  -3.092448e-03  -9.931143e-03  -1.271360e-03  -1.633028e-04  +1.782547e-03  +3.143851e-06  +5.550811e-04  -6.753000e-03  +4.535384e-03  +1.959397e-03  -4.461853e-04  +2.127929e+00  -5.028836e-05  +3.805430e-04  -2.172637e-01  +2.185767e-04  +8.153430e-05  +9.677501e-01  +3.606062e-04  -5.266625e-05  +1.710134e+00  
+2.321215e-08  +1.314058e-08  +2.069523e-07  -7.046784e-06  -1.372761e-07  -1.626164e-06  -1.860842e-06  +5.534729e-07  +1.793058e-06  -1.295373e-05  +1.885980e-06  +1.579365e-07  +1.298121e-07  -5.028836e-05  +5.380296e-07  -7.900676e-09  -2.568668e-05  +2.200330e-07  -1.694537e-07  +3.891401e-04  -1.328975e-07  +3.501951e-08  -1.409531e-03  
+5.078770e-08  +1.599629e-08  -1.205547e-06  +1.782382e-06  -6.839154e-08  +6.483976e-07  +1.783478e-06  +7.904721e-06  -1.026707e-06  +5.780974e-06  +2.345249e-06  -1.898776e-08  -1.376127e-07  +3.805430e-04  -7.900676e-09  +6.705721e-07  +2.172283e-04  -1.032375e-07  +3.032986e-08  +2.028936e-04  -6.612040e-08  -1.609474e-07  +1.676572e-03  
-2.573692e-05  -1.019078e-04  +1.627780e-03  +5.415191e-03  +3.930851e-04  +6.815717e-04  +1.107634e-03  -2.165412e-03  -9.811347e-04  +6.651864e-03  -4.978738e-03  -1.405041e-04  -4.820840e-04  -2.172637e-01  -2.568668e-05  +2.172283e-04  +1.709564e+00  -2.314884e-04  -3.218356e-04  -1.659175e+00  -2.304911e-04  -4.443196e-04  +5.700930e-01  
+1.693264e-08  +5.961741e-08  -6.179286e-07  -3.372809e-06  +7.714373e-07  +2.690493e-07  +2.907469e-07  -3.356981e-06  -2.388791e-07  +1.488830e-06  +4.449147e-08  -1.008653e-06  +1.190529e-08  +2.185767e-04  +2.200330e-07  -1.032375e-07  -2.314884e-04  +9.883187e-07  +9.910504e-08  +4.443829e-04  -3.317711e-09  +1.634635e-07  -8.789925e-04  
-6.357854e-08  -1.696260e-08  -1.487987e-06  +7.901123e-06  +6.837927e-07  +2.348762e-06  +3.476914e-06  +2.343889e-06  -3.231435e-06  +2.258867e-05  -4.833416e-07  -1.499087e-06  +2.934301e-07  +8.153430e-05  -1.694537e-07  +3.032986e-08  -3.218356e-04  +9.910504e-08  +1.031413e-06  +1.149544e-04  +1.347919e-07  +1.249421e-07  +2.163645e-03  
-1.901157e-04  +2.045088e-04  -5.026326e-03  -1.612070e-02  -1.652652e-03  -2.394026e-03  +4.980234e-04  +1.744929e-02  +2.575310e-03  -2.284191e-02  +1.606035e-02  +1.264507e-03  +1.322545e-03  +9.677501e-01  +3.891401e-04  +2.028936e-04  -1.659175e+00  +4.443829e-04  +1.149544e-04  +5.014644e+00  -7.805333e-05  +2.868975e-04  -3.097382e-01  
+1.607623e-08  +2.700574e-08  -5.007860e-07  -9.340420e-08  +4.103161e-07  +4.499134e-07  +6.704581e-07  -4.452990e-06  -3.200067e-07  +2.157700e-06  -7.246631e-07  +7.135730e-08  -2.243247e-07  +3.606062e-04  -1.328975e-07  -6.612040e-08  -2.304911e-04  -3.317711e-09  +1.347919e-07  -7.805333e-05  +4.897933e-07  +1.136408e-07  +3.653358e-04  
+1.071473e-08  +3.392814e-08  -2.460144e-07  +4.377721e-07  +2.389543e-07  +1.565619e-07  -4.412290e-07  -3.320364e-06  -2.397170e-07  +2.814406e-06  -1.218649e-06  -2.271089e-07  -2.295489e-08  -5.266625e-05  +3.501951e-08  -1.609474e-07  -4.443196e-04  +1.634635e-07  +1.249421e-07  +2.868975e-04  +1.136408e-07  +7.212672e-07  -7.473573e-05  
-3.940053e-04  +4.439587e-04  -9.088183e-03  +6.867529e-02  +1.778689e-03  +1.909126e-02  +2.864578e-02  +3.566846e-02  -2.301065e-02  +1.563713e-01  -7.919352e-03  -4.842765e-03  -1.798969e-03  +1.710134e+00  -1.409531e-03  +1.676572e-03  +5.700930e-01  -8.789925e-04  +2.163645e-03  -3.097382e-01  +3.653358e-04  -7.473573e-05  +2.267671e+01  
