mean:
+3.944475e+00  +3.934239e+00  +8.414832e-01  +1.292508e+00  +1.427938e+00  +5.051336e-01  +8.114464e-01  +1.380301e+00  +1.719770e-01  +1.841021e+00  +5.956221e+00  +3.530710e+00  +2.655872e+00  +2.093618e+02  +4.292928e+00  +5.293158e+00  +2.837313e+02  +5.391995e+00  +3.764046e+00  +3.282168e+02  +2.640536e+00  +4.560844e+00  +3.930922e+02  
covariance:
+7.075306e-07  -1.988921e-07  +9.693619e-07  -2.269315e-07  +5.538988e-07  -7.832824e-08  +1.749569e-08  +1.931025e-07  +5.585819e-07  -1.188992e-06  +1.541842e-06  -4.427669e-07  -4.247338e-07  -5.047543e-05  -1.212168e-06  -4.150280e-07  -1.720929e-05  -8.408720e-07  -1.154859e-06  +1.083506e-04  +7.691953e-08  +1.217121e-07  -4.728195e-04  
-1.988921e-07  +7.950547e-06  -1.985885e-06  -5.506425e-07  +5.104656e-06  +1.232142e-06  +3.966751e-06  -6.844086e-06  -9.036036e-07  +9.812390e-06  -1.210087e-05  -4.111301e-06  -4.543652e-06  +1.674442e-03  -9.284122e-06  -7.967601e-08  +1.676254e-03  -5.428760e-06  -9.811552e-06  +2.633342e-03  -2.253151e-07  +9.382440e-07  +9.461725e-05  
+9.693619e-07  -1.985885e-06  +1.311357e-04  -5.112809e-05  -1.808907e-05  -3.011389e-05  -5.440624e-05  +9.716773e-05  +4.443854e-05  -3.417234e-04  +2.784663e-04  +4.530800e-05  +5.140438e-05  -2.197358e-02  +7.858614e-05  -2.303363e-05  -4.338490e-02  +4.588265e-05  +8.896688e-05  -3.167786e-02  +5.190039e-06  -2.866794e-06  -3.211731e-02  
-2.269315e-07  -5.506425e-07  -5.112809e-05  +5.773276e-05  +3.659733e-06  +1.007625e-05  +1.968177e-05  -2.680915e-05  -1.919813e-05  +1.397861e-04  -7.898785e-05  -1.508789e-05  -1.788194e-05  +4.531604e-03  -2.774257e-05  +7.683372e-06  +1.833786e-02  -1.768478e-05  -3.437953e-05  +6.929787e-03  -1.909897e-06  +2.748695e-07  +7.396927e-03  
+5.538988e-07  +5.104656e-06  -1.808907e-05  +3.659733e-06  +1.374308e-05  +6.912722e-06  +1.401302e-05  -3.040083e-05  -7.857526e-06  +6.424090e-05  -5.768940e-05  -1.451130e-05  -1.606611e-05  +5.047133e-03  -3.042020e-05  +1.594286e-06  +8.811753e-03  -1.798234e-05  -3.096276e-05  +9.513819e-03  -5.615613e-07  +1.699543e-06  +3.050138e-03  
-7.832824e-08  +1.232142e-06  -3.011389e-05  +1.007625e-05  +6.912722e-06  +9.455000e-06  +1.761796e-05  -3.156803e-05  -1.158678e-05  +8.757406e-05  -7.707777e-05  -1.316593e-05  -1.551983e-05  +5.565196e-03  -2.595996e-05  +5.346923e-06  +1.095345e-02  -1.413679e-05  -2.714964e-05  +9.671248e-03  -1.276598e-06  +1.191837e-06  +7.028242e-03  
+1.749569e-08  +3.966751e-06  -5.440624e-05  +1.968177e-05  +1.401302e-05  +1.761796e-05  +3.908340e-05  -5.215498e-05  -2.294623e-05  +1.668936e-04  -1.374966e-04  -2.459707e-05  -2.954728e-05  +9.682583e-03  -5.255596e-05  +9.350660e-06  +2.097774e-02  -2.842654e-05  -5.429802e-05  +1.849691e-02  -2.313241e-06  +2.204549e-06  +1.193988e-02  
+1.931025e-07  -6.844086e-06  +9.716773e-05  -2.680915e-05  -3.040083e-05  -3.156803e-05  -5.215498e-05  +2.265133e-04  +3.704528e-05  -2.973007e-04  +3.207243e-04  +5.099285e-05  +6.299542e-05  -2.788796e-02  +9.607615e-05  -1.506632e-05  -3.842222e-02  +5.367931e-05  +1.025278e-04  -4.098205e-02  +2.843426e-06  -4.873032e-06  -2.642873e-02  
+5.585819e-07  -9.036036e-07  +4.443854e-05  -1.919813e-05  -7.857526e-06  -1.158678e-05  -2.294623e-05  +3.704528e-05  +1.805303e-05  -1.287563e-04  +9.702024e-05  +1.751065e-05  +1.994300e-05  -7.283699e-03  +3.317856e-05  -7.651935e-06  -1.620182e-02  +1.893468e-05  +3.595133e-05  -1.190799e-02  +1.623695e-06  -1.182911e-06  -1.012732e-02  
-1.188992e-06  +9.812390e-06  -3.417234e-04  +1.397861e-04  +6.424090e-05  +8.757406e-05  +1.668936e-04  -2.973007e-04  -1.287563e-04  +9.802773e-04  -7.626370e-04  -1.385444e-04  -1.562466e-04  +5.974340e-02  -2.566332e-04  +5.809115e-05  +1.240769e-01  -1.483052e-04  -2.791601e-04  +9.459019e-02  -1.220473e-05  +9.869864e-06  +7.961043e-02  
+1.541842e-06  -1.210087e-05  +2.784663e-04  -7.898785e-05  -5.768940e-05  -7.707777e-05  -1.374966e-04  +3.207243e-04  +9.702024e-05  -7.626370e-04  +7.580191e-04  +1.146600e-04  +1.362609e-04  -5.939364e-02  +2.102027e-04  -5.008003e-05  -9.725637e-02  +1.170764e-04  +2.262465e-04  -9.112646e-02  +1.167392e-05  -9.997007e-06  -7.506194e-02  
-4.427669e-07  -4.111301e-06  +4.530800e-05  -1.508789e-05  -1.451130e-05  -1.316593e-05  -2.459707e-05  +5.099285e-05  +1.751065e-05  -1.385444e-04  +1.146600e-04  +2.512933e-05  +2.721389e-05  -9.536204e-03  +4.730403e-05  -6.602041e-06  -1.804226e-02  +2.770220e-05  +5.000529e-05  -1.586797e-02  +1.480538e-06  -2.548652e-06  -9.989801e-03  
-4.247338e-07  -4.543652e-06  +5.140438e-05  -1.788194e-05  -1.606611e-05  -1.551983e-05  -2.954728e-05  +6.299542e-05  +1.994300e-05  -1.562466e-04  +1.362609e-04  +2.721389e-05  +3.152048e-05  -1.104811e-02  +5.317023e-05  -7.536453e-06  -2.053369e-02  +3.072518e-05  +5.645479e-05  -1.895845e-02  +2.050084e-06  -2.598779e-06  -1.164669e-02  
-5.047543e-05  +1.674442e-03  -2.197358e-02  +4.531604e-03  +5.047133e-03  +5.565196e-03  +9.682583e-03  -2.788796e-02  -7.283699e-03  +5.974340e-02  -5.939364e-02  -9.536204e-03  -1.104811e-02  +6.366733e+00  -1.651002e-02  +3.815826e-03  +7.395167e+00  -9.662561e-03  -1.807408e-02  +7.998889e+00  -8.334765e-04  +7.596788e-04  +7.247855e+00  
-1.212168e-06  -9.284122e-06  +7.858614e-05  -2.774257e-05  -3.042020e-05  -2.595996e-05  -5.255596e-05  +9.607615e-05  +3.317856e-05  -2.566332e-04  +2.102027e-04  +4.730403e-05  +5.317023e-05  -1.651002e-02  +9.717066e-05  -1.029156e-05  -3.355588e-02  +5.573402e-05  +1.001140e-04  -3.112387e-02  +2.796812e-06  -4.945190e-06  -1.521292e-02  
-4.150280e-07  -7.967601e-08  -2.303363e-05  +7.683372e-06  +1.594286e-06  +5.346923e-06  +9.350660e-06  -1.506632e-05  -7.651935e-06  +5.809115e-05  -5.008003e-05  -6.602041e-06  -7.536453e-06  +3.815826e-03  -1.029156e-05  +5.158294e-06  +7.198792e-03  -5.567516e-06  -1.183004e-05  +5.191427e-03  -9.751185e-07  +4.074051e-07  +6.376211e-03  
-1.720929e-05  +1.676254e-03  -4.338490e-02  +1.833786e-02  +8.811753e-03  +1.095345e-02  +2.097774e-02  -3.842222e-02  -1.620182e-02  +1.240769e-01  -9.725637e-02  -1.804226e-02  -2.053369e-02  +7.395167e+00  -3.355588e-02  +7.198792e-03  +1.661932e+01  -1.965547e-02  -3.686618e-02  +1.208994e+01  -1.616734e-03  +1.459187e-03  +9.597648e+00  
-8.408720e-07  -5.428760e-06  +4.588265e-05  -1.768478e-05  -1.798234e-05  -1.413679e-05  -2.842654e-05  +5.367931e-05  +1.893468e-05  -1.483052e-04  +1.170764e-04  +2.770220e-05  +3.072518e-05  -9.662561e-03  +5.573402e-05  -5.567516e-06  -1.965547e-02  +3.348052e-05  +5.862958e-05  -1.755455e-02  +1.487831e-06  -2.692326e-06  -8.516885e-03  
-1.154859e-06  -9.811552e-06  +8.896688e-05  -3.437953e-05  -3.096276e-05  -2.714964e-05  -5.429802e-05  +1.025278e-04  +3.595133e-05  -2.791601e-04  +2.262465e-04  +5.000529e-05  +5.645479e-05  -1.807408e-02  +1.001140e-04  -1.183004e-05  -3.686618e-02  +5.862958e-05  +1.060429e-04  -3.244012e-02  +3.251747e-06  -4.990962e-06  -1.761390e-02  
+1.083506e-04  +2.633342e-03  -3.167786e-02  +6.929787e-03  +9.513819e-03  +9.671248e-03  +1.849691e-02  -4.098205e-02  -1.190799e-02  +9.459019e-02  -9.112646e-02  -1.586797e-02  -1.895845e-02  +7.998889e+00  -3.112387e-02  +5.191427e-03  +1.208994e+01  -1.755455e-02  -3.244012e-02  +1.348575e+01  -1.445929e-03  +1.293347e-03  +8.962333e+00  
+7.691953e-08  -2.253151e-07  +5.190039e-06  -1.909897e-06  -5.615613e-07  -1.276598e-06  -2.313241e-06  +2.843426e-06  +1.623695e-06  -1.220473e-05  +1.167392e-05  +1.480538e-06  +2.050084e-06  -8.334765e-04  +2.796812e-06  -9.751185e-07  -1.616734e-03  +1.487831e-06  +3.251747e-06  -1.445929e-03  +6.495856e-07  -7.493007e-08  -1.490252e-03  
+1.217121e-07  +9.382440e-07  -2.866794e-06  +2.748695e-07  +1.699543e-06  +1.191837e-06  +2.204549e-06  -4.873032e-06  -1.182911e-06  +9.869864e-06  -9.997007e-06  -2.548652e-06  -2.598779e-06  +7.596788e-04  -4.945190e-06  +4.074051e-07  +1.459187e-03  -2.692326e-06  -4.990962e-06  +1.293347e-03  -7.493007e-08  +7.997554e-07  +5.734397e-04  
-4.728195e-04  +9.461725e-05  -3.211731e-02  +7.396927e-03  +3.050138e-03  +7.028242e-03  +1.193988e-02  -2.642873e-02  -1.012732e-02  +7.961043e-02  -7.506194e-02  -9.989801e-03  -1.164669e-02  +7.247855e+00  -1.521292e-02  +6.376211e-03  +9.597648e+00  -8.516885e-03  -1.761390e-02  +8.962333e+00  -1.490252e-03  +5.734397e-04  +1.149359e+01  
