mean:
+4.248047e+00  +3.451115e+00  +7.649884e-01  +3.182710e+00  +1.457819e+00  +5.143667e-01  +1.761741e-01  +1.437292e-01  +7.988292e-01  +2.209308e+00  +1.612197e-01  +1.579794e+00  +4.450716e+00  +2.314016e+00  +2.638577e+00  +9.372571e+02  +5.217736e+00  +3.971680e+00  +2.788643e+03  
covariance:
+3.062385e-04  +1.289125e-04  +5.525584e-05  -5.950170e-04  +1.256413e-04  +2.571042e-05  -7.556128e-05  -3.930929e-04  +1.380500e-04  +6.890013e-04  +1.658345e-04  -6.598225e-04  -2.111649e-04  -4.861591e-06  -7.455148e-06  -6.096465e-03  +3.721710e-06  +5.561242e-08  -2.265404e-01  
+1.289125e-04  +4.099745e-04  -2.998902e-04  -8.021699e-04  +2.156305e-04  +3.516596e-05  -2.334024e-05  -6.003311e-04  +4.297122e-04  +2.250564e-04  +2.706318e-04  -1.391914e-03  -1.368029e-03  -1.213579e-06  -1.685944e-05  -2.057569e-01  +8.780498e-06  -1.822528e-07  -4.298860e-01  
+5.525584e-05  -2.998902e-04  +5.006652e-03  +6.749184e-03  -1.585377e-03  +2.211388e-04  -9.305923e-04  +5.414564e-03  -4.368650e-03  +8.456803e-03  -8.945727e-04  +8.913669e-03  +1.815532e-02  -9.526490e-05  -5.608164e-05  +3.079380e+00  +2.251061e-05  -1.454946e-05  +3.040813e+00  
-5.950170e-04  -8.021699e-04  +6.749184e-03  +1.363347e-01  -4.629889e-03  +5.303446e-03  -1.824284e-03  +4.611583e-02  -1.041477e-02  +1.804658e-02  -1.726325e-03  +6.547539e-03  +5.693274e-02  +1.600404e-06  -2.837097e-04  +1.159177e+01  +1.627959e-05  -8.386868e-05  +1.675080e+01  
+1.256413e-04  +2.156305e-04  -1.585377e-03  -4.629889e-03  +4.390442e-03  +3.790171e-04  -2.744089e-04  -3.292204e-03  +2.285208e-03  +5.265506e-04  +3.013282e-04  -2.302569e-03  -6.875730e-03  +3.179952e-05  +1.097549e-04  -1.055579e+00  +1.390905e-05  -1.608893e-05  -2.899385e+00  
+2.571042e-05  +3.516596e-05  +2.211388e-04  +5.303446e-03  +3.790171e-04  +4.500841e-04  -2.498871e-04  +1.593815e-03  -1.479523e-04  +1.770390e-03  -2.137770e-05  +1.975116e-04  +2.318371e-03  +3.425704e-06  -1.404379e-06  +5.212759e-01  +6.947409e-06  -9.202735e-06  +2.710266e-01  
-7.556128e-05  -2.334024e-05  -9.305923e-04  -1.824284e-03  -2.744089e-04  -2.498871e-04  +5.288766e-04  -6.410432e-04  +3.583236e-04  -3.036090e-03  +5.049696e-05  -1.188916e-03  -3.204985e-03  +2.423078e-05  +1.327306e-05  -7.327089e-01  -6.908117e-06  +1.901971e-05  -2.197494e-01  
-3.930929e-04  -6.003311e-04  +5.414564e-03  +4.611583e-02  -3.292204e-03  +1.593815e-03  -6.410432e-04  +2.128856e-02  -7.318487e-03  +9.891017e-03  -1.514256e-03  +1.022452e-02  +3.285257e-02  -4.247575e-05  -9.892416e-05  +5.634326e+00  +8.192539e-06  -1.246682e-05  +7.912889e+00  
+1.380500e-04  +4.297122e-04  -4.368650e-03  -1.041477e-02  +2.285208e-03  -1.479523e-04  +3.583236e-04  -7.318487e-03  +9.304443e-03  -8.445268e-03  +1.637864e-03  -1.636052e-02  -2.567764e-02  +1.036584e-04  +7.418309e-05  -3.271943e+00  -1.752411e-05  +1.995472e-05  -4.488615e+00  
+6.890013e-04  +2.250564e-04  +8.456803e-03  +1.804658e-02  +5.265506e-04  +1.770390e-03  -3.036090e-03  +9.891017e-03  -8.445268e-03  +4.570578e-02  -1.759392e-03  +2.169951e-02  +4.059871e-02  -2.530785e-04  -1.027425e-04  +7.632972e+00  +7.475227e-05  -6.820306e-05  +3.320069e+00  
+1.658345e-04  +2.706318e-04  -8.945727e-04  -1.726325e-03  +3.013282e-04  -2.137770e-05  +5.049696e-05  -1.514256e-03  +1.637864e-03  -1.759392e-03  +1.690950e-03  -9.624433e-03  -6.366021e-03  +7.277230e-06  -5.001120e-05  -8.654484e-01  +5.042463e-06  -8.305611e-06  -1.322739e+00  
-6.598225e-04  -1.391914e-03  +8.913669e-03  +6.547539e-03  -2.302569e-03  +1.975116e-04  -1.188916e-03  +1.022452e-02  -1.636052e-02  +2.169951e-02  -9.624433e-03  +6.784851e-02  +5.469458e-02  -1.482891e-04  +2.105355e-04  +7.378690e+00  +4.502852e-06  +1.969170e-05  +9.150858e+00  
-2.111649e-04  -1.368029e-03  +1.815532e-02  +5.693274e-02  -6.875730e-03  +2.318371e-03  -3.204985e-03  +3.285257e-02  -2.567764e-02  +4.059871e-02  -6.366021e-03  +5.469458e-02  +1.099511e-01  -2.504041e-04  -2.565229e-04  +1.525780e+01  +8.444129e-05  -1.385229e-04  +1.837086e+01  
-4.861591e-06  -1.213579e-06  -9.526490e-05  +1.600404e-06  +3.179952e-05  +3.425704e-06  +2.423078e-05  -4.247575e-05  +1.036584e-04  -2.530785e-04  +7.277230e-06  -1.482891e-04  -2.504041e-04  +2.326135e-05  +3.379789e-06  -6.266230e-02  +2.356808e-06  +1.404079e-06  -4.887671e-02  
-7.455148e-06  -1.685944e-05  -5.608164e-05  -2.837097e-04  +1.097549e-04  -1.404379e-06  +1.327306e-05  -9.892416e-05  +7.418309e-05  -1.027425e-04  -5.001120e-05  +2.105355e-04  -2.565229e-04  +3.379789e-06  +4.315401e-05  -5.309349e-02  -1.344809e-06  +2.473127e-06  -5.365669e-02  
-6.096465e-03  -2.057569e-01  +3.079380e+00  +1.159177e+01  -1.055579e+00  +5.212759e-01  -7.327089e-01  +5.634326e+00  -3.271943e+00  +7.632972e+00  -8.654484e-01  +7.378690e+00  +1.525780e+01  -6.266230e-02  -5.309349e-02  +2.912512e+03  +8.048381e-03  -1.974206e-02  +3.212421e+03  
+3.721710e-06  +8.780498e-06  +2.251061e-05  +1.627959e-05  +1.390905e-05  +6.947409e-06  -6.908117e-06  +8.192539e-06  -1.752411e-05  +7.475227e-05  +5.042463e-06  +4.502852e-06  +8.444129e-05  +2.356808e-06  -1.344809e-06  +8.048381e-03  +1.081973e-05  +6.256298e-07  +1.517986e-03  
+5.561242e-08  -1.822528e-07  -1.454946e-05  -8.386868e-05  -1.608893e-05  -9.202735e-06  +1.901971e-05  -1.246682e-05  +1.995472e-05  -6.820306e-05  -8.305611e-06  +1.969170e-05  -1.385229e-04  +1.404079e-06  +2.473127e-06  -1.974206e-02  +6.256298e-07  +1.432954e-05  +1.314796e-02  
-2.265404e-01  -4.298860e-01  +3.040813e+00  +1.675080e+01  -2.899385e+00  +2.710266e-01  -2.197494e-01  +7.912889e+00  -4.488615e+00  +3.320069e+00  -1.322739e+00  +9.150858e+00  +1.837086e+01  -4.887671e-02  -5.365669e-02  +3.212421e+03  +1.517986e-03  +1.314796e-02  +6.128373e+03  
