mean:
+3.956654e+00  +3.925085e+00  +6.503416e-01  -1.102961e+00  +1.581623e+00  +5.049281e-01  +9.042227e-01  +2.113702e+00  +1.431902e-01  +1.999362e+00  +4.945844e+00  +1.635324e+00  +2.883019e+00  +8.012254e+02  +4.799867e+00  +4.399653e+00  +2.006768e+03  
covariance:
+5.914133e-06  +1.527538e-07  +2.595178e-06  -1.752672e-05  +2.360083e-06  -2.374146e-07  +1.270962e-06  -1.093844e-05  +1.823332e-06  -1.380348e-05  -1.448617e-06  +6.421984e-08  -5.241977e-08  +2.213749e-03  +1.237384e-07  +8.542853e-08  -8.760674e-04  
+1.527538e-07  +6.048650e-06  -8.401501e-07  -5.600091e-06  +3.813771e-06  -8.377833e-08  +2.922003e-07  -4.662789e-06  +3.151261e-07  -1.977420e-06  +3.901063e-06  +1.450927e-08  +1.201601e-08  +5.750474e-04  +1.239589e-07  -6.745411e-09  -3.425472e-04  
+2.595178e-06  -8.401501e-07  +7.026918e-05  +1.383778e-04  -2.115922e-04  -3.212118e-06  +3.997384e-05  -1.355890e-04  +3.920590e-06  -4.950866e-05  -1.979822e-04  +2.720914e-07  +4.329266e-07  +3.047259e-02  +5.047490e-07  -6.768385e-07  -1.998467e-02  
-1.752672e-05  -5.600091e-06  +1.383778e-04  +2.793512e-03  -1.554955e-03  -1.105202e-04  +1.873432e-04  +7.408283e-04  -7.122977e-05  +6.395034e-04  -1.150977e-03  +2.406022e-06  +6.825401e-06  +1.132136e-02  -1.561073e-06  -5.478593e-06  -7.846957e-02  
+2.360083e-06  +3.813771e-06  -2.115922e-04  -1.554955e-03  +2.004396e-03  +7.953567e-05  -1.508830e-04  +6.359530e-04  +1.375633e-05  -1.659872e-04  +1.318115e-03  -1.474306e-06  -6.586773e-06  -1.073168e-01  +1.451925e-06  +2.267063e-06  +1.310803e-01  
-2.374146e-07  -8.377833e-08  -3.212118e-06  -1.105202e-04  +7.953567e-05  +1.126635e-05  -1.002870e-05  -2.691244e-05  +2.255641e-07  -3.537652e-06  +5.439350e-05  +2.490584e-07  +1.006070e-07  -5.705108e-04  +5.902763e-08  +2.685455e-08  +8.119593e-03  
+1.270962e-06  +2.922003e-07  +3.997384e-05  +1.873432e-04  -1.508830e-04  -1.002870e-05  +7.320159e-05  -1.378189e-05  -2.877751e-06  -2.804587e-05  -1.154907e-04  -1.047748e-06  +6.192019e-07  +2.094237e-02  +1.073110e-07  -7.881216e-08  -1.492450e-02  
-1.093844e-05  -4.662789e-06  -1.355890e-04  +7.408283e-04  +6.359530e-04  -2.691244e-05  -1.378189e-05  +2.085411e-03  -7.501334e-05  +6.611141e-04  +3.751536e-04  +1.099177e-07  +2.398071e-06  -1.797904e-01  +8.311046e-07  -3.418230e-06  +1.371961e-01  
+1.823332e-06  +3.151261e-07  +3.920590e-06  -7.122977e-05  +1.375633e-05  +2.255641e-07  -2.877751e-06  -7.501334e-05  +7.436706e-06  -5.760628e-05  -4.257926e-06  -8.342850e-08  -5.171259e-07  +7.017790e-03  +9.441560e-08  +2.709633e-07  -7.380861e-03  
-1.380348e-05  -1.977420e-06  -4.950866e-05  +6.395034e-04  -1.659872e-04  -3.537652e-06  -2.804587e-05  +6.611141e-04  -5.760628e-05  +5.635050e-04  -4.120530e-05  +2.162392e-06  +4.816982e-06  -7.403293e-02  -7.207038e-07  -2.551448e-06  +6.820638e-02  
-1.448617e-06  +3.901063e-06  -1.979822e-04  -1.150977e-03  +1.318115e-03  +5.439350e-05  -1.154907e-04  +3.751536e-04  -4.257926e-06  -4.120530e-05  +1.317855e-03  -1.411396e-06  -5.176454e-06  -8.294732e-02  -5.809309e-07  +3.279282e-06  +1.019755e-01  
+6.421984e-08  +1.450927e-08  +2.720914e-07  +2.406022e-06  -1.474306e-06  +2.490584e-07  -1.047748e-06  +1.099177e-07  -8.342850e-08  +2.162392e-06  -1.411396e-06  +4.899311e-07  -2.253194e-08  -2.177894e-04  +1.131707e-08  +2.630257e-08  +5.974301e-04  
-5.241977e-08  +1.201601e-08  +4.329266e-07  +6.825401e-06  -6.586773e-06  +1.006070e-07  +6.192019e-07  +2.398071e-06  -5.171259e-07  +4.816982e-06  -5.176454e-06  -2.253194e-08  +6.318736e-07  +7.800400e-05  -7.907152e-09  -1.077832e-08  +8.334063e-04  
+2.213749e-03  +5.750474e-04  +3.047259e-02  +1.132136e-02  -1.073168e-01  -5.705108e-04  +2.094237e-02  -1.797904e-01  +7.017790e-03  -7.403293e-02  -8.294732e-02  -2.177894e-04  +7.800400e-05  +2.816409e+01  -9.729439e-05  +2.128613e-04  -1.965640e+01  
+1.237384e-07  +1.239589e-07  +5.047490e-07  -1.561073e-06  +1.451925e-06  +5.902763e-08  +1.073110e-07  +8.311046e-07  +9.441560e-08  -7.207038e-07  -5.809309e-07  +1.131707e-08  -7.907152e-09  -9.729439e-05  +2.751869e-07  -1.053059e-08  -6.098127e-05  
+8.542853e-08  -6.745411e-09  -6.768385e-07  -5.478593e-06  +2.267063e-06  +2.685455e-08  -7.881216e-08  -3.418230e-06  +2.709633e-07  -2.551448e-06  +3.279282e-06  +2.630257e-08  -1.077832e-08  +2.128613e-04  -1.053059e-08  +3.268015e-07  -3.244743e-04  
-8.760674e-04  -3.425472e-04  -1.998467e-02  -7.846957e-02  +1.310803e-01  +8.119593e-03  -1.492450e-02  +1.371961e-01  -7.380861e-03  +6.820638e-02  +1.019755e-01  +5.974301e-04  +8.334063e-04  -1.965640e+01  -6.098127e-05  -3.244743e-04  +3.700064e+01  
