mean:
+3.945460e+00  +3.933933e+00  +8.506262e-01  +1.290307e+00  +1.427364e+00  +5.042256e-01  +8.062657e-01  +1.345680e+00  +1.701088e-01  +1.864910e+00  +5.982230e+00  +3.530443e+00  +2.655411e+00  +2.047337e+02  +4.292390e+00  +5.294993e+00  +2.810394e+02  +5.392984e+00  +3.763114e+00  +3.286699e+02  +2.639948e+00  +4.560274e+00  +3.932740e+02  
covariance:
+1.247725e-06  -9.329599e-07  +2.413105e-06  -1.629144e-05  -2.358957e-06  -1.585294e-06  -6.101458e-06  +3.211990e-07  +4.337302e-06  -2.689651e-05  +1.894051e-05  +3.381134e-06  +3.228079e-06  -1.543756e-03  +6.730264e-06  -5.223804e-07  -2.992572e-03  +3.244996e-06  +6.134989e-06  -2.464521e-03  +1.635750e-07  +1.479856e-07  -1.734524e-03  
-9.329599e-07  +4.973008e-06  +1.809486e-06  +8.045515e-06  +8.075526e-06  +2.387901e-06  +4.610398e-06  -2.126182e-05  -4.261321e-06  +3.158869e-05  -5.521246e-06  -7.648256e-06  -7.730993e-06  +1.910224e-03  -1.500899e-05  +2.039935e-07  +1.932124e-03  -8.243384e-06  -1.415559e-05  +4.278341e-03  -6.051188e-07  +9.984872e-09  +1.525194e-03  
+2.413105e-06  +1.809486e-06  +4.025318e-05  -1.174081e-04  -9.184470e-08  -6.373922e-06  -4.862125e-05  -9.054319e-05  +1.918459e-05  -1.225460e-04  +1.599498e-04  +2.199398e-06  +2.945959e-06  -1.114155e-02  +3.000017e-06  -4.764926e-06  -1.924412e-02  -1.184075e-06  +6.670704e-06  -8.591318e-03  +5.925461e-07  +3.318145e-07  -8.637293e-03  
-1.629144e-05  +8.045515e-06  -1.174081e-04  +6.806954e-04  +6.731518e-05  +4.670111e-05  +2.224330e-04  +1.417928e-04  -1.361021e-04  +9.013441e-04  -6.105085e-04  -8.307186e-05  -9.375781e-05  +4.953684e-02  -1.747317e-04  +1.781065e-05  +1.119878e-01  -8.129498e-05  -1.616213e-04  +7.598802e-02  -7.026824e-06  -1.422822e-06  +4.992873e-02  
-2.358957e-06  +8.075526e-06  -9.184470e-08  +6.731518e-05  +4.017970e-05  +9.346818e-06  +2.334167e-05  -5.505018e-05  -2.120119e-05  +1.514687e-04  -4.017470e-05  -2.768568e-05  -2.846039e-05  +7.862017e-03  -5.671571e-05  +7.069441e-07  +1.265757e-02  -3.116313e-05  -5.091564e-05  +1.769008e-02  -1.262785e-06  -3.696303e-07  +6.265734e-03  
-1.585294e-06  +2.387901e-06  -6.373922e-06  +4.670111e-05  +9.346818e-06  +5.918200e-06  +2.026194e-05  -9.449257e-06  -1.236505e-05  +8.348235e-05  -5.640740e-05  -1.123240e-05  -1.097291e-05  +4.813866e-03  -2.145457e-05  +1.641565e-06  +9.106747e-03  -1.051366e-05  -2.003957e-05  +7.351070e-03  -7.505743e-07  -7.302708e-08  +5.415424e-03  
-6.101458e-06  +4.610398e-06  -4.862125e-05  +2.224330e-04  +2.334167e-05  +2.026194e-05  +1.016637e-04  +5.918477e-05  -4.878273e-05  +3.196809e-04  -2.903008e-04  -2.976232e-05  -2.955882e-05  +2.263598e-02  -5.560064e-05  +8.663216e-06  +3.969375e-02  -2.384379e-05  -5.561008e-05  +2.633728e-02  -2.602358e-06  -1.442184e-06  +2.094723e-02  
+3.211990e-07  -2.126182e-05  -9.054319e-05  +1.417928e-04  -5.505018e-05  -9.449257e-06  +5.918477e-05  +4.427962e-04  +7.103966e-07  -2.309224e-05  -2.750025e-04  +5.514269e-05  +5.320147e-05  +9.116156e-03  +1.100455e-04  +7.030233e-06  +1.795813e-02  +6.474733e-05  +8.757610e-05  -1.498899e-02  +5.770755e-07  -1.493444e-06  +6.993578e-03  
+4.337302e-06  -4.261321e-06  +1.918459e-05  -1.361021e-04  -2.120119e-05  -1.236505e-05  -4.878273e-05  +7.103966e-07  +3.407733e-05  -2.249286e-04  +1.249104e-04  +2.525493e-05  +2.694756e-05  -1.113527e-02  +5.241878e-05  -3.948868e-06  -2.565931e-02  +2.522868e-05  +4.760636e-05  -1.897807e-02  +1.336870e-06  +4.756615e-07  -1.205798e-02  
-2.689651e-05  +3.158869e-05  -1.225460e-04  +9.013441e-04  +1.514687e-04  +8.348235e-05  +3.196809e-04  -2.309224e-05  -2.249286e-04  +1.531212e-03  -8.354630e-04  -1.751952e-04  -1.849835e-04  +7.388912e-02  -3.624897e-04  +2.564686e-05  +1.726359e-01  -1.749703e-04  -3.287291e-04  +1.277932e-01  -8.530083e-06  -3.206167e-06  +8.270158e-02  
+1.894051e-05  -5.521246e-06  +1.599498e-04  -6.105085e-04  -4.017470e-05  -5.640740e-05  -2.903008e-04  -2.750025e-04  +1.249104e-04  -8.354630e-04  +1.063713e-03  +6.933623e-05  +5.045567e-05  -6.589824e-02  +1.075478e-04  -2.743924e-05  -1.097171e-01  +3.588738e-05  +1.175358e-04  -5.911261e-02  +4.018725e-06  +6.777886e-06  -7.406979e-02  
+3.381134e-06  -7.648256e-06  +2.199398e-06  -8.307186e-05  -2.768568e-05  -1.123240e-05  -2.976232e-05  +5.514269e-05  +2.525493e-05  -1.751952e-04  +6.933623e-05  +3.015140e-05  +2.970589e-05  -8.171662e-03  +5.942755e-05  -1.840803e-06  -1.663485e-02  +3.096735e-05  +5.336966e-05  -1.816048e-02  +1.600193e-06  +3.270991e-07  -9.455228e-03  
+3.228079e-06  -7.730993e-06  +2.945959e-06  -9.375781e-05  -2.846039e-05  -1.097291e-05  -2.955882e-05  +5.320147e-05  +2.694756e-05  -1.849835e-04  +5.045567e-05  +2.970589e-05  +3.263413e-05  -7.987958e-03  +6.210019e-05  -1.508394e-06  -1.781592e-02  +3.303602e-05  +5.556844e-05  -1.958073e-02  +1.998062e-06  -2.799749e-07  -8.165449e-03  
-1.543756e-03  +1.910224e-03  -1.114155e-02  +4.953684e-02  +7.862017e-03  +4.813866e-03  +2.263598e-02  +9.116156e-03  -1.113527e-02  +7.388912e-02  -6.589824e-02  -8.171662e-03  -7.987958e-03  +6.215878e+00  -1.538182e-02  +1.829014e-03  +8.662002e+00  -7.338414e-03  -1.522138e-02  +7.135381e+00  -4.865456e-04  -2.639274e-04  +4.755358e+00  
+6.730264e-06  -1.500899e-05  +3.000017e-06  -1.747317e-04  -5.671571e-05  -2.145457e-05  -5.560064e-05  +1.100455e-04  +5.241878e-05  -3.624897e-04  +1.075478e-04  +5.942755e-05  +6.210019e-05  -1.538182e-02  +1.234986e-04  -2.893607e-06  -3.431138e-02  +6.505246e-05  +1.091955e-04  -3.755254e-02  +3.288949e-06  +3.199368e-07  -1.709714e-02  
-5.223804e-07  +2.039935e-07  -4.764926e-06  +1.781065e-05  +7.069441e-07  +1.641565e-06  +8.663216e-06  +7.030233e-06  -3.948868e-06  +2.564686e-05  -2.743924e-05  -1.840803e-06  -1.508394e-06  +1.829014e-03  -2.893607e-06  +1.272452e-06  +3.555231e-03  -6.676835e-07  -3.254234e-06  +1.533580e-03  +2.004871e-08  -1.180885e-07  +1.983393e-03  
-2.992572e-03  +1.932124e-03  -1.924412e-02  +1.119878e-01  +1.265757e-02  +9.106747e-03  +3.969375e-02  +1.795813e-02  -2.565931e-02  +1.726359e-01  -1.097171e-01  -1.663485e-02  -1.781592e-02  +8.662002e+00  -3.431138e-02  +3.555231e-03  +2.152595e+01  -1.551926e-02  -3.142526e-02  +1.351170e+01  -8.503863e-04  -1.948617e-04  +9.889013e+00  
+3.244996e-06  -8.243384e-06  -1.184075e-06  -8.129498e-05  -3.116313e-05  -1.051366e-05  -2.384379e-05  +6.474733e-05  +2.522868e-05  -1.749703e-04  +3.588738e-05  +3.096735e-05  +3.303602e-05  -7.338414e-03  +6.505246e-05  -6.676835e-07  -1.551926e-02  +3.578130e-05  +5.755170e-05  -1.971409e-02  +1.888574e-06  -6.226872e-08  -7.484033e-03  
+6.134989e-06  -1.415559e-05  +6.670704e-06  -1.616213e-04  -5.091564e-05  -2.003957e-05  -5.561008e-05  +8.757610e-05  +4.760636e-05  -3.287291e-04  +1.175358e-04  +5.336966e-05  +5.556844e-05  -1.522138e-02  +1.091955e-04  -3.254234e-06  -3.142526e-02  +5.755170e-05  +9.891533e-05  -3.395635e-02  +3.245918e-06  +2.760958e-07  -1.653585e-02  
-2.464521e-03  +4.278341e-03  -8.591318e-03  +7.598802e-02  +1.769008e-02  +7.351070e-03  +2.633728e-02  -1.498899e-02  -1.897807e-02  +1.277932e-01  -5.911261e-02  -1.816048e-02  -1.958073e-02  +7.135381e+00  -3.755254e-02  +1.533580e-03  +1.351170e+01  -1.971409e-02  -3.395635e-02  +1.420813e+01  -1.271686e-03  -1.239147e-04  +5.889507e+00  
+1.635750e-07  -6.051188e-07  +5.925461e-07  -7.026824e-06  -1.262785e-06  -7.505743e-07  -2.602358e-06  +5.770755e-07  +1.336870e-06  -8.530083e-06  +4.018725e-06  +1.600193e-06  +1.998062e-06  -4.865456e-04  +3.288949e-06  +2.004871e-08  -8.503863e-04  +1.888574e-06  +3.245918e-06  -1.271686e-03  +8.181848e-07  -1.590804e-07  -6.121202e-04  
+1.479856e-07  +9.984872e-09  +3.318145e-07  -1.422822e-06  -3.696303e-07  -7.302708e-08  -1.442184e-06  -1.493444e-06  +4.756615e-07  -3.206167e-06  +6.777886e-06  +3.270991e-07  -2.799749e-07  -2.639274e-04  +3.199368e-07  -1.180885e-07  -1.948617e-04  -6.226872e-08  +2.760958e-07  -1.239147e-04  -1.590804e-07  +5.984494e-07  -1.641795e-04  
-1.734524e-03  +1.525194e-03  -8.637293e-03  +4.992873e-02  +6.265734e-03  +5.415424e-03  +2.094723e-02  +6.993578e-03  -1.205798e-02  +8.270158e-02  -7.406979e-02  -9.455228e-03  -8.165449e-03  +4.755358e+00  -1.709714e-02  +1.983393e-03  +9.889013e+00  -7.484033e-03  -1.653585e-02  +5.889507e+00  -6.121202e-04  -1.641795e-04  +7.495026e+00  
