mean:
+3.961522e+00  +3.953711e+00  +8.740337e-01  +1.333240e+00  +1.441062e+00  +5.138541e-01  +8.080647e-01  +1.373001e+00  +1.715514e-01  +1.865595e+00  +6.071681e+00  +3.528172e+00  +2.673553e+00  +1.983628e+02  +4.328282e+00  +5.293961e+00  +2.761540e+02  +5.413436e+00  +3.801925e+00  +3.155505e+02  +2.640299e+00  +4.559952e+00  +3.903611e+02  
covariance:
+9.333788e-07  -3.945013e-09  +7.184000e-07  +5.251580e-08  -1.113955e-06  +1.035058e-07  -3.031644e-07  -5.009682e-07  -8.135682e-08  +7.801527e-07  -1.997256e-07  +1.418785e-07  +1.326102e-07  -3.430584e-06  +1.141621e-08  +1.245030e-07  -8.140574e-05  +1.610342e-08  -6.079957e-08  -8.723251e-05  +4.564920e-08  +3.513020e-08  +2.138356e-05  
-3.945013e-09  +1.383015e-06  +2.825609e-06  +1.852219e-06  +2.385041e-06  +1.171373e-06  +6.908753e-07  -8.292593e-07  -8.708970e-07  +4.941740e-06  +8.262529e-06  -2.950219e-07  +1.006703e-08  -8.810600e-06  -9.553176e-08  +8.584236e-08  -3.274087e-04  +4.528187e-08  +9.648892e-08  -2.896462e-04  -6.505284e-09  +8.538675e-08  +3.435287e-04  
+7.184000e-07  +2.825609e-06  +2.188878e-04  +1.552460e-04  +1.961943e-04  +8.287181e-05  +2.353232e-05  +8.859017e-05  -6.526344e-05  +3.833421e-04  +6.376911e-04  -1.545212e-05  +2.608195e-07  -4.749540e-03  -3.020557e-06  +4.959823e-06  -1.345455e-02  -1.308864e-07  -5.455060e-07  -1.961270e-02  -8.509476e-07  +4.745911e-07  +2.989129e-02  
+5.251580e-08  +1.852219e-06  +1.552460e-04  +2.268960e-04  +1.990147e-04  +6.512280e-05  +4.055181e-05  +2.189367e-04  -5.805832e-05  +3.013397e-04  +6.808047e-04  -1.824120e-05  +7.817413e-07  -3.527867e-03  -6.394562e-07  +3.627247e-06  -3.878849e-03  -2.483287e-06  +3.734256e-06  -7.748765e-03  -2.376567e-07  -7.642969e-07  +3.462850e-02  
-1.113955e-06  +2.385041e-06  +1.961943e-04  +1.990147e-04  +4.064513e-04  +7.890572e-05  +4.838658e-05  +1.503955e-04  -6.846733e-05  +3.930279e-04  +6.000434e-04  -4.172659e-05  -6.853529e-07  -1.061010e-02  -2.124395e-06  -4.205928e-06  -1.148425e-02  +4.870884e-08  +5.383111e-06  -2.550538e-02  -6.287297e-07  -1.104813e-06  +2.427712e-02  
+1.035058e-07  +1.171373e-06  +8.287181e-05  +6.512280e-05  +7.890572e-05  +3.712474e-05  +1.845732e-05  +2.353665e-05  -2.787908e-05  +1.529060e-04  +2.777526e-04  -6.793805e-06  -1.159213e-07  -1.436046e-03  -1.695128e-06  +2.042652e-06  -5.911653e-03  +4.017943e-07  +3.705450e-07  -7.998257e-03  +5.156830e-08  +2.144307e-07  +1.225996e-02  
-3.031644e-07  +6.908753e-07  +2.353232e-05  +4.055181e-05  +4.838658e-05  +1.845732e-05  +3.777609e-05  +1.496335e-05  -1.587405e-05  +5.475325e-05  +1.614566e-04  -9.989515e-06  -7.096875e-07  -1.119520e-03  -2.057033e-07  +1.624498e-06  -1.945386e-03  +1.135225e-06  +2.717535e-06  -2.781638e-03  +3.974483e-07  +5.076791e-07  +5.069355e-03  
-5.009682e-07  -8.292593e-07  +8.859017e-05  +2.189367e-04  +1.503955e-04  +2.353665e-05  +1.496335e-05  +5.174550e-04  -3.696131e-05  +1.795637e-04  +5.983445e-04  -9.784520e-06  +2.657832e-06  -1.795156e-03  +3.763475e-06  +8.919093e-06  +1.089992e-02  -7.638199e-06  +4.278765e-06  +1.646830e-02  -2.439298e-06  -2.406404e-06  +3.657605e-02  
-8.135682e-08  -8.708970e-07  -6.526344e-05  -5.805832e-05  -6.846733e-05  -2.787908e-05  -1.587405e-05  -3.696131e-05  +2.354203e-05  -1.265640e-04  -2.294181e-04  +7.342320e-06  +1.034742e-07  +1.781327e-03  +9.580344e-07  -1.453274e-06  +3.304912e-03  -1.085023e-07  -8.377560e-07  +5.343249e-03  -1.048584e-07  -7.829635e-08  -1.048357e-02  
+7.801527e-07  +4.941740e-06  +3.833421e-04  +3.013397e-04  +3.930279e-04  +1.529060e-04  +5.475325e-05  +1.795637e-04  -1.265640e-04  +7.537748e-04  +1.111432e-03  -3.813956e-05  +8.546625e-07  -1.239945e-02  -7.046520e-06  +6.590576e-06  -2.042117e-02  +3.930879e-07  +1.797884e-06  -3.689866e-02  +7.762195e-07  +1.539283e-07  +5.078520e-02  
-1.997256e-07  +8.262529e-06  +6.376911e-04  +6.808047e-04  +6.000434e-04  +2.777526e-04  +1.614566e-04  +5.983445e-04  -2.294181e-04  +1.111432e-03  +3.061120e-03  -5.243726e-05  -5.612447e-06  -3.458353e-03  -2.948984e-06  +1.907693e-05  -2.259287e-02  -4.580530e-06  +1.014959e-05  -1.543491e-02  -2.404043e-06  -6.390089e-07  +1.552831e-01  
+1.418785e-07  -2.950219e-07  -1.545212e-05  -1.824120e-05  -4.172659e-05  -6.793805e-06  -9.989515e-06  -9.784520e-06  +7.342320e-06  -3.813956e-05  -5.243726e-05  +7.852307e-06  +6.645593e-07  +2.032306e-03  +3.661172e-08  +7.418594e-07  +3.202419e-04  -3.640111e-07  -1.096866e-06  +2.822852e-03  -2.209251e-07  -5.789847e-08  -1.417409e-03  
+1.326102e-07  +1.006703e-08  +2.608195e-07  +7.817413e-07  -6.853529e-07  -1.159213e-07  -7.096875e-07  +2.657832e-06  +1.034742e-07  +8.546625e-07  -5.612447e-06  +6.645593e-07  +1.138715e-06  +1.011203e-04  -1.267463e-07  +2.687031e-07  -1.539191e-04  +1.359052e-08  -5.718024e-08  -3.831539e-04  -9.577550e-08  +1.169135e-07  -3.488791e-04  
-3.430584e-06  -8.810600e-06  -4.749540e-03  -3.527867e-03  -1.061010e-02  -1.436046e-03  -1.119520e-03  -1.795156e-03  +1.781327e-03  -1.239945e-02  -3.458353e-03  +2.032306e-03  +1.011203e-04  +1.149298e+00  -3.364300e-05  +2.688891e-04  -7.849442e-02  -7.938647e-05  +4.546625e-05  +1.330376e+00  +1.443358e-05  +8.444623e-05  +2.080545e-01  
+1.141621e-08  -9.553176e-08  -3.020557e-06  -6.394562e-07  -2.124395e-06  -1.695128e-06  -2.057033e-07  +3.763475e-06  +9.580344e-07  -7.046520e-06  -2.948984e-06  +3.661172e-08  -1.267463e-07  -3.364300e-05  +7.005803e-07  +1.186510e-08  +4.704638e-04  -1.365284e-07  -3.171415e-08  +6.577779e-04  -1.148925e-07  -2.607216e-08  +1.333715e-04  
+1.245030e-07  +8.584236e-08  +4.959823e-06  +3.627247e-06  -4.205928e-06  +2.042652e-06  +1.624498e-06  +8.919093e-06  -1.453274e-06  +6.590576e-06  +1.907693e-05  +7.418594e-07  +2.687031e-07  +2.688891e-04  +1.186510e-08  +1.574964e-06  -2.494022e-04  +2.536598e-08  -7.480987e-08  +2.378420e-04  -1.717901e-07  +2.085195e-07  +8.652184e-04  
-8.140574e-05  -3.274087e-04  -1.345455e-02  -3.878849e-03  -1.148425e-02  -5.911653e-03  -1.945386e-03  +1.089992e-02  +3.304912e-03  -2.042117e-02  -2.259287e-02  +3.202419e-04  -1.539191e-04  -7.849442e-02  +4.704638e-04  -2.494022e-04  +2.675215e+00  -2.097613e-04  +2.787188e-04  +2.355556e+00  -6.444719e-05  -1.238499e-04  -7.388809e-01  
+1.610342e-08  +4.528187e-08  -1.308864e-07  -2.483287e-06  +4.870884e-08  +4.017943e-07  +1.135225e-06  -7.638199e-06  -1.085023e-07  +3.930879e-07  -4.580530e-06  -3.640111e-07  +1.359052e-08  -7.938647e-05  -1.365284e-07  +2.536598e-08  -2.097613e-04  +6.260700e-07  +6.006724e-08  -3.371494e-04  +6.473600e-08  +1.083695e-07  -4.453424e-04  
-6.079957e-08  +9.648892e-08  -5.455060e-07  +3.734256e-06  +5.383111e-06  +3.705450e-07  +2.717535e-06  +4.278765e-06  -8.377560e-07  +1.797884e-06  +1.014959e-05  -1.096866e-06  -5.718024e-08  +4.546625e-05  -3.171415e-08  -7.480987e-08  +2.787188e-04  +6.006724e-08  +9.238213e-07  +5.463240e-04  +1.832907e-07  +6.840924e-08  +3.189225e-04  
-8.723251e-05  -2.896462e-04  -1.961270e-02  -7.748765e-03  -2.550538e-02  -7.998257e-03  -2.781638e-03  +1.646830e-02  +5.343249e-03  -3.689866e-02  -1.543491e-02  +2.822852e-03  -3.831539e-04  +1.330376e+00  +6.577779e-04  +2.378420e-04  +2.355556e+00  -3.371494e-04  +5.463240e-04  +5.850157e+00  +2.206059e-04  -5.827224e-05  +4.601025e-01  
+4.564920e-08  -6.505284e-09  -8.509476e-07  -2.376567e-07  -6.287297e-07  +5.156830e-08  +3.974483e-07  -2.439298e-06  -1.048584e-07  +7.762195e-07  -2.404043e-06  -2.209251e-07  -9.577550e-08  +1.443358e-05  -1.148925e-07  -1.717901e-07  -6.444719e-05  +6.473600e-08  +1.832907e-07  +2.206059e-04  +5.620341e-07  +2.254327e-08  -1.405465e-04  
+3.513020e-08  +8.538675e-08  +4.745911e-07  -7.642969e-07  -1.104813e-06  +2.144307e-07  +5.076791e-07  -2.406404e-06  -7.829635e-08  +1.539283e-07  -6.390089e-07  -5.789847e-08  +1.169135e-07  +8.444623e-05  -2.607216e-08  +2.085195e-07  -1.238499e-04  +1.083695e-07  +6.840924e-08  -5.827224e-05  +2.254327e-08  +3.461704e-07  -1.885630e-04  
+2.138356e-05  +3.435287e-04  +2.989129e-02  +3.462850e-02  +2.427712e-02  +1.225996e-02  +5.069355e-03  +3.657605e-02  -1.048357e-02  +5.078520e-02  +1.552831e-01  -1.417409e-03  -3.488791e-04  +2.080545e-01  +1.333715e-04  +8.652184e-04  -7.388809e-01  -4.453424e-04  +3.189225e-04  +4.601025e-01  -1.405465e-04  -1.885630e-04  +9.558751e+00  
