mean:
+3.994012e+00  +3.958041e+00  +5.901885e-01  +2.031590e+00  +1.223490e+00  +3.997789e-01  +8.737287e-01  +2.182922e+00  +4.058726e-02  +3.912035e+00  +5.822401e+00  +4.477789e+00  +3.301541e+00  +3.263304e+02  +2.492793e+00  +3.692277e+00  +4.596341e+02  +4.639752e+00  +4.959541e+00  +8.052503e+02  +4.021116e+00  +5.121920e+00  +4.395305e+02  
covariance:
+4.523068e-05  -9.029529e-06  +2.416438e-05  +2.808086e-05  +1.768195e-05  +2.432385e-06  -8.647975e-05  -1.614593e-05  +4.155836e-06  -6.023804e-05  +3.789526e-04  -2.922438e-06  +2.014946e-06  -8.652984e-04  -7.494270e-07  -2.875724e-06  -1.980244e-02  +8.809396e-07  -6.490904e-07  -1.151872e-02  -1.190083e-06  -1.390427e-06  -1.383376e-02  
-9.029529e-06  +5.128040e-06  -5.034919e-06  -7.597292e-06  -4.127651e-06  -5.118826e-07  +1.524757e-05  +4.993691e-06  -8.569163e-07  +1.297694e-05  -5.686255e-05  +7.821463e-07  -3.229928e-07  +5.248126e-04  +1.144526e-07  +7.644717e-07  +2.988570e-03  +6.314726e-08  +1.293617e-07  +1.020418e-03  +3.092715e-07  +1.678649e-07  +2.466292e-03  
+2.416438e-05  -5.034919e-06  +3.026922e-05  +1.187084e-05  +7.091952e-06  +4.695544e-06  -7.640806e-05  -2.039845e-05  +2.977751e-06  -4.812841e-05  +3.640586e-04  -1.522789e-06  +1.344483e-06  -8.037486e-04  -1.181712e-07  -3.057836e-06  -1.825787e-02  +3.758893e-07  -4.095713e-07  -1.378299e-02  +1.309361e-07  -2.027336e-06  -1.119973e-02  
+2.808086e-05  -7.597292e-06  +1.187084e-05  +1.227586e-04  +4.691235e-06  -1.698807e-06  -3.988574e-05  -8.992640e-07  +3.024639e-06  -4.059637e-05  -3.247148e-06  -6.207073e-06  +3.140569e-06  -2.814347e-03  -1.327110e-06  -2.299630e-06  -8.570633e-03  -9.796940e-08  -2.197881e-06  +1.203439e-02  -1.552005e-06  +1.430554e-06  -1.280961e-02  
+1.768195e-05  -4.127651e-06  +7.091952e-06  +4.691235e-06  +2.849870e-05  +1.584371e-06  -3.349162e-05  -1.003754e-06  +1.687233e-06  -2.244482e-05  +1.664430e-04  -8.299858e-07  +1.669551e-06  +2.114212e-04  +4.191585e-07  -1.954366e-07  -7.109491e-03  +9.375385e-07  -5.874972e-07  -5.599312e-03  -3.693450e-07  -8.862363e-07  -5.074788e-03  
+2.432385e-06  -5.118826e-07  +4.695544e-06  -1.698807e-06  +1.584371e-06  +1.759927e-06  -1.354130e-05  -4.910522e-06  +4.565054e-07  -5.867709e-06  +5.606918e-05  -2.706321e-07  +4.642235e-07  -1.795458e-04  +2.434254e-07  -3.544569e-07  -3.068270e-03  +1.658125e-07  -1.226625e-07  -2.508443e-03  +3.807687e-07  -5.248878e-07  -1.498938e-03  
-8.647975e-05  +1.524757e-05  -7.640806e-05  -3.988574e-05  -3.349162e-05  -1.354130e-05  +2.815572e-04  +5.037503e-05  -1.087206e-05  +1.621667e-04  -1.279254e-03  +6.515749e-06  -8.011637e-06  +7.847053e-04  +1.301444e-06  +7.623764e-06  +6.681279e-02  -3.673180e-06  +1.956508e-06  +4.974214e-02  +1.977839e-07  +7.503386e-06  +4.172443e-02  
-1.614593e-05  +4.993691e-06  -2.039845e-05  -8.992640e-07  -1.003754e-06  -4.910522e-06  +5.037503e-05  +5.439022e-05  -2.255950e-06  +2.539801e-05  -1.557643e-04  +1.376497e-06  -2.511516e-07  +1.116636e-03  +7.564161e-07  +2.920223e-06  +1.120066e-02  +9.211698e-07  -6.592239e-08  +4.991299e-03  -6.795253e-07  +1.787703e-06  +4.622628e-03  
+4.155836e-06  -8.569163e-07  +2.977751e-06  +3.024639e-06  +1.687233e-06  +4.565054e-07  -1.087206e-05  -2.255950e-06  +5.145224e-07  -7.045479e-06  +4.531710e-05  -3.664584e-07  +3.024579e-07  -1.035924e-04  -8.581724e-08  -3.372648e-07  -2.478827e-03  +1.178567e-07  -9.912099e-08  -1.522758e-03  -8.691045e-08  -2.360962e-07  -1.672711e-03  
-6.023804e-05  +1.297694e-05  -4.812841e-05  -4.059637e-05  -2.244482e-05  -5.867709e-06  +1.621667e-04  +2.539801e-05  -7.045479e-06  +1.263686e-04  -7.929728e-04  +4.549269e-06  -3.400182e-06  +1.857448e-03  +1.780738e-06  +5.739920e-06  +3.587278e-02  -2.612566e-06  +8.812660e-07  +2.725949e-02  +2.393866e-06  +3.446789e-06  +2.488167e-02  
+3.789526e-04  -5.686255e-05  +3.640586e-04  -3.247148e-06  +1.664430e-04  +5.606918e-05  -1.279254e-03  -1.557643e-04  +4.531710e-05  -7.929728e-04  +7.007228e-03  -1.217678e-05  +2.993629e-05  +5.548006e-03  -7.182929e-06  -3.357748e-05  -3.107452e-01  +2.130363e-05  -1.723722e-06  -2.907051e-01  -6.837328e-06  -3.544530e-05  -1.893732e-01  
-2.922438e-06  +7.821463e-07  -1.522789e-06  -6.207073e-06  -8.299858e-07  -2.706321e-07  +6.515749e-06  +1.376497e-06  -3.664584e-07  +4.549269e-06  -1.217678e-05  +7.841254e-07  -3.803780e-07  +2.110358e-04  +8.811187e-08  +2.491439e-07  +1.215563e-03  -1.816391e-07  +1.895831e-07  -1.470203e-04  +2.314734e-08  +4.671635e-08  +1.230599e-03  
+2.014946e-06  -3.229928e-07  +1.344483e-06  +3.140569e-06  +1.669551e-06  +4.642235e-07  -8.011637e-06  -2.511516e-07  +3.024579e-07  -3.400182e-06  +2.993629e-05  -3.803780e-07  +6.896569e-07  -1.302831e-05  +6.674109e-08  -4.258910e-08  -1.903191e-03  +2.144990e-07  -2.195644e-07  -9.972921e-04  +6.190657e-08  -2.047390e-07  -1.365569e-03  
-8.652984e-04  +5.248126e-04  -8.037486e-04  -2.814347e-03  +2.114212e-04  -1.795458e-04  +7.847053e-04  +1.116636e-03  -1.035924e-04  +1.857448e-03  +5.548006e-03  +2.110358e-04  -1.302831e-05  +4.896840e-01  -1.422842e-04  +1.445113e-04  -2.142522e-01  +7.496369e-05  +8.828916e-05  -7.805085e-01  +5.721523e-05  +1.337600e-05  -6.281917e-02  
-7.494270e-07  +1.144526e-07  -1.181712e-07  -1.327110e-06  +4.191585e-07  +2.434254e-07  +1.301444e-06  +7.564161e-07  -8.581724e-08  +1.780738e-06  -7.182929e-06  +8.811187e-08  +6.674109e-08  -1.422842e-04  +4.193367e-07  +9.720392e-08  +4.262716e-04  -3.975053e-08  -8.115468e-08  +2.309037e-04  +1.147157e-07  -6.657229e-08  +4.544344e-04  
-2.875724e-06  +7.644717e-07  -3.057836e-06  -2.299630e-06  -1.954366e-07  -3.544569e-07  +7.623764e-06  +2.920223e-06  -3.372648e-07  +5.739920e-06  -3.357748e-05  +2.491439e-07  -4.258910e-08  +1.445113e-04  +9.720392e-08  +5.500527e-07  +1.684997e-03  -1.063185e-08  +5.415268e-08  +1.103706e-03  +2.870334e-08  +1.479849e-07  +1.131366e-03  
-1.980244e-02  +2.988570e-03  -1.825787e-02  -8.570633e-03  -7.109491e-03  -3.068270e-03  +6.681279e-02  +1.120066e-02  -2.478827e-03  +3.587278e-02  -3.107452e-01  +1.215563e-03  -1.903191e-03  -2.142522e-01  +4.262716e-04  +1.684997e-03  +1.693264e+01  -8.093414e-04  +4.392989e-04  +1.259624e+01  -7.611076e-05  +1.755675e-03  +1.034963e+01  
+8.809396e-07  +6.314726e-08  +3.758893e-07  -9.796940e-08  +9.375385e-07  +1.658125e-07  -3.673180e-06  +9.211698e-07  +1.178567e-07  -2.612566e-06  +2.130363e-05  -1.816391e-07  +2.144990e-07  +7.496369e-05  -3.975053e-08  -1.063185e-08  -8.093414e-04  +4.532757e-07  -8.665537e-08  -1.008863e-03  -8.781177e-09  -1.533889e-07  -5.901205e-04  
-6.490904e-07  +1.293617e-07  -4.095713e-07  -2.197881e-06  -5.874972e-07  -1.226625e-07  +1.956508e-06  -6.592239e-08  -9.912099e-08  +8.812660e-07  -1.723722e-06  +1.895831e-07  -2.195644e-07  +8.828916e-05  -8.115468e-08  +5.415268e-08  +4.392989e-04  -8.665537e-08  +2.744304e-07  -1.171708e-04  -4.636163e-08  +8.367768e-08  +3.791726e-04  
-1.151872e-02  +1.020418e-03  -1.378299e-02  +1.203439e-02  -5.599312e-03  -2.508443e-03  +4.974214e-02  +4.991299e-03  -1.522758e-03  +2.725949e-02  -2.907051e-01  -1.470203e-04  -9.972921e-04  -7.805085e-01  +2.309037e-04  +1.103706e-03  +1.259624e+01  -1.008863e-03  -1.171708e-04  +1.426232e+01  -1.337430e-04  +1.798797e-03  +6.846211e+00  
-1.190083e-06  +3.092715e-07  +1.309361e-07  -1.552005e-06  -3.693450e-07  +3.807687e-07  +1.977839e-07  -6.795253e-07  -8.691045e-08  +2.393866e-06  -6.837328e-06  +2.314734e-08  +6.190657e-08  +5.721523e-05  +1.147157e-07  +2.870334e-08  -7.611076e-05  -8.781177e-09  -4.636163e-08  -1.337430e-04  +4.604304e-07  -3.782315e-08  +1.221632e-04  
-1.390427e-06  +1.678649e-07  -2.027336e-06  +1.430554e-06  -8.862363e-07  -5.248878e-07  +7.503386e-06  +1.787703e-06  -2.360962e-07  +3.446789e-06  -3.544530e-05  +4.671635e-08  -2.047390e-07  +1.337600e-05  -6.657229e-08  +1.479849e-07  +1.755675e-03  -1.533889e-07  +8.367768e-08  +1.798797e-03  -3.782315e-08  +5.476301e-07  +7.504698e-04  
-1.383376e-02  +2.466292e-03  -1.119973e-02  -1.280961e-02  -5.074788e-03  -1.498938e-03  +4.172443e-02  +4.622628e-03  -1.672711e-03  +2.488167e-02  -1.893732e-01  +1.230599e-03  -1.365569e-03  -6.281917e-02  +4.544344e-04  +1.131366e-03  +1.034963e+01  -5.901205e-04  +3.791726e-04  +6.846211e+00  +1.221632e-04  +7.504698e-04  +7.535875e+00  
