mean:
+3.983230e+00  +3.940050e+00  +6.598697e-01  -1.267322e+00  +1.607156e+00  +5.042233e-01  +8.983950e-01  +2.030587e+00  +1.499522e-01  +1.937139e+00  +4.869349e+00  +1.839652e+00  +2.983623e+00  +8.036485e+02  +4.960240e+00  +4.479604e+00  +2.004449e+03  
covariance:
+5.736327e-06  +1.855517e-06  +2.170706e-06  -1.702715e-05  +1.004148e-05  +8.003247e-07  -8.016934e-08  +1.929875e-06  +5.213326e-07  -2.151464e-06  -2.493905e-05  +2.988727e-08  -5.194933e-07  -3.682454e-04  +9.649257e-09  -7.522404e-08  +1.229319e-03  
+1.855517e-06  +5.416196e-06  -2.847234e-06  +4.412917e-07  +8.594197e-06  +4.124694e-07  -7.967680e-07  +1.509107e-05  +6.771410e-08  +3.051785e-06  +5.226073e-06  +8.008574e-08  -5.317651e-07  +4.987396e-05  -2.380908e-08  -4.601984e-08  +6.505986e-04  
+2.170706e-06  -2.847234e-06  +1.383364e-04  -9.058682e-05  -1.898767e-04  -7.357944e-06  +4.826733e-05  -3.931127e-04  +9.215912e-06  -7.690127e-05  -3.454314e-04  +7.719465e-07  +1.285097e-06  +1.287915e-02  +4.494504e-07  +4.343936e-07  +2.766422e-02  
-1.702715e-05  +4.412917e-07  -9.058682e-05  +1.144209e-03  -3.168753e-04  -1.592667e-05  -4.124742e-05  -2.704717e-04  -3.393280e-05  +1.656713e-04  +1.091385e-03  -2.180015e-07  +3.628764e-06  +1.579901e-02  +1.264372e-06  +1.938059e-06  +2.325317e-02  
+1.004148e-05  +8.594197e-06  -1.898767e-04  -3.168753e-04  +1.554376e-03  +4.979029e-05  -1.784559e-04  +1.056869e-03  +2.750606e-05  -7.474493e-06  -3.179676e-04  +4.899271e-06  -5.654640e-06  -3.542344e-02  -1.723204e-06  -3.127270e-06  +7.194060e-02  
+8.003247e-07  +4.124694e-07  -7.357944e-06  -1.592667e-05  +4.979029e-05  +5.750203e-06  -7.860543e-06  +3.854318e-05  +1.150596e-06  +1.006783e-07  -2.573582e-05  +1.116214e-07  -8.895582e-07  -3.055846e-05  +4.217145e-08  -4.165077e-07  +5.668782e-03  
-8.016934e-08  -7.967680e-07  +4.826733e-05  -4.124742e-05  -1.784559e-04  -7.860543e-06  +5.169443e-05  -1.546752e-04  -1.740781e-06  -2.455462e-05  -5.099239e-05  -1.314227e-06  +1.412234e-06  +7.730322e-03  +2.158874e-07  +4.024610e-07  -6.755893e-03  
+1.929875e-06  +1.509107e-05  -3.931127e-04  -2.704717e-04  +1.056869e-03  +3.854318e-05  -1.546752e-04  +2.518086e-03  -7.610764e-06  +2.018580e-04  +4.320627e-04  +2.804314e-06  -1.862857e-05  -1.481307e-02  -3.198747e-06  -5.657050e-06  -1.087325e-01  
+5.213326e-07  +6.771410e-08  +9.215912e-06  -3.393280e-05  +2.750606e-05  +1.150596e-06  -1.740781e-06  -7.610764e-06  +3.917216e-06  -1.571987e-05  -7.291669e-05  +1.161604e-07  -1.700576e-07  -2.579542e-04  +8.018291e-08  -2.246811e-07  +5.497530e-03  
-2.151464e-06  +3.051785e-06  -7.690127e-05  +1.656713e-04  -7.474493e-06  +1.006783e-07  -2.455462e-05  +2.018580e-04  -1.571987e-05  +1.122264e-04  +3.603713e-04  +1.241264e-06  -1.240445e-06  -3.310927e-03  -9.491459e-07  +9.645016e-07  -2.152785e-02  
-2.493905e-05  +5.226073e-06  -3.454314e-04  +1.091385e-03  -3.179676e-04  -2.573582e-05  -5.099239e-05  +4.320627e-04  -7.291669e-05  +3.603713e-04  +2.141109e-03  -2.263315e-06  +4.677009e-06  -1.021349e-02  -1.540112e-06  +2.799732e-06  -1.336001e-01  
+2.988727e-08  +8.008574e-08  +7.719465e-07  -2.180015e-07  +4.899271e-06  +1.116214e-07  -1.314227e-06  +2.804314e-06  +1.161604e-07  +1.241264e-06  -2.263315e-06  +6.837810e-07  -1.261412e-07  +1.260748e-04  -2.801245e-08  +5.637092e-08  +5.030601e-04  
-5.194933e-07  -5.317651e-07  +1.285097e-06  +3.628764e-06  -5.654640e-06  -8.895582e-07  +1.412234e-06  -1.862857e-05  -1.700576e-07  -1.240445e-06  +4.677009e-06  -1.261412e-07  +1.114881e-06  -4.272824e-04  +4.081513e-08  +1.645200e-07  -8.759501e-04  
-3.682454e-04  +4.987396e-05  +1.287915e-02  +1.579901e-02  -3.542344e-02  -3.055846e-05  +7.730322e-03  -1.481307e-02  -2.579542e-04  -3.310927e-03  -1.021349e-02  +1.260748e-04  -4.272824e-04  +7.630005e+00  +2.741254e-05  +1.704845e-05  +4.034102e+00  
+9.649257e-09  -2.380908e-08  +4.494504e-07  +1.264372e-06  -1.723204e-06  +4.217145e-08  +2.158874e-07  -3.198747e-06  +8.018291e-08  -9.491459e-07  -1.540112e-06  -2.801245e-08  +4.081513e-08  +2.741254e-05  +1.954233e-07  +6.796623e-09  +2.711093e-04  
-7.522404e-08  -4.601984e-08  +4.343936e-07  +1.938059e-06  -3.127270e-06  -4.165077e-07  +4.024610e-07  -5.657050e-06  -2.246811e-07  +9.645016e-07  +2.799732e-06  +5.637092e-08  +1.645200e-07  +1.704845e-05  +6.796623e-09  +3.074779e-07  -8.725589e-06  
+1.229319e-03  +6.505986e-04  +2.766422e-02  +2.325317e-02  +7.194060e-02  +5.668782e-03  -6.755893e-03  -1.087325e-01  +5.497530e-03  -2.152785e-02  -1.336001e-01  +5.030601e-04  -8.759501e-04  +4.034102e+00  +2.711093e-04  -8.725589e-06  +4.425693e+01  
