mean:
+3.925278e+00  +3.905448e+00  +6.379571e-01  -1.260373e+00  +1.623935e+00  +6.023323e-01  +9.269448e-01  +2.010217e+00  +1.422198e-01  +1.964671e+00  +4.834840e+00  +1.905898e+00  +3.007303e+00  +8.063443e+02  +4.959933e+00  +4.479905e+00  +2.014446e+03  
covariance:
+2.026830e-05  +6.275636e-06  +1.543900e-06  +2.846417e-05  -8.253414e-06  -4.926719e-07  -5.799593e-06  +1.567548e-05  +1.168165e-07  +5.368527e-08  +3.302923e-05  +6.615611e-07  +3.300736e-07  -1.059909e-03  +1.579240e-07  +6.919657e-08  -4.430812e-03  
+6.275636e-06  +8.063032e-06  +7.689627e-06  -2.472979e-05  +3.316333e-05  -2.179641e-06  -7.128456e-06  -1.846769e-05  -7.222523e-07  +1.460162e-05  -4.948756e-05  +4.585700e-07  +3.425522e-08  -3.881551e-03  +1.212607e-07  -3.656553e-08  -3.140136e-03  
+1.543900e-06  +7.689627e-06  +8.107902e-05  -2.382910e-04  +6.827475e-05  -7.888301e-06  -1.637574e-05  -2.847713e-04  -1.681679e-06  +9.366341e-05  -4.669207e-04  +3.571521e-07  -3.656215e-07  -1.774946e-02  -2.569117e-07  -1.206227e-06  -6.599115e-04  
+2.846417e-05  -2.472979e-05  -2.382910e-04  +1.927829e-03  -1.055794e-03  +6.509653e-05  +8.220441e-05  +1.548976e-03  +7.892769e-06  -6.040218e-04  +3.050058e-03  -1.608745e-06  +4.993570e-06  +1.121488e-01  +1.223502e-06  +4.255613e-06  -1.468471e-02  
-8.253414e-06  +3.316333e-05  +6.827475e-05  -1.055794e-03  +1.939238e-03  -7.812124e-05  -1.342460e-04  -7.360279e-05  +1.729343e-05  +3.347551e-04  -2.213155e-03  +3.680370e-07  -9.107067e-08  -1.015004e-01  +1.733943e-06  -3.600622e-06  +1.147120e-02  
-4.926719e-07  -2.179641e-06  -7.888301e-06  +6.509653e-05  -7.812124e-05  +8.648757e-06  +2.284958e-05  -5.135972e-06  -2.117338e-06  -1.323048e-05  +9.146581e-05  +3.374720e-07  +6.912192e-08  +9.074765e-03  +1.893934e-07  +1.189154e-07  +8.960733e-03  
-5.799593e-06  -7.128456e-06  -1.637574e-05  +8.220441e-05  -1.342460e-04  +2.284958e-05  +1.242610e-04  -1.218975e-04  -1.350913e-05  +1.438823e-05  +3.330886e-05  +4.963384e-07  -1.520709e-06  +2.653675e-02  +7.573831e-07  -4.417956e-07  +3.108845e-02  
+1.567548e-05  -1.846769e-05  -2.847713e-04  +1.548976e-03  -7.360279e-05  -5.135972e-06  -1.218975e-04  +2.945725e-03  +4.764496e-05  -7.865433e-04  +3.101510e-03  -8.827048e-06  -3.690874e-07  +4.755111e-02  -1.511923e-07  +3.898909e-06  -8.103049e-02  
+1.168165e-07  -7.222523e-07  -1.681679e-06  +7.892769e-06  +1.729343e-05  -2.117338e-06  -1.350913e-05  +4.764496e-05  +3.715785e-06  -1.802137e-05  +2.533072e-05  -3.396503e-07  +3.299402e-07  -1.721114e-03  -8.582942e-08  +1.255701e-07  -3.045167e-03  
+5.368527e-08  +1.460162e-05  +9.366341e-05  -6.040218e-04  +3.347551e-04  -1.323048e-05  +1.438823e-05  -7.865433e-04  -1.802137e-05  +3.409815e-04  -1.247168e-03  +2.990264e-06  -1.407968e-06  -3.337710e-02  +5.115932e-07  -2.425947e-06  +2.677531e-02  
+3.302923e-05  -4.948756e-05  -4.669207e-04  +3.050058e-03  -2.213155e-03  +9.146581e-05  +3.330886e-05  +3.101510e-03  +2.533072e-05  -1.247168e-03  +6.333111e-03  -5.542146e-06  +2.614319e-06  +1.831009e-01  -1.501600e-06  +9.838582e-06  -1.164128e-01  
+6.615611e-07  +4.585700e-07  +3.571521e-07  -1.608745e-06  +3.680370e-07  +3.374720e-07  +4.963384e-07  -8.827048e-06  -3.396503e-07  +2.990264e-06  -5.542146e-06  +5.581963e-07  -2.303960e-08  +4.080924e-05  -2.287254e-08  -4.035690e-08  +9.607671e-04  
+3.300736e-07  +3.425522e-08  -3.656215e-07  +4.993570e-06  -9.107067e-08  +6.912192e-08  -1.520709e-06  -3.690874e-07  +3.299402e-07  -1.407968e-06  +2.614319e-06  -2.303960e-08  +8.444188e-07  -2.708858e-05  -9.492917e-10  +2.587287e-08  -2.452805e-04  
-1.059909e-03  -3.881551e-03  -1.774946e-02  +1.121488e-01  -1.015004e-01  +9.074765e-03  +2.653675e-02  +4.755111e-02  -1.721114e-03  -3.337710e-02  +1.831009e-01  +4.080924e-05  -2.708858e-05  +1.291448e+01  +1.833351e-04  +2.587003e-04  +7.353391e+00  
+1.579240e-07  +1.212607e-07  -2.569117e-07  +1.223502e-06  +1.733943e-06  +1.893934e-07  +7.573831e-07  -1.511923e-07  -8.582942e-08  +5.115932e-07  -1.501600e-06  -2.287254e-08  -9.492917e-10  +1.833351e-04  +2.450611e-07  -1.843823e-11  +4.241659e-04  
+6.919657e-08  -3.656553e-08  -1.206227e-06  +4.255613e-06  -3.600622e-06  +1.189154e-07  -4.417956e-07  +3.898909e-06  +1.255701e-07  -2.425947e-06  +9.838582e-06  -4.035690e-08  +2.587287e-08  +2.587003e-04  -1.843823e-11  +2.978814e-07  -1.384535e-04  
-4.430812e-03  -3.140136e-03  -6.599115e-04  -1.468471e-02  +1.147120e-02  +8.960733e-03  +3.108845e-02  -8.103049e-02  -3.045167e-03  +2.677531e-02  -1.164128e-01  +9.607671e-04  -2.452805e-04  +7.353391e+00  +4.241659e-04  -1.384535e-04  +3.091707e+01  
