mean:
+3.967564e+00  +3.990998e+00  +8.819843e-01  +1.424850e+00  +1.248974e+00  +4.072313e-01  +8.322144e-01  +1.220048e+00  +1.760445e-01  +2.095788e+00  +5.342774e+00  +3.612232e+00  +2.920839e+00  +2.106317e+02  +4.295233e+00  +5.128269e+00  +2.893366e+02  +5.236032e+00  +3.830488e+00  +3.312694e+02  +2.800774e+00  +4.479450e+00  +3.971794e+02  
covariance:
+6.707670e-06  +4.145172e-06  +2.093208e-05  +1.293970e-04  +1.164292e-05  +1.179495e-05  -2.961693e-05  -5.676381e-05  -1.077600e-05  +1.892516e-04  -7.715717e-04  +1.076320e-06  +2.025775e-06  +5.184648e-03  -9.375511e-07  +2.901758e-07  +1.684863e-02  -4.232260e-07  -3.032475e-07  +1.117156e-02  +3.524237e-07  -5.666925e-07  +8.638859e-03  
+4.145172e-06  +7.158938e-06  +1.743695e-05  +9.836164e-05  +8.577506e-06  +7.615066e-06  -1.827655e-05  -4.957015e-05  -1.303811e-05  +1.686152e-04  -5.755837e-04  +8.475240e-07  +1.400756e-06  +4.036861e-03  -7.696025e-07  -1.137628e-07  +1.284122e-02  -4.258801e-07  -9.857741e-08  +8.272194e-03  +4.176356e-07  -3.749791e-07  +6.625938e-03  
+2.093208e-05  +1.743695e-05  +1.018989e-04  +5.218866e-04  +4.603775e-05  +4.009978e-05  -9.260794e-05  -2.424097e-04  -6.255505e-05  +8.353918e-04  -2.948383e-03  +3.592789e-06  +8.983344e-06  +1.894625e-02  -3.255128e-06  -1.642508e-06  +6.539455e-02  -1.644603e-06  -1.446900e-06  +4.390764e-02  +1.318652e-06  -2.783194e-06  +3.142248e-02  
+1.293970e-04  +9.836164e-05  +5.218866e-04  +3.170071e-03  +2.764246e-04  +2.640259e-04  -6.321212e-04  -1.386241e-03  -3.057864e-04  +4.682978e-03  -1.794620e-02  +2.276265e-05  +5.339339e-05  +1.173653e-01  -1.789001e-05  +7.088639e-07  +3.961885e-01  -7.341903e-06  -3.292344e-06  +2.685512e-01  +6.680417e-06  -1.792256e-05  +1.936016e-01  
+1.164292e-05  +8.577506e-06  +4.603775e-05  +2.764246e-04  +3.411376e-05  +2.459875e-05  -6.481872e-05  -1.165901e-04  -2.286234e-05  +4.064144e-04  -1.617145e-03  +2.642862e-06  +4.021645e-06  +1.069017e-02  -2.113862e-06  +1.109551e-07  +3.604586e-02  -1.183265e-06  -7.609348e-07  +2.418318e-02  +8.863926e-07  -1.209255e-06  +1.761903e-02  
+1.179495e-05  +7.615066e-06  +4.009978e-05  +2.640259e-04  +2.459875e-05  +2.804827e-05  -7.071983e-05  -1.053808e-04  -1.187022e-05  +3.396317e-04  -1.621432e-03  +2.379834e-06  +4.040157e-06  +1.083592e-02  -1.796245e-06  +1.430057e-06  +3.473347e-02  -6.810618e-07  -7.429002e-07  +2.278264e-02  +6.047951e-07  -1.207502e-06  +1.805899e-02  
-2.961693e-05  -1.827655e-05  -9.260794e-05  -6.321212e-04  -6.481872e-05  -7.071983e-05  +2.403940e-04  +2.337604e-04  +1.159495e-05  -8.413911e-04  +4.188089e-03  -9.077989e-06  -5.885271e-06  -2.984364e-02  +6.702954e-06  -4.686072e-06  -9.282512e-02  +4.659625e-06  +4.093670e-06  -6.285463e-02  -1.619269e-06  -5.892839e-07  -4.815292e-02  
-5.676381e-05  -4.957015e-05  -2.424097e-04  -1.386241e-03  -1.165901e-04  -1.053808e-04  +2.337604e-04  +8.620285e-04  +1.932182e-04  -2.394688e-03  +8.008390e-03  -6.595041e-06  -2.364901e-05  -5.481313e-02  +7.882039e-06  +3.050990e-06  -1.824614e-01  +4.542831e-06  -2.565512e-06  -1.178625e-01  -3.732812e-06  +6.075885e-06  -8.549471e-02  
-1.077600e-05  -1.303811e-05  -6.255505e-05  -3.057864e-04  -2.286234e-05  -1.187022e-05  +1.159495e-05  +1.932182e-04  +7.357731e-05  -6.497221e-04  +1.537913e-03  -4.747995e-07  -6.446946e-06  -9.781508e-03  +1.368798e-06  +3.097284e-06  -3.716286e-02  +6.062461e-07  -1.125802e-06  -2.454750e-02  -1.121228e-06  +2.443255e-06  -1.539108e-02  
+1.892516e-04  +1.686152e-04  +8.353918e-04  +4.682978e-03  +4.064144e-04  +3.396317e-04  -8.413911e-04  -2.394688e-03  -6.497221e-04  +8.146397e-03  -2.678619e-02  +3.008327e-05  +7.602677e-05  +1.770266e-01  -3.231004e-05  -9.821946e-06  +6.156720e-01  -1.683903e-05  -3.755699e-06  +4.053850e-01  +1.543481e-05  -2.183818e-05  +2.871156e-01  
-7.715717e-04  -5.755837e-04  -2.948383e-03  -1.794620e-02  -1.617145e-03  -1.621432e-03  +4.188089e-03  +8.008390e-03  +1.537913e-03  -2.678619e-02  +1.077504e-01  -1.399840e-04  -2.688118e-04  -7.186969e-01  +1.242372e-04  -3.209658e-05  -2.374409e+00  +6.061998e-05  +4.608452e-05  -1.548972e+00  -4.856188e-05  +7.380022e-05  -1.198509e+00  
+1.076320e-06  +8.475240e-07  +3.592789e-06  +2.276265e-05  +2.642862e-06  +2.379834e-06  -9.077989e-06  -6.595041e-06  -4.747995e-07  +3.008327e-05  -1.399840e-04  +1.093822e-06  +1.026491e-07  +1.306359e-03  -2.985437e-07  -1.172982e-07  +3.088911e-03  -3.410505e-07  -1.262594e-07  +2.254270e-03  +1.084338e-07  +8.104489e-08  +2.044627e-03  
+2.025775e-06  +1.400756e-06  +8.983344e-06  +5.339339e-05  +4.021645e-06  +4.040157e-06  -5.885271e-06  -2.364901e-05  -6.446946e-06  +7.602677e-05  -2.688118e-04  +1.026491e-07  +2.385817e-06  +1.947947e-03  -3.944390e-07  +1.351959e-08  +4.649829e-03  +1.520244e-07  +2.681565e-07  +5.115827e-03  -2.162004e-07  -7.824537e-07  +2.473290e-03  
+5.184648e-03  +4.036861e-03  +1.894625e-02  +1.173653e-01  +1.069017e-02  +1.083592e-02  -2.984364e-02  -5.481313e-02  -9.781508e-03  +1.770266e-01  -7.186969e-01  +1.306359e-03  +1.947947e-03  +6.155595e+00  -9.337542e-04  +1.481117e-04  +1.502805e+01  -7.593683e-04  -2.002805e-04  +1.083018e+01  +6.087611e-05  -3.021779e-04  +8.733400e+00  
-9.375511e-07  -7.696025e-07  -3.255128e-06  -1.789001e-05  -2.113862e-06  -1.796245e-06  +6.702954e-06  +7.882039e-06  +1.368798e-06  -3.231004e-05  +1.242372e-04  -2.985437e-07  -3.944390e-07  -9.337542e-04  +1.385691e-06  -9.050187e-08  -2.719884e-03  +2.352663e-07  +2.305647e-07  -2.343918e-03  -2.383752e-07  -9.967650e-08  -1.313647e-03  
+2.901758e-07  -1.137628e-07  -1.642508e-06  +7.088639e-07  +1.109551e-07  +1.430057e-06  -4.686072e-06  +3.050990e-06  +3.097284e-06  -9.821946e-06  -3.209658e-05  -1.172982e-07  +1.351959e-08  +1.481117e-04  -9.050187e-08  +1.157942e-06  +3.991536e-04  +2.914257e-07  -2.087473e-08  +7.293728e-04  +4.979641e-09  +3.702603e-08  -2.029010e-04  
+1.684863e-02  +1.284122e-02  +6.539455e-02  +3.961885e-01  +3.604586e-02  +3.473347e-02  -9.282512e-02  -1.824614e-01  -3.716286e-02  +6.156720e-01  -2.374409e+00  +3.088911e-03  +4.649829e-03  +1.502805e+01  -2.719884e-03  +3.991536e-04  +5.723218e+01  -1.534944e-03  -8.736309e-04  +3.337864e+01  +1.456918e-03  -1.310762e-03  +2.533212e+01  
-4.232260e-07  -4.258801e-07  -1.644603e-06  -7.341903e-06  -1.183265e-06  -6.810618e-07  +4.659625e-06  +4.542831e-06  +6.062461e-07  -1.683903e-05  +6.061998e-05  -3.410505e-07  +1.520244e-07  -7.593683e-04  +2.352663e-07  +2.914257e-07  -1.534944e-03  +8.595851e-07  +2.275642e-07  -7.094896e-04  -4.734224e-08  -2.765986e-07  -1.093408e-03  
-3.032475e-07  -9.857741e-08  -1.446900e-06  -3.292344e-06  -7.609348e-07  -7.429002e-07  +4.093670e-06  -2.565512e-06  -1.125802e-06  -3.755699e-06  +4.608452e-05  -1.262594e-07  +2.681565e-07  -2.002805e-04  +2.305647e-07  -2.087473e-08  -8.736309e-04  +2.275642e-07  +8.108148e-07  -4.441103e-04  -1.139402e-07  -2.667139e-07  -1.021651e-03  
+1.117156e-02  +8.272194e-03  +4.390764e-02  +2.685512e-01  +2.418318e-02  +2.278264e-02  -6.285463e-02  -1.178625e-01  -2.454750e-02  +4.053850e-01  -1.548972e+00  +2.254270e-03  +5.115827e-03  +1.083018e+01  -2.343918e-03  +7.293728e-04  +3.337864e+01  -7.094896e-04  -4.441103e-04  +2.709389e+01  +7.315673e-05  -1.422429e-03  +1.587918e+01  
+3.524237e-07  +4.176356e-07  +1.318652e-06  +6.680417e-06  +8.863926e-07  +6.047951e-07  -1.619269e-06  -3.732812e-06  -1.121228e-06  +1.543481e-05  -4.856188e-05  +1.084338e-07  -2.162004e-07  +6.087611e-05  -2.383752e-07  +4.979641e-09  +1.456918e-03  -4.734224e-08  -1.139402e-07  +7.315673e-05  +6.445880e-07  +1.473936e-07  +8.680590e-04  
-5.666925e-07  -3.749791e-07  -2.783194e-06  -1.792256e-05  -1.209255e-06  -1.207502e-06  -5.892839e-07  +6.075885e-06  +2.443255e-06  -2.183818e-05  +7.380022e-05  +8.104489e-08  -7.824537e-07  -3.021779e-04  -9.967650e-08  +3.702603e-08  -1.310762e-03  -2.765986e-07  -2.667139e-07  -1.422429e-03  +1.473936e-07  +8.268213e-07  -3.564394e-04  
+8.638859e-03  +6.625938e-03  +3.142248e-02  +1.936016e-01  +1.761903e-02  +1.805899e-02  -4.815292e-02  -8.549471e-02  -1.539108e-02  +2.871156e-01  -1.198509e+00  +2.044627e-03  +2.473290e-03  +8.733400e+00  -1.313647e-03  -2.029010e-04  +2.533212e+01  -1.093408e-03  -1.021651e-03  +1.587918e+01  +8.680590e-04  -3.564394e-04  +1.786496e+01  
