mean:
+3.981651e+00  +3.953802e+00  +8.431739e-01  +1.292193e+00  +1.406009e+00  +4.085872e-01  +8.160589e-01  +1.346015e+00  +1.651256e-01  +1.918905e+00  +5.975763e+00  +3.590990e+00  +2.698379e+00  +2.037678e+02  +4.309428e+00  +5.294003e+00  +2.832940e+02  +5.453007e+00  +3.739577e+00  +3.243793e+02  +2.640808e+00  +4.560138e+00  +3.954813e+02  
covariance:
+1.145807e-06  +1.081074e-07  +2.432556e-07  -9.706156e-07  +1.022440e-06  +1.638454e-06  +3.261327e-06  -4.618915e-06  -3.590308e-06  +2.373230e-05  +3.367665e-06  +1.487641e-07  -3.752994e-07  +3.743204e-04  -9.562117e-07  +4.524412e-08  +1.180409e-03  -1.359398e-07  -9.158609e-07  +9.153660e-04  -9.557607e-08  -1.302390e-07  +2.020835e-03  
+1.081074e-07  +1.110067e-06  +1.058864e-07  +9.966736e-08  +1.057206e-07  -3.122839e-07  +1.233140e-07  -5.388464e-07  +5.614573e-07  -4.481236e-06  +2.372865e-07  -5.279744e-08  -1.170910e-09  -1.093057e-04  +9.361142e-09  -1.214728e-07  -2.934981e-04  -1.070182e-08  -1.638911e-08  -3.343269e-04  +4.954975e-08  -1.397296e-08  -5.527822e-04  
+2.432556e-07  +1.058864e-07  +1.093596e-05  +1.553047e-06  -2.242914e-06  -3.991452e-07  -9.529386e-07  -6.530398e-06  +4.460283e-07  -6.124151e-06  +1.170879e-05  +4.496056e-07  -2.146573e-07  +5.239625e-05  +3.489797e-06  -8.573904e-07  -6.041555e-04  -1.518025e-08  +3.835357e-06  -1.670793e-03  +4.576292e-07  -7.610271e-07  +5.563649e-04  
-9.706156e-07  +9.966736e-08  +1.553047e-06  +9.068377e-05  -1.301790e-05  -2.204381e-05  -3.961882e-05  +4.845253e-05  +4.374002e-05  -3.197678e-04  -4.364015e-05  -5.280654e-06  +5.710075e-07  -9.355319e-03  +1.485702e-05  -2.404347e-06  -1.048460e-02  -4.140994e-06  +1.204516e-05  -1.187468e-02  +1.210687e-06  +3.711499e-06  -3.026739e-02  
+1.022440e-06  +1.057206e-07  -2.242914e-06  -1.301790e-05  +1.685009e-05  +7.941168e-06  +1.986830e-05  -2.283029e-05  -1.742648e-05  +1.187264e-04  +1.284862e-05  +1.533845e-06  -1.410380e-06  +1.324332e-03  -1.069364e-05  -1.665895e-07  +5.508015e-03  -8.992545e-07  -1.019666e-05  +2.829916e-03  +1.121584e-07  -1.022935e-07  +7.798127e-03  
+1.638454e-06  -3.122839e-07  -3.991452e-07  -2.204381e-05  +7.941168e-06  +1.847797e-05  +2.846658e-05  -3.792073e-05  -3.445946e-05  +2.552948e-04  +2.778573e-05  +2.546662e-06  -2.193113e-06  +5.691125e-03  -1.108202e-05  +1.908450e-06  +1.109775e-02  +4.545453e-07  -9.824746e-06  +1.045049e-02  -9.092757e-07  -1.593392e-06  +2.438351e-02  
+3.261327e-06  +1.233140e-07  -9.529386e-07  -3.961882e-05  +1.986830e-05  +2.846658e-05  +6.398404e-05  -7.138384e-05  -5.952940e-05  +4.134727e-04  +6.234955e-05  +4.363884e-06  -4.020954e-06  +6.647180e-03  -2.330235e-05  +1.061054e-06  +1.929753e-02  -1.045061e-06  -2.103627e-05  +1.460573e-02  -1.134338e-06  -2.674571e-06  +3.250986e-02  
-4.618915e-06  -5.388464e-07  -6.530398e-06  +4.845253e-05  -2.283029e-05  -3.792073e-05  -7.138384e-05  +2.675687e-04  +6.493011e-05  -4.521766e-04  -4.465830e-05  -4.522517e-06  +9.746210e-06  -9.468808e-03  +2.240611e-05  +3.995523e-06  -2.312292e-02  +1.097654e-06  +2.197617e-05  -4.301086e-04  -2.597043e-07  +6.587813e-06  -4.032632e-02  
-3.590308e-06  +5.614573e-07  +4.460283e-07  +4.374002e-05  -1.742648e-05  -3.445946e-05  -5.952940e-05  +6.493011e-05  +6.990985e-05  -5.066321e-04  -6.464479e-05  -5.559793e-06  +4.307534e-06  -1.016635e-02  +2.328144e-05  -3.398873e-06  -2.218584e-02  -1.108057e-07  +2.114074e-05  -2.019002e-02  +1.817323e-06  +2.936591e-06  -4.599909e-02  
+2.373230e-05  -4.481236e-06  -6.124151e-06  -3.197678e-04  +1.187264e-04  +2.552948e-04  +4.134727e-04  -4.521766e-04  -5.066321e-04  +3.743768e-03  +4.367710e-04  +3.970786e-05  -3.119568e-05  +7.847205e-02  -1.637981e-04  +2.919305e-05  +1.620396e-01  +4.058350e-06  -1.483819e-04  +1.555380e-01  -1.378048e-05  -2.075102e-05  +3.492454e-01  
+3.367665e-06  +2.372865e-07  +1.170879e-05  -4.364015e-05  +1.284862e-05  +2.778573e-05  +6.234955e-05  -4.465830e-05  -6.464479e-05  +4.367710e-04  +1.425141e-04  +8.166511e-06  -1.700347e-06  +8.116367e-03  -2.091103e-05  +5.843046e-07  +1.781102e-02  -1.718020e-06  -1.778968e-05  +1.247454e-02  -1.927298e-06  -4.894155e-06  +3.661512e-02  
+1.487641e-07  -5.279744e-08  +4.496056e-07  -5.280654e-06  +1.533845e-06  +2.546662e-06  +4.363884e-06  -4.522517e-06  -5.559793e-06  +3.970786e-05  +8.166511e-06  +1.861470e-06  +3.323575e-07  +9.752861e-04  -2.261906e-06  -4.885868e-08  +9.356814e-04  +1.916806e-07  -2.256947e-06  +6.017719e-04  -1.035208e-07  -5.559127e-07  +3.942573e-03  
-3.752994e-07  -1.170910e-09  -2.146573e-07  +5.710075e-07  -1.410380e-06  -2.193113e-06  -4.020954e-06  +9.746210e-06  +4.307534e-06  -3.119568e-05  -1.700347e-06  +3.323575e-07  +1.546512e-06  -2.834466e-04  +1.237438e-06  +4.017375e-08  -2.137789e-03  +5.862491e-07  +1.517309e-06  -1.030939e-03  +9.751677e-08  -4.009729e-08  -2.485000e-03  
+3.743204e-04  -1.093057e-04  +5.239625e-05  -9.355319e-03  +1.324332e-03  +5.691125e-03  +6.647180e-03  -9.468808e-03  -1.016635e-02  +7.847205e-02  +8.116367e-03  +9.752861e-04  -2.834466e-04  +2.737123e+00  -2.484185e-03  +9.140186e-04  +2.783133e+00  +6.232639e-04  -1.791116e-03  +3.450783e+00  -2.630075e-04  -7.091354e-04  +8.671435e+00  
-9.562117e-07  +9.361142e-09  +3.489797e-06  +1.485702e-05  -1.069364e-05  -1.108202e-05  -2.330235e-05  +2.240611e-05  +2.328144e-05  -1.637981e-04  -2.091103e-05  -2.261906e-06  +1.237438e-06  -2.484185e-03  +1.321579e-05  -6.804065e-07  -7.286056e-03  +5.882854e-07  +1.241473e-05  -4.976889e-03  +5.589320e-07  +2.828893e-07  -1.247571e-02  
+4.524412e-08  -1.214728e-07  -8.573904e-07  -2.404347e-06  -1.665895e-07  +1.908450e-06  +1.061054e-06  +3.995523e-06  -3.398873e-06  +2.919305e-05  +5.843046e-07  -4.885868e-08  +4.017375e-08  +9.140186e-04  -6.804065e-07  +1.216935e-06  +1.046848e-03  +5.531936e-07  -2.637790e-07  +2.619895e-03  -2.120029e-07  +2.506237e-08  +3.428137e-03  
+1.180409e-03  -2.934981e-04  -6.041555e-04  -1.048460e-02  +5.508015e-03  +1.109775e-02  +1.929753e-02  -2.312292e-02  -2.218584e-02  +1.620396e-01  +1.781102e-02  +9.356814e-04  -2.137789e-03  +2.783133e+00  -7.286056e-03  +1.046848e-03  +8.587947e+00  -6.639422e-04  -6.879727e-03  +6.714981e+00  -7.224458e-04  -6.919490e-04  +1.397148e+01  
-1.359398e-07  -1.070182e-08  -1.518025e-08  -4.140994e-06  -8.992545e-07  +4.545453e-07  -1.045061e-06  +1.097654e-06  -1.108057e-07  +4.058350e-06  -1.718020e-06  +1.916806e-07  +5.862491e-07  +6.232639e-04  +5.882854e-07  +5.531936e-07  -6.639422e-04  +1.413587e-06  +1.042538e-06  +1.009628e-03  +2.683775e-08  -3.095180e-07  +1.406940e-03  
-9.158609e-07  -1.638911e-08  +3.835357e-06  +1.204516e-05  -1.019666e-05  -9.824746e-06  -2.103627e-05  +2.197617e-05  +2.114074e-05  -1.483819e-04  -1.778968e-05  -2.256947e-06  +1.517309e-06  -1.791116e-03  +1.241473e-05  -2.637790e-07  -6.879727e-03  +1.042538e-06  +1.290532e-05  -3.665940e-03  +5.547534e-07  -5.114942e-08  -1.097653e-02  
+9.153660e-04  -3.343269e-04  -1.670793e-03  -1.187468e-02  +2.829916e-03  +1.045049e-02  +1.460573e-02  -4.301086e-04  -2.019002e-02  +1.555380e-01  +1.247454e-02  +6.017719e-04  -1.030939e-03  +3.450783e+00  -4.976889e-03  +2.619895e-03  +6.714981e+00  +1.009628e-03  -3.665940e-03  +1.081300e+01  -6.970082e-04  -3.754157e-04  +1.511963e+01  
-9.557607e-08  +4.954975e-08  +4.576292e-07  +1.210687e-06  +1.121584e-07  -9.092757e-07  -1.134338e-06  -2.597043e-07  +1.817323e-06  -1.378048e-05  -1.927298e-06  -1.035208e-07  +9.751677e-08  -2.630075e-04  +5.589320e-07  -2.120029e-07  -7.224458e-04  +2.683775e-08  +5.547534e-07  -6.970082e-04  +4.029037e-07  +8.701265e-08  -1.351703e-03  
-1.302390e-07  -1.397296e-08  -7.610271e-07  +3.711499e-06  -1.022935e-07  -1.593392e-06  -2.674571e-06  +6.587813e-06  +2.936591e-06  -2.075102e-05  -4.894155e-06  -5.559127e-07  -4.009729e-08  -7.091354e-04  +2.828893e-07  +2.506237e-08  -6.919490e-04  -3.095180e-07  -5.114942e-08  -3.754157e-04  +8.701265e-08  +9.294328e-07  -2.273233e-03  
+2.020835e-03  -5.527822e-04  +5.563649e-04  -3.026739e-02  +7.798127e-03  +2.438351e-02  +3.250986e-02  -4.032632e-02  -4.599909e-02  +3.492454e-01  +3.661512e-02  +3.942573e-03  -2.485000e-03  +8.671435e+00  -1.247571e-02  +3.428137e-03  +1.397148e+01  +1.406940e-03  -1.097653e-02  +1.511963e+01  -1.351703e-03  -2.273233e-03  +3.618616e+01  
