mean:
+3.956821e+00  +3.924130e+00  +6.615397e-01  -1.079075e+00  +1.583984e+00  +5.096632e-01  +9.166950e-01  +2.096756e+00  +1.436929e-01  +1.976513e+00  +4.998460e+00  +1.635579e+00  +2.883440e+00  +8.040400e+02  +4.800133e+00  +4.399927e+00  +1.994957e+03  
covariance:
+4.463640e-06  -3.527523e-07  -1.749598e-06  -1.784948e-06  -1.336870e-05  -1.711440e-06  +5.132310e-06  -4.569334e-06  -4.489263e-08  -1.452841e-06  -8.419131e-06  -7.413397e-08  +1.274670e-07  +9.259752e-04  +5.858594e-09  +3.423706e-08  -1.161495e-03  
-3.527523e-07  +6.155230e-06  -1.403867e-06  -9.851984e-06  -5.948920e-06  -2.022392e-07  +5.609854e-06  -3.051161e-06  -4.646631e-07  -1.033868e-06  +6.062914e-06  +1.014411e-08  -1.652398e-08  +9.005867e-04  +1.427991e-07  -9.539398e-08  -2.316756e-03  
-1.749598e-06  -1.403867e-06  +2.070797e-04  +3.598038e-04  +1.306868e-04  +4.833317e-05  +4.573640e-05  +2.569741e-04  -2.408913e-05  +1.321812e-04  +3.186097e-04  +7.138065e-07  +2.267381e-06  -3.556157e-02  +7.131806e-07  -8.569985e-07  +2.663804e-03  
-1.784948e-06  -9.851984e-06  +3.598038e-04  +1.475067e-03  +3.770844e-04  +1.096279e-04  +8.864908e-05  +4.810154e-04  -5.084731e-05  +3.338469e-04  +4.163562e-04  -4.949443e-08  +8.341643e-06  -7.915482e-02  +6.471429e-07  -1.320089e-06  +9.006021e-02  
-1.336870e-05  -5.948920e-06  +1.306868e-04  +3.770844e-04  +2.568907e-03  +1.617775e-04  -6.760208e-04  +8.078650e-04  +4.212604e-05  +7.338697e-05  +1.226541e-03  -7.350518e-06  -1.218487e-06  -1.714708e-01  +7.902484e-07  +1.215189e-06  +2.210379e-01  
-1.711440e-06  -2.022392e-07  +4.833317e-05  +1.096279e-04  +1.617775e-04  +2.431050e-05  -2.647546e-05  +1.238203e-04  -4.795770e-06  +4.789365e-05  +1.420300e-04  -1.831303e-07  +8.322876e-07  -2.034317e-02  +1.222150e-07  -3.300844e-07  +8.939043e-03  
+5.132310e-06  +5.609854e-06  +4.573640e-05  +8.864908e-05  -6.760208e-04  -2.647546e-05  +3.170523e-04  -1.232021e-04  -3.743393e-05  +5.957047e-05  -1.388937e-04  +2.177931e-06  +2.679808e-06  +4.407072e-02  -2.002451e-08  -8.483166e-07  -7.852823e-02  
-4.569334e-06  -3.051161e-06  +2.569741e-04  +4.810154e-04  +8.078650e-04  +1.238203e-04  -1.232021e-04  +1.047408e-03  -2.908105e-05  +2.480871e-04  +9.587907e-04  -1.676512e-06  +3.418875e-06  -9.049148e-02  +1.713621e-07  -2.722392e-06  +2.488747e-03  
-4.489263e-08  -4.646631e-07  -2.408913e-05  -5.084731e-05  +4.212604e-05  -4.795770e-06  -3.743393e-05  -2.908105e-05  +9.595064e-06  -3.848961e-05  -4.842064e-05  -3.374083e-07  -7.763687e-07  +2.482145e-03  -1.173896e-08  +2.180547e-07  +1.326853e-02  
-1.452841e-06  -1.033868e-06  +1.321812e-04  +3.338469e-04  +7.338697e-05  +4.789365e-05  +5.957047e-05  +2.480871e-04  -3.848961e-05  +2.653691e-04  +2.739594e-04  +1.804725e-06  +3.969310e-06  -4.654021e-02  +2.415398e-07  -6.954228e-07  -3.326358e-02  
-8.419131e-06  +6.062914e-06  +3.186097e-04  +4.163562e-04  +1.226541e-03  +1.420300e-04  -1.388937e-04  +9.587907e-04  -4.842064e-05  +2.739594e-04  +2.000497e-03  -3.946169e-06  +2.573792e-06  -1.220749e-01  +8.093067e-07  -2.922315e-06  -1.018523e-01  
-7.413397e-08  +1.014411e-08  +7.138065e-07  -4.949443e-08  -7.350518e-06  -1.831303e-07  +2.177931e-06  -1.676512e-06  -3.374083e-07  +1.804725e-06  -3.946169e-06  +4.236833e-07  +1.001599e-07  -9.133698e-06  -7.255354e-10  +3.620005e-08  -7.250856e-04  
+1.274670e-07  -1.652398e-08  +2.267381e-06  +8.341643e-06  -1.218487e-06  +8.322876e-07  +2.679808e-06  +3.418875e-06  -7.763687e-07  +3.969310e-06  +2.573792e-06  +1.001599e-07  +5.223533e-07  -6.522843e-04  +1.269307e-08  +1.262363e-08  -4.562381e-04  
+9.259752e-04  +9.005867e-04  -3.556157e-02  -7.915482e-02  -1.714708e-01  -2.034317e-02  +4.407072e-02  -9.049148e-02  +2.482145e-03  -4.654021e-02  -1.220749e-01  -9.133698e-06  -6.522843e-04  +2.725807e+01  -2.412288e-04  +1.450056e-04  -8.553515e+00  
+5.858594e-09  +1.427991e-07  +7.131806e-07  +6.471429e-07  +7.902484e-07  +1.222150e-07  -2.002451e-08  +1.713621e-07  -1.173896e-08  +2.415398e-07  +8.093067e-07  -7.255354e-10  +1.269307e-08  -2.412288e-04  +2.132454e-07  -1.672610e-08  +1.819620e-04  
+3.423706e-08  -9.539398e-08  -8.569985e-07  -1.320089e-06  +1.215189e-06  -3.300844e-07  -8.483166e-07  -2.722392e-06  +2.180547e-07  -6.954228e-07  -2.922315e-06  +3.620005e-08  +1.262363e-08  +1.450056e-04  -1.672610e-08  +3.017161e-07  +3.214581e-04  
-1.161495e-03  -2.316756e-03  +2.663804e-03  +9.006021e-02  +2.210379e-01  +8.939043e-03  -7.852823e-02  +2.488747e-03  +1.326853e-02  -3.326358e-02  -1.018523e-01  -7.250856e-04  -4.562381e-04  -8.553515e+00  +1.819620e-04  +3.214581e-04  +7.229166e+01  
