mean:
+3.984230e+00  +3.977629e+00  +6.026660e-01  +2.014915e+00  +1.263404e+00  +5.057013e-01  +8.524046e-01  +2.208743e+00  +3.876753e-02  +3.897083e+00  +5.846853e+00  +4.572669e+00  +3.238194e+00  +3.261002e+02  +2.590084e+00  +3.726436e+00  +4.578778e+02  +4.640277e+00  +4.959895e+00  +8.092151e+02  +3.990824e+00  +5.153739e+00  +4.398076e+02  
covariance:
+4.323541e-06  -1.740776e-06  -1.286873e-06  +4.409175e-06  +1.082367e-06  +5.292167e-07  +7.606904e-06  -4.190638e-06  -2.857232e-07  +1.262032e-05  -3.922742e-05  -5.927343e-08  -1.286894e-07  +8.358821e-05  -5.769775e-08  +7.189285e-07  +1.736595e-03  -6.644670e-08  +2.851299e-07  +2.702895e-03  -7.899310e-08  +5.006955e-07  +1.874658e-03  
-1.740776e-06  +4.586983e-06  -1.147904e-06  +6.011080e-06  -7.508013e-07  -5.094189e-07  +7.116582e-06  -1.177152e-05  -3.649601e-07  +1.556023e-05  -5.974930e-05  -1.452349e-07  -3.312234e-07  +1.530507e-04  -1.170183e-07  +2.953785e-07  +1.857511e-03  -1.878925e-07  -4.498255e-07  +4.250947e-03  -1.623251e-07  +2.554980e-07  +1.446974e-03  
-1.286873e-06  -1.147904e-06  +1.087748e-05  -1.286196e-05  -4.555231e-06  -7.482881e-07  -1.899909e-05  +1.322284e-05  +7.449454e-07  -2.892157e-05  +1.115000e-04  +4.751679e-07  -1.112686e-06  -3.064562e-04  +1.172236e-06  -1.538344e-06  -3.751849e-03  -4.255328e-08  +8.956519e-08  -8.424670e-03  +2.808217e-07  -9.384070e-07  -3.854861e-03  
+4.409175e-06  +6.011080e-06  -1.286196e-05  +1.282699e-04  +1.297686e-05  -1.824294e-06  +1.132868e-04  -7.369192e-05  -4.887590e-06  +2.055641e-04  -6.630620e-04  -1.197726e-07  -2.345649e-06  +1.125696e-03  -3.900709e-06  +8.126992e-06  +2.909270e-02  -2.104959e-06  -1.119690e-07  +5.262265e-02  -4.829688e-06  +2.670467e-06  +2.604766e-02  
+1.082367e-06  -7.508013e-07  -4.555231e-06  +1.297686e-05  +1.840905e-05  -2.120802e-07  +1.473315e-05  -8.920831e-06  -5.053428e-07  +2.085508e-05  -7.338685e-05  +4.339513e-08  +1.028643e-06  -3.196657e-05  -5.513690e-07  +1.370095e-06  +3.636041e-03  -1.138816e-08  +4.735847e-07  +7.479337e-03  -9.116357e-07  +7.112856e-07  +3.855151e-03  
+5.292167e-07  -5.094189e-07  -7.482881e-07  -1.824294e-06  -2.120802e-07  +6.781582e-07  +8.687444e-07  +1.401708e-06  -3.682113e-08  -1.426285e-06  +7.613534e-06  -2.768881e-08  +1.784742e-09  +6.835654e-05  -5.777969e-08  +1.905263e-07  +2.406597e-04  +8.724478e-08  +1.955671e-07  -7.936859e-04  +1.028861e-07  +2.416000e-08  +3.451110e-04  
+7.606904e-06  +7.116582e-06  -1.899909e-05  +1.132868e-04  +1.473315e-05  +8.687444e-07  +1.546837e-04  -9.291447e-05  -6.659547e-06  +2.557972e-04  -8.094073e-04  +1.444720e-07  -4.962709e-06  +1.022367e-03  -2.661512e-06  +1.079277e-05  +3.871628e-02  -3.039850e-06  +9.264358e-07  +6.212493e-02  -3.850668e-06  +4.916937e-06  +3.406623e-02  
-4.190638e-06  -1.177152e-05  +1.322284e-05  -7.369192e-05  -8.920831e-06  +1.401708e-06  -9.291447e-05  +1.951290e-04  +3.856600e-06  -2.082860e-04  +7.649946e-04  +2.814683e-06  -1.943891e-07  -3.615282e-03  +1.241736e-06  -6.745233e-06  -2.611031e-02  +2.341043e-06  +1.879311e-06  -5.248157e-02  +2.906566e-06  -6.471876e-06  -2.585356e-02  
-2.857232e-07  -3.649601e-07  +7.449454e-07  -4.887590e-06  -5.053428e-07  -3.682113e-08  -6.659547e-06  +3.856600e-06  +3.186402e-07  -1.117352e-05  +3.463555e-05  -2.312602e-08  +2.360754e-07  -4.744185e-05  +1.098939e-07  -4.654778e-07  -1.673142e-03  +1.369298e-07  -4.791290e-08  -2.672203e-03  +1.776328e-07  -2.057305e-07  -1.486088e-03  
+1.262032e-05  +1.556023e-05  -2.892157e-05  +2.055641e-04  +2.085508e-05  -1.426285e-06  +2.557972e-04  -2.082860e-04  -1.117352e-05  +4.812345e-04  -1.569357e-03  -5.767958e-07  -6.388079e-06  +2.880081e-03  -4.280589e-06  +1.800114e-05  +6.390515e-02  -6.681907e-06  -3.958747e-07  +1.179448e-01  -8.562770e-06  +1.065177e-05  +5.921761e-02  
-3.922742e-05  -5.974930e-05  +1.115000e-04  -6.630620e-04  -7.338685e-05  +7.613534e-06  -8.094073e-04  +7.649946e-04  +3.463555e-05  -1.569357e-03  +5.412511e-03  +7.758535e-06  +1.308784e-05  -9.854636e-03  +1.388805e-05  -5.617674e-05  -1.990509e-01  +2.349669e-05  +7.359698e-06  -3.977033e-01  +2.560840e-05  -3.804496e-05  -1.851584e-01  
-5.927343e-08  -1.452349e-07  +4.751679e-07  -1.197726e-07  +4.339513e-08  -2.768881e-08  +1.444720e-07  +2.814683e-06  -2.312602e-08  -5.767958e-07  +7.758535e-06  +3.708862e-07  -1.506714e-07  -1.227916e-04  +8.942296e-08  +5.410923e-08  +9.657294e-05  +1.188440e-08  +1.347200e-07  -1.826891e-04  -7.945237e-08  -5.776524e-08  +1.432527e-04  
-1.286894e-07  -3.312234e-07  -1.112686e-06  -2.345649e-06  +1.028643e-06  +1.784742e-09  -4.962709e-06  -1.943891e-07  +2.360754e-07  -6.388079e-06  +1.308784e-05  -1.506714e-07  +1.028284e-06  +8.361174e-05  -1.780579e-07  -2.443188e-07  -1.527586e-03  +1.389756e-07  -1.384668e-07  -1.130351e-03  +2.795410e-08  +8.044646e-08  -1.068546e-03  
+8.358821e-05  +1.530507e-04  -3.064562e-04  +1.125696e-03  -3.196657e-05  +6.835654e-05  +1.022367e-03  -3.615282e-03  -4.744185e-05  +2.880081e-03  -9.854636e-03  -1.227916e-04  +8.361174e-05  +4.078553e-01  -1.654635e-04  +7.947158e-05  +3.810485e-01  +1.194829e-04  +7.465478e-05  +4.468620e-01  -5.470260e-05  +1.384443e-05  +5.435544e-01  
-5.769775e-08  -1.170183e-07  +1.172236e-06  -3.900709e-06  -5.513690e-07  -5.777969e-08  -2.661512e-06  +1.241736e-06  +1.098939e-07  -4.280589e-06  +1.388805e-05  +8.942296e-08  -1.780579e-07  -1.654635e-04  +5.333205e-07  -2.379681e-07  -7.063566e-04  -4.216160e-08  -1.649441e-08  -1.317360e-03  +2.845244e-07  -4.230572e-08  -6.970104e-04  
+7.189285e-07  +2.953785e-07  -1.538344e-06  +8.126992e-06  +1.370095e-06  +1.905263e-07  +1.079277e-05  -6.745233e-06  -4.654778e-07  +1.800114e-05  -5.617674e-05  +5.410923e-08  -2.443188e-07  +7.947158e-05  -2.379681e-07  +1.029255e-06  +2.767707e-03  -2.181438e-07  +1.573298e-07  +4.363069e-03  -4.334496e-07  +4.189140e-07  +2.653695e-03  
+1.736595e-03  +1.857511e-03  -3.751849e-03  +2.909270e-02  +3.636041e-03  +2.406597e-04  +3.871628e-02  -2.611031e-02  -1.673142e-03  +6.390515e-02  -1.990509e-01  +9.657294e-05  -1.527586e-03  +3.810485e-01  -7.063566e-04  +2.767707e-03  +1.072034e+01  -7.097373e-04  +4.348746e-04  +1.545165e+01  -1.225423e-03  +1.201270e-03  +9.306483e+00  
-6.644670e-08  -1.878925e-07  -4.255328e-08  -2.104959e-06  -1.138816e-08  +8.724478e-08  -3.039850e-06  +2.341043e-06  +1.369298e-07  -6.681907e-06  +2.349669e-05  +1.188440e-08  +1.389756e-07  +1.194829e-04  -4.216160e-08  -2.181438e-07  -7.097373e-04  +3.988838e-07  +9.346866e-08  -1.780870e-03  +1.107333e-07  -2.600690e-07  -5.926394e-04  
+2.851299e-07  -4.498255e-07  +8.956519e-08  -1.119690e-07  +4.735847e-07  +1.955671e-07  +9.264358e-07  +1.879311e-06  -4.791290e-08  -3.958747e-07  +7.359698e-06  +1.347200e-07  -1.384668e-07  +7.465478e-05  -1.649441e-08  +1.573298e-07  +4.348746e-04  +9.346866e-08  +4.292876e-07  -3.997344e-04  -7.635509e-08  -5.330180e-08  +4.086078e-04  
+2.702895e-03  +4.250947e-03  -8.424670e-03  +5.262265e-02  +7.479337e-03  -7.936859e-04  +6.212493e-02  -5.248157e-02  -2.672203e-03  +1.179448e-01  -3.977033e-01  -1.826891e-04  -1.130351e-03  +4.468620e-01  -1.317360e-03  +4.363069e-03  +1.545165e+01  -1.780870e-03  -3.997344e-04  +3.082756e+01  -2.371531e-03  +2.768365e-03  +1.437000e+01  
-7.899310e-08  -1.623251e-07  +2.808217e-07  -4.829688e-06  -9.116357e-07  +1.028861e-07  -3.850668e-06  +2.906566e-06  +1.776328e-07  -8.562770e-06  +2.560840e-05  -7.945237e-08  +2.795410e-08  -5.470260e-05  +2.845244e-07  -4.334496e-07  -1.225423e-03  +1.107333e-07  -7.635509e-08  -2.371531e-03  +7.050538e-07  -1.863790e-07  -1.387608e-03  
+5.006955e-07  +2.554980e-07  -9.384070e-07  +2.670467e-06  +7.112856e-07  +2.416000e-08  +4.916937e-06  -6.471876e-06  -2.057305e-07  +1.065177e-05  -3.804496e-05  -5.776524e-08  +8.044646e-08  +1.384443e-05  -4.230572e-08  +4.189140e-07  +1.201270e-03  -2.600690e-07  -5.330180e-08  +2.768365e-03  -1.863790e-07  +6.915077e-07  +1.244059e-03  
+1.874658e-03  +1.446974e-03  -3.854861e-03  +2.604766e-02  +3.855151e-03  +3.451110e-04  +3.406623e-02  -2.585356e-02  -1.486088e-03  +5.921761e-02  -1.851584e-01  +1.432527e-04  -1.068546e-03  +5.435544e-01  -6.970104e-04  +2.653695e-03  +9.306483e+00  -5.926394e-04  +4.086078e-04  +1.437000e+01  -1.387608e-03  +1.244059e-03  +9.037244e+00  
