mean:
+3.987447e+00  +3.956553e+00  +6.021246e-01  +1.997385e+00  +1.209527e+00  +4.025262e-01  +8.350068e-01  +2.212046e+00  +3.765649e-02  +3.892676e+00  +5.952922e+00  +4.477880e+00  +3.302124e+00  +3.261983e+02  +2.492421e+00  +3.691703e+00  +4.571166e+02  +4.640406e+00  +4.959942e+00  +8.013186e+02  +4.021093e+00  +5.122248e+00  +4.326391e+02  
covariance:
+8.749715e-06  -1.240523e-06  +9.982089e-07  +5.655784e-06  +3.997471e-05  -1.348094e-06  +1.479618e-05  +4.706711e-06  -5.256464e-07  +2.526539e-05  -5.932871e-05  +2.946173e-07  -9.783522e-07  -9.909616e-04  +7.959627e-07  +9.799251e-07  +3.398196e-03  -1.861854e-07  -6.392875e-08  +3.679083e-03  +3.988045e-08  +8.120050e-07  +3.573955e-03  
-1.240523e-06  +3.156710e-06  -1.257827e-06  -1.377184e-06  -1.348507e-05  +5.141600e-07  -5.888488e-06  -2.039473e-07  +2.553020e-07  -7.780501e-06  +2.151813e-05  -9.255036e-08  +4.302637e-07  +6.626797e-04  -3.507693e-07  -2.766807e-07  -9.423855e-04  +5.047824e-09  +1.806354e-07  -2.355630e-03  +3.141957e-09  -2.267584e-07  -1.114284e-03  
+9.982089e-07  -1.257827e-06  +1.417498e-05  -3.034255e-06  -8.389384e-06  +2.924075e-07  +1.129316e-05  -1.504283e-05  -4.794839e-07  +7.906031e-06  -1.955074e-05  -1.810898e-07  -1.128048e-06  +2.671801e-05  +1.233025e-06  +9.543126e-07  +1.677230e-03  -2.442401e-07  +2.450959e-07  +9.065773e-04  +2.207097e-07  +5.140723e-08  +3.207503e-03  
+5.655784e-06  -1.377184e-06  -3.034255e-06  +1.239622e-04  +1.149123e-04  -1.321236e-05  +1.225611e-05  -2.707559e-05  +3.900101e-07  +1.244954e-05  -1.691729e-04  +1.361634e-06  +3.137897e-06  -5.737979e-03  +1.259848e-06  +1.503119e-06  -5.048392e-03  +1.534431e-06  -1.101665e-06  +2.777527e-02  -1.020728e-06  -2.276800e-07  +3.906676e-03  
+3.997471e-05  -1.348507e-05  -8.389384e-06  +1.149123e-04  +6.508831e-04  -1.444877e-05  +1.515282e-04  +9.019576e-05  -4.588527e-06  +2.579268e-04  -7.069506e-04  +6.898155e-06  -8.708004e-06  -2.386133e-02  +7.018679e-06  +7.557618e-06  +3.323349e-02  +2.033354e-07  -2.450574e-06  +6.576417e-02  -7.125894e-06  +7.978059e-06  +3.162780e-02  
-1.348094e-06  +5.141600e-07  +2.924075e-07  -1.321236e-05  -1.444877e-05  +2.805183e-06  +2.479172e-07  +8.874713e-06  -1.248294e-07  +2.236883e-09  +2.576858e-05  -1.408027e-07  -6.151132e-07  +4.026418e-04  -1.997598e-07  +6.045343e-08  +1.404152e-03  -1.184750e-07  +3.007333e-07  -4.641936e-03  -1.110561e-08  -1.645536e-07  -4.593147e-04  
+1.479618e-05  -5.888488e-06  +1.129316e-05  +1.225611e-05  +1.515282e-04  +2.479172e-07  +8.600523e-05  +2.558532e-05  -3.422263e-06  +1.214004e-04  -2.483326e-04  +9.154792e-07  -6.332619e-06  -5.641744e-03  +3.588206e-06  +4.891744e-06  +1.963243e-02  -2.952088e-07  -1.462741e-07  +1.517681e-02  -1.038185e-06  +2.892138e-06  +1.857289e-02  
+4.706711e-06  -2.039473e-07  -1.504283e-05  -2.707559e-05  +9.019576e-05  +8.874713e-06  +2.558532e-05  +1.127990e-04  -1.363594e-06  +6.472850e-05  -2.579858e-05  +2.040507e-06  -4.618938e-06  -2.827323e-03  -7.778738e-07  +1.569602e-06  +1.259435e-02  -7.607662e-07  +2.821086e-07  -9.209526e-03  -1.073663e-06  +1.703365e-06  +2.814113e-04  
-5.256464e-07  +2.553020e-07  -4.794839e-07  +3.900101e-07  -4.588527e-06  -1.248294e-07  -3.422263e-06  -1.363594e-06  +1.728364e-07  -4.988575e-06  +8.638313e-06  -1.364448e-08  +2.826486e-07  +1.631002e-04  -1.426634e-07  -1.902744e-07  -8.432911e-04  +2.409013e-08  -5.880185e-09  -3.364797e-04  +1.543212e-08  -1.136997e-07  -7.182814e-04  
+2.526539e-05  -7.780501e-06  +7.906031e-06  +1.244954e-05  +2.579268e-04  +2.236883e-09  +1.214004e-04  +6.472850e-05  -4.988575e-06  +1.997439e-04  -3.892102e-04  +1.882310e-06  -9.363547e-06  -8.439726e-03  +5.260823e-06  +6.918449e-06  +2.986236e-02  -9.402739e-07  -2.477023e-07  +2.094069e-02  -1.386872e-06  +5.261023e-06  +2.567606e-02  
-5.932871e-05  +2.151813e-05  -1.955074e-05  -1.691729e-04  -7.069506e-04  +2.576858e-05  -2.483326e-04  -2.579858e-05  +8.638313e-06  -3.892102e-04  +1.094055e-03  -5.019930e-06  +1.213980e-05  +2.567279e-02  -1.394727e-05  -1.408496e-05  -4.594840e-02  -4.359170e-08  +3.087781e-06  -9.703696e-02  +4.673843e-06  -1.192047e-05  -5.821891e-02  
+2.946173e-07  -9.255036e-08  -1.810898e-07  +1.361634e-06  +6.898155e-06  -1.408027e-07  +9.154792e-07  +2.040507e-06  -1.364448e-08  +1.882310e-06  -5.019930e-06  +3.107607e-07  -1.128327e-07  -2.863255e-04  +3.275268e-08  +3.509515e-08  +2.394342e-04  -7.695720e-10  -4.836673e-08  +5.371563e-04  -5.872756e-08  +5.001065e-08  +7.189680e-05  
-9.783522e-07  +4.302637e-07  -1.128048e-06  +3.137897e-06  -8.708004e-06  -6.151132e-07  -6.332619e-06  -4.618938e-06  +2.826486e-07  -9.363547e-06  +1.213980e-05  -1.128327e-07  +8.926970e-07  +3.834255e-04  -2.824559e-07  -3.054809e-07  -1.785787e-03  +5.619971e-08  -1.149121e-08  -6.086383e-05  +4.586757e-08  -1.225929e-07  -1.117770e-03  
-9.909616e-04  +6.626797e-04  +2.671801e-05  -5.737979e-03  -2.386133e-02  +4.026418e-04  -5.641744e-03  -2.827323e-03  +1.631002e-04  -8.439726e-03  +2.567279e-02  -2.863255e-04  +3.834255e-04  +1.711508e+00  -3.801840e-04  -1.762943e-04  -1.176942e+00  -1.799263e-04  +2.692023e-04  -2.532408e+00  +3.933771e-04  -1.068507e-04  -9.040896e-01  
+7.959627e-07  -3.507693e-07  +1.233025e-06  +1.259848e-06  +7.018679e-06  -1.997598e-07  +3.588206e-06  -7.778738e-07  -1.426634e-07  +5.260823e-06  -1.394727e-05  +3.275268e-08  -2.824559e-07  -3.801840e-04  +5.343007e-07  +2.069270e-07  +5.559977e-04  +3.046944e-08  -5.943433e-08  +1.128061e-03  -6.922445e-08  +1.129677e-07  +8.584285e-04  
+9.799251e-07  -2.766807e-07  +9.543126e-07  +1.503119e-06  +7.557618e-06  +6.045343e-08  +4.891744e-06  +1.569602e-06  -1.902744e-07  +6.918449e-06  -1.408496e-05  +3.509515e-08  -3.054809e-07  -1.762943e-04  +2.069270e-07  +5.066378e-07  +1.069412e-03  -3.948375e-08  +7.758839e-08  +6.641545e-04  -6.026068e-08  +1.549426e-07  +1.135370e-03  
+3.398196e-03  -9.423855e-04  +1.677230e-03  -5.048392e-03  +3.323349e-02  +1.404152e-03  +1.963243e-02  +1.259435e-02  -8.432911e-04  +2.986236e-02  -4.594840e-02  +2.394342e-04  -1.785787e-03  -1.176942e+00  +5.559977e-04  +1.069412e-03  +6.059267e+00  -2.170292e-04  +1.120655e-04  +5.369420e-01  -2.427446e-04  +6.843833e-04  +4.020495e+00  
-1.861854e-07  +5.047824e-09  -2.442401e-07  +1.534431e-06  +2.033354e-07  -1.184750e-07  -2.952088e-07  -7.607662e-07  +2.409013e-08  -9.402739e-07  -4.359170e-08  -7.695720e-10  +5.619971e-08  -1.799263e-04  +3.046944e-08  -3.948375e-08  -2.170292e-04  +2.025775e-07  -4.222230e-08  +2.842660e-04  -1.352139e-08  -8.480797e-08  -1.336536e-04  
-6.392875e-08  +1.806354e-07  +2.450959e-07  -1.101665e-06  -2.450574e-06  +3.007333e-07  -1.462741e-07  +2.821086e-07  -5.880185e-09  -2.477023e-07  +3.087781e-06  -4.836673e-08  -1.149121e-08  +2.692023e-04  -5.943433e-08  +7.758839e-08  +1.120655e-04  -4.222230e-08  +2.409020e-07  -6.364073e-04  +4.487116e-08  -4.518280e-08  +3.059160e-05  
+3.679083e-03  -2.355630e-03  +9.065773e-04  +2.777527e-02  +6.576417e-02  -4.641936e-03  +1.517681e-02  -9.209526e-03  -3.364797e-04  +2.094069e-02  -9.703696e-02  +5.371563e-04  -6.086383e-05  -2.532408e+00  +1.128061e-03  +6.641545e-04  +5.369420e-01  +2.842660e-04  -6.364073e-04  +1.334945e+01  -5.726580e-04  +8.308064e-04  +4.011724e+00  
+3.988045e-08  +3.141957e-09  +2.207097e-07  -1.020728e-06  -7.125894e-06  -1.110561e-08  -1.038185e-06  -1.073663e-06  +1.543212e-08  -1.386872e-06  +4.673843e-06  -5.872756e-08  +4.586757e-08  +3.933771e-04  -6.922445e-08  -6.026068e-08  -2.427446e-04  -1.352139e-08  +4.487116e-08  -5.726580e-04  +3.148483e-07  -4.377515e-08  -1.963119e-04  
+8.120050e-07  -2.267584e-07  +5.140723e-08  -2.276800e-07  +7.978059e-06  -1.645536e-07  +2.892138e-06  +1.703365e-06  -1.136997e-07  +5.261023e-06  -1.192047e-05  +5.001065e-08  -1.225929e-07  -1.068507e-04  +1.129677e-07  +1.549426e-07  +6.843833e-04  -8.480797e-08  -4.518280e-08  +8.308064e-04  -4.377515e-08  +4.359123e-07  +7.552209e-04  
+3.573955e-03  -1.114284e-03  +3.207503e-03  +3.906676e-03  +3.162780e-02  -4.593147e-04  +1.857289e-02  +2.814113e-04  -7.182814e-04  +2.567606e-02  -5.821891e-02  +7.189680e-05  -1.117770e-03  -9.040896e-01  +8.584285e-04  +1.135370e-03  +4.020495e+00  -1.336536e-04  +3.059160e-05  +4.011724e+00  -1.963119e-04  +7.552209e-04  +4.699604e+00  
