mean:
+3.958817e+00  +3.925657e+00  +6.406980e-01  -1.204789e+00  +1.690104e+00  +4.983620e-01  +9.139005e-01  +2.040485e+00  +1.418555e-01  +2.044659e+00  +4.996845e+00  +1.635046e+00  +2.882950e+00  +8.124781e+02  +4.800194e+00  +4.399974e+00  +2.031327e+03  
covariance:
+4.937370e-06  -5.452942e-07  +2.483827e-06  +1.052333e-05  -6.215961e-07  +6.616892e-07  -2.347578e-06  +1.883341e-05  +2.068806e-06  -1.581885e-05  +5.000127e-06  -4.519739e-08  -1.063440e-07  -5.366814e-04  -9.677015e-08  -2.420026e-07  -3.448485e-04  
-5.452942e-07  +6.842721e-06  -4.513748e-07  +5.568764e-06  +1.995356e-06  +1.806693e-07  -1.280111e-06  -4.942136e-07  +6.388866e-07  -4.305184e-06  +3.046505e-06  +7.371336e-08  +1.483877e-07  +5.948216e-04  -8.119567e-08  -3.862012e-08  -1.071911e-03  
+2.483827e-06  -4.513748e-07  +1.034151e-04  -1.856915e-05  -1.620585e-06  +6.317336e-06  +1.038477e-05  +1.360253e-04  +2.065770e-06  -5.684090e-05  +1.280564e-04  +2.817156e-06  +9.050766e-07  +1.551372e-03  +2.154997e-07  +3.086694e-07  +4.439841e-02  
+1.052333e-05  +5.568764e-06  -1.856915e-05  +1.242769e-03  -1.903416e-05  +2.568420e-05  -2.532427e-04  +1.352298e-03  +1.413049e-04  -1.146457e-03  +1.111377e-04  -9.020714e-06  -3.418020e-07  -6.146458e-02  -6.603368e-06  -3.418270e-06  -1.571270e-01  
-6.215961e-07  +1.995356e-06  -1.620585e-06  -1.903416e-05  +1.808927e-04  -3.470227e-06  +2.625349e-05  -1.531614e-04  -1.926203e-05  +1.643954e-04  +2.472882e-05  +7.464141e-07  +7.557845e-07  +1.788476e-02  -1.608330e-07  -1.666629e-06  +4.895226e-02  
+6.616892e-07  +1.806693e-07  +6.317336e-06  +2.568420e-05  -3.470227e-06  +6.591899e-06  -1.387377e-05  +9.834277e-05  +9.328700e-06  -8.629418e-05  +3.461050e-05  -1.216758e-07  -9.928531e-08  -3.846947e-03  +5.477565e-08  -1.142859e-07  -9.838589e-03  
-2.347578e-06  -1.280111e-06  +1.038477e-05  -2.532427e-04  +2.625349e-05  -1.387377e-05  +8.384528e-05  -3.724347e-04  -4.471733e-05  +3.600854e-04  -4.706258e-05  +2.952648e-06  +7.772298e-07  +1.840017e-02  +9.729660e-07  +2.257237e-07  +6.622876e-02  
+1.883341e-05  -4.942136e-07  +1.360253e-04  +1.352298e-03  -1.531614e-04  +9.834277e-05  -3.724347e-04  +3.059518e-03  +2.471394e-04  -2.258536e-03  +8.853674e-04  -7.480706e-06  +1.301074e-06  -1.108047e-01  -4.218002e-06  -2.568729e-06  -1.921334e-01  
+2.068806e-06  +6.388866e-07  +2.065770e-06  +1.413049e-04  -1.926203e-05  +9.328700e-06  -4.471733e-05  +2.471394e-04  +2.790404e-05  -2.289418e-04  +3.978795e-05  -1.498854e-06  -2.676840e-07  -1.144971e-02  -5.342640e-07  -6.359125e-08  -3.545090e-02  
-1.581885e-05  -4.305184e-06  -5.684090e-05  -1.146457e-03  +1.643954e-04  -8.629418e-05  +3.600854e-04  -2.258536e-03  -2.289418e-04  +2.012802e-03  -5.350243e-04  +1.085686e-05  +1.968304e-06  +9.402240e-02  +3.734373e-06  +1.572928e-06  +2.624530e-01  
+5.000127e-06  +3.046505e-06  +1.280564e-04  +1.111377e-04  +2.472882e-05  +3.461050e-05  -4.706258e-05  +8.853674e-04  +3.978795e-05  -5.350243e-04  +1.011232e-03  +2.290931e-06  +3.250384e-07  +1.428206e-02  +3.296885e-06  -3.809973e-06  +8.776873e-02  
-4.519739e-08  +7.371336e-08  +2.817156e-06  -9.020714e-06  +7.464141e-07  -1.216758e-07  +2.952648e-06  -7.480706e-06  -1.498854e-06  +1.085686e-05  +2.290931e-06  +8.098177e-07  -8.356056e-08  +7.293966e-04  -4.668646e-08  -1.134583e-07  +3.143241e-03  
-1.063440e-07  +1.483877e-07  +9.050766e-07  -3.418020e-07  +7.557845e-07  -9.928531e-08  +7.772298e-07  +1.301074e-06  -2.676840e-07  +1.968304e-06  +3.250384e-07  -8.356056e-08  +6.211024e-07  -6.530948e-05  +2.387475e-08  +7.368852e-08  +1.466030e-03  
-5.366814e-04  +5.948216e-04  +1.551372e-03  -6.146458e-02  +1.788476e-02  -3.846947e-03  +1.840017e-02  -1.108047e-01  -1.144971e-02  +9.402240e-02  +1.428206e-02  +7.293966e-04  -6.530948e-05  +9.250747e+00  +4.065206e-04  -3.208384e-04  +1.993793e+01  
-9.677015e-08  -8.119567e-08  +2.154997e-07  -6.603368e-06  -1.608330e-07  +5.477565e-08  +9.729660e-07  -4.218002e-06  -5.342640e-07  +3.734373e-06  +3.296885e-06  -4.668646e-08  +2.387475e-08  +4.065206e-04  +3.646616e-07  -3.556239e-08  +1.403466e-03  
-2.420026e-07  -3.862012e-08  +3.086694e-07  -3.418270e-06  -1.666629e-06  -1.142859e-07  +2.257237e-07  -2.568729e-06  -6.359125e-08  +1.572928e-06  -3.809973e-06  -1.134583e-07  +7.368852e-08  -3.208384e-04  -3.556239e-08  +4.930737e-07  -9.266798e-04  
-3.448485e-04  -1.071911e-03  +4.439841e-02  -1.571270e-01  +4.895226e-02  -9.838589e-03  +6.622876e-02  -1.921334e-01  -3.545090e-02  +2.624530e-01  +8.776873e-02  +3.143241e-03  +1.466030e-03  +1.993793e+01  +1.403466e-03  -9.266798e-04  +9.827362e+01  
