mean:
+3.915169e+00  +3.902631e+00  +6.499482e-01  -1.153240e+00  +1.730733e+00  +5.938681e-01  +9.105712e-01  +2.054292e+00  +1.471449e-01  +1.954894e+00  +4.842388e+00  +1.905902e+00  +3.007141e+00  +8.115495e+02  +4.959914e+00  +4.479392e+00  +2.026489e+03  
covariance:
+1.208373e-05  -2.383837e-06  -1.613718e-06  -1.757389e-06  +1.183555e-05  -3.475407e-06  +1.920991e-06  -1.731169e-06  +1.076649e-07  +3.669831e-06  -5.684993e-05  +4.265518e-07  -2.550026e-07  +1.102619e-03  -1.499861e-07  +2.436811e-07  +6.985358e-03  
-2.383837e-06  +3.462972e-06  -3.285693e-06  +1.295483e-05  +7.563447e-06  -5.195831e-06  -2.700025e-06  -1.752784e-05  +1.220222e-06  +1.957516e-06  -1.282620e-04  -4.516914e-08  +2.489192e-07  +1.256594e-03  +3.830151e-08  -2.021568e-07  +1.190407e-02  
-1.613718e-06  -3.285693e-06  +3.521129e-05  +1.310743e-06  +1.269189e-05  +1.019572e-05  +1.642527e-06  +5.430538e-05  -7.230463e-07  -1.100338e-05  +2.155648e-04  -5.054470e-08  -3.905948e-08  +2.317813e-03  -4.050945e-07  -1.616313e-08  -1.611278e-02  
-1.757389e-06  +1.295483e-05  +1.310743e-06  +1.766795e-04  +5.818049e-05  -3.381128e-05  -2.970253e-05  -9.705967e-05  +1.224492e-05  +4.647976e-06  -8.947155e-04  +2.925771e-07  +2.007260e-06  +1.412906e-02  -1.962416e-07  -1.216057e-06  +8.481757e-02  
+1.183555e-05  +7.563447e-06  +1.269189e-05  +5.818049e-05  +2.031514e-04  -2.637991e-05  -4.733433e-06  -4.770635e-05  +6.388339e-06  +1.641751e-05  -7.136285e-04  +2.013764e-06  +1.147198e-06  +1.617724e-02  -1.690055e-06  -1.634307e-06  +7.500066e-02  
-3.475407e-06  -5.195831e-06  +1.019572e-05  -3.381128e-05  -2.637991e-05  +1.904060e-05  +5.731354e-06  +4.883575e-05  -4.032457e-06  -6.537164e-06  +4.012645e-04  -2.352700e-07  -4.051072e-07  -4.080586e-03  +3.498650e-08  +2.731341e-07  -3.951588e-02  
+1.920991e-06  -2.700025e-06  +1.642527e-06  -2.970253e-05  -4.733433e-06  +5.731354e-06  +2.286721e-05  +2.767048e-05  -5.547644e-06  +4.963923e-06  +1.976193e-04  +9.250865e-08  -5.998640e-07  -1.881642e-03  +6.823047e-08  +6.962728e-08  -4.666098e-03  
-1.731169e-06  -1.752784e-05  +5.430538e-05  -9.705967e-05  -4.770635e-05  +4.883575e-05  +2.767048e-05  +2.552305e-04  -1.278057e-05  -2.094378e-05  +1.223561e-03  +1.378095e-07  -2.745813e-06  -8.830227e-03  -3.689523e-07  +1.290437e-06  -1.081413e-01  
+1.076649e-07  +1.220222e-06  -7.230463e-07  +1.224492e-05  +6.388339e-06  -4.032457e-06  -5.547644e-06  -1.278057e-05  +2.270562e-06  -1.777599e-06  -1.043804e-04  +5.654506e-08  +1.502384e-07  +1.288985e-03  -5.608329e-08  -5.421265e-08  +8.421041e-03  
+3.669831e-06  +1.957516e-06  -1.100338e-05  +4.647976e-06  +1.641751e-05  -6.537164e-06  +4.963923e-06  -2.094378e-05  -1.777599e-06  +2.217439e-05  -1.652424e-04  +4.667666e-09  +2.620633e-07  +1.204308e-03  +1.142139e-08  -5.547013e-07  +1.268465e-02  
-5.684993e-05  -1.282620e-04  +2.155648e-04  -8.947155e-04  -7.136285e-04  +4.012645e-04  +1.976193e-04  +1.223561e-03  -1.043804e-04  -1.652424e-04  +9.841870e-03  -5.114766e-06  -1.168810e-05  -1.124832e-01  +2.899514e-06  +1.251975e-05  -9.212305e-01  
+4.265518e-07  -4.516914e-08  -5.054470e-08  +2.925771e-07  +2.013764e-06  -2.352700e-07  +9.250865e-08  +1.378095e-07  +5.654506e-08  +4.667666e-09  -5.114766e-06  +2.235983e-07  -1.563356e-08  +1.156770e-04  -2.811503e-08  +5.591757e-10  +8.122270e-04  
-2.550026e-07  +2.489192e-07  -3.905948e-08  +2.007260e-06  +1.147198e-06  -4.051072e-07  -5.998640e-07  -2.745813e-06  +1.502384e-07  +2.620633e-07  -1.168810e-05  -1.563356e-08  +2.468698e-07  +1.459262e-04  +1.623733e-08  -3.117213e-08  +7.311422e-04  
+1.102619e-03  +1.256594e-03  +2.317813e-03  +1.412906e-02  +1.617724e-02  -4.080586e-03  -1.881642e-03  -8.830227e-03  +1.288985e-03  +1.204308e-03  -1.124832e-01  +1.156770e-04  +1.459262e-04  +2.977544e+00  -1.211628e-04  -2.396981e-04  +1.341766e+01  
-1.499861e-07  +3.830151e-08  -4.050945e-07  -1.962416e-07  -1.690055e-06  +3.498650e-08  +6.823047e-08  -3.689523e-07  -5.608329e-08  +1.142139e-08  +2.899514e-06  -2.811503e-08  +1.623733e-08  -1.211628e-04  +1.653336e-07  +1.640796e-08  -1.359323e-04  
+2.436811e-07  -2.021568e-07  -1.616313e-08  -1.216057e-06  -1.634307e-06  +2.731341e-07  +6.962728e-08  +1.290437e-06  -5.421265e-08  -5.547013e-07  +1.251975e-05  +5.591757e-10  -3.117213e-08  -2.396981e-04  +1.640796e-08  +1.743748e-07  -1.095627e-03  
+6.985358e-03  +1.190407e-02  -1.611278e-02  +8.481757e-02  +7.500066e-02  -3.951588e-02  -4.666098e-03  -1.081413e-01  +8.421041e-03  +1.268465e-02  -9.212305e-01  +8.122270e-04  +7.311422e-04  +1.341766e+01  -1.359323e-04  -1.095627e-03  +1.167559e+02  
