mean:
+3.916207e+00  +3.902340e+00  +6.445788e-01  -1.149519e+00  +1.736726e+00  +5.958153e-01  +9.149191e-01  +2.085223e+00  +1.502860e-01  +1.961446e+00  +4.740515e+00  +1.905743e+00  +3.007424e+00  +8.192453e+02  +4.960193e+00  +4.479823e+00  +2.027402e+03  
covariance:
+1.464756e-05  -5.532264e-07  -1.840083e-06  +1.147919e-05  +1.864285e-05  -1.885971e-06  +1.675491e-06  -8.910119e-06  +1.541894e-06  +6.614935e-06  -2.050993e-04  -3.883038e-07  -7.511053e-08  +1.022985e-02  -4.119557e-07  -1.000573e-07  +1.820711e-02  
-5.532264e-07  +5.555030e-06  -1.619894e-06  +2.214590e-05  +8.427017e-06  -3.598807e-06  -3.069948e-06  -1.472166e-05  +3.805476e-06  -2.449296e-06  -2.898951e-04  +2.663162e-07  +4.199659e-08  +1.027953e-02  -4.153455e-07  -1.262780e-07  +2.622457e-02  
-1.840083e-06  -1.619894e-06  +1.664214e-05  -1.630776e-05  -5.932716e-07  +1.373898e-06  -6.473383e-08  +3.806607e-05  -2.122652e-06  +9.419087e-06  +9.625540e-05  -2.388079e-09  +1.904160e-07  -2.228187e-03  +8.489184e-08  -2.040938e-07  -1.166291e-02  
+1.147919e-05  +2.214590e-05  -1.630776e-05  +1.939557e-04  +3.551515e-05  -2.146454e-05  -2.283516e-05  -1.711203e-04  +2.377628e-05  -2.673613e-05  -1.555955e-03  +6.092706e-07  +3.237089e-07  +5.318803e-02  -2.419201e-06  +4.262346e-07  +1.451210e-01  
+1.864285e-05  +8.427017e-06  -5.932716e-07  +3.551515e-05  +1.487727e-04  -6.179534e-06  +3.643268e-06  -1.680762e-05  +8.807681e-06  +2.440859e-05  -1.009923e-03  +6.007000e-07  +1.070383e-06  +4.888358e-02  -2.132821e-06  -2.801645e-06  +9.127114e-02  
-1.885971e-06  -3.598807e-06  +1.373898e-06  -2.146454e-05  -6.179534e-06  +4.736009e-06  +2.241745e-06  +1.097837e-05  -3.080209e-06  -9.552674e-07  +2.618692e-04  -1.727925e-07  +2.187799e-08  -9.227732e-03  +2.983855e-07  -3.223290e-08  -2.360484e-02  
+1.675491e-06  -3.069948e-06  -6.473383e-08  -2.283516e-05  +3.643268e-06  +2.241745e-06  +1.249855e-05  +3.413117e-05  -4.907437e-06  +1.240348e-05  +1.632369e-04  -9.347281e-08  -3.336998e-07  -3.882980e-03  +2.978945e-07  -9.607694e-08  -1.236208e-02  
-8.910119e-06  -1.472166e-05  +3.806607e-05  -1.711203e-04  -1.680762e-05  +1.097837e-05  +3.413117e-05  +4.333993e-04  -2.666091e-05  +8.892556e-05  +9.758934e-04  +1.096713e-06  -6.550360e-07  -2.377574e-02  +1.544042e-06  -3.628087e-06  -9.866065e-02  
+1.541894e-06  +3.805476e-06  -2.122652e-06  +2.377628e-05  +8.807681e-06  -3.080209e-06  -4.907437e-06  -2.666091e-05  +5.033875e-06  -7.994096e-06  -2.774867e-04  +1.176239e-07  +1.330828e-07  +9.802592e-03  -3.893616e-07  -7.474715e-09  +2.480776e-02  
+6.614935e-06  -2.449296e-06  +9.419087e-06  -2.673613e-05  +2.440859e-05  -9.552674e-07  +1.240348e-05  +8.892556e-05  -7.994096e-06  +5.079447e-05  +1.057464e-05  +7.054828e-08  -3.135619e-07  +5.707528e-03  -2.380122e-07  -1.122667e-06  -2.344958e-03  
-2.050993e-04  -2.898951e-04  +9.625540e-05  -1.555955e-03  -1.009923e-03  +2.618692e-04  +1.632369e-04  +9.758934e-04  -2.774867e-04  +1.057464e-05  +2.252660e-02  -1.049278e-05  -3.544403e-06  -8.733797e-01  +3.386205e-05  +1.262161e-05  -2.024009e+00  
-3.883038e-07  +2.663162e-07  -2.388079e-09  +6.092706e-07  +6.007000e-07  -1.727925e-07  -9.347281e-08  +1.096713e-06  +1.176239e-07  +7.054828e-08  -1.049278e-05  +2.745283e-07  -4.763698e-08  +1.560334e-04  -3.751382e-09  -5.703951e-08  +8.789638e-04  
-7.511053e-08  +4.199659e-08  +1.904160e-07  +3.237089e-07  +1.070383e-06  +2.187799e-08  -3.336998e-07  -6.550360e-07  +1.330828e-07  -3.135619e-07  -3.544403e-06  -4.763698e-08  +2.147843e-07  +2.802051e-04  -2.951804e-08  -4.220647e-08  +2.436044e-04  
+1.022985e-02  +1.027953e-02  -2.228187e-03  +5.318803e-02  +4.888358e-02  -9.227732e-03  -3.882980e-03  -2.377574e-02  +9.802592e-03  +5.707528e-03  -8.733797e-01  +1.560334e-04  +2.802051e-04  +3.672708e+01  -1.410583e-03  -5.319531e-04  +7.873739e+01  
-4.119557e-07  -4.153455e-07  +8.489184e-08  -2.419201e-06  -2.132821e-06  +2.983855e-07  +2.978945e-07  +1.544042e-06  -3.893616e-07  -2.380122e-07  +3.386205e-05  -3.751382e-09  -2.951804e-08  -1.410583e-03  +1.907513e-07  +6.057434e-08  -2.979099e-03  
-1.000573e-07  -1.262780e-07  -2.040938e-07  +4.262346e-07  -2.801645e-06  -3.223290e-08  -9.607694e-08  -3.628087e-06  -7.474715e-09  -1.122667e-06  +1.262161e-05  -5.703951e-08  -4.220647e-08  -5.319531e-04  +6.057434e-08  +4.290245e-07  -8.348730e-04  
+1.820711e-02  +2.622457e-02  -1.166291e-02  +1.451210e-01  +9.127114e-02  -2.360484e-02  -1.236208e-02  -9.866065e-02  +2.480776e-02  -2.344958e-03  -2.024009e+00  +8.789638e-04  +2.436044e-04  +7.873739e+01  -2.979099e-03  -8.348730e-04  +1.862523e+02  
