mean:
+3.956147e+00  +3.923198e+00  +6.403216e-01  -1.147505e+00  +1.605602e+00  +3.977172e-01  +9.079067e-01  +2.083057e+00  +1.536097e-01  +1.918556e+00  +4.907110e+00  +1.635229e+00  +2.883490e+00  +8.092301e+02  +4.800030e+00  +4.399757e+00  +2.027752e+03  
covariance:
+2.597147e-06  +3.083649e-07  +1.147270e-06  -3.235687e-06  +2.846083e-06  +2.017331e-06  +3.086136e-07  +1.057718e-05  -4.485665e-07  +3.901034e-06  +1.993000e-05  -1.939772e-07  +2.967378e-08  -1.408461e-03  -2.772786e-08  -1.487551e-07  -7.015077e-03  
+3.083649e-07  +3.285142e-06  +2.367991e-06  -3.365076e-06  +5.387603e-06  +2.204155e-06  +1.233628e-07  +1.149044e-05  -5.964352e-07  +4.546245e-06  +1.793573e-05  -6.023033e-08  +2.640734e-08  -1.277445e-03  -9.822944e-08  +3.409252e-09  -5.484701e-03  
+1.147270e-06  +2.367991e-06  +3.442815e-05  -3.453160e-05  +2.300803e-05  +2.060161e-05  -1.521344e-06  +1.076270e-04  -7.169380e-06  +5.133062e-05  +1.006115e-04  -4.917858e-07  -5.162512e-07  -1.276185e-02  +8.619198e-08  -3.386182e-07  -4.450167e-02  
-3.235687e-06  -3.365076e-06  -3.453160e-05  +1.995757e-04  -3.450093e-05  -2.964508e-05  -4.504933e-06  -1.937333e-04  +1.226953e-05  -7.560139e-05  -2.262516e-04  +1.527796e-06  +5.789253e-07  +1.067175e-02  +4.771612e-07  -5.363094e-07  +1.058673e-01  
+2.846083e-06  +5.387603e-06  +2.300803e-05  -3.450093e-05  +1.700002e-04  +2.561298e-05  -8.256662e-06  +1.489133e-04  +1.139912e-06  -5.531336e-06  +1.634849e-04  +1.353984e-06  +1.328632e-08  -5.996143e-03  +1.454279e-07  -1.290036e-06  -4.274562e-02  
+2.017331e-06  +2.204155e-06  +2.060161e-05  -2.964508e-05  +2.561298e-05  +2.203690e-05  +9.078966e-07  +1.022575e-04  -7.064788e-06  +4.557320e-05  +1.393536e-04  -8.402113e-07  -2.287527e-07  -1.287802e-02  -8.731457e-08  -3.259288e-07  -4.782138e-02  
+3.086136e-07  +1.233628e-07  -1.521344e-06  -4.504933e-06  -8.256662e-06  +9.078966e-07  +8.032124e-06  +1.574198e-06  -2.260620e-06  +8.671477e-06  +1.171714e-05  -4.884646e-07  +1.024099e-07  -1.374261e-04  -3.168347e-07  +1.329993e-07  -3.189377e-03  
+1.057718e-05  +1.149044e-05  +1.076270e-04  -1.937333e-04  +1.489133e-04  +1.022575e-04  +1.574198e-06  +6.388630e-04  -3.053568e-05  +1.980179e-04  +7.068762e-04  -3.489034e-06  -2.093907e-06  -5.239669e-02  -4.020736e-07  -2.687675e-06  -2.615181e-01  
-4.485665e-07  -5.964352e-07  -7.169380e-06  +1.226953e-05  +1.139912e-06  -7.064788e-06  -2.260620e-06  -3.053568e-05  +4.071281e-06  -2.425479e-05  -4.683673e-05  +4.719504e-07  +8.374711e-08  +5.183502e-03  +9.454994e-08  -8.450815e-08  +1.742049e-02  
+3.901034e-06  +4.546245e-06  +5.133062e-05  -7.560139e-05  -5.531336e-06  +4.557320e-05  +8.671477e-06  +1.980179e-04  -2.425479e-05  +1.608764e-04  +2.932972e-04  -2.833666e-06  -6.732428e-07  -3.523710e-02  -1.892246e-07  +3.713151e-07  -1.138368e-01  
+1.993000e-05  +1.793573e-05  +1.006115e-04  -2.262516e-04  +1.634849e-04  +1.393536e-04  +1.171714e-05  +7.068762e-04  -4.683673e-05  +2.932972e-04  +1.156430e-03  -6.305308e-06  -1.110654e-06  -8.469194e-02  -1.488573e-06  -2.952926e-06  -3.798039e-01  
-1.939772e-07  -6.023033e-08  -4.917858e-07  +1.527796e-06  +1.353984e-06  -8.402113e-07  -4.884646e-07  -3.489034e-06  +4.719504e-07  -2.833666e-06  -6.305308e-06  +2.173180e-07  -2.148742e-08  +5.920420e-04  +1.542815e-08  +1.356876e-08  +2.213353e-03  
+2.967378e-08  +2.640734e-08  -5.162512e-07  +5.789253e-07  +1.328632e-08  -2.287527e-07  +1.024099e-07  -2.093907e-06  +8.374711e-08  -6.732428e-07  -1.110654e-06  -2.148742e-08  +1.893219e-07  +1.086335e-04  -3.562711e-10  +8.674214e-09  +7.471456e-04  
-1.408461e-03  -1.277445e-03  -1.276185e-02  +1.067175e-02  -5.996143e-03  -1.287802e-02  -1.374261e-04  -5.239669e-02  +5.183502e-03  -3.523710e-02  -8.469194e-02  +5.920420e-04  +1.086335e-04  +1.120934e+01  -7.253571e-05  +1.427269e-04  +3.070005e+01  
-2.772786e-08  -9.822944e-08  +8.619198e-08  +4.771612e-07  +1.454279e-07  -8.731457e-08  -3.168347e-07  -4.020736e-07  +9.454994e-08  -1.892246e-07  -1.488573e-06  +1.542815e-08  -3.562711e-10  -7.253571e-05  +1.320126e-07  -1.240512e-08  +2.166506e-04  
-1.487551e-07  +3.409252e-09  -3.386182e-07  -5.363094e-07  -1.290036e-06  -3.259288e-07  +1.329993e-07  -2.687675e-06  -8.450815e-08  +3.713151e-07  -2.952926e-06  +1.356876e-08  +8.674214e-09  +1.427269e-04  -1.240512e-08  +2.661534e-07  +1.375017e-03  
-7.015077e-03  -5.484701e-03  -4.450167e-02  +1.058673e-01  -4.274562e-02  -4.782138e-02  -3.189377e-03  -2.615181e-01  +1.742049e-02  -1.138368e-01  -3.798039e-01  +2.213353e-03  +7.471456e-04  +3.070005e+01  +2.166506e-04  +1.375017e-03  +1.472796e+02  
