mean:
+3.966880e+00  +3.992130e+00  +8.334038e-01  +1.298454e+00  +1.202290e+00  +4.035276e-01  +8.298031e-01  +1.335869e+00  +1.827304e-01  +1.912091e+00  +5.737444e+00  +3.610801e+00  +2.918373e+00  +4.265241e+00  +5.129463e+00  +5.235681e+00  +3.829902e+00  +2.800300e+00  +4.480710e+00  
covariance:
+1.270109e-05  +1.134988e-05  -5.166258e-06  -1.392573e-05  -1.402769e-06  +1.747648e-06  +1.289407e-05  -2.948992e-05  -1.723581e-05  +1.156774e-04  -2.357544e-04  -1.175468e-06  -7.017725e-07  -1.692873e-05  -6.513139e-07  -1.887324e-08  +1.054128e-06  +2.923448e-06  +1.245234e-07  
+1.134988e-05  +1.675292e-05  -7.825544e-06  -2.458024e-05  -7.389473e-07  +3.012221e-06  +1.997089e-05  -3.921177e-05  -2.315301e-05  +1.415337e-04  -2.793808e-04  -1.165837e-06  -1.533323e-06  -2.266205e-05  -6.085601e-07  +6.197606e-07  +1.600823e-06  +4.239891e-06  -3.887814e-07  
-5.166258e-06  -7.825544e-06  +1.110880e-05  +3.377320e-05  -1.466923e-06  -3.377324e-06  -1.960586e-05  +3.971930e-05  +2.579672e-05  -1.520033e-04  +2.916153e-04  +1.286569e-06  +1.824896e-06  +2.257870e-05  +5.678319e-08  -9.734985e-07  -2.435954e-06  -4.245746e-06  +8.393500e-07  
-1.392573e-05  -2.458024e-05  +3.377320e-05  +1.628437e-04  -5.740270e-06  -1.326508e-05  -9.196365e-05  +1.312959e-04  +9.701881e-05  -5.333673e-04  +9.486898e-04  +4.021792e-06  +6.723228e-06  +8.508803e-05  -2.064363e-06  -4.917869e-06  -1.250270e-05  -1.622661e-05  +6.599353e-06  
-1.402769e-06  -7.389473e-07  -1.466923e-06  -5.740270e-06  +4.094970e-06  +8.314921e-07  +2.905289e-06  -7.946212e-06  -5.991465e-06  +3.527821e-05  -7.641422e-05  -2.104542e-07  -3.750404e-07  -4.982047e-06  -7.595917e-08  -4.470405e-07  +3.508103e-07  +1.281265e-06  +2.889164e-07  
+1.747648e-06  +3.012221e-06  -3.377324e-06  -1.326508e-05  +8.314921e-07  +2.864233e-06  +1.255460e-05  -1.303351e-05  -6.886860e-06  +2.828181e-05  -4.417214e-05  +3.040455e-07  -8.326885e-07  -7.908401e-06  +5.331244e-08  +5.086760e-07  +5.645896e-07  +1.452987e-06  -5.003125e-07  
+1.289407e-05  +1.997089e-05  -1.960586e-05  -9.196365e-05  +2.905289e-06  +1.255460e-05  +1.112765e-04  -9.796747e-05  -5.148273e-05  +1.830834e-04  -2.048457e-04  -1.000892e-07  -3.046878e-06  -6.029323e-05  +1.732011e-06  +6.083318e-06  +4.628574e-06  +1.031697e-05  -3.100956e-06  
-2.948992e-05  -3.921177e-05  +3.971930e-05  +1.312959e-04  -7.946212e-06  -1.303351e-05  -9.796747e-05  +2.384741e-04  +1.229159e-04  -7.212729e-04  +1.350782e-03  +9.747903e-06  +4.278213e-06  +1.124968e-04  +1.177507e-06  -2.982015e-06  -8.847995e-06  -2.064845e-05  -7.585149e-07  
-1.723581e-05  -2.315301e-05  +2.579672e-05  +9.701881e-05  -5.991465e-06  -6.886860e-06  -5.148273e-05  +1.229159e-04  +9.437417e-05  -5.880775e-04  +1.131804e-03  +7.423609e-06  +4.072711e-06  +7.459475e-05  -5.746515e-07  -1.094633e-06  -8.803364e-06  -1.378023e-05  +1.813740e-06  
+1.156774e-04  +1.415337e-04  -1.520033e-04  -5.333673e-04  +3.527821e-05  +2.828181e-05  +1.830834e-04  -7.212729e-04  -5.880775e-04  +3.956514e-03  -7.917103e-03  -5.279350e-05  -2.449343e-05  -4.387180e-04  +4.161129e-07  -4.116894e-06  +5.432182e-05  +8.284526e-05  -7.076824e-06  
-2.357544e-04  -2.793808e-04  +2.916153e-04  +9.486898e-04  -7.641422e-05  -4.417214e-05  -2.048457e-04  +1.350782e-03  +1.131804e-03  -7.917103e-03  +1.655840e-02  +9.754204e-05  +5.319894e-05  +8.328627e-04  +3.595385e-06  +2.579977e-05  -9.885949e-05  -1.636372e-04  -1.157658e-06  
-1.175468e-06  -1.165837e-06  +1.286569e-06  +4.021792e-06  -2.104542e-07  +3.040455e-07  -1.000892e-07  +9.747903e-06  +7.423609e-06  -5.279350e-05  +9.754204e-05  +1.715566e-06  -1.918419e-07  +4.721059e-06  +2.161983e-07  +1.548183e-07  -4.611414e-07  -7.459396e-07  -8.272084e-08  
-7.017725e-07  -1.533323e-06  +1.824896e-06  +6.723228e-06  -3.750404e-07  -8.326885e-07  -3.046878e-06  +4.278213e-06  +4.072711e-06  -2.449343e-05  +5.319894e-05  -1.918419e-07  +9.945551e-07  +3.435941e-06  -6.266462e-08  -1.238227e-07  -4.247152e-07  -8.020332e-07  +4.885633e-07  
-1.692873e-05  -2.266205e-05  +2.257870e-05  +8.508803e-05  -4.982047e-06  -7.908401e-06  -6.029323e-05  +1.124968e-04  +7.459475e-05  -4.387180e-04  +8.328627e-04  +4.721059e-06  +3.435941e-06  +6.715281e-05  +3.607456e-08  -1.794193e-06  -6.194833e-06  -1.255162e-05  +1.002949e-06  
-6.513139e-07  -6.085601e-07  +5.678319e-08  -2.064363e-06  -7.595917e-08  +5.331244e-08  +1.732011e-06  +1.177507e-06  -5.746515e-07  +4.161129e-07  +3.595385e-06  +2.161983e-07  -6.266462e-08  +3.607456e-08  +9.407135e-07  +3.599225e-07  +6.930325e-07  -1.826918e-07  -1.758630e-07  
-1.887324e-08  +6.197606e-07  -9.734985e-07  -4.917869e-06  -4.470405e-07  +5.086760e-07  +6.083318e-06  -2.982015e-06  -1.094633e-06  -4.116894e-06  +2.579977e-05  +1.548183e-07  -1.238227e-07  -1.794193e-06  +3.599225e-07  +1.260838e-06  +4.760400e-07  +1.177524e-07  -5.144273e-07  
+1.054128e-06  +1.600823e-06  -2.435954e-06  -1.250270e-05  +3.508103e-07  +5.645896e-07  +4.628574e-06  -8.847995e-06  -8.803364e-06  +5.432182e-05  -9.885949e-05  -4.611414e-07  -4.247152e-07  -6.194833e-06  +6.930325e-07  +4.760400e-07  +2.222332e-06  +1.134376e-06  -5.966503e-07  
+2.923448e-06  +4.239891e-06  -4.245746e-06  -1.622661e-05  +1.281265e-06  +1.452987e-06  +1.031697e-05  -2.064845e-05  -1.378023e-05  +8.284526e-05  -1.636372e-04  -7.459396e-07  -8.020332e-07  -1.255162e-05  -1.826918e-07  +1.177524e-07  +1.134376e-06  +2.843154e-06  -1.237626e-07  
+1.245234e-07  -3.887814e-07  +8.393500e-07  +6.599353e-06  +2.889164e-07  -5.003125e-07  -3.100956e-06  -7.585149e-07  +1.813740e-06  -7.076824e-06  -1.157658e-06  -8.272084e-08  +4.885633e-07  +1.002949e-06  -1.758630e-07  -5.144273e-07  -5.966503e-07  -1.237626e-07  +1.514353e-06  
