mean:
+3.984676e+00  +3.939183e+00  +6.623666e-01  -1.201186e+00  +1.555788e+00  +4.960642e-01  +9.206213e-01  +2.051311e+00  +1.469873e-01  +1.947142e+00  +4.819664e+00  +1.839850e+00  +2.983926e+00  +8.033940e+02  +4.960095e+00  +4.479940e+00  +1.999747e+03  
covariance:
+5.255962e-06  +8.712604e-07  +8.478533e-06  +1.278568e-06  -3.531647e-05  -2.556156e-06  +9.412998e-06  -4.588626e-06  -3.636154e-07  +2.483110e-07  -4.982516e-05  +2.415649e-07  -1.572361e-07  +8.394942e-04  +2.013663e-08  +8.279607e-08  -1.516985e-03  
+8.712604e-07  +5.341259e-06  -4.264081e-06  -1.055826e-05  +2.584138e-05  +2.530120e-06  -6.515287e-06  -1.395684e-07  -1.187265e-07  +5.931615e-06  +4.065835e-05  -4.298033e-08  -2.321942e-07  +1.309217e-05  +4.381439e-08  +2.971689e-08  +1.446608e-03  
+8.478533e-06  -4.264081e-06  +2.072081e-04  +6.737438e-05  -3.254181e-04  -2.716650e-06  +7.222230e-05  -1.432778e-04  +1.813920e-05  -9.809540e-05  -8.368170e-04  +2.163122e-06  -1.842042e-06  +2.580460e-02  -1.888148e-07  +8.095992e-07  -3.092388e-02  
+1.278568e-06  -1.055826e-05  +6.737438e-05  +6.010573e-04  -2.765715e-04  -1.878854e-05  +3.827380e-05  +8.702830e-05  +4.106883e-05  -2.758546e-04  -9.814156e-04  -1.328170e-06  -4.961549e-06  +1.177484e-02  -6.747134e-07  -7.202817e-07  -6.807860e-02  
-3.531647e-05  +2.584138e-05  -3.254181e-04  -2.765715e-04  +2.100086e-03  +1.448739e-04  -4.707318e-04  +7.080382e-05  -1.449801e-05  +1.953900e-04  +2.583926e-03  -7.967358e-06  -3.191008e-06  -3.444769e-02  +1.327742e-06  -1.084713e-06  +1.139650e-01  
-2.556156e-06  +2.530120e-06  -2.716650e-06  -1.878854e-05  +1.448739e-04  +2.421499e-05  -4.656364e-05  -1.945716e-05  +4.064542e-06  -1.089071e-05  +1.315861e-04  -9.624483e-07  -3.793561e-07  +6.217572e-03  +1.287281e-07  +7.586698e-08  -8.661206e-04  
+9.412998e-06  -6.515287e-06  +7.222230e-05  +3.827380e-05  -4.707318e-04  -4.656364e-05  +2.640356e-04  +4.433983e-06  -2.494643e-05  +3.817402e-05  -3.878629e-04  +3.703470e-06  -2.093315e-06  +3.459204e-03  +1.476110e-07  +1.826844e-06  +2.900274e-02  
-4.588626e-06  -1.395684e-07  -1.432778e-04  +8.702830e-05  +7.080382e-05  -1.945716e-05  +4.433983e-06  +3.367510e-04  -1.161333e-05  +3.835420e-05  +4.243635e-04  +6.789948e-07  -3.898103e-07  -2.786272e-02  +4.112798e-07  -1.328419e-06  +2.566436e-02  
-3.636154e-07  -1.187265e-07  +1.813920e-05  +4.106883e-05  -1.449801e-05  +4.064542e-06  -2.494643e-05  -1.161333e-05  +1.178739e-05  -5.437452e-05  -1.502499e-04  -3.566215e-07  +8.727436e-08  +3.881167e-03  -1.263104e-07  -2.856543e-07  -1.684802e-02  
+2.483110e-07  +5.931615e-06  -9.809540e-05  -2.758546e-04  +1.953900e-04  -1.089071e-05  +3.817402e-05  +3.835420e-05  -5.437452e-05  +3.384360e-04  +8.610147e-04  +4.398426e-07  +7.192608e-07  -2.145478e-02  +1.066160e-06  +6.793972e-07  +8.002855e-02  
-4.982516e-05  +4.065835e-05  -8.368170e-04  -9.814156e-04  +2.583926e-03  +1.315861e-04  -3.878629e-04  +4.243635e-04  -1.502499e-04  +8.610147e-04  +5.849127e-03  -5.341635e-06  +9.474928e-07  -1.094296e-01  +1.763043e-06  +1.923757e-06  +3.483287e-01  
+2.415649e-07  -4.298033e-08  +2.163122e-06  -1.328170e-06  -7.967358e-06  -9.624483e-07  +3.703470e-06  +6.789948e-07  -3.566215e-07  +4.398426e-07  -5.341635e-06  +8.071041e-07  +4.673909e-08  -2.094641e-04  -5.364858e-08  +5.435796e-08  +8.312185e-04  
-1.572361e-07  -2.321942e-07  -1.842042e-06  -4.961549e-06  -3.191008e-06  -3.793561e-07  -2.093315e-06  -3.898103e-07  +8.727436e-08  +7.192608e-07  +9.474928e-07  +4.673909e-08  +1.042421e-06  -4.425779e-04  +1.004899e-10  +1.486175e-08  -1.373268e-03  
+8.394942e-04  +1.309217e-05  +2.580460e-02  +1.177484e-02  -3.444769e-02  +6.217572e-03  +3.459204e-03  -2.786272e-02  +3.881167e-03  -2.145478e-02  -1.094296e-01  -2.094641e-04  -4.425779e-04  +9.052217e+00  -5.804863e-05  +1.606459e-04  -8.811597e+00  
+2.013663e-08  +4.381439e-08  -1.888148e-07  -6.747134e-07  +1.327742e-06  +1.287281e-07  +1.476110e-07  +4.112798e-07  -1.263104e-07  +1.066160e-06  +1.763043e-06  -5.364858e-08  +1.004899e-10  -5.804863e-05  +2.176162e-07  -1.028987e-08  +1.642391e-04  
+8.279607e-08  +2.971689e-08  +8.095992e-07  -7.202817e-07  -1.084713e-06  +7.586698e-08  +1.826844e-06  -1.328419e-06  -2.856543e-07  +6.793972e-07  +1.923757e-06  +5.435796e-08  +1.486175e-08  +1.606459e-04  -1.028987e-08  +3.285774e-07  +6.225777e-04  
-1.516985e-03  +1.446608e-03  -3.092388e-02  -6.807860e-02  +1.139650e-01  -8.661206e-04  +2.900274e-02  +2.566436e-02  -1.684802e-02  +8.002855e-02  +3.483287e-01  +8.312185e-04  -1.373268e-03  -8.811597e+00  +1.642391e-04  +6.225777e-04  +5.022882e+01  
