mean:
+3.958306e+00  +3.925620e+00  +6.555459e-01  -1.156209e+00  +1.621577e+00  +4.009216e-01  +9.482001e-01  +2.020742e+00  +1.496861e-01  +2.016472e+00  +4.742890e+00  +1.635252e+00  +2.883298e+00  +8.142699e+02  +4.800226e+00  +4.399433e+00  +2.020221e+03  
covariance:
+3.052613e-06  +9.385096e-07  -4.497069e-06  +5.713451e-06  +1.381250e-06  +1.893585e-06  -6.513276e-06  +3.044800e-05  +2.427213e-06  -1.858330e-05  +9.295589e-05  -1.158718e-07  +2.023510e-07  -4.498301e-03  -7.792537e-08  +6.014558e-08  -8.426348e-03  
+9.385096e-07  +3.984128e-06  -3.543091e-06  +3.892469e-06  +1.512849e-06  +1.780515e-06  -6.302461e-06  +2.545346e-05  +2.268152e-06  -1.681364e-05  +8.561953e-05  -1.205516e-07  +1.711504e-07  -4.319411e-03  -7.224818e-08  +1.275418e-07  -7.705339e-03  
-4.497069e-06  -3.543091e-06  +3.452555e-05  -2.903992e-05  +4.937950e-06  -8.975713e-06  +3.104620e-05  -1.288298e-04  -1.091381e-05  +8.989970e-05  -4.296301e-04  +5.671663e-07  -1.249266e-06  +2.088752e-02  +1.650161e-07  -1.095594e-07  +4.460990e-02  
+5.713451e-06  +3.892469e-06  -2.903992e-05  +1.386106e-04  -7.712253e-06  +7.619615e-06  -3.485502e-05  +1.911505e-04  +1.138597e-05  -1.059129e-04  +5.930828e-04  -9.322700e-07  +2.349135e-06  -2.772083e-02  +4.110425e-07  +3.267607e-07  -2.629650e-02  
+1.381250e-06  +1.512849e-06  +4.937950e-06  -7.712253e-06  +9.546171e-05  +2.003422e-05  +1.713109e-05  +8.894154e-05  -8.056961e-06  +2.489589e-05  +2.699644e-04  +1.453836e-06  -8.869174e-07  -6.628189e-03  -6.888065e-07  -5.904557e-08  -2.137422e-02  
+1.893585e-06  +1.780515e-06  -8.975713e-06  +7.619615e-06  +2.003422e-05  +1.836095e-05  +9.682839e-07  +1.194728e-04  -1.047743e-06  -2.384699e-05  +3.492334e-04  -3.029510e-07  -2.053683e-07  -1.086123e-02  -1.436029e-07  -2.402834e-08  -3.898288e-02  
-6.513276e-06  -6.302461e-06  +3.104620e-05  -3.485502e-05  +1.713109e-05  +9.682839e-07  +7.258911e-05  -1.529023e-04  -2.272904e-05  +1.374314e-04  -4.610184e-04  +1.025766e-06  -1.608043e-06  +2.858911e-02  +6.507995e-07  -7.455190e-07  +4.428102e-02  
+3.044800e-05  +2.545346e-05  -1.288298e-04  +1.911505e-04  +8.894154e-05  +1.194728e-04  -1.529023e-04  +1.331301e-03  +5.027575e-05  -5.564382e-04  +3.729016e-03  -3.972870e-06  +4.263099e-06  -1.536415e-01  -1.728852e-06  +2.175780e-06  -3.694871e-01  
+2.427213e-06  +2.268152e-06  -1.091381e-05  +1.138597e-05  -8.056961e-06  -1.047743e-06  -2.272904e-05  +5.027575e-05  +8.573645e-06  -5.330136e-05  +1.528353e-04  -2.928567e-07  +7.088588e-07  -1.010447e-02  -1.243069e-07  +1.796786e-07  -1.504824e-02  
-1.858330e-05  -1.681364e-05  +8.989970e-05  -1.059129e-04  +2.489589e-05  -2.384699e-05  +1.374314e-04  -5.564382e-04  -5.330136e-05  +4.168563e-04  -1.682954e-03  +2.200340e-06  -5.392532e-06  +8.981184e-02  +5.422143e-07  -1.130162e-06  +1.672758e-01  
+9.295589e-05  +8.561953e-05  -4.296301e-04  +5.930828e-04  +2.699644e-04  +3.492334e-04  -4.610184e-04  +3.729016e-03  +1.528353e-04  -1.682954e-03  +1.126002e-02  -1.150060e-05  +1.703824e-05  -4.789045e-01  -3.523704e-06  +7.138852e-06  -1.108213e+00  
-1.158718e-07  -1.205516e-07  +5.671663e-07  -9.322700e-07  +1.453836e-06  -3.029510e-07  +1.025766e-06  -3.972870e-06  -2.928567e-07  +2.200340e-06  -1.150060e-05  +2.234361e-07  +7.945097e-09  +4.935321e-04  +5.872110e-09  +2.245002e-08  +1.551017e-03  
+2.023510e-07  +1.711504e-07  -1.249266e-06  +2.349135e-06  -8.869174e-07  -2.053683e-07  -1.608043e-06  +4.263099e-06  +7.088588e-07  -5.392532e-06  +1.703824e-05  +7.945097e-09  +3.338291e-07  -1.036842e-03  +6.133564e-08  +2.126341e-08  -1.216251e-03  
-4.498301e-03  -4.319411e-03  +2.088752e-02  -2.772083e-02  -6.628189e-03  -1.086123e-02  +2.858911e-02  -1.536415e-01  -1.010447e-02  +8.981184e-02  -4.789045e-01  +4.935321e-04  -1.036842e-03  +2.382286e+01  +2.768458e-04  -4.277325e-04  +4.536072e+01  
-7.792537e-08  -7.224818e-08  +1.650161e-07  +4.110425e-07  -6.888065e-07  -1.436029e-07  +6.507995e-07  -1.728852e-06  -1.243069e-07  +5.422143e-07  -3.523704e-06  +5.872110e-09  +6.133564e-08  +2.768458e-04  +1.662701e-07  +1.241375e-09  +3.172463e-04  
+6.014558e-08  +1.275418e-07  -1.095594e-07  +3.267607e-07  -5.904557e-08  -2.402834e-08  -7.455190e-07  +2.175780e-06  +1.796786e-07  -1.130162e-06  +7.138852e-06  +2.245002e-08  +2.126341e-08  -4.277325e-04  +1.241375e-09  +1.638544e-07  -3.648308e-04  
-8.426348e-03  -7.705339e-03  +4.460990e-02  -2.629650e-02  -2.137422e-02  -3.898288e-02  +4.428102e-02  -3.694871e-01  -1.504824e-02  +1.672758e-01  -1.108213e+00  +1.551017e-03  -1.216251e-03  +4.536072e+01  +3.172463e-04  -3.648308e-04  +1.307307e+02  
