mean:
+3.982487e+00  +3.940791e+00  +6.469806e-01  -1.157599e+00  +1.675465e+00  +5.032976e-01  +9.229188e-01  +2.049654e+00  +1.485962e-01  +1.990643e+00  +4.810461e+00  +1.839431e+00  +2.983545e+00  +8.181528e+02  +4.960113e+00  +4.479619e+00  +2.029148e+03  
covariance:
+4.624145e-06  -1.588315e-06  +9.639476e-07  -1.995955e-05  +5.355816e-06  -1.825269e-06  +2.409332e-06  -3.877044e-05  -1.781537e-07  +1.265567e-05  -1.629044e-04  +4.103098e-07  -4.152161e-07  +9.071483e-03  -4.848838e-08  -4.713602e-07  +2.619159e-02  
-1.588315e-06  +5.064508e-06  -8.464867e-07  +1.761532e-05  -3.944092e-06  +2.250053e-06  -1.761919e-06  +3.965496e-05  +4.908834e-07  -1.562735e-05  +1.754268e-04  -4.536751e-07  +3.318840e-07  -9.339931e-03  +1.194024e-07  +3.787800e-07  -2.883176e-02  
+9.639476e-07  -8.464867e-07  +1.847042e-05  -3.812650e-05  +9.355019e-06  +5.566589e-07  +1.074891e-05  -5.214289e-06  -2.531532e-06  +1.509475e-05  -4.893859e-05  +1.011666e-06  -7.337679e-07  +3.489103e-03  -7.397590e-08  -7.637186e-07  +6.565693e-03  
-1.995955e-05  +1.761532e-05  -3.812650e-05  +2.851661e-04  -6.836956e-05  +5.535309e-06  -5.533253e-05  +2.338510e-04  +1.435277e-05  -1.537490e-04  +1.084819e-03  -5.941361e-06  +5.612406e-06  -6.616158e-02  +6.962611e-07  +4.705656e-06  -1.816073e-01  
+5.355816e-06  -3.944092e-06  +9.355019e-06  -6.836956e-05  +6.744463e-05  +4.036642e-07  +1.803557e-05  -3.112369e-05  -4.150250e-06  +4.512854e-05  -3.026576e-04  +3.890322e-06  -1.782892e-06  +2.023412e-02  -7.284485e-07  -1.231858e-06  +5.368604e-02  
-1.825269e-06  +2.250053e-06  +5.566589e-07  +5.535309e-06  +4.036642e-07  +4.046122e-06  +2.109628e-06  +4.669320e-05  -2.075014e-06  +1.574119e-06  +1.561899e-04  -7.948805e-08  -2.932540e-07  -6.099050e-03  +2.107641e-08  +2.240948e-07  -2.132479e-02  
+2.409332e-06  -1.761919e-06  +1.074891e-05  -5.533253e-05  +1.803557e-05  +2.109628e-06  +2.336862e-05  -1.246595e-05  -5.344033e-06  +2.771881e-05  -8.081736e-05  +1.817987e-06  -1.677353e-06  +6.975428e-03  -1.846324e-07  -1.066402e-06  +1.524680e-02  
-3.877044e-05  +3.965496e-05  -5.214289e-06  +2.338510e-04  -3.112369e-05  +4.669320e-05  -1.246595e-05  +8.330654e-04  -1.513519e-05  -1.026813e-04  +2.826436e-03  -2.689408e-06  +1.890981e-06  -1.397342e-01  +7.292395e-07  +6.712132e-06  -4.130559e-01  
-1.781537e-07  +4.908834e-07  -2.531532e-06  +1.435277e-05  -4.150250e-06  -2.075014e-06  -5.344033e-06  -1.513519e-05  +5.013087e-06  -3.055712e-05  -2.461492e-05  -3.711930e-07  +6.722879e-07  -1.146537e-03  +1.546895e-08  -2.030007e-07  -6.730298e-03  
+1.265567e-05  -1.562735e-05  +1.509475e-05  -1.537490e-04  +4.512854e-05  +1.574119e-06  +2.771881e-05  -1.026813e-04  -3.055712e-05  +2.783806e-04  -7.354736e-04  +3.783993e-06  -5.634045e-06  +5.610238e-02  -4.975695e-07  +1.531223e-07  +1.956112e-01  
-1.629044e-04  +1.754268e-04  -4.893859e-05  +1.084819e-03  -3.026576e-04  +1.561899e-04  -8.081736e-05  +2.826436e-03  -2.461492e-05  -7.354736e-04  +1.192135e-02  -2.852627e-05  +2.101891e-05  -6.278981e-01  +5.622653e-06  +2.858572e-05  -1.858944e+00  
+4.103098e-07  -4.536751e-07  +1.011666e-06  -5.941361e-06  +3.890322e-06  -7.948805e-08  +1.817987e-06  -2.689408e-06  -3.711930e-07  +3.783993e-06  -2.852627e-05  +5.348599e-07  -1.955684e-07  +1.693401e-03  -3.260187e-08  -1.105088e-07  +4.851724e-03  
-4.152161e-07  +3.318840e-07  -7.337679e-07  +5.612406e-06  -1.782892e-06  -2.932540e-07  -1.677353e-06  +1.890981e-06  +6.722879e-07  -5.634045e-06  +2.101891e-05  -1.955684e-07  +4.744548e-07  -1.729988e-03  +3.820094e-08  +1.181264e-07  -4.396353e-03  
+9.071483e-03  -9.339931e-03  +3.489103e-03  -6.616158e-02  +2.023412e-02  -6.099050e-03  +6.975428e-03  -1.397342e-01  -1.146537e-03  +5.610238e-02  -6.278981e-01  +1.693401e-03  -1.729988e-03  +3.666902e+01  -3.036704e-04  -1.518413e-03  +1.039129e+02  
-4.848838e-08  +1.194024e-07  -7.397590e-08  +6.962611e-07  -7.284485e-07  +2.107641e-08  -1.846324e-07  +7.292395e-07  +1.546895e-08  -4.975695e-07  +5.622653e-06  -3.260187e-08  +3.820094e-08  -3.036704e-04  +1.109385e-07  +4.751815e-08  -8.603339e-04  
-4.713602e-07  +3.787800e-07  -7.637186e-07  +4.705656e-06  -1.231858e-06  +2.240948e-07  -1.066402e-06  +6.712132e-06  -2.030007e-07  +1.531223e-07  +2.858572e-05  -1.105088e-07  +1.181264e-07  -1.518413e-03  +4.751815e-08  +3.798383e-07  -3.086904e-03  
+2.619159e-02  -2.883176e-02  +6.565693e-03  -1.816073e-01  +5.368604e-02  -2.132479e-02  +1.524680e-02  -4.130559e-01  -6.730298e-03  +1.956112e-01  -1.858944e+00  +4.851724e-03  -4.396353e-03  +1.039129e+02  -8.603339e-04  -3.086904e-03  +3.257408e+02  
