mean:
+4.017139e+00  +4.000368e+00  +8.241832e-01  +1.306991e+00  +1.215696e+00  +4.011959e-01  +8.308927e-01  +1.374536e+00  +1.686088e-01  +1.907994e+00  +5.908474e+00  +3.649587e+00  +2.933526e+00  +2.084103e+02  +4.307493e+00  +5.140294e+00  +2.867866e+02  +5.276003e+00  +3.839351e+00  +3.340122e+02  +2.865717e+00  +4.546612e+00  +3.847003e+02  
covariance:
+2.089495e-04  +2.115299e-04  +2.165845e-05  +1.411283e-05  -3.272815e-05  +2.166956e-05  +1.263883e-04  +3.060700e-04  -1.075770e-04  +5.854313e-04  -4.201392e-04  +1.799324e-04  +6.420319e-05  -7.303234e-03  +4.189738e-05  +5.816576e-05  +7.670522e-02  +1.584519e-04  +7.456482e-05  +5.730102e-02  +3.128551e-04  +2.701235e-04  +3.404285e-02  
+2.115299e-04  +3.073769e-04  +5.744570e-05  +1.024013e-04  -8.335994e-05  +3.539710e-05  +1.761668e-04  +4.470785e-04  -1.562337e-04  +8.519729e-04  -6.729271e-04  +2.437370e-04  +6.864071e-05  -7.483055e-03  +5.887016e-05  +8.357161e-05  +1.129285e-01  +1.932733e-04  +1.144642e-04  +7.059618e-02  +3.963856e-04  +3.502290e-04  +7.515796e-02  
+2.165845e-05  +5.744570e-05  +2.349338e-04  +2.333240e-05  +6.321519e-06  +3.848951e-05  +9.162924e-05  +5.054484e-04  -9.373042e-05  +5.401765e-04  -7.060031e-04  +8.889508e-05  +1.904799e-05  +1.581660e-02  +1.903262e-05  +3.355690e-05  +5.540315e-02  +5.196504e-05  +5.147726e-05  +5.100684e-02  +9.984905e-05  +1.082195e-04  +1.030889e-01  
+1.411283e-05  +1.024013e-04  +2.333240e-05  +2.181573e-04  -5.771197e-05  +1.380512e-05  +6.145222e-05  +5.200291e-05  -6.088595e-05  +3.147025e-04  -1.259256e-04  +8.387876e-05  +5.818202e-06  -1.099874e-03  +1.786921e-05  +3.035760e-05  +4.435239e-02  +4.899813e-05  +4.948866e-05  +1.843869e-02  +1.104406e-04  +1.101955e-04  +3.744036e-02  
-3.272815e-05  -8.335994e-05  +6.321519e-06  -5.771197e-05  +6.339453e-05  -5.470704e-06  -4.135935e-05  -6.350386e-05  +3.642191e-05  -1.897960e-04  +1.187754e-04  -5.882918e-05  -1.058269e-05  +4.780941e-03  -1.477902e-05  -2.109452e-05  -2.831767e-02  -4.268873e-05  -3.157729e-05  -1.209971e-02  -9.007192e-05  -8.038669e-05  -1.624624e-02  
+2.166956e-05  +3.539710e-05  +3.848951e-05  +1.380512e-05  -5.470704e-06  +1.175795e-05  +2.737909e-05  +1.190399e-04  -2.965949e-05  +1.734457e-04  -2.013481e-04  +3.566343e-05  +8.761878e-06  +2.688069e-03  +8.198319e-06  +1.275784e-05  +1.776944e-02  +2.593082e-05  +1.809308e-05  +1.373538e-02  +5.269781e-05  +4.946090e-05  +2.503351e-02  
+1.263883e-04  +1.761668e-04  +9.162924e-05  +6.145222e-05  -4.135935e-05  +2.737909e-05  +1.392343e-04  +3.939011e-04  -1.180658e-04  +6.302071e-04  -5.312301e-04  +1.676986e-04  +4.384395e-05  -5.276520e-05  +3.873321e-05  +5.813862e-05  +7.996792e-02  +1.262788e-04  +8.540878e-05  +5.722887e-02  +2.561254e-04  +2.341326e-04  +6.985669e-02  
+3.060700e-04  +4.470785e-04  +5.054484e-04  +5.200291e-05  -6.350386e-05  +1.190399e-04  +3.939011e-04  +1.694871e-03  -3.702587e-04  +2.088887e-03  -2.333081e-03  +4.617091e-04  +1.184963e-04  +2.135331e-02  +1.074189e-04  +1.661704e-04  +2.365432e-01  +3.280144e-04  +2.410962e-04  +1.843209e-01  +6.613667e-04  +6.226680e-04  +3.015533e-01  
-1.075770e-04  -1.562337e-04  -9.373042e-05  -6.088595e-05  +3.642191e-05  -2.965949e-05  -1.180658e-04  -3.702587e-04  +1.112627e-04  -6.019863e-04  +5.408734e-04  -1.504271e-04  -3.823307e-05  -2.180375e-03  -3.431010e-05  -5.229996e-05  -7.210957e-02  -1.124718e-04  -7.641177e-05  -5.125702e-02  -2.275628e-04  -2.096923e-04  -7.097911e-02  
+5.854313e-04  +8.519729e-04  +5.401765e-04  +3.147025e-04  -1.897960e-04  +1.734457e-04  +6.302071e-04  +2.088887e-03  -6.019863e-04  +3.344094e-03  -3.151667e-03  +8.154564e-04  +2.088412e-04  +1.657907e-02  +1.870165e-04  +2.839926e-04  +3.915320e-01  +6.101638e-04  +4.105270e-04  +2.803662e-01  +1.236441e-03  +1.138665e-03  +4.036953e-01  
-4.201392e-04  -6.729271e-04  -7.060031e-04  -1.259256e-04  +1.187754e-04  -2.013481e-04  -5.312301e-04  -2.333081e-03  +5.408734e-04  -3.151667e-03  +3.906904e-03  -6.594727e-04  -1.622518e-04  -4.131311e-02  -1.589375e-04  -2.344563e-04  -3.326196e-01  -4.787458e-04  -3.415870e-04  -2.557606e-01  -9.787901e-04  -9.064981e-04  -4.645529e-01  
+1.799324e-04  +2.437370e-04  +8.889508e-05  +8.387876e-05  -5.882918e-05  +3.566343e-05  +1.676986e-04  +4.617091e-04  -1.504271e-04  +8.154564e-04  -6.594727e-04  +2.238003e-04  +6.082294e-05  -1.546331e-03  +5.187666e-05  +7.604375e-05  +1.025585e-01  +1.730475e-04  +1.090254e-04  +7.101405e-02  +3.505689e-04  +3.171703e-04  +8.215013e-02  
+6.420319e-05  +6.864071e-05  +1.904799e-05  +5.818202e-06  -1.058269e-05  +8.761878e-06  +4.384395e-05  +1.184963e-04  -3.823307e-05  +2.088412e-04  -1.622518e-04  +6.082294e-05  +2.253349e-05  -4.934744e-04  +1.428651e-05  +1.995753e-05  +2.631097e-02  +5.298922e-05  +2.547132e-05  +2.084459e-02  +1.033237e-04  +9.040669e-05  +1.446926e-02  
-7.303234e-03  -7.483055e-03  +1.581660e-02  -1.099874e-03  +4.780941e-03  +2.688069e-03  -5.276520e-05  +2.135331e-02  -2.180375e-03  +1.657907e-02  -4.131311e-02  -1.546331e-03  -4.934744e-04  +3.694057e+00  -5.982135e-04  -2.808395e-04  -1.308485e-01  -2.355744e-03  -1.396910e-04  +1.482730e+00  -5.609598e-03  -3.326738e-03  +5.747373e+00  
+4.189738e-05  +5.887016e-05  +1.903262e-05  +1.786921e-05  -1.477902e-05  +8.198319e-06  +3.873321e-05  +1.074189e-04  -3.431010e-05  +1.870165e-04  -1.589375e-04  +5.187666e-05  +1.428651e-05  -5.982135e-04  +1.296901e-05  +1.766581e-05  +2.356912e-02  +4.020364e-05  +2.516287e-05  +1.631737e-02  +8.232627e-05  +7.379368e-05  +1.854538e-02  
+5.816576e-05  +8.357161e-05  +3.355690e-05  +3.035760e-05  -2.109452e-05  +1.275784e-05  +5.813862e-05  +1.661704e-04  -5.229996e-05  +2.839926e-04  -2.344563e-04  +7.604375e-05  +1.995753e-05  -2.808395e-04  +1.766581e-05  +2.678894e-05  +3.569077e-02  +5.764839e-05  +3.770035e-05  +2.423355e-02  +1.176716e-04  +1.069541e-04  +3.007721e-02  
+7.670522e-02  +1.129285e-01  +5.540315e-02  +4.435239e-02  -2.831767e-02  +1.776944e-02  +7.996792e-02  +2.365432e-01  -7.210957e-02  +3.915320e-01  -3.326196e-01  +1.025585e-01  +2.631097e-02  -1.308485e-01  +2.356912e-02  +3.569077e-02  +5.020633e+01  +7.686108e-02  +5.120652e-02  +3.361014e+01  +1.563418e-01  +1.427200e-01  +4.390789e+01  
+1.584519e-04  +1.932733e-04  +5.196504e-05  +4.899813e-05  -4.268873e-05  +2.593082e-05  +1.262788e-04  +3.280144e-04  -1.124718e-04  +6.101638e-04  -4.787458e-04  +1.730475e-04  +5.298922e-05  -2.355744e-03  +4.020364e-05  +5.764839e-05  +7.686108e-02  +1.426244e-04  +7.974333e-05  +5.588176e-02  +2.830392e-04  +2.511704e-04  +5.234238e-02  
+7.456482e-05  +1.144642e-04  +5.147726e-05  +4.948866e-05  -3.157729e-05  +1.809308e-05  +8.540878e-05  +2.410962e-04  -7.641177e-05  +4.105270e-04  -3.415870e-04  +1.090254e-04  +2.547132e-05  -1.396910e-04  +2.516287e-05  +3.770035e-05  +5.120652e-02  +7.974333e-05  +5.762593e-05  +3.432822e-02  +1.637495e-04  +1.508483e-04  +4.725575e-02  
+5.730102e-02  +7.059618e-02  +5.100684e-02  +1.843869e-02  -1.209971e-02  +1.373538e-02  +5.722887e-02  +1.843209e-01  -5.125702e-02  +2.803662e-01  -2.557606e-01  +7.101405e-02  +2.084459e-02  +1.482730e+00  +1.631737e-02  +2.423355e-02  +3.361014e+01  +5.588176e-02  +3.432822e-02  +2.822829e+01  +1.095125e-01  +9.982629e-02  +3.186328e+01  
+3.128551e-04  +3.963856e-04  +9.984905e-05  +1.104406e-04  -9.007192e-05  +5.269781e-05  +2.561254e-04  +6.613667e-04  -2.275628e-04  +1.236441e-03  -9.787901e-04  +3.505689e-04  +1.033237e-04  -5.609598e-03  +8.232627e-05  +1.176716e-04  +1.563418e-01  +2.830392e-04  +1.637495e-04  +1.095125e-01  +5.712462e-04  +5.076698e-04  +1.091870e-01  
+2.701235e-04  +3.502290e-04  +1.082195e-04  +1.101955e-04  -8.038669e-05  +4.946090e-05  +2.341326e-04  +6.226680e-04  -2.096923e-04  +1.138665e-03  -9.064981e-04  +3.171703e-04  +9.040669e-05  -3.326738e-03  +7.379368e-05  +1.069541e-04  +1.427200e-01  +2.511704e-04  +1.508483e-04  +9.982629e-02  +5.076698e-04  +4.559706e-04  +1.069907e-01  
+3.404285e-02  +7.515796e-02  +1.030889e-01  +3.744036e-02  -1.624624e-02  +2.503351e-02  +6.985669e-02  +3.015533e-01  -7.097911e-02  +4.036953e-01  -4.645529e-01  +8.215013e-02  +1.446926e-02  +5.747373e+00  +1.854538e-02  +3.007721e-02  +4.390789e+01  +5.234238e-02  +4.725575e-02  +3.186328e+01  +1.091870e-01  +1.069907e-01  +6.637581e+01  
