mean:
+3.986402e+00  +3.940627e+00  +6.254981e-01  -1.171305e+00  +1.688357e+00  +5.063143e-01  +9.064203e-01  +2.146256e+00  +1.408659e-01  +2.064173e+00  +4.809234e+00  +1.840542e+00  +2.983357e+00  +8.057127e+02  +4.959738e+00  +4.479563e+00  +2.015317e+03  
covariance:
+7.719559e-06  +4.874004e-07  -9.092946e-06  -1.281380e-05  +1.265450e-05  +5.568496e-07  +4.252403e-06  +6.386171e-05  -3.997821e-06  +4.718632e-05  -7.666741e-05  +5.604904e-07  -4.664292e-07  -1.109350e-03  -5.801236e-08  -9.131331e-08  +1.868060e-02  
+4.874004e-07  +5.544931e-06  +4.882058e-06  +7.676753e-06  -9.858256e-07  +2.209798e-07  -2.010177e-06  -3.200466e-05  +2.707770e-06  -2.553127e-05  +4.267668e-05  -1.952279e-07  -1.224041e-08  +1.041879e-03  -8.363201e-08  -3.770682e-08  -1.154479e-02  
-9.092946e-06  +4.882058e-06  +1.390343e-04  +2.235462e-04  -4.277348e-05  -2.553695e-06  -3.217879e-05  -6.866620e-04  +2.542735e-05  -2.794377e-04  +3.605560e-04  -1.243117e-06  +1.007750e-06  +2.050996e-02  -6.817961e-07  -3.091686e-08  -1.211406e-01  
-1.281380e-05  +7.676753e-06  +2.235462e-04  +7.482958e-04  -8.605311e-05  +4.595295e-06  -9.135010e-08  -1.369196e-03  +4.405074e-05  -5.815438e-04  +7.464490e-04  -2.196814e-06  -2.640991e-06  +5.406282e-02  -1.749202e-06  +2.969899e-07  -2.960061e-01  
+1.265450e-05  -9.858256e-07  -4.277348e-05  -8.605311e-05  +1.290151e-04  +1.003202e-05  +2.582449e-05  +3.479590e-04  -2.253267e-05  +3.081992e-04  -5.085528e-04  +6.248723e-06  -3.185340e-06  -1.462583e-03  -6.071577e-07  -9.390505e-07  +1.231677e-01  
+5.568496e-07  +2.209798e-07  -2.553695e-06  +4.595295e-06  +1.003202e-05  +4.182828e-06  +3.967934e-06  +2.224621e-05  -1.866504e-06  +1.862700e-05  -1.222915e-05  +5.498828e-07  -6.220250e-07  +1.779250e-03  +3.064430e-08  +8.798813e-08  +1.597655e-04  
+4.252403e-06  -2.010177e-06  -3.217879e-05  -9.135010e-08  +2.582449e-05  +3.967934e-06  +4.126872e-05  +1.194021e-04  -1.005630e-05  +7.743585e-05  -1.333141e-04  +1.546253e-06  -1.720381e-06  -3.483249e-04  +2.785715e-08  -5.179987e-07  +2.671696e-02  
+6.386171e-05  -3.200466e-05  -6.866620e-04  -1.369196e-03  +3.479590e-04  +2.224621e-05  +1.194021e-04  +4.223842e-03  -1.693287e-04  +2.064002e-03  -2.714801e-03  +1.261358e-05  -2.670211e-06  -1.091787e-01  +2.921173e-06  +1.601567e-07  +8.680639e-01  
-3.997821e-06  +2.707770e-06  +2.542735e-05  +4.405074e-05  -2.253267e-05  -1.866504e-06  -1.005630e-05  -1.693287e-04  +1.191150e-05  -1.314909e-04  +1.757294e-04  -1.305432e-06  +4.408202e-07  +2.506103e-03  -3.557762e-09  +9.784064e-08  -4.601838e-02  
+4.718632e-05  -2.553127e-05  -2.794377e-04  -5.815438e-04  +3.081992e-04  +1.862700e-05  +7.743585e-05  +2.064002e-03  -1.314909e-04  +1.695070e-03  -2.443466e-03  +1.678261e-05  -3.656385e-06  -3.442857e-02  +1.564672e-07  -1.417724e-06  +6.373722e-01  
-7.666741e-05  +4.267668e-05  +3.605560e-04  +7.464490e-04  -5.085528e-04  -1.222915e-05  -1.333141e-04  -2.714801e-03  +1.757294e-04  -2.443466e-03  +4.495658e-03  -2.907513e-05  +2.447296e-06  +6.316594e-02  +5.559791e-07  +7.328752e-06  -1.114586e+00  
+5.604904e-07  -1.952279e-07  -1.243117e-06  -2.196814e-06  +6.248723e-06  +5.498828e-07  +1.546253e-06  +1.261358e-05  -1.305432e-06  +1.678261e-05  -2.907513e-05  +1.058258e-06  -1.789625e-07  +8.823575e-05  -4.211580e-08  -1.473364e-08  +6.357883e-03  
-4.664292e-07  -1.224041e-08  +1.007750e-06  -2.640991e-06  -3.185340e-06  -6.220250e-07  -1.720381e-06  -2.670211e-06  +4.408202e-07  -3.656385e-06  +2.447296e-06  -1.789625e-07  +1.013775e-06  -4.578411e-04  +6.126449e-08  -2.865801e-08  +1.238886e-03  
-1.109350e-03  +1.041879e-03  +2.050996e-02  +5.406282e-02  -1.462583e-03  +1.779250e-03  -3.483249e-04  -1.091787e-01  +2.506103e-03  -3.442857e-02  +6.316594e-02  +8.823575e-05  -4.578411e-04  +7.766447e+00  -1.778533e-04  +1.794446e-04  -2.300601e+01  
-5.801236e-08  -8.363201e-08  -6.817961e-07  -1.749202e-06  -6.071577e-07  +3.064430e-08  +2.785715e-08  +2.921173e-06  -3.557762e-09  +1.564672e-07  +5.559791e-07  -4.211580e-08  +6.126449e-08  -1.778533e-04  +2.742372e-07  -3.950027e-08  +3.082007e-04  
-9.131331e-08  -3.770682e-08  -3.091686e-08  +2.969899e-07  -9.390505e-07  +8.798813e-08  -5.179987e-07  +1.601567e-07  +9.784064e-08  -1.417724e-06  +7.328752e-06  -1.473364e-08  -2.865801e-08  +1.794446e-04  -3.950027e-08  +3.658439e-07  -1.720778e-03  
+1.868060e-02  -1.154479e-02  -1.211406e-01  -2.960061e-01  +1.231677e-01  +1.597655e-04  +2.671696e-02  +8.680639e-01  -4.601838e-02  +6.373722e-01  -1.114586e+00  +6.357883e-03  +1.238886e-03  -2.300601e+01  +3.082007e-04  -1.720778e-03  +3.215355e+02  
