mean:
+3.978932e+00  +4.009715e+00  +8.392796e-01  +1.310188e+00  +1.244724e+00  +6.001549e-01  +8.107631e-01  +1.360157e+00  +1.664593e-01  +1.890854e+00  +5.920600e+00  +3.595483e+00  +2.900419e+00  +2.076043e+02  +4.310140e+00  +5.178783e+00  +2.839398e+02  +5.217622e+00  +3.910165e+00  +3.292860e+02  +2.879856e+00  +4.559664e+00  +3.946458e+02  
covariance:
+1.404119e-06  +5.398546e-07  -3.332571e-06  +3.573630e-06  +3.934197e-07  +1.025229e-06  -2.333660e-07  -8.731781e-07  -3.492487e-06  +2.273214e-05  -2.073493e-05  +3.284772e-07  -2.411972e-07  +4.435851e-04  -1.330567e-09  +1.910793e-07  +2.008513e-03  +6.736882e-08  -1.551819e-07  +2.250715e-03  +8.854559e-08  -7.299870e-08  +1.556525e-03  
+5.398546e-07  +2.809933e-06  +1.117582e-06  +2.135747e-06  -1.464239e-07  -5.034924e-07  +1.166884e-06  -5.274896e-06  +1.029156e-06  -8.003699e-06  +1.233940e-05  +1.026951e-07  +1.040779e-07  +1.416225e-04  -2.267687e-08  -7.325579e-08  -1.368519e-03  +1.432644e-07  -4.222401e-08  -1.406720e-03  +7.757178e-08  -8.986325e-08  -7.985731e-04  
-3.332571e-06  +1.117582e-06  +4.215006e-05  -4.981791e-05  -7.842724e-06  -6.441140e-06  +2.668963e-06  -2.596830e-05  +1.527428e-05  -1.124277e-04  +1.666159e-04  -7.952180e-07  -7.117960e-08  -4.808484e-03  +8.959189e-07  -1.764396e-06  -1.061804e-02  -3.684952e-07  +9.707208e-07  -1.208657e-02  -5.863159e-07  +1.465853e-06  -2.836404e-03  
+3.573630e-06  +2.135747e-06  -4.981791e-05  +3.298267e-04  +1.427954e-05  +1.355995e-05  -4.326148e-06  +6.596820e-05  -8.747774e-06  +7.427922e-05  -1.737927e-04  -1.343957e-06  +2.760320e-06  +8.925213e-03  -1.404322e-06  -6.208053e-06  -9.831810e-03  -4.230360e-07  -7.591475e-06  -1.424421e-02  -1.124912e-06  -4.380669e-06  -2.306411e-02  
+3.934197e-07  -1.464239e-07  -7.842724e-06  +1.427954e-05  +6.179716e-06  +1.342030e-06  +1.220658e-07  +7.969583e-06  -1.596357e-06  +1.303643e-05  -2.766513e-05  +1.024327e-07  +3.399872e-07  +1.070043e-03  -2.793855e-07  +1.200965e-07  +1.237533e-03  -1.769695e-07  -1.638501e-07  +1.253023e-03  +2.370223e-07  -2.758102e-07  -7.041888e-04  
+1.025229e-06  -5.034924e-07  -6.441140e-06  +1.355995e-05  +1.342030e-06  +3.656497e-06  -2.343509e-06  +1.213155e-05  -5.639132e-06  +4.104887e-05  -3.934141e-05  +5.447490e-07  -6.117160e-07  +5.330898e-04  +1.975541e-07  -1.712309e-07  +3.758512e-03  +1.234153e-07  -2.449956e-07  +3.512299e-03  +2.703609e-07  -5.017339e-07  +2.369246e-03  
-2.333660e-07  +1.166884e-06  +2.668963e-06  -4.326148e-06  +1.220658e-07  -2.343509e-06  +1.214951e-05  -3.205378e-05  +1.178270e-06  -2.319420e-05  +2.956602e-05  -1.287737e-07  +1.109291e-06  +6.343426e-04  -6.977967e-07  +3.720443e-07  -2.257350e-03  +6.243595e-07  +1.137376e-07  -1.218882e-03  +2.051687e-07  +4.710483e-09  -2.444037e-03  
-8.731781e-07  -5.274896e-06  -2.596830e-05  +6.596820e-05  +7.969583e-06  +1.213155e-05  -3.205378e-05  +2.377567e-04  +1.123301e-06  +4.569980e-05  -1.410487e-04  -1.586021e-06  -1.419243e-06  -4.543065e-03  +2.352954e-06  -1.529529e-06  +1.110275e-02  -2.385700e-06  +2.133218e-07  +5.901602e-03  -5.825248e-07  -2.961488e-06  +1.647956e-04  
-3.492487e-06  +1.029156e-06  +1.527428e-05  -8.747774e-06  -1.596357e-06  -5.639132e-06  +1.178270e-06  +1.123301e-06  +1.810855e-05  -1.194942e-04  +1.040274e-04  -1.471476e-06  +1.412755e-06  -1.904303e-03  -2.006665e-08  -1.020359e-06  -1.154581e-02  -3.319298e-07  +4.540857e-07  -1.285094e-02  -5.638369e-07  +3.282479e-07  -9.292509e-03  
+2.273214e-05  -8.003699e-06  -1.124277e-04  +7.427922e-05  +1.303643e-05  +4.104887e-05  -2.319420e-05  +4.569980e-05  -1.194942e-04  +8.269481e-04  -7.594376e-04  +9.477675e-06  -1.008534e-05  +1.267460e-02  +6.044637e-07  +6.686228e-06  +8.059634e-02  +1.389571e-06  -3.459036e-06  +8.746913e-02  +3.281983e-06  -2.565433e-06  +6.305149e-02  
-2.073493e-05  +1.233940e-05  +1.666159e-04  -1.737927e-04  -2.766513e-05  -3.934141e-05  +2.956602e-05  -1.410487e-04  +1.040274e-04  -7.594376e-04  +9.858890e-04  -4.114595e-06  +3.270353e-06  -1.614438e-02  +1.232655e-06  -7.451793e-06  -7.804288e-02  +1.874992e-07  +6.959468e-06  -8.515703e-02  -7.783024e-07  +3.870194e-06  -4.042307e-02  
+3.284772e-07  +1.026951e-07  -7.952180e-07  -1.343957e-06  +1.024327e-07  +5.447490e-07  -1.287737e-07  -1.586021e-06  -1.471476e-06  +9.477675e-06  -4.114595e-06  +8.662186e-07  -3.265113e-07  +4.481659e-04  +1.446541e-07  -1.545042e-08  +6.641077e-04  -6.540735e-08  +5.239691e-08  +8.806572e-04  +2.218064e-07  +2.437569e-08  +1.149588e-03  
-2.411972e-07  +1.040779e-07  -7.117960e-08  +2.760320e-06  +3.399872e-07  -6.117160e-07  +1.109291e-06  -1.419243e-06  +1.412755e-06  -1.008534e-05  +3.270353e-06  -3.265113e-07  +1.212081e-06  +2.196898e-04  -3.899624e-07  +2.697445e-07  -1.324757e-03  +1.862001e-07  -1.703839e-07  -1.063665e-03  -1.367738e-07  -1.290617e-07  -1.786355e-03  
+4.435851e-04  +1.416225e-04  -4.808484e-03  +8.925213e-03  +1.070043e-03  +5.330898e-04  +6.343426e-04  -4.543065e-03  -1.904303e-03  +1.267460e-02  -1.614438e-02  +4.481659e-04  +2.196898e-04  +2.313101e+00  -5.361747e-04  +1.542177e-05  -6.558697e-02  -1.013624e-04  -1.269328e-04  +1.813431e-01  +9.260339e-05  +8.724496e-05  -6.951678e-01  
-1.330567e-09  -2.267687e-08  +8.959189e-07  -1.404322e-06  -2.793855e-07  +1.975541e-07  -6.977967e-07  +2.352954e-06  -2.006665e-08  +6.044637e-07  +1.232655e-06  +1.446541e-07  -3.899624e-07  -5.361747e-04  +5.237984e-07  -1.521936e-07  +3.472107e-04  -2.073973e-08  -6.801319e-08  +2.685235e-04  +5.342266e-08  +8.353750e-08  +6.559640e-04  
+1.910793e-07  -7.325579e-08  -1.764396e-06  -6.208053e-06  +1.200965e-07  -1.712309e-07  +3.720443e-07  -1.529529e-06  -1.020359e-06  +6.686228e-06  -7.451793e-06  -1.545042e-08  +2.697445e-07  +1.542177e-05  -1.521936e-07  +8.543809e-07  +1.134237e-03  +1.703173e-07  +1.694051e-07  +1.641695e-03  +8.643909e-08  -7.796303e-09  +9.669333e-04  
+2.008513e-03  -1.368519e-03  -1.061804e-02  -9.831810e-03  +1.237533e-03  +3.758512e-03  -2.257350e-03  +1.110275e-02  -1.154581e-02  +8.059634e-02  -7.804288e-02  +6.641077e-04  -1.324757e-03  -6.558697e-02  +3.472107e-04  +1.134237e-03  +1.076861e+01  +1.921616e-04  +1.125192e-04  +1.093237e+01  +3.788629e-04  -2.761234e-04  +7.935982e+00  
+6.736882e-08  +1.432644e-07  -3.684952e-07  -4.230360e-07  -1.769695e-07  +1.234153e-07  +6.243595e-07  -2.385700e-06  -3.319298e-07  +1.389571e-06  +1.874992e-07  -6.540735e-08  +1.862001e-07  -1.013624e-04  -2.073973e-08  +1.703173e-07  +1.921616e-04  +5.253406e-07  -4.863704e-08  +1.333420e-04  +6.907289e-08  -1.407318e-07  -3.464328e-05  
-1.551819e-07  -4.222401e-08  +9.707208e-07  -7.591475e-06  -1.638501e-07  -2.449956e-07  +1.137376e-07  +2.133218e-07  +4.540857e-07  -3.459036e-06  +6.959468e-06  +5.239691e-08  -1.703839e-07  -1.269328e-04  -6.801319e-08  +1.694051e-07  +1.125192e-04  -4.863704e-08  +6.912819e-07  +3.116741e-04  +1.012992e-07  +1.036188e-07  +7.069875e-04  
+2.250715e-03  -1.406720e-03  -1.208657e-02  -1.424421e-02  +1.253023e-03  +3.512299e-03  -1.218882e-03  +5.901602e-03  -1.285094e-02  +8.746913e-02  -8.515703e-02  +8.806572e-04  -1.063665e-03  +1.813431e-01  +2.685235e-04  +1.641695e-03  +1.093237e+01  +1.333420e-04  +3.116741e-04  +1.372739e+01  +5.171780e-04  -1.731450e-04  +9.070659e+00  
+8.854559e-08  +7.757178e-08  -5.863159e-07  -1.124912e-06  +2.370223e-07  +2.703609e-07  +2.051687e-07  -5.825248e-07  -5.638369e-07  +3.281983e-06  -7.783024e-07  +2.218064e-07  -1.367738e-07  +9.260339e-05  +5.342266e-08  +8.643909e-08  +3.788629e-04  +6.907289e-08  +1.012992e-07  +5.171780e-04  +3.889070e-07  -3.128889e-08  +5.261402e-04  
-7.299870e-08  -8.986325e-08  +1.465853e-06  -4.380669e-06  -2.758102e-07  -5.017339e-07  +4.710483e-09  -2.961488e-06  +3.282479e-07  -2.565433e-06  +3.870194e-06  +2.437569e-08  -1.290617e-07  +8.724496e-05  +8.353750e-08  -7.796303e-09  -2.761234e-04  -1.407318e-07  +1.036188e-07  -1.731450e-04  -3.128889e-08  +5.334557e-07  +2.357450e-04  
+1.556525e-03  -7.985731e-04  -2.836404e-03  -2.306411e-02  -7.041888e-04  +2.369246e-03  -2.444037e-03  +1.647956e-04  -9.292509e-03  +6.305149e-02  -4.042307e-02  +1.149588e-03  -1.786355e-03  -6.951678e-01  +6.559640e-04  +9.669333e-04  +7.935982e+00  -3.464328e-05  +7.069875e-04  +9.070659e+00  +5.261402e-04  +2.357450e-04  +9.456255e+00  
