mean:
+3.980540e+00  +3.954177e+00  +8.401581e-01  +1.301751e+00  +1.402743e+00  +4.057308e-01  +8.236533e-01  +1.345321e+00  +1.691276e-01  +1.922517e+00  +5.935425e+00  +3.592111e+00  +2.699082e+00  +2.065952e+02  +4.328193e+00  +5.293490e+00  +2.841568e+02  +5.452588e+00  +3.756474e+00  +3.278031e+02  +2.640754e+00  +4.559688e+00  +3.959945e+02  
covariance:
+1.273565e-06  +1.504416e-07  -3.742574e-06  -4.442122e-07  +5.525012e-07  +3.043878e-06  +9.465969e-06  +8.296872e-06  -5.888163e-06  +4.077826e-05  -2.350545e-05  +3.132962e-07  -7.737937e-07  +1.110094e-03  +8.761152e-09  +6.289466e-07  +3.503409e-03  +8.302882e-09  -3.501875e-08  +2.942818e-03  +1.121802e-07  +2.074901e-07  +2.987962e-03  
+1.504416e-07  +9.243615e-07  -7.471319e-07  +2.770892e-07  +2.407753e-07  +2.999671e-07  +1.252368e-06  -2.147852e-06  -8.717422e-07  +5.958011e-06  -1.921318e-06  +1.403221e-07  -9.847813e-08  +2.377269e-04  -5.053802e-08  +2.153168e-08  +2.398466e-04  +1.217620e-08  -7.534538e-08  +2.124628e-04  +7.835223e-08  +1.042252e-07  +1.248943e-04  
-3.742574e-06  -7.471319e-07  +3.353457e-05  +1.479277e-06  -3.368100e-06  -2.430110e-05  -7.877984e-05  -6.025887e-05  +4.652632e-05  -3.334116e-04  +1.911111e-04  -2.663826e-06  +6.632034e-06  -9.743045e-03  +4.301965e-08  -5.095770e-06  -2.837740e-02  -4.269587e-07  +2.778948e-07  -2.271846e-02  -1.182759e-06  -1.506036e-06  -2.280022e-02  
-4.442122e-07  +2.770892e-07  +1.479277e-06  +3.804671e-05  -1.763374e-06  -3.090306e-06  -1.026050e-05  -9.350346e-06  +5.751562e-06  -3.979835e-05  +2.553291e-05  -9.207139e-07  +1.295274e-06  -2.706070e-03  +1.239811e-07  -1.185122e-06  -2.313055e-03  -4.105277e-07  -1.252824e-06  -1.152925e-03  -1.920967e-07  -4.328285e-07  -3.201782e-03  
+5.525012e-07  +2.407753e-07  -3.368100e-06  -1.763374e-06  +4.915810e-06  +3.028933e-06  +1.033164e-05  +6.092691e-06  -6.450510e-06  +4.442493e-05  -2.287082e-05  +5.665971e-07  -7.707800e-07  +1.555862e-03  -3.930295e-07  +3.401839e-07  +3.251769e-03  -2.296620e-07  +4.649316e-08  +2.962070e-03  +5.255973e-07  +2.284243e-07  +3.170018e-03  
+3.043878e-06  +2.999671e-07  -2.430110e-05  -3.090306e-06  +3.028933e-06  +2.156196e-05  +6.475472e-05  +6.217078e-05  -3.832489e-05  +2.786723e-04  -1.673506e-04  +1.983418e-06  -4.800729e-06  +8.148916e-03  -1.104620e-07  +4.630397e-06  +2.449262e-02  +8.240280e-07  -2.014237e-07  +2.131648e-02  +5.877130e-07  +8.113626e-07  +2.143610e-02  
+9.465969e-06  +1.252368e-06  -7.877984e-05  -1.026050e-05  +1.033164e-05  +6.475472e-05  +2.118065e-04  +2.023861e-04  -1.214411e-04  +8.758338e-04  -5.314012e-04  +4.802690e-06  -1.570185e-05  +2.520221e-02  -1.093934e-06  +1.479226e-05  +7.797469e-02  +2.626174e-06  -3.715787e-07  +6.676131e-02  +3.007217e-06  +2.489779e-06  +6.607233e-02  
+8.296872e-06  -2.147852e-06  -6.025887e-05  -9.350346e-06  +6.092691e-06  +6.217078e-05  +2.023861e-04  +4.820893e-04  -1.074911e-04  +8.041834e-04  -5.838421e-04  -6.688296e-06  -8.863048e-06  +1.364624e-02  -2.973048e-06  +1.909780e-05  +9.059815e-02  +1.716481e-06  +6.176714e-07  +7.857904e-02  +3.310495e-06  -2.666776e-06  +7.634570e-02  
-5.888163e-06  -8.717422e-07  +4.652632e-05  +5.751562e-06  -6.450510e-06  -3.832489e-05  -1.214411e-04  -1.074911e-04  +7.295099e-05  -5.228929e-04  +2.996328e-04  -4.064903e-06  +9.769549e-06  -1.511336e-02  +2.104059e-07  -7.993697e-06  -4.486997e-02  -7.429866e-07  +1.748923e-07  -3.753040e-02  -1.611266e-06  -2.126686e-06  -3.832089e-02  
+4.077826e-05  +5.958011e-06  -3.334116e-04  -3.979835e-05  +4.442493e-05  +2.786723e-04  +8.758338e-04  +8.041834e-04  -5.228929e-04  +3.782267e-03  -2.201444e-03  +2.860109e-05  -6.901619e-05  +1.084358e-01  -1.467376e-06  +5.945171e-05  +3.281403e-01  +6.397788e-06  -1.724782e-06  +2.765433e-01  +1.087019e-05  +1.477193e-05  +2.822213e-01  
-2.350545e-05  -1.921318e-06  +1.911111e-04  +2.553291e-05  -2.287082e-05  -1.673506e-04  -5.314012e-04  -5.838421e-04  +2.996328e-04  -2.201444e-03  +1.477867e-03  -9.030073e-06  +3.382810e-05  -6.175787e-02  +3.650285e-06  -4.358508e-05  -2.079226e-01  -1.158274e-05  +2.918052e-06  -1.838804e-01  -5.707943e-06  -3.980318e-06  -1.798014e-01  
+3.132962e-07  +1.403221e-07  -2.663826e-06  -9.207139e-07  +5.665971e-07  +1.983418e-06  +4.802690e-06  -6.688296e-06  -4.064903e-06  +2.860109e-05  -9.030073e-06  +1.441172e-06  -7.300529e-07  +1.293458e-03  +1.939004e-07  +1.093937e-07  +1.420432e-03  -8.087364e-08  +6.567769e-08  +4.448791e-04  -1.987208e-08  +5.166662e-07  +1.117389e-03  
-7.737937e-07  -9.847813e-08  +6.632034e-06  +1.295274e-06  -7.707800e-07  -4.800729e-06  -1.570185e-05  -8.863048e-06  +9.769549e-06  -6.901619e-05  +3.382810e-05  -7.300529e-07  +2.458896e-06  -1.909052e-03  -2.752694e-07  -5.090536e-07  -5.749708e-03  +2.165183e-07  -4.731551e-07  -3.754453e-03  -2.414224e-07  -5.857229e-07  -4.715623e-03  
+1.110094e-03  +2.377269e-04  -9.743045e-03  -2.706070e-03  +1.555862e-03  +8.148916e-03  +2.520221e-02  +1.364624e-02  -1.511336e-02  +1.084358e-01  -6.175787e-02  +1.293458e-03  -1.909052e-03  +4.121806e+00  -1.003946e-04  +1.827375e-03  +8.453836e+00  +4.000013e-04  -2.687634e-04  +7.563438e+00  +2.318761e-04  +4.568293e-04  +7.470855e+00  
+8.761152e-09  -5.053802e-08  +4.301965e-08  +1.239811e-07  -3.930295e-07  -1.104620e-07  -1.093934e-06  -2.973048e-06  +2.104059e-07  -1.467376e-06  +3.650285e-06  +1.939004e-07  -2.752694e-07  -1.003946e-04  +5.121820e-07  -1.647851e-07  -2.459787e-04  -1.038156e-07  +7.371356e-08  -6.179804e-04  -5.385311e-08  +1.226122e-07  -2.180895e-04  
+6.289466e-07  +2.153168e-08  -5.095770e-06  -1.185122e-06  +3.401839e-07  +4.630397e-06  +1.479226e-05  +1.909780e-05  -7.993697e-06  +5.945171e-05  -4.358508e-05  +1.093937e-07  -5.090536e-07  +1.827375e-03  -1.647851e-07  +2.068939e-06  +5.989720e-03  +4.673495e-07  -4.448798e-07  +5.435535e-03  +9.533645e-09  +1.234562e-07  +4.768849e-03  
+3.503409e-03  +2.398466e-04  -2.837740e-02  -2.313055e-03  +3.251769e-03  +2.449262e-02  +7.797469e-02  +9.059815e-02  -4.486997e-02  +3.281403e-01  -2.079226e-01  +1.420432e-03  -5.749708e-03  +8.453836e+00  -2.459787e-04  +5.989720e-03  +3.152048e+01  +1.083901e-03  -6.923140e-06  +2.601447e+01  +9.328057e-04  +9.735421e-04  +2.631336e+01  
+8.302882e-09  +1.217620e-08  -4.269587e-07  -4.105277e-07  -2.296620e-07  +8.240280e-07  +2.626174e-06  +1.716481e-06  -7.429866e-07  +6.397788e-06  -1.158274e-05  -8.087364e-08  +2.165183e-07  +4.000013e-04  -1.038156e-07  +4.673495e-07  +1.083901e-03  +9.862378e-07  -2.286192e-08  +1.154789e-03  -3.856885e-08  -1.704102e-07  +8.715726e-04  
-3.501875e-08  -7.534538e-08  +2.778948e-07  -1.252824e-06  +4.649316e-08  -2.014237e-07  -3.715787e-07  +6.176714e-07  +1.748923e-07  -1.724782e-06  +2.918052e-06  +6.567769e-08  -4.731551e-07  -2.687634e-04  +7.371356e-08  -4.448798e-07  -6.923140e-06  -2.286192e-08  +7.685116e-07  -7.332616e-04  +9.807437e-08  +6.409399e-08  -5.876647e-05  
+2.942818e-03  +2.124628e-04  -2.271846e-02  -1.152925e-03  +2.962070e-03  +2.131648e-02  +6.676131e-02  +7.857904e-02  -3.753040e-02  +2.765433e-01  -1.838804e-01  +4.448791e-04  -3.754453e-03  +7.563438e+00  -6.179804e-04  +5.435535e-03  +2.601447e+01  +1.154789e-03  -7.332616e-04  +2.593030e+01  +5.169801e-04  +6.186875e-05  +2.424116e+01  
+1.121802e-07  +7.835223e-08  -1.182759e-06  -1.920967e-07  +5.255973e-07  +5.877130e-07  +3.007217e-06  +3.310495e-06  -1.611266e-06  +1.087019e-05  -5.707943e-06  -1.987208e-08  -2.414224e-07  +2.318761e-04  -5.385311e-08  +9.533645e-09  +9.328057e-04  -3.856885e-08  +9.807437e-08  +5.169801e-04  +4.600175e-07  -6.832006e-09  +6.135181e-04  
+2.074901e-07  +1.042252e-07  -1.506036e-06  -4.328285e-07  +2.284243e-07  +8.113626e-07  +2.489779e-06  -2.666776e-06  -2.126686e-06  +1.477193e-05  -3.980318e-06  +5.166662e-07  -5.857229e-07  +4.568293e-04  +1.226122e-07  +1.234562e-07  +9.735421e-04  -1.704102e-07  +6.409399e-08  +6.186875e-05  -6.832006e-09  +6.579098e-07  +5.220991e-04  
+2.987962e-03  +1.248943e-04  -2.280022e-02  -3.201782e-03  +3.170018e-03  +2.143610e-02  +6.607233e-02  +7.634570e-02  -3.832089e-02  +2.822213e-01  -1.798014e-01  +1.117389e-03  -4.715623e-03  +7.470855e+00  -2.180895e-04  +4.768849e-03  +2.631336e+01  +8.715726e-04  -5.876647e-05  +2.424116e+01  +6.135181e-04  +5.220991e-04  +2.500091e+01  
