mean:
+3.930097e+00  +3.909711e+00  +6.514800e-01  -1.155163e+00  +1.694900e+00  +5.889295e-01  +9.236063e-01  +2.146064e+00  +1.373393e-01  +2.055251e+00  +4.776214e+00  +1.905501e+00  +3.007201e+00  +8.114617e+02  +4.960011e+00  +4.479822e+00  +2.024348e+03  
covariance:
+2.341045e-05  +8.821725e-06  +2.201890e-05  -2.384327e-05  -3.442573e-06  +2.439446e-06  -1.246529e-05  -8.244093e-05  +6.795734e-06  -9.985304e-05  +3.180720e-04  -5.744616e-07  -1.148518e-07  -6.042134e-03  +1.943550e-07  +8.063670e-07  -5.468475e-03  
+8.821725e-06  +2.659358e-05  -3.067084e-07  -1.506009e-05  -1.181905e-05  -3.200128e-06  -4.581368e-06  +6.338972e-06  +1.816650e-06  -1.048204e-05  -8.060599e-06  +8.506046e-07  +1.028553e-06  -4.916225e-04  -5.195871e-08  +8.531133e-07  -1.492893e-04  
+2.201890e-05  -3.067084e-07  +7.396007e-05  -7.999206e-05  -5.791452e-06  +9.574386e-06  -4.266604e-05  -2.216101e-04  +1.784205e-05  -2.618459e-04  +7.827261e-04  -1.783568e-06  -1.891222e-06  -1.850840e-02  +3.927258e-07  +2.455741e-07  -1.922727e-02  
-2.384327e-05  -1.506009e-05  -7.999206e-05  +6.826177e-04  +2.098404e-05  -4.983723e-05  +2.408776e-04  +5.527458e-04  -5.621317e-05  +5.228065e-04  -1.407053e-03  -2.203092e-06  -1.568132e-06  +8.517929e-02  -2.437247e-07  +1.327703e-06  +1.071314e-01  
-3.442573e-06  -1.181905e-05  -5.791452e-06  +2.098404e-05  +3.091978e-05  -3.981056e-06  +1.691990e-05  +4.359615e-05  -6.305337e-06  +8.204849e-05  -2.171126e-04  -2.987942e-07  -1.245712e-06  +7.637766e-03  -2.076397e-07  -7.350883e-07  +1.105405e-02  
+2.439446e-06  -3.200128e-06  +9.574386e-06  -4.983723e-05  -3.981056e-06  +1.787174e-05  -3.435879e-05  -1.211567e-04  +1.013248e-05  -1.355086e-04  +4.103332e-04  -7.914720e-07  +4.469712e-07  -1.519922e-02  -1.768277e-07  -4.667523e-07  -2.317374e-02  
-1.246529e-05  -4.581368e-06  -4.266604e-05  +2.408776e-04  +1.691990e-05  -3.435879e-05  +1.359190e-04  +3.156508e-04  -3.299749e-05  +3.403851e-04  -9.340609e-04  +1.617775e-06  -2.210242e-06  +4.805609e-02  +3.047028e-07  +6.568018e-07  +6.321702e-02  
-8.244093e-05  +6.338972e-06  -2.216101e-04  +5.527458e-04  +4.359615e-05  -1.211567e-04  +3.156508e-04  +1.527357e-03  -1.086250e-04  +1.531514e-03  -4.680882e-03  +6.453515e-06  +7.378999e-07  +1.410169e-01  +2.795018e-07  +1.987632e-06  +2.002431e-01  
+6.795734e-06  +1.816650e-06  +1.784205e-05  -5.621317e-05  -6.305337e-06  +1.013248e-05  -3.299749e-05  -1.086250e-04  +1.104135e-05  -1.256885e-04  +3.522841e-04  -5.561209e-07  +3.105243e-07  -1.319553e-02  +1.799398e-08  +1.468398e-09  -1.817403e-02  
-9.985304e-05  -1.048204e-05  -2.618459e-04  +5.228065e-04  +8.204849e-05  -1.355086e-04  +3.403851e-04  +1.531514e-03  -1.256885e-04  +1.828463e-03  -5.521899e-03  +8.212135e-06  -2.211657e-06  +1.546840e-01  +8.636947e-08  -8.986908e-07  +2.123629e-01  
+3.180720e-04  -8.060599e-06  +7.827261e-04  -1.407053e-03  -2.171126e-04  +4.103332e-04  -9.340609e-04  -4.680882e-03  +3.522841e-04  -5.521899e-03  +1.757216e-02  -2.621592e-05  +4.999406e-06  -4.406507e-01  +2.647923e-08  +8.430633e-07  -5.843478e-01  
-5.744616e-07  +8.506046e-07  -1.783568e-06  -2.203092e-06  -2.987942e-07  -7.914720e-07  +1.617775e-06  +6.453515e-06  -5.561209e-07  +8.212135e-06  -2.621592e-05  +7.298600e-07  +4.164465e-08  +3.625668e-04  -1.788955e-09  +6.101761e-08  +5.821439e-04  
-1.148518e-07  +1.028553e-06  -1.891222e-06  -1.568132e-06  -1.245712e-06  +4.469712e-07  -2.210242e-06  +7.378999e-07  +3.105243e-07  -2.211657e-06  +4.999406e-06  +4.164465e-08  +7.539644e-07  -6.180098e-04  -7.727265e-08  +1.023531e-07  -6.522499e-04  
-6.042134e-03  -4.916225e-04  -1.850840e-02  +8.517929e-02  +7.637766e-03  -1.519922e-02  +4.805609e-02  +1.410169e-01  -1.319553e-02  +1.546840e-01  -4.406507e-01  +3.625668e-04  -6.180098e-04  +2.017967e+01  +1.617149e-04  +1.349089e-04  +2.557487e+01  
+1.943550e-07  -5.195871e-08  +3.927258e-07  -2.437247e-07  -2.076397e-07  -1.768277e-07  +3.047028e-07  +2.795018e-07  +1.799398e-08  +8.636947e-08  +2.647923e-08  -1.788955e-09  -7.727265e-08  +1.617149e-04  +2.482970e-07  -2.518431e-08  -1.929377e-06  
+8.063670e-07  +8.531133e-07  +2.455741e-07  +1.327703e-06  -7.350883e-07  -4.667523e-07  +6.568018e-07  +1.987632e-06  +1.468398e-09  -8.986908e-07  +8.430633e-07  +6.101761e-08  +1.023531e-07  +1.349089e-04  -2.518431e-08  +4.212892e-07  +6.102401e-04  
-5.468475e-03  -1.492893e-04  -1.922727e-02  +1.071314e-01  +1.105405e-02  -2.317374e-02  +6.321702e-02  +2.002431e-01  -1.817403e-02  +2.123629e-01  -5.843478e-01  +5.821439e-04  -6.522499e-04  +2.557487e+01  -1.929377e-06  +6.102401e-04  +4.591918e+01  
