mean:
+3.982446e+00  +3.977709e+00  +6.047846e-01  +2.024023e+00  +1.271325e+00  +5.029245e-01  +8.366661e-01  +2.214647e+00  +3.976940e-02  +3.905553e+00  +5.839934e+00  +4.573360e+00  +3.238211e+00  +3.261195e+02  +2.590380e+00  +3.725731e+00  +4.572131e+02  +4.640079e+00  +4.959903e+00  +8.049576e+02  +3.990387e+00  +5.154151e+00  +4.388076e+02  
covariance:
+5.670011e-06  -2.395197e-06  -8.368407e-07  +4.459762e-06  -9.093105e-07  -3.371099e-07  +7.602295e-06  +8.362913e-06  -3.607844e-07  +2.240763e-05  -8.526858e-05  -1.591888e-07  -9.647557e-07  -2.845441e-04  -5.408719e-08  -6.100965e-08  +1.600371e-03  -2.516451e-07  -1.498001e-07  +5.296200e-03  +2.763492e-07  +4.390765e-07  +2.015806e-03  
-2.395197e-06  +3.645624e-06  -9.828544e-07  +2.018424e-06  -7.521779e-07  +1.734938e-08  -2.820323e-07  +1.339611e-06  +2.599434e-08  -1.999925e-06  +2.708456e-06  +2.469594e-08  +2.586163e-07  +2.907876e-04  -1.876440e-07  +1.825344e-07  -3.094639e-04  +1.927053e-07  -9.810037e-09  -3.878818e-05  -1.424913e-07  -1.222864e-07  -2.271040e-04  
-8.368407e-07  -9.828544e-07  +1.693788e-05  +1.065123e-05  -6.895850e-06  +1.180530e-06  -1.448028e-05  -2.996370e-05  +5.828628e-07  -3.150780e-05  +1.228842e-04  -3.569349e-07  +5.313021e-07  -2.545320e-03  +1.958714e-06  -9.279936e-07  -3.772392e-03  +5.110455e-08  -3.276369e-07  -8.836557e-03  +1.981553e-07  -5.397272e-07  -4.235986e-03  
+4.459762e-06  +2.018424e-06  +1.065123e-05  +9.247908e-05  -1.462699e-05  -1.671480e-06  +5.020987e-07  -1.745775e-05  +8.446457e-08  +2.219159e-05  -1.859548e-04  -2.963772e-06  +1.385798e-07  -4.258084e-03  +2.670962e-06  -1.200962e-06  -5.536632e-03  +4.419435e-07  -1.930799e-06  +1.541005e-02  -3.055443e-07  +2.231829e-07  -3.849645e-03  
-9.093105e-07  -7.521779e-07  -6.895850e-06  -1.462699e-05  +3.761228e-05  +9.043404e-07  +2.369109e-06  +3.023882e-06  -2.415880e-09  -1.165521e-05  +7.139879e-05  +5.472888e-07  +2.909099e-07  +2.393016e-03  +8.248495e-07  +6.146779e-07  +1.292447e-03  +8.760247e-07  +1.128825e-06  -4.643907e-03  -2.368306e-07  -6.781309e-07  +7.150629e-04  
-3.371099e-07  +1.734938e-08  +1.180530e-06  -1.671480e-06  +9.043404e-07  +1.634201e-06  +1.421587e-06  +4.919053e-07  -1.354964e-07  -7.114536e-07  +3.197057e-05  +9.690713e-08  -4.462468e-08  +2.477231e-04  +2.354364e-09  -1.714868e-07  +3.830419e-04  +2.710861e-07  +1.488832e-07  -3.896104e-03  +2.424095e-07  -2.264708e-07  +5.575982e-05  
+7.602295e-06  -2.820323e-07  -1.448028e-05  +5.020987e-07  +2.369109e-06  +1.421587e-06  +5.197022e-05  +6.474233e-05  -2.539555e-06  +1.218689e-04  -3.646654e-04  +8.082137e-07  -4.628143e-06  +3.447977e-03  -2.299677e-06  +1.247299e-06  +1.226481e-02  -1.797310e-07  +2.287977e-07  +1.963279e-02  +7.862007e-07  +9.672645e-07  +1.495939e-02  
+8.362913e-06  +1.339611e-06  -2.996370e-05  -1.745775e-05  +3.023882e-06  +4.919053e-07  +6.474233e-05  +1.446456e-04  -3.030464e-06  +1.603455e-04  -5.131384e-04  +2.102802e-06  -5.503921e-06  +5.319388e-03  -5.512360e-06  +2.735505e-06  +1.728764e-02  -1.030003e-06  +4.643371e-07  +2.787287e-02  +1.477105e-06  +2.159161e-06  +1.886333e-02  
-3.607844e-07  +2.599434e-08  +5.828628e-07  +8.446457e-08  -2.415880e-09  -1.354964e-07  -2.539555e-06  -3.030464e-06  +1.586018e-07  -6.019187e-06  +1.597104e-05  -5.591045e-08  +2.144813e-07  -1.651227e-04  +1.055581e-07  -5.399810e-08  -6.092693e-04  +1.378194e-08  -1.105935e-08  -7.713698e-04  -4.571700e-08  -4.516871e-08  -7.650860e-04  
+2.240763e-05  -1.999925e-06  -3.150780e-05  +2.219159e-05  -1.165521e-05  -7.114536e-07  +1.218689e-04  +1.603455e-04  -6.019187e-06  +3.286058e-04  -1.060225e-03  +1.980078e-06  -1.101895e-05  +5.442890e-03  -4.939119e-06  +2.989849e-06  +2.919673e-02  -2.934798e-06  -4.836571e-07  +6.281321e-02  +2.032498e-06  +4.500606e-06  +3.814673e-02  
-8.526858e-05  +2.708456e-06  +1.228842e-04  -1.859548e-04  +7.139879e-05  +3.197057e-05  -3.646654e-04  -5.131384e-04  +1.597104e-05  -1.060225e-03  +4.225551e-03  +1.326936e-06  +3.574109e-05  -8.323715e-03  +1.548235e-05  -1.087919e-05  -7.735801e-02  +1.192030e-05  +6.030241e-06  -2.883751e-01  -3.012140e-06  -1.788721e-05  -1.073325e-01  
-1.591888e-07  +2.469594e-08  -3.569349e-07  -2.963772e-06  +5.472888e-07  +9.690713e-08  +8.082137e-07  +2.102802e-06  -5.591045e-08  +1.980078e-06  +1.326936e-06  +3.420073e-07  -2.992180e-08  +2.571241e-04  -8.516910e-08  +5.223746e-08  +5.725305e-04  -8.777644e-08  +1.199616e-07  -2.955001e-04  +8.534723e-09  +4.420765e-08  +6.864526e-04  
-9.647557e-07  +2.586163e-07  +5.313021e-07  +1.385798e-07  +2.909099e-07  -4.462468e-08  -4.628143e-06  -5.503921e-06  +2.144813e-07  -1.101895e-05  +3.574109e-05  -2.992180e-08  +7.800127e-07  -9.690026e-05  +3.903588e-08  -5.142610e-08  -1.108774e-03  +5.250288e-09  -1.637318e-08  -1.852746e-03  -1.381629e-07  +3.211232e-08  -1.333345e-03  
-2.845441e-04  +2.907876e-04  -2.545320e-03  -4.258084e-03  +2.393016e-03  +2.477231e-04  +3.447977e-03  +5.319388e-03  -1.651227e-04  +5.442890e-03  -8.323715e-03  +2.571241e-04  -9.690026e-05  +1.006982e+00  -4.077297e-04  +1.948455e-04  +1.171062e+00  +9.133250e-05  +2.529078e-04  +1.963342e-01  -3.352877e-05  +7.585480e-05  +1.219584e+00  
-5.408719e-08  -1.876440e-07  +1.958714e-06  +2.670962e-06  +8.248495e-07  +2.354364e-09  -2.299677e-06  -5.512360e-06  +1.055581e-07  -4.939119e-06  +1.548235e-05  -8.516910e-08  +3.903588e-08  -4.077297e-04  +6.501343e-07  -1.660207e-07  -7.741065e-04  +5.453635e-08  -5.105028e-08  -8.532997e-04  -5.039013e-08  -2.084466e-07  -6.119609e-04  
-6.100965e-08  +1.825344e-07  -9.279936e-07  -1.200962e-06  +6.146779e-07  -1.714868e-07  +1.247299e-06  +2.735505e-06  -5.399810e-08  +2.989849e-06  -1.087919e-05  +5.223746e-08  -5.142610e-08  +1.948455e-04  -1.660207e-07  +3.478258e-07  +3.140653e-04  -1.090839e-07  +4.437145e-09  +9.682542e-04  -1.121365e-07  +7.409635e-08  +6.164174e-04  
+1.600371e-03  -3.094639e-04  -3.772392e-03  -5.536632e-03  +1.292447e-03  +3.830419e-04  +1.226481e-02  +1.728764e-02  -6.092693e-04  +2.919673e-02  -7.735801e-02  +5.725305e-04  -1.108774e-03  +1.171062e+00  -7.741065e-04  +3.140653e-04  +4.146708e+00  -2.650580e-04  +2.964750e-04  +3.697221e+00  +2.261896e-04  +4.125287e-04  +4.288487e+00  
-2.516451e-07  +1.927053e-07  +5.110455e-08  +4.419435e-07  +8.760247e-07  +2.710861e-07  -1.797310e-07  -1.030003e-06  +1.378194e-08  -2.934798e-06  +1.192030e-05  -8.777644e-08  +5.250288e-09  +9.133250e-05  +5.453635e-08  -1.090839e-07  -2.650580e-04  +3.853947e-07  +2.461157e-08  -1.085073e-03  +4.465923e-08  -1.739484e-07  -5.858141e-04  
-1.498001e-07  -9.810037e-09  -3.276369e-07  -1.930799e-06  +1.128825e-06  +1.488832e-07  +2.287977e-07  +4.643371e-07  -1.105935e-08  -4.836571e-07  +6.030241e-06  +1.199616e-07  -1.637318e-08  +2.529078e-04  -5.105028e-08  +4.437145e-09  +2.964750e-04  +2.461157e-08  +2.305809e-07  -6.017603e-04  +3.652236e-08  +1.627183e-08  +1.870045e-04  
+5.296200e-03  -3.878818e-05  -8.836557e-03  +1.541005e-02  -4.643907e-03  -3.896104e-03  +1.963279e-02  +2.787287e-02  -7.713698e-04  +6.281321e-02  -2.883751e-01  -2.955001e-04  -1.852746e-03  +1.963342e-01  -8.532997e-04  +9.682542e-04  +3.697221e+00  -1.085073e-03  -6.017603e-04  +2.256891e+01  -2.995711e-04  +1.348573e-03  +6.405585e+00  
+2.763492e-07  -1.424913e-07  +1.981553e-07  -3.055443e-07  -2.368306e-07  +2.424095e-07  +7.862007e-07  +1.477105e-06  -4.571700e-08  +2.032498e-06  -3.012140e-06  +8.534723e-09  -1.381629e-07  -3.352877e-05  -5.039013e-08  -1.121365e-07  +2.261896e-04  +4.465923e-08  +3.652236e-08  -2.995711e-04  +3.125726e-07  +5.165281e-08  -7.767383e-05  
+4.390765e-07  -1.222864e-07  -5.397272e-07  +2.231829e-07  -6.781309e-07  -2.264708e-07  +9.672645e-07  +2.159161e-06  -4.516871e-08  +4.500606e-06  -1.788721e-05  +4.420765e-08  +3.211232e-08  +7.585480e-05  -2.084466e-07  +7.409635e-08  +4.125287e-04  -1.739484e-07  +1.627183e-08  +1.348573e-03  +5.165281e-08  +4.090922e-07  +4.060488e-04  
+2.015806e-03  -2.271040e-04  -4.235986e-03  -3.849645e-03  +7.150629e-04  +5.575982e-05  +1.495939e-02  +1.886333e-02  -7.650860e-04  +3.814673e-02  -1.073325e-01  +6.864526e-04  -1.333345e-03  +1.219584e+00  -6.119609e-04  +6.164174e-04  +4.288487e+00  -5.858141e-04  +1.870045e-04  +6.405585e+00  -7.767383e-05  +4.060488e-04  +6.255190e+00  
