mean:
+3.961691e+00  +3.927562e+00  +5.698824e-01  -1.160215e+00  +1.694342e+00  +4.821595e-01  +9.329563e-01  +2.122658e+00  +1.447635e-01  +2.016432e+00  +4.915339e+00  +1.634907e+00  +2.882815e+00  +8.019017e+02  +4.800032e+00  +4.399873e+00  +2.033481e+03  
covariance:
+7.156398e-06  +4.771131e-07  -9.747980e-07  -1.078388e-06  +6.858253e-07  +1.316511e-07  -4.243596e-07  -3.939250e-06  +6.674246e-07  -9.562884e-08  -3.827289e-07  -3.603879e-07  -5.082173e-07  +3.701339e-04  -1.321647e-07  +2.254674e-07  -2.622066e-03  
+4.771131e-07  +9.682626e-06  -8.554974e-08  +6.829523e-06  +1.150295e-06  -2.728018e-07  +7.911641e-07  +8.713809e-06  +2.482750e-07  +3.871178e-06  -6.698482e-06  +4.772172e-08  -1.250556e-07  +1.757234e-06  -8.154690e-08  -4.960797e-08  +2.183629e-03  
-9.747980e-07  -8.554974e-08  +2.374369e-04  +1.179139e-05  -2.698671e-05  +7.223349e-05  -2.246399e-04  +1.088345e-05  +6.193151e-05  -3.768701e-04  +5.780635e-04  -7.055997e-06  -6.234280e-06  -1.242741e-02  -1.170055e-06  +2.093392e-06  -1.601817e-01  
-1.078388e-06  +6.829523e-06  +1.179139e-05  +1.106784e-04  +1.293421e-05  +4.504855e-06  +4.315376e-05  -5.355541e-05  -5.061077e-06  +6.085343e-05  -2.543816e-04  -7.234803e-07  +1.145890e-07  -7.496013e-03  -5.005840e-07  +3.408199e-06  +5.394564e-02  
+6.858253e-07  +1.150295e-06  -2.698671e-05  +1.293421e-05  +3.506496e-05  -9.796309e-07  +1.343546e-05  -3.146018e-06  -8.812613e-07  -1.072358e-07  -3.638051e-05  +7.131220e-07  +1.497741e-06  -1.289042e-03  -2.327817e-07  -6.982656e-07  +1.135395e-02  
+1.316511e-07  -2.728018e-07  +7.223349e-05  +4.504855e-06  -9.796309e-07  +4.816259e-05  -1.216495e-04  -1.047618e-04  +3.435784e-05  -2.113057e-04  +2.430610e-04  -4.188598e-06  -2.772774e-06  -1.129835e-02  -2.960124e-07  +8.754957e-07  -7.509341e-02  
-4.243596e-07  +7.911641e-07  -2.246399e-04  +4.315376e-05  +1.343546e-05  -1.216495e-04  +5.204517e-04  -6.044689e-05  -1.219053e-04  +8.357641e-04  -1.674236e-03  +9.394767e-06  +6.819597e-06  +8.712135e-03  +1.141639e-06  -9.157655e-07  +3.785328e-01  
-3.939250e-06  +8.713809e-06  +1.088345e-05  -5.355541e-05  -3.146018e-06  -1.047618e-04  -6.044689e-05  +1.455631e-03  -1.117329e-05  -1.380337e-04  +1.327230e-03  +1.372539e-05  +5.974749e-06  +4.665922e-02  -3.339737e-06  -7.753213e-06  -1.206792e-01  
+6.674246e-07  +2.482750e-07  +6.193151e-05  -5.061077e-06  -8.812613e-07  +3.435784e-05  -1.219053e-04  -1.117329e-05  +3.276186e-05  -2.121165e-04  +3.455450e-04  -2.885424e-06  -1.849987e-06  -4.387616e-03  -2.266734e-07  +8.632887e-08  -8.673344e-02  
-9.562884e-08  +3.871178e-06  -3.768701e-04  +6.085343e-05  -1.072358e-07  -2.113057e-04  +8.357641e-04  -1.380337e-04  -2.121165e-04  +1.483202e-03  -2.666257e-03  +1.614076e-05  +9.755393e-06  +2.097859e-02  +1.866378e-06  +2.021305e-06  +6.126361e-01  
-3.827289e-07  -6.698482e-06  +5.780635e-04  -2.543816e-04  -3.638051e-05  +2.430610e-04  -1.674236e-03  +1.327230e-03  +3.455450e-04  -2.666257e-03  +7.174598e-03  -1.089441e-05  -8.519631e-06  +3.671843e-02  -5.927475e-06  -2.241542e-06  -1.339491e+00  
-3.603879e-07  +4.772172e-08  -7.055997e-06  -7.234803e-07  +7.131220e-07  -4.188598e-06  +9.394767e-06  +1.372539e-05  -2.885424e-06  +1.614076e-05  -1.089441e-05  +1.372402e-06  +3.142458e-07  +1.280105e-03  -5.921274e-08  -2.111607e-07  +5.482443e-03  
-5.082173e-07  -1.250556e-07  -6.234280e-06  +1.145890e-07  +1.497741e-06  -2.772774e-06  +6.819597e-06  +5.974749e-06  -1.849987e-06  +9.755393e-06  -8.519631e-06  +3.142458e-07  +1.038263e-06  +3.632143e-04  +2.048981e-08  -5.354287e-08  +5.153973e-03  
+3.701339e-04  +1.757234e-06  -1.242741e-02  -7.496013e-03  -1.289042e-03  -1.129835e-02  +8.712135e-03  +4.665922e-02  -4.387616e-03  +2.097859e-02  +3.671843e-02  +1.280105e-03  +3.632143e-04  +9.760139e+00  +3.617161e-04  -2.253467e-04  -4.214226e+00  
-1.321647e-07  -8.154690e-08  -1.170055e-06  -5.005840e-07  -2.327817e-07  -2.960124e-07  +1.141639e-06  -3.339737e-06  -2.266734e-07  +1.866378e-06  -5.927475e-06  -5.921274e-08  +2.048981e-08  +3.617161e-04  +3.781762e-07  -9.003509e-08  +7.060798e-04  
+2.254674e-07  -4.960797e-08  +2.093392e-06  +3.408199e-06  -6.982656e-07  +8.754957e-07  -9.157655e-07  -7.753213e-06  +8.632887e-08  +2.021305e-06  -2.241542e-06  -2.111607e-07  -5.354287e-08  -2.253467e-04  -9.003509e-08  +9.638168e-07  +5.502441e-04  
-2.622066e-03  +2.183629e-03  -1.601817e-01  +5.394564e-02  +1.135395e-02  -7.509341e-02  +3.785328e-01  -1.206792e-01  -8.673344e-02  +6.126361e-01  -1.339491e+00  +5.482443e-03  +5.153973e-03  -4.214226e+00  +7.060798e-04  +5.502441e-04  +3.082361e+02  
