mean:
+4.018773e+00  +3.960359e+00  +8.684037e-01  +1.289573e+00  +1.244997e+00  +5.041509e-01  +8.492336e-01  +1.404378e+00  +1.668636e-01  +2.036647e+00  +5.571957e+00  +3.659248e+00  +2.856790e+00  +2.100399e+02  +4.310467e+00  +5.128301e+00  +2.874005e+02  +5.252214e+00  +3.797549e+00  +3.296811e+02  +2.879761e+00  +4.480336e+00  +3.938818e+02  
covariance:
+5.865658e-06  +6.688219e-07  -2.005405e-06  -2.435286e-05  -2.148092e-06  -4.990419e-06  +6.157032e-06  +1.168138e-05  +1.589467e-05  -1.492823e-04  +3.621179e-04  -1.506649e-06  -1.561625e-06  -3.560676e-04  +1.118354e-06  -1.346675e-06  -8.108259e-03  +3.387880e-07  -1.757618e-07  -6.711156e-03  -5.489815e-07  +9.136101e-08  -4.295164e-03  
+6.688219e-07  +2.345116e-06  -3.119094e-07  -3.066338e-06  -2.418041e-07  -4.291243e-07  +1.009494e-06  -8.112245e-07  +1.310920e-06  -1.350189e-05  +3.455076e-05  -2.029706e-07  +2.541726e-08  +1.009034e-04  +7.280951e-08  -4.894704e-08  -1.031379e-03  +5.002200e-08  -1.532488e-08  -6.176559e-04  -5.878435e-08  +9.452623e-08  -3.652299e-04  
-2.005405e-06  -3.119094e-07  +3.259881e-05  -1.008515e-05  -2.893090e-07  -5.445096e-06  +2.512200e-05  -1.529805e-05  -2.532839e-05  +1.437842e-04  -3.411136e-05  +3.519019e-06  -1.083952e-06  +5.081762e-03  -2.870650e-06  -1.064985e-06  +8.321088e-03  -1.850929e-06  +4.521886e-07  +2.706714e-04  -7.421446e-07  +1.236247e-07  +6.465479e-03  
-2.435286e-05  -3.066338e-06  -1.008515e-05  +2.609192e-04  +1.597083e-05  +3.158826e-05  -7.173342e-05  -6.577763e-05  -6.752203e-05  +7.555780e-04  -2.132929e-03  +7.732709e-06  +1.130058e-05  +3.204361e-03  -7.266844e-06  +1.081158e-05  +4.261660e-02  -9.697877e-07  +2.364739e-06  +4.548446e-02  +3.995464e-06  +5.948544e-07  +1.479244e-02  
-2.148092e-06  -2.418041e-07  -2.893090e-07  +1.597083e-05  +7.793206e-06  +3.902090e-06  -5.039814e-06  -5.873910e-06  -6.490619e-06  +6.998031e-05  -1.936012e-04  +8.723825e-07  +6.297432e-07  +3.066732e-04  -4.810530e-07  +4.647994e-07  +4.538757e-03  -2.197958e-07  +2.145187e-07  +3.701851e-03  +6.353301e-07  -2.221985e-07  +1.360259e-03  
-4.990419e-06  -4.291243e-07  -5.445096e-06  +3.158826e-05  +3.902090e-06  +1.307267e-05  -1.766023e-05  -5.902781e-06  -1.132687e-05  +1.440479e-04  -4.863476e-04  +9.422411e-07  +1.489169e-06  -2.212284e-03  +1.539725e-08  +1.617075e-06  +9.091713e-03  +2.309571e-07  +4.203069e-07  +7.240829e-03  +1.343512e-06  -6.883446e-07  +4.294006e-03  
+6.157032e-06  +1.009494e-06  +2.512200e-05  -7.173342e-05  -5.039814e-06  -1.766023e-05  +7.593537e-05  +1.274124e-05  -8.300685e-06  -1.156359e-04  +7.169319e-04  -2.035427e-07  -2.119311e-06  +6.173057e-03  +6.181431e-07  -3.898452e-06  -1.090921e-02  -6.058028e-07  +2.932733e-07  -9.521198e-03  -8.015884e-07  +3.047582e-07  -2.013011e-03  
+1.168138e-05  -8.112245e-07  -1.529805e-05  -6.577763e-05  -5.873910e-06  -5.902781e-06  +1.274124e-05  +2.868997e-04  +5.402126e-05  -4.810417e-04  +8.748672e-04  -7.693834e-06  -8.025734e-06  -8.070357e-03  +8.192754e-06  -6.330251e-06  -2.819187e-02  +2.691025e-06  -1.664085e-06  -1.703976e-02  -4.380648e-06  -4.278248e-06  -2.242811e-02  
+1.589467e-05  +1.310920e-06  -2.532839e-05  -6.752203e-05  -6.490619e-06  -1.132687e-05  -8.300685e-06  +5.402126e-05  +7.565268e-05  -6.120974e-04  +1.190261e-03  -7.083298e-06  -5.493974e-06  -4.884839e-03  +5.393987e-06  -4.083703e-06  -3.243989e-02  +1.845965e-06  -8.837041e-07  -2.255551e-02  -1.674001e-06  -1.349787e-08  -1.967829e-02  
-1.492823e-04  -1.350189e-05  +1.437842e-04  +7.555780e-04  +6.998031e-05  +1.440479e-04  -1.156359e-04  -4.810417e-04  -6.120974e-04  +5.436403e-03  -1.191207e-02  +5.944590e-05  +5.260807e-05  +2.486116e-02  -4.520725e-05  +4.459438e-05  +2.998294e-01  -1.401365e-05  +7.601956e-06  +2.159033e-01  +1.727797e-05  -9.461178e-07  +1.690949e-01  
+3.621179e-04  +3.455076e-05  -3.411136e-05  -2.132929e-03  -1.936012e-04  -4.863476e-04  +7.169319e-04  +8.748672e-04  +1.190261e-03  -1.191207e-02  +3.104512e-02  -1.114520e-04  -1.302408e-04  +1.482064e-03  +7.478469e-05  -1.180162e-04  -6.626780e-01  +2.010841e-05  -1.713711e-05  -5.551087e-01  -5.597208e-05  +6.268568e-06  -3.450732e-01  
-1.506649e-06  -2.029706e-07  +3.519019e-06  +7.732709e-06  +8.723825e-07  +9.422411e-07  -2.035427e-07  -7.693834e-06  -7.083298e-06  +5.944590e-05  -1.114520e-04  +1.275495e-06  +5.058825e-07  +7.912033e-04  -6.708645e-07  +4.450770e-07  +3.558275e-03  -2.203642e-07  +1.728801e-07  +2.153048e-03  +1.626600e-07  +9.798165e-08  +2.168952e-03  
-1.561625e-06  +2.541726e-08  -1.083952e-06  +1.130058e-05  +6.297432e-07  +1.489169e-06  -2.119311e-06  -8.025734e-06  -5.493974e-06  +5.260807e-05  -1.302408e-04  +5.058825e-07  +2.006812e-06  +1.001092e-04  -5.327873e-07  +8.554834e-07  +2.364705e-03  -5.333054e-08  +6.559771e-08  +3.089883e-03  +4.273794e-07  +9.816415e-08  +1.395149e-03  
-3.560676e-04  +1.009034e-04  +5.081762e-03  +3.204361e-03  +3.066732e-04  -2.212284e-03  +6.173057e-03  -8.070357e-03  -4.884839e-03  +2.486116e-02  +1.482064e-03  +7.912033e-04  +1.001092e-04  +2.554917e+00  -6.787768e-04  +1.518249e-05  +8.116868e-01  -3.492723e-04  +1.698429e-04  +1.119039e+00  -4.004970e-05  +6.038366e-04  +6.114475e-01  
+1.118354e-06  +7.280951e-08  -2.870650e-06  -7.266844e-06  -4.810530e-07  +1.539725e-08  +6.181431e-07  +8.192754e-06  +5.393987e-06  -4.520725e-05  +7.478469e-05  -6.708645e-07  -5.327873e-07  -6.787768e-04  +1.093079e-06  -2.974065e-07  -2.324451e-03  +4.057767e-07  -5.955070e-08  -1.633985e-03  +7.323398e-08  -4.139087e-08  -1.448686e-03  
-1.346675e-06  -4.894704e-08  -1.064985e-06  +1.081158e-05  +4.647994e-07  +1.617075e-06  -3.898452e-06  -6.330251e-06  -4.083703e-06  +4.459438e-05  -1.180162e-04  +4.450770e-07  +8.554834e-07  +1.518249e-05  -2.974065e-07  +1.106007e-06  +2.417500e-03  +6.774991e-08  +1.397437e-07  +2.232295e-03  +2.564630e-07  +1.182681e-07  +1.200939e-03  
-8.108259e-03  -1.031379e-03  +8.321088e-03  +4.261660e-02  +4.538757e-03  +9.091713e-03  -1.090921e-02  -2.819187e-02  -3.243989e-02  +2.998294e-01  -6.626780e-01  +3.558275e-03  +2.364705e-03  +8.116868e-01  -2.324451e-03  +2.417500e-03  +1.937937e+01  -4.975589e-04  +6.006980e-04  +1.064334e+01  +1.099176e-03  -2.478333e-04  +9.656546e+00  
+3.387880e-07  +5.002200e-08  -1.850929e-06  -9.697877e-07  -2.197958e-07  +2.309571e-07  -6.058028e-07  +2.691025e-06  +1.845965e-06  -1.401365e-05  +2.010841e-05  -2.203642e-07  -5.333054e-08  -3.492723e-04  +4.057767e-07  +6.774991e-08  -4.975589e-04  +9.029685e-07  -1.289222e-08  -4.147885e-04  +1.599363e-07  +8.874043e-09  -4.569870e-04  
-1.757618e-07  -1.532488e-08  +4.521886e-07  +2.364739e-06  +2.145187e-07  +4.203069e-07  +2.932733e-07  -1.664085e-06  -8.837041e-07  +7.601956e-06  -1.713711e-05  +1.728801e-07  +6.559771e-08  +1.698429e-04  -5.955070e-08  +1.397437e-07  +6.006980e-04  -1.289222e-08  +6.349759e-07  +1.712644e-04  +1.715182e-07  -1.117101e-08  +2.273421e-04  
-6.711156e-03  -6.176559e-04  +2.706714e-04  +4.548446e-02  +3.701851e-03  +7.240829e-03  -9.521198e-03  -1.703976e-02  -2.255551e-02  +2.159033e-01  -5.551087e-01  +2.153048e-03  +3.089883e-03  +1.119039e+00  -1.633985e-03  +2.232295e-03  +1.064334e+01  -4.147885e-04  +1.712644e-04  +1.269765e+01  +1.137804e-03  +4.114378e-05  +5.632432e+00  
-5.489815e-07  -5.878435e-08  -7.421446e-07  +3.995464e-06  +6.353301e-07  +1.343512e-06  -8.015884e-07  -4.380648e-06  -1.674001e-06  +1.727797e-05  -5.597208e-05  +1.626600e-07  +4.273794e-07  -4.004970e-05  +7.323398e-08  +2.564630e-07  +1.099176e-03  +1.599363e-07  +1.715182e-07  +1.137804e-03  +7.157041e-07  +7.601800e-08  +6.377369e-04  
+9.136101e-08  +9.452623e-08  +1.236247e-07  +5.948544e-07  -2.221985e-07  -6.883446e-07  +3.047582e-07  -4.278248e-06  -1.349787e-08  -9.461178e-07  +6.268568e-06  +9.798165e-08  +9.816415e-08  +6.038366e-04  -4.139087e-08  +1.182681e-07  -2.478333e-04  +8.874043e-09  -1.117101e-08  +4.114378e-05  +7.601800e-08  +7.031758e-07  -3.218932e-05  
-4.295164e-03  -3.652299e-04  +6.465479e-03  +1.479244e-02  +1.360259e-03  +4.294006e-03  -2.013011e-03  -2.242811e-02  -1.967829e-02  +1.690949e-01  -3.450732e-01  +2.168952e-03  +1.395149e-03  +6.114475e-01  -1.448686e-03  +1.200939e-03  +9.656546e+00  -4.569870e-04  +2.273421e-04  +5.632432e+00  +6.377369e-04  -3.218932e-05  +7.494690e+00  
