mean:
+3.967118e+00  +4.003507e+00  +6.210146e-01  +1.970686e+00  +1.295305e+00  +6.026870e-01  +8.272679e-01  +2.190608e+00  +3.791290e-02  +3.863697e+00  +5.963068e+00  +4.623811e+00  +3.191312e+00  +3.255194e+02  +2.671202e+00  +3.677545e+00  +4.557352e+02  +4.720071e+00  +4.879907e+00  +8.035424e+02  +3.938255e+00  +5.173483e+00  +4.346654e+02  
covariance:
+2.004691e-06  -1.476852e-07  +5.351088e-07  -1.276217e-06  +2.160289e-07  +1.926149e-08  +6.955502e-07  -1.871001e-06  -3.609630e-08  +1.005079e-06  -3.170013e-07  -9.323123e-08  +5.347545e-08  -3.494134e-04  -2.387685e-08  +7.255369e-08  +1.283491e-04  -1.883298e-08  -5.952294e-09  -2.843640e-04  +9.481959e-08  +6.092695e-08  +9.926582e-05  
-1.476852e-07  +4.862918e-06  +1.420873e-06  -1.494923e-06  +3.428237e-07  +2.103216e-07  +9.077202e-07  +1.261767e-06  -2.743961e-08  +1.980462e-06  -1.089353e-06  +1.320475e-07  -9.087034e-08  -2.345232e-04  +2.810165e-07  +1.913705e-07  +2.832237e-04  -1.430613e-07  -1.837224e-07  +1.288895e-04  +1.272642e-07  +1.507755e-08  +2.965100e-04  
+5.351088e-07  +1.420873e-06  +2.487979e-05  +3.267290e-05  +5.493671e-06  +4.266488e-06  +6.444392e-06  +8.330364e-06  -2.496803e-07  +1.179576e-05  -3.991586e-05  -1.108829e-06  -3.326296e-07  -1.582922e-03  +1.175992e-06  +1.385891e-06  -3.162636e-04  -7.967474e-07  -4.036082e-07  +8.143720e-03  +4.694336e-07  +7.010319e-07  +1.014949e-04  
-1.276217e-06  -1.494923e-06  +3.267290e-05  +4.223254e-04  +1.002615e-05  +1.092569e-05  +1.929456e-05  +6.567287e-05  +1.647277e-06  -5.622674e-05  -3.682223e-04  +1.019554e-07  +2.955983e-06  +1.495843e-02  +2.249039e-07  +3.504244e-06  -1.245154e-02  +3.577265e-06  +1.062958e-06  +5.261287e-02  +5.962429e-07  -2.904401e-07  -1.372422e-02  
+2.160289e-07  +3.428237e-07  +5.493671e-06  +1.002615e-05  +3.936754e-05  +2.004709e-06  +1.539268e-05  +2.319371e-05  -5.924183e-07  +1.482438e-05  -1.697117e-05  +1.092096e-06  +4.641858e-07  +2.321279e-03  +5.960703e-07  +7.592406e-07  +1.931526e-03  +4.673753e-07  +1.075660e-06  +4.858970e-03  -1.819409e-06  +4.203232e-07  +6.178388e-03  
+1.926149e-08  +2.103216e-07  +4.266488e-06  +1.092569e-05  +2.004709e-06  +1.129745e-06  +2.112644e-06  +2.428004e-06  -5.586402e-08  +2.469629e-06  -1.170906e-05  -7.428013e-08  -5.639772e-08  -4.431754e-05  +2.746940e-07  +2.398867e-07  -6.773102e-05  -1.286483e-07  +1.485955e-08  +2.095961e-03  +8.559916e-08  +1.610596e-07  +3.880857e-05  
+6.955502e-07  +9.077202e-07  +6.444392e-06  +1.929456e-05  +1.539268e-05  +2.112644e-06  +1.624425e-05  +1.797582e-05  -6.959061e-07  +1.783690e-05  -3.207101e-05  +8.576844e-07  +8.822792e-08  +1.683213e-03  +1.166834e-07  +9.576921e-07  +2.329915e-03  +4.419041e-07  +6.063389e-07  +6.477946e-03  -1.143818e-06  +6.865628e-09  +3.475586e-03  
-1.871001e-06  +1.261767e-06  +8.330364e-06  +6.567287e-05  +2.319371e-05  +2.428004e-06  +1.797582e-05  +7.824745e-05  -5.580975e-07  +1.632168e-05  -7.360917e-05  +2.506321e-06  -8.581815e-07  +7.379898e-03  +4.135882e-08  +3.159055e-06  +1.451238e-03  +1.507036e-06  +1.087812e-06  +1.810092e-02  -2.424212e-06  +2.115431e-07  +3.250582e-03  
-3.609630e-08  -2.743961e-08  -2.496803e-07  +1.647277e-06  -5.924183e-07  -5.586402e-08  -6.959061e-07  -5.580975e-07  +7.238461e-08  -1.440244e-06  -6.697777e-07  -2.771943e-08  +2.401357e-08  +3.240167e-05  -1.302585e-08  -4.136961e-08  -1.996643e-04  +1.576098e-08  -2.134331e-08  -3.488212e-05  +5.710607e-08  -7.010553e-09  -2.556008e-04  
+1.005079e-06  +1.980462e-06  +1.179576e-05  -5.622674e-05  +1.482438e-05  +2.469629e-06  +1.783690e-05  +1.632168e-05  -1.440244e-06  +5.424142e-05  +1.638590e-05  +2.634867e-07  -1.987710e-06  -3.065431e-03  +1.263236e-06  +2.086522e-06  +5.881220e-03  -1.318327e-06  +5.234306e-07  +1.590590e-03  -1.150746e-06  +7.435563e-07  +6.815753e-03  
-3.170013e-07  -1.089353e-06  -3.991586e-05  -3.682223e-04  -1.697117e-05  -1.170906e-05  -3.207101e-05  -7.360917e-05  -6.697777e-07  +1.638590e-05  +3.942223e-04  +2.026529e-07  -1.766088e-06  -1.181969e-02  -7.812787e-07  -6.011057e-06  +8.540282e-03  -2.497269e-06  -6.149017e-07  -5.687797e-02  +1.675295e-07  -2.500134e-07  +8.656655e-03  
-9.323123e-08  +1.320475e-07  -1.108829e-06  +1.019554e-07  +1.092096e-06  -7.428013e-08  +8.576844e-07  +2.506321e-06  -2.771943e-08  +2.634867e-07  +2.026529e-07  +5.438126e-07  -8.494680e-08  +4.971068e-04  +2.200917e-08  +1.777322e-09  +2.300586e-04  +1.632415e-07  +5.867391e-08  +2.176810e-04  -1.098235e-07  +6.482714e-08  +2.458515e-04  
+5.347545e-08  -9.087034e-08  -3.326296e-07  +2.955983e-06  +4.641858e-07  -5.639772e-08  +8.822792e-08  -8.581815e-07  +2.401357e-08  -1.987710e-06  -1.766088e-06  -8.494680e-08  +4.380073e-07  +1.560665e-04  -1.421490e-07  -1.286300e-07  -2.036175e-04  +7.477072e-08  -1.225976e-09  +1.094226e-04  -1.880477e-08  +1.875553e-09  -4.704481e-05  
-3.494134e-04  -2.345232e-04  -1.582922e-03  +1.495843e-02  +2.321279e-03  -4.431754e-05  +1.683213e-03  +7.379898e-03  +3.240167e-05  -3.065431e-03  -1.181969e-02  +4.971068e-04  +1.560665e-04  +1.820825e+00  -2.674438e-04  +7.520561e-05  -1.677966e-01  +5.415096e-04  +2.310908e-04  +2.229927e+00  -3.575767e-04  -1.556902e-04  +1.083076e-02  
-2.387685e-08  +2.810165e-07  +1.175992e-06  +2.249039e-07  +5.960703e-07  +2.746940e-07  +1.166834e-07  +4.135882e-08  -1.302585e-08  +1.263236e-06  -7.812787e-07  +2.200917e-08  -1.421490e-07  -2.674438e-04  +3.500193e-07  +1.193708e-07  +9.551714e-06  -1.496858e-07  -2.792325e-08  +2.071610e-04  +9.216015e-08  +1.290912e-07  +1.271013e-05  
+7.255369e-08  +1.913705e-07  +1.385891e-06  +3.504244e-06  +7.592406e-07  +2.398867e-07  +9.576921e-07  +3.159055e-06  -4.136961e-08  +2.086522e-06  -6.011057e-06  +1.777322e-09  -1.286300e-07  +7.520561e-05  +1.193708e-07  +4.294095e-07  +5.021543e-05  -8.213651e-09  -5.844266e-11  +1.245669e-03  -6.676210e-08  +5.992896e-08  +1.136844e-04  
+1.283491e-04  +2.832237e-04  -3.162636e-04  -1.245154e-02  +1.931526e-03  -6.773102e-05  +2.329915e-03  +1.451238e-03  -1.996643e-04  +5.881220e-03  +8.540282e-03  +2.300586e-04  -2.036175e-04  -1.677966e-01  +9.551714e-06  +5.021543e-05  +1.166097e+00  -2.519289e-05  +5.678384e-05  -8.752064e-01  -2.476478e-04  -1.478517e-05  +1.091495e+00  
-1.883298e-08  -1.430613e-07  -7.967474e-07  +3.577265e-06  +4.673753e-07  -1.286483e-07  +4.419041e-07  +1.507036e-06  +1.576098e-08  -1.318327e-06  -2.497269e-06  +1.632415e-07  +7.477072e-08  +5.415096e-04  -1.496858e-07  -8.213651e-09  -2.519289e-05  +3.017718e-07  +5.351473e-08  +3.882014e-04  -1.136040e-07  -6.725507e-08  -1.050379e-05  
-5.952294e-09  -1.837224e-07  -4.036082e-07  +1.062958e-06  +1.075660e-06  +1.485955e-08  +6.063389e-07  +1.087812e-06  -2.134331e-08  +5.234306e-07  -6.149017e-07  +5.867391e-08  -1.225976e-09  +2.310908e-04  -2.792325e-08  -5.844266e-11  +5.678384e-05  +5.351473e-08  +1.974016e-07  +2.132644e-04  -8.861987e-08  -2.420077e-08  +1.624882e-04  
-2.843640e-04  +1.288895e-04  +8.143720e-03  +5.261287e-02  +4.858970e-03  +2.095961e-03  +6.477946e-03  +1.810092e-02  -3.488212e-05  +1.590590e-03  -5.687797e-02  +2.176810e-04  +1.094226e-04  +2.229927e+00  +2.071610e-04  +1.245669e-03  -8.752064e-01  +3.882014e-04  +2.132644e-04  +1.019229e+01  -3.227662e-04  +2.374527e-04  -5.250638e-01  
+9.481959e-08  +1.272642e-07  +4.694336e-07  +5.962429e-07  -1.819409e-06  +8.559916e-08  -1.143818e-06  -2.424212e-06  +5.710607e-08  -1.150746e-06  +1.675295e-07  -1.098235e-07  -1.880477e-08  -3.575767e-04  +9.216015e-08  -6.676210e-08  -2.476478e-04  -1.136040e-07  -8.861987e-08  -3.227662e-04  +4.177739e-07  +5.544896e-08  -5.508956e-04  
+6.092695e-08  +1.507755e-08  +7.010319e-07  -2.904401e-07  +4.203232e-07  +1.610596e-07  +6.865628e-09  +2.115431e-07  -7.010553e-09  +7.435563e-07  -2.500134e-07  +6.482714e-08  +1.875553e-09  -1.556902e-04  +1.290912e-07  +5.992896e-08  -1.478517e-05  -6.725507e-08  -2.420077e-08  +2.374527e-04  +5.544896e-08  +2.340410e-07  +3.610787e-05  
+9.926582e-05  +2.965100e-04  +1.014949e-04  -1.372422e-02  +6.178388e-03  +3.880857e-05  +3.475586e-03  +3.250582e-03  -2.556008e-04  +6.815753e-03  +8.656655e-03  +2.458515e-04  -4.704481e-05  +1.083076e-02  +1.271013e-05  +1.136844e-04  +1.091495e+00  -1.050379e-05  +1.624882e-04  -5.250638e-01  -5.508956e-04  +3.610787e-05  +2.127074e+00  
