mean:
+3.945118e+00  +3.932746e+00  +8.689032e-01  +1.425777e+00  +1.424376e+00  +5.056399e-01  +7.925788e-01  +1.339004e+00  +1.757101e-01  +1.805328e+00  +6.005651e+00  +3.546829e+00  +2.643193e+00  +1.980764e+02  +4.274546e+00  +5.295457e+00  +2.753777e+02  +5.395013e+00  +3.765043e+00  +3.272968e+02  +2.639402e+00  +4.559787e+00  +3.939405e+02  
covariance:
+5.972255e-06  -5.461520e-06  -1.643007e-05  -3.356058e-05  +4.892951e-06  -2.854021e-06  -1.020687e-06  -1.904392e-05  +4.713296e-06  -1.150489e-05  +1.076958e-05  -4.642365e-07  +1.296678e-05  +9.725640e-04  +1.898976e-05  +2.976112e-07  -1.591591e-03  +6.537833e-06  +1.147697e-05  -1.315162e-03  -4.484150e-07  -1.651922e-07  -2.514644e-03  
-5.461520e-06  +1.403605e-05  +2.088645e-05  +5.867480e-05  -1.424318e-05  +4.196160e-06  -4.298155e-06  +1.193751e-05  -2.314653e-06  +5.159280e-06  +4.049847e-06  +9.052479e-07  -2.146264e-05  -5.459785e-04  -3.317442e-05  -1.248240e-06  -2.565306e-04  -9.681170e-06  -1.936449e-05  +2.961336e-03  +6.296254e-07  -1.271171e-06  +3.252287e-03  
-1.643007e-05  +2.088645e-05  +2.893108e-04  +6.001227e-04  -5.528208e-05  +4.573456e-05  +2.782516e-05  +3.134261e-04  -3.433890e-05  +2.050600e-04  -1.165311e-04  +9.445552e-06  -2.259388e-04  -1.769946e-02  -3.073077e-04  +5.955137e-06  +3.742629e-02  -1.081423e-04  -1.905772e-04  +2.048690e-02  +1.655954e-06  +1.071952e-05  +4.219723e-02  
-3.356058e-05  +5.867480e-05  +6.001227e-04  +1.574143e-03  -1.312063e-04  +1.097222e-04  +6.573036e-05  +6.911751e-04  -7.620484e-05  +4.850483e-04  -2.932327e-04  +1.729527e-05  -4.961401e-04  -2.546721e-02  -6.820316e-04  +1.333622e-05  +7.663434e-02  -2.275209e-04  -4.255441e-04  +3.709334e-02  +4.276181e-06  +2.465619e-05  +1.040390e-01  
+4.892951e-06  -1.424318e-05  -5.528208e-05  -1.312063e-04  +4.282710e-05  -8.998189e-06  -2.224766e-06  -7.166580e-05  +5.360785e-06  -2.487353e-05  +4.608868e-06  -1.889298e-06  +5.128743e-05  +2.181438e-03  +6.295767e-05  +6.764901e-07  -7.757214e-03  +2.156195e-05  +3.877867e-05  -4.198121e-03  -1.493103e-08  -4.807545e-07  -9.768661e-03  
-2.854021e-06  +4.196160e-06  +4.573456e-05  +1.097222e-04  -8.998189e-06  +9.053908e-06  +3.224927e-06  +3.812250e-05  -6.197908e-06  +3.957362e-05  -2.144202e-05  +1.515170e-06  -3.723404e-05  -2.827761e-03  -5.215318e-05  +1.416062e-06  +5.320588e-03  -1.756632e-05  -3.178848e-05  +2.923761e-03  +4.877004e-07  +1.976225e-06  +6.929072e-03  
-1.020687e-06  -4.298155e-06  +2.782516e-05  +6.573036e-05  -2.224766e-06  +3.224927e-06  +3.461996e-05  +1.327495e-04  -7.537587e-06  +2.757398e-05  -7.418862e-05  +4.335323e-07  -1.428172e-05  +3.649176e-03  -3.058708e-06  +3.528369e-06  +1.169042e-02  -2.846126e-06  -4.741913e-06  -3.280125e-03  -1.032731e-06  +2.031880e-06  +7.032916e-03  
-1.904392e-05  +1.193751e-05  +3.134261e-04  +6.911751e-04  -7.166580e-05  +3.812250e-05  +1.327495e-04  +8.813371e-04  -4.788942e-05  +2.137793e-04  -3.084120e-04  +4.968894e-06  -2.288327e-04  +5.860823e-03  -2.336160e-04  +8.123745e-06  +7.412804e-02  -9.059408e-05  -1.610672e-04  +4.097818e-03  -5.271556e-06  +1.337186e-05  +6.784361e-02  
+4.713296e-06  -2.314653e-06  -3.433890e-05  -7.620484e-05  +5.360785e-06  -6.197908e-06  -7.537587e-06  -4.788942e-05  +8.851076e-06  -3.624803e-05  +2.707114e-05  -1.145477e-06  +2.575934e-05  +1.569770e-03  +3.264140e-05  -1.616253e-06  -5.933301e-03  +1.196245e-05  +2.026670e-05  -1.125423e-03  -2.960233e-07  -1.939433e-06  -6.047172e-03  
-1.150489e-05  +5.159280e-06  +2.050600e-04  +4.850483e-04  -2.487353e-05  +3.957362e-05  +2.757398e-05  +2.137793e-04  -3.624803e-05  +2.301005e-04  -1.333362e-04  +6.781587e-06  -1.587822e-04  -1.173744e-02  -2.091420e-04  +1.079118e-05  +3.131640e-02  -7.456605e-05  -1.287839e-04  +8.227550e-03  +1.776077e-06  +1.331959e-05  +3.490832e-02  
+1.076958e-05  +4.049847e-06  -1.165311e-04  -2.932327e-04  +4.608868e-06  -2.144202e-05  -7.418862e-05  -3.084120e-04  +2.707114e-05  -1.333362e-04  +3.115527e-04  +1.584735e-06  +6.562904e-05  -4.270381e-03  +6.906372e-05  -8.862317e-06  -2.699146e-02  +2.659589e-05  +4.791866e-05  +3.486002e-03  -1.519174e-07  -7.258587e-06  -2.091055e-02  
-4.642365e-07  +9.052479e-07  +9.445552e-06  +1.729527e-05  -1.889298e-06  +1.515170e-06  +4.335323e-07  +4.968894e-06  -1.145477e-06  +6.781587e-06  +1.584735e-06  +1.583363e-06  -8.428600e-06  -8.321055e-04  -1.206686e-05  +6.175165e-07  +9.183305e-04  -4.436840e-06  -6.816581e-06  +1.125906e-03  -3.685336e-08  +2.030413e-07  +1.220983e-03  
+1.296678e-05  -2.146264e-05  -2.259388e-04  -4.961401e-04  +5.128743e-05  -3.723404e-05  -1.428172e-05  -2.288327e-04  +2.575934e-05  -1.587822e-04  +6.562904e-05  -8.428600e-06  +1.871552e-04  +1.411015e-02  +2.539204e-04  -3.633544e-06  -2.858128e-02  +8.881465e-05  +1.564618e-04  -1.723966e-02  -1.454852e-06  -8.203188e-06  -3.507354e-02  
+9.725640e-04  -5.459785e-04  -1.769946e-02  -2.546721e-02  +2.181438e-03  -2.827761e-03  +3.649176e-03  +5.860823e-03  +1.569770e-03  -1.173744e-02  -4.270381e-03  -8.321055e-04  +1.411015e-02  +4.063932e+00  +2.263190e-02  -2.768372e-05  -1.174653e+00  +8.225299e-03  +1.374586e-02  -2.029923e+00  -8.964463e-05  -9.361715e-04  -1.118639e+00  
+1.898976e-05  -3.317442e-05  -3.073077e-04  -6.820316e-04  +6.295767e-05  -5.215318e-05  -3.058708e-06  -2.336160e-04  +3.264140e-05  -2.091420e-04  +6.906372e-05  -1.206686e-05  +2.539204e-04  +2.263190e-02  +3.687032e-04  -3.463010e-06  -2.965246e-02  +1.251134e-04  +2.249171e-04  -2.764082e-02  -3.094180e-06  -9.652035e-06  -4.325653e-02  
+2.976112e-07  -1.248240e-06  +5.955137e-06  +1.333622e-05  +6.764901e-07  +1.416062e-06  +3.528369e-06  +8.123745e-06  -1.616253e-06  +1.079118e-05  -8.862317e-06  +6.175165e-07  -3.633544e-06  -2.768372e-05  -3.463010e-06  +1.563753e-06  +1.588328e-03  -1.334255e-06  -1.888971e-06  -1.746695e-04  -2.127790e-08  +4.677515e-07  +7.345842e-04  
-1.591591e-03  -2.565306e-04  +3.742629e-02  +7.663434e-02  -7.757214e-03  +5.320588e-03  +1.169042e-02  +7.412804e-02  -5.933301e-03  +3.131640e-02  -2.699146e-02  +9.183305e-04  -2.858128e-02  -1.174653e+00  -2.965246e-02  +1.588328e-03  +9.512332e+00  -1.215203e-02  -1.983052e-02  +6.052772e-01  -3.278266e-04  +2.615022e-03  +7.648171e+00  
+6.537833e-06  -9.681170e-06  -1.081423e-04  -2.275209e-04  +2.156195e-05  -1.756632e-05  -2.846126e-06  -9.059408e-05  +1.196245e-05  -7.456605e-05  +2.659589e-05  -4.436840e-06  +8.881465e-05  +8.225299e-03  +1.251134e-04  -1.334255e-06  -1.215203e-02  +4.432966e-05  +7.664306e-05  -9.236663e-03  -9.135025e-07  -4.030900e-06  -1.584336e-02  
+1.147697e-05  -1.936449e-05  -1.905772e-04  -4.255441e-04  +3.877867e-05  -3.178848e-05  -4.741913e-06  -1.610672e-04  +2.026670e-05  -1.287839e-04  +4.791866e-05  -6.816581e-06  +1.564618e-04  +1.374586e-02  +2.249171e-04  -1.888971e-06  -1.983052e-02  +7.664306e-05  +1.387382e-04  -1.642191e-02  -1.554196e-06  -6.494903e-06  -2.781136e-02  
-1.315162e-03  +2.961336e-03  +2.048690e-02  +3.709334e-02  -4.198121e-03  +2.923761e-03  -3.280125e-03  +4.097818e-03  -1.125423e-03  +8.227550e-03  +3.486002e-03  +1.125906e-03  -1.723966e-02  -2.029923e+00  -2.764082e-02  -1.746695e-04  +6.052772e-01  -9.236663e-03  -1.642191e-02  +3.510324e+00  +3.324287e-04  -3.718490e-05  +1.701907e+00  
-4.484150e-07  +6.296254e-07  +1.655954e-06  +4.276181e-06  -1.493103e-08  +4.877004e-07  -1.032731e-06  -5.271556e-06  -2.960233e-07  +1.776077e-06  -1.519174e-07  -3.685336e-08  -1.454852e-06  -8.964463e-05  -3.094180e-06  -2.127790e-08  -3.278266e-04  -9.135025e-07  -1.554196e-06  +3.324287e-04  +6.160278e-07  -2.005669e-09  -3.315355e-05  
-1.651922e-07  -1.271171e-06  +1.071952e-05  +2.465619e-05  -4.807545e-07  +1.976225e-06  +2.031880e-06  +1.337186e-05  -1.939433e-06  +1.331959e-05  -7.258587e-06  +2.030413e-07  -8.203188e-06  -9.361715e-04  -9.652035e-06  +4.677515e-07  +2.615022e-03  -4.030900e-06  -6.494903e-06  -3.718490e-05  -2.005669e-09  +1.764288e-06  +2.613860e-03  
-2.514644e-03  +3.252287e-03  +4.219723e-02  +1.040390e-01  -9.768661e-03  +6.929072e-03  +7.032916e-03  +6.784361e-02  -6.047172e-03  +3.490832e-02  -2.091055e-02  +1.220983e-03  -3.507354e-02  -1.118639e+00  -4.325653e-02  +7.345842e-04  +7.648171e+00  -1.584336e-02  -2.781136e-02  +1.701907e+00  -3.315355e-05  +2.613860e-03  +9.742008e+00  
