mean:
+3.998481e+00  +3.956939e+00  +5.833642e-01  +2.017552e+00  +1.197181e+00  +4.035374e-01  +8.667428e-01  +2.205033e+00  +4.065555e-02  +3.865877e+00  +5.892831e+00  +4.477087e+00  +3.301484e+00  +3.277778e+02  +2.492111e+00  +3.692058e+00  +4.581208e+02  +4.639745e+00  +4.959542e+00  +8.049687e+02  +3.992289e+00  +5.120968e+00  +4.354496e+02  
covariance:
+4.876380e-05  -1.616637e-05  +3.352391e-06  +1.024713e-05  -1.032323e-05  -6.782620e-06  -1.366572e-04  -5.831890e-05  +7.125745e-06  -4.838599e-05  +1.996503e-04  -2.370640e-06  +4.274124e-06  -1.127182e-02  -5.648064e-06  -6.627978e-06  -2.062617e-02  +4.392381e-07  -3.656104e-07  -2.279376e-02  +1.127404e-05  -4.380387e-06  -1.719413e-02  
-1.616637e-05  +8.292940e-06  -2.467078e-06  -3.434567e-06  +3.415198e-06  +2.266465e-06  +4.651231e-05  +2.404528e-05  -2.473463e-06  +1.718208e-05  -6.123717e-05  +9.250319e-07  -1.385091e-06  +3.881947e-03  +1.646202e-06  +2.352125e-06  +7.018378e-03  -1.712853e-07  +1.913273e-07  +7.518966e-03  -4.382365e-06  +1.443924e-06  +5.650655e-03  
+3.352391e-06  -2.467078e-06  +1.336068e-05  +2.513825e-06  +2.601755e-06  +7.486003e-07  -2.291886e-05  -3.056411e-05  +1.183067e-06  -9.405698e-06  +2.387636e-05  +1.200048e-07  +6.850653e-07  -2.030706e-03  +6.563865e-07  -5.700534e-07  -1.941395e-03  +3.308933e-07  -7.073624e-07  -4.144453e-03  +2.839090e-06  -1.037476e-06  -1.168889e-03  
+1.024713e-05  -3.434567e-06  +2.513825e-06  +2.844724e-05  +4.349240e-09  -8.983882e-07  -1.872707e-05  -4.867983e-06  +1.154521e-06  -9.005641e-06  +1.581533e-05  -7.250968e-07  +1.544622e-06  -2.199017e-03  -2.130588e-06  -6.026762e-07  -2.423909e-03  +7.831873e-07  -4.283357e-07  -9.670719e-04  +2.639423e-06  -3.977095e-08  -3.083996e-03  
-1.032323e-05  +3.415198e-06  +2.601755e-06  +4.349240e-09  +1.259225e-05  +2.663717e-06  +4.036515e-05  +1.266462e-05  -1.874963e-06  +1.417625e-05  -6.847334e-05  +6.687204e-07  -7.753726e-07  +3.669056e-03  +1.792094e-06  +2.253032e-06  +6.546452e-03  +1.780798e-07  -2.849329e-08  +7.996199e-03  -2.929174e-06  +1.202375e-06  +5.871337e-03  
-6.782620e-06  +2.266465e-06  +7.486003e-07  -8.983882e-07  +2.663717e-06  +1.852197e-06  +1.734628e-05  +8.837478e-06  -9.919177e-07  +7.406485e-06  -2.418956e-05  +3.634107e-07  -2.495896e-07  +1.475611e-03  +7.862912e-07  +1.263217e-06  +2.930612e-03  +1.698197e-07  -8.718508e-08  +2.528261e-03  -1.664365e-06  +5.554772e-07  +2.176656e-03  
-1.366572e-04  +4.651231e-05  -2.291886e-05  -1.872707e-05  +4.036515e-05  +1.734628e-05  +6.187416e-04  +2.398880e-04  -2.819751e-05  +1.871070e-04  -1.002624e-03  +5.194906e-06  -1.713483e-05  +5.045856e-02  +1.782635e-05  +2.391411e-05  +9.146211e-02  -3.088041e-06  +3.089453e-06  +1.189116e-01  -4.028793e-05  +1.837759e-05  +8.384788e-02  
-5.831890e-05  +2.404528e-05  -3.056411e-05  -4.867983e-06  +1.266462e-05  +8.837478e-06  +2.398880e-04  +1.957221e-04  -1.236105e-05  +9.311061e-05  -3.195098e-04  +2.653562e-06  -5.250796e-06  +2.039425e-02  +4.377923e-06  +1.150544e-05  +3.367002e-02  -2.940393e-07  +2.130715e-06  +4.044131e-02  -2.091227e-05  +7.636170e-06  +2.622334e-02  
+7.125745e-06  -2.473463e-06  +1.183067e-06  +1.154521e-06  -1.874963e-06  -9.919177e-07  -2.819751e-05  -1.236105e-05  +1.403196e-06  -9.414788e-06  +4.093612e-05  -3.619345e-07  +7.941497e-07  -2.226690e-03  -8.586109e-07  -1.237201e-06  -4.177802e-03  +8.425854e-08  -1.290197e-07  -5.012607e-03  +2.143771e-06  -8.945995e-07  -3.700917e-03  
-4.838599e-05  +1.718208e-05  -9.405698e-06  -9.005641e-06  +1.417625e-05  +7.406485e-06  +1.871070e-04  +9.311061e-05  -9.414788e-06  +7.152368e-05  -2.514438e-04  +3.007199e-06  -5.326962e-06  +1.459980e-02  +6.162291e-06  +8.796514e-06  +2.737469e-02  -5.677161e-07  +7.700613e-07  +3.170226e-02  -1.497356e-05  +6.332852e-06  +2.379690e-02  
+1.996503e-04  -6.123717e-05  +2.387636e-05  +1.581533e-05  -6.847334e-05  -2.418956e-05  -1.002624e-03  -3.195098e-04  +4.093612e-05  -2.514438e-04  +2.188573e-03  -2.912759e-07  +2.111730e-05  -9.161053e-02  -3.019396e-05  -3.159956e-05  -1.514900e-01  +1.035690e-05  -4.312695e-06  -2.285264e-01  +4.418104e-05  -2.361271e-05  -1.432811e-01  
-2.370640e-06  +9.250319e-07  +1.200048e-07  -7.250968e-07  +6.687204e-07  +3.634107e-07  +5.194906e-06  +2.653562e-06  -3.619345e-07  +3.007199e-06  -2.912759e-07  +5.997381e-07  -1.937286e-07  +1.747565e-04  +3.311508e-07  +3.657288e-07  +8.197799e-04  +2.178887e-08  +1.421321e-08  +4.242670e-04  -1.000311e-06  +3.242814e-07  +7.140817e-04  
+4.274124e-06  -1.385091e-06  +6.850653e-07  +1.544622e-06  -7.753726e-07  -2.495896e-07  -1.713483e-05  -5.250796e-06  +7.941497e-07  -5.326962e-06  +2.111730e-05  -1.937286e-07  +9.936289e-07  -1.280233e-03  -6.735412e-07  -5.918544e-07  -2.450482e-03  +9.761493e-08  -5.072570e-08  -2.828299e-03  +1.145656e-06  -6.223933e-07  -2.190174e-03  
-1.127182e-02  +3.881947e-03  -2.030706e-03  -2.199017e-03  +3.669056e-03  +1.475611e-03  +5.045856e-02  +2.039425e-02  -2.226690e-03  +1.459980e-02  -9.161053e-02  +1.747565e-04  -1.280233e-03  +4.789087e+00  +1.418991e-03  +1.872080e-03  +7.472594e+00  -3.557372e-04  +2.779944e-04  +1.017353e+01  -2.836730e-03  +1.284415e-03  +6.796412e+00  
-5.648064e-06  +1.646202e-06  +6.563865e-07  -2.130588e-06  +1.792094e-06  +7.862912e-07  +1.782635e-05  +4.377923e-06  -8.586109e-07  +6.162291e-06  -3.019396e-05  +3.311508e-07  -6.735412e-07  +1.418991e-03  +1.138648e-06  +7.515705e-07  +2.772646e-03  -1.466782e-07  -1.824623e-08  +3.219888e-03  -1.077925e-06  +5.085550e-07  +2.580298e-03  
-6.627978e-06  +2.352125e-06  -5.700534e-07  -6.026762e-07  +2.253032e-06  +1.263217e-06  +2.391411e-05  +1.150544e-05  -1.237201e-06  +8.796514e-06  -3.159956e-05  +3.657288e-07  -5.918544e-07  +1.872080e-03  +7.515705e-07  +1.461824e-06  +3.725764e-03  +1.228557e-07  +1.857417e-08  +3.889128e-03  -2.040810e-06  +8.027005e-07  +3.154369e-03  
-2.062617e-02  +7.018378e-03  -1.941395e-03  -2.423909e-03  +6.546452e-03  +2.930612e-03  +9.146211e-02  +3.367002e-02  -4.177802e-03  +2.737469e-02  -1.514900e-01  +8.197799e-04  -2.450482e-03  +7.472594e+00  +2.772646e-03  +3.725764e-03  +1.411773e+01  -3.167613e-04  +3.076177e-04  +1.762713e+01  -5.882450e-03  +2.604451e-03  +1.284262e+01  
+4.392381e-07  -1.712853e-07  +3.308933e-07  +7.831873e-07  +1.780798e-07  +1.698197e-07  -3.088041e-06  -2.940393e-07  +8.425854e-08  -5.677161e-07  +1.035690e-05  +2.178887e-08  +9.761493e-08  -3.557372e-04  -1.466782e-07  +1.228557e-07  -3.167613e-04  +3.506781e-07  -3.553987e-08  -1.089598e-03  -6.012368e-08  -4.279848e-08  -3.792037e-04  
-3.656104e-07  +1.913273e-07  -7.073624e-07  -4.283357e-07  -2.849329e-08  -8.718508e-08  +3.089453e-06  +2.130715e-06  -1.290197e-07  +7.700613e-07  -4.312695e-06  +1.421321e-08  -5.072570e-08  +2.779944e-04  -1.824623e-08  +1.857417e-08  +3.076177e-04  -3.553987e-08  +2.409106e-07  +5.303524e-04  -2.886576e-07  +2.762489e-08  +4.086978e-04  
-2.279376e-02  +7.518966e-03  -4.144453e-03  -9.670719e-04  +7.996199e-03  +2.528261e-03  +1.189116e-01  +4.044131e-02  -5.012607e-03  +3.170226e-02  -2.285264e-01  +4.242670e-04  -2.828299e-03  +1.017353e+01  +3.219888e-03  +3.889128e-03  +1.762713e+01  -1.089598e-03  +5.303524e-04  +2.626314e+01  -6.189545e-03  +3.298712e-03  +1.652456e+01  
+1.127404e-05  -4.382365e-06  +2.839090e-06  +2.639423e-06  -2.929174e-06  -1.664365e-06  -4.028793e-05  -2.091227e-05  +2.143771e-06  -1.497356e-05  +4.418104e-05  -1.000311e-06  +1.145656e-06  -2.836730e-03  -1.077925e-06  -2.040810e-06  -5.882450e-03  -6.012368e-08  -2.886576e-07  -6.189545e-03  +4.550214e-06  -1.495513e-06  -4.990042e-03  
-4.380387e-06  +1.443924e-06  -1.037476e-06  -3.977095e-08  +1.202375e-06  +5.554772e-07  +1.837759e-05  +7.636170e-06  -8.945995e-07  +6.332852e-06  -2.361271e-05  +3.242814e-07  -6.223933e-07  +1.284415e-03  +5.085550e-07  +8.027005e-07  +2.604451e-03  -4.279848e-08  +2.762489e-08  +3.298712e-03  -1.495513e-06  +8.728058e-07  +2.184963e-03  
-1.719413e-02  +5.650655e-03  -1.168889e-03  -3.083996e-03  +5.871337e-03  +2.176656e-03  +8.384788e-02  +2.622334e-02  -3.700917e-03  +2.379690e-02  -1.432811e-01  +7.140817e-04  -2.190174e-03  +6.796412e+00  +2.580298e-03  +3.154369e-03  +1.284262e+01  -3.792037e-04  +4.086978e-04  +1.652456e+01  -4.990042e-03  +2.184963e-03  +1.266739e+01  
