mean:
+3.918591e+00  +3.902761e+00  +6.390395e-01  -1.134421e+00  +1.674929e+00  +6.011816e-01  +9.001271e-01  +2.089181e+00  +1.478318e-01  +1.929227e+00  +4.848148e+00  +1.905822e+00  +3.007426e+00  +8.035975e+02  +4.959765e+00  +4.479978e+00  +2.016241e+03  
covariance:
+1.907637e-05  -2.669200e-06  -1.428532e-07  +6.558425e-06  -6.268663e-05  +9.107257e-07  +1.111514e-05  -8.727501e-06  -5.456247e-06  +2.373257e-05  +1.052813e-04  +5.929655e-08  -6.694145e-08  +1.595983e-03  +3.017862e-07  +2.264408e-07  -2.950206e-03  
-2.669200e-06  +1.868199e-06  +9.557423e-07  +6.863674e-07  +2.301807e-05  -2.401011e-07  -4.368580e-06  +8.773773e-06  +2.034563e-06  -7.879111e-06  -5.892344e-05  -6.144998e-08  +1.290062e-07  -8.369960e-04  -8.590578e-08  -4.218253e-08  +2.117419e-03  
-1.428532e-07  +9.557423e-07  +3.476385e-05  +1.161614e-05  +2.647762e-05  -3.263652e-06  -2.742898e-06  -1.273715e-05  -3.481471e-07  +8.301767e-06  -5.013634e-05  +2.972848e-07  +2.538660e-07  +1.526170e-04  +3.429271e-07  +3.163856e-07  +2.340996e-02  
+6.558425e-06  +6.863674e-07  +1.161614e-05  +9.812210e-05  -2.926165e-06  +5.432686e-06  +5.985208e-06  +2.240053e-05  -1.498810e-06  +8.103845e-06  -2.800167e-05  -3.981954e-08  -2.052168e-07  -2.293755e-03  +4.552150e-07  +1.433370e-07  +1.151124e-02  
-6.268663e-05  +2.301807e-05  +2.647762e-05  -2.926165e-06  +8.940892e-04  -1.981124e-06  -1.364905e-04  +2.529031e-04  +7.554824e-05  -3.055102e-04  -1.677444e-03  +7.296482e-07  +3.978378e-06  -3.387120e-02  -2.303687e-06  -1.227836e-06  +5.045718e-02  
+9.107257e-07  -2.401011e-07  -3.263652e-06  +5.432686e-06  -1.981124e-06  +1.856891e-06  +1.905111e-06  +5.269871e-06  -3.255521e-07  -1.689718e-07  +1.278191e-05  -1.168386e-08  -1.485635e-07  -3.706554e-04  -6.102758e-09  -1.133970e-09  -2.271623e-03  
+1.111514e-05  -4.368580e-06  -2.742898e-06  +5.985208e-06  -1.364905e-04  +1.905111e-06  +3.292467e-05  -4.457796e-05  -1.363989e-05  +4.558652e-05  +3.439298e-04  -4.920339e-08  -7.450249e-07  +4.977300e-03  +4.661586e-07  +2.977146e-07  -1.146883e-02  
-8.727501e-06  +8.773773e-06  -1.273715e-05  +2.240053e-05  +2.529031e-04  +5.269871e-06  -4.457796e-05  +2.057465e-04  +2.490871e-05  -9.445059e-05  -6.316440e-04  -1.308803e-07  +9.902142e-07  -1.074605e-02  -5.125203e-07  -1.572808e-06  +2.263327e-03  
-5.456247e-06  +2.034563e-06  -3.481471e-07  -1.498810e-06  +7.554824e-05  -3.255521e-07  -1.363989e-05  +2.490871e-05  +7.773248e-06  -3.099454e-05  -1.589778e-04  +2.229303e-08  +2.937366e-07  -2.984297e-03  -2.389526e-07  -1.726880e-07  +2.782162e-03  
+2.373257e-05  -7.879111e-06  +8.301767e-06  +8.103845e-06  -3.055102e-04  -1.689718e-07  +4.558652e-05  -9.445059e-05  -3.099454e-05  +1.437972e-04  +5.441128e-04  -8.899898e-08  -9.647465e-07  +1.291589e-02  +9.632359e-07  +6.433256e-07  -1.206167e-04  
+1.052813e-04  -5.892344e-05  -5.013634e-05  -2.800167e-05  -1.677444e-03  +1.278191e-05  +3.439298e-04  -6.316440e-04  -1.589778e-04  +5.441128e-04  +4.336714e-03  +1.228222e-06  -8.189748e-06  +5.947339e-02  +5.868511e-06  +4.449702e-06  -1.559697e-01  
+5.929655e-08  -6.144998e-08  +2.972848e-07  -3.981954e-08  +7.296482e-07  -1.168386e-08  -4.920339e-08  -1.308803e-07  +2.229303e-08  -8.899898e-08  +1.228222e-06  +1.963787e-07  -3.633115e-08  -8.450203e-05  +5.294011e-09  -5.871017e-09  -1.475580e-05  
-6.694145e-08  +1.290062e-07  +2.538660e-07  -2.052168e-07  +3.978378e-06  -1.485635e-07  -7.450249e-07  +9.902142e-07  +2.937366e-07  -9.647465e-07  -8.189748e-06  -3.633115e-08  +2.442126e-07  -2.051037e-04  +1.090461e-08  +5.120881e-08  +1.659227e-04  
+1.595983e-03  -8.369960e-04  +1.526170e-04  -2.293755e-03  -3.387120e-02  -3.706554e-04  +4.977300e-03  -1.074605e-02  -2.984297e-03  +1.291589e-02  +5.947339e-02  -8.450203e-05  -2.051037e-04  +2.074372e+00  +6.911086e-05  -7.992004e-06  -1.962498e-01  
+3.017862e-07  -8.590578e-08  +3.429271e-07  +4.552150e-07  -2.303687e-06  -6.102758e-09  +4.661586e-07  -5.125203e-07  -2.389526e-07  +9.632359e-07  +5.868511e-06  +5.294011e-09  +1.090461e-08  +6.911086e-05  +1.157352e-07  +1.235217e-08  -4.234081e-05  
+2.264408e-07  -4.218253e-08  +3.163856e-07  +1.433370e-07  -1.227836e-06  -1.133970e-09  +2.977146e-07  -1.572808e-06  -1.726880e-07  +6.433256e-07  +4.449702e-06  -5.871017e-09  +5.120881e-08  -7.992004e-06  +1.235217e-08  +1.956816e-07  +1.593408e-04  
-2.950206e-03  +2.117419e-03  +2.340996e-02  +1.151124e-02  +5.045718e-02  -2.271623e-03  -1.146883e-02  +2.263327e-03  +2.782162e-03  -1.206167e-04  -1.559697e-01  -1.475580e-05  +1.659227e-04  -1.962498e-01  -4.234081e-05  +1.593408e-04  +2.567072e+01  
