mean:
+3.989412e+00  +3.956864e+00  +5.970083e-01  +2.013619e+00  +1.197985e+00  +4.014081e-01  +8.325194e-01  +2.226789e+00  +3.931365e-02  +3.872416e+00  +5.908770e+00  +4.477698e+00  +3.301593e+00  +3.250209e+02  +2.492293e+00  +3.691555e+00  +4.539118e+02  +4.639798e+00  +4.960191e+00  +8.063541e+02  +3.992168e+00  +5.121352e+00  +4.364898e+02  
covariance:
+1.189453e-05  -4.579351e-07  +1.370305e-06  +3.372043e-06  -1.625400e-05  +1.900181e-06  -1.832353e-05  -1.691456e-05  +1.151506e-06  -2.804978e-05  +5.727101e-05  -2.485482e-07  +1.978041e-06  -1.249881e-03  -1.025381e-06  -2.789911e-06  -4.039062e-03  -9.187283e-08  +3.330718e-07  -7.941057e-03  +6.194871e-06  -1.085190e-06  -6.612981e-03  
-4.579351e-07  +2.293563e-06  +6.776387e-07  -1.414277e-06  -2.239107e-06  +3.952780e-07  -2.148110e-06  -4.137813e-08  +1.143706e-07  -2.683085e-06  +1.110308e-05  -1.455208e-07  +1.362966e-07  -4.874476e-04  -9.769760e-08  -3.233909e-07  -7.095127e-04  +2.199205e-07  -4.232914e-09  -1.372841e-03  -1.017239e-08  -4.817842e-08  -8.545377e-04  
+1.370305e-06  +6.776387e-07  +1.515563e-05  -2.648783e-06  -2.632308e-06  +7.963553e-07  -3.624329e-06  -1.900900e-05  +1.670750e-07  -3.361552e-07  -3.954743e-06  -9.605300e-07  +7.349060e-07  -5.737200e-04  +5.671973e-07  -1.334309e-06  -9.445384e-04  +4.455631e-07  -3.041830e-07  +4.517193e-05  +1.488777e-06  -6.087071e-07  -8.003935e-04  
+3.372043e-06  -1.414277e-06  -2.648783e-06  +7.246638e-05  +3.062113e-06  -7.850537e-06  +7.282568e-06  -1.778726e-05  -2.521484e-08  +1.251419e-05  -1.394051e-04  -1.142862e-06  +2.439315e-06  +7.360438e-03  -2.290434e-07  -1.884732e-06  +7.985298e-03  +4.707764e-07  +1.917434e-08  +1.604167e-02  +4.162235e-06  -5.415959e-07  +6.728517e-03  
-1.625400e-05  -2.239107e-06  -2.632308e-06  +3.062113e-06  +7.701804e-05  -7.712894e-06  +7.723395e-05  +3.623694e-05  -4.121484e-06  +1.135881e-04  -2.692420e-04  +4.314845e-07  -7.405875e-06  +5.835456e-03  +3.857476e-06  +1.171385e-05  +1.739895e-02  -1.824463e-06  -8.181639e-07  +3.452821e-02  -1.511082e-05  +2.994758e-06  +3.120244e-02  
+1.900181e-06  +3.952780e-07  +7.963553e-07  -7.850537e-06  -7.712894e-06  +2.924523e-06  -9.178038e-06  -1.720421e-06  +4.188880e-07  -1.354993e-05  +5.336287e-05  -2.106528e-08  +4.616933e-07  -2.011170e-03  -1.070187e-07  -9.138244e-07  -3.431924e-03  -1.565009e-07  +7.414358e-08  -6.551473e-03  +1.345881e-06  -2.075799e-07  -4.827987e-03  
-1.832353e-05  -2.148110e-06  -3.624329e-06  +7.282568e-06  +7.723395e-05  -9.178038e-06  +9.685255e-05  +4.484425e-05  -5.187599e-06  +1.388191e-04  -3.259078e-04  +5.857867e-07  -9.057538e-06  +7.517968e-03  +4.517105e-06  +1.388155e-05  +2.187808e-02  -2.349899e-06  -1.286585e-06  +4.227759e-02  -1.885769e-05  +4.484016e-06  +3.710968e-02  
-1.691456e-05  -4.137813e-08  -1.900900e-05  -1.778726e-05  +3.623694e-05  -1.720421e-06  +4.484425e-05  +8.797781e-05  -2.869264e-06  +6.052366e-05  -7.753040e-05  +1.933727e-06  -4.997150e-06  +1.413574e-03  +1.546649e-06  +8.325124e-06  +7.263768e-03  -1.287356e-06  -3.218981e-07  +1.199778e-02  -1.727835e-05  +3.544961e-06  +1.217830e-02  
+1.151506e-06  +1.143706e-07  +1.670750e-07  -2.521484e-08  -4.121484e-06  +4.188880e-07  -5.187599e-06  -2.869264e-06  +3.225924e-07  -7.609229e-06  +1.602891e-05  -3.747708e-08  +5.072152e-07  -3.199456e-04  -2.577251e-07  -7.674419e-07  -1.104096e-03  +1.133350e-07  +7.705426e-08  -2.138988e-03  +1.134734e-06  -2.581338e-07  -1.924757e-03  
-2.804978e-05  -2.683085e-06  -3.361552e-07  +1.251419e-05  +1.135881e-04  -1.354993e-05  +1.388191e-04  +6.052366e-05  -7.609229e-06  +2.094387e-04  -4.855127e-04  +1.961097e-07  -1.282594e-05  +1.108618e-02  +7.086722e-06  +1.999921e-05  +3.144685e-02  -2.586224e-06  -2.059325e-06  +6.168278e-02  -2.763873e-05  +5.984157e-06  +5.420812e-02  
+5.727101e-05  +1.110308e-05  -3.954743e-06  -1.394051e-04  -2.692420e-04  +5.336287e-05  -3.259078e-04  -7.753040e-05  +1.602891e-05  -4.855127e-04  +1.530579e-03  +2.453533e-06  +2.220696e-05  -4.882097e-02  -1.450199e-05  -3.997568e-05  -9.263197e-02  +3.812745e-06  +5.083936e-06  -1.834626e-01  +5.102889e-05  -1.056091e-05  -1.399230e-01  
-2.485482e-07  -1.455208e-07  -9.605300e-07  -1.142862e-06  +4.314845e-07  -2.106528e-08  +5.857867e-07  +1.933727e-06  -3.747708e-08  +1.961097e-07  +2.453533e-06  +3.784683e-07  -1.874474e-07  -1.024866e-04  -3.798554e-08  +1.792899e-07  +2.334542e-05  -9.428905e-08  +5.866336e-08  -2.756564e-05  -2.430925e-07  +1.099596e-07  +1.273428e-04  
+1.978041e-06  +1.362966e-07  +7.349060e-07  +2.439315e-06  -7.405875e-06  +4.616933e-07  -9.057538e-06  -4.997150e-06  +5.072152e-07  -1.282594e-05  +2.220696e-05  -1.874474e-07  +1.368309e-06  -1.967857e-04  -5.595966e-07  -1.479904e-06  -1.697165e-03  +1.863765e-07  +7.024348e-08  -2.962608e-03  +1.914776e-06  -4.128991e-07  -3.345974e-03  
-1.249881e-03  -4.874476e-04  -5.737200e-04  +7.360438e-03  +5.835456e-03  -2.011170e-03  +7.517968e-03  +1.413574e-03  -3.199456e-04  +1.108618e-02  -4.882097e-02  -1.024866e-04  -1.967857e-04  +2.521194e+00  +1.452550e-04  +7.234906e-04  +2.825075e+00  +1.794155e-06  -6.472527e-05  +5.683803e+00  -8.528583e-04  +2.465930e-04  +3.357595e+00  
-1.025381e-06  -9.769760e-08  +5.671973e-07  -2.290434e-07  +3.857476e-06  -1.070187e-07  +4.517105e-06  +1.546649e-06  -2.577251e-07  +7.086722e-06  -1.450199e-05  -3.798554e-08  -5.595966e-07  +1.452550e-04  +6.808748e-07  +7.057147e-07  +8.180780e-04  -1.056538e-07  -1.177204e-07  +1.683651e-03  -8.686696e-07  +8.046449e-08  +1.501483e-03  
-2.789911e-06  -3.233909e-07  -1.334309e-06  -1.884732e-06  +1.171385e-05  -9.138244e-07  +1.388155e-05  +8.325124e-06  -7.674419e-07  +1.999921e-05  -3.997568e-05  +1.792899e-07  -1.479904e-06  +7.234906e-04  +7.057147e-07  +2.432873e-06  +2.730984e-03  -3.866087e-07  -1.830845e-07  +5.259929e-03  -2.997553e-06  +7.165115e-07  +5.088732e-03  
-4.039062e-03  -7.095127e-04  -9.445384e-04  +7.985298e-03  +1.739895e-02  -3.431924e-03  +2.187808e-02  +7.263768e-03  -1.104096e-03  +3.144685e-02  -9.263197e-02  +2.334542e-05  -1.697165e-03  +2.825075e+00  +8.180780e-04  +2.730984e-03  +6.203909e+00  -3.303919e-04  -2.725702e-04  +1.169121e+01  -3.686680e-03  +8.896059e-04  +9.283593e+00  
-9.187283e-08  +2.199205e-07  +4.455631e-07  +4.707764e-07  -1.824463e-06  -1.565009e-07  -2.349899e-06  -1.287356e-06  +1.133350e-07  -2.586224e-06  +3.812745e-06  -9.428905e-08  +1.863765e-07  +1.794155e-06  -1.056538e-07  -3.866087e-07  -3.303919e-04  +5.223703e-07  -1.937810e-08  -7.255541e-04  +1.652755e-07  -1.517168e-07  -6.874891e-04  
+3.330718e-07  -4.232914e-09  -3.041830e-07  +1.917434e-08  -8.181639e-07  +7.414358e-08  -1.286585e-06  -3.218981e-07  +7.705426e-08  -2.059325e-06  +5.083936e-06  +5.866336e-08  +7.024348e-08  -6.472527e-05  -1.177204e-07  -1.830845e-07  -2.725702e-04  -1.937810e-08  +2.090361e-07  -5.634929e-04  +4.432285e-07  -6.967980e-08  -3.521472e-04  
-7.941057e-03  -1.372841e-03  +4.517193e-05  +1.604167e-02  +3.452821e-02  -6.551473e-03  +4.227759e-02  +1.199778e-02  -2.138988e-03  +6.168278e-02  -1.834626e-01  -2.756564e-05  -2.962608e-03  +5.683803e+00  +1.683651e-03  +5.259929e-03  +1.169121e+01  -7.255541e-04  -5.634929e-04  +2.352693e+01  -7.127531e-03  +1.637971e-03  +1.790079e+01  
+6.194871e-06  -1.017239e-08  +1.488777e-06  +4.162235e-06  -1.511082e-05  +1.345881e-06  -1.885769e-05  -1.727835e-05  +1.134734e-06  -2.763873e-05  +5.102889e-05  -2.430925e-07  +1.914776e-06  -8.528583e-04  -8.686696e-07  -2.997553e-06  -3.686680e-03  +1.652755e-07  +4.432285e-07  -7.127531e-03  +6.205888e-06  -1.170892e-06  -6.508230e-03  
-1.085190e-06  -4.817842e-08  -6.087071e-07  -5.415959e-07  +2.994758e-06  -2.075799e-07  +4.484016e-06  +3.544961e-06  -2.581338e-07  +5.984157e-06  -1.056091e-05  +1.099596e-07  -4.128991e-07  +2.465930e-04  +8.046449e-08  +7.165115e-07  +8.896059e-04  -1.517168e-07  -6.967980e-08  +1.637971e-03  -1.170892e-06  +5.097836e-07  +1.414967e-03  
-6.612981e-03  -8.545377e-04  -8.003935e-04  +6.728517e-03  +3.120244e-02  -4.827987e-03  +3.710968e-02  +1.217830e-02  -1.924757e-03  +5.420812e-02  -1.399230e-01  +1.273428e-04  -3.345974e-03  +3.357595e+00  +1.501483e-03  +5.088732e-03  +9.283593e+00  -6.874891e-04  -3.521472e-04  +1.790079e+01  -6.508230e-03  +1.414967e-03  +1.615821e+01  
