mean:
+3.955858e+00  +3.923986e+00  +6.330329e-01  -1.157355e+00  +1.608118e+00  +3.976423e-01  +9.181900e-01  +2.072086e+00  +1.547871e-01  +1.903826e+00  +4.896966e+00  +1.635409e+00  +2.883368e+00  +8.064680e+02  +4.800217e+00  +4.399578e+00  +2.020492e+03  
covariance:
+2.868110e-06  +1.003665e-06  +2.960213e-06  +2.066656e-06  +1.011556e-06  +4.863316e-07  -1.390034e-06  +1.101927e-05  -1.474691e-06  +1.357477e-05  +2.926635e-05  -6.955532e-08  +7.669096e-08  -1.932464e-03  +1.622655e-08  -3.316715e-08  -6.677127e-03  
+1.003665e-06  +3.823685e-06  +3.632695e-06  +2.472535e-06  +1.822286e-06  +6.260863e-07  -3.306939e-07  +8.682335e-06  -1.776185e-06  +1.348967e-05  +3.099281e-05  -2.859567e-08  +1.003826e-07  -1.922665e-03  -4.517349e-09  -3.046339e-08  -6.733244e-03  
+2.960213e-06  +3.632695e-06  +6.205348e-05  +3.132654e-05  +5.087674e-05  +1.030671e-05  -2.936903e-06  +8.825567e-05  -1.421673e-05  +9.694888e-05  +2.580485e-04  +4.631333e-07  +6.709153e-07  -1.860963e-02  -4.360560e-07  +6.409662e-07  -7.606002e-02  
+2.066656e-06  +2.472535e-06  +3.132654e-05  +1.351359e-04  +1.991678e-06  +1.473938e-05  +9.419274e-06  +4.690324e-05  -1.605306e-05  +9.296824e-05  +3.019121e-04  -5.275200e-07  +8.212588e-07  -1.933586e-02  -3.525680e-07  +1.208917e-06  -6.645141e-02  
+1.011556e-06  +1.822286e-06  +5.087674e-05  +1.991678e-06  +1.893535e-04  +1.211346e-05  +1.377888e-05  +7.277265e-06  -9.481460e-07  -1.175303e-05  +1.566055e-04  +2.769570e-06  -2.997376e-07  -8.938260e-03  -4.911109e-07  +6.687834e-07  -4.743000e-02  
+4.863316e-07  +6.260863e-07  +1.030671e-05  +1.473938e-05  +1.211346e-05  +5.341394e-06  +4.791860e-06  +1.736871e-05  -4.895533e-06  +2.617445e-05  +8.687112e-05  -1.799034e-08  +8.032693e-08  -4.747116e-03  -1.077564e-07  +2.811749e-07  -2.124767e-02  
-1.390034e-06  -3.306939e-07  -2.936903e-06  +9.419274e-06  +1.377888e-05  +4.791860e-06  +1.960040e-05  -3.333963e-05  -2.039822e-06  -7.627181e-06  +2.267802e-05  -1.236407e-07  -6.234333e-08  +5.156469e-05  -3.195268e-07  +2.324470e-07  -5.887354e-04  
+1.101927e-05  +8.682335e-06  +8.825567e-05  +4.690324e-05  +7.277265e-06  +1.736871e-05  -3.333963e-05  +4.298677e-04  -4.031867e-05  +3.088352e-04  +6.173412e-04  -8.649728e-07  +1.011226e-06  -3.718171e-02  -6.644489e-07  -9.004729e-07  -1.813276e-01  
-1.474691e-06  -1.776185e-06  -1.421673e-05  -1.605306e-05  -9.481460e-07  -4.895533e-06  -2.039822e-06  -4.031867e-05  +1.024639e-05  -6.472042e-05  -1.389011e-04  +3.142529e-07  -3.292244e-07  +8.527520e-03  +3.015273e-07  -9.285856e-08  +3.398725e-02  
+1.357477e-05  +1.348967e-05  +9.694888e-05  +9.296824e-05  -1.175303e-05  +2.617445e-05  -7.627181e-06  +3.088352e-04  -6.472042e-05  +4.458415e-04  +8.937692e-04  -2.103257e-06  +2.414277e-06  -5.711877e-02  -1.553333e-06  +2.152968e-07  -2.243718e-01  
+2.926635e-05  +3.099281e-05  +2.580485e-04  +3.019121e-04  +1.566055e-04  +8.687112e-05  +2.267802e-05  +6.173412e-04  -1.389011e-04  +8.937692e-04  +2.291192e-03  -2.483590e-06  +4.190422e-06  -1.361695e-01  -3.858011e-06  +3.205744e-06  -5.489604e-01  
-6.955532e-08  -2.859567e-08  +4.631333e-07  -5.275200e-07  +2.769570e-06  -1.799034e-08  -1.236407e-07  -8.649728e-07  +3.142529e-07  -2.103257e-06  -2.483590e-06  +2.207373e-07  +1.049305e-09  +3.786598e-05  -2.980111e-08  +1.029178e-08  +3.276818e-04  
+7.669096e-08  +1.003826e-07  +6.709153e-07  +8.212588e-07  -2.997376e-07  +8.032693e-08  -6.234333e-08  +1.011226e-06  -3.292244e-07  +2.414277e-06  +4.190422e-06  +1.049305e-09  +2.206283e-07  -3.295398e-04  +1.864609e-08  -8.983585e-10  -1.142304e-03  
-1.932464e-03  -1.922665e-03  -1.860963e-02  -1.933586e-02  -8.938260e-03  -4.747116e-03  +5.156469e-05  -3.718171e-02  +8.527520e-03  -5.711877e-02  -1.361695e-01  +3.786598e-05  -3.295398e-04  +1.026336e+01  +2.408293e-04  -2.024093e-04  +3.423683e+01  
+1.622655e-08  -4.517349e-09  -4.360560e-07  -3.525680e-07  -4.911109e-07  -1.077564e-07  -3.195268e-07  -6.644489e-07  +3.015273e-07  -1.553333e-06  -3.858011e-06  -2.980111e-08  +1.864609e-08  +2.408293e-04  +1.909864e-07  +1.604772e-08  +7.588843e-04  
-3.316715e-08  -3.046339e-08  +6.409662e-07  +1.208917e-06  +6.687834e-07  +2.811749e-07  +2.324470e-07  -9.004729e-07  -9.285856e-08  +2.152968e-07  +3.205744e-06  +1.029178e-08  -8.983585e-10  -2.024093e-04  +1.604772e-08  +1.474574e-07  -7.729833e-04  
-6.677127e-03  -6.733244e-03  -7.606002e-02  -6.645141e-02  -4.743000e-02  -2.124767e-02  -5.887354e-04  -1.813276e-01  +3.398725e-02  -2.243718e-01  -5.489604e-01  +3.276818e-04  -1.142304e-03  +3.423683e+01  +7.588843e-04  -7.729833e-04  +1.450209e+02  
