mean:
+3.982738e+00  +3.940550e+00  +6.522360e-01  -1.113534e+00  +1.668498e+00  +5.049787e-01  +9.246621e-01  +2.057135e+00  +1.497387e-01  +1.977963e+00  +4.795596e+00  +1.839157e+00  +2.983465e+00  +8.077577e+02  +4.959956e+00  +4.479943e+00  +2.007905e+03  
covariance:
+3.891407e-06  -1.506910e-06  -3.745737e-06  -1.017556e-05  +2.908057e-05  -1.562373e-06  +5.365793e-06  -2.454398e-05  -6.289515e-07  +1.400993e-05  -1.552175e-04  +2.390266e-07  +1.129000e-07  +2.978856e-03  -1.119831e-07  +9.579430e-08  +7.317318e-03  
-1.506910e-06  +4.971933e-06  +5.756838e-06  +1.755529e-05  -3.615150e-05  +2.465869e-06  -5.198730e-06  +3.009254e-05  +3.366908e-07  -1.368433e-05  +1.876924e-04  -3.979878e-07  -6.772168e-08  -3.598020e-03  +1.811158e-07  -6.567657e-09  -9.462860e-03  
-3.745737e-06  +5.756838e-06  +3.711220e-05  +6.197985e-05  -4.037923e-05  +9.866751e-06  +4.764409e-06  +7.440551e-05  -2.553877e-06  -1.158697e-05  +3.173329e-04  +2.661983e-07  -6.405789e-07  -4.324886e-03  +5.186582e-08  +3.572040e-07  -1.399438e-02  
-1.017556e-05  +1.755529e-05  +6.197985e-05  +3.080111e-04  -1.472031e-04  +3.123593e-05  +1.366771e-05  +2.417778e-04  -1.087702e-05  -1.377788e-05  +1.000745e-03  +2.675279e-07  -1.483075e-06  -1.837470e-02  +4.622179e-07  +4.018530e-08  -4.895429e-02  
+2.908057e-05  -3.615150e-05  -4.037923e-05  -1.472031e-04  +6.272401e-04  -1.904897e-05  +8.356895e-05  -3.044520e-04  -7.976730e-06  +2.077755e-04  -2.385638e-03  +6.487441e-06  +1.004399e-07  +4.862354e-02  -1.766680e-06  +1.968741e-06  +1.288382e-01  
-1.562373e-06  +2.465869e-06  +9.866751e-06  +3.123593e-05  -1.904897e-05  +5.847472e-06  +2.887282e-06  +3.628958e-05  -1.672327e-06  -2.747416e-06  +1.464514e-04  +1.046137e-07  -4.063371e-07  -2.280902e-03  +7.044926e-08  +3.634978e-08  -8.536215e-03  
+5.365793e-06  -5.198730e-06  +4.764409e-06  +1.366771e-05  +8.356895e-05  +2.887282e-06  +3.442786e-05  -4.821329e-05  -5.856525e-06  +4.799199e-05  -3.734840e-04  +1.196858e-06  -1.193809e-07  +8.817126e-03  -5.557904e-07  +1.936034e-07  +1.618049e-02  
-2.454398e-05  +3.009254e-05  +7.440551e-05  +2.417778e-04  -3.044520e-04  +3.628958e-05  -4.821329e-05  +4.449391e-04  -3.760031e-07  -1.284397e-04  +1.961938e-03  -5.654396e-07  -2.676135e-06  -3.781795e-02  +1.137808e-06  -2.692893e-07  -9.655228e-02  
-6.289515e-07  +3.366908e-07  -2.553877e-06  -1.087702e-05  -7.976730e-06  -1.672327e-06  -5.856525e-06  -3.760031e-07  +1.668436e-06  -8.215266e-06  +2.541382e-05  -1.559513e-07  +1.186302e-07  -8.146975e-04  +8.902524e-08  -4.640067e-08  -5.158865e-04  
+1.400993e-05  -1.368433e-05  -1.158697e-05  -1.377788e-05  +2.077755e-04  -2.747416e-06  +4.799199e-05  -1.284397e-04  -8.215266e-06  +1.097706e-04  -9.752318e-04  +2.347049e-06  +2.586780e-09  +1.968635e-02  -8.930926e-07  +7.285532e-07  +4.570791e-02  
-1.552175e-04  +1.876924e-04  +3.173329e-04  +1.000745e-03  -2.385638e-03  +1.464514e-04  -3.734840e-04  +1.961938e-03  +2.541382e-05  -9.752318e-04  +1.231355e-02  -2.397062e-05  -7.761857e-06  -2.366952e-01  +8.890259e-06  -5.681668e-06  -6.153034e-01  
+2.390266e-07  -3.979878e-07  +2.661983e-07  +2.675279e-07  +6.487441e-06  +1.046137e-07  +1.196858e-06  -5.654396e-07  -1.559513e-07  +2.347049e-06  -2.397062e-05  +2.810832e-07  -2.381042e-08  +5.438012e-04  -2.567381e-08  +2.308623e-08  +1.373408e-03  
+1.129000e-07  -6.772168e-08  -6.405789e-07  -1.483075e-06  +1.004399e-07  -4.063371e-07  -1.193809e-07  -2.676135e-06  +1.186302e-07  +2.586780e-09  -7.761857e-06  -2.381042e-08  +2.085881e-07  +9.727011e-05  -1.958433e-09  +8.892788e-10  +3.801092e-04  
+2.978856e-03  -3.598020e-03  -4.324886e-03  -1.837470e-02  +4.862354e-02  -2.280902e-03  +8.817126e-03  -3.781795e-02  -8.146975e-04  +1.968635e-02  -2.366952e-01  +5.438012e-04  +9.727011e-05  +5.757636e+00  -2.136711e-04  +8.685288e-05  +1.235871e+01  
-1.119831e-07  +1.811158e-07  +5.186582e-08  +4.622179e-07  -1.766680e-06  +7.044926e-08  -5.557904e-07  +1.137808e-06  +8.902524e-08  -8.930926e-07  +8.890259e-06  -2.567381e-08  -1.958433e-09  -2.136711e-04  +1.122178e-07  -3.308994e-09  -4.549349e-04  
+9.579430e-08  -6.567657e-09  +3.572040e-07  +4.018530e-08  +1.968741e-06  +3.634978e-08  +1.936034e-07  -2.692893e-07  -4.640067e-08  +7.285532e-07  -5.681668e-06  +2.308623e-08  +8.892788e-10  +8.685288e-05  -3.308994e-09  +1.332589e-07  +2.814204e-04  
+7.317318e-03  -9.462860e-03  -1.399438e-02  -4.895429e-02  +1.288382e-01  -8.536215e-03  +1.618049e-02  -9.655228e-02  -5.158865e-04  +4.570791e-02  -6.153034e-01  +1.373408e-03  +3.801092e-04  +1.235871e+01  -4.549349e-04  +2.814204e-04  +3.577597e+01  
