mean:
+3.981475e+00  +3.976174e+00  +6.225470e-01  +2.039579e+00  +1.280711e+00  +5.014302e-01  +8.513180e-01  +2.239061e+00  +4.237492e-02  +3.938460e+00  +5.722200e+00  +4.573391e+00  +3.238923e+00  +3.301647e+02  +2.590407e+00  +3.726287e+00  +4.606623e+02  +4.639921e+00  +4.959963e+00  +8.050711e+02  +3.990769e+00  +5.153771e+00  +4.367627e+02  
covariance:
+5.782059e-06  -1.907361e-06  +2.136484e-06  +1.529271e-05  -1.202233e-06  +3.568909e-07  +7.591030e-06  -5.146016e-06  -4.233959e-07  +2.959978e-05  -8.755664e-05  -3.409818e-07  -4.787526e-07  +7.262444e-04  -3.083547e-08  +3.003197e-07  +3.412045e-03  -3.279029e-07  -8.334707e-08  +2.624609e-03  +1.281326e-07  +4.054933e-07  +2.587546e-03  
-1.907361e-06  +5.196718e-06  +3.403596e-06  +2.262142e-05  +6.321460e-07  +2.246398e-07  +8.257523e-06  -3.935863e-06  -4.623565e-07  +3.328217e-05  -1.093864e-04  -2.344545e-07  -4.668942e-07  +1.283854e-03  +8.817255e-08  +2.122964e-08  +3.675770e-03  -4.092707e-07  +9.620423e-09  +3.591127e-03  -8.104871e-08  +3.109913e-07  +3.021154e-03  
+2.136484e-06  +3.403596e-06  +2.301997e-05  +7.043385e-05  -5.000005e-06  +4.522737e-07  +3.324756e-05  -1.265956e-05  -1.768527e-06  +1.060419e-04  -3.329548e-04  -1.539175e-07  -1.794362e-06  +2.884987e-03  -5.758858e-07  +5.386541e-07  +1.498270e-02  -1.259867e-06  -6.091069e-07  +1.062065e-02  +2.332598e-07  +1.113899e-06  +9.753047e-03  
+1.529271e-05  +2.262142e-05  +7.043385e-05  +5.223019e-04  -8.096034e-06  +3.244664e-06  +1.812533e-04  -9.510836e-05  -9.586251e-06  +7.144391e-04  -2.331035e-03  -5.449936e-06  -1.148358e-05  +2.204143e-02  -2.820433e-06  +2.959586e-06  +8.577480e-02  -5.403087e-06  -1.676408e-06  +8.054275e-02  -2.766810e-06  +5.908812e-06  +6.794207e-02  
-1.202233e-06  +6.321460e-07  -5.000005e-06  -8.096034e-06  +2.675843e-05  -6.576748e-07  +5.487690e-06  +1.875092e-05  -1.341527e-07  +9.532534e-07  +9.562288e-06  +3.504829e-07  +1.137388e-06  +6.443593e-04  +1.187684e-06  +7.471837e-07  +6.228002e-04  +7.499041e-08  +5.284936e-07  -2.136187e-04  -4.632755e-07  -4.571782e-07  +1.979580e-03  
+3.568909e-07  +2.246398e-07  +4.522737e-07  +3.244664e-06  -6.576748e-07  +1.290882e-06  -3.131179e-06  -1.304765e-05  +1.717789e-07  +1.367373e-06  -1.816477e-05  -5.383769e-07  +3.641935e-07  +1.061373e-04  +2.270323e-07  -1.605004e-07  -4.586528e-04  -1.613579e-07  -5.870551e-08  +6.273223e-04  +1.362613e-07  +2.445521e-07  +9.737606e-05  
+7.591030e-06  +8.257523e-06  +3.324756e-05  +1.812533e-04  +5.487690e-06  -3.131179e-06  +1.343534e-04  +2.876522e-05  -6.985038e-06  +3.436958e-04  -9.427326e-04  +1.622783e-06  -5.944217e-06  +1.222233e-02  -2.376938e-06  +2.932016e-06  +4.646378e-02  -4.399723e-06  +1.041974e-06  +2.782593e-02  -1.760202e-06  +1.662199e-06  +3.470502e-02  
-5.146016e-06  -3.935863e-06  -1.265956e-05  -9.510836e-05  +1.875092e-05  -1.304765e-05  +2.876522e-05  +1.991004e-04  -1.466642e-06  -7.933128e-05  +4.395707e-04  +7.430798e-06  -1.989845e-06  -1.437149e-03  -1.198836e-06  +2.217602e-06  -2.993767e-03  +1.437109e-06  +1.679063e-06  -1.787019e-02  -1.117374e-06  -4.478814e-06  -6.762031e-03  
-4.233959e-07  -4.623565e-07  -1.768527e-06  -9.586251e-06  -1.341527e-07  +1.717789e-07  -6.985038e-06  -1.466642e-06  +4.078664e-07  -1.863811e-05  +5.029980e-05  -8.243173e-08  +3.154114e-07  -6.406293e-04  +1.487111e-07  -1.368914e-07  -2.453708e-03  +2.379358e-07  -5.267835e-08  -1.506579e-03  +7.416879e-08  -1.061063e-07  -1.831123e-03  
+2.959978e-05  +3.328217e-05  +1.060419e-04  +7.144391e-04  +9.532534e-07  +1.367373e-06  +3.436958e-04  -7.933128e-05  -1.863811e-05  +1.197093e-03  -3.631961e-03  -5.204213e-06  -1.815594e-05  +3.903671e-02  -5.650781e-06  +6.449237e-06  +1.426524e-01  -1.280953e-05  -2.078785e-07  +1.198749e-01  -3.641320e-06  +1.072957e-05  +1.140301e-01  
-8.755664e-05  -1.093864e-04  -3.329548e-04  -2.331035e-03  +9.562288e-06  -1.816477e-05  -9.427326e-04  +4.395707e-04  +5.029980e-05  -3.631961e-03  +1.171601e-02  +2.792503e-05  +5.372099e-05  -1.168497e-01  +1.081699e-05  -1.873162e-05  -4.224295e-01  +3.582690e-05  +6.608839e-06  -3.944403e-01  +1.167677e-05  -3.562135e-05  -3.439825e-01  
-3.409818e-07  -2.344545e-07  -1.539175e-07  -5.449936e-06  +3.504829e-07  -5.383769e-07  +1.622783e-06  +7.430798e-06  -8.243173e-08  -5.204213e-06  +2.792503e-05  +5.837379e-07  -7.390924e-08  -1.514764e-04  -1.248937e-07  +5.468663e-08  +2.162994e-05  +5.763227e-09  +9.243877e-08  -1.029265e-03  -6.437258e-09  -1.747645e-07  -3.162393e-04  
-4.787526e-07  -4.668942e-07  -1.794362e-06  -1.148358e-05  +1.137388e-06  +3.641935e-07  -5.944217e-06  -1.989845e-06  +3.154114e-07  -1.815594e-05  +5.372099e-05  -7.390924e-08  +7.562555e-07  -4.503554e-04  +1.697371e-07  -1.088415e-07  -2.407761e-03  +1.126582e-07  +6.880600e-08  -1.847568e-03  -8.937119e-09  -1.435423e-07  -1.649009e-03  
+7.262444e-04  +1.283854e-03  +2.884987e-03  +2.204143e-02  +6.443593e-04  +1.061373e-04  +1.222233e-02  -1.437149e-03  -6.406293e-04  +3.903671e-02  -1.168497e-01  -1.514764e-04  -4.503554e-04  +1.764137e+00  -2.832458e-04  +2.088045e-04  +4.628861e+00  -4.442947e-04  +1.659923e-04  +3.805146e+00  -2.051332e-04  +2.989423e-04  +3.918296e+00  
-3.083547e-08  +8.817255e-08  -5.758858e-07  -2.820433e-06  +1.187684e-06  +2.270323e-07  -2.376938e-06  -1.198836e-06  +1.487111e-07  -5.650781e-06  +1.081699e-05  -1.248937e-07  +1.697371e-07  -2.832458e-04  +8.134952e-07  -3.611846e-09  -9.365792e-04  -1.491480e-08  -8.510635e-08  -6.989762e-04  +1.851462e-07  +6.797352e-09  -9.109920e-04  
+3.003197e-07  +2.122964e-08  +5.386541e-07  +2.959586e-06  +7.471837e-07  -1.605004e-07  +2.932016e-06  +2.217602e-06  -1.368914e-07  +6.449237e-06  -1.873162e-05  +5.468663e-08  -1.088415e-07  +2.088045e-04  -3.611846e-09  +2.662733e-07  +9.284979e-04  -7.673211e-08  +2.115813e-08  +4.747378e-04  -1.092600e-07  +1.171175e-08  +6.573284e-04  
+3.412045e-03  +3.675770e-03  +1.498270e-02  +8.577480e-02  +6.228002e-04  -4.586528e-04  +4.646378e-02  -2.993767e-03  -2.453708e-03  +1.426524e-01  -4.224295e-01  +2.162994e-05  -2.407761e-03  +4.628861e+00  -9.365792e-04  +9.284979e-04  +1.896533e+01  -1.510211e-03  +9.138730e-05  +1.390831e+01  -5.287868e-04  +1.100126e-03  +1.430283e+01  
-3.279029e-07  -4.092707e-07  -1.259867e-06  -5.403087e-06  +7.499041e-08  -1.613579e-07  -4.399723e-06  +1.437109e-06  +2.379358e-07  -1.280953e-05  +3.582690e-05  +5.763227e-09  +1.126582e-07  -4.442947e-04  -1.491480e-08  -7.673211e-08  -1.510211e-03  +3.759457e-07  -5.071045e-08  -9.197334e-04  +2.475246e-09  -1.366955e-07  -1.221056e-03  
-8.334707e-08  +9.620423e-09  -6.091069e-07  -1.676408e-06  +5.284936e-07  -5.870551e-08  +1.041974e-06  +1.679063e-06  -5.267835e-08  -2.078785e-07  +6.608839e-06  +9.243877e-08  +6.880600e-08  +1.659923e-04  -8.510635e-08  +2.115813e-08  +9.138730e-05  -5.071045e-08  +2.876843e-07  -2.350408e-04  -4.667816e-08  -1.106023e-08  +1.839733e-04  
+2.624609e-03  +3.591127e-03  +1.062065e-02  +8.054275e-02  -2.136187e-04  +6.273223e-04  +2.782593e-02  -1.787019e-02  -1.506579e-03  +1.198749e-01  -3.944403e-01  -1.029265e-03  -1.847568e-03  +3.805146e+00  -6.989762e-04  +4.747378e-04  +1.390831e+01  -9.197334e-04  -2.350408e-04  +1.459624e+01  -4.151452e-04  +1.345798e-03  +1.177007e+01  
+1.281326e-07  -8.104871e-08  +2.332598e-07  -2.766810e-06  -4.632755e-07  +1.362613e-07  -1.760202e-06  -1.117374e-06  +7.416879e-08  -3.641320e-06  +1.167677e-05  -6.437258e-09  -8.937119e-09  -2.051332e-04  +1.851462e-07  -1.092600e-07  -5.287868e-04  +2.475246e-09  -4.667816e-08  -4.151452e-04  +3.530992e-07  +8.135163e-08  -5.593641e-04  
+4.054933e-07  +3.109913e-07  +1.113899e-06  +5.908812e-06  -4.571782e-07  +2.445521e-07  +1.662199e-06  -4.478814e-06  -1.061063e-07  +1.072957e-05  -3.562135e-05  -1.747645e-07  -1.435423e-07  +2.989423e-04  +6.797352e-09  +1.171175e-08  +1.100126e-03  -1.366955e-07  -1.106023e-08  +1.345798e-03  +8.135163e-08  +3.770820e-07  +9.436385e-04  
+2.587546e-03  +3.021154e-03  +9.753047e-03  +6.794207e-02  +1.979580e-03  +9.737606e-05  +3.470502e-02  -6.762031e-03  -1.831123e-03  +1.140301e-01  -3.439825e-01  -3.162393e-04  -1.649009e-03  +3.918296e+00  -9.109920e-04  +6.573284e-04  +1.430283e+01  -1.221056e-03  +1.839733e-04  +1.177007e+01  -5.593641e-04  +9.436385e-04  +1.194606e+01  
