mean:
+4.017908e+00  +3.960790e+00  +8.701134e-01  +1.307077e+00  +1.227308e+00  +5.009563e-01  +8.149691e-01  +1.393054e+00  +1.722260e-01  +1.882584e+00  +5.874824e+00  +3.659719e+00  +2.856368e+00  +2.089045e+02  +4.310821e+00  +5.127932e+00  +2.880558e+02  +5.252900e+00  +3.797858e+00  +3.337739e+02  +2.879541e+00  +4.480188e+00  +4.005315e+02  
covariance:
+2.145888e-06  -7.355384e-08  -3.103676e-06  -5.616652e-06  +6.066923e-07  -3.594189e-07  +3.755303e-07  -1.070967e-06  +2.619173e-06  -1.702780e-05  +2.791033e-05  -3.696753e-07  -1.451262e-07  -9.069829e-04  +3.276799e-07  -2.931540e-07  -2.122895e-03  -2.722165e-07  +2.787068e-07  -2.436515e-03  -1.011285e-07  +1.508872e-07  -3.375319e-03  
-7.355384e-08  +2.128049e-06  -6.699813e-07  +4.974113e-06  +1.236713e-07  -8.370080e-08  -3.215318e-07  -3.047707e-06  -6.993545e-07  +4.894018e-06  +4.291968e-06  +1.038060e-07  +1.651304e-07  +3.967809e-05  -1.800285e-07  -4.193935e-09  -1.755796e-04  +1.559571e-07  -6.639585e-08  -2.125644e-04  +1.141521e-07  +8.262646e-08  -5.710770e-05  
-3.103676e-06  -6.699813e-07  +4.461094e-05  +7.825202e-06  -2.896128e-06  +4.974778e-06  +5.169499e-06  -1.191436e-05  -1.036889e-05  +6.825563e-05  -2.099037e-04  +2.012651e-06  -1.635326e-06  +9.680234e-03  -2.406223e-06  +3.832506e-07  +1.573296e-02  +1.172547e-07  -1.758849e-06  +1.976037e-02  +1.178921e-08  -2.113478e-07  +2.818007e-02  
-5.616652e-06  +4.974113e-06  +7.825202e-06  +2.646693e-04  -2.624240e-06  -1.282062e-05  -6.284771e-06  -3.906516e-05  -3.682115e-05  +2.298470e-04  +5.592294e-05  +5.065946e-06  +5.240712e-06  +3.606423e-03  -4.221541e-06  +1.491575e-06  +2.547598e-03  +2.012039e-06  -3.953938e-06  +1.342273e-02  +1.064248e-06  +2.904726e-06  +7.145205e-03  
+6.066923e-07  +1.236713e-07  -2.896128e-06  -2.624240e-06  +5.976749e-06  -5.626732e-07  +4.082839e-07  -5.819984e-07  +1.764852e-06  -1.149954e-05  +2.055268e-05  -3.036476e-07  +1.447941e-07  -3.284088e-04  +2.480464e-07  -4.741183e-07  -1.187080e-03  -3.307988e-07  +1.899363e-07  -1.671311e-03  +2.263402e-07  -1.759523e-07  -2.991121e-03  
-3.594189e-07  -8.370080e-08  +4.974778e-06  -1.282062e-05  -5.626732e-07  +4.378382e-06  +3.386276e-06  -1.128931e-05  +8.707483e-07  -6.328946e-06  -5.203347e-05  +4.518556e-07  -5.939714e-08  +1.460611e-03  -1.026257e-07  +1.929430e-07  +1.297872e-03  +3.209459e-07  -4.142472e-08  +2.033318e-03  +7.744789e-08  +1.939126e-07  +4.754447e-03  
+3.755303e-07  -3.215318e-07  +5.169499e-06  -6.284771e-06  +4.082839e-07  +3.386276e-06  +1.229956e-05  -3.328701e-05  +3.967473e-06  -3.826922e-05  -7.521494e-06  -6.275038e-07  -2.025401e-07  +3.003680e-03  +8.020757e-07  -6.392312e-07  -2.407044e-03  -2.706140e-07  -5.675190e-08  +6.661618e-05  +2.322165e-08  +1.323958e-06  -1.317433e-04  
-1.070967e-06  -3.047707e-06  -1.191436e-05  -3.906516e-05  -5.819984e-07  -1.128931e-05  -3.328701e-05  +2.943068e-04  -1.359094e-05  +1.314076e-04  -9.655329e-05  +6.716059e-07  +2.026139e-06  -5.952625e-03  +9.915649e-08  +4.130018e-06  +2.447574e-02  +1.404279e-07  +7.568469e-07  +1.301357e-02  -2.081488e-07  -1.213443e-05  +9.842540e-03  
+2.619173e-06  -6.993545e-07  -1.036889e-05  -3.682115e-05  +1.764852e-06  +8.707483e-07  +3.967473e-06  -1.359094e-05  +1.433755e-05  -9.493211e-05  +7.604910e-05  -1.289281e-06  -8.808636e-07  -3.091692e-03  +1.614153e-06  -1.405165e-06  -9.778128e-03  -1.115179e-06  +8.939406e-07  -9.597043e-03  -3.935789e-07  +9.379517e-07  -1.343725e-02  
-1.702780e-05  +4.894018e-06  +6.825563e-05  +2.298470e-04  -1.149954e-05  -6.328946e-06  -3.826922e-05  +1.314076e-04  -9.493211e-05  +6.611349e-04  -5.713454e-04  +9.596296e-06  +5.809272e-06  +1.711405e-02  -1.153275e-05  +1.012829e-05  +6.904372e-02  +7.522694e-06  -5.989306e-06  +6.556866e-02  +2.856741e-06  -7.833891e-06  +9.242791e-02  
+2.791033e-05  +4.291968e-06  -2.099037e-04  +5.592294e-05  +2.055268e-05  -5.203347e-05  -7.521494e-06  -9.655329e-05  +7.604910e-05  -5.713454e-04  +2.013025e-03  -1.586412e-05  +3.723106e-07  -4.054674e-02  +1.237093e-05  -1.243229e-05  -1.191431e-01  -7.234275e-06  +9.385186e-06  -1.332146e-01  -6.626852e-06  +1.005310e-05  -1.886037e-01  
-3.696753e-07  +1.038060e-07  +2.012651e-06  +5.065946e-06  -3.036476e-07  +4.518556e-07  -6.275038e-07  +6.716059e-07  -1.289281e-06  +9.596296e-06  -1.586412e-05  +9.299667e-07  +8.352384e-08  +3.556175e-04  -3.236301e-07  +2.605762e-07  +6.764908e-04  +7.751997e-08  -3.397158e-07  +1.195355e-03  +2.398991e-08  -2.902085e-08  +1.677392e-03  
-1.451262e-07  +1.651304e-07  -1.635326e-06  +5.240712e-06  +1.447941e-07  -5.939714e-08  -2.025401e-07  +2.026139e-06  -8.808636e-07  +5.809272e-06  +3.723106e-07  +8.352384e-08  +1.026512e-06  +4.284471e-05  -8.971679e-08  +2.399014e-07  -5.713126e-05  +2.068688e-07  -4.543731e-08  +1.411929e-04  +1.062768e-07  -2.150939e-07  -4.762774e-04  
-9.069829e-04  +3.967809e-05  +9.680234e-03  +3.606423e-03  -3.284088e-04  +1.460611e-03  +3.003680e-03  -5.952625e-03  -3.091692e-03  +1.711405e-02  -4.054674e-02  +3.556175e-04  +4.284471e-05  +5.426185e+00  -5.580804e-04  +6.346739e-04  +4.729839e+00  +6.432746e-04  -4.456565e-04  +5.962634e+00  +8.122870e-05  -3.609084e-04  +8.068816e+00  
+3.276799e-07  -1.800285e-07  -2.406223e-06  -4.221541e-06  +2.480464e-07  -1.026257e-07  +8.020757e-07  +9.915649e-08  +1.614153e-06  -1.153275e-05  +1.237093e-05  -3.236301e-07  -8.971679e-08  -5.580804e-04  +7.830962e-07  -2.188717e-07  -1.337234e-03  -1.357403e-07  +2.191566e-07  -1.439020e-03  -5.848994e-08  +7.546536e-08  -2.272448e-03  
-2.931540e-07  -4.193935e-09  +3.832506e-07  +1.491575e-06  -4.741183e-07  +1.929430e-07  -6.392312e-07  +4.130018e-06  -1.405165e-06  +1.012829e-05  -1.243229e-05  +2.605762e-07  +2.399014e-07  +6.346739e-04  -2.188717e-07  +8.055180e-07  +1.336409e-03  +2.576032e-07  -1.990453e-07  +1.225955e-03  +3.643704e-08  -2.515071e-07  +1.910364e-03  
-2.122895e-03  -1.755796e-04  +1.573296e-02  +2.547598e-03  -1.187080e-03  +1.297872e-03  -2.407044e-03  +2.447574e-02  -9.778128e-03  +6.904372e-02  -1.191431e-01  +6.764908e-04  -5.713126e-05  +4.729839e+00  -1.337234e-03  +1.336409e-03  +1.406977e+01  +1.018417e-03  -5.207414e-04  +1.190567e+01  +2.690072e-04  -1.914860e-03  +1.727635e+01  
-2.722165e-07  +1.559571e-07  +1.172547e-07  +2.012039e-06  -3.307988e-07  +3.209459e-07  -2.706140e-07  +1.404279e-07  -1.115179e-06  +7.522694e-06  -7.234275e-06  +7.751997e-08  +2.068688e-07  +6.432746e-04  -1.357403e-07  +2.576032e-07  +1.018417e-03  +6.716089e-07  +2.064884e-08  +9.111754e-04  +4.996461e-08  -1.366091e-07  +1.345157e-03  
+2.787068e-07  -6.639585e-08  -1.758849e-06  -3.953938e-06  +1.899363e-07  -4.142472e-08  -5.675190e-08  +7.568469e-07  +8.939406e-07  -5.989306e-06  +9.385186e-06  -3.397158e-07  -4.543731e-08  -4.456565e-04  +2.191566e-07  -1.990453e-07  -5.207414e-04  +2.064884e-08  +6.849494e-07  -8.597312e-04  -1.095562e-08  -7.396139e-08  -1.222668e-03  
-2.436515e-03  -2.125644e-04  +1.976037e-02  +1.342273e-02  -1.671311e-03  +2.033318e-03  +6.661618e-05  +1.301357e-02  -9.597043e-03  +6.556866e-02  -1.332146e-01  +1.195355e-03  +1.411929e-04  +5.962634e+00  -1.439020e-03  +1.225955e-03  +1.190567e+01  +9.111754e-04  -8.597312e-04  +1.448356e+01  +4.346753e-04  -1.255268e-03  +1.777604e+01  
-1.011285e-07  +1.141521e-07  +1.178921e-08  +1.064248e-06  +2.263402e-07  +7.744789e-08  +2.322165e-08  -2.081488e-07  -3.935789e-07  +2.856741e-06  -6.626852e-06  +2.398991e-08  +1.062768e-07  +8.122870e-05  -5.848994e-08  +3.643704e-08  +2.690072e-04  +4.996461e-08  -1.095562e-08  +4.346753e-04  +3.263219e-07  -9.341467e-09  +2.506437e-04  
+1.508872e-07  +8.262646e-08  -2.113478e-07  +2.904726e-06  -1.759523e-07  +1.939126e-07  +1.323958e-06  -1.213443e-05  +9.379517e-07  -7.833891e-06  +1.005310e-05  -2.902085e-08  -2.150939e-07  -3.609084e-04  +7.546536e-08  -2.515071e-07  -1.914860e-03  -1.366091e-07  -7.396139e-08  -1.255268e-03  -9.341467e-09  +1.114618e-06  -1.515987e-03  
-3.375319e-03  -5.710770e-05  +2.818007e-02  +7.145205e-03  -2.991121e-03  +4.754447e-03  -1.317433e-04  +9.842540e-03  -1.343725e-02  +9.242791e-02  -1.886037e-01  +1.677392e-03  -4.762774e-04  +8.068816e+00  -2.272448e-03  +1.910364e-03  +1.727635e+01  +1.345157e-03  -1.222668e-03  +1.777604e+01  +2.506437e-04  -1.515987e-03  +2.825619e+01  
