mean:
+3.966931e+00  +4.003035e+00  +6.102308e-01  +1.999989e+00  +1.310696e+00  +6.005520e-01  +8.486929e-01  +2.193696e+00  +3.848947e-02  +3.898294e+00  +5.885529e+00  +4.623764e+00  +3.191517e+00  +3.273877e+02  +2.670400e+00  +3.677794e+00  +4.529110e+02  +4.719871e+00  +4.880026e+00  +8.029765e+02  +3.938254e+00  +5.173253e+00  +4.337370e+02  
covariance:
+2.255368e-06  -6.803538e-07  +2.420592e-06  +1.775711e-05  +7.671167e-07  -4.415686e-07  +4.386679e-06  +4.978481e-07  -2.173603e-07  +1.172925e-05  -3.434113e-05  +1.371466e-07  -5.455782e-08  +7.233810e-04  +9.715624e-08  +1.307394e-07  +3.070372e-04  +5.263375e-08  -1.425776e-07  +2.573946e-05  +8.671242e-08  +2.066839e-07  -8.276302e-05  
-6.803538e-07  +7.112859e-06  +6.233598e-07  -1.357887e-05  +3.374148e-06  +2.597305e-07  +1.631987e-06  -2.505710e-07  -9.070438e-08  +7.053195e-07  +1.515603e-05  +4.857173e-07  +2.506330e-07  -9.910355e-04  +1.376096e-07  +2.145552e-07  +3.732241e-04  -4.228522e-07  +1.542996e-08  +4.853615e-04  +3.593705e-07  -3.277474e-08  +8.878899e-04  
+2.420592e-06  +6.233598e-07  +2.336773e-05  +1.189238e-04  +9.701991e-06  -3.801777e-06  +4.285352e-05  +1.023080e-05  -2.234935e-06  +1.099608e-04  -2.548726e-04  +2.082610e-06  -8.481472e-07  +4.197137e-03  +1.043610e-06  +2.370808e-06  +4.005129e-03  -3.566303e-07  -1.092884e-06  +2.050672e-03  +9.946070e-07  +1.312589e-06  +1.247818e-03  
+1.775711e-05  -1.357887e-05  +1.189238e-04  +9.957134e-04  +2.990038e-05  -3.426594e-05  +2.183641e-04  +4.471139e-05  -1.037468e-05  +6.356793e-04  -1.912867e-03  +3.653602e-06  -7.275767e-06  +4.914710e-02  +3.863432e-06  +9.481005e-06  +1.294264e-02  +5.352980e-06  -8.098757e-06  +1.063765e-02  +3.836967e-06  +6.347318e-06  -1.016545e-02  
+7.671167e-07  +3.374148e-06  +9.701991e-06  +2.990038e-05  +5.506287e-05  -1.911958e-06  +2.755024e-05  +3.754901e-05  -1.675180e-06  +7.855357e-05  -1.096490e-04  +2.289595e-06  +1.451231e-06  +2.773270e-03  +7.535772e-08  +2.363565e-06  +4.719102e-03  -8.935513e-07  -7.912208e-07  +1.590007e-03  +8.351958e-07  +4.458879e-07  +2.225577e-03  
-4.415686e-07  +2.597305e-07  -3.801777e-06  -3.426594e-05  -1.911958e-06  +1.515338e-06  -7.309092e-06  -3.370393e-06  +3.391485e-07  -2.250640e-05  +7.006158e-05  -1.911870e-07  +2.852537e-07  -1.933585e-03  -1.479111e-07  -3.132551e-07  -3.004099e-04  -2.506356e-07  +2.675207e-07  -5.228858e-04  -3.276100e-08  -1.862293e-07  +4.453723e-04  
+4.386679e-06  +1.631987e-06  +4.285352e-05  +2.183641e-04  +2.755024e-05  -7.309092e-06  +1.040674e-04  +4.404353e-05  -5.644689e-06  +2.543965e-04  -5.008456e-04  +5.412304e-06  +2.904702e-08  +7.507910e-03  +1.338409e-06  +6.595708e-06  +1.177421e-02  -7.360322e-07  -2.052606e-06  +3.969067e-03  +9.228121e-07  +2.352689e-06  +6.543849e-03  
+4.978481e-07  -2.505710e-07  +1.023080e-05  +4.471139e-05  +3.754901e-05  -3.370393e-06  +4.404353e-05  +1.335529e-04  -2.915760e-06  +1.335123e-04  -1.864694e-04  +3.595017e-06  +5.480041e-07  +7.798456e-03  -5.788342e-07  +2.449955e-06  +9.408596e-03  -1.191650e-06  -1.542339e-06  +3.442321e-04  -2.994043e-06  +7.891700e-07  -2.946574e-04  
-2.173603e-07  -9.070438e-08  -2.234935e-06  -1.037468e-05  -1.675180e-06  +3.391485e-07  -5.644689e-06  -2.915760e-06  +3.402745e-07  -1.387554e-05  +2.466218e-05  -3.108564e-07  -2.928132e-08  -3.320539e-04  -8.027141e-08  -3.800595e-07  -6.963036e-04  +6.554689e-08  +1.064872e-07  -1.852773e-04  -4.472667e-08  -1.260167e-07  -4.001360e-04  
+1.172925e-05  +7.053195e-07  +1.099608e-04  +6.356793e-04  +7.855357e-05  -2.250640e-05  +2.543965e-04  +1.335123e-04  -1.387554e-05  +6.757625e-04  -1.430691e-03  +1.226333e-05  -1.025181e-06  +2.711833e-02  +4.244395e-06  +1.554135e-05  +2.776718e-02  -8.958444e-07  -6.260854e-06  +9.642671e-03  +2.394924e-06  +6.396089e-06  +9.973188e-03  
-3.434113e-05  +1.515603e-05  -2.548726e-04  -1.912867e-03  -1.096490e-04  +7.006158e-05  -5.008456e-04  -1.864694e-04  +2.466218e-05  -1.430691e-03  +4.015233e-03  -1.543504e-05  +1.237985e-05  -9.584500e-02  -9.869548e-06  -2.336825e-05  -3.584957e-02  -7.354661e-06  +1.755254e-05  -2.447718e-02  -6.639333e-06  -1.499258e-05  +9.317072e-03  
+1.371466e-07  +4.857173e-07  +2.082610e-06  +3.653602e-06  +2.289595e-06  -1.911870e-07  +5.412304e-06  +3.595017e-06  -3.108564e-07  +1.226333e-05  -1.543504e-05  +7.218129e-07  +3.133241e-08  -1.667855e-04  +1.058946e-07  +3.520948e-07  +8.171190e-04  -1.696351e-07  -6.271808e-08  +4.015041e-04  +2.823829e-09  +1.873250e-07  +7.167635e-04  
-5.455782e-08  +2.506330e-07  -8.481472e-07  -7.275767e-06  +1.451231e-06  +2.852537e-07  +2.904702e-08  +5.480041e-07  -2.928132e-08  -1.025181e-06  +1.237985e-05  +3.133241e-08  +6.526318e-07  -4.429579e-04  -8.098584e-08  +6.501224e-08  +3.222115e-05  -4.140204e-08  +8.196102e-08  +1.188693e-04  -7.654409e-08  -4.991177e-08  +4.573484e-04  
+7.233810e-04  -9.910355e-04  +4.197137e-03  +4.914710e-02  +2.773270e-03  -1.933585e-03  +7.507910e-03  +7.798456e-03  -3.320539e-04  +2.711833e-02  -9.584500e-02  -1.667855e-04  -4.429579e-04  +3.684080e+00  -1.059938e-04  +7.619114e-05  +3.331415e-01  +4.046915e-04  -4.605359e-04  +3.318696e-01  -1.793384e-05  +1.572094e-04  -1.425702e+00  
+9.715624e-08  +1.376096e-07  +1.043610e-06  +3.863432e-06  +7.535772e-08  -1.479111e-07  +1.338409e-06  -5.788342e-07  -8.027141e-08  +4.244395e-06  -9.869548e-06  +1.058946e-07  -8.098584e-08  -1.059938e-04  +3.953280e-07  +1.789702e-07  +3.624302e-05  -3.026514e-08  -4.621288e-08  +3.433875e-05  +1.802409e-07  +1.175193e-07  +2.013146e-05  
+1.307394e-07  +2.145552e-07  +2.370808e-06  +9.481005e-06  +2.363565e-06  -3.132551e-07  +6.595708e-06  +2.449955e-06  -3.800595e-07  +1.554135e-05  -2.336825e-05  +3.520948e-07  +6.501224e-08  +7.619114e-05  +1.789702e-07  +7.220177e-07  +7.797188e-04  -9.996424e-08  -1.034616e-07  +1.949617e-04  +1.573786e-07  +1.309698e-07  +6.520681e-04  
+3.070372e-04  +3.732241e-04  +4.005129e-03  +1.294264e-02  +4.719102e-03  -3.004099e-04  +1.177421e-02  +9.408596e-03  -6.963036e-04  +2.776718e-02  -3.584957e-02  +8.171190e-04  +3.222115e-05  +3.331415e-01  +3.624302e-05  +7.797188e-04  +2.207405e+00  -3.078034e-04  -2.475479e-04  +1.201854e-01  +5.122510e-05  +2.398779e-04  +1.141854e+00  
+5.263375e-08  -4.228522e-07  -3.566303e-07  +5.352980e-06  -8.935513e-07  -2.506356e-07  -7.360322e-07  -1.191650e-06  +6.554689e-08  -8.958444e-07  -7.354661e-06  -1.696351e-07  -4.140204e-08  +4.046915e-04  -3.026514e-08  -9.996424e-08  -3.078034e-04  +3.086896e-07  -1.338794e-08  +2.896733e-05  -3.009364e-08  -6.008169e-09  -3.611086e-04  
-1.425776e-07  +1.542996e-08  -1.092884e-06  -8.098757e-06  -7.912208e-07  +2.675207e-07  -2.052606e-06  -1.542339e-06  +1.064872e-07  -6.260854e-06  +1.755254e-05  -6.271808e-08  +8.196102e-08  -4.605359e-04  -4.621288e-08  -1.034616e-07  -2.475479e-04  -1.338794e-08  +2.522276e-07  -1.287771e-05  -3.950587e-08  -1.033105e-07  +2.838371e-05  
+2.573946e-05  +4.853615e-04  +2.050672e-03  +1.063765e-02  +1.590007e-03  -5.228858e-04  +3.969067e-03  +3.442321e-04  -1.852773e-04  +9.642671e-03  -2.447718e-02  +4.015041e-04  +1.188693e-04  +3.318696e-01  +3.433875e-05  +1.949617e-04  +1.201854e-01  +2.896733e-05  -1.287771e-05  +8.551032e-01  +1.512038e-06  +1.411172e-04  +2.860263e-01  
+8.671242e-08  +3.593705e-07  +9.946070e-07  +3.836967e-06  +8.351958e-07  -3.276100e-08  +9.228121e-07  -2.994043e-06  -4.472667e-08  +2.394924e-06  -6.639333e-06  +2.823829e-09  -7.654409e-08  -1.793384e-05  +1.802409e-07  +1.573786e-07  +5.122510e-05  -3.009364e-08  -3.950587e-08  +1.512038e-06  +5.316073e-07  +7.909353e-08  -5.346272e-05  
+2.066839e-07  -3.277474e-08  +1.312589e-06  +6.347318e-06  +4.458879e-07  -1.862293e-07  +2.352689e-06  +7.891700e-07  -1.260167e-07  +6.396089e-06  -1.499258e-05  +1.873250e-07  -4.991177e-08  +1.572094e-04  +1.175193e-07  +1.309698e-07  +2.398779e-04  -6.008169e-09  -1.033105e-07  +1.411172e-04  +7.909353e-08  +2.484496e-07  +7.567205e-05  
-8.276302e-05  +8.878899e-04  +1.247818e-03  -1.016545e-02  +2.225577e-03  +4.453723e-04  +6.543849e-03  -2.946574e-04  -4.001360e-04  +9.973188e-03  +9.317072e-03  +7.167635e-04  +4.573484e-04  -1.425702e+00  +2.013146e-05  +6.520681e-04  +1.141854e+00  -3.611086e-04  +2.838371e-05  +2.860263e-01  -5.346272e-05  +7.567205e-05  +2.275624e+00  
