mean:
+3.979027e+00  +4.009356e+00  +8.432752e-01  +1.323150e+00  +1.242614e+00  +5.997436e-01  +8.094758e-01  +1.387162e+00  +1.683561e-01  +1.880640e+00  +5.908061e+00  +3.594533e+00  +2.900204e+00  +2.066774e+02  +4.310214e+00  +5.179197e+00  +2.870663e+02  +5.217762e+00  +3.910541e+00  +3.292398e+02  +2.879783e+00  +4.560083e+00  +3.949651e+02  
covariance:
+1.272862e-06  +5.704538e-07  -9.701328e-07  +1.108263e-06  -2.575180e-07  -2.178986e-07  -1.032816e-06  +7.394699e-06  -2.147653e-06  +1.545531e-05  -3.281874e-05  +3.385254e-07  -2.190546e-07  -3.903733e-05  -3.507308e-07  +1.039098e-07  +1.536807e-03  +1.275647e-07  -2.835245e-07  +2.051150e-03  +1.339358e-07  -1.150545e-08  +1.564095e-03  
+5.704538e-07  +2.569294e-06  -9.176787e-07  +4.993452e-07  +1.901275e-07  +8.665762e-08  +1.078803e-06  -2.771153e-06  +4.826225e-07  -4.439275e-06  +7.023562e-06  -1.492625e-07  +2.472890e-07  +1.927567e-04  +2.114701e-08  -1.316446e-07  -3.410750e-04  -6.715312e-08  -1.117231e-07  -6.570188e-04  -8.428493e-08  -4.362852e-08  -4.335983e-04  
-9.701328e-07  -9.176787e-07  +3.706123e-05  -1.859596e-05  -5.334132e-06  +8.094233e-07  +5.212579e-06  +3.580332e-05  -4.029129e-06  +1.446985e-05  +1.104510e-04  -2.591841e-07  -3.668202e-07  -1.261972e-03  +4.554388e-07  -3.245773e-06  -3.158833e-03  -6.561450e-07  +1.215552e-06  -6.216894e-03  +1.200831e-06  -3.636417e-07  -1.822360e-03  
+1.108263e-06  +4.993452e-07  -1.859596e-05  +2.128017e-04  +4.770668e-07  -3.120654e-06  -1.089422e-05  -4.650499e-05  +9.648210e-06  -3.745037e-05  -2.135732e-04  +1.353553e-07  -1.343107e-07  -3.927737e-03  +2.630980e-07  -7.426532e-06  -6.859744e-03  +3.978564e-07  -1.024322e-06  -5.812830e-03  -8.386374e-07  +9.311622e-07  +2.272348e-03  
-2.575180e-07  +1.901275e-07  -5.334132e-06  +4.770668e-07  +4.825307e-06  -1.350660e-07  +7.050617e-07  -1.193187e-05  +1.266112e-06  -8.468477e-06  +6.005457e-06  +1.301939e-07  +5.086306e-07  +7.884383e-04  -3.537304e-08  +1.998960e-07  -3.555942e-04  -4.322658e-08  +2.327816e-08  -8.360718e-04  -1.099917e-07  -6.487546e-08  -1.205357e-03  
-2.178986e-07  +8.665762e-08  +8.094233e-07  -3.120654e-06  -1.350660e-07  +8.730398e-07  +4.669002e-07  +1.213503e-07  +1.195587e-06  -8.679343e-06  +1.298731e-05  -6.108197e-07  -4.499366e-08  -3.249826e-04  +2.593826e-07  -1.703027e-08  -6.056303e-04  +3.394155e-08  +2.283444e-07  -7.399030e-04  +1.207843e-08  -3.699247e-08  -3.776659e-05  
-1.032816e-06  +1.078803e-06  +5.212579e-06  -1.089422e-05  +7.050617e-07  +4.669002e-07  +1.320688e-05  -2.420090e-05  -1.309285e-06  -1.469598e-05  +1.380091e-04  -1.331901e-06  +3.406263e-07  +1.248691e-03  -1.618147e-08  -1.134169e-06  -3.534853e-03  -2.985396e-08  +6.601514e-07  -5.107422e-03  +2.990296e-08  +1.956073e-07  -6.893670e-03  
+7.394699e-06  -2.771153e-06  +3.580332e-05  -4.650499e-05  -1.193187e-05  +1.213503e-07  -2.420090e-05  +3.801942e-04  -2.333646e-05  +2.046601e-04  -4.630253e-04  +4.730555e-06  -1.024952e-06  -6.399858e-03  -2.943215e-07  +1.106575e-06  +2.551417e-02  -7.737472e-07  -3.402384e-06  +2.402953e-02  +2.760659e-06  -3.540421e-06  +3.046167e-02  
-2.147653e-06  +4.826225e-07  -4.029129e-06  +9.648210e-06  +1.266112e-06  +1.195587e-06  -1.309285e-06  -2.333646e-05  +1.370683e-05  -8.477527e-05  +4.960111e-05  -1.592435e-06  +1.560702e-06  -9.498432e-04  +2.038106e-06  +1.927337e-07  -5.260748e-03  -2.915684e-07  +3.505594e-07  -7.994503e-03  -7.002627e-07  +1.269649e-07  -2.657964e-03  
+1.545531e-05  -4.439275e-06  +1.446985e-05  -3.745037e-05  -8.468477e-06  -8.679343e-06  -1.469598e-05  +2.046601e-04  -8.477527e-05  +5.816857e-04  -6.203308e-04  +1.285670e-05  -1.019630e-05  +3.560669e-03  -1.340454e-05  +7.820403e-07  +4.249724e-02  +2.254006e-06  -4.242800e-06  +6.147524e-02  +4.540201e-06  -1.095905e-06  +3.169484e-02  
-3.281874e-05  +7.023562e-06  +1.104510e-04  -2.135732e-04  +6.005457e-06  +1.298731e-05  +1.380091e-04  -4.630253e-04  +4.960111e-05  -6.203308e-04  +2.637343e-03  -2.096395e-05  +6.637567e-06  +1.678056e-02  +1.394725e-05  -1.589241e-05  -9.445179e-02  -5.294804e-06  +1.985593e-05  -1.181408e-01  -4.726836e-06  +1.270925e-06  -1.247175e-01  
+3.385254e-07  -1.492625e-07  -2.591841e-07  +1.353553e-07  +1.301939e-07  -6.108197e-07  -1.331901e-06  +4.730555e-06  -1.592435e-06  +1.285670e-05  -2.096395e-05  +1.182512e-06  -2.951444e-08  +3.336452e-04  -2.909172e-07  +1.850358e-07  +1.062047e-03  -5.224334e-08  -1.698390e-07  +1.033054e-03  -7.835276e-08  -1.131972e-07  +4.462328e-04  
-2.190546e-07  +2.472890e-07  -3.668202e-07  -1.343107e-07  +5.086306e-07  -4.499366e-08  +3.406263e-07  -1.024952e-06  +1.560702e-06  -1.019630e-05  +6.637567e-06  -2.951444e-08  +1.041014e-06  +1.924341e-04  +2.079908e-07  -4.196779e-08  -4.692717e-04  -1.845004e-07  -1.241766e-07  -1.915407e-03  -1.284619e-07  -1.661991e-07  -6.900800e-04  
-3.903733e-05  +1.927567e-04  -1.261972e-03  -3.927737e-03  +7.884383e-04  -3.249826e-04  +1.248691e-03  -6.399858e-03  -9.498432e-04  +3.560669e-03  +1.678056e-02  +3.336452e-04  +1.924341e-04  +1.215240e+00  -2.675314e-04  +5.616315e-06  -2.003448e-01  +1.063093e-05  +1.256012e-04  -3.739040e-01  -2.280811e-05  +3.657337e-06  -1.413902e+00  
-3.507308e-07  +2.114701e-08  +4.554388e-07  +2.630980e-07  -3.537304e-08  +2.593826e-07  -1.618147e-08  -2.943215e-07  +2.038106e-06  -1.340454e-05  +1.394725e-05  -2.909172e-07  +2.079908e-07  -2.675314e-04  +7.462876e-07  -9.268143e-08  -1.055565e-03  +3.151184e-08  +1.708579e-07  -1.649198e-03  -1.038112e-07  +3.943972e-08  -6.376795e-04  
+1.039098e-07  -1.316446e-07  -3.245773e-06  -7.426532e-06  +1.998960e-07  -1.703027e-08  -1.134169e-06  +1.106575e-06  +1.927337e-07  +7.820403e-07  -1.589241e-05  +1.850358e-07  -4.196779e-08  +5.616315e-06  -9.268143e-08  +1.529568e-06  +1.221419e-03  -5.568076e-08  -1.737794e-07  +2.375428e-03  -1.916773e-07  +5.055723e-08  +1.133015e-03  
+1.536807e-03  -3.410750e-04  -3.158833e-03  -6.859744e-03  -3.555942e-04  -6.056303e-04  -3.534853e-03  +2.551417e-02  -5.260748e-03  +4.249724e-02  -9.445179e-02  +1.062047e-03  -4.692717e-04  -2.003448e-01  -1.055565e-03  +1.221419e-03  +5.780342e+00  +2.287814e-04  -9.077029e-04  +6.551669e+00  +3.076744e-04  -1.470851e-04  +4.889343e+00  
+1.275647e-07  -6.715312e-08  -6.561450e-07  +3.978564e-07  -4.322658e-08  +3.394155e-08  -2.985396e-08  -7.737472e-07  -2.915684e-07  +2.254006e-06  -5.294804e-06  -5.224334e-08  -1.845004e-07  +1.063093e-05  +3.151184e-08  -5.568076e-08  +2.287814e-04  +5.701606e-07  -2.027454e-09  +5.765763e-05  +4.065655e-08  +1.167777e-07  +1.245752e-04  
-2.835245e-07  -1.117231e-07  +1.215552e-06  -1.024322e-06  +2.327816e-08  +2.283444e-07  +6.601514e-07  -3.402384e-06  +3.505594e-07  -4.242800e-06  +1.985593e-05  -1.698390e-07  -1.241766e-07  +1.256012e-04  +1.708579e-07  -1.737794e-07  -9.077029e-04  -2.027454e-09  +7.627852e-07  -8.739640e-04  +6.153864e-08  +2.891768e-08  -6.712626e-04  
+2.051150e-03  -6.570188e-04  -6.216894e-03  -5.812830e-03  -8.360718e-04  -7.399030e-04  -5.107422e-03  +2.402953e-02  -7.994503e-03  +6.147524e-02  -1.181408e-01  +1.033054e-03  -1.915407e-03  -3.739040e-01  -1.649198e-03  +2.375428e-03  +6.551669e+00  +5.765763e-05  -8.739640e-04  +1.352455e+01  +4.000888e-04  +2.257833e-04  +7.317493e+00  
+1.339358e-07  -8.428493e-08  +1.200831e-06  -8.386374e-07  -1.099917e-07  +1.207843e-08  +2.990296e-08  +2.760659e-06  -7.002627e-07  +4.540201e-06  -4.726836e-06  -7.835276e-08  -1.284619e-07  -2.280811e-05  -1.038112e-07  -1.916773e-07  +3.076744e-04  +4.065655e-08  +6.153864e-08  +4.000888e-04  +3.967504e-07  -7.023804e-10  +5.561670e-04  
-1.150545e-08  -4.362852e-08  -3.636417e-07  +9.311622e-07  -6.487546e-08  -3.699247e-08  +1.956073e-07  -3.540421e-06  +1.269649e-07  -1.095905e-06  +1.270925e-06  -1.131972e-07  -1.661991e-07  +3.657337e-06  +3.943972e-08  +5.055723e-08  -1.470851e-04  +1.167777e-07  +2.891768e-08  +2.257833e-04  -7.023804e-10  +3.561719e-07  -4.774173e-05  
+1.564095e-03  -4.335983e-04  -1.822360e-03  +2.272348e-03  -1.205357e-03  -3.776659e-05  -6.893670e-03  +3.046167e-02  -2.657964e-03  +3.169484e-02  -1.247175e-01  +4.462328e-04  -6.900800e-04  -1.413902e+00  -6.376795e-04  +1.133015e-03  +4.889343e+00  +1.245752e-04  -6.712626e-04  +7.317493e+00  +5.561670e-04  -4.774173e-05  +7.971146e+00  
