mean:
+3.982334e+00  +3.953363e+00  +8.430059e-01  +1.283271e+00  +1.367218e+00  +4.037816e-01  +8.059377e-01  +1.394890e+00  +1.666829e-01  +1.862784e+00  +6.052103e+00  +3.592477e+00  +2.698398e+00  +1.978443e+02  +4.309362e+00  +5.294699e+00  +2.713286e+02  +5.453957e+00  +3.757788e+00  +3.232160e+02  +2.639897e+00  +4.559861e+00  +3.903178e+02  
covariance:
+1.095509e-06  +2.261768e-07  -5.875498e-08  +1.166502e-06  -1.245202e-06  -6.034355e-08  -5.594326e-07  -6.899052e-07  +7.975007e-09  -1.395863e-06  -4.804214e-06  -4.980633e-08  -3.434793e-08  +2.073521e-04  +2.178507e-07  -4.712997e-08  -1.537673e-04  -4.911570e-08  -1.209167e-08  +1.606125e-04  +7.872744e-08  -7.743741e-10  +1.523298e-04  
+2.261768e-07  +1.090166e-06  +7.884483e-08  -1.324492e-06  +2.080657e-06  +1.199639e-07  +5.419519e-07  -1.729669e-07  -5.225758e-07  +3.621927e-06  +3.465836e-06  +1.545977e-07  -5.285278e-08  -1.766102e-04  -3.942174e-07  +1.401931e-07  -2.794335e-04  +1.245114e-07  -5.549136e-08  +4.618737e-05  +6.443680e-08  +1.057599e-07  -7.380042e-05  
-5.875498e-08  +7.884483e-08  +1.307158e-05  +9.441599e-06  -1.164586e-05  +3.431876e-07  -1.014008e-05  -8.256920e-06  +7.747644e-07  +2.936702e-06  +7.118001e-06  +8.516880e-07  +6.352242e-07  -3.362726e-04  +8.071552e-07  +3.745280e-07  +2.975231e-05  -7.081443e-07  -5.479894e-07  +3.832709e-04  -7.537054e-07  -2.757356e-07  -1.937249e-03  
+1.166502e-06  -1.324492e-06  +9.441599e-06  +2.672740e-04  -2.715583e-04  -2.123357e-05  -5.386675e-05  -2.095795e-05  +4.918512e-05  -2.853095e-04  -3.845143e-04  -4.616327e-06  -1.751129e-07  +2.516828e-02  +1.208981e-05  -7.432663e-06  +1.668825e-03  -2.226669e-06  -2.574378e-06  +1.210133e-02  -1.311245e-07  -2.869025e-06  +4.398962e-03  
-1.245202e-06  +2.080657e-06  -1.164586e-05  -2.715583e-04  +6.747718e-04  +3.601138e-05  +9.919766e-05  +4.140843e-05  -1.154500e-04  +6.874955e-04  +9.259577e-04  +1.677866e-05  +1.612226e-06  -6.165289e-02  -3.725121e-05  +1.773820e-05  -3.116268e-02  +1.152950e-05  +3.476334e-06  -5.783235e-03  +4.745130e-06  +9.197596e-06  -1.260324e-02  
-6.034355e-08  +1.199639e-07  +3.431876e-07  -2.123357e-05  +3.601138e-05  +4.553539e-06  +2.868640e-06  -1.489138e-06  -7.693006e-06  +5.072979e-05  +5.700827e-05  +1.233047e-06  -2.331810e-07  -5.301995e-03  -3.251472e-06  +1.198577e-06  -1.524863e-03  +3.580760e-07  +5.392095e-07  +1.448911e-04  +4.685693e-07  +8.035401e-07  -5.915087e-04  
-5.594326e-07  +5.419519e-07  -1.014008e-05  -5.386675e-05  +9.919766e-05  +2.868640e-06  +4.760767e-05  +5.685125e-05  -1.707054e-05  +7.218491e-05  +1.131768e-04  +1.035774e-06  -5.411824e-08  -5.613504e-03  -7.795022e-06  +4.660977e-06  -1.720823e-03  +3.098024e-06  +2.163103e-07  -4.078622e-03  +1.158372e-06  +3.679781e-07  -3.022206e-03  
-6.899052e-07  -1.729669e-07  -8.256920e-06  -2.095795e-05  +4.140843e-05  -1.489138e-06  +5.685125e-05  +2.136039e-04  +3.294943e-07  -4.889463e-05  -7.617468e-05  -2.382688e-06  +8.727467e-07  +7.720616e-03  +3.185574e-06  +6.992167e-06  +4.428355e-03  -2.434681e-06  -1.438012e-06  -5.543802e-03  +2.281275e-06  -2.513227e-06  -8.847140e-03  
+7.975007e-09  -5.225758e-07  +7.747644e-07  +4.918512e-05  -1.154500e-04  -7.693006e-06  -1.707054e-05  +3.294943e-07  +2.454162e-05  -1.477958e-04  -1.907271e-04  -3.817784e-06  +3.752612e-07  +1.353148e-02  +1.115493e-05  -3.801185e-06  +7.090691e-03  -2.888918e-06  -6.935893e-07  -1.219255e-04  -1.297145e-06  -2.232597e-06  +2.154032e-03  
-1.395863e-06  +3.621927e-06  +2.936702e-06  -2.853095e-04  +6.874955e-04  +5.072979e-05  +7.218491e-05  -4.889463e-05  -1.477958e-04  +9.418327e-04  +1.171006e-03  +2.521877e-05  -3.152613e-06  -8.663741e-02  -6.973618e-05  +2.206566e-05  -4.677513e-02  +1.677420e-05  +4.549790e-06  +5.357091e-03  +8.144298e-06  +1.490274e-05  -1.191422e-02  
-4.804214e-06  +3.465836e-06  +7.118001e-06  -3.845143e-04  +9.259577e-04  +5.700827e-05  +1.131768e-04  -7.617468e-05  -1.907271e-04  +1.171006e-03  +1.685436e-03  +3.064114e-05  +2.748199e-07  -1.110804e-01  -8.424830e-05  +2.636820e-05  -5.398053e-02  +2.323643e-05  +5.936657e-06  -3.351986e-03  +5.780960e-06  +1.800862e-05  -1.704533e-02  
-4.980633e-08  +1.545977e-07  +8.516880e-07  -4.616327e-06  +1.677866e-05  +1.233047e-06  +1.035774e-06  -2.382688e-06  -3.817784e-06  +2.521877e-05  +3.064114e-05  +1.291109e-06  +5.950638e-08  -2.069328e-03  -1.862047e-06  +6.550719e-07  -1.630873e-03  +4.003923e-07  +4.411025e-08  +1.804685e-04  +1.712139e-07  +4.769175e-07  -4.889715e-04  
-3.434793e-08  -5.285278e-08  +6.352242e-07  -1.751129e-07  +1.612226e-06  -2.331810e-07  -5.411824e-08  +8.727467e-07  +3.752612e-07  -3.152613e-06  +2.748199e-07  +5.950638e-08  +1.015886e-06  +2.908301e-04  +1.105527e-06  +5.601858e-09  +2.221793e-04  -2.057673e-07  -4.649115e-08  -3.318519e-04  -2.094287e-07  -4.474015e-08  -1.464464e-04  
+2.073521e-04  -1.766102e-04  -3.362726e-04  +2.516828e-02  -6.165289e-02  -5.301995e-03  -5.613504e-03  +7.720616e-03  +1.353148e-02  -8.663741e-02  -1.110804e-01  -2.069328e-03  +2.908301e-04  +9.328329e+00  +6.779500e-03  -1.748226e-03  +4.006536e+00  -1.643452e-03  -6.977630e-04  -9.481705e-01  -6.602214e-04  -1.430489e-03  +5.703904e-01  
+2.178507e-07  -3.942174e-07  +8.071552e-07  +1.208981e-05  -3.725121e-05  -3.251472e-06  -7.795022e-06  +3.185574e-06  +1.115493e-05  -6.973618e-05  -8.424830e-05  -1.862047e-06  +1.105527e-06  +6.779500e-03  +1.096023e-05  -2.128077e-06  +4.554782e-03  -2.717107e-06  -3.873157e-07  -2.273708e-03  -9.775407e-07  -1.548352e-06  +1.531679e-04  
-4.712997e-08  +1.401931e-07  +3.745280e-07  -7.432663e-06  +1.773820e-05  +1.198577e-06  +4.660977e-06  +6.992167e-06  -3.801185e-06  +2.206566e-05  +2.636820e-05  +6.550719e-07  +5.601858e-09  -1.748226e-03  -2.128077e-06  +1.345290e-06  -1.080962e-03  +6.473004e-07  -4.142308e-08  -2.494392e-05  +2.350216e-07  +3.201815e-07  -8.629055e-04  
-1.537673e-04  -2.794335e-04  +2.975231e-05  +1.668825e-03  -3.116268e-02  -1.524863e-03  -1.720823e-03  +4.428355e-03  +7.090691e-03  -4.677513e-02  -5.398053e-02  -1.630873e-03  +2.221793e-04  +4.006536e+00  +4.554782e-03  -1.080962e-03  +4.441933e+00  -1.245292e-03  -1.570332e-04  -1.631545e+00  -7.038201e-04  -9.291103e-04  +7.572644e-02  
-4.911570e-08  +1.245114e-07  -7.081443e-07  -2.226669e-06  +1.152950e-05  +3.580760e-07  +3.098024e-06  -2.434681e-06  -2.888918e-06  +1.677420e-05  +2.323643e-05  +4.003923e-07  -2.057673e-07  -1.643452e-03  -2.717107e-06  +6.473004e-07  -1.245292e-03  +1.378129e-06  +3.432022e-08  +6.365964e-04  +9.592515e-08  +4.486619e-07  +1.342461e-04  
-1.209167e-08  -5.549136e-08  -5.479894e-07  -2.574378e-06  +3.476334e-06  +5.392095e-07  +2.163103e-07  -1.438012e-06  -6.935893e-07  +4.549790e-06  +5.936657e-06  +4.411025e-08  -4.649115e-08  -6.977630e-04  -3.873157e-07  -4.142308e-08  -1.570332e-04  +3.432022e-08  +4.438339e-07  +1.044296e-04  +1.003580e-07  +1.369460e-07  +4.863756e-04  
+1.606125e-04  +4.618737e-05  +3.832709e-04  +1.210133e-02  -5.783235e-03  +1.448911e-04  -4.078622e-03  -5.543802e-03  -1.219255e-04  +5.357091e-03  -3.351986e-03  +1.804685e-04  -3.318519e-04  -9.481705e-01  -2.273708e-03  -2.494392e-05  -1.631545e+00  +6.365964e-04  +1.044296e-04  +2.785471e+00  +5.065075e-04  +4.882554e-04  +1.138049e+00  
+7.872744e-08  +6.443680e-08  -7.537054e-07  -1.311245e-07  +4.745130e-06  +4.685693e-07  +1.158372e-06  +2.281275e-06  -1.297145e-06  +8.144298e-06  +5.780960e-06  +1.712139e-07  -2.094287e-07  -6.602214e-04  -9.775407e-07  +2.350216e-07  -7.038201e-04  +9.592515e-08  +1.003580e-07  +5.065075e-04  +6.293260e-07  +1.954225e-07  +1.428168e-04  
-7.743741e-10  +1.057599e-07  -2.757356e-07  -2.869025e-06  +9.197596e-06  +8.035401e-07  +3.679781e-07  -2.513227e-06  -2.232597e-06  +1.490274e-05  +1.800862e-05  +4.769175e-07  -4.474015e-08  -1.430489e-03  -1.548352e-06  +3.201815e-07  -9.291103e-04  +4.486619e-07  +1.369460e-07  +4.882554e-04  +1.954225e-07  +6.802479e-07  -1.578699e-05  
+1.523298e-04  -7.380042e-05  -1.937249e-03  +4.398962e-03  -1.260324e-02  -5.915087e-04  -3.022206e-03  -8.847140e-03  +2.154032e-03  -1.191422e-02  -1.704533e-02  -4.889715e-04  -1.464464e-04  +5.703904e-01  +1.531679e-04  -8.629055e-04  +7.572644e-02  +1.342461e-04  +4.863756e-04  +1.138049e+00  +1.428168e-04  -1.578699e-05  +2.761464e+00  
