mean:
+3.958264e+00  +3.924934e+00  +6.577351e-01  -1.166548e+00  +1.606762e+00  +3.986711e-01  +9.192766e-01  +2.066450e+00  +1.544584e-01  +1.985862e+00  +4.758481e+00  +1.634921e+00  +2.883571e+00  +8.148279e+02  +4.799729e+00  +4.399267e+00  +2.037055e+03  
covariance:
+4.128028e-06  +2.500163e-06  -3.354771e-06  +1.868514e-06  +5.769225e-06  +4.432835e-06  +6.257517e-07  +2.939292e-05  +1.631524e-06  -1.785285e-05  +1.358902e-04  +4.395965e-08  +2.248838e-07  -9.869291e-03  +1.413732e-07  +2.278615e-07  -2.229136e-02  
+2.500163e-06  +6.090439e-06  -2.674592e-06  +4.189705e-06  +6.097692e-06  +5.092154e-06  +1.344659e-06  +2.623350e-05  +1.622355e-06  -1.975520e-05  +1.619028e-04  +1.413807e-07  +2.678892e-07  -1.223489e-02  +2.221424e-07  +2.810718e-07  -2.595336e-02  
-3.354771e-06  -2.674592e-06  +3.383356e-05  -1.238874e-05  +1.131422e-05  -1.726310e-06  +6.216715e-06  -1.009867e-04  -4.050758e-06  +3.169838e-05  -1.175057e-04  +3.860868e-07  -1.154445e-06  +7.231282e-04  +1.429916e-07  +1.561079e-07  +1.977531e-02  
+1.868514e-06  +4.189705e-06  -1.238874e-05  +7.907351e-05  -7.845634e-06  +4.936916e-07  -8.180951e-06  +8.375149e-05  +4.531833e-06  -3.477626e-05  +1.620572e-04  -1.320803e-07  +2.075767e-06  -7.022069e-03  -1.223827e-07  +9.245770e-08  -2.342555e-02  
+5.769225e-06  +6.097692e-06  +1.131422e-05  -7.845634e-06  +9.110927e-05  +3.592618e-05  +3.402281e-05  +1.207767e-04  -2.173072e-06  -4.846698e-05  +5.902596e-04  +2.512048e-06  +6.948479e-07  -4.525812e-02  +1.529635e-07  +7.882410e-07  -9.000295e-02  
+4.432835e-06  +5.092154e-06  -1.726310e-06  +4.936916e-07  +3.592618e-05  +2.290515e-05  +1.797316e-05  +9.715745e-05  -5.418318e-07  -3.821200e-05  +4.254139e-04  +7.341041e-07  +5.045532e-07  -3.070003e-02  +5.071035e-07  +6.064297e-07  -6.498454e-02  
+6.257517e-07  +1.344659e-06  +6.216715e-06  -8.180951e-06  +3.402281e-05  +1.797316e-05  +3.444935e-05  +3.645443e-05  -6.090398e-06  -4.871109e-06  +2.262787e-04  +6.958930e-07  -1.668921e-07  -1.720333e-02  +1.817819e-07  +1.194136e-07  -3.081500e-02  
+2.939292e-05  +2.623350e-05  -1.009867e-04  +8.375149e-05  +1.207767e-04  +9.715745e-05  +3.645443e-05  +1.003500e-03  +2.107700e-05  -2.987964e-04  +1.936392e-03  +3.210259e-06  +7.704112e-06  -1.079631e-01  +1.502763e-06  +1.161927e-06  -3.270128e-01  
+1.631524e-06  +1.622355e-06  -4.050758e-06  +4.531833e-06  -2.173072e-06  -5.418318e-07  -6.090398e-06  +2.107700e-05  +2.991465e-06  -1.473734e-05  +4.463642e-05  -2.088908e-08  +2.768732e-07  -2.960776e-03  +3.916256e-08  +7.893509e-08  -9.852884e-03  
-1.785285e-05  -1.975520e-05  +3.169838e-05  -3.477626e-05  -4.846698e-05  -3.821200e-05  -4.871109e-06  -2.987964e-04  -1.473734e-05  +1.689757e-04  -1.138675e-03  -1.216580e-06  -2.766051e-06  +8.184062e-02  -1.247072e-06  -1.596137e-06  +1.950373e-01  
+1.358902e-04  +1.619028e-04  -1.175057e-04  +1.620572e-04  +5.902596e-04  +4.254139e-04  +2.262787e-04  +1.936392e-03  +4.463642e-05  -1.138675e-03  +1.106959e-02  +1.181667e-05  +1.571044e-05  -8.261541e-01  +1.372930e-05  +1.936364e-05  -1.746752e+00  
+4.395965e-08  +1.413807e-07  +3.860868e-07  -1.320803e-07  +2.512048e-06  +7.341041e-07  +6.958930e-07  +3.210259e-06  -2.088908e-08  -1.216580e-06  +1.181667e-05  +2.567974e-07  +4.212449e-08  -9.703838e-04  +1.128264e-08  +1.777257e-08  -2.198664e-03  
+2.248838e-07  +2.678892e-07  -1.154445e-06  +2.075767e-06  +6.948479e-07  +5.045532e-07  -1.668921e-07  +7.704112e-06  +2.768732e-07  -2.766051e-06  +1.571044e-05  +4.212449e-08  +2.428679e-07  -8.252712e-04  +3.444817e-08  -5.064371e-09  -2.837457e-03  
-9.869291e-03  -1.223489e-02  +7.231282e-04  -7.022069e-03  -4.525812e-02  -3.070003e-02  -1.720333e-02  -1.079631e-01  -2.960776e-03  +8.184062e-02  -8.261541e-01  -9.703838e-04  -8.252712e-04  +6.563094e+01  -1.138383e-03  -1.649904e-03  +1.317957e+02  
+1.413732e-07  +2.221424e-07  +1.429916e-07  -1.223827e-07  +1.529635e-07  +5.071035e-07  +1.817819e-07  +1.502763e-06  +3.916256e-08  -1.247072e-06  +1.372930e-05  +1.128264e-08  +3.444817e-08  -1.138383e-03  +2.184657e-07  +2.698610e-08  -2.499511e-03  
+2.278615e-07  +2.810718e-07  +1.561079e-07  +9.245770e-08  +7.882410e-07  +6.064297e-07  +1.194136e-07  +1.161927e-06  +7.893509e-08  -1.596137e-06  +1.936364e-05  +1.777257e-08  -5.064371e-09  -1.649904e-03  +2.698610e-08  +1.663024e-07  -2.829318e-03  
-2.229136e-02  -2.595336e-02  +1.977531e-02  -2.342555e-02  -9.000295e-02  -6.498454e-02  -3.081500e-02  -3.270128e-01  -9.852884e-03  +1.950373e-01  -1.746752e+00  -2.198664e-03  -2.837457e-03  +1.317957e+02  -2.499511e-03  -2.829318e-03  +2.931586e+02  
