mean:
+4.018089e+00  +3.960160e+00  +8.412686e-01  +1.299544e+00  +1.230103e+00  +5.019198e-01  +8.472426e-01  +1.390606e+00  +1.651684e-01  +2.022248e+00  +5.694612e+00  +3.659303e+00  +2.855995e+00  +2.162697e+02  +4.309685e+00  +5.128889e+00  +2.952529e+02  +5.252526e+00  +3.797958e+00  +3.392984e+02  +2.880189e+00  +4.479158e+00  +4.038822e+02  
covariance:
+4.114001e-06  +4.581839e-07  +2.591801e-06  -5.355734e-06  -2.331718e-06  -6.519561e-06  -3.656681e-07  -1.443408e-05  +1.176511e-05  -9.665844e-05  +2.101016e-04  +8.555003e-08  -9.794776e-08  -5.947474e-03  +6.666849e-07  +1.326961e-07  -1.151659e-02  -1.539603e-07  -3.243588e-07  -9.993281e-03  -6.716392e-07  +1.028385e-06  -1.091624e-02  
+4.581839e-07  +1.894559e-06  -6.244102e-07  -7.654490e-07  -6.034592e-07  -1.183030e-06  +1.100794e-06  -4.454805e-06  +1.014498e-06  -1.057177e-05  +2.934800e-05  +1.277845e-09  -1.406217e-07  -9.553586e-04  +7.411389e-08  +2.658471e-08  -1.889604e-03  +1.859892e-07  -1.059802e-07  -1.459150e-03  +6.755514e-11  +2.223366e-07  -1.495751e-03  
+2.591801e-06  -6.244102e-07  +2.714959e-05  -1.516948e-05  +1.189264e-07  +7.552745e-07  -2.032422e-05  +3.903044e-06  +1.502287e-05  -8.363066e-05  +1.149155e-04  +1.055712e-06  +1.271759e-06  -1.891612e-03  -2.342370e-07  -3.675879e-07  -1.466078e-03  -2.390607e-06  -7.550882e-07  -6.662525e-03  -9.238657e-07  +2.950043e-07  -4.208774e-03  
-5.355734e-06  -7.654490e-07  -1.516948e-05  +1.558363e-04  +2.289667e-06  +2.679829e-06  +1.361677e-05  -7.060123e-06  -3.883113e-05  +2.702849e-04  -2.734989e-04  -1.563367e-06  -2.647001e-06  +1.365959e-02  -3.384165e-06  +2.203273e-06  +3.030674e-02  +8.716872e-07  +5.273423e-06  +3.000019e-02  +4.872449e-07  +9.978079e-07  +2.452556e-02  
-2.331718e-06  -6.034592e-07  +1.189264e-07  +2.289667e-06  +4.724963e-06  +7.631650e-06  -2.537309e-06  +1.524244e-05  -8.750240e-06  +8.075919e-05  -2.017481e-04  -7.271323e-08  +4.380410e-07  +5.850160e-03  -6.400960e-07  -2.214544e-07  +1.138452e-02  -2.847159e-07  +1.113314e-07  +8.972076e-03  +7.110022e-07  -1.215094e-06  +1.010338e-02  
-6.519561e-06  -1.183030e-06  +7.552745e-07  +2.679829e-06  +7.631650e-06  +3.204101e-05  -2.198961e-05  +6.602388e-05  -1.896805e-05  +2.168675e-04  -6.842333e-04  -2.145521e-06  +8.940904e-07  +1.784096e-02  -1.146454e-06  +9.497624e-07  +3.326870e-02  +4.749146e-07  -9.205277e-07  +3.161917e-02  +1.413228e-06  -3.496720e-06  +3.410084e-02  
-3.656681e-07  +1.100794e-06  -2.032422e-05  +1.361677e-05  -2.537309e-06  -2.198961e-05  +6.567908e-05  -6.452410e-05  -1.677013e-05  +7.786947e-06  +2.184596e-04  +2.835165e-06  -6.365931e-07  -4.954580e-03  -5.911881e-07  -4.617928e-06  -1.457732e-02  -4.393669e-07  +6.491473e-07  -1.390781e-02  +1.451371e-06  +2.172564e-06  -1.707446e-02  
-1.443408e-05  -4.454805e-06  +3.903044e-06  -7.060123e-06  +1.524244e-05  +6.602388e-05  -6.452410e-05  +2.759891e-04  -2.714601e-05  +3.817418e-04  -1.427270e-03  -1.746671e-06  +1.520432e-07  +3.805359e-02  +1.280070e-06  +1.726404e-06  +6.673238e-02  +1.165129e-06  +9.125461e-07  +6.625806e-02  -9.326413e-07  -8.857724e-06  +7.108838e-02  
+1.176511e-05  +1.014498e-06  +1.502287e-05  -3.883113e-05  -8.750240e-06  -1.896805e-05  -1.677013e-05  -2.714601e-05  +6.427019e-05  -4.871544e-04  +8.521764e-04  -2.340370e-07  +7.234308e-07  -2.549263e-02  +3.569221e-06  +9.824795e-07  -5.422919e-02  -1.333514e-06  -3.415368e-06  -4.285826e-02  -4.100458e-06  +3.849144e-06  -4.877927e-02  
-9.665844e-05  -1.057177e-05  -8.363066e-05  +2.702849e-04  +8.075919e-05  +2.168675e-04  +7.786947e-06  +3.817418e-04  -4.871544e-04  +3.976718e-03  -7.702832e-03  -4.749804e-06  -2.549182e-06  +2.233646e-01  -2.815246e-05  +3.894765e-08  +4.757315e-01  +1.117509e-05  +2.332872e-05  +3.854781e-01  +3.140166e-05  -3.732169e-05  +4.393022e-01  
+2.101016e-04  +2.934800e-05  +1.149155e-04  -2.734989e-04  -2.017481e-04  -6.842333e-04  +2.184596e-04  -1.427270e-03  +8.521764e-04  -7.702832e-03  +1.888080e-02  +2.712047e-05  -1.350586e-05  -5.107311e-01  +4.655974e-05  -2.199348e-06  -1.002194e+00  -1.761327e-05  -1.172893e-05  -8.823412e-01  -5.629713e-05  +9.452566e-05  -9.762792e-01  
+8.555003e-08  +1.277845e-09  +1.055712e-06  -1.563367e-06  -7.271323e-08  -2.145521e-06  +2.835165e-06  -1.746671e-06  -2.340370e-07  -4.749804e-06  +2.712047e-05  +1.249711e-06  +5.966905e-08  -4.202256e-04  -2.175344e-07  -4.383560e-07  -1.282216e-03  -4.140289e-07  -1.106832e-07  -2.279072e-03  -7.655958e-08  -2.434150e-09  -1.762761e-03  
-9.794776e-08  -1.406217e-07  +1.271759e-06  -2.647001e-06  +4.380410e-07  +8.940904e-07  -6.365931e-07  +1.520432e-07  +7.234308e-07  -2.549182e-06  -1.350586e-05  +5.966905e-08  +8.363376e-07  +8.756064e-05  -2.628253e-07  +1.495957e-08  -1.822015e-04  -3.446956e-07  -3.240858e-07  -2.448017e-04  +2.907394e-08  -2.101349e-07  +1.679193e-06  
-5.947474e-03  -9.553586e-04  -1.891612e-03  +1.365959e-02  +5.850160e-03  +1.784096e-02  -4.954580e-03  +3.805359e-02  -2.549263e-02  +2.233646e-01  -5.107311e-01  -4.202256e-04  +8.756064e-05  +1.537943e+01  -1.308678e-03  +1.133564e-05  +2.927012e+01  +1.701301e-04  +6.181813e-04  +2.512375e+01  +1.561037e-03  -2.481418e-03  +2.738193e+01  
+6.666849e-07  +7.411389e-08  -2.342370e-07  -3.384165e-06  -6.400960e-07  -1.146454e-06  -5.911881e-07  +1.280070e-06  +3.569221e-06  -2.815246e-05  +4.655974e-05  -2.175344e-07  -2.628253e-07  -1.308678e-03  +8.836716e-07  +6.496203e-08  -2.942946e-03  +1.415507e-07  -2.693687e-08  -2.120689e-03  -2.310268e-07  +2.378165e-07  -2.793383e-03  
+1.326961e-07  +2.658471e-08  -3.675879e-07  +2.203273e-06  -2.214544e-07  +9.497624e-07  -4.617928e-06  +1.726404e-06  +9.824795e-07  +3.894765e-08  -2.199348e-06  -4.383560e-07  +1.495957e-08  +1.133564e-05  +6.496203e-08  +1.197434e-06  +3.881251e-04  +2.298172e-07  -2.337501e-08  +1.346907e-03  -9.670107e-08  -2.164326e-08  +1.000659e-03  
-1.151659e-02  -1.889604e-03  -1.466078e-03  +3.030674e-02  +1.138452e-02  +3.326870e-02  -1.457732e-02  +6.673238e-02  -5.422919e-02  +4.757315e-01  -1.002194e+00  -1.282216e-03  -1.822015e-04  +2.927012e+01  -2.942946e-03  +3.881251e-04  +6.422040e+01  +1.042489e-03  +3.075709e-03  +5.028255e+01  +3.585462e-03  -4.977179e-03  +5.782916e+01  
-1.539603e-07  +1.859892e-07  -2.390607e-06  +8.716872e-07  -2.847159e-07  +4.749146e-07  -4.393669e-07  +1.165129e-06  -1.333514e-06  +1.117509e-05  -1.761327e-05  -4.140289e-07  -3.446956e-07  +1.701301e-04  +1.415507e-07  +2.298172e-07  +1.042489e-03  +8.500084e-07  +3.170921e-07  +1.284136e-03  +8.191766e-08  +3.581516e-09  +1.567283e-03  
-3.243588e-07  -1.059802e-07  -7.550882e-07  +5.273423e-06  +1.113314e-07  -9.205277e-07  +6.491473e-07  +9.125461e-07  -3.415368e-06  +2.332872e-05  -1.172893e-05  -1.106832e-07  -3.240858e-07  +6.181813e-04  -2.693687e-08  -2.337501e-08  +3.075709e-03  +3.170921e-07  +1.262291e-06  +1.583746e-03  +2.056766e-07  +4.291367e-08  +2.067023e-03  
-9.993281e-03  -1.459150e-03  -6.662525e-03  +3.000019e-02  +8.972076e-03  +3.161917e-02  -1.390781e-02  +6.625806e-02  -4.285826e-02  +3.854781e-01  -8.823412e-01  -2.279072e-03  -2.448017e-04  +2.512375e+01  -2.120689e-03  +1.346907e-03  +5.028255e+01  +1.284136e-03  +1.583746e-03  +4.659176e+01  +2.532450e-03  -3.947192e-03  +4.903178e+01  
-6.716392e-07  +6.755514e-11  -9.238657e-07  +4.872449e-07  +7.110022e-07  +1.413228e-06  +1.451371e-06  -9.326413e-07  -4.100458e-06  +3.140166e-05  -5.629713e-05  -7.655958e-08  +2.907394e-08  +1.561037e-03  -2.310268e-07  -9.670107e-08  +3.585462e-03  +8.191766e-08  +2.056766e-07  +2.532450e-03  +7.740773e-07  -2.353767e-07  +3.080108e-03  
+1.028385e-06  +2.223366e-07  +2.950043e-07  +9.978079e-07  -1.215094e-06  -3.496720e-06  +2.172564e-06  -8.857724e-06  +3.849144e-06  -3.732169e-05  +9.452566e-05  -2.434150e-09  -2.101349e-07  -2.481418e-03  +2.378165e-07  -2.164326e-08  -4.977179e-03  +3.581516e-09  +4.291367e-08  -3.947192e-03  -2.353767e-07  +9.377440e-07  -4.869499e-03  
-1.091624e-02  -1.495751e-03  -4.208774e-03  +2.452556e-02  +1.010338e-02  +3.410084e-02  -1.707446e-02  +7.108838e-02  -4.877927e-02  +4.393022e-01  -9.762792e-01  -1.762761e-03  +1.679193e-06  +2.738193e+01  -2.793383e-03  +1.000659e-03  +5.782916e+01  +1.567283e-03  +2.067023e-03  +4.903178e+01  +3.080108e-03  -4.869499e-03  +5.585607e+01  
