mean:
+3.909772e+00  +3.897441e+00  +8.235453e-01  +1.292006e+00  +1.449228e+00  +6.013987e-01  +8.257211e-01  +1.362873e+00  +1.607263e-01  +1.896851e+00  +5.891096e+00  +3.485277e+00  +2.613038e+00  +2.008425e+02  +4.262155e+00  +5.275915e+00  +2.866859e+02  +5.350592e+00  +3.756550e+00  +3.318502e+02  +2.641368e+00  +4.558968e+00  +4.016067e+02  
covariance:
+2.717035e-06  -9.570144e-07  -8.194503e-07  -1.777937e-06  -1.698340e-09  -3.587248e-07  +2.685526e-06  +3.046112e-06  -8.885053e-07  +3.203101e-06  -9.122974e-06  -1.391334e-07  -5.361509e-07  -2.201490e-04  -3.488451e-07  +5.287394e-07  +9.622435e-04  +1.755873e-07  +5.881121e-07  +9.094961e-04  -1.221156e-07  +2.767152e-08  +9.444729e-04  
-9.570144e-07  +8.786882e-07  -1.166055e-06  -1.015514e-06  +3.165292e-07  +3.074810e-07  +1.462123e-06  +1.264029e-06  -6.660612e-07  +4.183785e-06  -5.421308e-06  +2.078791e-07  -3.894099e-07  +4.841113e-05  -4.353955e-07  +2.663930e-07  +8.928868e-04  +2.085477e-07  +1.223771e-07  +7.660434e-04  -5.831046e-09  -7.819994e-08  +9.101284e-04  
-8.194503e-07  -1.166055e-06  +2.016968e-05  +1.014756e-05  -3.886495e-06  -2.057017e-06  -2.774301e-05  -1.468384e-05  +8.254759e-06  -5.284421e-05  +6.730834e-05  -8.483446e-07  +3.938922e-06  -1.767231e-03  +6.544430e-06  -5.648690e-06  -8.685270e-03  -4.162822e-06  -1.984990e-06  -1.345819e-02  -1.180751e-07  +1.690194e-06  -1.212038e-02  
-1.777937e-06  -1.015514e-06  +1.014756e-05  +3.951978e-05  -2.189448e-06  +9.524013e-07  -2.362214e-05  -3.509156e-05  +6.423207e-06  -4.340908e-05  +8.267373e-05  +5.613750e-09  +6.728052e-06  +1.600820e-03  +5.197083e-06  -4.578639e-06  -1.341637e-02  -2.071223e-06  -5.947822e-06  -1.060625e-02  +6.018005e-07  +1.517885e-06  -1.035846e-02  
-1.698340e-09  +3.165292e-07  -3.886495e-06  -2.189448e-06  +1.598006e-06  +5.144579e-07  +4.448072e-06  +7.810479e-07  -1.530335e-06  +9.775842e-06  -1.133413e-05  +2.931666e-07  -5.922373e-07  +3.188667e-04  -1.360963e-06  +8.360272e-07  +1.518066e-03  +7.661562e-07  +2.861688e-07  +2.223091e-03  -1.327400e-08  -2.194124e-07  +2.226990e-03  
-3.587248e-07  +3.074810e-07  -2.057017e-06  +9.524013e-07  +5.144579e-07  +1.054144e-06  +9.096458e-07  -5.841000e-06  -6.930064e-07  +4.724204e-06  -7.506200e-07  +5.400912e-07  +1.238447e-07  +4.008588e-04  -7.582542e-07  +4.893902e-08  +2.327885e-04  +3.928949e-07  -3.837238e-07  +6.215697e-04  +1.087528e-07  +8.173231e-08  +9.928176e-04  
+2.685526e-06  +1.462123e-06  -2.774301e-05  -2.362214e-05  +4.448072e-06  +9.096458e-07  +5.303301e-05  +5.379135e-05  -1.351277e-05  +8.586822e-05  -1.443720e-04  -5.924968e-07  -9.254584e-06  +1.590994e-03  -9.216095e-06  +1.163295e-05  +1.813609e-02  +6.033398e-06  +6.152255e-06  +2.411512e-02  +3.396036e-07  -3.488271e-06  +2.021626e-02  
+3.046112e-06  +1.264029e-06  -1.468384e-05  -3.509156e-05  +7.810479e-07  -5.841000e-06  +5.379135e-05  +1.377671e-04  -9.666377e-06  +6.504078e-05  -1.793541e-04  -5.187019e-06  -1.322490e-05  -6.351172e-04  -4.519357e-06  +1.400404e-05  +2.067218e-02  +2.478132e-06  +1.042735e-05  +2.323641e-02  -1.505799e-06  -4.927380e-06  +1.684150e-02  
-8.885053e-07  -6.660612e-07  +8.254759e-06  +6.423207e-06  -1.530335e-06  -6.930064e-07  -1.351277e-05  -9.666377e-06  +4.608472e-06  -2.594192e-05  +3.616028e-05  -4.110924e-07  +2.305680e-06  -3.624571e-04  +2.912711e-06  -2.742383e-06  -5.096300e-03  -1.775808e-06  -1.528294e-06  -6.329184e-03  +2.571076e-08  +7.791949e-07  -5.933186e-03  
+3.203101e-06  +4.183785e-06  -5.284421e-05  -4.340908e-05  +9.775842e-06  +4.724204e-06  +8.586822e-05  +6.504078e-05  -2.594192e-05  +1.737329e-04  -2.563376e-04  +2.857065e-06  -1.607861e-05  +9.354519e-04  -1.849546e-05  +1.730626e-05  +3.563385e-02  +1.062771e-05  +1.036474e-05  +3.932439e-02  -9.020284e-07  -4.358465e-06  +3.968523e-02  
-9.122974e-06  -5.421308e-06  +6.730834e-05  +8.267373e-05  -1.133413e-05  -7.506200e-07  -1.443720e-04  -1.793541e-04  +3.616028e-05  -2.563376e-04  +5.603200e-04  +3.893717e-08  +3.373172e-05  +5.700937e-03  +2.290860e-05  -2.965073e-05  -6.914498e-02  -9.838994e-06  -2.261813e-05  -5.838249e-02  +3.518135e-06  +3.486887e-06  -6.302641e-02  
-1.391334e-07  +2.078791e-07  -8.483446e-07  +5.613750e-09  +2.931666e-07  +5.400912e-07  -5.924968e-07  -5.187019e-06  -4.110924e-07  +2.857065e-06  +3.893717e-08  +7.850994e-07  +4.561650e-08  -1.316816e-04  -4.568729e-07  -5.031002e-07  +4.647616e-04  +4.823983e-08  -1.437922e-07  -3.233374e-04  -1.824721e-07  +3.334375e-07  +5.621230e-04  
-5.361509e-07  -3.894099e-07  +3.938922e-06  +6.728052e-06  -5.922373e-07  +1.238447e-07  -9.254584e-06  -1.322490e-05  +2.305680e-06  -1.607861e-05  +3.373172e-05  +4.561650e-08  +2.467374e-06  +3.288913e-04  +1.466496e-06  -2.003422e-06  -4.611340e-03  -6.577660e-07  -1.794125e-06  -3.981944e-03  +2.196733e-07  +5.017472e-07  -3.799015e-03  
-2.201490e-04  +4.841113e-05  -1.767231e-03  +1.600820e-03  +3.188667e-04  +4.008588e-04  +1.590994e-03  -6.351172e-04  -3.624571e-04  +9.354519e-04  +5.700937e-03  -1.316816e-04  +3.288913e-04  +1.175535e+00  -3.853385e-04  +6.567392e-04  -1.062206e+00  +6.694049e-04  -4.815107e-04  +1.397914e+00  +3.969137e-04  -4.364738e-04  +1.723627e-02  
-3.488451e-07  -4.353955e-07  +6.544430e-06  +5.197083e-06  -1.360963e-06  -7.582542e-07  -9.216095e-06  -4.519357e-06  +2.912711e-06  -1.849546e-05  +2.290860e-05  -4.568729e-07  +1.466496e-06  -3.853385e-04  +2.629261e-06  -1.697018e-06  -3.278303e-03  -1.366683e-06  -1.023067e-06  -4.464185e-03  +1.275953e-07  +6.485501e-07  -4.350793e-03  
+5.287394e-07  +2.663930e-07  -5.648690e-06  -4.578639e-06  +8.360272e-07  +4.893902e-08  +1.163295e-05  +1.400404e-05  -2.742383e-06  +1.730626e-05  -2.965073e-05  -5.031002e-07  -2.003422e-06  +6.567392e-04  -1.697018e-06  +3.119854e-06  +3.609021e-03  +1.356809e-06  +1.467931e-06  +5.776229e-03  +2.899991e-07  -1.118622e-06  +4.025182e-03  
+9.622435e-04  +8.928868e-04  -8.685270e-03  -1.341637e-02  +1.518066e-03  +2.327885e-04  +1.813609e-02  +2.067218e-02  -5.096300e-03  +3.563385e-02  -6.914498e-02  +4.647616e-04  -4.611340e-03  -1.062206e+00  -3.278303e-03  +3.609021e-03  +9.981641e+00  +1.377967e-03  +3.465376e-03  +7.558921e+00  -5.076723e-04  -6.482655e-04  +8.355259e+00  
+1.755873e-07  +2.085477e-07  -4.162822e-06  -2.071223e-06  +7.661562e-07  +3.928949e-07  +6.033398e-06  +2.478132e-06  -1.775808e-06  +1.062771e-05  -9.838994e-06  +4.823983e-08  -6.577660e-07  +6.694049e-04  -1.366683e-06  +1.356809e-06  +1.377967e-03  +1.450652e-06  +2.992229e-07  +3.233506e-03  +3.477294e-07  -6.369199e-07  +2.185356e-03  
+5.881121e-07  +1.223771e-07  -1.984990e-06  -5.947822e-06  +2.861688e-07  -3.837238e-07  +6.152255e-06  +1.042735e-05  -1.528294e-06  +1.036474e-05  -2.261813e-05  -1.437922e-07  -1.794125e-06  -4.815107e-04  -1.023067e-06  +1.467931e-06  +3.465376e-03  +2.992229e-07  +2.018255e-06  +2.871806e-03  -3.174849e-07  -6.647914e-07  +2.554017e-03  
+9.094961e-04  +7.660434e-04  -1.345819e-02  -1.060625e-02  +2.223091e-03  +6.215697e-04  +2.411512e-02  +2.323641e-02  -6.329184e-03  +3.932439e-02  -5.838249e-02  -3.233374e-04  -3.981944e-03  +1.397914e+00  -4.464185e-03  +5.776229e-03  +7.558921e+00  +3.233506e-03  +2.871806e-03  +1.257568e+01  +4.301257e-04  -2.357132e-03  +9.190085e+00  
-1.221156e-07  -5.831046e-09  -1.180751e-07  +6.018005e-07  -1.327400e-08  +1.087528e-07  +3.396036e-07  -1.505799e-06  +2.571076e-08  -9.020284e-07  +3.518135e-06  -1.824721e-07  +2.196733e-07  +3.969137e-04  +1.275953e-07  +2.899991e-07  -5.076723e-04  +3.477294e-07  -3.174849e-07  +4.301257e-04  +5.517924e-07  -2.208109e-07  -4.135359e-04  
+2.767152e-08  -7.819994e-08  +1.690194e-06  +1.517885e-06  -2.194124e-07  +8.173231e-08  -3.488271e-06  -4.927380e-06  +7.791949e-07  -4.358465e-06  +3.486887e-06  +3.334375e-07  +5.017472e-07  -4.364738e-04  +6.485501e-07  -1.118622e-06  -6.482655e-04  -6.369199e-07  -6.647914e-07  -2.357132e-03  -2.208109e-07  +9.881838e-07  -9.359188e-04  
+9.444729e-04  +9.101284e-04  -1.212038e-02  -1.035846e-02  +2.226990e-03  +9.928176e-04  +2.021626e-02  +1.684150e-02  -5.933186e-03  +3.968523e-02  -6.302641e-02  +5.621230e-04  -3.799015e-03  +1.723627e-02  -4.350793e-03  +4.025182e-03  +8.355259e+00  +2.185356e-03  +2.554017e-03  +9.190085e+00  -4.135359e-04  -9.359188e-04  +9.648711e+00  
