mean:
+3.915967e+00  +3.902886e+00  +6.494931e-01  -1.156682e+00  +1.684290e+00  +5.947460e-01  +9.009725e-01  +2.066925e+00  +1.484291e-01  +1.924827e+00  +4.863354e+00  +1.905695e+00  +3.007563e+00  +8.003946e+02  +4.959935e+00  +4.479935e+00  +2.013139e+03  
covariance:
+1.732336e-05  -6.379912e-06  +8.550960e-06  +1.123465e-05  -4.559815e-05  +3.283422e-06  +6.487154e-06  -2.936048e-06  -2.926037e-06  +1.206913e-05  +7.668399e-05  +1.016458e-07  -7.785178e-07  +8.870860e-05  -6.800008e-08  +3.717970e-08  -3.465370e-03  
-6.379912e-06  +4.208119e-06  -8.820868e-06  -2.221737e-05  +3.804035e-05  -4.103602e-06  -5.389206e-06  +9.714532e-06  +2.837231e-06  -1.064597e-05  -9.315943e-05  -2.028146e-08  +3.261549e-07  +4.194601e-04  -2.077977e-08  -2.696554e-08  +2.295914e-03  
+8.550960e-06  -8.820868e-06  +5.798298e-05  +1.463978e-04  -1.636145e-04  +2.066667e-05  +2.012934e-05  -8.498038e-05  -1.305652e-05  +4.407066e-05  +4.686512e-04  -1.102016e-07  -3.472464e-07  -4.000879e-03  +4.832667e-07  +7.713261e-07  -2.278608e-03  
+1.123465e-05  -2.221737e-05  +1.463978e-04  +6.279490e-04  -3.185055e-04  +6.776619e-05  +6.144084e-05  -2.395246e-04  -3.599186e-05  +1.142840e-04  +1.328397e-03  +3.860382e-07  -8.499640e-07  -1.652437e-02  +2.314095e-06  +1.514288e-06  +2.691640e-03  
-4.559815e-05  +3.804035e-05  -1.636145e-04  -3.185055e-04  +1.304101e-03  -9.991801e-05  -1.082856e-04  +9.324224e-05  +8.221054e-05  -3.416740e-04  -2.226700e-03  +3.455219e-06  +3.680022e-06  -1.464134e-03  -8.870999e-07  +1.767648e-06  +7.693764e-02  
+3.283422e-06  -4.103602e-06  +2.066667e-05  +6.776619e-05  -9.991801e-05  +1.341667e-05  +1.316587e-05  -2.543373e-05  -8.743094e-06  +3.352979e-05  +2.576975e-04  -5.805634e-08  -1.589993e-07  -9.310698e-04  +1.935937e-07  -1.315344e-07  -5.729058e-03  
+6.487154e-06  -5.389206e-06  +2.012934e-05  +6.144084e-05  -1.082856e-04  +1.316587e-05  +1.875605e-05  -2.459291e-05  -9.215009e-06  +3.125483e-05  +2.691884e-04  -1.509059e-07  -2.678651e-07  -5.184168e-04  +1.462955e-07  +6.442686e-08  -6.362647e-03  
-2.936048e-06  +9.714532e-06  -8.498038e-05  -2.395246e-04  +9.324224e-05  -2.543373e-05  -2.459291e-05  +2.288258e-04  +1.241627e-05  -2.272578e-05  -5.869747e-04  +1.150602e-06  -8.713497e-07  +8.868949e-03  -1.273580e-06  -2.402889e-06  -1.196470e-02  
-2.926037e-06  +2.837231e-06  -1.305652e-05  -3.599186e-05  +8.221054e-05  -8.743094e-06  -9.215009e-06  +1.241627e-05  +7.213997e-06  -2.942293e-05  -1.864086e-04  +1.419658e-07  +8.393589e-08  +6.357503e-04  -1.192622e-07  +8.646260e-08  +5.536164e-03  
+1.206913e-05  -1.064597e-05  +4.407066e-05  +1.142840e-04  -3.416740e-04  +3.352979e-05  +3.125483e-05  -2.272578e-05  -2.942293e-05  +1.373245e-04  +7.206052e-04  -5.241845e-07  -2.637579e-07  -2.040050e-03  +4.337447e-07  -8.333461e-07  -2.622071e-02  
+7.668399e-05  -9.315943e-05  +4.686512e-04  +1.328397e-03  -2.226700e-03  +2.576975e-04  +2.691884e-04  -5.869747e-04  -1.864086e-04  +7.206052e-04  +5.644499e-03  -3.912770e-06  -2.890154e-06  -3.097238e-02  +4.434278e-06  +2.054197e-06  -1.242292e-01  
+1.016458e-07  -2.028146e-08  -1.102016e-07  +3.860382e-07  +3.455219e-06  -5.805634e-08  -1.509059e-07  +1.150602e-06  +1.419658e-07  -5.241845e-07  -3.912770e-06  +1.697448e-07  -1.637823e-08  +4.806414e-05  -2.106810e-08  -1.933012e-08  +2.579198e-04  
-7.785178e-07  +3.261549e-07  -3.472464e-07  -8.499640e-07  +3.680022e-06  -1.589993e-07  -2.678651e-07  -8.713497e-07  +8.393589e-08  -2.637579e-07  -2.890154e-06  -1.637823e-08  +2.070252e-07  -6.493067e-05  +1.732652e-08  +3.438984e-08  +8.706734e-05  
+8.870860e-05  +4.194601e-04  -4.000879e-03  -1.652437e-02  -1.464134e-03  -9.310698e-04  -5.184168e-04  +8.868949e-03  +6.357503e-04  -2.040050e-03  -3.097238e-02  +4.806414e-05  -6.493067e-05  +1.456531e+00  -7.351172e-05  -2.198898e-04  -8.001849e-02  
-6.800008e-08  -2.077977e-08  +4.832667e-07  +2.314095e-06  -8.870999e-07  +1.935937e-07  +1.462955e-07  -1.273580e-06  -1.192622e-07  +4.337447e-07  +4.434278e-06  -2.106810e-08  +1.732652e-08  -7.351172e-05  +9.531580e-08  +1.249350e-08  +1.132775e-04  
+3.717970e-08  -2.696554e-08  +7.713261e-07  +1.514288e-06  +1.767648e-06  -1.315344e-07  +6.442686e-08  -2.402889e-06  +8.646260e-08  -8.333461e-07  +2.054197e-06  -1.933012e-08  +3.438984e-08  -2.198898e-04  +1.249350e-08  +2.026115e-07  +2.573736e-04  
-3.465370e-03  +2.295914e-03  -2.278608e-03  +2.691640e-03  +7.693764e-02  -5.729058e-03  -6.362647e-03  -1.196470e-02  +5.536164e-03  -2.622071e-02  -1.242292e-01  +2.579198e-04  +8.706734e-05  -8.001849e-02  +1.132775e-04  +2.573736e-04  +1.036902e+01  
