mean:
+3.965832e+00  +4.003633e+00  +6.150126e-01  +2.024403e+00  +1.310674e+00  +6.041953e-01  +8.429847e-01  +2.207164e+00  +4.116946e-02  +3.910849e+00  +5.794260e+00  +4.623908e+00  +3.191458e+00  +3.273885e+02  +2.671095e+00  +3.677900e+00  +4.552653e+02  +4.719797e+00  +4.879943e+00  +8.030076e+02  +3.938282e+00  +5.172975e+00  +4.337987e+02  
covariance:
+2.250319e-06  -8.907208e-07  -5.047353e-07  +1.959580e-05  +4.943256e-07  -6.476148e-07  +2.950814e-06  +3.896051e-06  -6.799241e-08  +1.234812e-05  -6.746125e-05  -4.599099e-08  -1.952611e-07  +1.008868e-03  +2.148201e-07  +3.424534e-08  +8.136081e-04  -2.512499e-08  -1.018607e-07  +1.744452e-03  +1.848636e-07  +3.881674e-07  +7.625977e-04  
-8.907208e-07  +7.187523e-06  +2.484714e-07  -1.508910e-05  -1.262066e-06  +8.589281e-07  -3.025726e-07  +7.806492e-06  -5.233790e-08  -1.288466e-06  +3.504580e-05  +2.920707e-07  -9.290203e-08  -1.290110e-04  -5.257865e-07  +2.855044e-07  +5.763006e-04  -1.171340e-08  +3.806257e-08  -1.847464e-03  -2.478386e-07  -4.237435e-07  +3.055951e-04  
-5.047353e-07  +2.484714e-07  +1.524353e-05  -9.586679e-06  -1.234658e-06  +2.739485e-06  +1.300161e-05  +1.252326e-05  -8.331934e-07  +2.770569e-05  -2.517565e-05  +1.785333e-06  -1.738491e-06  +1.826905e-03  +1.801188e-07  +8.462605e-07  +2.647534e-03  -5.562015e-08  +2.128603e-07  -2.530118e-04  -5.667645e-07  -7.637496e-07  +1.232522e-03  
+1.959580e-05  -1.508910e-05  -9.586679e-06  +5.953526e-04  +5.993154e-06  -2.481085e-05  +9.077868e-05  +1.141947e-04  -1.273543e-06  +3.782651e-04  -2.193534e-03  -2.185047e-06  -2.995724e-06  +4.117349e-02  +2.984036e-06  +2.208368e-06  +2.880428e-02  -1.500645e-06  -3.895868e-06  +6.433779e-02  +3.815918e-06  +1.144852e-05  +2.827569e-02  
+4.943256e-07  -1.262066e-06  -1.234658e-06  +5.993154e-06  +1.614496e-05  -1.046843e-06  -4.255728e-07  -6.872909e-07  +8.393307e-08  +4.571818e-06  -9.730682e-06  +7.179262e-07  +5.232552e-07  +5.933289e-04  +4.706169e-07  +3.009862e-07  -3.242524e-04  +8.806423e-08  -3.370267e-08  +1.458433e-03  +2.722673e-07  +3.137261e-07  +1.043234e-03  
-6.476148e-07  +8.589281e-07  +2.739485e-06  -2.481085e-05  -1.046843e-06  +3.273576e-06  +1.221212e-06  +7.215754e-06  -3.048559e-07  -5.223692e-06  +8.928817e-05  +4.439849e-07  -4.356237e-07  -2.244825e-03  -7.276094e-11  -1.504644e-07  -3.842000e-04  +1.145403e-07  +1.950111e-07  -4.992457e-03  -1.383123e-08  -7.256677e-07  -1.204873e-03  
+2.950814e-06  -3.025726e-07  +1.300161e-05  +9.077868e-05  -4.255728e-07  +1.221212e-06  +4.028718e-05  +6.646579e-05  -1.819913e-06  +1.230270e-04  -4.533062e-04  +2.015234e-06  -2.698265e-06  +9.987950e-03  +1.653065e-07  +1.840094e-06  +1.072291e-02  -3.249507e-07  -3.075348e-07  +7.552936e-03  +4.676974e-07  +1.320668e-06  +8.399151e-03  
+3.896051e-06  +7.806492e-06  +1.252326e-05  +1.141947e-04  -6.872909e-07  +7.215754e-06  +6.646579e-05  +2.379801e-04  -3.552551e-06  +2.396986e-04  -7.506312e-04  +3.740142e-06  -5.129804e-06  +1.462658e-02  -7.683225e-07  +4.230126e-06  +2.212095e-02  -4.430233e-07  -6.075631e-07  +2.362081e-03  +7.070170e-07  +3.092689e-06  +1.478344e-02  
-6.799241e-08  -5.233790e-08  -8.331934e-07  -1.273543e-06  +8.393307e-08  -3.048559e-07  -1.819913e-06  -3.552551e-06  +1.376695e-07  -4.946561e-06  +1.082126e-05  -1.384822e-07  +1.429069e-07  -2.644420e-04  +4.360106e-09  -9.081619e-08  -4.516085e-04  +3.823821e-09  +3.221613e-10  +9.119429e-05  -1.350460e-08  -6.117432e-09  -3.002036e-04  
+1.234812e-05  -1.288466e-06  +2.770569e-05  +3.782651e-04  +4.571818e-06  -5.223692e-06  +1.230270e-04  +2.396986e-04  -4.946561e-06  +4.501590e-04  -1.825579e-03  +5.118505e-06  -7.710727e-06  +3.980467e-02  +6.200879e-07  +6.750951e-06  +3.850741e-02  -1.227529e-06  -1.819669e-06  +4.018163e-02  +1.522092e-06  +7.547564e-06  +3.288054e-02  
-6.746125e-05  +3.504580e-05  -2.517565e-05  -2.193534e-03  -9.730682e-06  +8.928817e-05  -4.533062e-04  -7.506312e-04  +1.082126e-05  -1.825579e-03  +9.478754e-03  -2.452068e-06  +2.202615e-05  -1.968900e-01  -4.962996e-06  -2.333946e-05  -1.517733e-01  +7.900995e-06  +1.308400e-05  -2.656791e-01  -8.797874e-06  -4.591001e-05  -1.425958e-01  
-4.599099e-08  +2.920707e-07  +1.785333e-06  -2.185047e-06  +7.179262e-07  +4.439849e-07  +2.015234e-06  +3.740142e-06  -1.384822e-07  +5.118505e-06  -2.452068e-06  +6.008219e-07  -2.338172e-07  +2.679409e-04  +5.159295e-08  +2.556125e-07  +3.958121e-04  -2.736629e-08  +5.064134e-08  -4.896173e-05  -7.069452e-09  -1.181896e-07  +2.945994e-04  
-1.952611e-07  -9.290203e-08  -1.738491e-06  -2.995724e-06  +5.232552e-07  -4.356237e-07  -2.698265e-06  -5.129804e-06  +1.429069e-07  -7.710727e-06  +2.202615e-05  -2.338172e-07  +5.800515e-07  -3.100263e-04  -1.446070e-07  -7.588784e-08  -6.970408e-04  +3.341029e-08  +6.484466e-08  +2.737236e-05  -1.844955e-08  +7.010463e-08  -2.110172e-04  
+1.008868e-03  -1.290110e-04  +1.826905e-03  +4.117349e-02  +5.933289e-04  -2.244825e-03  +9.987950e-03  +1.462658e-02  -2.644420e-04  +3.980467e-02  -1.968900e-01  +2.679409e-04  -3.100263e-04  +5.481554e+00  -2.606562e-04  +8.788824e-04  +3.684505e+00  -2.117363e-04  -1.010846e-04  +6.473990e+00  -1.084723e-05  +8.773085e-04  +3.498492e+00  
+2.148201e-07  -5.257865e-07  +1.801188e-07  +2.984036e-06  +4.706169e-07  -7.276094e-11  +1.653065e-07  -7.683225e-07  +4.360106e-09  +6.200879e-07  -4.962996e-06  +5.159295e-08  -1.446070e-07  -2.606562e-04  +3.761622e-07  -8.474515e-08  -1.099917e-04  +4.739187e-09  -9.608457e-08  +1.378506e-04  +1.200401e-07  +1.546918e-08  -1.911726e-04  
+3.424534e-08  +2.855044e-07  +8.462605e-07  +2.208368e-06  +3.009862e-07  -1.504644e-07  +1.840094e-06  +4.230126e-06  -9.081619e-08  +6.750951e-06  -2.333946e-05  +2.556125e-07  -7.588784e-08  +8.788824e-04  -8.474515e-08  +5.473329e-07  +6.396148e-04  -7.783315e-08  +1.156594e-08  +9.879313e-04  -1.103892e-07  +9.610565e-08  +6.564970e-04  
+8.136081e-04  +5.763006e-04  +2.647534e-03  +2.880428e-02  -3.242524e-04  -3.842000e-04  +1.072291e-02  +2.212095e-02  -4.516085e-04  +3.850741e-02  -1.517733e-01  +3.958121e-04  -6.970408e-04  +3.684505e+00  -1.099917e-04  +6.396148e-04  +3.845399e+00  -1.275500e-04  -1.575183e-04  +3.032641e+00  +6.788427e-05  +5.958737e-04  +2.917816e+00  
-2.512499e-08  -1.171340e-08  -5.562015e-08  -1.500645e-06  +8.806423e-08  +1.145403e-07  -3.249507e-07  -4.430233e-07  +3.823821e-09  -1.227529e-06  +7.900995e-06  -2.736629e-08  +3.341029e-08  -2.117363e-04  +4.739187e-09  -7.783315e-08  -1.275500e-04  +1.526645e-07  -2.866974e-09  -2.948407e-04  +4.350974e-08  -4.534268e-08  -1.958327e-04  
-1.018607e-07  +3.806257e-08  +2.128603e-07  -3.895868e-06  -3.370267e-08  +1.950111e-07  -3.075348e-07  -6.075631e-07  +3.221613e-10  -1.819669e-06  +1.308400e-05  +5.064134e-08  +6.484466e-08  -1.010846e-04  -9.608457e-08  +1.156594e-08  -1.575183e-04  -2.866974e-09  +2.205851e-07  -4.414676e-04  -3.725186e-08  -9.268819e-08  -1.192328e-04  
+1.744452e-03  -1.847464e-03  -2.530118e-04  +6.433779e-02  +1.458433e-03  -4.992457e-03  +7.552936e-03  +2.362081e-03  +9.119429e-05  +4.018163e-02  -2.656791e-01  -4.896173e-05  +2.737236e-05  +6.473990e+00  +1.378506e-04  +9.879313e-04  +3.032641e+00  -2.948407e-04  -4.414676e-04  +1.194965e+01  -1.167647e-04  +1.559314e-03  +4.125526e+00  
+1.848636e-07  -2.478386e-07  -5.667645e-07  +3.815918e-06  +2.722673e-07  -1.383123e-08  +4.676974e-07  +7.070170e-07  -1.350460e-08  +1.522092e-06  -8.797874e-06  -7.069452e-09  -1.844955e-08  -1.084723e-05  +1.200401e-07  -1.103892e-07  +6.788427e-05  +4.350974e-08  -3.725186e-08  -1.167647e-04  +3.758489e-07  +2.311475e-09  -1.831684e-04  
+3.881674e-07  -4.237435e-07  -7.637496e-07  +1.144852e-05  +3.137261e-07  -7.256677e-07  +1.320668e-06  +3.092689e-06  -6.117432e-09  +7.547564e-06  -4.591001e-05  -1.181896e-07  +7.010463e-08  +8.773085e-04  +1.546918e-08  +9.610565e-08  +5.958737e-04  -4.534268e-08  -9.268819e-08  +1.559314e-03  +2.311475e-09  +4.983138e-07  +8.161452e-04  
+7.625977e-04  +3.055951e-04  +1.232522e-03  +2.827569e-02  +1.043234e-03  -1.204873e-03  +8.399151e-03  +1.478344e-02  -3.002036e-04  +3.288054e-02  -1.425958e-01  +2.945994e-04  -2.110172e-04  +3.498492e+00  -1.911726e-04  +6.564970e-04  +2.917816e+00  -1.958327e-04  -1.192328e-04  +4.125526e+00  -1.831684e-04  +8.161452e-04  +3.516985e+00  
