mean:
+3.929459e+00  +3.906539e+00  +6.546428e-01  -1.120911e+00  +1.712395e+00  +6.091425e-01  +9.228960e-01  +2.015079e+00  +1.457643e-01  +1.942905e+00  +4.819569e+00  +1.906089e+00  +3.007645e+00  +8.003574e+02  +4.960095e+00  +4.479639e+00  +2.008124e+03  
covariance:
+1.246254e-05  +8.742038e-06  +1.569828e-06  -4.675276e-06  -9.979979e-07  -7.536055e-07  -2.800620e-06  +2.029182e-07  +3.228716e-07  +2.538711e-06  -1.100036e-05  +2.573354e-08  +1.624232e-07  -4.151125e-04  +7.533849e-09  -2.014821e-07  +1.531425e-03  
+8.742038e-06  +1.586833e-05  +1.207336e-05  +2.557685e-05  +5.084623e-05  +8.201790e-06  -1.199014e-05  -2.257779e-05  +1.083504e-06  +2.001470e-05  -1.424125e-04  +5.395040e-07  +5.127392e-07  +3.487031e-04  +1.095071e-07  -3.249903e-07  +3.698481e-03  
+1.569828e-06  +1.207336e-05  +1.209644e-04  +3.750984e-04  +3.450983e-04  +5.788171e-05  +9.553337e-06  -2.778024e-04  +5.730989e-06  +8.409482e-05  -8.834980e-04  +4.750776e-07  -6.398171e-07  +3.129226e-03  +2.229383e-07  -1.742153e-07  +2.576316e-02  
-4.675276e-06  +2.557685e-05  +3.750984e-04  +1.537103e-03  +1.272359e-03  +2.109574e-04  +6.640956e-05  -1.110442e-03  +1.805945e-05  +2.969613e-04  -3.142843e-03  -2.571377e-06  +4.085016e-06  +2.070473e-02  +3.840230e-07  +4.487181e-08  +9.376743e-02  
-9.979979e-07  +5.084623e-05  +3.450983e-04  +1.272359e-03  +1.843135e-03  +2.714965e-04  -8.238856e-05  -6.932437e-04  +4.156229e-05  +3.954752e-04  -4.165238e-03  +4.984581e-06  +5.388798e-06  +1.896430e-02  +2.170167e-06  -3.308001e-06  +1.211987e-01  
-7.536055e-07  +8.201790e-06  +5.788171e-05  +2.109574e-04  +2.714965e-04  +5.135728e-05  -1.653281e-05  -8.985118e-05  +8.266725e-06  +5.259716e-05  -6.811221e-04  +5.188865e-07  +6.621347e-07  +4.102034e-03  +6.110856e-09  -5.445656e-07  +1.859036e-02  
-2.800620e-06  -1.199014e-05  +9.553337e-06  +6.640956e-05  -8.238856e-05  -1.653281e-05  +1.058676e-04  -7.258369e-05  -1.373461e-05  -3.275937e-05  +3.558545e-04  -1.170947e-06  -1.993585e-06  -4.502390e-03  +1.044198e-06  +5.582175e-07  -7.749944e-03  
+2.029182e-07  -2.257779e-05  -2.778024e-04  -1.110442e-03  -6.932437e-04  -8.985118e-05  -7.258369e-05  +2.196114e-03  +1.041977e-05  -3.450110e-04  +1.819096e-03  +4.012338e-06  -9.234154e-06  -3.602602e-02  +1.698516e-07  -2.446975e-07  -5.729331e-02  
+3.228716e-07  +1.083504e-06  +5.730989e-06  +1.805945e-05  +4.156229e-05  +8.266725e-06  -1.373461e-05  +1.041977e-05  +4.701183e-06  +9.513893e-07  -1.323154e-04  +5.891739e-08  +1.559346e-07  +4.720452e-04  -1.193433e-07  -8.202125e-08  +3.843499e-03  
+2.538711e-06  +2.001470e-05  +8.409482e-05  +2.969613e-04  +3.954752e-04  +5.259716e-05  -3.275937e-05  -3.450110e-04  +9.513893e-07  +1.791903e-04  -9.494159e-04  +9.918020e-07  +2.798275e-06  +9.535716e-03  +4.568392e-07  -8.828239e-07  +2.585800e-02  
-1.100036e-05  -1.424125e-04  -8.834980e-04  -3.142843e-03  -4.165238e-03  -6.811221e-04  +3.558545e-04  +1.819096e-03  -1.323154e-04  -9.494159e-04  +1.091298e-02  -4.496934e-06  -1.211542e-05  -4.750969e-02  -5.342273e-07  +8.660112e-06  -3.176126e-01  
+2.573354e-08  +5.395040e-07  +4.750776e-07  -2.571377e-06  +4.984581e-06  +5.188865e-07  -1.170947e-06  +4.012338e-06  +5.891739e-08  +9.918020e-07  -4.496934e-06  +7.714518e-07  -5.600943e-08  -2.535874e-05  +1.288661e-08  -6.781173e-08  +1.424771e-05  
+1.624232e-07  +5.127392e-07  -6.398171e-07  +4.085016e-06  +5.388798e-06  +6.621347e-07  -1.993585e-06  -9.234154e-06  +1.559346e-07  +2.798275e-06  -1.211542e-05  -5.600943e-08  +8.743791e-07  +7.882653e-04  -2.609602e-08  -2.896549e-08  +6.920596e-05  
-4.151125e-04  +3.487031e-04  +3.129226e-03  +2.070473e-02  +1.896430e-02  +4.102034e-03  -4.502390e-03  -3.602602e-02  +4.720452e-04  +9.535716e-03  -4.750969e-02  -2.535874e-05  +7.882653e-04  +8.061177e+00  -1.154326e-04  -1.725082e-04  +4.062988e+00  
+7.533849e-09  +1.095071e-07  +2.229383e-07  +3.840230e-07  +2.170167e-06  +6.110856e-09  +1.044198e-06  +1.698516e-07  -1.193433e-07  +4.568392e-07  -5.342273e-07  +1.288661e-08  -2.609602e-08  -1.154326e-04  +2.884490e-07  -8.678369e-09  -1.861860e-04  
-2.014821e-07  -3.249903e-07  -1.742153e-07  +4.487181e-08  -3.308001e-06  -5.445656e-07  +5.582175e-07  -2.446975e-07  -8.202125e-08  -8.828239e-07  +8.660112e-06  -6.781173e-08  -2.896549e-08  -1.725082e-04  -8.678369e-09  +2.824455e-07  -4.352397e-04  
+1.531425e-03  +3.698481e-03  +2.576316e-02  +9.376743e-02  +1.211987e-01  +1.859036e-02  -7.749944e-03  -5.729331e-02  +3.843499e-03  +2.585800e-02  -3.176126e-01  +1.424771e-05  +6.920596e-05  +4.062988e+00  -1.861860e-04  -4.352397e-04  +1.889986e+01  
