mean:
+3.929827e+00  +3.906499e+00  +6.092289e-01  -1.278562e+00  +1.584570e+00  +5.965092e-01  +9.323799e-01  +2.043857e+00  +1.403218e-01  +1.972630e+00  +4.882006e+00  +1.906187e+00  +3.007703e+00  +7.990672e+02  +4.960075e+00  +4.479768e+00  +2.014101e+03  
covariance:
+1.156906e-05  +7.557463e-06  -3.083842e-06  -7.233140e-06  +3.881791e-06  +4.539002e-07  -2.294876e-06  +1.596050e-07  -8.964285e-07  +1.175703e-05  -1.766358e-06  -2.615003e-07  -4.739310e-07  -9.473335e-04  +3.084836e-08  +1.951496e-07  -1.899180e-03  
+7.557463e-06  +9.078793e-06  -1.748630e-05  -4.932867e-05  -2.589626e-06  -2.693295e-06  -3.037930e-06  -3.240771e-05  -1.011119e-06  +1.400459e-05  -3.554274e-05  -1.388703e-07  -1.004445e-07  -6.070322e-03  +1.376559e-07  +4.866244e-08  +1.189699e-03  
-3.083842e-06  -1.748630e-05  +3.016531e-04  +8.778735e-04  +2.213448e-04  +6.476992e-05  +3.715319e-05  +6.917017e-04  -3.220598e-06  -8.888606e-05  +6.293691e-04  +1.811808e-06  -1.929458e-06  +1.030297e-01  -1.284688e-06  -1.710103e-07  -6.325088e-02  
-7.233140e-06  -4.932867e-05  +8.778735e-04  +2.910828e-03  +3.800193e-04  +1.786042e-04  +1.641442e-04  +2.358448e-03  -1.107617e-05  -3.178593e-04  +1.900320e-03  +3.619305e-06  -3.361589e-06  +3.225092e-01  -2.700219e-06  -9.846599e-07  -2.279023e-01  
+3.881791e-06  -2.589626e-06  +2.213448e-04  +3.800193e-04  +2.249237e-03  +1.840930e-04  -1.508968e-04  -5.516154e-05  -2.568204e-05  +3.867990e-04  +2.965646e-04  +8.533421e-06  -7.657735e-06  +3.073269e-02  +4.620840e-06  -1.397612e-06  -2.165762e-02  
+4.539002e-07  -2.693295e-06  +6.476992e-05  +1.786042e-04  +1.840930e-04  +2.599831e-05  -2.722647e-06  +1.286279e-04  -2.739913e-06  +1.206892e-05  +1.337760e-04  +8.315145e-07  -8.153433e-07  +2.007128e-02  +4.430583e-08  -8.340527e-08  -1.446653e-02  
-2.294876e-06  -3.037930e-06  +3.715319e-05  +1.641442e-04  -1.508968e-04  -2.722647e-06  +5.236842e-05  +1.665875e-04  -2.173409e-06  -5.419218e-05  +1.328671e-04  -1.248998e-07  +1.632539e-06  +1.967790e-02  -4.354014e-07  +9.263362e-07  -7.098278e-03  
+1.596050e-07  -3.240771e-05  +6.917017e-04  +2.358448e-03  -5.516154e-05  +1.286279e-04  +1.665875e-04  +2.609612e-03  -1.708996e-05  -2.516284e-04  +1.674320e-03  +6.681768e-06  -5.125565e-07  +3.009705e-01  -5.382207e-06  -7.167853e-07  -2.662834e-01  
-8.964285e-07  -1.011119e-06  -3.220598e-06  -1.107617e-05  -2.568204e-05  -2.739913e-06  -2.173409e-06  -1.708996e-05  +3.514416e-06  -1.934175e-05  -2.592990e-05  -1.853021e-07  -1.720791e-07  -2.903449e-03  +3.020745e-08  -1.052246e-07  +1.681787e-03  
+1.175703e-05  +1.400459e-05  -8.888606e-05  -3.178593e-04  +3.867990e-04  +1.206892e-05  -5.419218e-05  -2.516284e-04  -1.934175e-05  +2.637799e-04  -1.490963e-04  +1.761703e-06  -3.872168e-07  -2.843045e-02  +7.352977e-07  +1.792472e-07  +1.210101e-02  
-1.766358e-06  -3.554274e-05  +6.293691e-04  +1.900320e-03  +2.965646e-04  +1.337760e-04  +1.328671e-04  +1.674320e-03  -2.592990e-05  -1.490963e-04  +1.772950e-03  +3.161583e-06  +7.870372e-07  +2.552740e-01  -3.583009e-06  +1.523180e-06  -1.409210e-01  
-2.615003e-07  -1.388703e-07  +1.811808e-06  +3.619305e-06  +8.533421e-06  +8.315145e-07  -1.248998e-07  +6.681768e-06  -1.853021e-07  +1.761703e-06  +3.161583e-06  +6.882105e-07  +2.822233e-08  +7.437198e-04  -4.676382e-08  -1.582375e-08  -1.244979e-03  
-4.739310e-07  -1.004445e-07  -1.929458e-06  -3.361589e-06  -7.657735e-06  -8.153433e-07  +1.632539e-06  -5.125565e-07  -1.720791e-07  -3.872168e-07  +7.870372e-07  +2.822233e-08  +6.416946e-07  -5.684174e-05  -3.244395e-08  +3.191894e-08  +6.818208e-04  
-9.473335e-04  -6.070322e-03  +1.030297e-01  +3.225092e-01  +3.073269e-02  +2.007128e-02  +1.967790e-02  +3.009705e-01  -2.903449e-03  -2.843045e-02  +2.552740e-01  +7.437198e-04  -5.684174e-05  +4.333852e+01  -7.382827e-04  +1.034616e-04  -2.877819e+01  
+3.084836e-08  +1.376559e-07  -1.284688e-06  -2.700219e-06  +4.620840e-06  +4.430583e-08  -4.354014e-07  -5.382207e-06  +3.020745e-08  +7.352977e-07  -3.583009e-06  -4.676382e-08  -3.244395e-08  -7.382827e-04  +2.889503e-07  -3.723741e-08  +4.900565e-04  
+1.951496e-07  +4.866244e-08  -1.710103e-07  -9.846599e-07  -1.397612e-06  -8.340527e-08  +9.263362e-07  -7.167853e-07  -1.052246e-07  +1.792472e-07  +1.523180e-06  -1.582375e-08  +3.191894e-08  +1.034616e-04  -3.723741e-08  +2.651487e-07  +3.562752e-04  
-1.899180e-03  +1.189699e-03  -6.325088e-02  -2.279023e-01  -2.165762e-02  -1.446653e-02  -7.098278e-03  -2.662834e-01  +1.681787e-03  +1.210101e-02  -1.409210e-01  -1.244979e-03  +6.818208e-04  -2.877819e+01  +4.900565e-04  +3.562752e-04  +3.865402e+01  
