mean:
+3.929298e+00  +3.908360e+00  +6.181376e-01  -1.124138e+00  +1.572543e+00  +5.847535e-01  +9.460399e-01  +2.017626e+00  +1.410817e-01  +1.984267e+00  +4.739486e+00  +1.905976e+00  +3.007619e+00  +8.112767e+02  +4.960096e+00  +4.479713e+00  +2.000868e+03  
covariance:
+1.025929e-05  +6.855802e-06  +8.405898e-08  -5.426308e-06  -5.926160e-06  -1.811912e-07  +4.419638e-07  +7.156813e-06  +8.499870e-07  -4.405765e-06  +1.339086e-05  -1.444486e-07  -1.051586e-07  +2.674897e-04  -8.403243e-08  +2.892135e-07  -4.822053e-04  
+6.855802e-06  +1.552125e-05  -3.911644e-06  -8.823024e-05  -3.823494e-05  -1.702365e-05  +3.957563e-06  -1.584923e-04  -2.058100e-06  +7.446973e-05  -3.565728e-04  +5.907262e-08  -1.604112e-08  +6.414118e-03  -6.433198e-08  +3.074120e-07  +1.767048e-03  
+8.405898e-08  -3.911644e-06  +5.271180e-05  -8.902530e-05  +7.012086e-05  +1.470847e-05  -3.512476e-05  +9.468244e-05  +3.594916e-06  -2.811683e-05  +2.249306e-04  -5.266662e-07  -1.042140e-06  -1.437421e-02  +3.016443e-07  +2.118136e-07  +4.466679e-03  
-5.426308e-06  -8.823024e-05  -8.902530e-05  +2.247006e-03  +3.779169e-04  +2.303325e-04  +7.883220e-05  +1.738091e-03  +1.713171e-05  -9.217126e-04  +4.036665e-03  +3.532191e-06  -7.281181e-07  -6.110740e-02  -1.091959e-06  +3.086064e-06  +6.047228e-02  
-5.926160e-06  -3.823494e-05  +7.012086e-05  +3.779169e-04  +8.508983e-04  +1.624914e-04  -1.188127e-04  +6.829577e-04  +1.406070e-05  -3.416590e-04  +1.972988e-03  -1.900685e-06  -5.166303e-06  -7.882283e-02  -2.394249e-06  +3.456909e-07  +8.371826e-02  
-1.811912e-07  -1.702365e-05  +1.470847e-05  +2.303325e-04  +1.624914e-04  +5.521346e-05  -3.007190e-05  +3.562432e-04  +7.073753e-06  -1.786040e-04  +8.607641e-04  -4.299864e-07  -1.168250e-06  -2.308162e-02  -2.605656e-07  +3.147675e-07  +1.434681e-02  
+4.419638e-07  +3.957563e-06  -3.512476e-05  +7.883220e-05  -1.188127e-04  -3.007190e-05  +1.162772e-04  -4.375717e-05  -1.403823e-05  +5.517200e-05  -1.638945e-04  +2.528028e-06  +2.394518e-06  +2.438288e-02  +1.730594e-07  +2.318291e-07  -1.858226e-02  
+7.156813e-06  -1.584923e-04  +9.468244e-05  +1.738091e-03  +6.829577e-04  +3.562432e-04  -4.375717e-05  +3.839561e-03  +4.879103e-05  -1.707271e-03  +8.112263e-03  -3.360912e-06  -3.487975e-06  -1.287365e-01  +9.542385e-07  -4.660284e-07  -4.915309e-02  
+8.499870e-07  -2.058100e-06  +3.594916e-06  +1.713171e-05  +1.406070e-05  +7.073753e-06  -1.403823e-05  +4.879103e-05  +3.518445e-06  -3.326646e-05  +1.151624e-04  -4.101615e-07  -1.856709e-07  -3.780528e-03  +2.802955e-08  +3.773049e-08  +3.851888e-04  
-4.405765e-06  +7.446973e-05  -2.811683e-05  -9.217126e-04  -3.416590e-04  -1.786040e-04  +5.517200e-05  -1.707271e-03  -3.326646e-05  +8.913937e-04  -3.864602e-03  +1.506618e-06  +8.076243e-07  +6.722258e-02  -3.896644e-07  -1.306842e-06  +1.988181e-02  
+1.339086e-05  -3.565728e-04  +2.249306e-04  +4.036665e-03  +1.972988e-03  +8.607641e-04  -1.638945e-04  +8.112263e-03  +1.151624e-04  -3.864602e-03  +1.852678e-02  -5.878726e-06  -8.111718e-06  -3.369726e-01  +1.237390e-07  +5.007048e-06  -6.135764e-02  
-1.444486e-07  +5.907262e-08  -5.266662e-07  +3.532191e-06  -1.900685e-06  -4.299864e-07  +2.528028e-06  -3.360912e-06  -4.101615e-07  +1.506618e-06  -5.878726e-06  +6.030715e-07  +4.524240e-08  +4.791938e-04  -3.828204e-08  +1.104484e-07  -2.966138e-04  
-1.051586e-07  -1.604112e-08  -1.042140e-06  -7.281181e-07  -5.166303e-06  -1.168250e-06  +2.394518e-06  -3.487975e-06  -1.856709e-07  +8.076243e-07  -8.111718e-06  +4.524240e-08  +5.889389e-07  +8.481919e-04  +2.754496e-08  -2.135036e-08  -1.096718e-03  
+2.674897e-04  +6.414118e-03  -1.437421e-02  -6.110740e-02  -7.882283e-02  -2.308162e-02  +2.438288e-02  -1.287365e-01  -3.780528e-03  +6.722258e-02  -3.369726e-01  +4.791938e-04  +8.481919e-04  +1.421621e+01  +2.569237e-04  -1.492149e-04  -6.600316e+00  
-8.403243e-08  -6.433198e-08  +3.016443e-07  -1.091959e-06  -2.394249e-06  -2.605656e-07  +1.730594e-07  +9.542385e-07  +2.802955e-08  -3.896644e-07  +1.237390e-07  -3.828204e-08  +2.754496e-08  +2.569237e-04  +3.028802e-07  +3.795663e-09  -2.526611e-05  
+2.892135e-07  +3.074120e-07  +2.118136e-07  +3.086064e-06  +3.456909e-07  +3.147675e-07  +2.318291e-07  -4.660284e-07  +3.773049e-08  -1.306842e-06  +5.007048e-06  +1.104484e-07  -2.135036e-08  -1.492149e-04  +3.795663e-09  +2.550163e-07  +8.950942e-05  
-4.822053e-04  +1.767048e-03  +4.466679e-03  +6.047228e-02  +8.371826e-02  +1.434681e-02  -1.858226e-02  -4.915309e-02  +3.851888e-04  +1.988181e-02  -6.135764e-02  -2.966138e-04  -1.096718e-03  -6.600316e+00  -2.526611e-05  +8.950942e-05  +2.901149e+01  
