mean:
+3.958034e+00  +3.923539e+00  +6.240160e-01  -1.035183e+00  +1.574963e+00  +5.017673e-01  +9.097653e-01  +2.076905e+00  +1.488370e-01  +1.949503e+00  +4.893019e+00  +1.635402e+00  +2.883326e+00  +8.024399e+02  +4.800048e+00  +4.400111e+00  +2.002953e+03  
covariance:
+5.777985e-06  +2.226776e-07  +4.272557e-06  -2.159979e-05  +9.742439e-06  +1.124887e-06  +1.321694e-06  -2.370951e-06  +4.874668e-07  -2.448095e-06  +4.134467e-07  -4.807642e-08  +1.471216e-07  +1.142342e-03  -5.432708e-08  -5.690006e-08  +5.875142e-04  
+2.226776e-07  +6.322139e-06  +7.452000e-07  -5.480544e-06  +5.051174e-06  -8.831930e-08  +6.302802e-07  -2.013988e-06  +3.001668e-08  -7.216466e-07  +6.466068e-06  -5.168459e-08  +1.306160e-07  +4.604249e-04  +8.128705e-08  +7.667594e-08  -1.179678e-03  
+4.272557e-06  +7.452000e-07  +2.591079e-04  -1.357066e-03  +3.822564e-04  +4.349994e-05  +2.936180e-05  -2.669840e-04  -1.584805e-05  +4.388022e-05  +5.023262e-04  -8.909575e-07  -2.417492e-06  +5.840418e-02  +7.199083e-07  -1.972628e-07  +7.602907e-03  
-2.159979e-05  -5.480544e-06  -1.357066e-03  +8.129186e-03  -2.504951e-03  -2.536672e-04  -9.223495e-05  +1.751985e-03  +9.125411e-05  -3.121471e-04  -2.819360e-03  -9.863886e-07  +1.082418e-05  -2.992976e-01  -4.792582e-06  +1.801290e-06  -5.084912e-02  
+9.742439e-06  +5.051174e-06  +3.822564e-04  -2.504951e-03  +2.018798e-03  +4.474911e-05  -8.386045e-05  -1.454049e-04  -2.627964e-05  +1.694736e-04  +1.018698e-03  -7.587660e-07  -2.462929e-06  +9.611912e-02  +3.255277e-06  -2.579986e-06  +8.702823e-02  
+1.124887e-06  -8.831930e-08  +4.349994e-05  -2.536672e-04  +4.474911e-05  +1.315823e-05  +1.701778e-05  -7.878535e-05  -3.879801e-06  +7.658192e-06  +7.117422e-05  -3.445166e-07  -2.000302e-07  +1.162607e-02  +2.214747e-07  +3.632167e-08  +3.582462e-04  
+1.321694e-06  +6.302802e-07  +2.936180e-05  -9.223495e-05  -8.386045e-05  +1.701778e-05  +1.138427e-04  -8.928896e-05  -1.198082e-05  -3.907669e-06  +2.963793e-05  -1.239362e-06  -9.276819e-07  +2.418919e-02  +3.056212e-07  +1.087384e-06  -9.401542e-03  
-2.370951e-06  -2.013988e-06  -2.669840e-04  +1.751985e-03  -1.454049e-04  -7.878535e-05  -8.928896e-05  +1.474556e-03  +2.484925e-05  -8.226839e-05  -2.801964e-04  -2.625379e-06  -2.652806e-06  -2.437242e-02  -4.844929e-06  -1.935673e-06  -6.526936e-02  
+4.874668e-07  +3.001668e-08  -1.584805e-05  +9.125411e-05  -2.627964e-05  -3.879801e-06  -1.198082e-05  +2.484925e-05  +4.868959e-06  -1.788551e-05  -5.159649e-05  +9.447106e-08  +4.082574e-07  -7.289978e-03  -6.452336e-09  -2.009280e-07  -7.095120e-04  
-2.448095e-06  -7.216466e-07  +4.388022e-05  -3.121471e-04  +1.694736e-04  +7.658192e-06  -3.907669e-06  -8.226839e-05  -1.788551e-05  +1.377988e-04  +2.209071e-04  +3.427203e-07  -1.366152e-06  +2.451252e-02  +3.025235e-08  +1.010085e-06  +1.707744e-02  
+4.134467e-07  +6.466068e-06  +5.023262e-04  -2.819360e-03  +1.018698e-03  +7.117422e-05  +2.963793e-05  -2.801964e-04  -5.159649e-05  +2.209071e-04  +1.565945e-03  +1.783875e-07  -8.401157e-06  +1.378314e-01  -2.326105e-07  +2.039887e-07  -3.877815e-03  
-4.807642e-08  -5.168459e-08  -8.909575e-07  -9.863886e-07  -7.587660e-07  -3.445166e-07  -1.239362e-06  -2.625379e-06  +9.447106e-08  +3.427203e-07  +1.783875e-07  +4.639053e-07  -7.338569e-09  -5.271033e-04  +6.178210e-09  +5.821130e-08  +1.759332e-04  
+1.471216e-07  +1.306160e-07  -2.417492e-06  +1.082418e-05  -2.462929e-06  -2.000302e-07  -9.276819e-07  -2.652806e-06  +4.082574e-07  -1.366152e-06  -8.401157e-06  -7.338569e-09  +6.166928e-07  -9.666874e-04  +2.684658e-08  -8.346382e-08  +2.866821e-04  
+1.142342e-03  +4.604249e-04  +5.840418e-02  -2.992976e-01  +9.611912e-02  +1.162607e-02  +2.418919e-02  -2.437242e-02  -7.289978e-03  +2.451252e-02  +1.378314e-01  -5.271033e-04  -9.666874e-04  +2.391565e+01  +2.285121e-05  +1.919256e-04  +1.498918e+00  
-5.432708e-08  +8.128705e-08  +7.199083e-07  -4.792582e-06  +3.255277e-06  +2.214747e-07  +3.056212e-07  -4.844929e-06  -6.452336e-09  +3.025235e-08  -2.326105e-07  +6.178210e-09  +2.684658e-08  +2.285121e-05  +2.635564e-07  +1.438375e-08  +4.462838e-04  
-5.690006e-08  +7.667594e-08  -1.972628e-07  +1.801290e-06  -2.579986e-06  +3.632167e-08  +1.087384e-06  -1.935673e-06  -2.009280e-07  +1.010085e-06  +2.039887e-07  +5.821130e-08  -8.346382e-08  +1.919256e-04  +1.438375e-08  +3.079602e-07  +6.308176e-05  
+5.875142e-04  -1.179678e-03  +7.602907e-03  -5.084912e-02  +8.702823e-02  +3.582462e-04  -9.401542e-03  -6.526936e-02  -7.095120e-04  +1.707744e-02  -3.877815e-03  +1.759332e-04  +2.866821e-04  +1.498918e+00  +4.462838e-04  +6.308176e-05  +2.333687e+01  
