mean:
+3.956296e+00  +3.924223e+00  +6.506163e-01  -1.153774e+00  +1.613065e+00  +4.007380e-01  +9.278571e-01  +2.073459e+00  +1.560185e-01  +1.932604e+00  +4.801401e+00  +1.634944e+00  +2.883281e+00  +8.089376e+02  +4.800034e+00  +4.399787e+00  +2.016617e+03  
covariance:
+2.882310e-06  +4.214586e-07  -1.832272e-06  +9.238259e-07  -8.384355e-07  -7.417780e-08  -4.487943e-06  +8.690657e-06  -5.688126e-07  +5.968308e-06  +5.636772e-05  -3.820069e-08  +1.444375e-07  -3.030403e-03  +8.994206e-08  +6.868742e-09  -5.127550e-03  
+4.214586e-07  +3.251632e-06  -8.222974e-07  +7.992159e-07  -7.461610e-07  +1.757446e-07  -2.157791e-06  +4.161777e-06  -7.273916e-08  +1.942475e-06  +2.854626e-05  -6.044913e-09  +1.534176e-08  -1.258300e-03  -5.950285e-09  -5.682439e-08  -2.531864e-03  
-1.832272e-06  -8.222974e-07  +2.204371e-05  -1.375984e-05  +1.844532e-05  -4.081597e-07  +1.202237e-05  -3.946460e-05  +4.285837e-06  -2.887218e-05  -1.697855e-04  +6.209959e-07  -9.986481e-08  +9.262517e-03  +8.638175e-08  -4.407708e-08  +1.502042e-02  
+9.238259e-07  +7.992159e-07  -1.375984e-05  +9.809572e-05  -1.025319e-05  +4.870409e-07  -1.974430e-06  +7.166630e-05  -3.094515e-06  +1.416297e-05  +1.363366e-04  -2.379044e-07  +4.916469e-07  -4.258932e-03  +3.590769e-08  -9.119581e-07  -2.477329e-03  
-8.384355e-07  -7.461610e-07  +1.844532e-05  -1.025319e-05  +6.292376e-05  +1.377315e-06  +5.951003e-06  -1.675266e-05  +5.837950e-06  -3.261732e-05  -1.481950e-04  +9.577377e-07  +1.451150e-07  +8.385351e-03  +6.174351e-08  -5.038142e-07  +1.008462e-02  
-7.417780e-08  +1.757446e-07  -4.081597e-07  +4.870409e-07  +1.377315e-06  +1.999357e-06  +1.966457e-06  +1.031033e-05  -6.814038e-08  -1.298456e-06  -7.557881e-07  -8.849819e-08  -7.010930e-09  +6.593431e-04  +2.936390e-08  -8.545588e-08  -1.509280e-03  
-4.487943e-06  -2.157791e-06  +1.202237e-05  -1.974430e-06  +5.951003e-06  +1.966457e-06  +3.746567e-05  -1.906445e-05  +7.143558e-06  -5.863291e-05  -3.941253e-04  +6.012815e-08  -6.138589e-07  +2.190300e-02  +1.578029e-07  -2.167440e-07  +3.658524e-02  
+8.690657e-06  +4.161777e-06  -3.946460e-05  +7.166630e-05  -1.675266e-05  +1.031033e-05  -1.906445e-05  +2.911884e-04  +2.235752e-06  -1.643206e-05  +3.376424e-04  -1.329364e-06  +6.562573e-07  -1.668725e-02  +5.178493e-07  -2.217627e-06  -2.753209e-02  
-5.688126e-07  -7.273916e-08  +4.285837e-06  -3.094515e-06  +5.837950e-06  -6.814038e-08  +7.143558e-06  +2.235752e-06  +6.475482e-06  -3.774050e-05  -1.708997e-04  +5.229272e-08  -2.100673e-07  +8.944363e-03  +9.748353e-08  -3.243326e-07  +1.781612e-02  
+5.968308e-06  +1.942475e-06  -2.887218e-05  +1.416297e-05  -3.261732e-05  -1.298456e-06  -5.863291e-05  -1.643206e-05  -3.774050e-05  +2.394889e-04  +1.113433e-03  -3.046684e-07  +1.478333e-06  -5.829826e-02  -5.094029e-07  +1.998267e-06  -1.140710e-01  
+5.636772e-05  +2.854626e-05  -1.697855e-04  +1.363366e-04  -1.481950e-04  -7.557881e-07  -3.941253e-04  +3.376424e-04  -1.708997e-04  +1.113433e-03  +6.654673e-03  -1.322120e-06  +9.647032e-06  -3.543861e-01  -5.133830e-07  +6.234393e-06  -6.583453e-01  
-3.820069e-08  -6.044913e-09  +6.209959e-07  -2.379044e-07  +9.577377e-07  -8.849819e-08  +6.012815e-08  -1.329364e-06  +5.229272e-08  -3.046684e-07  -1.322120e-06  +1.782851e-07  -4.294533e-09  +7.149624e-06  +1.008532e-08  +1.198008e-08  +2.116079e-04  
+1.444375e-07  +1.534176e-08  -9.986481e-08  +4.916469e-07  +1.451150e-07  -7.010930e-09  -6.138589e-07  +6.562573e-07  -2.100673e-07  +1.478333e-06  +9.647032e-06  -4.294533e-09  +2.616272e-07  -6.029875e-04  +1.334979e-08  +5.851994e-09  -8.120170e-04  
-3.030403e-03  -1.258300e-03  +9.262517e-03  -4.258932e-03  +8.385351e-03  +6.593431e-04  +2.190300e-02  -1.668725e-02  +8.944363e-03  -5.829826e-02  -3.543861e-01  +7.149624e-06  -6.029875e-04  +2.067008e+01  +5.385667e-05  -4.647828e-04  +3.450358e+01  
+8.994206e-08  -5.950285e-09  +8.638175e-08  +3.590769e-08  +6.174351e-08  +2.936390e-08  +1.578029e-07  +5.178493e-07  +9.748353e-08  -5.094029e-07  -5.133830e-07  +1.008532e-08  +1.334979e-08  +5.385667e-05  +1.248597e-07  +6.059576e-09  +2.382532e-05  
+6.868742e-09  -5.682439e-08  -4.407708e-08  -9.119581e-07  -5.038142e-07  -8.545588e-08  -2.167440e-07  -2.217627e-06  -3.243326e-07  +1.998267e-06  +6.234393e-06  +1.198008e-08  +5.851994e-09  -4.647828e-04  +6.059576e-09  +2.348084e-07  -8.584084e-04  
-5.127550e-03  -2.531864e-03  +1.502042e-02  -2.477329e-03  +1.008462e-02  -1.509280e-03  +3.658524e-02  -2.753209e-02  +1.781612e-02  -1.140710e-01  -6.583453e-01  +2.116079e-04  -8.120170e-04  +3.450358e+01  +2.382532e-05  -8.584084e-04  +7.196026e+01  
