mean:
+3.955871e+00  +3.922705e+00  +6.421491e-01  -1.100461e+00  +1.558416e+00  +3.968270e-01  +9.074317e-01  +2.082167e+00  +1.520177e-01  +1.929977e+00  +4.909503e+00  +1.635344e+00  +2.882978e+00  +7.987898e+02  +4.799988e+00  +4.400113e+00  +1.997192e+03  
covariance:
+1.999611e-06  -1.449555e-08  +1.802512e-06  -2.004417e-06  +6.727511e-07  +1.210532e-06  +3.802897e-07  +7.057407e-06  -2.286826e-07  +1.690820e-06  +1.115987e-05  +1.342779e-08  +7.802124e-08  +2.950272e-04  +1.270258e-08  +1.873478e-09  -1.414701e-04  
-1.449555e-08  +3.044898e-06  +1.321905e-06  -2.398542e-06  +4.099821e-06  +1.104919e-06  +3.789741e-07  +1.212871e-06  -4.821790e-07  +3.074309e-06  +1.035883e-05  -4.999365e-08  -5.173760e-08  +2.556253e-04  -1.867407e-08  -1.433667e-08  -2.511585e-05  
+1.802512e-06  +1.321905e-06  +5.745776e-05  -5.748630e-05  -3.364480e-05  +2.911782e-05  +9.451027e-06  +1.194309e-04  -1.454126e-05  +7.727470e-05  +2.719585e-04  +2.970833e-07  -6.559114e-08  -7.883277e-04  -2.569377e-07  +5.084839e-07  +3.859229e-04  
-2.004417e-06  -2.398542e-06  -5.748630e-05  +1.586642e-04  -1.990027e-05  -3.940895e-05  -1.420343e-05  -1.840793e-04  +2.498320e-05  -1.338957e-04  -4.645723e-04  -1.894656e-07  +3.856371e-07  -1.481900e-03  +4.599570e-07  -3.032551e-07  +2.912202e-03  
+6.727511e-07  +4.099821e-06  -3.364480e-05  -1.990027e-05  +2.375322e-04  -2.066996e-06  -1.222255e-05  +8.324112e-05  +3.091356e-06  -1.899636e-05  +1.067900e-04  -5.339552e-07  +2.575397e-07  +1.164200e-02  -3.147143e-07  -1.333443e-06  -6.895657e-03  
+1.210532e-06  +1.104919e-06  +2.911782e-05  -3.940895e-05  -2.066996e-06  +1.831026e-05  +5.253447e-06  +8.368846e-05  -9.313774e-06  +4.969770e-05  +1.833664e-04  +1.846271e-07  -6.390317e-08  +5.835355e-04  -1.104994e-07  +2.708875e-07  -8.621075e-04  
+3.802897e-07  +3.789741e-07  +9.451027e-06  -1.420343e-05  -1.222255e-05  +5.253447e-06  +8.874830e-06  +1.924880e-05  -4.952769e-06  +2.412306e-05  +6.142542e-05  +2.409505e-08  -2.414602e-08  -7.642862e-05  -2.179731e-08  +7.754872e-08  +7.972440e-04  
+7.057407e-06  +1.212871e-06  +1.194309e-04  -1.840793e-04  +8.324112e-05  +8.368846e-05  +1.924880e-05  +5.365064e-04  -4.098407e-05  +2.145222e-04  +9.259927e-04  +1.583934e-06  +4.162017e-07  +8.103048e-03  -1.162434e-06  +7.607033e-07  -7.385104e-03  
-2.286826e-07  -4.821790e-07  -1.454126e-05  +2.498320e-05  +3.091356e-06  -9.313774e-06  -4.952769e-06  -4.098407e-05  +6.967266e-06  -3.685872e-05  -1.074531e-04  -8.144710e-08  +1.110325e-08  -9.509454e-05  +7.265860e-08  -7.886291e-08  -6.272325e-04  
+1.690820e-06  +3.074309e-06  +7.727470e-05  -1.338957e-04  -1.899636e-05  +4.969770e-05  +2.412306e-05  +2.145222e-04  -3.685872e-05  +2.049424e-04  +5.740901e-04  +5.152353e-07  +1.769335e-08  +6.823125e-05  -3.598335e-07  +4.452250e-07  +4.264085e-03  
+1.115987e-05  +1.035883e-05  +2.719585e-04  -4.645723e-04  +1.067900e-04  +1.833664e-04  +6.142542e-05  +9.259927e-04  -1.074531e-04  +5.740901e-04  +2.122639e-03  +1.666162e-06  -1.689219e-08  +1.378297e-02  -1.182059e-06  +1.191676e-06  -6.722839e-03  
+1.342779e-08  -4.999365e-08  +2.970833e-07  -1.894656e-07  -5.339552e-07  +1.846271e-07  +2.409505e-08  +1.583934e-06  -8.144710e-08  +5.152353e-07  +1.666162e-06  +1.316918e-07  +9.538994e-09  -2.455574e-05  +3.424460e-09  +1.219045e-09  +9.426899e-05  
+7.802124e-08  -5.173760e-08  -6.559114e-08  +3.856371e-07  +2.575397e-07  -6.390317e-08  -2.414602e-08  +4.162017e-07  +1.110325e-08  +1.769335e-08  -1.689219e-08  +9.538994e-09  +1.666538e-07  +7.139663e-05  +1.689329e-08  -8.468171e-10  +1.995502e-05  
+2.950272e-04  +2.556253e-04  -7.883277e-04  -1.481900e-03  +1.164200e-02  +5.835355e-04  -7.642862e-05  +8.103048e-03  -9.509454e-05  +6.823125e-05  +1.378297e-02  -2.455574e-05  +7.139663e-05  +1.932862e+00  +7.137856e-06  -1.849661e-04  -5.330064e-01  
+1.270258e-08  -1.867407e-08  -2.569377e-07  +4.599570e-07  -3.147143e-07  -1.104994e-07  -2.179731e-08  -1.162434e-06  +7.265860e-08  -3.598335e-07  -1.182059e-06  +3.424460e-09  +1.689329e-08  +7.137856e-06  +9.724379e-08  -2.285111e-10  -1.573755e-05  
+1.873478e-09  -1.433667e-08  +5.084839e-07  -3.032551e-07  -1.333443e-06  +2.708875e-07  +7.754872e-08  +7.607033e-07  -7.886291e-08  +4.452250e-07  +1.191676e-06  +1.219045e-09  -8.468171e-10  -1.849661e-04  -2.285111e-10  +1.275170e-07  +4.105077e-06  
-1.414701e-04  -2.511585e-05  +3.859229e-04  +2.912202e-03  -6.895657e-03  -8.621075e-04  +7.972440e-04  -7.385104e-03  -6.272325e-04  +4.264085e-03  -6.722839e-03  +9.426899e-05  +1.995502e-05  -5.330064e-01  -1.573755e-05  +4.105077e-06  +3.155161e+00  
