mean:
+3.979657e+00  +4.009765e+00  +8.469041e-01  +1.323252e+00  +1.244179e+00  +6.024344e-01  +8.131034e-01  +1.358252e+00  +1.643260e-01  +1.905392e+00  +5.875613e+00  +3.595052e+00  +2.900719e+00  +2.073231e+02  +4.310235e+00  +5.179071e+00  +2.859830e+02  +5.217779e+00  +3.910102e+00  +3.338508e+02  +2.880057e+00  +4.559483e+00  +3.972713e+02  
covariance:
+2.017538e-06  +7.526669e-07  -4.190750e-06  +9.297371e-06  +5.353315e-07  +1.721142e-06  -1.384797e-06  -6.074270e-06  -3.853519e-06  +2.825657e-05  -5.152097e-05  -4.192336e-08  -2.329642e-07  -3.424441e-05  -9.316354e-08  +2.926917e-07  +2.868434e-03  -1.314276e-07  -3.057448e-07  +3.628511e-03  +2.106371e-07  +1.385843e-07  +2.429780e-03  
+7.526669e-07  +3.270065e-06  +1.521305e-06  -6.480785e-07  -4.253539e-07  -5.399372e-07  +4.231841e-07  -8.772575e-07  +7.702816e-07  -5.859296e-06  +1.746901e-05  +5.672663e-08  +1.313690e-07  -2.559019e-04  +1.198729e-07  -2.332596e-07  -6.223551e-04  +1.657982e-08  +6.688959e-08  -9.463448e-04  +5.122422e-08  +1.580733e-07  -4.194014e-04  
-4.190750e-06  +1.521305e-06  +3.741085e-05  -4.319302e-05  -3.834687e-06  -8.453652e-06  +4.832422e-06  +1.456977e-05  +1.263562e-05  -1.033985e-04  +2.578168e-04  +9.292815e-08  +9.364936e-07  -4.472065e-03  +3.732929e-07  -2.915695e-06  -9.617830e-03  +5.864249e-07  +1.502119e-06  -1.659807e-02  -4.385276e-07  +5.042867e-07  -9.126696e-03  
+9.297371e-06  -6.480785e-07  -4.319302e-05  +2.407196e-04  +1.118613e-05  +1.567626e-05  +2.118485e-06  -4.894244e-05  -2.975752e-05  +2.113630e-04  -4.420110e-04  -3.818913e-06  +9.410974e-07  +1.093341e-02  +8.291452e-07  -2.430075e-06  +1.399759e-02  -1.116071e-06  -3.305425e-06  +3.184328e-02  +7.791676e-07  -5.149860e-07  +1.083144e-02  
+5.353315e-07  -4.253539e-07  -3.834687e-06  +1.118613e-05  +8.783821e-06  +1.431692e-06  +9.877394e-07  +8.022967e-07  -1.481658e-06  +1.048218e-05  -2.792153e-05  -1.027703e-07  +2.165867e-07  +1.297702e-03  -6.298447e-07  -2.357605e-07  +1.317149e-03  -2.726101e-07  -2.719289e-07  +1.288872e-03  +5.906129e-07  -2.326067e-07  +5.201478e-04  
+1.721142e-06  -5.399372e-07  -8.453652e-06  +1.567626e-05  +1.431692e-06  +3.677869e-06  -4.201591e-07  -4.301642e-06  -5.736397e-06  +4.307606e-05  -9.361585e-05  -1.749542e-07  -2.579282e-07  +8.061666e-04  -3.684933e-07  +6.169480e-07  +4.694614e-03  -4.045959e-07  -6.596621e-07  +6.029036e-03  +2.660811e-07  +2.312638e-09  +3.590261e-03  
-1.384797e-06  +4.231841e-07  +4.832422e-06  +2.118485e-06  +9.877394e-07  -4.201591e-07  +1.849273e-05  +2.639607e-05  +4.303918e-06  -5.096040e-05  +3.976905e-05  +2.338111e-07  +6.938412e-07  +2.909596e-03  +8.169337e-07  -1.654853e-06  -6.557349e-03  -4.056554e-07  -2.409185e-07  -5.535178e-03  -9.088705e-08  +3.891751e-07  -4.178072e-03  
-6.074270e-06  -8.772575e-07  +1.456977e-05  -4.894244e-05  +8.022967e-07  -4.301642e-06  +2.639607e-05  +1.423477e-04  +2.189497e-05  -1.769860e-04  +1.573889e-04  +3.260197e-06  +1.384002e-06  +5.126957e-03  -1.077310e-07  -2.565868e-06  -1.686668e-02  -7.453647e-07  +4.770069e-07  -2.093369e-02  -8.092814e-07  -1.545533e-06  -8.701986e-03  
-3.853519e-06  +7.702816e-07  +1.263562e-05  -2.975752e-05  -1.481658e-06  -5.736397e-06  +4.303918e-06  +2.189497e-05  +1.352531e-05  -9.862753e-05  +1.659299e-04  +5.889494e-07  +8.184787e-07  +4.459106e-04  +5.041537e-07  -1.231943e-06  -9.961501e-03  +3.818575e-07  +1.014800e-06  -1.269114e-02  -5.393074e-07  -1.247873e-07  -7.308917e-03  
+2.825657e-05  -5.859296e-06  -1.033985e-04  +2.113630e-04  +1.048218e-05  +4.307606e-05  -5.096040e-05  -1.769860e-04  -9.862753e-05  +7.633656e-04  -1.280621e-03  -4.126454e-06  -6.803394e-06  -4.403152e-03  -4.454800e-06  +1.125082e-05  +7.857671e-02  -2.401144e-06  -7.149019e-06  +9.848424e-02  +4.026160e-06  +2.526790e-07  +5.787101e-02  
-5.152097e-05  +1.746901e-05  +2.578168e-04  -4.420110e-04  -2.792153e-05  -9.361585e-05  +3.976905e-05  +1.573889e-04  +1.659299e-04  -1.280621e-03  +2.882091e-03  +9.383534e-07  +1.298339e-05  -2.200924e-02  +4.517661e-06  -1.773837e-05  -1.293668e-01  +7.553170e-06  +1.587683e-05  -1.822061e-01  -8.565755e-06  -3.927065e-06  -1.177022e-01  
-4.192336e-08  +5.672663e-08  +9.292815e-08  -3.818913e-06  -1.027703e-07  -1.749542e-07  +2.338111e-07  +3.260197e-06  +5.889494e-07  -4.126454e-06  +9.383534e-07  +7.071024e-07  -1.507174e-07  +1.203551e-04  +1.634585e-07  +7.237685e-09  -3.059107e-04  +3.262206e-08  +1.167246e-07  -7.442621e-04  +6.379306e-08  +3.202903e-08  +2.106733e-05  
-2.329642e-07  +1.313690e-07  +9.364936e-07  +9.410974e-07  +2.165867e-07  -2.579282e-07  +6.938412e-07  +1.384002e-06  +8.184787e-07  -6.803394e-06  +1.298339e-05  -1.507174e-07  +7.189350e-07  +1.573373e-04  -1.748114e-07  -1.543787e-07  -6.887914e-04  -1.750095e-08  +7.211136e-08  -9.292133e-04  -4.714290e-08  -1.340344e-07  -4.309866e-04  
-3.424441e-05  -2.559019e-04  -4.472065e-03  +1.093341e-02  +1.297702e-03  +8.061666e-04  +2.909596e-03  +5.126957e-03  +4.459106e-04  -4.403152e-03  -2.200924e-02  +1.203551e-04  +1.573373e-04  +2.880108e+00  +1.103763e-04  -1.970635e-04  -1.258978e+00  -7.765271e-05  -9.166991e-05  +4.009390e-01  +1.262290e-04  -1.540280e-04  -4.502001e-01  
-9.316354e-08  +1.198729e-07  +3.732929e-07  +8.291452e-07  -6.298447e-07  -3.684933e-07  +8.169337e-07  -1.077310e-07  +5.041537e-07  -4.454800e-06  +4.517661e-06  +1.634585e-07  -1.748114e-07  +1.103763e-04  +7.184685e-07  -1.227796e-07  -1.052392e-03  +1.704369e-07  +3.761518e-08  -3.576909e-04  -1.190465e-07  +1.301455e-07  -3.957089e-04  
+2.926917e-07  -2.332596e-07  -2.915695e-06  -2.430075e-06  -2.357605e-07  +6.169480e-07  -1.654853e-06  -2.565868e-06  -1.231943e-06  +1.125082e-05  -1.773837e-05  +7.237685e-09  -1.543787e-07  -1.970635e-04  -1.227796e-07  +1.054783e-06  +1.388417e-03  +4.835714e-08  -9.929930e-08  +1.837328e-03  -2.140748e-08  -2.078378e-07  +9.233972e-04  
+2.868434e-03  -6.223551e-04  -9.617830e-03  +1.399759e-02  +1.317149e-03  +4.694614e-03  -6.557349e-03  -1.686668e-02  -9.961501e-03  +7.857671e-02  -1.293668e-01  -3.059107e-04  -6.887914e-04  -1.258978e+00  -1.052392e-03  +1.388417e-03  +1.005909e+01  -5.298325e-04  -8.374314e-04  +9.988492e+00  +5.245905e-04  +1.491429e-04  +6.638980e+00  
-1.314276e-07  +1.657982e-08  +5.864249e-07  -1.116071e-06  -2.726101e-07  -4.045959e-07  -4.056554e-07  -7.453647e-07  +3.818575e-07  -2.401144e-06  +7.553170e-06  +3.262206e-08  -1.750095e-08  -7.765271e-05  +1.704369e-07  +4.835714e-08  -5.298325e-04  +3.796188e-07  +9.020247e-08  -3.380093e-04  -8.418235e-08  +2.288824e-08  -2.229357e-04  
-3.057448e-07  +6.688959e-08  +1.502119e-06  -3.305425e-06  -2.719289e-07  -6.596621e-07  -2.409185e-07  +4.770069e-07  +1.014800e-06  -7.149019e-06  +1.587683e-05  +1.167246e-07  +7.211136e-08  -9.166991e-05  +3.761518e-08  -9.929930e-08  -8.374314e-04  +9.020247e-08  +5.259327e-07  -8.284166e-04  +2.107520e-08  -8.363906e-08  -1.843895e-04  
+3.628511e-03  -9.463448e-04  -1.659807e-02  +3.184328e-02  +1.288872e-03  +6.029036e-03  -5.535178e-03  -2.093369e-02  -1.269114e-02  +9.848424e-02  -1.822061e-01  -7.442621e-04  -9.292133e-04  +4.009390e-01  -3.576909e-04  +1.837328e-03  +9.988492e+00  -3.380093e-04  -8.284166e-04  +1.568684e+01  +5.240070e-04  -1.670688e-04  +8.297586e+00  
+2.106371e-07  +5.122422e-08  -4.385276e-07  +7.791676e-07  +5.906129e-07  +2.660811e-07  -9.088705e-08  -8.092814e-07  -5.393074e-07  +4.026160e-06  -8.565755e-06  +6.379306e-08  -4.714290e-08  +1.262290e-04  -1.190465e-07  -2.140748e-08  +5.245905e-04  -8.418235e-08  +2.107520e-08  +5.240070e-04  +4.796494e-07  +5.410704e-08  +6.548168e-04  
+1.385843e-07  +1.580733e-07  +5.042867e-07  -5.149860e-07  -2.326067e-07  +2.312638e-09  +3.891751e-07  -1.545533e-06  -1.247873e-07  +2.526790e-07  -3.927065e-06  +3.202903e-08  -1.340344e-07  -1.540280e-04  +1.301455e-07  -2.078378e-07  +1.491429e-04  +2.288824e-08  -8.363906e-08  -1.670688e-04  +5.410704e-08  +6.737858e-07  +3.838069e-04  
+2.429780e-03  -4.194014e-04  -9.126696e-03  +1.083144e-02  +5.201478e-04  +3.590261e-03  -4.178072e-03  -8.701986e-03  -7.308917e-03  +5.787101e-02  -1.177022e-01  +2.106733e-05  -4.309866e-04  -4.502001e-01  -3.957089e-04  +9.233972e-04  +6.638980e+00  -2.229357e-04  -1.843895e-04  +8.297586e+00  +6.548168e-04  +3.838069e-04  +8.177457e+00  
