mean:
+3.912404e+00  +3.903883e+00  +6.455463e-01  -1.163979e+00  +1.725420e+00  +5.957177e-01  +9.031924e-01  +2.070063e+00  +1.463487e-01  +1.966936e+00  +4.845365e+00  +1.905534e+00  +3.007186e+00  +8.091202e+02  +4.959660e+00  +4.479753e+00  +2.020757e+03  
covariance:
+1.507319e-05  -3.696704e-06  -1.493254e-06  -4.037101e-05  +1.220036e-05  -3.704453e-06  -9.345841e-06  +7.354043e-06  +4.101302e-06  -4.869415e-06  -2.027861e-04  +2.400868e-08  -1.002605e-07  +4.519127e-03  -1.478065e-07  +3.973166e-08  +2.076067e-02  
-3.696704e-06  +4.103853e-06  -2.613913e-06  -1.063890e-05  +6.097416e-06  +4.746302e-07  -1.624742e-06  +5.570783e-06  +6.502771e-07  +6.917103e-07  -7.144779e-05  +1.081796e-07  +1.352588e-07  +1.508837e-03  -7.280540e-08  -1.092130e-07  +7.192347e-03  
-1.493254e-06  -2.613913e-06  +2.684511e-05  +2.318849e-05  +2.413934e-05  +4.025515e-06  +6.483320e-06  -2.159830e-05  -3.278077e-06  +8.436522e-06  +1.708244e-04  -2.792686e-07  +4.873688e-08  -3.539274e-03  -2.573029e-07  -3.784207e-07  -1.443273e-02  
-4.037101e-05  -1.063890e-05  +2.318849e-05  +4.356597e-04  -1.567349e-04  +1.659101e-05  +9.379731e-05  -1.604053e-04  -3.839864e-05  +4.062712e-05  +2.016509e-03  -1.183256e-06  -1.215512e-07  -4.276709e-02  +1.492126e-06  +2.536341e-06  -1.924015e-01  
+1.220036e-05  +6.097416e-06  +2.413934e-05  -1.567349e-04  +2.022298e-04  +1.794022e-06  -2.335933e-05  +6.987029e-05  +1.082385e-05  +4.321234e-06  -7.274087e-04  +1.802365e-06  +4.380951e-07  +1.645971e-02  -1.677588e-06  -3.028936e-06  +7.734665e-02  
-3.704453e-06  +4.746302e-07  +4.025515e-06  +1.659101e-05  +1.794022e-06  +3.840370e-06  +3.069880e-06  -5.321803e-06  -2.060367e-06  +4.482250e-06  +9.920935e-05  +2.050456e-08  +8.217918e-09  -2.204862e-03  +5.221639e-08  +7.022029e-08  -7.680382e-03  
-9.345841e-06  -1.624742e-06  +6.483320e-06  +9.379731e-05  -2.335933e-05  +3.069880e-06  +2.872182e-05  -3.838553e-05  -9.342502e-06  +7.954664e-06  +4.414249e-04  -3.102664e-07  -5.537820e-08  -9.267900e-03  +3.016345e-07  +3.610494e-07  -4.081213e-02  
+7.354043e-06  +5.570783e-06  -2.159830e-05  -1.604053e-04  +6.987029e-05  -5.321803e-06  -3.838553e-05  +1.815255e-04  +1.191126e-05  +1.168946e-06  -6.395810e-04  +2.072424e-06  -2.532182e-07  +1.254329e-02  -5.315305e-07  -2.128320e-06  +4.754020e-02  
+4.101302e-06  +6.502771e-07  -3.278077e-06  -3.839864e-05  +1.082385e-05  -2.060367e-06  -9.342502e-06  +1.191126e-05  +4.273083e-06  -6.465105e-06  -1.906932e-04  +9.661260e-08  -2.286710e-08  +4.103026e-03  -9.215805e-08  -1.898112e-07  +1.831566e-02  
-4.869415e-06  +6.917103e-07  +8.436522e-06  +4.062712e-05  +4.321234e-06  +4.482250e-06  +7.954664e-06  +1.168946e-06  -6.465105e-06  +2.970777e-05  +1.654573e-04  +2.181208e-07  +3.655731e-07  -3.047275e-03  -2.915750e-07  +5.264153e-08  -1.583169e-02  
-2.027861e-04  -7.144779e-05  +1.708244e-04  +2.016509e-03  -7.274087e-04  +9.920935e-05  +4.414249e-04  -6.395810e-04  -1.906932e-04  +1.654573e-04  +1.099646e-02  -6.895975e-06  -2.820696e-06  -2.443424e-01  +7.291048e-06  +1.050343e-05  -1.071221e+00  
+2.400868e-08  +1.081796e-07  -2.792686e-07  -1.183256e-06  +1.802365e-06  +2.050456e-08  -3.102664e-07  +2.072424e-06  +9.661260e-08  +2.181208e-07  -6.895975e-06  +2.686306e-07  +7.834163e-09  +1.602350e-04  -2.075437e-08  -6.054239e-09  +9.980194e-04  
-1.002605e-07  +1.352588e-07  +4.873688e-08  -1.215512e-07  +4.380951e-07  +8.217918e-09  -5.537820e-08  -2.532182e-07  -2.286710e-08  +3.655731e-07  -2.820696e-06  +7.834163e-09  +2.106174e-07  +4.250701e-05  +2.015270e-08  -7.085400e-09  +1.485012e-04  
+4.519127e-03  +1.508837e-03  -3.539274e-03  -4.276709e-02  +1.645971e-02  -2.204862e-03  -9.267900e-03  +1.254329e-02  +4.103026e-03  -3.047275e-03  -2.443424e-01  +1.602350e-04  +4.250701e-05  +6.108143e+00  -1.756957e-04  -2.513773e-04  +2.381811e+01  
-1.478065e-07  -7.280540e-08  -2.573029e-07  +1.492126e-06  -1.677588e-06  +5.221639e-08  +3.016345e-07  -5.315305e-07  -9.215805e-08  -2.915750e-07  +7.291048e-06  -2.075437e-08  +2.015270e-08  -1.756957e-04  +1.161235e-07  +1.254992e-08  -6.709095e-04  
+3.973166e-08  -1.092130e-07  -3.784207e-07  +2.536341e-06  -3.028936e-06  +7.022029e-08  +3.610494e-07  -2.128320e-06  -1.898112e-07  +5.264153e-08  +1.050343e-05  -6.054239e-09  -7.085400e-09  -2.513773e-04  +1.254992e-08  +2.642839e-07  -8.157279e-04  
+2.076067e-02  +7.192347e-03  -1.443273e-02  -1.924015e-01  +7.734665e-02  -7.680382e-03  -4.081213e-02  +4.754020e-02  +1.831566e-02  -1.583169e-02  -1.071221e+00  +9.980194e-04  +1.485012e-04  +2.381811e+01  -6.709095e-04  -8.157279e-04  +1.148030e+02  
