mean:
+3.967663e+00  +3.991689e+00  +8.682883e-01  +1.357560e+00  +1.241169e+00  +4.093088e-01  +8.448521e-01  +1.399939e+00  +1.672068e-01  +2.015960e+00  +5.611637e+00  +3.611632e+00  +2.919919e+00  +2.079969e+02  +4.261911e+00  +5.128171e+00  +2.853317e+02  +5.236455e+00  +3.830646e+00  +3.300726e+02  +2.800326e+00  +4.480163e+00  +3.976384e+02  
covariance:
+3.428260e-06  +1.273209e-06  +2.266048e-05  +5.132567e-05  +4.128148e-06  +5.318540e-06  -1.621738e-06  +1.456101e-07  -1.122827e-05  +9.527534e-05  -2.265563e-04  +4.219190e-07  +1.440246e-06  -5.994774e-04  -3.634339e-06  +9.065234e-07  +3.863729e-03  +3.649479e-07  +2.916362e-07  +5.563163e-03  +1.714604e-07  -4.705810e-07  +5.096435e-03  
+1.273209e-06  +4.145907e-06  +1.360963e-05  +3.264063e-05  +2.462195e-06  +3.931151e-06  +1.114004e-06  +1.656632e-06  -8.360421e-06  +6.505928e-05  -1.351610e-04  +3.061372e-07  +8.575632e-07  +1.421992e-04  -2.704029e-06  +3.948052e-07  +2.625553e-03  +2.269585e-07  +1.138692e-07  +3.415347e-03  +1.379040e-07  -4.740285e-07  +2.886888e-03  
+2.266048e-05  +1.360963e-05  +2.686255e-04  +5.693492e-04  +4.437292e-05  +5.394761e-05  -4.121927e-05  +1.260968e-05  -9.895914e-05  +9.169325e-04  -2.369821e-03  +6.077958e-06  +1.064854e-05  -7.264207e-03  -2.921872e-05  +7.186583e-06  +4.269785e-02  +3.463359e-06  +7.752576e-07  +5.125445e-02  +1.590392e-06  -5.647873e-06  +5.299662e-02  
+5.132567e-05  +3.264063e-05  +5.693492e-04  +1.482477e-03  +9.888861e-05  +1.227885e-04  -2.956187e-05  +2.826078e-05  -2.438655e-04  +2.102470e-03  -5.209714e-03  +1.366709e-05  +2.704319e-05  -6.976778e-03  -7.576509e-05  +1.005130e-05  +9.451459e-02  +5.961559e-06  +6.483938e-06  +1.138986e-01  +4.463608e-06  -1.041796e-05  +1.094033e-01  
+4.128148e-06  +2.462195e-06  +4.437292e-05  +9.888861e-05  +2.740713e-05  +1.109462e-05  +2.829168e-06  +1.308176e-05  -2.352425e-05  +1.898241e-04  -4.033997e-04  +1.111538e-06  +2.935364e-06  +1.317618e-05  -8.812718e-06  +1.733717e-06  +1.008097e-02  +3.939150e-07  +5.135900e-07  +9.491297e-03  +6.954578e-07  -1.577118e-06  +8.325189e-03  
+5.318540e-06  +3.931151e-06  +5.394761e-05  +1.227885e-04  +1.109462e-05  +1.818544e-05  +2.113881e-06  +2.406435e-05  -3.307529e-05  +2.627422e-04  -5.044372e-04  +1.715950e-06  +3.845124e-06  +5.810870e-04  -9.078576e-06  +2.253784e-06  +1.351412e-02  +5.605546e-07  +7.228630e-07  +1.397014e-02  +4.918634e-07  -1.394019e-06  +1.175825e-02  
-1.621738e-06  +1.114004e-06  -4.121927e-05  -2.956187e-05  +2.829168e-06  +2.113881e-06  +7.901521e-05  +3.610449e-05  -2.847068e-05  +5.126311e-05  +3.265686e-04  -2.492776e-07  +4.134532e-06  +8.193644e-03  -1.472170e-05  -1.196873e-06  +4.919113e-03  -5.620755e-07  +1.505288e-06  -4.850456e-03  +3.237127e-07  -1.731729e-07  -1.607449e-02  
+1.456101e-07  +1.656632e-06  +1.260968e-05  +2.826078e-05  +1.308176e-05  +2.406435e-05  +3.610449e-05  +2.501681e-04  -3.271421e-05  +1.609525e-04  +2.084893e-04  +6.050964e-06  +2.980630e-06  +1.022215e-02  -4.264335e-06  +2.269297e-06  +2.828093e-02  -3.208467e-06  +3.270493e-07  -2.088117e-03  -7.182041e-07  -4.163645e-06  -3.020653e-03  
-1.122827e-05  -8.360421e-06  -9.895914e-05  -2.438655e-04  -2.352425e-05  -3.307529e-05  -2.847068e-05  -3.271421e-05  +7.870817e-05  -5.681316e-04  +1.018556e-03  -2.647192e-06  -1.038365e-05  -1.803174e-03  +2.634515e-05  -4.764948e-06  -2.511740e-02  -1.147674e-06  -1.926732e-06  -2.995004e-02  -1.252564e-06  +2.800415e-06  -1.989655e-02  
+9.527534e-05  +6.505928e-05  +9.169325e-04  +2.102470e-03  +1.898241e-04  +2.627422e-04  +5.126311e-05  +1.609525e-04  -5.681316e-04  +4.492771e-03  -9.182470e-03  +2.222843e-05  +7.372733e-05  -4.907298e-03  -1.805517e-04  +4.033239e-05  +1.928180e-01  +1.181724e-05  +1.210365e-05  +2.519748e-01  +9.726971e-06  -2.243579e-05  +1.985321e-01  
-2.265563e-04  -1.351610e-04  -2.369821e-03  -5.209714e-03  -4.033997e-04  -5.044372e-04  +3.265686e-04  +2.084893e-04  +1.018556e-03  -9.182470e-03  +2.348496e-02  -3.917768e-05  -1.315245e-04  +8.028286e-02  +3.323898e-04  -8.150548e-05  -3.598756e-01  -4.055197e-05  -2.090369e-05  -5.582532e-01  -1.748532e-05  +4.740484e-05  -5.306335e-01  
+4.219190e-07  +3.061372e-07  +6.077958e-06  +1.366709e-05  +1.111538e-06  +1.715950e-06  -2.492776e-07  +6.050964e-06  -2.647192e-06  +2.222843e-05  -3.917768e-05  +9.307443e-07  +2.099235e-07  +1.064409e-04  -3.318586e-07  +1.065736e-07  +1.433482e-03  -1.191057e-07  -1.824882e-07  +4.915191e-04  +7.188966e-09  -2.848013e-07  +5.795838e-04  
+1.440246e-06  +8.575632e-07  +1.064854e-05  +2.704319e-05  +2.935364e-06  +3.845124e-06  +4.134532e-06  +2.980630e-06  -1.038365e-05  +7.372733e-05  -1.315245e-04  +2.099235e-07  +2.259406e-06  +7.737225e-05  -4.000225e-06  +8.472904e-07  +2.629522e-03  +1.298545e-07  +3.054245e-07  +4.201133e-03  +1.056379e-07  -3.789674e-07  +2.855009e-03  
-5.994774e-04  +1.421992e-04  -7.264207e-03  -6.976778e-03  +1.317618e-05  +5.810870e-04  +8.193644e-03  +1.022215e-02  -1.803174e-03  -4.907298e-03  +8.028286e-02  +1.064409e-04  +7.737225e-05  +2.318676e+00  -3.728122e-04  -3.802263e-04  +6.996673e-01  -2.728570e-04  +1.688243e-04  -2.069104e+00  +1.592239e-04  -7.584059e-05  -2.852796e+00  
-3.634339e-06  -2.704029e-06  -2.921872e-05  -7.576509e-05  -8.812718e-06  -9.078576e-06  -1.472170e-05  -4.264335e-06  +2.634515e-05  -1.805517e-04  +3.323898e-04  -3.318586e-07  -4.000225e-06  -3.728122e-04  +1.135192e-05  -1.649369e-06  -7.412559e-03  -6.176652e-07  -9.154935e-07  -9.621389e-03  -3.803932e-07  +9.427570e-07  -5.844180e-03  
+9.065234e-07  +3.948052e-07  +7.186583e-06  +1.005130e-05  +1.733717e-06  +2.253784e-06  -1.196873e-06  +2.269297e-06  -4.764948e-06  +4.033239e-05  -8.150548e-05  +1.065736e-07  +8.472904e-07  -3.802263e-04  -1.649369e-06  +1.213907e-06  +1.578936e-03  +2.703153e-07  +2.320621e-07  +2.670708e-03  +1.347739e-07  -2.438124e-07  +2.390699e-03  
+3.863729e-03  +2.625553e-03  +4.269785e-02  +9.451459e-02  +1.008097e-02  +1.351412e-02  +4.919113e-03  +2.828093e-02  -2.511740e-02  +1.928180e-01  -3.598756e-01  +1.433482e-03  +2.629522e-03  +6.996673e-01  -7.412559e-03  +1.578936e-03  +1.253225e+01  +4.098349e-04  +4.693801e-04  +8.867522e+00  +2.467897e-04  -1.138725e-03  +7.706793e+00  
+3.649479e-07  +2.269585e-07  +3.463359e-06  +5.961559e-06  +3.939150e-07  +5.605546e-07  -5.620755e-07  -3.208467e-06  -1.147674e-06  +1.181724e-05  -4.055197e-05  -1.191057e-07  +1.298545e-07  -2.728570e-04  -6.176652e-07  +2.703153e-07  +4.098349e-04  +6.567635e-07  +1.181554e-07  +5.262405e-04  -6.763409e-09  -9.429656e-08  +8.908507e-04  
+2.916362e-07  +1.138692e-07  +7.752576e-07  +6.483938e-06  +5.135900e-07  +7.228630e-07  +1.505288e-06  +3.270493e-07  -1.926732e-06  +1.210365e-05  -2.090369e-05  -1.824882e-07  +3.054245e-07  +1.688243e-04  -9.154935e-07  +2.320621e-07  +4.693801e-04  +1.181554e-07  +7.368586e-07  +9.579829e-04  +2.467075e-08  -1.347372e-07  +6.346522e-04  
+5.563163e-03  +3.415347e-03  +5.125445e-02  +1.138986e-01  +9.491297e-03  +1.397014e-02  -4.850456e-03  -2.088117e-03  -2.995004e-02  +2.519748e-01  -5.582532e-01  +4.915191e-04  +4.201133e-03  -2.069104e+00  -9.621389e-03  +2.670708e-03  +8.867522e+00  +5.262405e-04  +9.579829e-04  +1.925920e+01  +5.292694e-04  -8.197204e-04  +1.467130e+01  
+1.714604e-07  +1.379040e-07  +1.590392e-06  +4.463608e-06  +6.954578e-07  +4.918634e-07  +3.237127e-07  -7.182041e-07  -1.252564e-06  +9.726971e-06  -1.748532e-05  +7.188966e-09  +1.056379e-07  +1.592239e-04  -3.803932e-07  +1.347739e-07  +2.467897e-04  -6.763409e-09  +2.467075e-08  +5.292694e-04  +4.110409e-07  -4.053059e-08  +3.109034e-04  
-4.705810e-07  -4.740285e-07  -5.647873e-06  -1.041796e-05  -1.577118e-06  -1.394019e-06  -1.731729e-07  -4.163645e-06  +2.800415e-06  -2.243579e-05  +4.740484e-05  -2.848013e-07  -3.789674e-07  -7.584059e-05  +9.427570e-07  -2.438124e-07  -1.138725e-03  -9.429656e-08  -1.347372e-07  -8.197204e-04  -4.053059e-08  +7.855150e-07  -8.147480e-04  
+5.096435e-03  +2.886888e-03  +5.299662e-02  +1.094033e-01  +8.325189e-03  +1.175825e-02  -1.607449e-02  -3.020653e-03  -1.989655e-02  +1.985321e-01  -5.306335e-01  +5.795838e-04  +2.855009e-03  -2.852796e+00  -5.844180e-03  +2.390699e-03  +7.706793e+00  +8.908507e-04  +6.346522e-04  +1.467130e+01  +3.109034e-04  -8.147480e-04  +1.540394e+01  
