mean:
+3.984521e+00  +3.952280e+00  +8.322441e-01  +1.299748e+00  +1.411953e+00  +4.278361e-01  +8.701701e-01  +1.266290e+00  +1.542385e-01  +2.197335e+00  +5.321319e+00  +3.592657e+00  +2.699098e+00  +2.150316e+02  +4.328878e+00  +5.292891e+00  +2.937627e+02  +5.452385e+00  +3.756584e+00  +3.297245e+02  +2.640550e+00  +4.559435e+00  +4.062880e+02  
covariance:
+5.933561e-07  +2.532598e-07  -3.896214e-07  +1.818172e-06  -4.119137e-08  +3.089294e-07  +1.694842e-07  -9.826310e-07  -1.258610e-07  -2.389423e-07  -9.030736e-07  -2.109012e-07  -4.509976e-09  -5.074291e-05  -1.362636e-07  -1.748113e-07  +2.801676e-05  +1.075405e-07  +1.721895e-07  -2.012173e-04  -4.879122e-08  +1.514380e-07  +8.454409e-05  
+2.532598e-07  +8.479556e-07  -2.178510e-08  +8.436445e-07  -6.547960e-08  -1.469689e-07  -1.657414e-06  +1.476441e-06  +1.735356e-07  +8.524896e-08  +1.532471e-06  -5.069263e-07  +1.745928e-07  -1.304389e-04  -1.824456e-07  +3.074497e-08  +3.074460e-04  +2.646620e-07  +4.439025e-08  +2.187693e-04  +1.410016e-07  -9.217773e-08  +1.915988e-04  
-3.896214e-07  -2.178510e-08  +8.170474e-06  +5.459911e-06  -2.008467e-06  -7.869686e-06  +1.391229e-05  +1.915440e-05  -2.755756e-06  -2.316581e-07  +3.165442e-05  -4.250597e-07  -4.440028e-07  +2.471465e-03  +1.393765e-06  +4.222783e-07  -5.826496e-04  +4.336101e-07  +9.827186e-07  -2.386960e-03  -2.986459e-07  -3.680093e-09  -2.411935e-03  
+1.818172e-06  +8.436445e-07  +5.459911e-06  +3.757976e-05  -1.034095e-06  -4.857381e-06  +2.183476e-05  +1.109084e-05  -3.558664e-06  -1.656635e-06  +7.559290e-06  -2.872838e-06  +3.163065e-07  +9.509129e-04  +1.838245e-06  -1.633544e-06  -1.395759e-04  +1.112456e-06  +9.993499e-07  -5.067349e-03  -1.154206e-06  +1.709816e-06  -2.649797e-03  
-4.119137e-08  -6.547960e-08  -2.008467e-06  -1.034095e-06  +2.846039e-06  +3.413638e-06  -4.930250e-06  -6.881756e-06  +1.007928e-06  -9.996422e-08  -1.215830e-05  +3.267813e-07  +4.260966e-07  -7.844800e-04  -9.402523e-07  -8.629594e-07  +5.360057e-04  -6.016249e-07  -5.663223e-07  +9.140957e-05  +6.280773e-07  +3.394980e-07  +9.403302e-05  
+3.089294e-07  -1.469689e-07  -7.869686e-06  -4.857381e-06  +3.413638e-06  +1.199181e-05  -1.629777e-05  -2.795321e-05  +3.149680e-06  +2.122064e-07  -4.311845e-05  -2.268036e-07  +5.033148e-07  -3.155950e-03  -1.461451e-06  -9.149594e-07  +2.672991e-04  -3.443832e-07  -1.615109e-06  +2.830679e-03  +6.714080e-07  +5.413743e-07  +3.638976e-03  
+1.694842e-07  -1.657414e-06  +1.391229e-05  +2.183476e-05  -4.930250e-06  -1.629777e-05  +1.086444e-04  -1.587529e-05  -1.336682e-05  -2.437396e-06  +4.635343e-06  +1.435882e-06  -2.640162e-06  +1.213695e-02  +2.249886e-06  -2.913848e-06  -5.204051e-03  -7.148303e-07  +5.311233e-06  -1.266704e-02  -5.648735e-06  +4.061636e-06  -1.125471e-02  
-9.826310e-07  +1.476441e-06  +1.915440e-05  +1.109084e-05  -6.881756e-06  -2.795321e-05  -1.587529e-05  +1.488845e-04  -2.404559e-06  -9.262016e-07  +1.263325e-04  -1.092967e-06  +6.603887e-08  +6.452424e-04  +5.932854e-06  +4.628293e-06  +2.647586e-03  +1.730000e-06  +3.587632e-06  -3.070304e-03  +2.012092e-06  -4.561263e-06  -5.270213e-03  
-1.258610e-07  +1.735356e-07  -2.755756e-06  -3.558664e-06  +1.007928e-06  +3.149680e-06  -1.336682e-05  -2.404559e-06  +2.214643e-06  +6.693050e-08  -8.840278e-06  +1.764094e-07  +4.751893e-07  -2.008543e-03  -5.185157e-07  +1.532672e-07  +6.860088e-04  -7.841100e-08  -6.638139e-07  +1.823299e-03  +6.503718e-07  -4.388842e-07  +1.383537e-03  
-2.389423e-07  +8.524896e-08  -2.316581e-07  -1.656635e-06  -9.996422e-08  +2.122064e-07  -2.437396e-06  -9.262016e-07  +6.693050e-08  +6.280957e-06  -1.063194e-05  +6.732659e-08  -1.269698e-07  +1.325261e-04  +7.797619e-08  +3.083921e-07  +5.888906e-05  +1.506414e-07  -8.091689e-08  +7.559472e-04  +1.879071e-07  -3.243800e-07  +5.635646e-04  
-9.030736e-07  +1.532471e-06  +3.165442e-05  +7.559290e-06  -1.215830e-05  -4.311845e-05  +4.635343e-06  +1.263325e-04  -8.840278e-06  -1.063194e-05  +3.639870e-04  -4.697862e-06  -1.820737e-06  +8.011152e-03  +3.903264e-06  +6.682607e-06  +9.731837e-03  +3.890802e-06  +2.439690e-06  -7.490451e-03  -1.025518e-06  -2.724469e-06  -2.265246e-03  
-2.109012e-07  -5.069263e-07  -4.250597e-07  -2.872838e-06  +3.267813e-07  -2.268036e-07  +1.435882e-06  -1.092967e-06  +1.764094e-07  +6.732659e-08  -4.697862e-06  +1.487019e-06  +5.474852e-08  -7.883618e-05  -3.036601e-07  -1.206095e-07  -2.650430e-04  -4.467759e-07  +2.561736e-07  -3.504440e-05  -1.043790e-07  -1.165384e-07  -7.333582e-04  
-4.509976e-09  +1.745928e-07  -4.440028e-07  +3.163065e-07  +4.260966e-07  +5.033148e-07  -2.640162e-06  +6.603887e-08  +4.751893e-07  -1.269698e-07  -1.820737e-06  +5.474852e-08  +8.637007e-07  -1.167535e-03  -4.084656e-07  -3.244529e-07  +7.302374e-04  -2.876266e-08  -1.921554e-08  +5.851511e-04  +1.561788e-07  -2.888032e-09  -1.593029e-04  
-5.074291e-05  -1.304389e-04  +2.471465e-03  +9.509129e-04  -7.844800e-04  -3.155950e-03  +1.213695e-02  +6.452424e-04  -2.008543e-03  +1.325261e-04  +8.011152e-03  -7.883618e-05  -1.167535e-03  +4.717685e+00  +4.339224e-04  +3.159949e-04  -2.177321e+00  +2.859416e-04  +2.560564e-04  -2.227221e+00  -4.954434e-04  -1.238161e-04  -8.288927e-01  
-1.362636e-07  -1.824456e-07  +1.393765e-06  +1.838245e-06  -9.402523e-07  -1.461451e-06  +2.249886e-06  +5.932854e-06  -5.185157e-07  +7.797619e-08  +3.903264e-06  -3.036601e-07  -4.084656e-07  +4.339224e-04  +1.121367e-06  +4.669927e-07  -4.050953e-04  +2.826584e-07  +2.904354e-07  -3.740823e-04  -1.407228e-07  -6.336998e-08  -2.161531e-05  
-1.748113e-07  +3.074497e-08  +4.222783e-07  -1.633544e-06  -8.629594e-07  -9.149594e-07  -2.913848e-06  +4.628293e-06  +1.532672e-07  +3.083921e-07  +6.682607e-06  -1.206095e-07  -3.244529e-07  +3.159949e-04  +4.669927e-07  +9.649044e-07  -2.998787e-04  +4.015182e-07  -1.504787e-07  +4.360790e-04  -2.348499e-08  -5.950329e-07  +6.984113e-04  
+2.801676e-05  +3.074460e-04  -5.826496e-04  -1.395759e-04  +5.360057e-04  +2.672991e-04  -5.204051e-03  +2.647586e-03  +6.860088e-04  +5.888906e-05  +9.731837e-03  -2.650430e-04  +7.302374e-04  -2.177321e+00  -4.050953e-04  -2.998787e-04  +2.540413e+00  -1.540117e-04  +4.255261e-05  +3.545425e-01  +2.980338e-04  +2.303112e-04  +1.103993e-03  
+1.075405e-07  +2.646620e-07  +4.336101e-07  +1.112456e-06  -6.016249e-07  -3.443832e-07  -7.148303e-07  +1.730000e-06  -7.841100e-08  +1.506414e-07  +3.890802e-06  -4.467759e-07  -2.876266e-08  +2.859416e-04  +2.826584e-07  +4.015182e-07  -1.540117e-04  +6.615147e-07  +4.255354e-08  +2.537880e-04  -8.227364e-08  -2.077727e-07  +6.879454e-04  
+1.721895e-07  +4.439025e-08  +9.827186e-07  +9.993499e-07  -5.663223e-07  -1.615109e-06  +5.311233e-06  +3.587632e-06  -6.638139e-07  -8.091689e-08  +2.439690e-06  +2.561736e-07  -1.921554e-08  +2.560564e-04  +2.904354e-07  -1.504787e-07  +4.255261e-05  +4.255354e-08  +1.114384e-06  -7.237972e-04  -2.743512e-07  +1.185363e-07  -7.694412e-04  
-2.012173e-04  +2.187693e-04  -2.386960e-03  -5.067349e-03  +9.140957e-05  +2.830679e-03  -1.266704e-02  -3.070304e-03  +1.823299e-03  +7.559472e-04  -7.490451e-03  -3.504440e-05  +5.851511e-04  -2.227221e+00  -3.740823e-04  +4.360790e-04  +3.545425e-01  +2.537880e-04  -7.237972e-04  +3.050002e+00  +4.190857e-04  -5.683715e-04  +1.961314e+00  
-4.879122e-08  +1.410016e-07  -2.986459e-07  -1.154206e-06  +6.280773e-07  +6.714080e-07  -5.648735e-06  +2.012092e-06  +6.503718e-07  +1.879071e-07  -1.025518e-06  -1.043790e-07  +1.561788e-07  -4.954434e-04  -1.407228e-07  -2.348499e-08  +2.980338e-04  -8.227364e-08  -2.743512e-07  +4.190857e-04  +7.285279e-07  -1.125827e-07  +1.685627e-04  
+1.514380e-07  -9.217773e-08  -3.680093e-09  +1.709816e-06  +3.394980e-07  +5.413743e-07  +4.061636e-06  -4.561263e-06  -4.388842e-07  -3.243800e-07  -2.724469e-06  -1.165384e-07  -2.888032e-09  -1.238161e-04  -6.336998e-08  -5.950329e-07  +2.303112e-04  -2.077727e-07  +1.185363e-07  -5.683715e-04  -1.125827e-07  +6.658619e-07  -3.979967e-04  
+8.454409e-05  +1.915988e-04  -2.411935e-03  -2.649797e-03  +9.403302e-05  +3.638976e-03  -1.125471e-02  -5.270213e-03  +1.383537e-03  +5.635646e-04  -2.265246e-03  -7.333582e-04  -1.593029e-04  -8.288927e-01  -2.161531e-05  +6.984113e-04  +1.103993e-03  +6.879454e-04  -7.694412e-04  +1.961314e+00  +1.685627e-04  -3.979967e-04  +3.105952e+00  
