mean:
+3.980415e+00  +3.953619e+00  +8.502468e-01  +1.301617e+00  +1.403332e+00  +4.008520e-01  +8.281918e-01  +1.363752e+00  +1.730708e-01  +1.954726e+00  +5.764443e+00  +3.593077e+00  +2.700064e+00  +2.055313e+02  +4.328728e+00  +5.294197e+00  +2.824188e+02  +5.452896e+00  +3.756909e+00  +3.232930e+02  +2.640744e+00  +4.559681e+00  +3.922577e+02  
covariance:
+2.266666e-06  +2.456114e-07  -1.381532e-06  +3.896297e-07  +9.513509e-07  +2.817095e-06  +1.074090e-05  -4.805640e-06  -1.000654e-05  +9.171884e-05  -1.021810e-04  +1.577413e-06  -1.488421e-06  +7.448165e-05  +2.512598e-07  +4.556453e-07  +4.431466e-03  +1.792443e-07  +9.691933e-07  +3.000856e-03  +3.526746e-07  +6.057180e-07  +4.148950e-03  
+2.456114e-07  +1.188549e-06  -3.178234e-07  +1.077046e-07  -2.362121e-07  -5.792487e-07  -2.393585e-08  +1.564827e-06  +6.541868e-07  -6.384593e-06  +2.217315e-06  -5.638365e-08  +9.091163e-08  +1.521872e-04  -6.179017e-08  +2.929270e-08  -5.826488e-04  +3.282482e-08  -3.923105e-08  -7.364352e-05  +1.038236e-07  -9.536291e-08  -5.920290e-04  
-1.381532e-06  -3.178234e-07  +1.404363e-05  +2.339931e-07  +7.859712e-07  -5.902087e-06  -1.981243e-05  +2.199468e-05  +1.182399e-05  -1.129143e-04  +1.606490e-04  -2.258911e-06  +1.072439e-06  -5.971166e-04  +5.337770e-07  -1.300865e-06  -5.933244e-03  -4.441578e-07  +1.558750e-08  -5.378931e-03  +1.061139e-06  -1.240154e-07  -5.233065e-03  
+3.896297e-07  +1.077046e-07  +2.339931e-07  +5.501752e-05  +1.091084e-06  +1.833683e-06  +2.171861e-06  +8.473368e-06  +7.840569e-07  -2.316374e-06  +2.148974e-06  -3.872410e-06  -5.797163e-07  -1.785112e-06  +2.153602e-06  -1.384633e-06  +7.017986e-04  +3.798578e-07  -1.790758e-06  -4.195445e-03  +4.772980e-07  +9.939158e-07  +1.302377e-03  
+9.513509e-07  -2.362121e-07  +7.859712e-07  +1.091084e-06  +3.860068e-06  +2.873631e-06  +7.014229e-06  -2.634236e-06  -8.134541e-06  +7.754239e-05  -7.472584e-05  +1.104304e-06  -1.065822e-06  -1.748834e-04  +2.531658e-07  -5.602910e-09  +4.303870e-03  -4.867208e-08  +7.870498e-07  +2.097363e-03  +4.195271e-07  +6.165009e-07  +3.899539e-03  
+2.817095e-06  -5.792487e-07  -5.902087e-06  +1.833683e-06  +2.873631e-06  +1.145587e-05  +2.749794e-05  -3.609472e-05  -2.324677e-05  +2.214235e-04  -2.359127e-04  +3.302712e-06  -2.804253e-06  -7.335133e-04  -1.287497e-07  +1.139651e-06  +1.196538e-02  +1.155793e-06  +7.959110e-07  +8.092567e-03  -5.156537e-07  +1.623422e-06  +1.278915e-02  
+1.074090e-05  -2.393585e-08  -1.981243e-05  +2.171861e-06  +7.014229e-06  +2.749794e-05  +1.100484e-04  -7.538758e-05  -8.510325e-05  +7.812879e-04  -8.968730e-04  +1.281245e-05  -9.837856e-06  +1.264862e-03  -6.116542e-07  +4.275914e-06  +3.714374e-02  +3.233995e-06  +5.325496e-06  +2.961822e-02  +4.231576e-07  +4.027379e-06  +3.585812e-02  
-4.805640e-06  +1.564827e-06  +2.199468e-05  +8.473368e-06  -2.634236e-06  -3.609472e-05  -7.538758e-05  +2.462927e-04  +4.381039e-05  -4.121053e-04  +4.814470e-04  -8.128130e-06  +1.023400e-06  -6.933322e-04  +8.503639e-06  -4.952415e-06  -1.638377e-02  -7.157408e-06  +6.775973e-06  -2.373788e-02  +7.225305e-06  -2.753195e-06  -3.243756e-02  
-1.000654e-05  +6.541868e-07  +1.182399e-05  +7.840569e-07  -8.134541e-06  -2.324677e-05  -8.510325e-05  +4.381039e-05  +7.905776e-05  -7.354303e-04  +8.022867e-04  -1.245270e-05  +1.102337e-05  -7.074968e-04  -1.569993e-06  -3.556594e-06  -3.637780e-02  -1.292172e-06  -6.278008e-06  -2.485850e-02  -1.930461e-06  -4.368629e-06  -3.343000e-02  
+9.171884e-05  -6.384593e-06  -1.129143e-04  -2.316374e-06  +7.754239e-05  +2.214235e-04  +7.812879e-04  -4.121053e-04  -7.354303e-04  +6.910913e-03  -7.517768e-03  +1.162059e-04  -1.048178e-04  +5.359077e-03  +1.601573e-05  +3.281791e-05  +3.453023e-01  +1.066832e-05  +5.796669e-05  +2.310473e-01  +1.811294e-05  +4.195149e-05  +3.162713e-01  
-1.021810e-04  +2.217315e-06  +1.606490e-04  +2.148974e-06  -7.472584e-05  -2.359127e-04  -8.968730e-04  +4.814470e-04  +8.022867e-04  -7.517768e-03  +8.492856e-03  -1.275191e-04  +1.116756e-04  -1.755627e-02  -1.149770e-05  -3.619619e-05  -3.641334e-01  -1.114692e-05  -6.035630e-05  -2.577425e-01  -1.949591e-05  -4.233992e-05  -3.307130e-01  
+1.577413e-06  -5.638365e-08  -2.258911e-06  -3.872410e-06  +1.104304e-06  +3.302712e-06  +1.281245e-05  -8.128130e-06  -1.245270e-05  +1.162059e-04  -1.275191e-04  +3.573424e-06  -1.633909e-06  +4.624847e-04  -2.566401e-07  +8.299528e-07  +5.570313e-03  -6.440076e-08  +1.309075e-06  +4.215572e-03  -1.020792e-07  +2.533082e-07  +5.244435e-03  
-1.488421e-06  +9.091163e-08  +1.072439e-06  -5.797163e-07  -1.065822e-06  -2.804253e-06  -9.837856e-06  +1.023400e-06  +1.102337e-05  -1.048178e-04  +1.116756e-04  -1.633909e-06  +2.766822e-06  -2.009805e-04  -8.228951e-07  -6.406654e-07  -5.058414e-03  +9.810902e-08  -1.052358e-06  -2.731852e-03  -6.292983e-07  -8.858654e-07  -4.848005e-03  
+7.448165e-05  +1.521872e-04  -5.971166e-04  -1.785112e-06  -1.748834e-04  -7.335133e-04  +1.264862e-03  -6.933322e-04  -7.074968e-04  +5.359077e-03  -1.755627e-02  +4.624847e-04  -2.009805e-04  +1.964481e+00  -3.399840e-04  +8.516787e-05  -1.027472e+00  -3.890231e-04  -6.584816e-05  -3.836911e-01  +2.906626e-04  -4.432442e-04  -8.498117e-01  
+2.512598e-07  -6.179017e-08  +5.337770e-07  +2.153602e-06  +2.531658e-07  -1.287497e-07  -6.116542e-07  +8.503639e-06  -1.569993e-06  +1.601573e-05  -1.149770e-05  -2.566401e-07  -8.228951e-07  -3.399840e-04  +1.321097e-06  +6.905595e-08  +1.294010e-03  -1.982025e-07  +4.626986e-07  -3.097828e-04  +5.775062e-07  +4.802286e-07  +4.342636e-04  
+4.556453e-07  +2.929270e-08  -1.300865e-06  -1.384633e-06  -5.602910e-09  +1.139651e-06  +4.275914e-06  -4.952415e-06  -3.556594e-06  +3.281791e-05  -3.619619e-05  +8.299528e-07  -6.406654e-07  +8.516787e-05  +6.905595e-08  +9.048120e-07  +1.494329e-03  +7.529313e-08  -1.851620e-08  +1.095878e-03  -1.502168e-07  +1.068235e-07  +1.592942e-03  
+4.431466e-03  -5.826488e-04  -5.933244e-03  +7.017986e-04  +4.303870e-03  +1.196538e-02  +3.714374e-02  -1.638377e-02  -3.637780e-02  +3.453023e-01  -3.641334e-01  +5.570313e-03  -5.058414e-03  -1.027472e+00  +1.294010e-03  +1.494329e-03  +1.937530e+01  +5.450307e-04  +3.267140e-03  +1.115157e+01  +5.321704e-04  +2.348964e-03  +1.664182e+01  
+1.792443e-07  +3.282482e-08  -4.441578e-07  +3.798578e-07  -4.867208e-08  +1.155793e-06  +3.233995e-06  -7.157408e-06  -1.292172e-06  +1.066832e-05  -1.114692e-05  -6.440076e-08  +9.810902e-08  -3.890231e-04  -1.982025e-07  +7.529313e-08  +5.450307e-04  +8.518137e-07  -4.350016e-08  +1.025239e-03  -2.881034e-07  +1.611568e-07  +1.313904e-03  
+9.691933e-07  -3.923105e-08  +1.558750e-08  -1.790758e-06  +7.870498e-07  +7.959110e-07  +5.325496e-06  +6.775973e-06  -6.278008e-06  +5.796669e-05  -6.035630e-05  +1.309075e-06  -1.052358e-06  -6.584816e-05  +4.626986e-07  -1.851620e-08  +3.267140e-03  -4.350016e-08  +1.952224e-06  +1.831545e-03  +4.533855e-07  +2.783773e-07  +2.376051e-03  
+3.000856e-03  -7.364352e-05  -5.378931e-03  -4.195445e-03  +2.097363e-03  +8.092567e-03  +2.961822e-02  -2.373788e-02  -2.485850e-02  +2.310473e-01  -2.577425e-01  +4.215572e-03  -2.731852e-03  -3.836911e-01  -3.097828e-04  +1.095878e-03  +1.115157e+01  +1.025239e-03  +1.831545e-03  +1.030292e+01  +1.861733e-04  +1.183909e-03  +1.104095e+01  
+3.526746e-07  +1.038236e-07  +1.061139e-06  +4.772980e-07  +4.195271e-07  -5.156537e-07  +4.231576e-07  +7.225305e-06  -1.930461e-06  +1.811294e-05  -1.949591e-05  -1.020792e-07  -6.292983e-07  +2.906626e-04  +5.775062e-07  -1.502168e-07  +5.321704e-04  -2.881034e-07  +4.533855e-07  +1.861733e-04  +1.008975e-06  +2.152483e-07  +6.674653e-05  
+6.057180e-07  -9.536291e-08  -1.240154e-07  +9.939158e-07  +6.165009e-07  +1.623422e-06  +4.027379e-06  -2.753195e-06  -4.368629e-06  +4.195149e-05  -4.233992e-05  +2.533082e-07  -8.858654e-07  -4.432442e-04  +4.802286e-07  +1.068235e-07  +2.348964e-03  +1.611568e-07  +2.783773e-07  +1.183909e-03  +2.152483e-07  +7.935984e-07  +2.323212e-03  
+4.148950e-03  -5.920290e-04  -5.233065e-03  +1.302377e-03  +3.899539e-03  +1.278915e-02  +3.585812e-02  -3.243756e-02  -3.343000e-02  +3.162713e-01  -3.307130e-01  +5.244435e-03  -4.848005e-03  -8.498117e-01  +4.342636e-04  +1.592942e-03  +1.664182e+01  +1.313904e-03  +2.376051e-03  +1.104095e+01  +6.674653e-05  +2.323212e-03  +1.745874e+01  
