mean:
+3.983740e+00  +3.940279e+00  +6.340552e-01  -1.167349e+00  +1.664320e+00  +4.923942e-01  +8.967652e-01  +2.016992e+00  +1.460040e-01  +1.970605e+00  +4.895413e+00  +1.839922e+00  +2.983769e+00  +8.062990e+02  +4.959912e+00  +4.479618e+00  +2.011328e+03  
covariance:
+5.299583e-06  +1.683486e-06  +1.652892e-07  +2.152933e-05  +5.261323e-06  -2.511001e-06  -2.052976e-06  -1.120456e-05  +1.691676e-07  +2.879897e-06  -2.689573e-05  +1.374707e-07  -2.473001e-07  +1.805848e-03  -1.410523e-07  -6.459205e-08  +3.165860e-03  
+1.683486e-06  +5.359223e-06  -5.970454e-07  -5.030487e-06  +2.972212e-07  -4.497821e-07  -3.227323e-07  +1.769101e-05  +5.146649e-07  -4.195516e-06  +2.164371e-05  -6.072771e-08  -2.746024e-07  +8.630634e-04  -7.156817e-08  +5.265320e-08  +8.968890e-04  
+1.652892e-07  -5.970454e-07  +2.486731e-05  -9.340414e-06  -1.365100e-05  +1.057747e-05  +2.810097e-06  -1.206642e-05  -1.030355e-06  +1.296633e-05  -2.881403e-05  +5.743507e-07  -1.303973e-06  -5.941780e-03  +2.766144e-07  -1.270114e-07  -7.020964e-03  
+2.152933e-05  -5.030487e-06  -9.340414e-06  +1.334185e-03  +4.116103e-04  -1.503173e-04  -1.161282e-04  -7.547264e-04  +1.509238e-05  +2.261117e-04  -1.638417e-03  +6.455673e-06  +1.194267e-06  +1.237788e-01  -1.322973e-06  -1.154285e-06  +2.202765e-01  
+5.261323e-06  +2.972212e-07  -1.365100e-05  +4.116103e-04  +4.863508e-04  -9.817058e-05  -7.394679e-05  -3.891544e-04  +2.021479e-05  +6.347927e-06  -6.736912e-04  +2.515111e-06  -2.167302e-06  +5.603130e-02  -6.705970e-07  -2.148713e-06  +8.787256e-02  
-2.511001e-06  -4.497821e-07  +1.057747e-05  -1.503173e-04  -9.817058e-05  +4.727014e-05  +2.485318e-05  +6.929166e-05  -6.620548e-06  +5.568447e-06  +1.868810e-04  -7.037795e-07  -3.542818e-07  -3.087789e-02  +5.134180e-07  +1.571937e-07  -3.603139e-02  
-2.052976e-06  -3.227323e-07  +2.810097e-06  -1.161282e-04  -7.394679e-05  +2.485318e-05  +4.308911e-05  +8.322119e-05  -5.640697e-06  -1.316532e-05  +1.745154e-04  -9.944606e-07  -1.022575e-06  -1.865544e-02  +4.143773e-07  -5.761295e-07  -3.114786e-02  
-1.120456e-05  +1.769101e-05  -1.206642e-05  -7.547264e-04  -3.891544e-04  +6.929166e-05  +8.322119e-05  +1.400719e-03  -2.769625e-06  -2.809155e-04  +1.566534e-03  -8.865816e-06  +1.976826e-06  -2.164668e-02  +1.522661e-06  +2.548968e-06  -1.288151e-01  
+1.691676e-07  +5.146649e-07  -1.030355e-06  +1.509238e-05  +2.021479e-05  -6.620548e-06  -5.640697e-06  -2.769625e-06  +3.026957e-06  -1.076830e-05  -2.446796e-05  -9.267014e-09  +2.096680e-07  +3.906445e-03  -8.014511e-08  +3.574409e-08  +3.683872e-03  
+2.879897e-06  -4.195516e-06  +1.296633e-05  +2.261117e-04  +6.347927e-06  +5.568447e-06  -1.316532e-05  -2.809155e-04  -1.076830e-05  +1.607738e-04  -3.807437e-04  +1.912288e-06  -1.086177e-06  +2.295962e-03  +6.283143e-08  -5.497935e-07  +3.436536e-02  
-2.689573e-05  +2.164371e-05  -2.881403e-05  -1.638417e-03  -6.736912e-04  +1.868810e-04  +1.745154e-04  +1.566534e-03  -2.446796e-05  -3.807437e-04  +2.921181e-03  -1.127399e-05  -5.954441e-07  -1.267790e-01  +2.593405e-06  +3.711489e-06  -2.350370e-01  
+1.374707e-07  -6.072771e-08  +5.743507e-07  +6.455673e-06  +2.515111e-06  -7.037795e-07  -9.944606e-07  -8.865816e-06  -9.267014e-09  +1.912288e-06  -1.127399e-05  +5.699467e-07  -1.604247e-07  +3.908625e-04  +8.446121e-09  -4.840412e-08  +1.072699e-03  
-2.473001e-07  -2.746024e-07  -1.303973e-06  +1.194267e-06  -2.167302e-06  -3.542818e-07  -1.022575e-06  +1.976826e-06  +2.096680e-07  -1.086177e-06  -5.954441e-07  -1.604247e-07  +1.052405e-06  +5.237268e-05  -4.057594e-08  +7.789036e-08  -4.236052e-05  
+1.805848e-03  +8.630634e-04  -5.941780e-03  +1.237788e-01  +5.603130e-02  -3.087789e-02  -1.865544e-02  -2.164668e-02  +3.906445e-03  +2.295962e-03  -1.267790e-01  +3.908625e-04  +5.237268e-05  +2.752277e+01  -2.648574e-04  +6.937356e-05  +3.177153e+01  
-1.410523e-07  -7.156817e-08  +2.766144e-07  -1.322973e-06  -6.705970e-07  +5.134180e-07  +4.143773e-07  +1.522661e-06  -8.014511e-08  +6.283143e-08  +2.593405e-06  +8.446121e-09  -4.057594e-08  -2.648574e-04  +2.453220e-07  +9.953417e-09  -3.270828e-04  
-6.459205e-08  +5.265320e-08  -1.270114e-07  -1.154285e-06  -2.148713e-06  +1.571937e-07  -5.761295e-07  +2.548968e-06  +3.574409e-08  -5.497935e-07  +3.711489e-06  -4.840412e-08  +7.789036e-08  +6.937356e-05  +9.953417e-09  +3.223851e-07  -7.888968e-05  
+3.165860e-03  +8.968890e-04  -7.020964e-03  +2.202765e-01  +8.787256e-02  -3.603139e-02  -3.114786e-02  -1.288151e-01  +3.683872e-03  +3.436536e-02  -2.350370e-01  +1.072699e-03  -4.236052e-05  +3.177153e+01  -3.270828e-04  -7.888968e-05  +6.350655e+01  
