mean:
+3.944049e+00  +3.934834e+00  +8.514538e-01  +1.364072e+00  +1.423663e+00  +5.023553e-01  +8.113612e-01  +1.378004e+00  +1.711887e-01  +1.828868e+00  +5.980684e+00  +3.546989e+00  +2.641305e+00  +2.045302e+02  +4.274199e+00  +5.294427e+00  +2.747861e+02  +5.393705e+00  +3.764110e+00  +3.273533e+02  +2.640061e+00  +4.558927e+00  +3.946576e+02  
covariance:
+2.725533e-05  -2.022264e-06  +3.775282e-06  +4.154423e-05  -4.097215e-06  -9.094149e-07  +7.642861e-06  -2.101911e-05  +8.772637e-06  -9.308206e-06  +1.138413e-05  +9.814507e-07  -9.443738e-06  +1.853408e-03  -1.488729e-05  +1.445578e-06  -2.598643e-03  -3.004266e-06  -1.155951e-05  +2.512050e-03  +8.152991e-08  +3.885687e-07  +1.939732e-03  
-2.022264e-06  +4.197874e-06  -5.418753e-06  +6.628845e-06  -1.491799e-06  -1.736458e-06  -3.560582e-07  -7.024552e-06  +1.982317e-06  -1.955642e-05  +1.452064e-05  -1.702302e-07  +8.808640e-06  -6.038392e-04  +1.370727e-05  +1.186703e-07  -1.395608e-03  +4.233122e-06  +8.793124e-06  -1.814471e-03  +5.131713e-07  -1.075628e-06  -3.649632e-04  
+3.775282e-06  -5.418753e-06  +8.302151e-05  +8.238731e-05  +2.047277e-06  +6.947544e-06  +9.998573e-06  -2.599196e-05  -1.067701e-05  +6.411556e-05  +1.020077e-05  +2.329343e-06  -6.298999e-05  +5.803985e-03  -1.066818e-04  -1.195605e-06  +4.248350e-03  -3.481845e-05  -6.849508e-05  -3.745468e-03  -4.715548e-06  +4.107746e-06  -1.429193e-03  
+4.154423e-05  +6.628845e-06  +8.238731e-05  +6.033974e-04  -7.135314e-05  -3.468803e-05  +4.748446e-05  -4.381312e-04  +6.266021e-05  -5.321795e-04  +5.748115e-04  -8.016982e-06  +9.746990e-05  +1.026635e-02  +7.385190e-05  -7.597857e-06  -5.531202e-02  +3.283703e-05  +4.312663e-05  -6.080383e-02  +5.840398e-06  -1.768192e-05  -8.661468e-03  
-4.097215e-06  -1.491799e-06  +2.047277e-06  -7.135314e-05  +4.454985e-05  +4.000056e-06  -6.799071e-07  +5.800920e-05  -1.030145e-05  +7.938320e-05  -4.892022e-05  +3.486128e-06  -2.321098e-05  -4.103971e-04  -1.719032e-05  +2.335895e-06  +1.251499e-02  -1.033109e-05  -1.012230e-05  +5.749611e-03  +8.573762e-07  +3.894886e-06  -3.056664e-04  
-9.094149e-07  -1.736458e-06  +6.947544e-06  -3.468803e-05  +4.000056e-06  +7.208789e-06  -6.294235e-06  +3.652289e-05  -7.852249e-06  +7.511351e-05  -7.044229e-05  +1.470467e-06  -2.517544e-05  +1.600891e-04  -3.546643e-05  +1.080486e-06  +4.271134e-03  -1.134767e-05  -2.291998e-05  +6.316199e-03  -1.836144e-06  +2.299462e-06  +1.492138e-03  
+7.642861e-06  -3.560582e-07  +9.998573e-06  +4.748446e-05  -6.799071e-07  -6.294235e-06  +2.711918e-05  -2.011902e-05  +2.362237e-06  -4.284339e-05  +7.084549e-05  +1.530010e-07  -7.255968e-07  +2.577897e-03  -2.252684e-07  -1.729058e-06  +3.741270e-03  -1.530475e-06  +1.344089e-07  -2.280473e-03  +3.676517e-07  -3.915064e-07  -1.215654e-03  
-2.101911e-05  -7.024552e-06  -2.599196e-05  -4.381312e-04  +5.800920e-05  +3.652289e-05  -2.011902e-05  +4.830906e-04  -7.409564e-05  +6.269422e-04  -5.202197e-04  +1.379162e-05  -1.695494e-04  -4.557724e-03  -1.835353e-04  +8.896935e-06  +6.315230e-02  -7.348437e-05  -1.150700e-04  +5.978986e-02  -1.156134e-05  +2.353677e-05  +1.465250e-02  
+8.772637e-06  +1.982317e-06  -1.067701e-05  +6.266021e-05  -1.030145e-05  -7.852249e-06  +2.362237e-06  -7.409564e-05  +1.821577e-05  -1.235579e-04  +8.746156e-05  -2.433294e-06  +3.959287e-05  -1.478766e-04  +5.050079e-05  -8.033434e-07  -1.180369e-02  +1.900193e-05  +3.173933e-05  -8.925946e-03  +2.769569e-06  -4.686830e-06  -1.902629e-03  
-9.308206e-06  -1.955642e-05  +6.411556e-05  -5.321795e-04  +7.938320e-05  +7.511351e-05  -4.284339e-05  +6.269422e-04  -1.235579e-04  +1.109750e-03  -9.122862e-04  +2.254951e-05  -3.614721e-04  +4.201503e-05  -4.611485e-04  +1.564417e-05  +8.902896e-02  -1.640046e-04  -2.970601e-04  +9.405260e-02  -2.369356e-05  +4.179728e-05  +2.398938e-02  
+1.138413e-05  +1.452064e-05  +1.020077e-05  +5.748115e-04  -4.892022e-05  -7.044229e-05  +7.084549e-05  -5.202197e-04  +8.746156e-05  -9.122862e-04  +1.104185e-03  -7.650447e-06  +2.674168e-04  +1.034940e-02  +3.392616e-04  -1.423529e-05  -5.965054e-02  +1.083104e-04  +2.220452e-04  -9.545375e-02  +1.844950e-05  -3.025099e-05  -1.905256e-02  
+9.814507e-07  -1.702302e-07  +2.329343e-06  -8.016982e-06  +3.486128e-06  +1.470467e-06  +1.530010e-07  +1.379162e-05  -2.433294e-06  +2.254951e-05  -7.650447e-06  +1.669029e-06  -8.768496e-06  +6.614526e-04  -9.803116e-06  +7.263781e-07  +2.462642e-03  -4.295087e-06  -6.305780e-06  +1.587041e-03  -4.726359e-07  +7.760808e-07  +6.281998e-04  
-9.443738e-06  +8.808640e-06  -6.298999e-05  +9.746990e-05  -2.321098e-05  -2.517544e-05  -7.255968e-07  -1.695494e-04  +3.959287e-05  -3.614721e-04  +2.674168e-04  -8.768496e-06  +1.554623e-04  -5.233900e-03  +2.144663e-04  -4.786345e-06  -2.701774e-02  +7.207932e-05  +1.383952e-04  -3.039301e-02  +9.037701e-06  -1.480883e-05  -9.308411e-03  
+1.853408e-03  -6.038392e-04  +5.803985e-03  +1.026635e-02  -4.103971e-04  +1.600891e-04  +2.577897e-03  -4.557724e-03  -1.478766e-04  +4.201503e-05  +1.034940e-02  +6.614526e-04  -5.233900e-03  +1.670142e+00  -9.401284e-03  -1.477420e-04  -3.311263e-01  -2.879914e-03  -6.006896e-03  +1.951938e-01  -2.269106e-04  -1.581045e-05  +4.566843e-01  
-1.488729e-05  +1.370727e-05  -1.066818e-04  +7.385190e-05  -1.719032e-05  -3.546643e-05  -2.252684e-07  -1.835353e-04  +5.050079e-05  -4.611485e-04  +3.392616e-04  -9.803116e-06  +2.144663e-04  -9.401284e-03  +3.171807e-04  -4.349585e-06  -2.736692e-02  +1.010671e-04  +2.046165e-04  -3.799989e-02  +1.327486e-05  -1.825625e-05  -1.299217e-02  
+1.445578e-06  +1.186703e-07  -1.195605e-06  -7.597857e-06  +2.335895e-06  +1.080486e-06  -1.729058e-06  +8.896935e-06  -8.033434e-07  +1.564417e-05  -1.423529e-05  +7.263781e-07  -4.786345e-06  -1.477420e-04  -4.349585e-06  +1.131608e-06  +9.575016e-04  -1.910822e-06  -3.022447e-06  +1.585417e-03  -1.535148e-07  +5.029556e-07  +5.703141e-04  
-2.598643e-03  -1.395608e-03  +4.248350e-03  -5.531202e-02  +1.251499e-02  +4.271134e-03  +3.741270e-03  +6.315230e-02  -1.180369e-02  +8.902896e-02  -5.965054e-02  +2.462642e-03  -2.701774e-02  -3.311263e-01  -2.736692e-02  +9.575016e-04  +1.333595e+01  -1.269147e-02  -1.709078e-02  +7.193986e+00  -1.941386e-03  +3.898634e-03  +3.520772e-01  
-3.004266e-06  +4.233122e-06  -3.481845e-05  +3.283703e-05  -1.033109e-05  -1.134767e-05  -1.530475e-06  -7.348437e-05  +1.900193e-05  -1.640046e-04  +1.083104e-04  -4.295087e-06  +7.207932e-05  -2.879914e-03  +1.010671e-04  -1.910822e-06  -1.269147e-02  +3.521919e-05  +6.516703e-05  -1.206059e-02  +4.562960e-06  -6.953572e-06  -3.889043e-03  
-1.155951e-05  +8.793124e-06  -6.849508e-05  +4.312663e-05  -1.012230e-05  -2.291998e-05  +1.344089e-07  -1.150700e-04  +3.173933e-05  -2.970601e-04  +2.220452e-04  -6.305780e-06  +1.383952e-04  -6.006896e-03  +2.046165e-04  -3.022447e-06  -1.709078e-02  +6.516703e-05  +1.327130e-04  -2.464399e-02  +8.609772e-06  -1.174381e-05  -8.474516e-03  
+2.512050e-03  -1.814471e-03  -3.745468e-03  -6.080383e-02  +5.749611e-03  +6.316199e-03  -2.280473e-03  +5.978986e-02  -8.925946e-03  +9.405260e-02  -9.545375e-02  +1.587041e-03  -3.039301e-02  +1.951938e-01  -3.799989e-02  +1.585417e-03  +7.193986e+00  -1.206059e-02  -2.464399e-02  +1.271534e+01  -1.704684e-03  +2.946878e-03  +3.016123e+00  
+8.152991e-08  +5.131713e-07  -4.715548e-06  +5.840398e-06  +8.573762e-07  -1.836144e-06  +3.676517e-07  -1.156134e-05  +2.769569e-06  -2.369356e-05  +1.844950e-05  -4.726359e-07  +9.037701e-06  -2.269106e-04  +1.327486e-05  -1.535148e-07  -1.941386e-03  +4.562960e-06  +8.609772e-06  -1.704684e-03  +1.367025e-06  -7.504063e-07  -3.969149e-04  
+3.885687e-07  -1.075628e-06  +4.107746e-06  -1.768192e-05  +3.894886e-06  +2.299462e-06  -3.915064e-07  +2.353677e-05  -4.686830e-06  +4.179728e-05  -3.025099e-05  +7.760808e-07  -1.480883e-05  -1.581045e-05  -1.825625e-05  +5.029556e-07  +3.898634e-03  -6.953572e-06  -1.174381e-05  +2.946878e-03  -7.504063e-07  +2.486231e-06  +8.937950e-04  
+1.939732e-03  -3.649632e-04  -1.429193e-03  -8.661468e-03  -3.056664e-04  +1.492138e-03  -1.215654e-03  +1.465250e-02  -1.902629e-03  +2.398938e-02  -1.905256e-02  +6.281998e-04  -9.308411e-03  +4.566843e-01  -1.299217e-02  +5.703141e-04  +3.520772e-01  -3.889043e-03  -8.474516e-03  +3.016123e+00  -3.969149e-04  +8.937950e-04  +2.143891e+00  
