mean:
+3.985409e+00  +3.939934e+00  +6.407040e-01  -1.192449e+00  +1.668972e+00  +4.881879e-01  +9.228353e-01  +2.011787e+00  +1.428738e-01  +2.002271e+00  +4.837712e+00  +1.840029e+00  +2.984068e+00  +8.098901e+02  +4.959741e+00  +4.479614e+00  +2.014189e+03  
covariance:
+6.776226e-06  +1.104473e-06  +4.398206e-06  -2.105302e-05  +1.177982e-05  -4.855842e-06  +1.419237e-05  -3.571976e-05  -2.396643e-06  +1.596347e-05  -5.634789e-05  +1.340414e-07  -1.334507e-07  +1.211753e-03  -9.697923e-08  -2.231969e-07  +8.898429e-03  
+1.104473e-06  +5.296785e-06  -2.423878e-06  +6.591835e-06  -2.393159e-07  +2.128568e-06  -2.696946e-06  +1.921450e-05  +1.485291e-06  -1.051650e-05  +2.860976e-05  -1.036502e-07  +2.484800e-07  +5.718147e-06  +4.177548e-08  +2.159498e-07  -3.519804e-03  
+4.398206e-06  -2.423878e-06  +4.173967e-05  -7.840954e-05  +2.775801e-05  -1.460431e-05  +4.500774e-05  -1.661673e-04  -5.952788e-06  +5.152597e-05  -2.299808e-04  +8.798710e-07  +6.363145e-07  +4.049930e-03  -1.454888e-07  -6.723549e-07  +3.522153e-02  
-2.105302e-05  +6.591835e-06  -7.840954e-05  +8.726577e-04  -1.842234e-04  +8.191460e-05  -1.832721e-04  +6.838818e-04  +3.965360e-05  -3.673261e-04  +9.484816e-04  -3.040119e-06  +2.316618e-06  -3.021107e-03  +1.872350e-06  +2.300904e-06  -1.226591e-01  
+1.177982e-05  -2.393159e-07  +2.775801e-05  -1.842234e-04  +3.621937e-04  -5.970312e-05  +2.172673e-04  -3.765772e-04  -2.015765e-05  +8.264876e-05  -5.163098e-04  +1.959890e-06  -2.100726e-06  +3.827672e-02  -9.613067e-07  -2.226565e-06  +1.076528e-01  
-4.855842e-06  +2.128568e-06  -1.460431e-05  +8.191460e-05  -5.970312e-05  +2.486233e-05  -6.447180e-05  +1.571539e-04  +8.932429e-06  -6.140832e-05  +2.385608e-04  -5.432136e-07  +6.516826e-08  -7.179184e-03  +2.276677e-07  +7.225313e-07  -3.390486e-02  
+1.419237e-05  -2.696946e-06  +4.500774e-05  -1.832721e-04  +2.172673e-04  -6.447180e-05  +3.285139e-04  -2.131473e-04  -2.510128e-05  +1.079631e-05  -5.565333e-04  +1.310391e-06  +2.136545e-06  +3.749992e-02  -1.511914e-06  -9.253489e-07  +7.488994e-02  
-3.571976e-05  +1.921450e-05  -1.661673e-04  +6.838818e-04  -3.765772e-04  +1.571539e-04  -2.131473e-04  +1.858645e-03  +6.079975e-05  -7.335207e-04  +2.041004e-03  -4.229334e-06  +1.966971e-06  -2.147775e-02  -4.502115e-07  +5.437313e-06  -3.403550e-01  
-2.396643e-06  +1.485291e-06  -5.952788e-06  +3.965360e-05  -2.015765e-05  +8.932429e-06  -2.510128e-05  +6.079975e-05  +5.227761e-06  -3.320436e-05  +9.248473e-05  -1.891311e-07  +1.650161e-07  -2.158327e-03  +6.379139e-08  +2.787517e-07  -1.447020e-02  
+1.596347e-05  -1.051650e-05  +5.152597e-05  -3.673261e-04  +8.264876e-05  -6.140832e-05  +1.079631e-05  -7.335207e-04  -3.320436e-05  +4.585071e-04  -8.944481e-04  +1.469928e-06  -3.339121e-06  -5.158586e-03  +7.470149e-07  -3.110541e-06  +1.423364e-01  
-5.634789e-05  +2.860976e-05  -2.299808e-04  +9.484816e-04  -5.163098e-04  +2.385608e-04  -5.565333e-04  +2.041004e-03  +9.248473e-05  -8.944481e-04  +3.324948e-03  -5.954119e-06  -1.206860e-06  -6.254934e-02  -1.957409e-07  +1.007732e-05  -4.399977e-01  
+1.340414e-07  -1.036502e-07  +8.798710e-07  -3.040119e-06  +1.959890e-06  -5.432136e-07  +1.310391e-06  -4.229334e-06  -1.891311e-07  +1.469928e-06  -5.954119e-06  +5.434555e-07  +4.587521e-08  +1.065267e-04  -7.238442e-09  -7.935939e-08  +8.342258e-04  
-1.334507e-07  +2.484800e-07  +6.363145e-07  +2.316618e-06  -2.100726e-06  +6.516826e-08  +2.136545e-06  +1.966971e-06  +1.650161e-07  -3.339121e-06  -1.206860e-06  +4.587521e-08  +8.950270e-07  -1.091280e-04  +1.321926e-08  +1.584786e-07  -1.114319e-03  
+1.211753e-03  +5.718147e-06  +4.049930e-03  -3.021107e-03  +3.827672e-02  -7.179184e-03  +3.749992e-02  -2.147775e-02  -2.158327e-03  -5.158586e-03  -6.254934e-02  +1.065267e-04  -1.091280e-04  +8.630647e+00  -2.789235e-04  -3.537668e-04  +1.198449e+01  
-9.697923e-08  +4.177548e-08  -1.454888e-07  +1.872350e-06  -9.613067e-07  +2.276677e-07  -1.511914e-06  -4.502115e-07  +6.379139e-08  +7.470149e-07  -1.957409e-07  -7.238442e-09  +1.321926e-08  -2.789235e-04  +2.549990e-07  +2.952825e-08  -1.621683e-04  
-2.231969e-07  +2.159498e-07  -6.723549e-07  +2.300904e-06  -2.226565e-06  +7.225313e-07  -9.253489e-07  +5.437313e-06  +2.787517e-07  -3.110541e-06  +1.007732e-05  -7.935939e-08  +1.584786e-07  -3.537668e-04  +2.952825e-08  +4.481346e-07  -1.769905e-03  
+8.898429e-03  -3.519804e-03  +3.522153e-02  -1.226591e-01  +1.076528e-01  -3.390486e-02  +7.488994e-02  -3.403550e-01  -1.447020e-02  +1.423364e-01  -4.399977e-01  +8.342258e-04  -1.114319e-03  +1.198449e+01  -1.621683e-04  -1.769905e-03  +8.830719e+01  
