mean:
+3.981053e+00  +3.953620e+00  +8.498471e-01  +1.335301e+00  +1.421826e+00  +4.054530e-01  +8.270646e-01  +1.317197e+00  +1.679465e-01  +1.927765e+00  +5.867885e+00  +3.592052e+00  +2.698111e+00  +2.006074e+02  +4.348388e+00  +5.276169e+00  +2.731075e+02  +5.453281e+00  +3.757835e+00  +3.212916e+02  +2.640242e+00  +4.559360e+00  +3.920009e+02  
covariance:
+1.668843e-06  +5.495120e-08  +4.351602e-07  +1.382837e-05  +6.732171e-06  +2.503459e-06  +9.593868e-06  -1.719819e-05  -5.633822e-06  +4.474340e-05  -5.092738e-05  +4.939451e-07  -4.861710e-07  -5.222084e-04  +1.312533e-06  -1.755179e-06  +6.850628e-05  +4.413046e-07  +2.989752e-07  +5.326796e-04  +2.739360e-07  +1.011878e-07  +1.677595e-03  
+5.495120e-08  +1.135095e-06  -1.202483e-07  -3.368288e-06  -8.778506e-07  -4.826802e-07  -1.062991e-06  +4.928369e-06  +9.696169e-07  -8.354626e-06  +1.160876e-05  -6.860822e-08  -4.716379e-08  +2.106047e-04  +1.328196e-08  +4.691655e-07  +9.182215e-05  -1.734931e-08  -1.515608e-07  +3.338505e-06  -4.073436e-09  -1.348966e-07  -3.164279e-04  
+4.351602e-07  -1.202483e-07  +1.748859e-05  +2.572341e-05  +3.210895e-05  +3.565869e-06  +1.001473e-05  -6.632372e-06  -6.097993e-06  +4.434693e-05  -5.209432e-05  +1.958522e-06  -3.147024e-07  -2.084017e-03  +4.931684e-06  -9.563938e-06  -5.208631e-03  +1.112361e-06  +2.496677e-07  -4.984658e-03  +4.267655e-07  -7.422152e-07  -2.828997e-03  
+1.382837e-05  -3.368288e-06  +2.572341e-05  +6.202166e-04  +2.109267e-04  +6.373722e-05  +2.028354e-04  -4.301892e-04  -1.382475e-04  +1.197453e-03  -1.184704e-03  +1.333124e-05  -1.041056e-05  -1.466315e-02  +3.287066e-05  -5.644974e-05  -2.812677e-03  +1.571765e-05  +3.832267e-06  +9.978633e-03  +4.858704e-06  +3.135907e-06  +3.261282e-02  
+6.732171e-06  -8.778506e-07  +3.210895e-05  +2.109267e-04  +2.344037e-04  +3.335884e-05  +1.267875e-04  -2.091560e-04  -6.953815e-05  +5.630243e-04  -6.256274e-04  +1.066713e-05  -6.697482e-06  -7.011571e-03  +4.462383e-05  -5.236450e-05  -1.458743e-02  +4.264145e-06  +5.311234e-06  -8.974702e-03  +4.700109e-06  +2.505441e-06  +1.080186e-02  
+2.503459e-06  -4.826802e-07  +3.565869e-06  +6.373722e-05  +3.335884e-05  +1.068523e-05  +3.659025e-05  -7.204521e-05  -2.145032e-05  +1.802822e-04  -1.982103e-04  +2.245677e-06  -1.776812e-06  -2.131626e-03  +5.489058e-06  -8.747357e-06  -6.384243e-04  +2.073680e-06  +1.090494e-06  +2.454495e-04  +7.412971e-07  +3.990175e-07  +5.439982e-03  
+9.593868e-06  -1.062991e-06  +1.001473e-05  +2.028354e-04  +1.267875e-04  +3.659025e-05  +1.561804e-04  -2.552864e-04  -8.237358e-05  +6.752864e-04  -7.668771e-04  +7.807711e-06  -7.432482e-06  -7.823794e-03  +2.563954e-05  -3.090929e-05  +1.089390e-04  +7.488869e-06  +5.228371e-06  +6.954763e-03  +3.527595e-06  +1.821673e-06  +2.530101e-02  
-1.719819e-05  +4.928369e-06  -6.632372e-06  -4.301892e-04  -2.091560e-04  -7.204521e-05  -2.552864e-04  +7.084832e-04  +1.505675e-04  -1.293381e-03  +1.500830e-03  -1.178004e-05  +1.718733e-05  +1.862361e-02  -3.596694e-05  +6.576118e-05  +9.565780e-03  -9.586792e-06  -1.197334e-05  +1.017534e-03  -5.399937e-06  -7.760791e-06  -4.531342e-02  
-5.633822e-06  +9.696169e-07  -6.097993e-06  -1.382475e-04  -6.953815e-05  -2.145032e-05  -8.237358e-05  +1.505675e-04  +4.831494e-05  -4.000591e-04  +4.322359e-04  -4.414958e-06  +4.029511e-06  +4.721023e-03  -1.330917e-05  +1.795155e-05  +2.571849e-04  -4.720539e-06  -2.361755e-06  -3.744033e-03  -1.603557e-06  -9.894154e-07  -1.397742e-02  
+4.474340e-05  -8.354626e-06  +4.434693e-05  +1.197453e-03  +5.630243e-04  +1.802822e-04  +6.752864e-04  -1.293381e-03  -4.000591e-04  +3.380727e-03  -3.656828e-03  +3.597236e-05  -3.291136e-05  -4.047237e-02  +1.052194e-04  -1.471306e-04  -1.507822e-03  +3.927149e-05  +1.960579e-05  +3.395165e-02  +1.297140e-05  +9.104866e-06  +1.190309e-01  
-5.092738e-05  +1.160876e-05  -5.209432e-05  -1.184704e-03  -6.256274e-04  -1.982103e-04  -7.668771e-04  +1.500830e-03  +4.322359e-04  -3.656828e-03  +4.268609e-03  -3.983655e-05  +3.709411e-05  +4.828683e-02  -1.180623e-04  +1.671948e-04  +8.701709e-03  -3.596610e-05  -2.927211e-05  -3.298392e-02  -1.956083e-05  -1.312710e-05  -1.348245e-01  
+4.939451e-07  -6.860822e-08  +1.958522e-06  +1.333124e-05  +1.066713e-05  +2.245677e-06  +7.807711e-06  -1.178004e-05  -4.414958e-06  +3.597236e-05  -3.983655e-05  +1.104022e-06  -3.217685e-07  -2.608391e-04  +1.994743e-06  -2.664786e-06  -7.599003e-04  +1.583991e-07  +2.565034e-07  -3.648228e-04  +1.023661e-07  -4.395218e-08  +6.884304e-04  
-4.861710e-07  -4.716379e-08  -3.147024e-07  -1.041056e-05  -6.697482e-06  -1.776812e-06  -7.432482e-06  +1.718733e-05  +4.029511e-06  -3.291136e-05  +3.709411e-05  -3.217685e-07  +1.208709e-06  +5.791079e-04  -1.605570e-06  +2.010691e-06  +3.156984e-04  -2.523724e-07  -2.455478e-07  +1.700520e-04  -2.983541e-07  -1.385304e-07  -8.578018e-04  
-5.222084e-04  +2.106047e-04  -2.084017e-03  -1.466315e-02  -7.011571e-03  -2.131626e-03  -7.823794e-03  +1.862361e-02  +4.721023e-03  -4.047237e-02  +4.828683e-02  -2.608391e-04  +5.791079e-04  +1.772226e+00  -9.862291e-04  +2.469264e-03  +4.790973e-01  -3.794019e-04  -2.044574e-04  +5.327877e-01  -1.193061e-04  -8.136588e-05  -8.430072e-01  
+1.312533e-06  +1.328196e-08  +4.931684e-06  +3.287066e-05  +4.462383e-05  +5.489058e-06  +2.563954e-05  -3.596694e-05  -1.330917e-05  +1.052194e-04  -1.180623e-04  +1.994743e-06  -1.605570e-06  -9.862291e-04  +1.203744e-05  -1.062603e-05  -2.877214e-03  +5.519027e-07  +1.173788e-06  -4.566670e-04  +1.117251e-06  +8.224660e-07  +3.027923e-03  
-1.755179e-06  +4.691655e-07  -9.563938e-06  -5.644974e-05  -5.236450e-05  -8.747357e-06  -3.090929e-05  +6.576118e-05  +1.795155e-05  -1.471306e-04  +1.671948e-04  -2.664786e-06  +2.010691e-06  +2.469264e-03  -1.062603e-05  +1.494163e-05  +4.931936e-03  -1.075677e-06  -1.501127e-06  +3.351969e-03  -1.167439e-06  -8.526739e-07  -2.407941e-03  
+6.850628e-05  +9.182215e-05  -5.208631e-03  -2.812677e-03  -1.458743e-02  -6.384243e-04  +1.089390e-04  +9.565780e-03  +2.571849e-04  -1.507822e-03  +8.701709e-03  -7.599003e-04  +3.156984e-04  +4.790973e-01  -2.877214e-03  +4.931936e-03  +4.099468e+00  +7.291593e-04  -3.440145e-04  +3.397932e+00  -1.823434e-04  -7.011726e-05  +1.762625e+00  
+4.413046e-07  -1.734931e-08  +1.112361e-06  +1.571765e-05  +4.264145e-06  +2.073680e-06  +7.488869e-06  -9.586792e-06  -4.720539e-06  +3.927149e-05  -3.596610e-05  +1.583991e-07  -2.523724e-07  -3.794019e-04  +5.519027e-07  -1.075677e-06  +7.291593e-04  +1.588291e-06  -1.219932e-07  +6.918933e-04  +1.454449e-07  -1.771956e-08  +1.260139e-03  
+2.989752e-07  -1.515608e-07  +2.496677e-07  +3.832267e-06  +5.311234e-06  +1.090494e-06  +5.228371e-06  -1.197334e-05  -2.361755e-06  +1.960579e-05  -2.927211e-05  +2.565034e-07  -2.455478e-07  -2.044574e-04  +1.173788e-06  -1.501127e-06  -3.440145e-04  -1.219932e-07  +9.251705e-07  +2.635982e-04  +3.154052e-07  +3.515865e-07  +9.767231e-04  
+5.326796e-04  +3.338505e-06  -4.984658e-03  +9.978633e-03  -8.974702e-03  +2.454495e-04  +6.954763e-03  +1.017534e-03  -3.744033e-03  +3.395165e-02  -3.298392e-02  -3.648228e-04  +1.700520e-04  +5.327877e-01  -4.566670e-04  +3.351969e-03  +3.397932e+00  +6.918933e-04  +2.635982e-04  +6.165979e+00  +2.117928e-04  +2.731721e-04  +4.328493e+00  
+2.739360e-07  -4.073436e-09  +4.267655e-07  +4.858704e-06  +4.700109e-06  +7.412971e-07  +3.527595e-06  -5.399937e-06  -1.603557e-06  +1.297140e-05  -1.956083e-05  +1.023661e-07  -2.983541e-07  -1.193061e-04  +1.117251e-06  -1.167439e-06  -1.823434e-04  +1.454449e-07  +3.154052e-07  +2.117928e-04  +6.539556e-07  +2.453414e-07  +4.963852e-04  
+1.011878e-07  -1.348966e-07  -7.422152e-07  +3.135907e-06  +2.505441e-06  +3.990175e-07  +1.821673e-06  -7.760791e-06  -9.894154e-07  +9.104866e-06  -1.312710e-05  -4.395218e-08  -1.385304e-07  -8.136588e-05  +8.224660e-07  -8.526739e-07  -7.011726e-05  -1.771956e-08  +3.515865e-07  +2.731721e-04  +2.453414e-07  +5.956819e-07  +7.021321e-04  
+1.677595e-03  -3.164279e-04  -2.828997e-03  +3.261282e-02  +1.080186e-02  +5.439982e-03  +2.530101e-02  -4.531342e-02  -1.397742e-02  +1.190309e-01  -1.348245e-01  +6.884304e-04  -8.578018e-04  -8.430072e-01  +3.027923e-03  -2.407941e-03  +1.762625e+00  +1.260139e-03  +9.767231e-04  +4.328493e+00  +4.963852e-04  +7.021321e-04  +7.077568e+00  
