mean:
+3.980982e+00  +3.953725e+00  +8.363764e-01  +1.326051e+00  +1.423005e+00  +4.052356e-01  +8.228683e-01  +1.382713e+00  +1.671330e-01  +1.887890e+00  +5.974315e+00  +3.591869e+00  +2.698242e+00  +1.994861e+02  +4.309348e+00  +5.293655e+00  +2.723901e+02  +5.452997e+00  +3.757389e+00  +3.219151e+02  +2.640101e+00  +4.559899e+00  +3.917989e+02  
covariance:
+1.078057e-06  +1.578219e-07  -8.225142e-07  +1.163725e-05  +4.135342e-06  +1.419666e-06  +4.287637e-06  +1.513777e-06  -3.269422e-06  +1.978372e-05  +1.824023e-06  +8.433600e-08  -1.366623e-07  -1.321284e-04  -7.360848e-07  +3.972384e-07  -6.104196e-05  +2.528726e-07  +8.637459e-08  +5.412335e-04  +1.496815e-07  +1.198726e-07  +7.793136e-04  
+1.578219e-07  +1.048319e-06  +1.625991e-07  +1.060995e-06  +1.572252e-06  +2.379739e-07  +8.466617e-07  +4.042557e-07  -5.946346e-07  +4.016954e-06  +2.159605e-06  +3.872097e-09  -4.960675e-08  -4.600693e-05  -1.755629e-07  +5.148590e-08  +1.692515e-05  +1.094772e-07  +2.327637e-08  +2.963265e-06  +4.696413e-08  +1.817230e-08  +8.980616e-06  
-8.225142e-07  +1.625991e-07  +3.448084e-05  -6.759891e-05  -2.585230e-05  -7.476220e-06  -3.489499e-05  +7.576800e-07  +1.845400e-05  -1.158935e-04  -1.235210e-05  -1.482796e-07  +1.939107e-06  +2.227692e-03  +4.990393e-06  -2.461621e-06  -1.997209e-03  -9.213222e-07  -2.123701e-06  -6.893101e-03  -5.800901e-07  -2.366118e-06  -7.462600e-03  
+1.163725e-05  +1.060995e-06  -6.759891e-05  +1.002840e-03  +2.670901e-04  +9.643541e-05  +2.799109e-04  +8.780449e-05  -1.898386e-04  +1.278245e-03  -1.571883e-05  +3.222744e-06  -3.823023e-06  -1.364260e-02  -4.732996e-05  +2.794818e-05  -1.651921e-02  +1.929523e-05  +9.860597e-07  +5.307692e-02  +6.488031e-06  +7.428062e-06  +5.320458e-02  
+4.135342e-06  +1.572252e-06  -2.585230e-05  +2.670901e-04  +3.596589e-04  +3.461213e-05  +1.568162e-04  +1.612263e-04  -9.906365e-05  +6.252334e-04  +8.339422e-05  +7.775102e-06  -7.476132e-06  -1.447658e-02  -4.625778e-05  +1.178677e-05  -1.792256e-02  +9.807528e-06  +3.452305e-06  +1.609071e-02  +5.449203e-06  +2.587176e-06  +1.712238e-02  
+1.419666e-06  +2.379739e-07  -7.476220e-06  +9.643541e-05  +3.461213e-05  +1.209876e-05  +3.611832e-05  +1.855979e-05  -2.454696e-05  +1.605018e-04  +1.739169e-05  +7.124776e-07  -8.268720e-07  -1.141620e-03  -6.259597e-06  +3.639893e-06  -6.236729e-04  +2.288743e-06  +4.108507e-07  +5.308293e-03  +8.343069e-07  +8.734239e-07  +5.557371e-03  
+4.287637e-06  +8.466617e-07  -3.489499e-05  +2.799109e-04  +1.568162e-04  +3.611832e-05  +1.390778e-04  +9.985910e-05  -8.581889e-05  +5.405073e-04  +8.668796e-05  +2.373497e-06  -3.605803e-06  -6.824162e-03  -2.597922e-05  +1.175599e-05  -2.714493e-03  +7.075382e-06  +3.112912e-06  +1.921918e-02  +3.367888e-06  +3.014448e-06  +1.867221e-02  
+1.513777e-06  +4.042557e-07  +7.576800e-07  +8.780449e-05  +1.612263e-04  +1.855979e-05  +9.985910e-05  +2.732517e-04  -5.103684e-05  +2.923060e-04  +8.953291e-05  -1.582473e-06  +5.282202e-07  -9.796032e-03  -1.977087e-05  +9.941011e-06  -6.760727e-03  +3.959924e-06  -2.908701e-07  +1.461520e-02  +3.042248e-06  -2.188424e-06  +5.309302e-03  
-3.269422e-06  -5.946346e-07  +1.845400e-05  -1.898386e-04  -9.906365e-05  -2.454696e-05  -8.581889e-05  -5.103684e-05  +5.874318e-05  -3.745783e-04  -6.390989e-05  -2.590509e-06  +2.296607e-06  +3.509231e-03  +1.642156e-05  -7.517425e-06  +1.690144e-03  -4.332733e-06  -1.750647e-06  -1.014633e-02  -1.913307e-06  -2.251130e-06  -1.203893e-02  
+1.978372e-05  +4.016954e-06  -1.158935e-04  +1.278245e-03  +6.252334e-04  +1.605018e-04  +5.405073e-04  +2.923060e-04  -3.745783e-04  +2.433032e-03  +3.627914e-04  +1.744904e-05  -1.507469e-05  -2.204484e-02  -1.052869e-04  +4.871529e-05  -1.311572e-02  +2.873776e-05  +9.931659e-06  +6.467456e-02  +1.177305e-05  +1.526664e-05  +7.966908e-02  
+1.824023e-06  +2.159605e-06  -1.235210e-05  -1.571883e-05  +8.339422e-05  +1.739169e-05  +8.668796e-05  +8.953291e-05  -6.390989e-05  +3.627914e-04  +3.205954e-04  +5.457266e-06  -1.956926e-06  +1.127793e-03  -9.532786e-06  +3.978662e-06  +1.134905e-02  -2.066459e-06  +5.203734e-06  -3.082104e-03  +3.956994e-07  +2.069919e-06  -4.254550e-04  
+8.433600e-08  +3.872097e-09  -1.482796e-07  +3.222744e-06  +7.775102e-06  +7.124776e-07  +2.373497e-06  -1.582473e-06  -2.590509e-06  +1.744904e-05  +5.457266e-06  +1.016823e-06  -3.204877e-07  -2.369417e-05  -9.959803e-07  +1.781400e-07  -3.258745e-04  -5.860340e-08  +2.210911e-07  -6.391974e-04  -6.524766e-08  +3.369110e-07  +5.671232e-04  
-1.366623e-07  -4.960675e-08  +1.939107e-06  -3.823023e-06  -7.476132e-06  -8.268720e-07  -3.605803e-06  +5.282202e-07  +2.296607e-06  -1.507469e-05  -1.956926e-06  -3.204877e-07  +1.419499e-06  +1.633307e-04  +1.582618e-06  -3.402028e-07  +2.149565e-04  -3.166042e-07  -2.070480e-07  -3.407516e-05  -1.028747e-07  -1.999263e-07  -1.679466e-04  
-1.321284e-04  -4.600693e-05  +2.227692e-03  -1.364260e-02  -1.447658e-02  -1.141620e-03  -6.824162e-03  -9.796032e-03  +3.509231e-03  -2.204484e-02  +1.127793e-03  -2.369417e-05  +1.633307e-04  +1.739023e+00  +2.713173e-03  -6.765152e-04  +1.303264e+00  -5.897787e-04  +2.237291e-04  -1.433619e+00  -2.328543e-04  -1.050790e-04  -4.636507e-01  
-7.360848e-07  -1.755629e-07  +4.990393e-06  -4.732996e-05  -4.625778e-05  -6.259597e-06  -2.597922e-05  -1.977087e-05  +1.642156e-05  -1.052869e-04  -9.532786e-06  -9.959803e-07  +1.582618e-06  +2.713173e-03  +9.640199e-06  -2.638196e-06  +2.714196e-03  -2.093100e-06  +2.296925e-08  -3.321946e-03  -8.553750e-07  -5.818945e-07  -2.178621e-03  
+3.972384e-07  +5.148590e-08  -2.461621e-06  +2.794818e-05  +1.178677e-05  +3.639893e-06  +1.175599e-05  +9.941011e-06  -7.517425e-06  +4.871529e-05  +3.978662e-06  +1.781400e-07  -3.402028e-07  -6.765152e-04  -2.638196e-06  +1.877596e-06  -4.161750e-04  +8.832029e-07  -1.254778e-07  +1.990785e-03  +2.029665e-07  +2.727673e-07  +1.381179e-03  
-6.104196e-05  +1.692515e-05  -1.997209e-03  -1.651921e-02  -1.792256e-02  -6.236729e-04  -2.714493e-03  -6.760727e-03  +1.690144e-03  -1.311572e-02  +1.134905e-02  -3.258745e-04  +2.149565e-04  +1.303264e+00  +2.714196e-03  -4.161750e-04  +3.037786e+00  -6.236038e-04  +5.225413e-04  -7.555704e-01  -1.280376e-04  +1.575133e-04  -1.081165e-01  
+2.528726e-07  +1.094772e-07  -9.213222e-07  +1.929523e-05  +9.807528e-06  +2.288743e-06  +7.075382e-06  +3.959924e-06  -4.332733e-06  +2.873776e-05  -2.066459e-06  -5.860340e-08  -3.166042e-07  -5.897787e-04  -2.093100e-06  +8.832029e-07  -6.236038e-04  +1.391113e-06  -1.262410e-07  +1.333743e-03  +2.111123e-07  +1.011444e-07  +9.917255e-04  
+8.637459e-08  +2.327637e-08  -2.123701e-06  +9.860597e-07  +3.452305e-06  +4.108507e-07  +3.112912e-06  -2.908701e-07  -1.750647e-06  +9.931659e-06  +5.203734e-06  +2.210911e-07  -2.070480e-07  +2.237291e-04  +2.296925e-08  -1.254778e-07  +5.225413e-04  -1.262410e-07  +8.665944e-07  -6.975738e-05  +1.329752e-07  +1.213759e-07  +1.004338e-03  
+5.412335e-04  +2.963265e-06  -6.893101e-03  +5.307692e-02  +1.609071e-02  +5.308293e-03  +1.921918e-02  +1.461520e-02  -1.014633e-02  +6.467456e-02  -3.082104e-03  -6.391974e-04  -3.407516e-05  -1.433619e+00  -3.321946e-03  +1.990785e-03  -7.555704e-01  +1.333743e-03  -6.975738e-05  +5.208339e+00  +5.921396e-04  +2.603520e-04  +2.955978e+00  
+1.496815e-07  +4.696413e-08  -5.800901e-07  +6.488031e-06  +5.449203e-06  +8.343069e-07  +3.367888e-06  +3.042248e-06  -1.913307e-06  +1.177305e-05  +3.956994e-07  -6.524766e-08  -1.028747e-07  -2.328543e-04  -8.553750e-07  +2.029665e-07  -1.280376e-04  +2.111123e-07  +1.329752e-07  +5.921396e-04  +5.573819e-07  +2.926481e-08  +4.664630e-04  
+1.198726e-07  +1.817230e-08  -2.366118e-06  +7.428062e-06  +2.587176e-06  +8.734239e-07  +3.014448e-06  -2.188424e-06  -2.251130e-06  +1.526664e-05  +2.069919e-06  +3.369110e-07  -1.999263e-07  -1.050790e-04  -5.818945e-07  +2.727673e-07  +1.575133e-04  +1.011444e-07  +1.213759e-07  +2.603520e-04  +2.926481e-08  +6.559552e-07  +9.137494e-04  
+7.793136e-04  +8.980616e-06  -7.462600e-03  +5.320458e-02  +1.712238e-02  +5.557371e-03  +1.867221e-02  +5.309302e-03  -1.203893e-02  +7.966908e-02  -4.254550e-04  +5.671232e-04  -1.679466e-04  -4.636507e-01  -2.178621e-03  +1.381179e-03  -1.081165e-01  +9.917255e-04  +1.004338e-03  +2.955978e+00  +4.664630e-04  +9.137494e-04  +6.128437e+00  
