mean:
+3.961797e+00  +3.952666e+00  +8.543464e-01  +1.313485e+00  +1.430226e+00  +5.007105e-01  +7.956121e-01  +1.369609e+00  +1.775977e-01  +1.834862e+00  +6.050391e+00  +3.547528e+00  +2.674034e+00  +2.008399e+02  +4.328111e+00  +5.293693e+00  +2.807278e+02  +5.412993e+00  +3.801662e+00  +3.177429e+02  +2.640234e+00  +4.559342e+00  +3.942569e+02  
covariance:
+7.786722e-07  +8.556101e-08  +3.923301e-08  +2.863207e-06  +2.248386e-07  +1.644476e-07  -5.486987e-07  +8.381745e-07  +1.070230e-07  -3.260871e-09  -3.064701e-06  -4.907619e-08  -4.817012e-08  +7.892650e-05  -6.277711e-08  -1.406551e-07  +1.000032e-04  -7.849804e-08  -5.120798e-08  -9.536785e-05  +4.722485e-08  +1.012089e-07  -1.977728e-05  
+8.556101e-08  +1.241887e-06  -5.320290e-07  -1.808902e-06  +1.899718e-07  +1.381899e-07  +1.156153e-06  -2.788166e-06  -4.385402e-07  +1.639952e-06  +2.889230e-06  +7.423785e-08  +8.308455e-08  +3.127556e-06  +3.749499e-08  +1.424972e-07  -1.835618e-04  +1.592923e-07  -8.863069e-08  +1.143265e-04  +2.731690e-08  -6.542537e-09  +3.843518e-04  
+3.923301e-08  -5.320290e-07  +2.561330e-05  +3.631504e-05  +2.993950e-06  -1.433164e-06  -2.701489e-05  +1.795270e-05  +5.301622e-06  +6.522950e-07  -4.259618e-05  -3.698219e-07  +1.438545e-06  -2.516040e-03  -8.911051e-08  -2.775669e-06  +3.505604e-03  -9.640623e-07  +1.096162e-06  -3.038615e-03  -4.984984e-07  +9.352204e-07  -4.395630e-03  
+2.863207e-06  -1.808902e-06  +3.631504e-05  +2.399999e-04  +1.404034e-05  +1.803092e-06  -6.581989e-05  +9.595913e-05  +2.715999e-05  -6.903447e-05  -3.290379e-04  -6.508589e-06  +1.881911e-06  +5.286344e-03  -1.454349e-06  -1.165259e-05  +1.853652e-03  -3.880273e-06  +3.377794e-06  -6.185969e-03  +8.394701e-07  +3.678036e-06  -1.088414e-02  
+2.248386e-07  +1.899718e-07  +2.993950e-06  +1.404034e-05  +1.196161e-05  -1.694602e-07  -6.595221e-06  +2.131830e-06  +1.146161e-06  +3.035506e-06  -1.631389e-05  -3.289564e-07  +8.335608e-07  +4.343286e-04  -4.336564e-07  -9.482835e-07  +1.259123e-03  +4.087839e-08  +8.440664e-07  -3.565127e-04  +6.558686e-07  +5.184326e-07  -8.786258e-04  
+1.644476e-07  +1.381899e-07  -1.433164e-06  +1.803092e-06  -1.694602e-07  +2.280146e-06  +3.843688e-06  -1.682703e-05  -3.137248e-06  +1.578115e-05  +1.662502e-05  +6.002153e-07  +6.510969e-08  -2.778899e-04  -7.368661e-08  +3.293190e-07  +7.213866e-04  +7.363364e-07  -3.553626e-07  -5.488691e-04  +5.588590e-08  +2.216018e-07  +2.299949e-03  
-5.486987e-07  +1.156153e-06  -2.701489e-05  -6.581989e-05  -6.595221e-06  +3.843688e-06  +5.132452e-05  -7.087773e-05  -1.360323e-05  +2.156570e-05  +1.069121e-04  +1.842151e-06  -1.577109e-06  +9.695082e-04  +7.096421e-07  +4.999113e-06  -4.859008e-03  +3.081247e-06  -1.464825e-06  +2.339272e-03  +2.933637e-07  -1.275423e-06  +1.075790e-02  
+8.381745e-07  -2.788166e-06  +1.795270e-05  +9.595913e-05  +2.131830e-06  -1.682703e-05  -7.087773e-05  +3.493008e-04  +5.730520e-05  -2.489705e-04  -5.487378e-04  -1.395173e-05  -8.830629e-08  +1.110643e-02  +9.664593e-07  -9.348381e-06  -7.556386e-03  -1.095846e-05  -1.595113e-06  -1.183079e-03  -2.080058e-06  -2.264419e-06  -4.361229e-02  
+1.070230e-07  -4.385402e-07  +5.301622e-06  +2.715999e-05  +1.146161e-06  -3.137248e-06  -1.360323e-05  +5.730520e-05  +1.456838e-05  -6.627784e-05  -1.346987e-04  -3.264142e-06  +2.987937e-08  +3.334999e-03  +3.880247e-07  -2.539409e-06  -3.824009e-03  -1.973543e-06  +6.260745e-07  +2.906040e-05  -2.408991e-09  -2.787367e-07  -8.479012e-03  
-3.260871e-09  +1.639952e-06  +6.522950e-07  -6.903447e-05  +3.035506e-06  +1.578115e-05  +2.156570e-05  -2.489705e-04  -6.627784e-05  +3.657383e-04  +6.081250e-04  +1.612361e-05  +2.509157e-06  -2.006671e-02  -2.885164e-06  +8.654555e-06  +2.821780e-02  +8.970498e-06  -2.856386e-06  -4.313915e-03  +1.070908e-07  +2.842546e-06  +3.594809e-02  
-3.064701e-06  +2.889230e-06  -4.259618e-05  -3.290379e-04  -1.631389e-05  +1.662502e-05  +1.069121e-04  -5.487378e-04  -1.346987e-04  +6.081250e-04  +1.551421e-03  +3.583682e-05  -3.999136e-06  -3.788392e-02  -5.358063e-06  +2.687610e-05  +3.559967e-02  +1.297018e-05  -1.035646e-06  +7.398211e-03  -2.079882e-06  +2.292996e-06  +8.361440e-02  
-4.907619e-08  +7.423785e-08  -3.698219e-07  -6.508589e-06  -3.289564e-07  +6.002153e-07  +1.842151e-06  -1.395173e-05  -3.264142e-06  +1.612361e-05  +3.583682e-05  +1.637420e-06  -3.996562e-07  -9.734914e-04  -6.500521e-08  +6.620815e-07  +9.360927e-04  +2.220765e-07  -2.388946e-08  +1.314767e-05  -8.769163e-08  +3.050876e-07  +2.212910e-03  
-4.817012e-08  +8.308455e-08  +1.438545e-06  +1.881911e-06  +8.335608e-07  +6.510969e-08  -1.577109e-06  -8.830629e-08  +2.987937e-08  +2.509157e-06  -3.999136e-06  -3.996562e-07  +1.848891e-06  -5.416838e-05  +4.097535e-08  +3.417726e-07  -1.445763e-04  +5.525638e-07  -3.552025e-07  +1.987934e-04  +1.027208e-07  -5.593385e-07  -3.050420e-04  
+7.892650e-05  +3.127556e-06  -2.516040e-03  +5.286344e-03  +4.343286e-04  -2.778899e-04  +9.695082e-04  +1.110643e-02  +3.334999e-03  -2.006671e-02  -3.788392e-02  -9.734914e-04  -5.416838e-05  +2.330151e+00  +5.476164e-05  -6.845673e-04  -1.663580e+00  -1.391090e-04  +4.022577e-04  +3.575892e-01  +1.089158e-04  +2.842459e-05  -1.447757e+00  
-6.277711e-08  +3.749499e-08  -8.911051e-08  -1.454349e-06  -4.336564e-07  -7.368661e-08  +7.096421e-07  +9.664593e-07  +3.880247e-07  -2.885164e-06  -5.358063e-06  -6.500521e-08  +4.097535e-08  +5.476164e-05  +4.266193e-07  +1.320092e-07  -4.751620e-04  +8.290064e-08  -5.745809e-08  +1.036974e-04  -7.099220e-09  -9.645361e-08  -3.178435e-04  
-1.406551e-07  +1.424972e-07  -2.775669e-06  -1.165259e-05  -9.482835e-07  +3.293190e-07  +4.999113e-06  -9.348381e-06  -2.539409e-06  +8.654555e-06  +2.687610e-05  +6.620815e-07  +3.417726e-07  -6.845673e-04  +1.320092e-07  +1.603822e-06  -3.166482e-04  +4.310114e-07  -6.375481e-07  +4.362489e-04  -3.646449e-08  -4.845909e-07  +1.466424e-03  
+1.000032e-04  -1.835618e-04  +3.505604e-03  +1.853652e-03  +1.259123e-03  +7.213866e-04  -4.859008e-03  -7.556386e-03  -3.824009e-03  +2.821780e-02  +3.559967e-02  +9.360927e-04  -1.445763e-04  -1.663580e+00  -4.751620e-04  -3.166482e-04  +4.581825e+00  +6.455526e-05  +1.966545e-04  -1.126341e+00  -1.312538e-04  +8.183316e-04  +9.155203e-01  
-7.849804e-08  +1.592923e-07  -9.640623e-07  -3.880273e-06  +4.087839e-08  +7.363364e-07  +3.081247e-06  -1.095846e-05  -1.973543e-06  +8.970498e-06  +1.297018e-05  +2.220765e-07  +5.525638e-07  -1.391090e-04  +8.290064e-08  +4.310114e-07  +6.455526e-05  +1.207660e-06  -2.872830e-08  -9.758794e-07  +1.911380e-07  -9.613034e-08  +1.344244e-03  
-5.120798e-08  -8.863069e-08  +1.096162e-06  +3.377794e-06  +8.440664e-07  -3.553626e-07  -1.464825e-06  -1.595113e-06  +6.260745e-07  -2.856386e-06  -1.035646e-06  -2.388946e-08  -3.552025e-07  +4.022577e-04  -5.745809e-08  -6.375481e-07  +1.966545e-04  -2.872830e-08  +1.204353e-06  +7.067144e-05  +9.792205e-08  +4.148320e-07  +3.508654e-05  
-9.536785e-05  +1.143265e-04  -3.038615e-03  -6.185969e-03  -3.565127e-04  -5.488691e-04  +2.339272e-03  -1.183079e-03  +2.906040e-05  -4.313915e-03  +7.398211e-03  +1.314767e-05  +1.987934e-04  +3.575892e-01  +1.036974e-04  +4.362489e-04  -1.126341e+00  -9.758794e-07  +7.067144e-05  +1.645850e+00  +1.533829e-04  -4.179623e-04  +1.394022e-01  
+4.722485e-08  +2.731690e-08  -4.984984e-07  +8.394701e-07  +6.558686e-07  +5.588590e-08  +2.933637e-07  -2.080058e-06  -2.408991e-09  +1.070908e-07  -2.079882e-06  -8.769163e-08  +1.027208e-07  +1.089158e-04  -7.099220e-09  -3.646449e-08  -1.312538e-04  +1.911380e-07  +9.792205e-08  +1.533829e-04  +3.694301e-07  +3.978514e-08  +1.258225e-04  
+1.012089e-07  -6.542537e-09  +9.352204e-07  +3.678036e-06  +5.184326e-07  +2.216018e-07  -1.275423e-06  -2.264419e-06  -2.787367e-07  +2.842546e-06  +2.292996e-06  +3.050876e-07  -5.593385e-07  +2.842459e-05  -9.645361e-08  -4.845909e-07  +8.183316e-04  -9.613034e-08  +4.148320e-07  -4.179623e-04  +3.978514e-08  +8.298876e-07  +4.019475e-04  
-1.977728e-05  +3.843518e-04  -4.395630e-03  -1.088414e-02  -8.786258e-04  +2.299949e-03  +1.075790e-02  -4.361229e-02  -8.479012e-03  +3.594809e-02  +8.361440e-02  +2.212910e-03  -3.050420e-04  -1.447757e+00  -3.178435e-04  +1.466424e-03  +9.155203e-01  +1.344244e-03  +3.508654e-05  +1.394022e-01  +1.258225e-04  +4.019475e-04  +7.385145e+00  
