mean:
+3.913883e+00  +3.897365e+00  +8.313773e-01  +1.329830e+00  +1.451158e+00  +6.032334e-01  +8.198525e-01  +1.387355e+00  +1.581661e-01  +1.874710e+00  +5.887335e+00  +3.484501e+00  +2.610520e+00  +2.029650e+02  +4.262313e+00  +5.274499e+00  +2.871781e+02  +5.349806e+00  +3.757721e+00  +3.267717e+02  +2.640645e+00  +4.560254e+00  +3.968293e+02  
covariance:
+5.336309e-06  -4.442294e-07  -5.560196e-06  +4.230029e-05  +4.939064e-07  -1.703667e-06  +9.679493e-06  +2.679695e-07  -2.499362e-06  +1.961823e-05  -7.481776e-05  -8.269106e-07  -3.657919e-07  +3.098777e-04  +3.916471e-07  +1.167673e-06  +4.738450e-03  +5.474447e-07  -3.219209e-07  +3.598846e-03  -2.344993e-08  +5.392853e-07  +6.510461e-03  
-4.442294e-07  +6.570931e-07  -1.086044e-06  +7.158085e-06  -6.697048e-08  -2.277959e-07  +2.056354e-06  -3.444940e-07  -6.414876e-07  +4.365160e-06  -1.566755e-05  -9.259937e-08  -1.393147e-07  -3.211650e-05  +1.170632e-07  +1.937619e-07  +1.074329e-03  +3.436579e-08  +1.240920e-08  +7.472938e-04  +5.797495e-09  +8.582933e-08  +1.296096e-03  
-5.560196e-06  -1.086044e-06  +2.680639e-05  -9.825578e-05  -5.494434e-07  +2.830113e-06  -3.133369e-05  +1.600422e-05  +7.601607e-06  -5.599526e-05  +1.731775e-04  -2.412228e-07  +5.173998e-07  -1.737144e-03  -2.095557e-06  -2.275350e-06  -8.953515e-03  -2.347115e-06  +8.345843e-07  -9.794492e-03  +8.760029e-08  -2.271309e-06  -1.872889e-02  
+4.230029e-05  +7.158085e-06  -9.825578e-05  +8.662915e-04  +7.700883e-06  -3.812928e-05  +1.930870e-04  -1.107955e-05  -4.006280e-05  +3.678111e-04  -1.477501e-03  -1.420897e-05  -5.622117e-06  +5.118495e-03  +7.970750e-06  +2.068981e-05  +9.574365e-02  +7.872258e-06  -2.795350e-06  +7.374633e-02  -1.734401e-07  +6.135294e-06  +1.202232e-01  
+4.939064e-07  -6.697048e-08  -5.494434e-07  +7.700883e-06  +1.045348e-05  -7.164394e-07  +1.817866e-06  +7.614649e-06  +3.838280e-07  -2.023870e-06  -1.237986e-05  -2.022631e-07  -1.352264e-07  +1.391802e-04  +1.146499e-08  -2.585211e-07  +5.826863e-04  -1.214576e-08  +4.779851e-07  +9.118166e-04  +2.720286e-07  -8.044578e-07  +6.726998e-04  
-1.703667e-06  -2.277959e-07  +2.830113e-06  -3.812928e-05  -7.164394e-07  +6.042226e-06  -9.224078e-06  -8.357479e-06  -4.253515e-08  -1.520887e-06  +6.312394e-05  +4.834744e-07  -1.028588e-06  -1.962297e-04  -5.870988e-07  -5.980460e-07  -2.112815e-03  -3.308424e-07  +9.190996e-08  -3.037985e-03  -4.305563e-09  +3.009672e-07  -2.801684e-03  
+9.679493e-06  +2.056354e-06  -3.133369e-05  +1.930870e-04  +1.817866e-06  -9.224078e-06  +5.580808e-05  -1.367125e-05  -1.053662e-05  +8.636819e-05  -3.555007e-04  -2.021366e-06  -1.214364e-06  +1.740201e-03  +2.922106e-06  +4.505653e-06  +2.122301e-02  +2.836697e-06  +2.060379e-08  +1.734039e-02  -1.670779e-08  +1.958511e-06  +3.101306e-02  
+2.679695e-07  -3.444940e-07  +1.600422e-05  -1.107955e-05  +7.614649e-06  -8.357479e-06  -1.367125e-05  +1.083633e-04  +7.408215e-06  -5.290449e-05  +2.687590e-05  -4.207373e-06  +9.415395e-07  -1.860747e-03  +1.449647e-06  +1.138235e-07  +5.359104e-04  -1.916868e-06  -3.365463e-07  -1.182252e-03  +7.673986e-07  -2.704189e-06  -8.891538e-03  
-2.499362e-06  -6.414876e-07  +7.601607e-06  -4.006280e-05  +3.838280e-07  -4.253515e-08  -1.053662e-05  +7.408215e-06  +4.425107e-06  -3.169718e-05  +7.224186e-05  +2.024122e-07  +6.662997e-07  -3.925139e-04  -4.242848e-07  -1.263049e-06  -5.283736e-03  -4.183549e-07  +3.035283e-07  -3.689169e-03  +5.470587e-10  -1.100521e-06  -7.998001e-03  
+1.961823e-05  +4.365160e-06  -5.599526e-05  +3.678111e-04  -2.023870e-06  -1.520887e-06  +8.636819e-05  -5.290449e-05  -3.169718e-05  +2.808447e-04  -6.965173e-04  -4.227239e-06  -6.995284e-06  +1.983682e-03  +1.988349e-06  +1.127865e-05  +5.145626e-02  +2.308530e-06  -2.684269e-06  +3.384450e-02  +5.068556e-08  +8.585758e-06  +6.898005e-02  
-7.481776e-05  -1.566755e-05  +1.731775e-04  -1.477501e-03  -1.237986e-05  +6.312394e-05  -3.555007e-04  +2.687590e-05  +7.224186e-05  -6.965173e-04  +2.898702e-03  +3.126648e-05  +1.847467e-05  -2.420669e-03  -1.258367e-05  -3.798534e-05  -1.912804e-01  -1.195305e-05  +3.565840e-06  -1.336860e-01  +3.900625e-07  -1.190439e-05  -2.291796e-01  
-8.269106e-07  -9.259937e-08  -2.412228e-07  -1.420897e-05  -2.022631e-07  +4.834744e-07  -2.021366e-06  -4.207373e-06  +2.024122e-07  -4.227239e-06  +3.126648e-05  +1.221409e-06  +5.368313e-07  +1.649226e-04  -1.344409e-07  -4.868985e-07  -2.897322e-03  +7.202185e-08  +5.028181e-08  -1.260846e-03  -1.842143e-08  +1.570125e-07  -2.094009e-03  
-3.657919e-07  -1.393147e-07  +5.173998e-07  -5.622117e-06  -1.352264e-07  -1.028588e-06  -1.214364e-06  +9.415395e-07  +6.662997e-07  -6.995284e-06  +1.847467e-05  +5.368313e-07  +1.056052e-06  +1.048909e-04  -9.755524e-08  -3.697398e-07  -2.319953e-03  +2.052043e-07  -1.388341e-07  -7.049430e-04  +9.971197e-08  -1.406838e-07  -2.300982e-03  
+3.098777e-04  -3.211650e-05  -1.737144e-03  +5.118495e-03  +1.391802e-04  -1.962297e-04  +1.740201e-03  -1.860747e-03  -3.925139e-04  +1.983682e-03  -2.420669e-03  +1.649226e-04  +1.048909e-04  +5.708062e-01  +1.912415e-04  -3.057369e-06  -2.511264e-01  +2.254272e-04  -5.935637e-05  +2.880378e-01  -6.330720e-05  +1.775466e-04  +6.774466e-01  
+3.916471e-07  +1.170632e-07  -2.095557e-06  +7.970750e-06  +1.146499e-08  -5.870988e-07  +2.922106e-06  +1.449647e-06  -4.242848e-07  +1.988349e-06  -1.258367e-05  -1.344409e-07  -9.755524e-08  +1.912415e-04  +8.412542e-07  +3.630157e-07  +8.943059e-04  +1.187787e-07  +2.852371e-08  +5.501878e-04  -1.720022e-07  +3.122071e-07  +1.567923e-03  
+1.167673e-06  +1.937619e-07  -2.275350e-06  +2.068981e-05  -2.585211e-07  -5.980460e-07  +4.505653e-06  +1.138235e-07  -1.263049e-06  +1.127865e-05  -3.798534e-05  -4.868985e-07  -3.697398e-07  -3.057369e-06  +3.630157e-07  +9.402329e-07  +3.086948e-03  -6.435939e-09  -1.441945e-07  +1.787907e-03  -7.898208e-08  +3.313054e-07  +3.594112e-03  
+4.738450e-03  +1.074329e-03  -8.953515e-03  +9.574365e-02  +5.826863e-04  -2.112815e-03  +2.122301e-02  +5.359104e-04  -5.283736e-03  +5.145626e-02  -1.912804e-01  -2.897322e-03  -2.319953e-03  -2.511264e-01  +8.943059e-04  +3.086948e-03  +1.568582e+01  +1.586062e-04  +4.345121e-05  +8.654861e+00  -7.618501e-05  +6.981992e-04  +1.645405e+01  
+5.474447e-07  +3.436579e-08  -2.347115e-06  +7.872258e-06  -1.214576e-08  -3.308424e-07  +2.836697e-06  -1.916868e-06  -4.183549e-07  +2.308530e-06  -1.195305e-05  +7.202185e-08  +2.052043e-07  +2.254272e-04  +1.187787e-07  -6.435939e-09  +1.586062e-04  +6.879435e-07  -8.285058e-09  +6.470750e-04  +1.242751e-07  +2.129079e-07  +9.881869e-04  
-3.219209e-07  +1.240920e-08  +8.345843e-07  -2.795350e-06  +4.779851e-07  +9.190996e-08  +2.060379e-08  -3.365463e-07  +3.035283e-07  -2.684269e-06  +3.565840e-06  +5.028181e-08  -1.388341e-07  -5.935637e-05  +2.852371e-08  -1.441945e-07  +4.345121e-05  -8.285058e-09  +6.412823e-07  -3.600027e-04  -1.758246e-08  -2.697473e-07  -3.799755e-04  
+3.598846e-03  +7.472938e-04  -9.794492e-03  +7.374633e-02  +9.118166e-04  -3.037985e-03  +1.734039e-02  -1.182252e-03  -3.689169e-03  +3.384450e-02  -1.336860e-01  -1.260846e-03  -7.049430e-04  +2.880378e-01  +5.501878e-04  +1.787907e-03  +8.654861e+00  +6.470750e-04  -3.600027e-04  +7.054147e+00  +7.727213e-05  +4.282352e-04  +1.126303e+01  
-2.344993e-08  +5.797495e-09  +8.760029e-08  -1.734401e-07  +2.720286e-07  -4.305563e-09  -1.670779e-08  +7.673986e-07  +5.470587e-10  +5.068556e-08  +3.900625e-07  -1.842143e-08  +9.971197e-08  -6.330720e-05  -1.720022e-07  -7.898208e-08  -7.618501e-05  +1.242751e-07  -1.758246e-08  +7.727213e-05  +3.576252e-07  -1.370983e-08  -8.967791e-05  
+5.392853e-07  +8.582933e-08  -2.271309e-06  +6.135294e-06  -8.044578e-07  +3.009672e-07  +1.958511e-06  -2.704189e-06  -1.100521e-06  +8.585758e-06  -1.190439e-05  +1.570125e-07  -1.406838e-07  +1.775466e-04  +3.122071e-07  +3.313054e-07  +6.981992e-04  +2.129079e-07  -2.697473e-07  +4.282352e-04  -1.370983e-08  +9.593141e-07  +1.743802e-03  
+6.510461e-03  +1.296096e-03  -1.872889e-02  +1.202232e-01  +6.726998e-04  -2.801684e-03  +3.101306e-02  -8.891538e-03  -7.998001e-03  +6.898005e-02  -2.291796e-01  -2.094009e-03  -2.300982e-03  +6.774466e-01  +1.567923e-03  +3.594112e-03  +1.645405e+01  +9.881869e-04  -3.799755e-04  +1.126303e+01  -8.967791e-05  +1.743802e-03  +2.223511e+01  
