mean:
+4.033807e+00  +3.982824e+00  +8.260912e-01  +1.275411e+00  +1.196641e+00  +3.918757e-01  +8.202809e-01  +1.351857e+00  +2.042172e-01  +1.853220e+00  +5.887848e+00  +3.626651e+00  +2.923433e+00  +2.029133e+02  +4.297946e+00  +5.133991e+00  +2.807223e+02  +5.255921e+00  +3.828499e+00  +3.271614e+02  +2.825792e+00  +4.514335e+00  +3.873027e+02  
covariance:
+8.834699e-06  -2.908532e-05  -8.269274e-08  -9.712092e-06  +2.663899e-06  +1.007812e-05  -5.723495e-05  +2.061240e-06  +2.555935e-05  -1.004014e-04  +2.381816e-04  -2.412816e-05  -4.647412e-06  -2.232861e-03  -3.856927e-06  -1.359736e-05  -1.178407e-02  -2.995456e-05  -1.057569e-05  -4.764784e-03  -6.375707e-05  -4.815608e-05  -3.574758e-03  
-2.908532e-05  +1.376761e-04  -1.178983e-05  +3.389942e-05  -9.705941e-06  -3.866631e-05  +2.212218e-04  +1.844811e-05  -9.560538e-05  +3.631499e-04  -9.140243e-04  +8.949356e-05  +1.672606e-05  +1.188515e-02  +2.154948e-05  +5.432985e-05  +4.670956e-02  +1.120875e-04  +4.667356e-05  +1.574012e-02  +2.428842e-04  +1.817535e-04  +1.668595e-02  
-8.269274e-08  -1.178983e-05  +8.526287e-06  +6.939061e-07  +1.119798e-06  -8.819315e-07  -2.453790e-06  -8.569476e-06  -4.021465e-07  +1.269485e-05  -3.527862e-06  +3.124021e-06  +1.883030e-06  -2.051991e-03  -2.267623e-06  -2.624661e-06  -2.245530e-04  +2.212422e-06  -2.778786e-06  +3.239785e-04  +1.506671e-06  +2.730988e-06  -1.109530e-03  
-9.712092e-06  +3.389942e-05  +6.939061e-07  +2.348677e-05  -3.149225e-06  -1.224544e-05  +6.659477e-05  -1.752375e-06  -2.986928e-05  +1.170967e-04  -2.748909e-04  +2.828599e-05  +5.195355e-06  +1.853026e-03  +5.044636e-06  +1.543335e-05  +1.382611e-02  +3.477115e-05  +1.232877e-05  +6.409431e-03  +7.388736e-05  +5.590626e-05  +3.910287e-03  
+2.663899e-06  -9.705941e-06  +1.119798e-06  -3.149225e-06  +1.347401e-05  +5.971601e-06  -2.924017e-05  +5.746591e-06  +1.170768e-05  -3.951730e-05  +9.281850e-05  -9.304040e-06  -4.774006e-07  -2.373540e-04  +2.661320e-06  -5.141717e-06  -4.062015e-03  -1.336918e-05  -1.873038e-06  -5.362336e-03  -2.992993e-05  -2.116826e-05  -1.610648e-04  
+1.007812e-05  -3.866631e-05  -8.819315e-07  -1.224544e-05  +5.971601e-06  +1.677133e-05  -8.615475e-05  +1.104318e-05  +3.951608e-05  -1.601282e-04  +3.593337e-04  -3.792852e-05  -7.076773e-06  -1.605538e-03  -4.697055e-06  -1.949379e-05  -1.788480e-02  -4.717262e-05  -1.409827e-05  -9.303273e-03  -9.835188e-05  -7.479120e-05  -4.399104e-03  
-5.723495e-05  +2.212218e-04  -2.453790e-06  +6.659477e-05  -2.924017e-05  -8.615475e-05  +4.955454e-04  -7.342719e-05  -2.272558e-04  +8.918100e-04  -1.968703e-03  +2.008333e-04  +3.239982e-05  +1.308222e-02  +2.773105e-05  +1.189952e-04  +9.807617e-02  +2.554028e-04  +8.240544e-05  +5.432952e-02  +5.365304e-04  +4.015471e-04  +2.614067e-02  
+2.061240e-06  +1.844811e-05  -8.569476e-06  -1.752375e-06  +5.746591e-06  +1.104318e-05  -7.342719e-05  +1.649973e-04  +4.323140e-05  -1.807984e-04  +2.091704e-04  -2.649366e-05  +2.391768e-06  +8.410919e-03  +6.782972e-06  -1.900735e-05  -1.067919e-02  -3.744556e-05  +2.863148e-06  -2.281492e-02  -7.138669e-05  -5.267525e-05  +4.068345e-03  
+2.555935e-05  -9.560538e-05  -4.021465e-07  -2.986928e-05  +1.170768e-05  +3.951608e-05  -2.272558e-04  +4.323140e-05  +1.116521e-04  -4.267928e-04  +8.973142e-04  -9.293417e-05  -1.472520e-05  -4.664271e-03  -1.222531e-05  -5.545943e-05  -4.537533e-02  -1.183798e-04  -3.718513e-05  -2.673813e-02  -2.466670e-04  -1.846102e-04  -1.144072e-02  
-1.004014e-04  +3.631499e-04  +1.269485e-05  +1.170967e-04  -3.951730e-05  -1.601282e-04  +8.918100e-04  -1.807984e-04  -4.267928e-04  +1.728956e-03  -3.615653e-03  +3.793576e-04  +6.403877e-05  +1.500851e-02  +4.856726e-05  +2.158737e-04  +1.815826e-01  +4.791259e-04  +1.454646e-04  +1.048545e-01  +9.893032e-04  +7.452952e-04  +4.362334e-02  
+2.381816e-04  -9.140243e-04  -3.527862e-06  -2.748909e-04  +9.281850e-05  +3.593337e-04  -1.968703e-03  +2.091704e-04  +8.973142e-04  -3.615653e-03  +8.233056e-03  -8.482850e-04  -1.545742e-04  -5.228409e-02  -1.241264e-04  -4.666465e-04  -4.056590e-01  -1.061467e-03  -3.436747e-04  -1.963415e-01  -2.215416e-03  -1.677978e-03  -1.107086e-01  
-2.412816e-05  +8.949356e-05  +3.124021e-06  +2.828599e-05  -9.304040e-06  -3.792852e-05  +2.008333e-04  -2.649366e-05  -9.293417e-05  +3.793576e-04  -8.482850e-04  +8.995125e-05  +1.719710e-05  +3.821025e-03  +1.246934e-05  +4.625619e-05  +4.232384e-02  +1.104907e-04  +3.417283e-05  +2.054317e-02  +2.292864e-04  +1.751519e-04  +1.086096e-02  
-4.647412e-06  +1.672606e-05  +1.883030e-06  +5.195355e-06  -4.774006e-07  -7.076773e-06  +3.239982e-05  +2.391768e-06  -1.472520e-05  +6.403877e-05  -1.545742e-04  +1.719710e-05  +4.810323e-06  +8.114384e-04  +2.739302e-06  +6.566719e-06  +7.746783e-03  +1.984465e-05  +6.390233e-06  +1.866640e-03  +4.086809e-05  +3.228485e-05  +2.259845e-03  
-2.232861e-03  +1.188515e-02  -2.051991e-03  +1.853026e-03  -2.373540e-04  -1.605538e-03  +1.308222e-02  +8.410919e-03  -4.664271e-03  +1.500851e-02  -5.228409e-02  +3.821025e-03  +8.114384e-04  +2.245593e+00  +1.720868e-03  +3.947518e-03  +2.426723e+00  +5.532724e-03  +4.021664e-03  -3.141654e-01  +1.303562e-02  +9.101532e-03  +1.673200e+00  
-3.856927e-06  +2.154948e-05  -2.267623e-06  +5.044636e-06  +2.661320e-06  -4.697055e-06  +2.773105e-05  +6.782972e-06  -1.222531e-05  +4.856726e-05  -1.241264e-04  +1.246934e-05  +2.739302e-06  +1.720868e-03  +6.620564e-06  +7.228343e-06  +7.509074e-03  +1.416948e-05  +7.901503e-06  +8.709273e-04  +3.065343e-05  +2.356405e-05  +3.116171e-03  
-1.359736e-05  +5.432985e-05  -2.624661e-06  +1.543335e-05  -5.141717e-06  -1.949379e-05  +1.189952e-04  -1.900735e-05  -5.545943e-05  +2.158737e-04  -4.666465e-04  +4.625619e-05  +6.566719e-06  +3.947518e-03  +7.228343e-06  +3.126591e-05  +2.312229e-02  +6.053596e-05  +2.076365e-05  +1.358940e-02  +1.267874e-04  +9.362424e-05  +6.421189e-03  
-1.178407e-02  +4.670956e-02  -2.245530e-04  +1.382611e-02  -4.062015e-03  -1.788480e-02  +9.807617e-02  -1.067919e-02  -4.537533e-02  +1.815826e-01  -4.056590e-01  +4.232384e-02  +7.746783e-03  +2.426723e+00  +7.509074e-03  +2.312229e-02  +2.131517e+01  +5.222100e-02  +1.759925e-02  +9.865439e+00  +1.096608e-01  +8.327012e-02  +5.680347e+00  
-2.995456e-05  +1.120875e-04  +2.212422e-06  +3.477115e-05  -1.336918e-05  -4.717262e-05  +2.554028e-04  -3.744556e-05  -1.183798e-04  +4.791259e-04  -1.061467e-03  +1.104907e-04  +1.984465e-05  +5.532724e-03  +1.416948e-05  +6.053596e-05  +5.222100e-02  +1.395731e-04  +4.252329e-05  +2.772686e-02  +2.887088e-04  +2.185576e-04  +1.320774e-02  
-1.057569e-05  +4.667356e-05  -2.778786e-06  +1.232877e-05  -1.873038e-06  -1.409827e-05  +8.240544e-05  +2.863148e-06  -3.718513e-05  +1.454646e-04  -3.436747e-04  +3.417283e-05  +6.390233e-06  +4.021664e-03  +7.901503e-06  +2.076365e-05  +1.759925e-02  +4.252329e-05  +1.810962e-05  +5.943166e-03  +9.045971e-05  +6.798628e-05  +6.379897e-03  
-4.764784e-03  +1.574012e-02  +3.239785e-04  +6.409431e-03  -5.362336e-03  -9.303273e-03  +5.432952e-02  -2.281492e-02  -2.673813e-02  +1.048545e-01  -1.963415e-01  +2.054317e-02  +1.866640e-03  -3.141654e-01  +8.709273e-04  +1.358940e-02  +9.865439e+00  +2.772686e-02  +5.943166e-03  +9.921606e+00  +5.657211e-02  +4.138886e-02  +1.039437e+00  
-6.375707e-05  +2.428842e-04  +1.506671e-06  +7.388736e-05  -2.992993e-05  -9.835188e-05  +5.365304e-04  -7.138669e-05  -2.466670e-04  +9.893032e-04  -2.215416e-03  +2.292864e-04  +4.086809e-05  +1.303562e-02  +3.065343e-05  +1.267874e-04  +1.096608e-01  +2.887088e-04  +9.045971e-05  +5.657211e-02  +6.030464e-04  +4.555748e-04  +2.853143e-02  
-4.815608e-05  +1.817535e-04  +2.730988e-06  +5.590626e-05  -2.116826e-05  -7.479120e-05  +4.015471e-04  -5.267525e-05  -1.846102e-04  +7.452952e-04  -1.677978e-03  +1.751519e-04  +3.228485e-05  +9.101532e-03  +2.356405e-05  +9.362424e-05  +8.327012e-02  +2.185576e-04  +6.798628e-05  +4.138886e-02  +4.555748e-04  +3.466351e-04  +2.153024e-02  
-3.574758e-03  +1.668595e-02  -1.109530e-03  +3.910287e-03  -1.610648e-04  -4.399104e-03  +2.614067e-02  +4.068345e-03  -1.144072e-02  +4.362334e-02  -1.107086e-01  +1.086096e-02  +2.259845e-03  +1.673200e+00  +3.116171e-03  +6.421189e-03  +5.680347e+00  +1.320774e-02  +6.379897e-03  +1.039437e+00  +2.853143e-02  +2.153024e-02  +2.632602e+00  
