mean:
+4.027465e+00  +3.992921e+00  +8.213853e-01  +1.283904e+00  +1.200762e+00  +4.045893e-01  +8.080033e-01  +1.375150e+00  +1.844580e-01  +1.845003e+00  +5.967738e+00  +3.629448e+00  +2.921154e+00  +2.042569e+02  +4.301962e+00  +5.133842e+00  +2.809076e+02  +5.255810e+00  +3.816445e+00  +3.286351e+02  +2.839358e+00  +4.521988e+00  +3.805994e+02  
covariance:
+9.715002e-06  -1.820693e-05  +7.725696e-06  -1.793073e-05  +1.656940e-06  +1.402105e-06  -1.938975e-05  -1.170954e-05  +5.252697e-06  -4.163806e-06  +3.765920e-05  -1.195359e-05  -5.275435e-06  -5.040371e-03  -3.665939e-06  -6.262912e-06  -1.219638e-03  -1.264246e-05  -1.011762e-06  -1.969436e-03  -1.356781e-05  -1.454349e-05  -4.615142e-03  
-1.820693e-05  +1.735750e-04  -1.439246e-04  +1.046516e-04  -2.474463e-05  +9.378007e-06  +1.774618e-04  -5.222734e-05  -7.135149e-05  +2.244414e-04  -4.516968e-04  +1.322549e-04  +5.967125e-05  +2.485862e-02  +3.534376e-05  +5.815154e-05  +3.236156e-02  +1.689733e-04  -3.851826e-05  +1.035443e-02  +2.978113e-04  +2.532977e-04  -1.785754e-03  
+7.725696e-06  -1.439246e-04  +1.403286e-04  -8.453569e-05  +1.570908e-05  -1.204119e-05  -1.564264e-04  +5.848784e-05  +6.309688e-05  -2.027942e-04  +3.991916e-04  -1.167065e-04  -5.379280e-05  -1.991595e-02  -3.002534e-05  -5.087120e-05  -2.876625e-02  -1.520906e-04  +4.088974e-05  -8.742924e-03  -2.779271e-04  -2.318366e-04  +6.380317e-03  
-1.793073e-05  +1.046516e-04  -8.453569e-05  +1.122170e-04  -6.524287e-06  +1.607698e-06  +1.196541e-04  -3.511128e-06  -3.958172e-05  +9.335695e-05  -2.273321e-04  +7.595070e-05  +3.615692e-05  +1.845669e-02  +2.023517e-05  +3.391789e-05  +1.341825e-02  +9.922360e-05  -2.096298e-05  +8.278215e-03  +1.678188e-04  +1.436860e-04  +6.945129e-04  
+1.656940e-06  -2.474463e-05  +1.570908e-05  -6.524287e-06  +3.467627e-05  +6.747498e-07  -2.074713e-06  +9.263637e-05  +4.982363e-06  -2.330751e-05  -1.239894e-05  +6.417401e-06  -1.533795e-06  +4.574587e-03  +1.088972e-06  -7.477983e-07  +3.321795e-03  -4.140366e-06  +3.368329e-06  +3.604956e-03  -1.475177e-05  -1.180102e-05  +6.165850e-03  
+1.402105e-06  +9.378007e-06  -1.204119e-05  +1.607698e-06  +6.747498e-07  +2.714195e-06  +1.212811e-05  -4.496998e-06  -5.853292e-06  +2.424173e-05  -4.308408e-05  +1.180784e-05  +4.596211e-06  +9.753324e-04  +3.017835e-06  +4.626850e-06  +3.815531e-03  +1.426604e-05  -4.845764e-06  +7.972841e-04  +2.850953e-05  +2.303185e-05  -1.679527e-03  
-1.938975e-05  +1.774618e-04  -1.564264e-04  +1.196541e-04  -2.074713e-06  +1.212811e-05  +2.100696e-04  -6.772997e-06  -7.930458e-05  +2.376094e-04  -5.226197e-04  +1.581044e-04  +6.787294e-05  +3.165311e-02  +4.150867e-05  +6.722194e-05  +3.917098e-02  +1.925028e-04  -4.353748e-05  +1.429432e-02  +3.367077e-04  +2.853496e-04  +1.466643e-03  
-1.170954e-05  -5.222734e-05  +5.848784e-05  -3.511128e-06  +9.263637e-05  -4.496998e-06  -6.772997e-06  +4.635114e-04  +1.719842e-05  -1.037881e-04  -7.558135e-05  +2.538854e-05  -4.508054e-06  +2.440823e-02  +7.293154e-06  +3.965938e-07  +1.155100e-02  -1.203832e-05  +2.301165e-05  +1.699810e-02  -7.734580e-05  -5.182352e-05  +3.362548e-02  
+5.252697e-06  -7.135149e-05  +6.309688e-05  -3.958172e-05  +4.982363e-06  -5.853292e-06  -7.930458e-05  +1.719842e-05  +3.739891e-05  -1.161804e-04  +2.251320e-04  -6.438902e-05  -2.731052e-05  -1.067733e-02  -1.685558e-05  -2.722557e-05  -1.751095e-02  -7.863655e-05  +1.852308e-05  -5.279523e-03  -1.412857e-04  -1.192241e-04  +1.442026e-03  
-4.163806e-06  +2.244414e-04  -2.027942e-04  +9.335695e-05  -2.330751e-05  +2.424173e-05  +2.376094e-04  -1.037881e-04  -1.161804e-04  +4.411757e-04  -7.793057e-04  +2.128466e-04  +8.759251e-05  +2.649945e-02  +5.656670e-05  +8.725972e-05  +6.415379e-02  +2.598712e-04  -6.563702e-05  +1.380233e-02  +4.835534e-04  +4.046332e-04  -1.398871e-02  
+3.765920e-05  -4.516968e-04  +3.991916e-04  -2.273321e-04  -1.239894e-05  -4.308408e-05  -5.226197e-04  -7.558135e-05  +2.251320e-04  -7.793057e-04  +1.731020e-03  -4.696106e-04  -1.861607e-04  -8.287756e-02  -1.266101e-04  -1.906595e-04  -1.350186e-01  -5.407798e-04  +1.112793e-04  -4.129425e-02  -9.424991e-04  -8.070223e-04  -9.680881e-03  
-1.195359e-05  +1.322549e-04  -1.167065e-04  +7.595070e-05  +6.417401e-06  +1.180784e-05  +1.581044e-04  +2.538854e-05  -6.438902e-05  +2.128466e-04  -4.696106e-04  +1.353714e-04  +5.418351e-05  +2.520558e-02  +3.588418e-05  +5.474843e-05  +3.779639e-02  +1.561534e-04  -3.311629e-05  +1.215271e-02  +2.727560e-04  +2.318287e-04  +2.718822e-03  
-5.275435e-06  +5.967125e-05  -5.379280e-05  +3.615692e-05  -1.533795e-06  +4.596211e-06  +6.787294e-05  -4.508054e-06  -2.731052e-05  +8.759251e-05  -1.861607e-04  +5.418351e-05  +2.373344e-05  +1.030877e-02  +1.422516e-05  +2.273850e-05  +1.402528e-02  +6.570817e-05  -1.529475e-05  +4.681475e-03  +1.159309e-04  +9.805809e-05  +1.590063e-05  
-5.040371e-03  +2.485862e-02  -1.991595e-02  +1.845669e-02  +4.574587e-03  +9.753324e-04  +3.165311e-02  +2.440823e-02  -1.067733e-02  +2.649945e-02  -8.287756e-02  +2.520558e-02  +1.030877e-02  +7.512568e+00  +6.660621e-03  +1.039755e-02  +6.166727e+00  +2.765874e-02  -4.033235e-03  +3.251402e+00  +4.252292e-02  +3.759744e-02  +3.987455e+00  
-3.665939e-06  +3.534376e-05  -3.002534e-05  +2.023517e-05  +1.088972e-06  +3.017835e-06  +4.150867e-05  +7.293154e-06  -1.685558e-05  +5.656670e-05  -1.266101e-04  +3.588418e-05  +1.422516e-05  +6.660621e-03  +1.011233e-05  +1.453972e-05  +1.003934e-02  +4.127844e-05  -8.375439e-06  +3.200140e-03  +7.130894e-05  +6.111349e-05  +1.000719e-03  
-6.262912e-06  +5.815154e-05  -5.087120e-05  +3.391789e-05  -7.477983e-07  +4.626850e-06  +6.722194e-05  +3.965938e-07  -2.722557e-05  +8.725972e-05  -1.906595e-04  +5.474843e-05  +2.273850e-05  +1.039755e-02  +1.453972e-05  +2.356417e-05  +1.436647e-02  +6.484120e-05  -1.364133e-05  +5.002896e-03  +1.125244e-04  +9.609101e-05  +1.092877e-03  
-1.219638e-03  +3.236156e-02  -2.876625e-02  +1.341825e-02  +3.321795e-03  +3.815531e-03  +3.917098e-02  +1.155100e-02  -1.751095e-02  +6.415379e-02  -1.350186e-01  +3.779639e-02  +1.402528e-02  +6.166727e+00  +1.003934e-02  +1.436647e-02  +1.239039e+01  +4.198051e-02  -8.994908e-03  +3.034516e+00  +7.503130e-02  +6.332879e-02  +4.792144e-01  
-1.264246e-05  +1.689733e-04  -1.520906e-04  +9.922360e-05  -4.140366e-06  +1.426604e-05  +1.925028e-04  -1.203832e-05  -7.863655e-05  +2.598712e-04  -5.407798e-04  +1.561534e-04  +6.570817e-05  +2.765874e-02  +4.127844e-05  +6.484120e-05  +4.198051e-02  +1.904756e-04  -4.465314e-05  +1.330353e-02  +3.386254e-04  +2.860119e-04  -2.079947e-03  
-1.011762e-06  -3.851826e-05  +4.088974e-05  -2.096298e-05  +3.368329e-06  -4.845764e-06  -4.353748e-05  +2.301165e-05  +1.852308e-05  -6.563702e-05  +1.112793e-04  -3.311629e-05  -1.529475e-05  -4.033235e-03  -8.375439e-06  -1.364133e-05  -8.994908e-03  -4.465314e-05  +1.526505e-05  -2.235057e-03  -8.726299e-05  -7.088005e-05  +5.096035e-03  
-1.969436e-03  +1.035443e-02  -8.742924e-03  +8.278215e-03  +3.604956e-03  +7.972841e-04  +1.429432e-02  +1.699810e-02  -5.279523e-03  +1.380233e-02  -4.129425e-02  +1.215271e-02  +4.681475e-03  +3.251402e+00  +3.200140e-03  +5.002896e-03  +3.034516e+00  +1.330353e-02  -2.235057e-03  +2.120725e+00  +2.058262e-02  +1.822883e-02  +1.378007e+00  
-1.356781e-05  +2.978113e-04  -2.779271e-04  +1.678188e-04  -1.475177e-05  +2.850953e-05  +3.367077e-04  -7.734580e-05  -1.412857e-04  +4.835534e-04  -9.424991e-04  +2.727560e-04  +1.159309e-04  +4.252292e-02  +7.130894e-05  +1.125244e-04  +7.503130e-02  +3.386254e-04  -8.726299e-05  +2.058262e-02  +6.212353e-04  +5.187962e-04  -1.363172e-02  
-1.454349e-05  +2.532977e-04  -2.318366e-04  +1.436860e-04  -1.180102e-05  +2.303185e-05  +2.853496e-04  -5.182352e-05  -1.192241e-04  +4.046332e-04  -8.070223e-04  +2.318287e-04  +9.805809e-05  +3.759744e-02  +6.111349e-05  +9.609101e-05  +6.332879e-02  +2.860119e-04  -7.088005e-05  +1.822883e-02  +5.187962e-04  +4.361740e-04  -8.463504e-03  
-4.615142e-03  -1.785754e-03  +6.380317e-03  +6.945129e-04  +6.165850e-03  -1.679527e-03  +1.466643e-03  +3.362548e-02  +1.442026e-03  -1.398871e-02  -9.680881e-03  +2.718822e-03  +1.590063e-05  +3.987455e+00  +1.000719e-03  +1.092877e-03  +4.792144e-01  -2.079947e-03  +5.096035e-03  +1.378007e+00  -1.363172e-02  -8.463504e-03  +6.724500e+00  
