mean:
+3.981137e+00  +3.940423e+00  +6.414249e-01  -1.083974e+00  +1.673661e+00  +5.021555e-01  +8.995137e-01  +2.074850e+00  +1.513294e-01  +1.927922e+00  +4.938811e+00  +1.839116e+00  +2.983685e+00  +8.039113e+02  +4.959673e+00  +4.479578e+00  +2.010633e+03  
covariance:
+2.215437e-06  +8.352296e-07  -1.783712e-07  +2.738798e-07  +2.271937e-06  +1.830009e-07  +1.388139e-07  -3.275077e-06  +3.527484e-07  -2.382316e-06  -1.225246e-05  +5.333275e-08  +9.230302e-08  +3.384005e-04  +6.841842e-09  +1.982264e-08  +9.554685e-04  
+8.352296e-07  +2.786992e-06  +4.159852e-08  +6.758551e-08  -6.667949e-09  +3.533566e-07  +1.515378e-06  +8.263659e-06  -1.274173e-06  +6.414024e-06  +3.506099e-05  +4.229003e-09  +3.690831e-08  -3.190107e-04  +9.859488e-08  +5.660032e-08  -1.805527e-03  
-1.783712e-07  +4.159852e-08  +1.304352e-05  +2.662948e-06  -2.677937e-06  -2.412433e-06  -7.140791e-06  -1.647654e-06  +8.889869e-07  -6.520514e-07  +2.258995e-06  -1.140266e-07  -8.524919e-08  +5.248081e-04  -1.101126e-08  +2.472127e-07  +7.552695e-03  
+2.738798e-07  +6.758551e-08  +2.662948e-06  +1.764058e-04  +7.199322e-05  +8.315424e-06  -9.546900e-06  -2.125235e-05  +5.413784e-06  -2.634393e-05  -6.635426e-05  +1.418226e-06  -6.070330e-07  +3.618737e-03  -9.913495e-08  -3.359073e-09  +3.508571e-02  
+2.271937e-06  -6.667949e-09  -2.677937e-06  +7.199322e-05  +2.355992e-04  +1.933673e-05  -2.510110e-05  -6.567434e-05  +1.946198e-05  -8.948213e-05  -3.551060e-04  +2.149551e-06  +8.810150e-07  +1.540562e-02  -4.203524e-07  -7.102886e-07  +5.215572e-02  
+1.830009e-07  +3.533566e-07  -2.412433e-06  +8.315424e-06  +1.933673e-05  +3.523475e-06  +1.098440e-06  +4.376967e-06  +4.131771e-07  -3.390287e-06  -2.426007e-06  +2.081742e-07  -5.386600e-09  +8.702961e-04  +3.394785e-09  -9.379722e-08  +1.800244e-03  
+1.388139e-07  +1.515378e-06  -7.140791e-06  -9.546900e-06  -2.510110e-05  +1.098440e-06  +2.272707e-05  +3.395690e-05  -8.205423e-06  +3.050526e-05  +1.281357e-04  -5.673080e-09  -1.887137e-07  -2.416690e-03  +1.479891e-07  +5.158995e-08  -1.591066e-02  
-3.275077e-06  +8.263659e-06  -1.647654e-06  -2.125235e-05  -6.567434e-05  +4.376967e-06  +3.395690e-05  +2.130675e-04  -2.441645e-05  +1.070535e-04  +6.018202e-04  -2.381657e-07  -1.764073e-06  -1.221848e-02  +3.148108e-07  +2.892193e-07  -4.355496e-02  
+3.527484e-07  -1.274173e-06  +8.889869e-07  +5.413784e-06  +1.946198e-05  +4.131771e-07  -8.205423e-06  -2.441645e-05  +5.692554e-06  -2.486246e-05  -1.085370e-04  +1.845248e-07  +2.316547e-07  +1.605520e-03  -6.750821e-08  -1.119545e-07  +9.784871e-03  
-2.382316e-06  +6.414024e-06  -6.520514e-07  -2.634393e-05  -8.948213e-05  -3.390287e-06  +3.050526e-05  +1.070535e-04  -2.486246e-05  +1.199414e-04  +5.016930e-04  -1.051273e-06  -1.217220e-06  -6.492753e-03  +3.408960e-07  +5.505803e-07  -4.407743e-02  
-1.225246e-05  +3.506099e-05  +2.258995e-06  -6.635426e-05  -3.551060e-04  -2.426007e-06  +1.281357e-04  +6.018202e-04  -1.085370e-04  +5.016930e-04  +2.533797e-03  -3.507081e-06  -4.661344e-06  -3.976871e-02  +2.392407e-06  +3.449492e-06  -1.923979e-01  
+5.333275e-08  +4.229003e-09  -1.140266e-07  +1.418226e-06  +2.149551e-06  +2.081742e-07  -5.673080e-09  -2.381657e-07  +1.845248e-07  -1.051273e-06  -3.507081e-06  +1.542019e-07  +1.478203e-09  +1.156438e-04  -9.900737e-09  -1.455624e-08  +7.252352e-04  
+9.230302e-08  +3.690831e-08  -8.524919e-08  -6.070330e-07  +8.810150e-07  -5.386600e-09  -1.887137e-07  -1.764073e-06  +2.316547e-07  -1.217220e-06  -4.661344e-06  +1.478203e-09  +2.190023e-07  +9.191083e-06  +2.338524e-08  +2.940082e-08  +3.202035e-04  
+3.384005e-04  -3.190107e-04  +5.248081e-04  +3.618737e-03  +1.540562e-02  +8.702961e-04  -2.416690e-03  -1.221848e-02  +1.605520e-03  -6.492753e-03  -3.976871e-02  +1.156438e-04  +9.191083e-06  +2.349030e+00  -3.341222e-05  -8.321867e-05  +4.152923e+00  
+6.841842e-09  +9.859488e-08  -1.101126e-08  -9.913495e-08  -4.203524e-07  +3.394785e-09  +1.479891e-07  +3.148108e-07  -6.750821e-08  +3.408960e-07  +2.392407e-06  -9.900737e-09  +2.338524e-08  -3.341222e-05  +1.023210e-07  +1.096929e-08  -2.352795e-04  
+1.982264e-08  +5.660032e-08  +2.472127e-07  -3.359073e-09  -7.102886e-07  -9.379722e-08  +5.158995e-08  +2.892193e-07  -1.119545e-07  +5.505803e-07  +3.449492e-06  -1.455624e-08  +2.940082e-08  -8.321867e-05  +1.096929e-08  +1.364825e-07  -1.443047e-04  
+9.554685e-04  -1.805527e-03  +7.552695e-03  +3.508571e-02  +5.215572e-02  +1.800244e-03  -1.591066e-02  -4.355496e-02  +9.784871e-03  -4.407743e-02  -1.923979e-01  +7.252352e-04  +3.202035e-04  +4.152923e+00  -2.352795e-04  -1.443047e-04  +2.993052e+01  
