mean:
+3.911412e+00  +3.897600e+00  +8.593752e-01  +1.297020e+00  +1.442147e+00  +6.073609e-01  +8.248338e-01  +1.354679e+00  +1.542398e-01  +1.897526e+00  +5.938225e+00  +3.484072e+00  +2.610750e+00  +1.952432e+02  +4.286499e+00  +5.274643e+00  +2.744790e+02  +5.350223e+00  +3.777291e+00  +3.217847e+02  +2.640176e+00  +4.559472e+00  +3.913487e+02  
covariance:
+3.850216e-06  -1.016287e-06  +1.066626e-06  +1.355451e-05  -6.902266e-07  +7.158624e-07  +3.129168e-06  -2.005367e-05  -3.224887e-06  +2.680802e-05  -2.557993e-05  -2.293810e-07  -1.412702e-07  -4.757259e-04  -3.798712e-07  +2.615652e-07  +1.161501e-03  +3.971048e-07  +1.168457e-07  +7.779107e-04  +1.382298e-07  +5.137485e-07  +1.734307e-03  
-1.016287e-06  +7.743621e-07  +5.157026e-08  +1.512475e-06  +8.139634e-08  -8.080119e-08  +5.300286e-07  +9.622968e-07  -3.074150e-07  +1.037213e-06  -2.542139e-06  -1.703585e-07  -9.439487e-09  -5.867291e-05  -1.396013e-07  +3.721561e-08  +2.918305e-04  -7.311931e-08  +1.235472e-07  +2.282793e-04  -4.465355e-08  -4.676738e-08  -1.489610e-05  
+1.066626e-06  +5.157026e-08  +9.785592e-06  -9.986181e-06  -8.236340e-06  +1.708301e-06  +5.292985e-06  -7.755547e-06  -4.503739e-06  +3.500350e-05  -2.054556e-05  -2.684218e-07  +6.444539e-07  -1.235998e-03  -9.345307e-07  +1.368699e-06  +2.516941e-03  +2.442168e-07  +1.296311e-06  -6.615183e-05  +3.626396e-08  -1.511952e-07  +4.271607e-04  
+1.355451e-05  +1.512475e-06  -9.986181e-06  +4.849648e-04  +2.214172e-05  -2.436673e-06  +4.289380e-05  -2.749061e-04  -3.196092e-05  +3.341351e-04  -5.367597e-04  -1.452434e-05  +6.083396e-07  -4.373943e-03  -3.527245e-06  +3.596451e-06  +2.035589e-02  +7.826723e-06  -1.166431e-06  +2.076703e-02  +8.657268e-07  +7.386221e-06  +2.233849e-02  
-6.902266e-07  +8.139634e-08  -8.236340e-06  +2.214172e-05  +6.146288e-05  -4.478010e-06  -1.298864e-06  +8.774643e-06  +3.372756e-06  -2.790445e-05  +2.233389e-05  -1.595839e-06  +7.078580e-07  +1.493142e-03  +1.469657e-06  -1.113318e-06  -4.056078e-03  -2.759115e-07  -3.782712e-06  +1.199727e-03  -8.063509e-08  -2.018508e-06  +1.361806e-03  
+7.158624e-07  -8.080119e-08  +1.708301e-06  -2.436673e-06  -4.478010e-06  +5.170002e-06  +1.046981e-06  -2.940148e-05  -3.779110e-06  +3.239859e-05  -9.683038e-06  +1.813518e-06  -1.270604e-06  -1.143303e-04  -1.507378e-06  +5.274897e-07  +1.221462e-03  -6.110121e-08  +6.248325e-07  -8.948314e-04  -4.659103e-09  +2.789286e-09  +5.472290e-04  
+3.129168e-06  +5.300286e-07  +5.292985e-06  +4.289380e-05  -1.298864e-06  +1.046981e-06  +2.045166e-05  -4.982248e-05  -1.123956e-05  +9.156626e-05  -9.316885e-05  -2.241995e-06  -3.384673e-07  -2.250557e-03  -2.711968e-06  +1.243304e-06  +6.759608e-03  +4.572943e-07  +1.590703e-06  +4.356849e-03  +6.187193e-07  +1.115983e-06  +5.520278e-03  
-2.005367e-05  +9.622968e-07  -7.755547e-06  -2.749061e-04  +8.774643e-06  -2.940148e-05  -4.982248e-05  +4.624015e-04  +5.649121e-05  -5.065790e-04  +4.331300e-04  -2.134089e-06  +9.194506e-06  +4.069418e-03  +1.231374e-05  -5.072529e-06  -2.481874e-02  -5.527191e-06  -3.275760e-06  -1.187769e-02  -3.338174e-06  -7.491183e-06  -2.562558e-02  
-3.224887e-06  -3.074150e-07  -4.503739e-06  -3.196092e-05  +3.372756e-06  -3.779110e-06  -1.123956e-05  +5.649121e-05  +1.086282e-05  -8.837868e-05  +6.877857e-05  +2.014625e-07  +7.808199e-07  +1.034528e-03  +2.378606e-06  -1.186534e-06  -4.803773e-03  -3.856106e-07  -1.014791e-06  -2.224845e-03  -2.912314e-07  -7.060214e-07  -4.270190e-03  
+2.680802e-05  +1.037213e-06  +3.500350e-05  +3.341351e-04  -2.790445e-05  +3.239859e-05  +9.156626e-05  -5.065790e-04  -8.837868e-05  +7.800761e-04  -6.754697e-04  -4.127353e-06  -7.819731e-06  -9.394907e-03  -1.998178e-05  +9.996772e-06  +4.419129e-02  +3.945102e-06  +9.118561e-06  +2.127443e-02  +2.074613e-06  +7.748954e-06  +3.802612e-02  
-2.557993e-05  -2.542139e-06  -2.054556e-05  -5.367597e-04  +2.233389e-05  -9.683038e-06  -9.316885e-05  +4.331300e-04  +6.877857e-05  -6.754697e-04  +9.592579e-04  +2.241433e-05  +6.309993e-06  +1.686645e-02  +1.347134e-05  -6.611000e-06  -5.292669e-02  -7.119015e-06  -1.204806e-05  -3.596283e-02  -4.321860e-07  -1.435381e-05  -3.975880e-02  
-2.293810e-07  -1.703585e-07  -2.684218e-07  -1.452434e-05  -1.595839e-06  +1.813518e-06  -2.241995e-06  -2.134089e-06  +2.014625e-07  -4.127353e-06  +2.241433e-05  +1.916191e-06  -5.946775e-07  +4.564090e-04  -1.292877e-07  -1.497908e-07  -9.713227e-04  -3.349707e-07  +7.087365e-09  -1.512699e-03  -4.766804e-08  -3.126480e-07  -7.134481e-04  
-1.412702e-07  -9.439487e-09  +6.444539e-07  +6.083396e-07  +7.078580e-07  -1.270604e-06  -3.384673e-07  +9.194506e-06  +7.808199e-07  -7.819731e-06  +6.309993e-06  -5.946775e-07  +1.177846e-06  +1.579705e-04  +4.490879e-07  +2.935295e-07  -7.665116e-04  +2.392180e-07  -4.270727e-07  -6.764211e-06  +5.163948e-08  -1.924564e-07  -4.465970e-04  
-4.757259e-04  -5.867291e-05  -1.235998e-03  -4.373943e-03  +1.493142e-03  -1.143303e-04  -2.250557e-03  +4.069418e-03  +1.034528e-03  -9.394907e-03  +1.686645e-02  +4.564090e-04  +1.579705e-04  +9.203282e-01  +3.022414e-04  -1.874702e-04  -1.187152e+00  -1.632203e-04  -5.750379e-04  -6.887333e-01  -5.833116e-05  -2.560750e-04  -7.705136e-01  
-3.798712e-07  -1.396013e-07  -9.345307e-07  -3.527245e-06  +1.469657e-06  -1.507378e-06  -2.711968e-06  +1.231374e-05  +2.378606e-06  -1.998178e-05  +1.347134e-05  -1.292877e-07  +4.490879e-07  +3.022414e-04  +1.246614e-06  -2.857049e-07  -1.208630e-03  +1.451196e-07  -4.616094e-07  -4.231551e-04  -3.691950e-08  -6.381107e-08  -8.150575e-04  
+2.615652e-07  +3.721561e-08  +1.368699e-06  +3.596451e-06  -1.113318e-06  +5.274897e-07  +1.243304e-06  -5.072529e-06  -1.186534e-06  +9.996772e-06  -6.611000e-06  -1.497908e-07  +2.935295e-07  -1.874702e-04  -2.857049e-07  +6.890074e-07  +4.509241e-04  +2.262544e-07  +7.818073e-08  +2.003030e-04  +7.123563e-08  -3.998775e-08  +2.098067e-04  
+1.161501e-03  +2.918305e-04  +2.516941e-03  +2.035589e-02  -4.056078e-03  +1.221462e-03  +6.759608e-03  -2.481874e-02  -4.803773e-03  +4.419129e-02  -5.292669e-02  -9.713227e-04  -7.665116e-04  -1.187152e+00  -1.208630e-03  +4.509241e-04  +4.144258e+00  +5.365151e-05  +1.263268e-03  +2.097296e+00  +8.009572e-05  +7.517417e-04  +2.238139e+00  
+3.971048e-07  -7.311931e-08  +2.442168e-07  +7.826723e-06  -2.759115e-07  -6.110121e-08  +4.572943e-07  -5.527191e-06  -3.856106e-07  +3.945102e-06  -7.119015e-06  -3.349707e-07  +2.392180e-07  -1.632203e-04  +1.451196e-07  +2.262544e-07  +5.365151e-05  +8.256525e-07  -1.757219e-07  +2.818978e-04  +1.282307e-07  +2.236534e-07  +5.036358e-04  
+1.168457e-07  +1.235472e-07  +1.296311e-06  -1.166431e-06  -3.782712e-06  +6.248325e-07  +1.590703e-06  -3.275760e-06  -1.014791e-06  +9.118561e-06  -1.204806e-05  +7.087365e-09  -4.270727e-07  -5.750379e-04  -4.616094e-07  +7.818073e-08  +1.263268e-03  -1.757219e-07  +9.935007e-07  +2.561937e-04  -2.563940e-08  +2.499872e-07  +3.341289e-04  
+7.779107e-04  +2.282793e-04  -6.615183e-05  +2.076703e-02  +1.199727e-03  -8.948314e-04  +4.356849e-03  -1.187769e-02  -2.224845e-03  +2.127443e-02  -3.596283e-02  -1.512699e-03  -6.764211e-06  -6.887333e-01  -4.231551e-04  +2.003030e-04  +2.097296e+00  +2.818978e-04  +2.561937e-04  +2.360795e+00  +9.700254e-05  +5.438484e-04  +1.799220e+00  
+1.382298e-07  -4.465355e-08  +3.626396e-08  +8.657268e-07  -8.063509e-08  -4.659103e-09  +6.187193e-07  -3.338174e-06  -2.912314e-07  +2.074613e-06  -4.321860e-07  -4.766804e-08  +5.163948e-08  -5.833116e-05  -3.691950e-08  +7.123563e-08  +8.009572e-05  +1.282307e-07  -2.563940e-08  +9.700254e-05  +3.372573e-07  +9.608122e-08  +1.752202e-04  
+5.137485e-07  -4.676738e-08  -1.511952e-07  +7.386221e-06  -2.018508e-06  +2.789286e-09  +1.115983e-06  -7.491183e-06  -7.060214e-07  +7.748954e-06  -1.435381e-05  -3.126480e-07  -1.924564e-07  -2.560750e-04  -6.381107e-08  -3.998775e-08  +7.517417e-04  +2.236534e-07  +2.499872e-07  +5.438484e-04  +9.608122e-08  +6.455046e-07  +6.089001e-04  
+1.734307e-03  -1.489610e-05  +4.271607e-04  +2.233849e-02  +1.361806e-03  +5.472290e-04  +5.520278e-03  -2.562558e-02  -4.270190e-03  +3.802612e-02  -3.975880e-02  -7.134481e-04  -4.465970e-04  -7.705136e-01  -8.150575e-04  +2.098067e-04  +2.238139e+00  +5.036358e-04  +3.341289e-04  +1.799220e+00  +1.752202e-04  +6.089001e-04  +3.214166e+00  
