mean:
+3.983735e+00  +3.978763e+00  +6.163963e-01  +2.008216e+00  +1.256432e+00  +4.993594e-01  +8.241044e-01  +2.198797e+00  +3.815965e-02  +3.878934e+00  +5.918848e+00  +4.572538e+00  +3.237877e+00  +3.287384e+02  +2.590444e+00  +3.726321e+00  +4.579782e+02  +4.640224e+00  +4.959930e+00  +8.069134e+02  +3.990323e+00  +5.153986e+00  +4.371212e+02  
covariance:
+6.557834e-06  -4.247133e-06  +1.584332e-07  +1.064871e-05  +2.200897e-06  -1.802577e-06  +5.037030e-07  -2.726178e-08  +1.828728e-08  +1.184996e-07  -2.332387e-05  -1.786485e-07  +3.159890e-07  +1.351049e-03  -3.097155e-07  +1.515575e-07  +3.178204e-04  -1.644379e-07  -2.013722e-08  +2.057057e-03  -2.974819e-07  +1.283030e-07  +1.164867e-03  
-4.247133e-06  +5.554806e-06  +1.692405e-06  -7.610475e-06  -2.038522e-06  +8.110407e-07  +1.501066e-06  -1.371777e-06  -1.406894e-07  +3.467819e-06  +1.882543e-06  +1.815784e-07  -6.214104e-07  -7.050112e-04  +3.921671e-07  +1.635285e-07  +4.846925e-04  -9.793791e-08  -8.374138e-08  -6.921877e-04  +3.371740e-07  -6.945490e-08  -5.080798e-05  
+1.584332e-07  +1.692405e-06  +2.443217e-05  -8.964196e-06  -4.268845e-06  -8.668144e-07  +1.068360e-05  -6.794504e-06  -6.375186e-07  +2.315369e-05  -4.845075e-05  +6.989870e-07  -2.142383e-06  -8.646095e-04  +1.008627e-06  +1.846243e-06  +6.268098e-03  -1.366560e-06  +6.976833e-07  +4.806988e-03  -1.757608e-07  +2.968434e-07  +7.890356e-03  
+1.064871e-05  -7.610475e-06  -8.964196e-06  +1.316332e-04  +1.492046e-05  -2.075828e-05  +5.099713e-06  -5.212107e-06  +7.715903e-07  -1.306092e-05  -2.579123e-04  -3.680726e-06  -2.008517e-07  +1.422986e-02  -1.687162e-06  +1.047487e-06  +1.735725e-03  -2.486923e-06  -2.382344e-06  +1.870860e-02  -2.931870e-06  -8.674375e-07  +7.772793e-03  
+2.200897e-06  -2.038522e-06  -4.268845e-06  +1.492046e-05  +3.926179e-05  -4.854999e-06  +1.373351e-05  +3.406359e-05  -3.982785e-07  +2.169544e-05  -8.834324e-05  +4.579811e-07  -8.948545e-07  +4.720186e-03  -2.003195e-07  +2.893477e-06  +5.616892e-03  +8.713532e-07  +1.249031e-06  +8.921240e-03  -1.482229e-06  -6.798648e-07  +8.449779e-03  
-1.802577e-06  +8.110407e-07  -8.668144e-07  -2.075828e-05  -4.854999e-06  +6.817492e-06  -5.639459e-06  -3.380759e-06  -2.731351e-08  -5.223082e-06  +9.420806e-05  +4.812842e-07  +2.089191e-07  -3.983306e-03  +6.477010e-07  -1.018701e-06  -2.263513e-03  +9.401255e-07  +4.039861e-07  -7.509863e-03  +1.439340e-06  -1.791602e-07  -3.883811e-03  
+5.037030e-07  +1.501066e-06  +1.068360e-05  +5.099713e-06  +1.373351e-05  -5.639459e-06  +2.464731e-05  +1.734997e-05  -1.031730e-06  +4.042652e-05  -1.402512e-04  +4.421934e-07  -2.222944e-06  +4.017376e-03  +4.795686e-07  +2.729595e-06  +9.243205e-03  -1.836422e-07  +7.670369e-07  +1.065321e-02  -1.193943e-06  -1.944555e-07  +1.109630e-02  
-2.726178e-08  -1.371777e-06  -6.794504e-06  -5.212107e-06  +3.406359e-05  -3.380759e-06  +1.734997e-05  +1.369630e-04  -6.764932e-07  +2.801838e-05  -5.065454e-05  +3.538085e-06  -1.858080e-06  +2.840924e-03  -9.278293e-07  +4.957012e-06  +8.852359e-03  +2.525252e-06  +2.770066e-06  +8.884399e-03  -4.334726e-06  -7.236631e-07  +8.614031e-03  
+1.828728e-08  -1.406894e-07  -6.375186e-07  +7.715903e-07  -3.982785e-07  -2.731351e-08  -1.031730e-06  -6.764932e-07  +8.787670e-08  -2.207414e-06  +2.913078e-06  -5.134378e-08  +1.001166e-07  +1.751720e-06  -5.764689e-08  -1.098871e-07  -4.216633e-04  -2.937318e-08  -5.540707e-08  -2.117960e-04  +1.363800e-08  +2.217525e-08  -4.626861e-04  
+1.184996e-07  +3.467819e-06  +2.315369e-05  -1.306092e-05  +2.169544e-05  -5.223082e-06  +4.042652e-05  +2.801838e-05  -2.207414e-06  +9.184719e-05  -2.119472e-04  +1.784166e-06  -2.963906e-06  +3.458705e-03  +1.736456e-06  +5.130142e-06  +1.704800e-02  -6.696787e-09  +1.991521e-06  +1.498576e-02  -1.952013e-06  +9.045844e-08  +2.026135e-02  
-2.332387e-05  +1.882543e-06  -4.845075e-05  -2.579123e-04  -8.834324e-05  +9.420806e-05  -1.402512e-04  -5.065454e-05  +2.913078e-06  -2.119472e-04  +1.663611e-03  +4.997469e-06  +8.690042e-06  -5.890934e-02  +3.329044e-06  -2.093452e-05  -5.401136e-02  +1.411330e-05  +2.097194e-06  -1.212659e-01  +1.657589e-05  -4.402655e-06  -8.070027e-02  
-1.786485e-07  +1.815784e-07  +6.989870e-07  -3.680726e-06  +4.579811e-07  +4.812842e-07  +4.421934e-07  +3.538085e-06  -5.134378e-08  +1.784166e-06  +4.997469e-06  +4.748962e-07  -7.161776e-08  -3.110252e-04  +6.981107e-08  +9.520036e-08  +4.092931e-04  +1.360338e-07  +2.109269e-07  -5.735270e-05  -1.607340e-08  +5.990350e-10  +2.556320e-04  
+3.159890e-07  -6.214104e-07  -2.142383e-06  -2.008517e-07  -8.948545e-07  +2.089191e-07  -2.222944e-06  -1.858080e-06  +1.001166e-07  -2.963906e-06  +8.690042e-06  -7.161776e-08  +8.516797e-07  -1.414949e-04  -2.766211e-07  -3.110174e-07  -9.062754e-04  +2.941299e-08  +1.332261e-08  -6.439706e-04  -1.407447e-07  +1.469453e-07  -8.938076e-04  
+1.351049e-03  -7.050112e-04  -8.646095e-04  +1.422986e-02  +4.720186e-03  -3.983306e-03  +4.017376e-03  +2.840924e-03  +1.751720e-06  +3.458705e-03  -5.890934e-02  -3.110252e-04  -1.414949e-04  +2.989618e+00  -3.767939e-04  +5.156634e-04  +1.300386e+00  -5.099701e-04  -1.878380e-04  +4.601311e+00  -5.713012e-04  +9.430560e-06  +2.196167e+00  
-3.097155e-07  +3.921671e-07  +1.008627e-06  -1.687162e-06  -2.003195e-07  +6.477010e-07  +4.795686e-07  -9.278293e-07  -5.764689e-08  +1.736456e-06  +3.329044e-06  +6.981107e-08  -2.766211e-07  -3.767939e-04  +4.417524e-07  +1.025802e-07  +1.722625e-04  +6.175830e-08  +6.243669e-08  -5.340146e-04  +2.881393e-07  +3.899075e-09  +1.103108e-04  
+1.515575e-07  +1.635285e-07  +1.846243e-06  +1.047487e-06  +2.893477e-06  -1.018701e-06  +2.729595e-06  +4.957012e-06  -1.098871e-07  +5.130142e-06  -2.093452e-05  +9.520036e-08  -3.110174e-07  +5.156634e-04  +1.025802e-07  +9.627353e-07  +1.318687e-03  -8.841980e-08  +2.379385e-07  +1.881893e-03  -3.482675e-07  -3.285212e-09  +1.971740e-03  
+3.178204e-04  +4.846925e-04  +6.268098e-03  +1.735725e-03  +5.616892e-03  -2.263513e-03  +9.243205e-03  +8.852359e-03  -4.216633e-04  +1.704800e-02  -5.401136e-02  +4.092931e-04  -9.062754e-04  +1.300386e+00  +1.722625e-04  +1.318687e-03  +4.550027e+00  -2.257410e-04  +4.318971e-04  +4.760194e+00  -8.026628e-04  -4.800535e-05  +5.465959e+00  
-1.644379e-07  -9.793791e-08  -1.366560e-06  -2.486923e-06  +8.713532e-07  +9.401255e-07  -1.836422e-07  +2.525252e-06  -2.937318e-08  -6.696787e-09  +1.411330e-05  +1.360338e-07  +2.941299e-08  -5.099701e-04  +6.175830e-08  -8.841980e-08  -2.257410e-04  +4.759517e-07  +1.136962e-07  -1.038670e-03  +6.593212e-08  -1.265541e-07  -4.822994e-04  
-2.013722e-08  -8.374138e-08  +6.976833e-07  -2.382344e-06  +1.249031e-06  +4.039861e-07  +7.670369e-07  +2.770066e-06  -5.540707e-08  +1.991521e-06  +2.097194e-06  +2.109269e-07  +1.332261e-08  -1.878380e-04  +6.243669e-08  +2.379385e-07  +4.318971e-04  +1.136962e-07  +3.676727e-07  +1.454189e-04  -1.528441e-08  -2.034527e-09  +5.762864e-04  
+2.057057e-03  -6.921877e-04  +4.806988e-03  +1.870860e-02  +8.921240e-03  -7.509863e-03  +1.065321e-02  +8.884399e-03  -2.117960e-04  +1.498576e-02  -1.212659e-01  -5.735270e-05  -6.439706e-04  +4.601311e+00  -5.340146e-04  +1.881893e-03  +4.760194e+00  -1.038670e-03  +1.454189e-04  +1.043026e+01  -1.705153e-03  +2.422661e-04  +7.097989e+00  
-2.974819e-07  +3.371740e-07  -1.757608e-07  -2.931870e-06  -1.482229e-06  +1.439340e-06  -1.193943e-06  -4.334726e-06  +1.363800e-08  -1.952013e-06  +1.657589e-05  -1.607340e-08  -1.407447e-07  -5.713012e-04  +2.881393e-07  -3.482675e-07  -8.026628e-04  +6.593212e-08  -1.528441e-08  -1.705153e-03  +8.248665e-07  -4.621416e-08  -1.163910e-03  
+1.283030e-07  -6.945490e-08  +2.968434e-07  -8.674375e-07  -6.798648e-07  -1.791602e-07  -1.944555e-07  -7.236631e-07  +2.217525e-08  +9.045844e-08  -4.402655e-06  +5.990350e-10  +1.469453e-07  +9.430560e-06  +3.899075e-09  -3.285212e-09  -4.800535e-05  -1.265541e-07  -2.034527e-09  +2.422661e-04  -4.621416e-08  +2.875288e-07  +1.181847e-05  
+1.164867e-03  -5.080798e-05  +7.890356e-03  +7.772793e-03  +8.449779e-03  -3.883811e-03  +1.109630e-02  +8.614031e-03  -4.626861e-04  +2.026135e-02  -8.070027e-02  +2.556320e-04  -8.938076e-04  +2.196167e+00  +1.103108e-04  +1.971740e-03  +5.465959e+00  -4.822994e-04  +5.762864e-04  +7.097989e+00  -1.163910e-03  +1.181847e-05  +7.605144e+00  
