mean:
+3.966383e+00  +4.004169e+00  +6.018675e-01  +2.013109e+00  +1.300096e+00  +6.002337e-01  +8.607561e-01  +2.193357e+00  +3.943557e-02  +3.918717e+00  +5.864611e+00  +4.623659e+00  +3.191419e+00  +3.290090e+02  +2.670854e+00  +3.678384e+00  +4.546817e+02  +4.719760e+00  +4.880023e+00  +8.064537e+02  +3.939157e+00  +5.173293e+00  +4.364104e+02  
covariance:
+2.156710e-06  -3.740633e-07  -2.556618e-06  +6.893895e-06  +4.087216e-07  +4.587194e-07  +8.862348e-06  +5.213944e-06  -4.852058e-07  +1.826407e-05  -3.953244e-05  -1.166769e-07  -2.654224e-07  +2.548480e-04  -2.571875e-07  +4.836986e-07  +1.444778e-03  +1.710493e-07  -3.418343e-08  +1.396444e-03  -8.369371e-09  -2.706349e-08  +2.006649e-03  
-3.740633e-07  +8.408881e-06  +5.669032e-06  -1.256607e-05  -4.743075e-06  +1.514090e-07  -7.066471e-06  -6.195571e-06  +3.273392e-07  -1.291512e-05  +3.884191e-05  +6.506911e-07  -2.858920e-07  -6.044821e-04  +3.587124e-07  +1.160386e-08  -1.801349e-03  -4.215073e-07  +9.366399e-08  -1.964090e-03  +4.879905e-07  -1.781633e-07  -9.031235e-04  
-2.556618e-06  +5.669032e-06  +3.796299e-05  -6.712001e-05  -2.004992e-05  -1.365173e-06  -6.319027e-05  -4.747876e-05  +3.252849e-06  -1.336585e-04  +2.965393e-04  +2.534507e-06  +1.052226e-06  -4.754956e-03  +2.989536e-06  -2.634403e-06  -1.318419e-02  -2.789621e-06  -1.873000e-07  -1.294130e-02  +1.749887e-06  -2.390751e-07  -1.265204e-02  
+6.893895e-06  -1.256607e-05  -6.712001e-05  +1.807293e-04  +4.158601e-05  +2.642995e-06  +1.688500e-04  +1.298476e-04  -8.667556e-06  +3.335919e-04  -7.285934e-04  -5.060914e-06  -5.967335e-06  +9.746996e-03  -5.346229e-06  +6.524495e-06  +3.267458e-02  +4.699287e-06  +1.128656e-06  +3.519109e-02  -2.979315e-06  +1.745185e-06  +3.270347e-02  
+4.087216e-07  -4.743075e-06  -2.004992e-05  +4.158601e-05  +2.304285e-05  +4.986291e-08  +2.971428e-05  +2.750516e-05  -1.446875e-06  +6.039346e-05  -1.472987e-04  -1.514718e-06  -2.750226e-07  +2.665390e-03  -1.128877e-06  +9.225424e-07  +6.881450e-03  +1.505423e-06  +2.213806e-07  +6.871158e-03  -1.168166e-06  +1.778364e-07  +5.616539e-03  
+4.587194e-07  +1.514090e-07  -1.365173e-06  +2.642995e-06  +4.986291e-08  +7.941770e-07  +5.883566e-06  +2.086486e-06  -3.297318e-07  +1.408521e-05  -2.864681e-05  -7.376911e-08  -1.126570e-07  -1.427315e-04  -5.802166e-08  +3.151899e-07  +8.123762e-04  +9.253109e-08  -6.968050e-08  +7.171250e-04  +1.831230e-07  -1.116164e-07  +1.456907e-03  
+8.862348e-06  -7.066471e-06  -6.319027e-05  +1.688500e-04  +2.971428e-05  +5.883566e-06  +2.798289e-04  +1.790068e-04  -1.454797e-05  +5.220203e-04  -1.038121e-03  -3.209723e-06  -1.198003e-05  +1.431246e-02  -7.307689e-06  +1.153677e-05  +4.671613e-02  +4.452502e-06  +2.169973e-06  +5.377344e-02  -1.008436e-06  +1.899370e-06  +5.445880e-02  
+5.213944e-06  -6.195571e-06  -4.747876e-05  +1.298476e-04  +2.750516e-05  +2.086486e-06  +1.790068e-04  +1.753645e-04  -9.364595e-06  +3.519191e-04  -7.258123e-04  -1.639673e-07  -8.260857e-06  +9.307052e-03  -4.896073e-06  +7.884997e-06  +3.180342e-02  +2.560523e-06  -1.327649e-07  +3.993970e-02  -4.134524e-06  +3.534579e-06  +3.795247e-02  
-4.852058e-07  +3.273392e-07  +3.252849e-06  -8.667556e-06  -1.446875e-06  -3.297318e-07  -1.454797e-05  -9.364595e-06  +7.908335e-07  -2.755072e-05  +5.361577e-05  +1.310835e-07  +6.167847e-07  -7.334775e-04  +4.061471e-07  -6.369094e-07  -2.407494e-03  -2.336100e-07  -9.777707e-08  -2.767207e-03  +5.964972e-08  -9.188000e-08  -2.858305e-03  
+1.826407e-05  -1.291512e-05  -1.336585e-04  +3.335919e-04  +6.039346e-05  +1.408521e-05  +5.220203e-04  +3.519191e-04  -2.755072e-05  +1.027078e-03  -2.030874e-03  -5.338628e-06  -2.119986e-05  +2.419889e-02  -1.475789e-05  +2.376249e-05  +8.802377e-02  +9.354739e-06  +2.033945e-06  +1.000929e-01  -3.425987e-06  +3.594081e-06  +1.057870e-01  
-3.953244e-05  +3.884191e-05  +2.965393e-04  -7.285934e-04  -1.472987e-04  -2.864681e-05  -1.038121e-03  -7.258123e-04  +5.361577e-05  -2.030874e-03  +4.304880e-03  +1.544242e-05  +4.055538e-05  -4.711195e-02  +2.503525e-05  -4.079966e-05  -1.814158e-01  -1.948393e-05  -1.276893e-06  -2.035027e-01  +8.278337e-06  -8.596528e-06  -2.149412e-01  
-1.166769e-07  +6.506911e-07  +2.534507e-06  -5.060914e-06  -1.514718e-06  -7.376911e-08  -3.209723e-06  -1.639673e-07  +1.310835e-07  -5.338628e-06  +1.544242e-05  +6.701854e-07  -9.621293e-08  -3.097768e-04  +9.504597e-08  +8.104084e-08  -7.983936e-04  -2.466765e-07  -9.475141e-08  -6.402314e-04  +1.585475e-08  +1.740642e-08  -3.272996e-04  
-2.654224e-07  -2.858920e-07  +1.052226e-06  -5.967335e-06  -2.750226e-07  -1.126570e-07  -1.198003e-05  -8.260857e-06  +6.167847e-07  -2.119986e-05  +4.055538e-05  -9.621293e-08  +9.815570e-07  -3.969196e-04  +1.877113e-07  -5.510884e-07  -1.827099e-03  +1.643928e-08  -1.473462e-07  -2.357733e-03  -4.315158e-08  -1.697594e-07  -2.270472e-03  
+2.548480e-04  -6.044821e-04  -4.754956e-03  +9.746996e-03  +2.665390e-03  -1.427315e-04  +1.431246e-02  +9.307052e-03  -7.334775e-04  +2.419889e-02  -4.711195e-02  -3.097768e-04  -3.969196e-04  +1.902963e+00  -7.044102e-04  +3.667390e-04  +2.776734e+00  +4.549273e-04  +3.173967e-04  +3.002966e+00  -2.069215e-04  +1.457955e-04  +2.571158e+00  
-2.571875e-07  +3.587124e-07  +2.989536e-06  -5.346229e-06  -1.128877e-06  -5.802166e-08  -7.307689e-06  -4.896073e-06  +4.061471e-07  -1.475789e-05  +2.503525e-05  +9.504597e-08  +1.877113e-07  -7.044102e-04  +6.896111e-07  -4.814200e-07  -1.235472e-03  -2.882180e-07  -6.221610e-08  -1.361843e-03  +2.739264e-07  -1.385005e-08  -1.394510e-03  
+4.836986e-07  +1.160386e-08  -2.634403e-06  +6.524495e-06  +9.225424e-07  +3.151899e-07  +1.153677e-05  +7.884997e-06  -6.369094e-07  +2.376249e-05  -4.079966e-05  +8.104084e-08  -5.510884e-07  +3.667390e-04  -4.814200e-07  +9.982561e-07  +1.683477e-03  +1.632548e-07  +7.175610e-08  +2.071416e-03  -1.534632e-07  +2.154301e-08  +2.294555e-03  
+1.444778e-03  -1.801349e-03  -1.318419e-02  +3.267458e-02  +6.881450e-03  +8.123762e-04  +4.671613e-02  +3.180342e-02  -2.407494e-03  +8.802377e-02  -1.814158e-01  -7.983936e-04  -1.827099e-03  +2.776734e+00  -1.235472e-03  +1.683477e-03  +8.531884e+00  +9.489658e-04  +3.167874e-04  +9.424769e+00  -3.522378e-04  +3.719926e-04  +9.113014e+00  
+1.710493e-07  -4.215073e-07  -2.789621e-06  +4.699287e-06  +1.505423e-06  +9.253109e-08  +4.452502e-06  +2.560523e-06  -2.336100e-07  +9.354739e-06  -1.948393e-05  -2.466765e-07  +1.643928e-08  +4.549273e-04  -2.882180e-07  +1.632548e-07  +9.489658e-04  +4.167306e-07  +3.304841e-09  +8.901916e-04  -1.698105e-07  -5.954997e-08  +8.548724e-04  
-3.418343e-08  +9.366399e-08  -1.873000e-07  +1.128656e-06  +2.213806e-07  -6.968050e-08  +2.169973e-06  -1.327649e-07  -9.777707e-08  +2.033945e-06  -1.276893e-06  -9.475141e-08  -1.473462e-07  +3.173967e-04  -6.221610e-08  +7.175610e-08  +3.167874e-04  +3.304841e-09  +4.157339e-07  +3.449545e-04  +2.001674e-07  -6.537160e-09  +2.393722e-05  
+1.396444e-03  -1.964090e-03  -1.294130e-02  +3.519109e-02  +6.871158e-03  +7.171250e-04  +5.377344e-02  +3.993970e-02  -2.767207e-03  +1.000929e-01  -2.035027e-01  -6.402314e-04  -2.357733e-03  +3.002966e+00  -1.361843e-03  +2.071416e-03  +9.424769e+00  +8.901916e-04  +3.449545e-04  +1.150372e+01  -6.240065e-04  +6.196195e-04  +1.046252e+01  
-8.369371e-09  +4.879905e-07  +1.749887e-06  -2.979315e-06  -1.168166e-06  +1.831230e-07  -1.008436e-06  -4.134524e-06  +5.964972e-08  -3.425987e-06  +8.278337e-06  +1.585475e-08  -4.315158e-08  -2.069215e-04  +2.739264e-07  -1.534632e-07  -3.522378e-04  -1.698105e-07  +2.001674e-07  -6.240065e-04  +5.623167e-07  -1.039139e-07  -4.059383e-04  
-2.706349e-08  -1.781633e-07  -2.390751e-07  +1.745185e-06  +1.778364e-07  -1.116164e-07  +1.899370e-06  +3.534579e-06  -9.188000e-08  +3.594081e-06  -8.596528e-06  +1.740642e-08  -1.697594e-07  +1.457955e-04  -1.385005e-08  +2.154301e-08  +3.719926e-04  -5.954997e-08  -6.537160e-09  +6.196195e-04  -1.039139e-07  +3.494539e-07  +4.880713e-04  
+2.006649e-03  -9.031235e-04  -1.265204e-02  +3.270347e-02  +5.616539e-03  +1.456907e-03  +5.445880e-02  +3.795247e-02  -2.858305e-03  +1.057870e-01  -2.149412e-01  -3.272996e-04  -2.270472e-03  +2.571158e+00  -1.394510e-03  +2.294555e-03  +9.113014e+00  +8.548724e-04  +2.393722e-05  +1.046252e+01  -4.059383e-04  +4.880713e-04  +1.172927e+01  
