mean:
+3.982315e+00  +3.940469e+00  +6.540228e-01  -1.110136e+00  +1.671756e+00  +4.971110e-01  +9.155972e-01  +2.050581e+00  +1.481821e-01  +1.973267e+00  +4.856250e+00  +1.839780e+00  +2.983848e+00  +8.062202e+02  +4.960000e+00  +4.479787e+00  +2.015304e+03  
covariance:
+2.743182e-06  -2.416858e-07  +1.423033e-06  -6.141712e-06  +6.768390e-06  -2.613693e-06  -2.172352e-07  -1.730031e-05  +3.031110e-07  +3.243674e-06  -6.644806e-05  +2.449106e-07  -4.549626e-08  +1.162958e-03  -2.621840e-08  -2.369245e-09  +5.647881e-03  
-2.416858e-07  +3.432524e-06  -8.715966e-07  +7.351032e-06  -6.586812e-06  +3.405510e-06  -1.338905e-06  +2.019358e-05  +5.863062e-09  -4.248394e-06  +8.211104e-05  -1.750112e-07  +1.851056e-07  -1.460835e-03  +5.882285e-08  +1.719317e-07  -6.731574e-03  
+1.423033e-06  -8.715966e-07  +1.908640e-05  -5.763371e-06  +2.191987e-05  -3.567466e-06  -6.321108e-06  -3.693322e-05  +1.386299e-06  +5.619561e-06  -1.177270e-04  +8.487681e-07  -3.123607e-07  +1.950194e-04  +1.905378e-08  +6.666243e-08  +2.255015e-02  
-6.141712e-06  +7.351032e-06  -5.763371e-06  +1.533174e-04  -4.369209e-05  +1.888541e-05  -7.404918e-06  +9.480424e-05  -5.973241e-07  -2.554794e-05  +4.487441e-04  -3.994062e-07  +8.077481e-07  -9.281648e-03  +4.237847e-07  +3.312141e-07  -2.133788e-02  
+6.768390e-06  -6.586812e-06  +2.191987e-05  -4.369209e-05  +2.033614e-04  -2.252972e-05  +7.215968e-06  -1.376663e-04  +6.839264e-07  +4.084145e-05  -5.734689e-04  +4.051380e-06  -1.253726e-06  +1.175639e-02  -7.404205e-07  +3.995440e-07  +6.984909e-02  
-2.613693e-06  +3.405510e-06  -3.567466e-06  +1.888541e-05  -2.252972e-05  +1.139174e-05  -1.178975e-06  +6.930088e-05  -1.506485e-06  -7.040875e-06  +2.358723e-04  -6.931458e-07  +3.010855e-07  -3.394093e-03  +1.811966e-07  +1.521525e-07  -2.011446e-02  
-2.172352e-07  -1.338905e-06  -6.321108e-06  -7.404918e-06  +7.215968e-06  -1.178975e-06  +1.392616e-05  -6.358479e-06  -2.199812e-06  +5.803089e-06  -1.938350e-05  -3.144478e-07  -2.392123e-07  +1.600736e-03  -3.001075e-07  -3.266760e-07  -2.323241e-03  
-1.730031e-05  +2.019358e-05  -3.693322e-05  +9.480424e-05  -1.376663e-04  +6.930088e-05  -6.358479e-06  +5.583805e-04  -5.734173e-06  -7.714650e-05  +1.482918e-03  -5.215026e-06  +1.418714e-06  -1.910972e-02  +4.153923e-07  +7.591918e-07  -1.484629e-01  
+3.031110e-07  +5.863062e-09  +1.386299e-06  -5.973241e-07  +6.839264e-07  -1.506485e-06  -2.199812e-06  -5.734173e-06  +1.390289e-06  -4.765876e-06  -3.000762e-05  +1.316653e-07  +7.268247e-08  -2.159041e-04  -4.131939e-11  -2.839103e-08  +3.108357e-03  
+3.243674e-06  -4.248394e-06  +5.619561e-06  -2.554794e-05  +4.084145e-05  -7.040875e-06  +5.803089e-06  -7.714650e-05  -4.765876e-06  +5.229898e-05  -2.208964e-04  +8.156702e-07  -1.123102e-06  +7.654119e-03  +1.511367e-08  +2.618147e-08  +2.122732e-02  
-6.644806e-05  +8.211104e-05  -1.177270e-04  +4.487441e-04  -5.734689e-04  +2.358723e-04  -1.938350e-05  +1.482918e-03  -3.000762e-05  -2.208964e-04  +5.636843e-03  -1.811581e-05  +8.023591e-06  -8.881784e-02  +3.343152e-06  +6.191007e-06  -5.095799e-01  
+2.449106e-07  -1.750112e-07  +8.487681e-07  -3.994062e-07  +4.051380e-06  -6.931458e-07  -3.144478e-07  -5.215026e-06  +1.316653e-07  +8.156702e-07  -1.811581e-05  +2.479337e-07  -8.168202e-10  +2.749559e-04  +9.555129e-09  +3.490469e-08  +2.390039e-03  
-4.549626e-08  +1.851056e-07  -3.123607e-07  +8.077481e-07  -1.253726e-06  +3.010855e-07  -2.392123e-07  +1.418714e-06  +7.268247e-08  -1.123102e-06  +8.023591e-06  -8.168202e-10  +2.071507e-07  -2.428212e-04  -7.659543e-09  +1.993127e-08  -6.884631e-04  
+1.162958e-03  -1.460835e-03  +1.950194e-04  -9.281648e-03  +1.175639e-02  -3.394093e-03  +1.600736e-03  -1.910972e-02  -2.159041e-04  +7.654119e-03  -8.881784e-02  +2.749559e-04  -2.428212e-04  +3.014996e+00  -3.350708e-05  -7.598974e-05  +5.630533e+00  
-2.621840e-08  +5.882285e-08  +1.905378e-08  +4.237847e-07  -7.404205e-07  +1.811966e-07  -3.001075e-07  +4.153923e-07  -4.131939e-11  +1.511367e-08  +3.343152e-06  +9.555129e-09  -7.659543e-09  -3.350708e-05  +1.087379e-07  +3.062859e-09  -1.680197e-04  
-2.369245e-09  +1.719317e-07  +6.666243e-08  +3.312141e-07  +3.995440e-07  +1.521525e-07  -3.266760e-07  +7.591918e-07  -2.839103e-08  +2.618147e-08  +6.191007e-06  +3.490469e-08  +1.993127e-08  -7.598974e-05  +3.062859e-09  +1.689682e-07  -4.971910e-04  
+5.647881e-03  -6.731574e-03  +2.255015e-02  -2.133788e-02  +6.984909e-02  -2.011446e-02  -2.323241e-03  -1.484629e-01  +3.108357e-03  +2.122732e-02  -5.095799e-01  +2.390039e-03  -6.884631e-04  +5.630533e+00  -1.680197e-04  -4.971910e-04  +6.662274e+01  
