mean:
+3.935519e+00  +3.928970e+00  +8.250094e-01  +1.341009e+00  +1.430370e+00  +4.959304e-01  +8.033864e-01  +1.394842e+00  +1.713085e-01  +1.807036e+00  +5.981092e+00  +3.519749e+00  +2.658048e+00  +1.980656e+02  +4.277061e+00  +5.295605e+00  +2.700007e+02  +5.395814e+00  +3.766567e+00  +3.210134e+02  +2.640528e+00  +4.560055e+00  +3.894446e+02  
covariance:
+2.760098e-04  +1.634174e-04  -4.392466e-05  +3.366804e-04  +4.657806e-05  -5.086096e-06  +4.740759e-05  +1.925606e-04  +6.338086e-05  +1.799708e-04  -3.121827e-04  -1.968651e-04  -1.024262e-04  -1.493089e-02  -3.012064e-04  -4.480181e-07  -2.639048e-03  -1.195897e-04  -1.788345e-04  +2.721505e-02  -1.708994e-05  +4.406915e-07  -7.910539e-03  
+1.634174e-04  +1.169493e-04  -3.006435e-05  +1.929689e-04  +2.839694e-05  -4.419469e-06  +2.797339e-05  +8.457510e-05  +3.943255e-05  +9.383032e-05  -1.771310e-04  -1.197744e-04  -6.146985e-05  -9.916512e-03  -1.826720e-04  -1.136527e-06  -4.445504e-03  -7.135607e-05  -1.072016e-04  +1.689728e-02  -1.003706e-05  +1.564513e-06  -3.583769e-03  
-4.392466e-05  -3.006435e-05  +5.832944e-05  +1.318912e-04  +4.142020e-09  +1.268390e-05  +2.370848e-06  +1.248856e-04  -1.091695e-05  +4.353297e-06  -1.562333e-04  +2.982760e-06  +6.225413e-06  +1.471797e-02  +3.148374e-05  +1.047107e-06  +7.921211e-03  +7.070508e-06  +1.612443e-05  -8.727622e-04  +5.489318e-07  -1.430913e-06  +6.549589e-03  
+3.366804e-04  +1.929689e-04  +1.318912e-04  +1.810823e-03  +8.708241e-05  +7.807861e-05  +1.354402e-04  +9.986678e-04  +5.309596e-05  +5.343955e-04  -1.732261e-03  -4.537326e-04  -2.160368e-04  +5.406218e-02  -5.491094e-04  +1.998254e-05  +4.162384e-02  -2.340859e-04  -3.478368e-04  +5.230278e-02  -3.354044e-05  -5.849000e-06  +2.786206e-02  
+4.657806e-05  +2.839694e-05  +4.142020e-09  +8.708241e-05  +7.281463e-05  +8.754462e-07  +8.619220e-06  +9.630689e-05  +1.157449e-05  +2.879597e-05  -8.462479e-05  -4.163390e-05  -2.044677e-05  +1.989115e-04  -5.658010e-05  -1.264098e-06  +1.569010e-04  -2.385325e-05  -3.427643e-05  +7.081673e-03  -3.280288e-06  +9.342753e-07  +1.110433e-04  
-5.086096e-06  -4.419469e-06  +1.268390e-05  +7.807861e-05  +8.754462e-07  +6.678119e-06  +4.814087e-06  +4.320915e-05  -2.724379e-06  +1.723643e-05  -8.191146e-05  -6.379904e-06  -1.324497e-06  +5.024426e-03  -1.860520e-06  +1.427094e-06  +3.162335e-03  -1.509597e-06  -2.663400e-06  +2.020381e-04  -4.249885e-07  -1.041948e-06  +1.837384e-03  
+4.740759e-05  +2.797339e-05  +2.370848e-06  +1.354402e-04  +8.619220e-06  +4.814087e-06  +2.062133e-05  +7.662475e-05  +8.941557e-06  +4.304603e-05  -1.371537e-04  -4.391683e-05  -2.194078e-05  +1.361442e-03  -6.278329e-05  +2.323321e-06  +2.132721e-03  -2.529305e-05  -3.878766e-05  +6.628565e-03  -3.426516e-06  -1.134008e-06  -5.358993e-04  
+1.925606e-04  +8.457510e-05  +1.248856e-04  +9.986678e-04  +9.630689e-05  +4.320915e-05  +7.662475e-05  +1.064722e-03  +2.149505e-05  +3.958121e-04  -1.080120e-03  -3.443180e-04  -1.682206e-04  +3.342098e-02  -4.015622e-04  +1.236046e-05  +5.126637e-02  -1.927708e-04  -2.501334e-04  +4.012130e-02  -2.286418e-05  -1.310277e-05  +2.612360e-03  
+6.338086e-05  +3.943255e-05  -1.091695e-05  +5.309596e-05  +1.157449e-05  -2.724379e-06  +8.941557e-06  +2.149505e-05  +1.823903e-05  +2.311420e-05  -4.575187e-05  -3.776696e-05  -1.933164e-05  -4.558260e-03  -6.036853e-05  -1.228118e-06  -2.787214e-03  -2.293896e-05  -3.540558e-05  +6.189949e-03  -3.602023e-06  +8.565999e-07  -1.865563e-03  
+1.799708e-04  +9.383032e-05  +4.353297e-06  +5.343955e-04  +2.879597e-05  +1.723643e-05  +4.304603e-05  +3.958121e-04  +2.311420e-05  +3.020444e-04  -5.532578e-04  -2.071089e-04  -1.053209e-04  +7.316030e-03  -2.767554e-04  +8.376605e-06  +2.061907e-02  -1.210145e-04  -1.692154e-04  +1.837220e-02  -1.516357e-05  -6.179735e-06  -1.226391e-03  
-3.121827e-04  -1.771310e-04  -1.562333e-04  -1.732261e-03  -8.462479e-05  -8.191146e-05  -1.371537e-04  -1.080120e-03  -4.575187e-05  -5.532578e-04  +1.831894e-03  +4.468051e-04  +2.091946e-04  -5.864909e-02  +5.333456e-04  -2.001769e-05  -4.902779e-02  +2.347975e-04  +3.385005e-04  -5.021946e-02  +3.162117e-05  +9.930966e-06  -2.174056e-02  
-1.968651e-04  -1.197744e-04  +2.982760e-06  -4.537326e-04  -4.163390e-05  -6.379904e-06  -4.391683e-05  -3.443180e-04  -3.776696e-05  -2.071089e-04  +4.468051e-04  +2.087980e-04  +1.072847e-04  +6.398518e-04  +2.849843e-04  -3.481124e-06  -1.029071e-02  +1.213890e-04  +1.708641e-04  -2.576974e-02  +1.477728e-05  +9.997694e-07  +1.558435e-03  
-1.024262e-04  -6.146985e-05  +6.225413e-06  -2.160368e-04  -2.044677e-05  -1.324497e-06  -2.194078e-05  -1.682206e-04  -1.933164e-05  -1.053209e-04  +2.091946e-04  +1.072847e-04  +5.734457e-05  +1.789795e-03  +1.496073e-04  -1.972408e-06  -4.440940e-03  +6.357154e-05  +8.945547e-05  -1.320244e-02  +7.333822e-06  +2.916013e-07  +1.509206e-03  
-1.493089e-02  -9.916512e-03  +1.471797e-02  +5.406218e-02  +1.989115e-04  +5.024426e-03  +1.361442e-03  +3.342098e-02  -4.558260e-03  +7.316030e-03  -5.864909e-02  +6.398518e-04  +1.789795e-03  +6.389547e+00  +9.341535e-03  +1.131136e-03  +2.647079e+00  +2.581195e-03  +4.273395e-03  -4.629078e-01  +2.710853e-04  -2.657147e-04  +3.165143e+00  
-3.012064e-04  -1.826720e-04  +3.148374e-05  -5.491094e-04  -5.658010e-05  -1.860520e-06  -6.278329e-05  -4.015622e-04  -6.036853e-05  -2.767554e-04  +5.333456e-04  +2.849843e-04  +1.496073e-04  +9.341535e-03  +4.088066e-04  -4.374989e-06  -8.281877e-03  +1.699049e-04  +2.437490e-04  -3.655786e-02  +2.069015e-05  +8.524920e-07  +6.497861e-03  
-4.480181e-07  -1.136527e-06  +1.047107e-06  +1.998254e-05  -1.264098e-06  +1.427094e-06  +2.323321e-06  +1.236046e-05  -1.228118e-06  +8.376605e-06  -2.001769e-05  -3.481124e-06  -1.972408e-06  +1.131136e-03  -4.374989e-06  +1.361377e-06  +1.147077e-03  -1.885283e-06  -3.090898e-06  +3.491175e-04  -4.369971e-08  -3.752876e-07  +2.972192e-04  
-2.639048e-03  -4.445504e-03  +7.921211e-03  +4.162384e-02  +1.569010e-04  +3.162335e-03  +2.132721e-03  +5.126637e-02  -2.787214e-03  +2.061907e-02  -4.902779e-02  -1.029071e-02  -4.440940e-03  +2.647079e+00  -8.281877e-03  +1.147077e-03  +4.429236e+00  -5.406088e-03  -5.698523e-03  +5.054091e-01  -6.388683e-04  -1.254376e-03  +1.660819e-01  
-1.195897e-04  -7.135607e-05  +7.070508e-06  -2.340859e-04  -2.385325e-05  -1.509597e-06  -2.529305e-05  -1.927708e-04  -2.293896e-05  -1.210145e-04  +2.347975e-04  +1.213890e-04  +6.357154e-05  +2.581195e-03  +1.699049e-04  -1.885283e-06  -5.406088e-03  +7.270452e-05  +1.013085e-04  -1.503646e-02  +8.549114e-06  +8.414433e-07  +2.570513e-03  
-1.788345e-04  -1.072016e-04  +1.612443e-05  -3.478368e-04  -3.427643e-05  -2.663400e-06  -3.878766e-05  -2.501334e-04  -3.540558e-05  -1.692154e-04  +3.385005e-04  +1.708641e-04  +8.945547e-05  +4.273395e-03  +2.437490e-04  -3.090898e-06  -5.698523e-03  +1.013085e-04  +1.463560e-04  -2.198137e-02  +1.244692e-05  +8.290325e-07  +3.361958e-03  
+2.721505e-02  +1.689728e-02  -8.727622e-04  +5.230278e-02  +7.081673e-03  +2.020381e-04  +6.628565e-03  +4.012130e-02  +6.189949e-03  +1.837220e-02  -5.021946e-02  -2.576974e-02  -1.320244e-02  -4.629078e-01  -3.655786e-02  +3.491175e-04  +5.054091e-01  -1.503646e-02  -2.198137e-02  +4.438003e+00  -1.963563e-03  +2.686839e-04  -2.242528e-01  
-1.708994e-05  -1.003706e-05  +5.489318e-07  -3.354044e-05  -3.280288e-06  -4.249885e-07  -3.426516e-06  -2.286418e-05  -3.602023e-06  -1.516357e-05  +3.162117e-05  +1.477728e-05  +7.333822e-06  +2.710853e-04  +2.069015e-05  -4.369971e-08  -6.388683e-04  +8.549114e-06  +1.244692e-05  -1.963563e-03  +1.673268e-06  +1.730824e-07  +1.925336e-04  
+4.406915e-07  +1.564513e-06  -1.430913e-06  -5.849000e-06  +9.342753e-07  -1.041948e-06  -1.134008e-06  -1.310277e-05  +8.565999e-07  -6.179735e-06  +9.930966e-06  +9.997694e-07  +2.916013e-07  -2.657147e-04  +8.524920e-07  -3.752876e-07  -1.254376e-03  +8.414433e-07  +8.290325e-07  +2.686839e-04  +1.730824e-07  +1.247115e-06  +8.688591e-04  
-7.910539e-03  -3.583769e-03  +6.549589e-03  +2.786206e-02  +1.110433e-04  +1.837384e-03  -5.358993e-04  +2.612360e-03  -1.865563e-03  -1.226391e-03  -2.174056e-02  +1.558435e-03  +1.509206e-03  +3.165143e+00  +6.497861e-03  +2.972192e-04  +1.660819e-01  +2.570513e-03  +3.361958e-03  -2.242528e-01  +1.925336e-04  +8.688591e-04  +3.303498e+00  
