mean:
+3.978676e+00  +4.009018e+00  +8.504984e-01  +1.363887e+00  +1.242847e+00  +5.983078e-01  +8.176362e-01  +1.380257e+00  +1.678187e-01  +1.878369e+00  +5.871719e+00  +3.657048e+00  +2.874246e+00  +2.050792e+02  +4.309676e+00  +5.178961e+00  +2.870894e+02  +5.217909e+00  +3.909938e+00  +3.324282e+02  +2.880163e+00  +4.559201e+00  +3.969103e+02  
covariance:
+2.437938e-06  +8.273405e-07  -6.117350e-06  +9.890688e-06  +1.116962e-06  -9.490889e-07  -1.742350e-06  +1.799346e-05  -4.992459e-06  +3.705908e-05  -9.165992e-05  +8.598219e-06  -5.951707e-06  +6.239107e-03  -1.483345e-07  -4.485817e-07  +4.716358e-03  -5.598148e-07  +2.336143e-07  +4.143907e-03  +1.901247e-07  +9.548188e-08  +1.287741e-03  
+8.273405e-07  +3.986227e-06  +2.263998e-06  +1.773641e-06  -6.286300e-07  +3.582046e-07  +1.137947e-06  -7.305819e-06  +2.545042e-07  -3.763714e-06  +1.619301e-05  +8.304775e-07  -4.894259e-07  -1.186938e-03  +1.857786e-07  -1.272676e-07  -6.340303e-04  +1.270864e-07  +5.593839e-08  -5.192076e-04  -6.643997e-08  -1.140410e-07  -6.543853e-05  
-6.117350e-06  +2.263998e-06  +5.445551e-05  +1.109438e-06  -1.547707e-05  +4.554781e-06  +2.060205e-05  -8.485194e-05  +8.499036e-06  -1.040127e-04  +4.682688e-04  -9.874036e-06  +7.458233e-06  -2.796703e-02  +6.045259e-07  +1.015674e-06  -1.688932e-02  +1.718250e-06  +2.765596e-08  -1.837083e-02  -8.650620e-07  -1.063256e-06  -5.103875e-03  
+9.890688e-06  +1.773641e-06  +1.109438e-06  +1.936652e-04  -5.493006e-06  -1.546487e-06  +1.033527e-05  +9.130595e-05  -4.125558e-05  +2.660710e-04  -4.490119e-04  +9.862599e-05  -6.546330e-05  +3.045019e-02  -1.273234e-06  -6.490801e-06  +3.505754e-02  -7.274380e-06  +3.461589e-06  +2.286035e-02  +1.867843e-06  -2.024403e-06  +6.235364e-03  
+1.116962e-06  -6.286300e-07  -1.547707e-05  -5.493006e-06  +1.506691e-05  -1.552038e-06  -6.628965e-06  +2.517722e-05  +1.340204e-06  +6.269707e-06  -9.789735e-05  -7.263282e-06  +4.401341e-06  +6.560871e-03  -8.644004e-07  -4.175475e-07  +2.306106e-03  -7.323151e-07  +2.876852e-08  +2.255777e-03  +5.890188e-07  -1.080574e-07  +7.168358e-04  
-9.490889e-07  +3.582046e-07  +4.554781e-06  -1.546487e-06  -1.552038e-06  +5.329979e-06  +2.446543e-06  -2.765602e-05  +3.381074e-06  -2.660560e-05  +5.011880e-05  +9.651463e-08  +1.185787e-06  -5.937313e-03  +1.195895e-06  -9.209663e-08  -4.159387e-03  +5.473800e-07  +6.387240e-08  -2.451528e-03  +1.978829e-08  -2.598309e-08  -1.519616e-03  
-1.742350e-06  +1.137947e-06  +2.060205e-05  +1.033527e-05  -6.628965e-06  +2.446543e-06  +2.025212e-05  -2.802286e-05  -2.093543e-06  -2.052226e-05  +1.769100e-04  -8.800844e-07  +8.539170e-08  -1.141216e-02  +3.917797e-07  -2.594098e-07  -5.280440e-03  +5.104966e-07  -5.701887e-08  -7.559240e-03  +1.674405e-07  -1.322356e-06  -2.535401e-03  
+1.799346e-05  -7.305819e-06  -8.485194e-05  +9.130595e-05  +2.517722e-05  -2.765602e-05  -2.802286e-05  +4.967412e-04  -6.191435e-05  +4.731759e-04  -1.030671e-03  +7.327670e-05  -6.294410e-05  +8.233794e-02  -1.059738e-05  -7.601498e-06  +6.281634e-02  -1.259159e-05  -2.952037e-06  +3.941958e-02  +3.153682e-06  -7.195032e-07  +1.853844e-02  
-4.992459e-06  +2.545042e-07  +8.499036e-06  -4.125558e-05  +1.340204e-06  +3.381074e-06  -2.093543e-06  -6.191435e-05  +2.120708e-05  -1.387953e-04  +2.330068e-04  -3.358129e-05  +2.365490e-05  -1.791388e-02  +6.996038e-07  +1.378782e-06  -1.541500e-02  +1.906152e-06  -6.314023e-07  -1.185228e-02  -6.909321e-07  +9.768627e-08  -3.567002e-03  
+3.705908e-05  -3.763714e-06  -1.040127e-04  +2.660710e-04  +6.269707e-06  -2.660560e-05  -2.052226e-05  +4.731759e-04  -1.387953e-04  +9.942473e-04  -1.994446e-03  +2.326227e-04  -1.625681e-04  +1.463803e-01  -5.047933e-06  -9.722825e-06  +1.170825e-01  -1.405480e-05  +4.983663e-06  +9.702416e-02  +4.600393e-06  +1.467936e-06  +2.930052e-02  
-9.165992e-05  +1.619301e-05  +4.682688e-04  -4.490119e-04  -9.789735e-05  +5.011880e-05  +1.769100e-04  -1.030671e-03  +2.330068e-04  -1.994446e-03  +6.065690e-03  -4.538473e-04  +3.063510e-04  -3.886908e-01  +2.975945e-06  +2.739174e-05  -2.802663e-01  +3.228880e-05  -1.675041e-05  -2.680820e-01  -9.908216e-06  -9.701729e-06  -7.705953e-02  
+8.598219e-06  +8.304775e-07  -9.874036e-06  +9.862599e-05  -7.263282e-06  +9.651463e-08  -8.800844e-07  +7.327670e-05  -3.358129e-05  +2.326227e-04  -4.538473e-04  +8.966716e-05  -5.737050e-05  +2.932947e-02  +1.458849e-06  -3.985137e-06  +3.111412e-02  -3.525439e-06  +3.479650e-06  +2.550878e-02  +1.055347e-06  +8.670602e-07  +7.265998e-03  
-5.951707e-06  -4.894259e-07  +7.458233e-06  -6.546330e-05  +4.401341e-06  +1.185787e-06  +8.539170e-08  -6.294410e-05  +2.365490e-05  -1.625681e-04  +3.063510e-04  -5.737050e-05  +3.830935e-05  -2.048214e-02  -4.875368e-07  +2.949641e-06  -2.151854e-02  +2.774453e-06  -2.060910e-06  -1.646324e-02  -7.734906e-07  -3.024983e-07  -5.029634e-03  
+6.239107e-03  -1.186938e-03  -2.796703e-02  +3.045019e-02  +6.560871e-03  -5.937313e-03  -1.141216e-02  +8.233794e-02  -1.791388e-02  +1.463803e-01  -3.886908e-01  +2.932947e-02  -2.048214e-02  +2.886230e+01  -1.397880e-03  -1.584879e-03  +1.928855e+01  -2.347106e-03  +1.129717e-03  +1.758814e+01  +7.313259e-04  +7.053038e-04  +5.783963e+00  
-1.483345e-07  +1.857786e-07  +6.045259e-07  -1.273234e-06  -8.644004e-07  +1.195895e-06  +3.917797e-07  -1.059738e-05  +6.996038e-07  -5.047933e-06  +2.975945e-06  +1.458849e-06  -4.875368e-07  -1.397880e-03  +1.142297e-06  -1.296235e-08  -4.960444e-04  +3.395101e-07  +2.247673e-07  +3.702273e-04  -1.304211e-07  +7.803678e-08  -2.675914e-04  
-4.485817e-07  -1.272676e-07  +1.015674e-06  -6.490801e-06  -4.175475e-07  -9.209663e-08  -2.594098e-07  -7.601498e-06  +1.378782e-06  -9.722825e-06  +2.739174e-05  -3.985137e-06  +2.949641e-06  -1.584879e-03  -1.296235e-08  +9.802812e-07  -1.890395e-03  +5.081694e-07  -3.275042e-07  -7.827594e-04  -1.772488e-07  +2.543737e-07  -5.065666e-04  
+4.716358e-03  -6.340303e-04  -1.688932e-02  +3.505754e-02  +2.306106e-03  -4.159387e-03  -5.280440e-03  +6.281634e-02  -1.541500e-02  +1.170825e-01  -2.802663e-01  +3.111412e-02  -2.151854e-02  +1.928855e+01  -4.960444e-04  -1.890395e-03  +1.729021e+01  -2.179778e-03  +1.339599e-03  +1.326888e+01  +6.296979e-04  +2.469574e-04  +4.232024e+00  
-5.598148e-07  +1.270864e-07  +1.718250e-06  -7.274380e-06  -7.323151e-07  +5.473800e-07  +5.104966e-07  -1.259159e-05  +1.906152e-06  -1.405480e-05  +3.228880e-05  -3.525439e-06  +2.774453e-06  -2.347106e-03  +3.395101e-07  +5.081694e-07  -2.179778e-03  +8.591729e-07  -8.781319e-08  -1.118975e-03  -1.233582e-07  +5.300850e-08  -4.976083e-04  
+2.336143e-07  +5.593839e-08  +2.765596e-08  +3.461589e-06  +2.876852e-08  +6.387240e-08  -5.701887e-08  -2.952037e-06  -6.314023e-07  +4.983663e-06  -1.675041e-05  +3.479650e-06  -2.060910e-06  +1.129717e-03  +2.247673e-07  -3.275042e-07  +1.339599e-03  -8.781319e-08  +9.043229e-07  +8.629640e-04  +8.760305e-08  +5.144544e-08  +3.105297e-04  
+4.143907e-03  -5.192076e-04  -1.837083e-02  +2.286035e-02  +2.255777e-03  -2.451528e-03  -7.559240e-03  +3.941958e-02  -1.185228e-02  +9.702416e-02  -2.680820e-01  +2.550878e-02  -1.646324e-02  +1.758814e+01  +3.702273e-04  -7.827594e-04  +1.326888e+01  -1.118975e-03  +8.629640e-04  +1.432895e+01  +2.516448e-04  +7.539991e-04  +3.489001e+00  
+1.901247e-07  -6.643997e-08  -8.650620e-07  +1.867843e-06  +5.890188e-07  +1.978829e-08  +1.674405e-07  +3.153682e-06  -6.909321e-07  +4.600393e-06  -9.908216e-06  +1.055347e-06  -7.734906e-07  +7.313259e-04  -1.304211e-07  -1.772488e-07  +6.296979e-04  -1.233582e-07  +8.760305e-08  +2.516448e-04  +3.814529e-07  -3.500209e-08  +1.098543e-04  
+9.548188e-08  -1.140410e-07  -1.063256e-06  -2.024403e-06  -1.080574e-07  -2.598309e-08  -1.322356e-06  -7.195032e-07  +9.768627e-08  +1.467936e-06  -9.701729e-06  +8.670602e-07  -3.024983e-07  +7.053038e-04  +7.803678e-08  +2.543737e-07  +2.469574e-04  +5.300850e-08  +5.144544e-08  +7.539991e-04  -3.500209e-08  +6.736142e-07  +6.963814e-05  
+1.287741e-03  -6.543853e-05  -5.103875e-03  +6.235364e-03  +7.168358e-04  -1.519616e-03  -2.535401e-03  +1.853844e-02  -3.567002e-03  +2.930052e-02  -7.705953e-02  +7.265998e-03  -5.029634e-03  +5.783963e+00  -2.675914e-04  -5.065666e-04  +4.232024e+00  -4.976083e-04  +3.105297e-04  +3.489001e+00  +1.098543e-04  +6.963814e-05  +2.283280e+00  
