mean:
+3.967147e+00  +4.003769e+00  +5.920199e-01  +2.014644e+00  +1.305155e+00  +6.031737e-01  +8.383982e-01  +2.209407e+00  +3.805738e-02  +3.903533e+00  +5.943291e+00  +4.624103e+00  +3.191484e+00  +3.299127e+02  +2.670952e+00  +3.678076e+00  +4.564322e+02  +4.720236e+00  +4.879833e+00  +8.046317e+02  +3.938979e+00  +5.172933e+00  +4.383485e+02  
covariance:
+1.973502e-06  -4.359911e-07  -1.583817e-06  +2.412430e-06  +1.550358e-06  +4.515948e-07  +4.073390e-06  +8.604738e-08  -1.921122e-07  +5.631749e-06  -1.792418e-05  +2.206436e-08  -8.898497e-08  +2.318699e-04  +1.550018e-08  +6.567498e-08  +1.013281e-03  -1.049066e-07  -2.242527e-07  +1.389794e-03  +4.834517e-08  +1.016914e-07  +5.323197e-04  
-4.359911e-07  +6.535070e-06  +4.015842e-07  +1.976143e-06  -3.032723e-07  -1.625487e-07  +1.349227e-06  +2.443051e-06  -7.831335e-08  +3.516371e-06  +2.222257e-06  +1.302529e-08  -1.196650e-07  +4.687129e-04  +7.247388e-08  -1.350657e-07  +7.350863e-04  -7.564984e-08  +3.286446e-08  +9.301078e-05  +1.616108e-07  -2.392304e-07  +5.997209e-04  
-1.583817e-06  +4.015842e-07  +3.868105e-05  -3.536784e-05  -2.505838e-05  -5.392841e-06  -4.679080e-05  +1.093312e-05  +1.689388e-06  -6.061272e-05  +2.495224e-04  -1.752851e-06  +9.343956e-07  -5.030895e-03  -1.212326e-07  -1.657076e-06  -1.116913e-02  -1.123202e-06  +2.083559e-06  -2.111145e-02  +1.064174e-06  -1.639430e-06  -7.085191e-03  
+2.412430e-06  +1.976143e-06  -3.536784e-05  +8.491958e-05  +2.762528e-05  +7.818849e-06  +4.087828e-05  -1.868114e-05  -1.248368e-06  +6.450629e-05  -3.295594e-04  -7.226757e-08  -6.692117e-07  +1.790144e-03  +1.566883e-06  +1.767436e-06  +1.161400e-02  +2.064493e-06  -2.259490e-06  +2.297062e-02  -1.502869e-08  +1.278569e-06  +6.365840e-03  
+1.550358e-06  -3.032723e-07  -2.505838e-05  +2.762528e-05  +2.819240e-05  +3.766672e-06  +3.260982e-05  -2.857991e-06  -1.260612e-06  +4.569419e-05  -1.608895e-04  +1.124295e-06  -3.557107e-07  +2.745533e-03  +2.666860e-07  +1.322496e-06  +7.848834e-03  +4.271254e-07  -1.273701e-06  +1.449238e-02  -7.984713e-07  +1.124162e-06  +4.816756e-03  
+4.515948e-07  -1.625487e-07  -5.392841e-06  +7.818849e-06  +3.766672e-06  +1.772423e-06  +9.676724e-06  -4.373295e-06  -3.602232e-07  +1.420301e-05  -5.902442e-05  +1.806893e-07  -4.119594e-07  +5.973000e-04  +1.252058e-07  +1.877482e-07  +2.350706e-03  +1.282922e-07  -5.005895e-07  +4.438757e-03  +5.807656e-08  +4.469152e-07  +1.429492e-03  
+4.073390e-06  +1.349227e-06  -4.679080e-05  +4.087828e-05  +3.260982e-05  +9.676724e-06  +1.190894e-04  +1.971244e-05  -5.312444e-06  +1.574898e-04  -3.930301e-04  +2.372282e-06  -4.863438e-06  +1.113515e-02  +5.864080e-07  +1.312952e-06  +2.868325e-02  -6.519366e-07  -3.206236e-06  +3.731663e-02  -1.324944e-07  +2.443957e-06  +1.859244e-02  
+8.604738e-08  +2.443051e-06  +1.093312e-05  -1.868114e-05  -2.857991e-06  -4.373295e-06  +1.971244e-05  +7.628396e-05  -1.654604e-06  +2.795014e-05  +1.493813e-04  +1.225529e-07  -9.695330e-07  +2.040862e-03  +9.512098e-08  -5.113195e-07  +6.295606e-03  -2.560746e-06  +1.468231e-06  -5.135442e-03  +4.566187e-08  -1.599243e-06  +3.014369e-03  
-1.921122e-07  -7.831335e-08  +1.689388e-06  -1.248368e-06  -1.260612e-06  -3.602232e-07  -5.312444e-06  -1.654604e-06  +2.871008e-07  -7.613057e-06  +1.298261e-05  -1.163246e-07  +2.201433e-07  -4.839166e-04  -3.069445e-08  -2.542673e-08  -1.317317e-03  +7.908997e-08  +1.251186e-07  -1.402942e-03  -1.892038e-08  -9.298573e-08  -8.713035e-04  
+5.631749e-06  +3.516371e-06  -6.061272e-05  +6.450629e-05  +4.569419e-05  +1.420301e-05  +1.574898e-04  +2.795014e-05  -7.613057e-06  +2.507313e-04  -5.195130e-04  +3.290101e-06  -6.535873e-06  +1.260089e-02  +1.496523e-06  +8.219785e-07  +4.091149e-02  -1.938055e-06  -5.067401e-06  +4.743174e-02  +1.260035e-06  +3.150286e-06  +2.691029e-02  
-1.792418e-05  +2.222257e-06  +2.495224e-04  -3.295594e-04  -1.608895e-04  -5.902442e-05  -3.930301e-04  +1.493813e-04  +1.298261e-05  -5.195130e-04  +2.542954e-03  -5.525777e-06  +1.637978e-05  -3.268540e-02  -4.102816e-06  -8.126913e-06  -9.576072e-02  -7.371232e-06  +1.898117e-05  -1.858218e-01  -3.680166e-07  -1.258973e-05  -5.947030e-02  
+2.206436e-08  +1.302529e-08  -1.752851e-06  -7.226757e-08  +1.124295e-06  +1.806893e-07  +2.372282e-06  +1.225529e-07  -1.163246e-07  +3.290101e-06  -5.525777e-06  +3.493708e-07  -6.703885e-08  +3.125570e-04  -3.944494e-08  +1.028477e-07  +5.049634e-04  -1.068903e-07  -1.371545e-07  +9.104093e-04  -7.478162e-08  +1.253739e-07  +3.136927e-04  
-8.898497e-08  -1.196650e-07  +9.343956e-07  -6.692117e-07  -3.557107e-07  -4.119594e-07  -4.863438e-06  -9.695330e-07  +2.201433e-07  -6.535873e-06  +1.637978e-05  -6.703885e-08  +5.831587e-07  -4.669023e-04  -7.388088e-08  +3.570077e-08  -1.255366e-03  +5.996346e-08  +1.062544e-07  -1.339098e-03  -1.434521e-07  -8.771264e-08  -8.274977e-04  
+2.318699e-04  +4.687129e-04  -5.030895e-03  +1.790144e-03  +2.745533e-03  +5.973000e-04  +1.113515e-02  +2.040862e-03  -4.839166e-04  +1.260089e-02  -3.268540e-02  +3.125570e-04  -4.669023e-04  +1.590947e+00  -7.662342e-05  +8.172717e-05  +2.577082e+00  +3.901963e-05  -2.344904e-04  +3.302821e+00  -1.238291e-04  +1.422772e-04  +1.864638e+00  
+1.550018e-08  +7.247388e-08  -1.212326e-07  +1.566883e-06  +2.666860e-07  +1.252058e-07  +5.864080e-07  +9.512098e-08  -3.069445e-08  +1.496523e-06  -4.102816e-06  -3.944494e-08  -7.388088e-08  -7.662342e-05  +2.153905e-07  +1.979343e-08  +2.401299e-04  +1.587807e-08  -1.739506e-09  +2.851263e-04  +9.228284e-08  -4.870528e-09  +4.984800e-05  
+6.567498e-08  -1.350657e-07  -1.657076e-06  +1.767436e-06  +1.322496e-06  +1.877482e-07  +1.312952e-06  -5.113195e-07  -2.542673e-08  +8.219785e-07  -8.126913e-06  +1.028477e-07  +3.570077e-08  +8.172717e-05  +1.979343e-08  +3.362208e-07  +2.490739e-04  +2.955894e-08  -3.708804e-08  +9.533722e-04  -1.137340e-07  +7.323967e-08  +1.324566e-05  
+1.013281e-03  +7.350863e-04  -1.116913e-02  +1.161400e-02  +7.848834e-03  +2.350706e-03  +2.868325e-02  +6.295606e-03  -1.317317e-03  +4.091149e-02  -9.576072e-02  +5.049634e-04  -1.255366e-03  +2.577082e+00  +2.401299e-04  +2.490739e-04  +7.450972e+00  -2.508210e-04  -7.917282e-04  +8.832323e+00  +1.197299e-04  +5.056419e-04  +4.673641e+00  
-1.049066e-07  -7.564984e-08  -1.123202e-06  +2.064493e-06  +4.271254e-07  +1.282922e-07  -6.519366e-07  -2.560746e-06  +7.908997e-08  -1.938055e-06  -7.371232e-06  -1.068903e-07  +5.996346e-08  +3.901963e-05  +1.587807e-08  +2.955894e-08  -2.508210e-04  +5.317845e-07  +6.663057e-09  +1.709730e-04  -1.233467e-07  +5.240850e-08  +6.090526e-05  
-2.242527e-07  +3.286446e-08  +2.083559e-06  -2.259490e-06  -1.273701e-06  -5.005895e-07  -3.206236e-06  +1.468231e-06  +1.251186e-07  -5.067401e-06  +1.898117e-05  -1.371545e-07  +1.062544e-07  -2.344904e-04  -1.739506e-09  -3.708804e-08  -7.917282e-04  +6.663057e-09  +3.266570e-07  -1.433771e-03  -2.941296e-08  -1.702534e-07  -4.622340e-04  
+1.389794e-03  +9.301078e-05  -2.111145e-02  +2.297062e-02  +1.449238e-02  +4.438757e-03  +3.731663e-02  -5.135442e-03  -1.402942e-03  +4.743174e-02  -1.858218e-01  +9.104093e-04  -1.339098e-03  +3.302821e+00  +2.851263e-04  +9.533722e-04  +8.832323e+00  +1.709730e-04  -1.433771e-03  +1.596503e+01  -2.422177e-04  +1.085587e-03  +5.282960e+00  
+4.834517e-08  +1.616108e-07  +1.064174e-06  -1.502869e-08  -7.984713e-07  +5.807656e-08  -1.324944e-07  +4.566187e-08  -1.892038e-08  +1.260035e-06  -3.680166e-07  -7.478162e-08  -1.434521e-07  -1.238291e-04  +9.228284e-08  -1.137340e-07  +1.197299e-04  -1.233467e-07  -2.941296e-08  -2.422177e-04  +3.254820e-07  -5.473890e-08  +3.713898e-05  
+1.016914e-07  -2.392304e-07  -1.639430e-06  +1.278569e-06  +1.124162e-06  +4.469152e-07  +2.443957e-06  -1.599243e-06  -9.298573e-08  +3.150286e-06  -1.258973e-05  +1.253739e-07  -8.771264e-08  +1.422772e-04  -4.870528e-09  +7.323967e-08  +5.056419e-04  +5.240850e-08  -1.702534e-07  +1.085587e-03  -5.473890e-08  +3.274237e-07  +3.026657e-04  
+5.323197e-04  +5.997209e-04  -7.085191e-03  +6.365840e-03  +4.816756e-03  +1.429492e-03  +1.859244e-02  +3.014369e-03  -8.713035e-04  +2.691029e-02  -5.947030e-02  +3.136927e-04  -8.274977e-04  +1.864638e+00  +4.984800e-05  +1.324566e-05  +4.673641e+00  +6.090526e-05  -4.622340e-04  +5.282960e+00  +3.713898e-05  +3.026657e-04  +3.648741e+00  
