mean:
+4.018713e+00  +3.960415e+00  +8.640758e-01  +1.330767e+00  +1.231859e+00  +5.066279e-01  +8.168812e-01  +1.338023e+00  +1.790733e-01  +1.890834e+00  +5.757354e+00  +3.659863e+00  +2.856529e+00  +2.122848e+02  +4.309809e+00  +5.128308e+00  +2.915867e+02  +5.252947e+00  +3.797498e+00  +3.342665e+02  +2.879863e+00  +4.479003e+00  +4.006833e+02  
covariance:
+2.205071e-06  +2.141026e-07  -3.309804e-07  -1.871180e-05  -7.656175e-07  -3.545039e-06  +2.980240e-06  -9.227513e-08  +1.668397e-06  -1.863095e-05  +8.140676e-05  -1.285346e-07  -2.446178e-08  -1.327725e-03  +1.237624e-07  -3.054875e-07  -3.533484e-03  -2.700532e-07  -1.401905e-07  -3.512928e-03  -1.820498e-07  +6.510895e-08  -5.282197e-03  
+2.141026e-07  +1.846907e-06  -5.984963e-07  -3.745695e-06  -2.691251e-07  -8.735998e-07  +6.103748e-07  -8.041628e-07  +1.877538e-07  -3.008225e-06  +2.109547e-05  -1.347718e-07  -6.447350e-08  -1.096016e-04  -3.348335e-08  -8.973557e-08  -8.665329e-04  +9.238167e-09  +3.311006e-08  -6.257522e-04  +3.096127e-08  +6.629299e-09  -1.040844e-03  
-3.309804e-07  -5.984963e-07  +2.632028e-05  +1.223180e-05  +1.539529e-06  -1.382442e-06  -6.423323e-07  -1.161404e-05  -5.184131e-06  +3.786213e-05  -9.980246e-05  +5.813468e-07  +6.351506e-07  +2.487907e-03  -3.134169e-07  -2.470201e-06  +1.200771e-02  -1.212877e-06  -6.931325e-07  +2.683780e-03  -4.322812e-07  -1.938132e-07  +9.726227e-03  
-1.871180e-05  -3.745695e-06  +1.223180e-05  +5.748875e-04  +2.292373e-05  +8.491286e-05  -7.664996e-05  -8.887215e-05  -4.240312e-05  +4.895508e-04  -2.009552e-03  +4.854540e-06  +4.159015e-06  +3.819341e-02  -8.296976e-06  +4.598367e-06  +8.665643e-02  +6.350552e-06  +3.490723e-06  +8.947351e-02  +7.510089e-06  -1.269481e-07  +1.434904e-01  
-7.656175e-07  -2.691251e-07  +1.539529e-06  +2.292373e-05  +3.873300e-06  +4.444677e-06  -4.483573e-06  -5.944741e-06  -1.939113e-06  +2.571217e-05  -1.043907e-04  +1.067648e-07  +1.578064e-07  +1.881742e-03  -4.489368e-07  -1.236429e-07  +5.239080e-03  +5.235412e-08  +2.424329e-07  +3.357395e-03  +5.950102e-07  -1.647786e-07  +7.272598e-03  
-3.545039e-06  -8.735998e-07  -1.382442e-06  +8.491286e-05  +4.444677e-06  +2.476534e-05  -2.323813e-05  +1.007131e-06  -1.894062e-06  +7.120793e-05  -4.446753e-04  +1.961003e-07  +1.711814e-07  +5.492384e-03  +1.747845e-07  +1.652619e-06  +1.600128e-02  +1.745134e-06  +1.042942e-07  +1.625780e-02  +1.069244e-06  +5.100248e-07  +2.790935e-02  
+2.980240e-06  +6.103748e-07  -6.423323e-07  -7.664996e-05  -4.483573e-06  -2.323813e-05  +3.357442e-05  -3.286415e-06  +1.631475e-06  -8.188691e-05  +4.360139e-04  +1.739016e-07  -7.318477e-07  -6.644228e-03  +2.620611e-07  -1.433574e-06  -1.746168e-02  -1.667648e-06  +1.381237e-07  -1.520148e-02  -1.340723e-06  -7.772051e-07  -3.076400e-02  
-9.227513e-08  -8.041628e-07  -1.161404e-05  -8.887215e-05  -5.944741e-06  +1.007131e-06  -3.286415e-06  +1.503328e-04  +1.152105e-05  -7.878526e-05  +1.459871e-04  +2.550789e-07  -8.126699e-07  -4.480828e-03  +4.480174e-06  +5.700236e-06  -2.785322e-03  +1.419746e-06  -5.808639e-08  +8.023445e-03  -3.219445e-06  -5.756633e-07  -5.110033e-03  
+1.668397e-06  +1.877538e-07  -5.184131e-06  -4.240312e-05  -1.939113e-06  -1.894062e-06  +1.631475e-06  +1.152105e-05  +9.310869e-06  -6.502523e-05  +1.312203e-04  -5.711953e-07  -5.283308e-07  -4.602268e-03  +1.742539e-06  +5.459838e-07  -9.548334e-03  -5.450865e-07  -7.312146e-07  -6.199365e-03  -7.622511e-07  +6.491528e-07  -1.100261e-02  
-1.863095e-05  -3.008225e-06  +3.786213e-05  +4.895508e-04  +2.571217e-05  +7.120793e-05  -8.188691e-05  -7.878526e-05  -6.502523e-05  +6.344859e-04  -2.007339e-03  +4.530077e-06  +4.645751e-06  +4.573371e-02  -1.168646e-05  -4.669889e-07  +1.066028e-01  +7.355273e-06  +4.314201e-06  +7.929938e-02  +8.212528e-06  -2.693072e-06  +1.471921e-01  
+8.140676e-05  +2.109547e-05  -9.980246e-05  -2.009552e-03  -1.043907e-04  -4.446753e-04  +4.360139e-04  +1.459871e-04  +1.312203e-04  -2.007339e-03  +9.716469e-03  -1.209871e-05  -9.594587e-06  -1.459108e-01  +1.176044e-05  -1.609094e-05  -4.039581e-01  -2.911528e-05  -2.598201e-06  -3.523678e-01  -2.561243e-05  -7.158464e-06  -6.294541e-01  
-1.285346e-07  -1.347718e-07  +5.813468e-07  +4.854540e-06  +1.067648e-07  +1.961003e-07  +1.739016e-07  +2.550789e-07  -5.711953e-07  +4.530077e-06  -1.209871e-05  +1.077989e-06  -7.428981e-08  +2.464570e-04  -4.043322e-08  +2.074168e-07  +8.841042e-04  +6.375004e-08  +3.558048e-08  +1.037079e-03  -4.777060e-09  -2.018073e-07  +7.334928e-04  
-2.446178e-08  -6.447350e-08  +6.351506e-07  +4.159015e-06  +1.578064e-07  +1.711814e-07  -7.318477e-07  -8.126699e-07  -5.283308e-07  +4.645751e-06  -9.594587e-06  -7.428981e-08  +6.225243e-07  +6.149569e-04  -3.502504e-07  -1.167108e-09  +7.395801e-04  -2.886073e-08  +1.934406e-08  +7.168716e-04  +7.800375e-08  +3.507257e-08  +1.494796e-03  
-1.327725e-03  -1.096016e-04  +2.487907e-03  +3.819341e-02  +1.881742e-03  +5.492384e-03  -6.644228e-03  -4.480828e-03  -4.602268e-03  +4.573371e-02  -1.459108e-01  +2.464570e-04  +6.149569e-04  +4.583403e+00  -9.104565e-04  +1.853321e-04  +8.797714e+00  +5.908210e-04  +6.761143e-04  +7.768605e+00  +7.097009e-04  -6.787776e-05  +1.263129e+01  
+1.237624e-07  -3.348335e-08  -3.134169e-07  -8.296976e-06  -4.489368e-07  +1.747845e-07  +2.620611e-07  +4.480174e-06  +1.742539e-06  -1.168646e-05  +1.176044e-05  -4.043322e-08  -3.502504e-07  -9.104565e-04  +1.020416e-06  +1.851296e-07  -1.285349e-03  -4.018089e-09  -2.024878e-07  -6.336532e-04  -2.529208e-07  +2.775746e-07  -1.749822e-03  
-3.054875e-07  -8.973557e-08  -2.470201e-06  +4.598367e-06  -1.236429e-07  +1.652619e-06  -1.433574e-06  +5.700236e-06  +5.459838e-07  -4.669889e-07  -1.609094e-05  +2.074168e-07  -1.167108e-09  +1.853321e-04  +1.851296e-07  +1.112177e-06  +5.245959e-04  +1.389130e-07  +1.863402e-07  +2.115260e-03  -3.997472e-08  -1.660136e-07  +1.627446e-03  
-3.533484e-03  -8.665329e-04  +1.200771e-02  +8.665643e-02  +5.239080e-03  +1.600128e-02  -1.746168e-02  -2.785322e-03  -9.548334e-03  +1.066028e-01  -4.039581e-01  +8.841042e-04  +7.395801e-04  +8.797714e+00  -1.285349e-03  +5.245959e-04  +2.589851e+01  +9.164887e-04  +1.085471e-03  +1.842449e+01  +1.182367e-03  -7.070894e-04  +3.283775e+01  
-2.700532e-07  +9.238167e-09  -1.212877e-06  +6.350552e-06  +5.235412e-08  +1.745134e-06  -1.667648e-06  +1.419746e-06  -5.450865e-07  +7.355273e-06  -2.911528e-05  +6.375004e-08  -2.886073e-08  +5.908210e-04  -4.018089e-09  +1.389130e-07  +9.164887e-04  +7.284804e-07  +7.646075e-08  +1.356359e-03  +3.426444e-08  +1.210676e-07  +1.661417e-03  
-1.401905e-07  +3.311006e-08  -6.931325e-07  +3.490723e-06  +2.424329e-07  +1.042942e-07  +1.381237e-07  -5.808639e-08  -7.312146e-07  +4.314201e-06  -2.598201e-06  +3.558048e-08  +1.934406e-08  +6.761143e-04  -2.024878e-07  +1.863402e-07  +1.085471e-03  +7.646075e-08  +7.004374e-07  +1.419836e-03  +1.125781e-07  -1.374194e-07  +1.164635e-03  
-3.512928e-03  -6.257522e-04  +2.683780e-03  +8.947351e-02  +3.357395e-03  +1.625780e-02  -1.520148e-02  +8.023445e-03  -6.199365e-03  +7.929938e-02  -3.523678e-01  +1.037079e-03  +7.168716e-04  +7.768605e+00  -6.336532e-04  +2.115260e-03  +1.842449e+01  +1.356359e-03  +1.419836e-03  +2.250668e+01  +7.967318e-04  -1.739153e-04  +2.923543e+01  
-1.820498e-07  +3.096127e-08  -4.322812e-07  +7.510089e-06  +5.950102e-07  +1.069244e-06  -1.340723e-06  -3.219445e-06  -7.622511e-07  +8.212528e-06  -2.561243e-05  -4.777060e-09  +7.800375e-08  +7.097009e-04  -2.529208e-07  -3.997472e-08  +1.182367e-03  +3.426444e-08  +1.125781e-07  +7.967318e-04  +5.173763e-07  +2.300560e-08  +1.949417e-03  
+6.510895e-08  +6.629299e-09  -1.938132e-07  -1.269481e-07  -1.647786e-07  +5.100248e-07  -7.772051e-07  -5.756633e-07  +6.491528e-07  -2.693072e-06  -7.158464e-06  -2.018073e-07  +3.507257e-08  -6.787776e-05  +2.775746e-07  -1.660136e-07  -7.070894e-04  +1.210676e-07  -1.374194e-07  -1.739153e-04  +2.300560e-08  +8.593066e-07  +2.803171e-05  
-5.282197e-03  -1.040844e-03  +9.726227e-03  +1.434904e-01  +7.272598e-03  +2.790935e-02  -3.076400e-02  -5.110033e-03  -1.100261e-02  +1.471921e-01  -6.294541e-01  +7.334928e-04  +1.494796e-03  +1.263129e+01  -1.749822e-03  +1.627446e-03  +3.283775e+01  +1.661417e-03  +1.164635e-03  +2.923543e+01  +1.949417e-03  +2.803171e-05  +4.986495e+01  
