mean:
+3.968191e+00  +3.992314e+00  +8.752498e-01  +1.360398e+00  +1.223852e+00  +4.066336e-01  +8.088701e-01  +1.359943e+00  +1.744902e-01  +1.869927e+00  +5.897412e+00  +3.611777e+00  +2.920600e+00  +2.083437e+02  +4.295390e+00  +5.128157e+00  +2.878271e+02  +5.236278e+00  +3.830353e+00  +3.304944e+02  +2.800300e+00  +4.479547e+00  +3.989096e+02  
covariance:
+1.129294e-06  +2.971718e-07  +4.544237e-06  +1.046498e-05  +1.238908e-06  +1.374249e-06  -1.110277e-06  -8.326831e-07  -1.261431e-06  +8.860887e-06  -1.073638e-05  +1.016462e-07  +1.854644e-07  +3.631271e-04  -5.286224e-08  +3.345306e-08  +8.176256e-04  +9.087675e-08  -6.632964e-08  +8.766997e-04  +1.985754e-08  -5.135662e-08  +1.435842e-03  
+2.971718e-07  +2.498153e-06  +2.740915e-06  +7.263348e-06  +7.141918e-07  +1.026010e-06  -5.698313e-07  -2.032695e-06  -1.238709e-06  +8.219297e-06  -5.502671e-06  +4.220143e-08  +1.094710e-07  +3.594572e-04  -2.601410e-08  +9.441168e-08  +5.862798e-04  +9.249480e-08  -3.071505e-08  +7.953922e-04  -4.813863e-08  -5.757059e-08  +1.147177e-03  
+4.544237e-06  +2.740915e-06  +1.480977e-04  +3.156819e-04  +4.133371e-05  +3.889766e-05  -4.196277e-05  -2.889931e-05  -2.213481e-05  +2.010990e-04  -2.740166e-04  +4.632045e-06  +3.378412e-06  +1.174416e-02  -2.102397e-06  +3.209855e-06  +2.728474e-02  +2.076764e-06  -2.371472e-06  +3.336720e-02  -1.314021e-06  -2.007477e-06  +4.332190e-02  
+1.046498e-05  +7.263348e-06  +3.156819e-04  +9.049471e-04  +1.028473e-04  +8.528490e-05  -9.026986e-05  -4.718540e-05  -6.126766e-05  +5.112294e-04  -5.535555e-04  +1.405366e-05  +1.064614e-05  +3.115473e-02  -7.331206e-06  +5.923303e-06  +6.114010e-02  +8.954680e-07  -2.972366e-06  +8.184152e-02  -8.886033e-08  -3.875831e-06  +9.882476e-02  
+1.238908e-06  +7.141918e-07  +4.133371e-05  +1.028473e-04  +2.402731e-05  +1.108337e-05  -1.007961e-05  -4.646434e-06  -6.458606e-06  +5.797737e-05  -8.009335e-05  +1.820421e-06  +1.683156e-06  +3.731669e-03  -1.054851e-06  +5.072293e-07  +7.173406e-03  -5.844844e-07  -4.322213e-07  +9.080380e-03  +5.725838e-07  -5.770599e-07  +1.159559e-02  
+1.374249e-06  +1.026010e-06  +3.889766e-05  +8.528490e-05  +1.108337e-05  +1.273957e-05  -1.102503e-05  -1.451130e-05  -6.626960e-06  +5.843980e-05  -9.122430e-05  +1.056040e-06  +1.626586e-06  +3.342584e-03  -7.297771e-07  +7.438682e-07  +7.815520e-03  +7.837375e-07  -6.940564e-07  +1.052990e-02  -2.502293e-07  -4.209063e-07  +1.315282e-02  
-1.110277e-06  -5.698313e-07  -4.196277e-05  -9.026986e-05  -1.007961e-05  -1.102503e-05  +2.108268e-05  +1.268214e-05  +4.844318e-06  -5.918058e-05  +6.813175e-05  -1.548022e-06  -1.795900e-07  -3.834745e-03  +5.254860e-07  -1.029164e-06  -7.115981e-03  -7.918635e-07  +5.116971e-07  -9.105952e-03  +9.701983e-07  +1.987161e-08  -1.377302e-02  
-8.326831e-07  -2.032695e-06  -2.889931e-05  -4.718540e-05  -4.646434e-06  -1.451130e-05  +1.268214e-05  +1.624578e-04  +1.827878e-06  -3.466765e-05  +1.598617e-04  -6.885556e-07  -2.856600e-06  +3.375684e-05  +2.881838e-07  -7.426034e-08  -5.658608e-03  -1.653198e-06  +1.087042e-06  -1.481171e-02  +1.942332e-06  +2.009708e-07  -1.419251e-02  
-1.261431e-06  -1.238709e-06  -2.213481e-05  -6.126766e-05  -6.458606e-06  -6.626960e-06  +4.844318e-06  +1.827878e-06  +9.661831e-06  -6.274373e-05  +1.743571e-05  -6.146751e-07  -1.149423e-06  -2.699179e-03  +4.896853e-07  -6.234950e-07  -4.505920e-03  -5.245624e-07  +1.760840e-07  -4.900648e-03  -1.971919e-07  +4.786541e-07  -7.782539e-03  
+8.860887e-06  +8.219297e-06  +2.010990e-04  +5.112294e-04  +5.797737e-05  +5.843980e-05  -5.918058e-05  -3.466765e-05  -6.274373e-05  +4.644660e-04  -2.597520e-04  +6.349139e-06  +7.925834e-06  +2.194101e-02  -3.691581e-06  +4.887897e-06  +3.846643e-02  +4.105692e-06  -1.886585e-06  +4.355775e-02  +3.866257e-09  -3.210264e-06  +6.811683e-02  
-1.073638e-05  -5.502671e-06  -2.740166e-04  -5.535555e-04  -8.009335e-05  -9.122430e-05  +6.813175e-05  +1.598617e-04  +1.743571e-05  -2.597520e-04  +1.177114e-03  -8.818139e-06  -1.727352e-05  -1.667152e-02  +3.135108e-06  +2.467096e-06  -5.198858e-02  -3.273850e-06  +4.219248e-06  -6.995879e-02  +1.181194e-06  +5.130861e-06  -8.460892e-02  
+1.016462e-07  +4.220143e-08  +4.632045e-06  +1.405366e-05  +1.820421e-06  +1.056040e-06  -1.548022e-06  -6.885556e-07  -6.146751e-07  +6.349139e-06  -8.818139e-06  +7.627547e-07  +9.310658e-08  +3.891582e-04  -3.539106e-08  -8.944631e-08  +5.771144e-04  -2.385806e-07  -7.276235e-08  +7.251690e-04  +6.023549e-08  +2.120911e-08  +1.067320e-03  
+1.854644e-07  +1.094710e-07  +3.378412e-06  +1.064614e-05  +1.683156e-06  +1.626586e-06  -1.795900e-07  -2.856600e-06  -1.149423e-06  +7.925834e-06  -1.727352e-05  +9.310658e-08  +1.166845e-06  +4.071887e-04  -1.866491e-07  -2.262621e-07  +6.529643e-04  -1.180823e-08  +5.111748e-08  +1.217862e-03  +1.339531e-07  -4.403223e-08  +1.365383e-03  
+3.631271e-04  +3.594572e-04  +1.174416e-02  +3.115473e-02  +3.731669e-03  +3.342584e-03  -3.834745e-03  +3.375684e-05  -2.699179e-03  +2.194101e-02  -1.667152e-02  +3.891582e-04  +4.071887e-04  +2.019460e+00  -2.693927e-04  +3.447554e-04  +2.542423e+00  +1.580219e-04  -7.663409e-05  +3.391838e+00  -4.229829e-05  -5.250715e-05  +4.240614e+00  
-5.286224e-08  -2.601410e-08  -2.102397e-06  -7.331206e-06  -1.054851e-06  -7.297771e-07  +5.254860e-07  +2.881838e-07  +4.896853e-07  -3.691581e-06  +3.135108e-06  -3.539106e-08  -1.866491e-07  -2.693927e-04  +5.668208e-07  +5.630854e-08  -5.210791e-04  +5.023296e-09  -2.283226e-08  -5.777599e-04  -7.203243e-08  +3.761665e-08  -8.860776e-04  
+3.345306e-08  +9.441168e-08  +3.209855e-06  +5.923303e-06  +5.072293e-07  +7.438682e-07  -1.029164e-06  -7.426034e-08  -6.234950e-07  +4.887897e-06  +2.467096e-06  -8.944631e-08  -2.262621e-07  +3.447554e-04  +5.630854e-08  +7.616181e-07  +8.312166e-04  +1.443553e-07  -1.190237e-07  +1.082637e-03  -1.348838e-07  +5.516573e-08  +1.121049e-03  
+8.176256e-04  +5.862798e-04  +2.728474e-02  +6.114010e-02  +7.173406e-03  +7.815520e-03  -7.115981e-03  -5.658608e-03  -4.505920e-03  +3.846643e-02  -5.198858e-02  +5.771144e-04  +6.529643e-04  +2.542423e+00  -5.210791e-04  +8.312166e-04  +6.403714e+00  +7.271653e-04  -5.210621e-04  +7.917162e+00  -2.719352e-04  -4.705436e-04  +9.102035e+00  
+9.087675e-08  +9.249480e-08  +2.076764e-06  +8.954680e-07  -5.844844e-07  +7.837375e-07  -7.918635e-07  -1.653198e-06  -5.245624e-07  +4.105692e-06  -3.273850e-06  -2.385806e-07  -1.180823e-08  +1.580219e-04  +5.023296e-09  +1.443553e-07  +7.271653e-04  +7.203469e-07  -9.381966e-08  +8.008050e-04  -1.580053e-07  -4.883829e-08  +1.213634e-03  
-6.632964e-08  -3.071505e-08  -2.371472e-06  -2.972366e-06  -4.322213e-07  -6.940564e-07  +5.116971e-07  +1.087042e-06  +1.760840e-07  -1.886585e-06  +4.219248e-06  -7.276235e-08  +5.111748e-08  -7.663409e-05  -2.283226e-08  -1.190237e-07  -5.210621e-04  -9.381966e-08  +4.528044e-07  -6.217147e-04  +1.017691e-07  +7.350968e-08  -7.471251e-04  
+8.766997e-04  +7.953922e-04  +3.336720e-02  +8.184152e-02  +9.080380e-03  +1.052990e-02  -9.105952e-03  -1.481171e-02  -4.900648e-03  +4.355775e-02  -6.995879e-02  +7.251690e-04  +1.217862e-03  +3.391838e+00  -5.777599e-04  +1.082637e-03  +7.917162e+00  +8.008050e-04  -6.217147e-04  +1.353793e+01  -5.068863e-04  -1.622635e-04  +1.220780e+01  
+1.985754e-08  -4.813863e-08  -1.314021e-06  -8.886033e-08  +5.725838e-07  -2.502293e-07  +9.701983e-07  +1.942332e-06  -1.971919e-07  +3.866257e-09  +1.181194e-06  +6.023549e-08  +1.339531e-07  -4.229829e-05  -7.203243e-08  -1.348838e-07  -2.719352e-04  -1.580053e-07  +1.017691e-07  -5.068863e-04  +4.521979e-07  +2.468190e-08  -4.373293e-04  
-5.135662e-08  -5.757059e-08  -2.007477e-06  -3.875831e-06  -5.770599e-07  -4.209063e-07  +1.987161e-08  +2.009708e-07  +4.786541e-07  -3.210264e-06  +5.130861e-06  +2.120911e-08  -4.403223e-08  -5.250715e-05  +3.761665e-08  +5.516573e-08  -4.705436e-04  -4.883829e-08  +7.350968e-08  -1.622635e-04  +2.468190e-08  +5.495420e-07  -3.698170e-04  
+1.435842e-03  +1.147177e-03  +4.332190e-02  +9.882476e-02  +1.159559e-02  +1.315282e-02  -1.377302e-02  -1.419251e-02  -7.782539e-03  +6.811683e-02  -8.460892e-02  +1.067320e-03  +1.365383e-03  +4.240614e+00  -8.860776e-04  +1.121049e-03  +9.102035e+00  +1.213634e-03  -7.471251e-04  +1.220780e+01  -4.373293e-04  -3.698170e-04  +1.578734e+01  
