mean:
+3.924215e+00  +3.904654e+00  +6.148159e-01  -1.128203e+00  +1.535070e+00  +5.918305e-01  +9.053067e-01  +2.101338e+00  +1.435959e-01  +1.982986e+00  +4.827470e+00  +1.906104e+00  +3.007527e+00  +8.026333e+02  +4.959929e+00  +4.480033e+00  +2.001732e+03  
covariance:
+2.472474e-05  +3.248728e-06  +1.524939e-05  -3.284162e-05  +8.685198e-07  +2.537948e-06  -4.100771e-06  -4.445671e-06  +1.542886e-09  -1.569026e-05  +1.034295e-04  +2.099752e-07  +1.117919e-07  +1.091448e-03  -7.974255e-08  +1.924720e-07  -2.033543e-03  
+3.248728e-06  +5.342822e-06  -1.206337e-05  +4.834791e-05  +7.991689e-06  -4.016753e-06  -1.527350e-06  -1.078793e-06  -1.041922e-06  +1.704390e-05  -7.798901e-05  +4.148120e-07  -2.253239e-07  -2.403954e-03  -1.492905e-07  +1.199484e-07  +2.611596e-03  
+1.524939e-05  -1.206337e-05  +1.709139e-04  -5.184104e-04  +9.634455e-06  +4.857243e-05  -8.156540e-06  +3.472823e-05  +2.417274e-06  -1.686429e-04  +1.037207e-03  -1.502422e-06  +9.552657e-07  +2.497421e-02  +7.949831e-07  +9.658556e-08  -2.945702e-02  
-3.284162e-05  +4.834791e-05  -5.184104e-04  +2.575854e-03  -2.426527e-04  -2.328321e-04  +2.125599e-05  -7.549971e-05  -3.090320e-06  +5.424694e-04  -3.615643e-03  +2.466749e-06  -9.389649e-06  -8.194901e-02  -2.865428e-06  +1.082225e-06  +1.092754e-01  
+8.685198e-07  +7.991689e-06  +9.634455e-06  -2.426527e-04  +1.277614e-03  +8.296289e-05  -1.262851e-04  +1.894252e-04  -6.614530e-06  +1.808173e-04  -1.195450e-06  +3.282411e-06  +4.334122e-06  -1.088041e-02  -2.528357e-06  +9.249572e-07  +7.859356e-04  
+2.537948e-06  -4.016753e-06  +4.857243e-05  -2.328321e-04  +8.296289e-05  +2.783583e-05  -1.016998e-05  +1.289479e-05  -3.850903e-07  -3.268306e-05  +3.205969e-04  +2.286930e-07  +4.166655e-07  +7.398963e-03  +2.040575e-07  -3.476432e-07  -9.238689e-03  
-4.100771e-06  -1.527350e-06  -8.156540e-06  +2.125599e-05  -1.262851e-04  -1.016998e-05  +3.815911e-05  +3.950789e-05  -2.928811e-06  +4.507563e-06  -8.548730e-05  -3.798217e-07  +2.629015e-07  +5.081249e-03  +1.530323e-07  +7.736869e-08  -1.618800e-03  
-4.445671e-06  -1.078793e-06  +3.472823e-05  -7.549971e-05  +1.894252e-04  +1.289479e-05  +3.950789e-05  +5.402473e-04  -8.581480e-06  +3.873769e-05  -4.108883e-06  +7.673848e-07  -9.575558e-08  +2.511109e-02  -1.064291e-06  -9.162249e-07  -6.910869e-04  
+1.542886e-09  -1.041922e-06  +2.417274e-06  -3.090320e-06  -6.614530e-06  -3.850903e-07  -2.928811e-06  -8.581480e-06  +2.501015e-06  -1.527832e-05  +2.535499e-05  -1.814071e-07  +1.753983e-07  -6.841728e-05  +8.694014e-08  -9.487993e-08  +2.705769e-04  
-1.569026e-05  +1.704390e-05  -1.686429e-04  +5.424694e-04  +1.808173e-04  -3.268306e-05  +4.507563e-06  +3.873769e-05  -1.527832e-05  +3.313743e-04  -1.280264e-03  +3.490052e-06  -1.689800e-06  -2.379035e-02  -1.281811e-06  +4.688508e-07  +2.605217e-02  
+1.034295e-04  -7.798901e-05  +1.037207e-03  -3.615643e-03  -1.195450e-06  +3.205969e-04  -8.548730e-05  -4.108883e-06  +2.535499e-05  -1.280264e-03  +7.425738e-03  -8.502649e-06  +6.677096e-06  +1.407732e-01  +5.576620e-06  +5.465567e-07  -1.936302e-01  
+2.099752e-07  +4.148120e-07  -1.502422e-06  +2.466749e-06  +3.282411e-06  +2.286930e-07  -3.798217e-07  +7.673848e-07  -1.814071e-07  +3.490052e-06  -8.502649e-06  +8.310331e-07  +3.582327e-08  -4.086900e-05  -1.482998e-08  -1.015872e-08  +4.518868e-04  
+1.117919e-07  -2.253239e-07  +9.552657e-07  -9.389649e-06  +4.334122e-06  +4.166655e-07  +2.629015e-07  -9.575558e-08  +1.753983e-07  -1.689800e-06  +6.677096e-06  +3.582327e-08  +7.694460e-07  +1.367683e-04  +3.386191e-08  +1.024799e-07  -7.460728e-04  
+1.091448e-03  -2.403954e-03  +2.497421e-02  -8.194901e-02  -1.088041e-02  +7.398963e-03  +5.081249e-03  +2.511109e-02  -6.841728e-05  -2.379035e-02  +1.407732e-01  -4.086900e-05  +1.367683e-04  +7.528956e+00  +1.825743e-04  -1.364479e-04  -4.394494e+00  
-7.974255e-08  -1.492905e-07  +7.949831e-07  -2.865428e-06  -2.528357e-06  +2.040575e-07  +1.530323e-07  -1.064291e-06  +8.694014e-08  -1.281811e-06  +5.576620e-06  -1.482998e-08  +3.386191e-08  +1.825743e-04  +1.986395e-07  -2.166884e-08  -1.854983e-04  
+1.924720e-07  +1.199484e-07  +9.658556e-08  +1.082225e-06  +9.249572e-07  -3.476432e-07  +7.736869e-08  -9.162249e-07  -9.487993e-08  +4.688508e-07  +5.465567e-07  -1.015872e-08  +1.024799e-07  -1.364479e-04  -2.166884e-08  +2.877327e-07  -8.117997e-05  
-2.033543e-03  +2.611596e-03  -2.945702e-02  +1.092754e-01  +7.859356e-04  -9.238689e-03  -1.618800e-03  -6.910869e-04  +2.705769e-04  +2.605217e-02  -1.936302e-01  +4.518868e-04  -7.460728e-04  -4.394494e+00  -1.854983e-04  -8.117997e-05  +1.271261e+01  
