mean:
+3.982659e+00  +3.977061e+00  +6.125591e-01  +2.021353e+00  +1.282197e+00  +4.994116e-01  +8.610142e-01  +2.216914e+00  +3.889935e-02  +3.915269e+00  +5.846870e+00  +4.573349e+00  +3.238169e+00  +3.286004e+02  +2.590035e+00  +3.725636e+00  +4.541210e+02  +4.639987e+00  +4.960196e+00  +8.048268e+02  +3.990898e+00  +5.154027e+00  +4.375162e+02  
covariance:
+4.413637e-06  -1.794660e-06  +1.028454e-06  +9.698114e-06  +3.137772e-06  -3.898135e-07  +1.054364e-05  -3.010156e-06  -4.347561e-07  +1.093743e-05  -3.566964e-05  +4.063833e-08  -3.750033e-07  -1.290829e-04  +3.067131e-08  +4.185605e-07  +1.367464e-03  -9.252951e-08  +4.999065e-08  +2.193274e-03  +7.806536e-08  +3.656618e-07  +1.252406e-03  
-1.794660e-06  +3.743135e-06  -1.523655e-06  +1.072775e-05  +1.031065e-06  -3.520919e-07  +6.168167e-06  -5.088013e-06  -1.937282e-07  +3.965649e-06  -2.967146e-05  -3.976484e-07  +3.103554e-08  +9.701725e-04  -1.430817e-07  +2.092649e-07  +9.429967e-04  -4.491544e-08  -5.569238e-09  +1.371947e-03  -3.093138e-07  +3.948720e-07  +7.349612e-04  
+1.028454e-06  -1.523655e-06  +1.107924e-05  -1.928279e-05  -6.366039e-06  +1.079040e-06  -1.579850e-05  +1.297101e-05  +3.001607e-07  -3.999612e-06  +6.505226e-05  +1.218332e-06  -7.711471e-07  -7.154684e-04  +1.255969e-06  -9.009095e-07  -1.569429e-03  -1.720729e-07  -6.100786e-07  -4.074620e-03  +7.081159e-07  -5.965448e-07  -1.740767e-03  
+9.698114e-06  +1.072775e-05  -1.928279e-05  +4.319716e-04  +4.101657e-05  -1.780323e-05  +2.635623e-04  -2.028690e-04  -8.339349e-06  +2.118909e-04  -1.162309e-03  -8.344498e-06  -2.824576e-06  +1.342848e-02  -3.634646e-06  +8.467622e-06  +3.624382e-02  -9.992567e-08  +1.449183e-06  +6.494436e-02  -2.316879e-07  +1.438722e-05  +2.504231e-02  
+3.137772e-06  +1.031065e-06  -6.366039e-06  +4.101657e-05  +1.025518e-04  -5.195332e-06  +1.131107e-04  -4.255789e-05  -4.779358e-06  +1.439759e-04  -2.867109e-04  +1.594424e-06  -1.968403e-06  +4.567905e-03  -1.134384e-06  +3.437843e-06  +1.919839e-02  -1.103811e-06  +1.419787e-06  +2.620026e-02  -3.516810e-06  +2.913159e-06  +1.227624e-02  
-3.898135e-07  -3.520919e-07  +1.079040e-06  -1.780323e-05  -5.195332e-06  +1.343315e-06  -1.320985e-05  +9.699347e-06  +4.267039e-07  -1.048666e-05  +5.330380e-05  +2.008960e-07  +4.073548e-08  -5.520689e-04  +3.474566e-07  -3.257330e-07  -1.998269e-03  +4.039839e-08  -1.451433e-07  -3.597880e-03  +1.267072e-08  -7.343715e-07  -1.128361e-03  
+1.054364e-05  +6.168167e-06  -1.579850e-05  +2.635623e-04  +1.131107e-04  -1.320985e-05  +2.760431e-04  -1.473012e-04  -1.029325e-05  +2.865658e-04  -9.471742e-04  -3.140618e-06  -5.634479e-06  +1.255781e-02  -2.033976e-06  +9.040369e-06  +4.177936e-02  -2.500804e-06  +2.089170e-06  +6.219621e-02  -4.589463e-06  +1.040788e-05  +3.070842e-02  
-3.010156e-06  -5.088013e-06  +1.297101e-05  -2.028690e-04  -4.255789e-05  +9.699347e-06  -1.473012e-04  +1.479597e-04  +4.791123e-06  -1.202740e-04  +6.129768e-04  +5.105685e-06  -8.313166e-08  -8.309622e-03  +2.783791e-06  -3.718002e-06  -2.076113e-02  +1.487201e-07  -1.540408e-06  -3.900928e-02  +5.350146e-07  -7.964827e-06  -1.470095e-02  
-4.347561e-07  -1.937282e-07  +3.001607e-07  -8.339349e-06  -4.779358e-06  +4.267039e-07  -1.029325e-05  +4.791123e-06  +4.393914e-07  -1.197274e-05  +3.268552e-05  +5.613778e-08  +2.601646e-07  -4.756414e-04  +2.431549e-08  -3.364017e-07  -1.636106e-03  +1.129951e-07  -5.506167e-08  -2.222895e-03  +2.229233e-07  -3.410812e-07  -1.177951e-03  
+1.093743e-05  +3.965649e-06  -3.999612e-06  +2.118909e-04  +1.439759e-04  -1.048666e-05  +2.865658e-04  -1.202740e-04  -1.197274e-05  +3.669741e-04  -8.824825e-04  -7.971967e-07  -8.001320e-06  +1.398781e-02  +2.964651e-07  +9.362397e-06  +4.735775e-02  -2.712799e-06  +8.639178e-07  +6.015729e-02  -6.846036e-06  +8.738470e-06  +3.216658e-02  
-3.566964e-05  -2.967146e-05  +6.505226e-05  -1.162309e-03  -2.867109e-04  +5.330380e-05  -9.471742e-04  +6.129768e-04  +3.268552e-05  -8.824825e-04  +3.731153e-03  +2.168660e-05  +1.379614e-05  -4.696601e-02  +1.008676e-05  -3.083577e-05  -1.349556e-01  +5.084350e-06  -6.946975e-06  -2.236090e-01  +9.651153e-06  -4.352405e-05  -9.807692e-02  
+4.063833e-08  -3.976484e-07  +1.218332e-06  -8.344498e-06  +1.594424e-06  +2.008960e-07  -3.140618e-06  +5.105685e-06  +5.613778e-08  -7.971967e-07  +2.168660e-05  +7.426314e-07  -2.156715e-07  -4.967183e-04  +1.443867e-07  -1.057047e-07  -2.638853e-04  -1.069788e-07  +1.943350e-08  -7.122189e-04  +8.051816e-08  -3.211146e-07  -1.974622e-04  
-3.750033e-07  +3.103554e-08  -7.711471e-07  -2.824576e-06  -1.968403e-06  +4.073548e-08  -5.634479e-06  -8.313166e-08  +2.601646e-07  -8.001320e-06  +1.379614e-05  -2.156715e-07  +7.605486e-07  +3.210105e-05  -2.020136e-07  -3.602257e-07  -9.375210e-04  +1.811620e-07  -6.456104e-10  -8.290383e-04  +1.471347e-07  +6.249391e-08  -1.016650e-03  
-1.290829e-04  +9.701725e-04  -7.154684e-04  +1.342848e-02  +4.567905e-03  -5.520689e-04  +1.255781e-02  -8.309622e-03  -4.756414e-04  +1.398781e-02  -4.696601e-02  -4.967183e-04  +3.210105e-05  +1.517843e+00  -1.732793e-04  +2.257426e-04  +2.072153e+00  -1.749294e-04  -2.703322e-05  +2.729826e+00  -3.244472e-04  +5.988626e-04  +1.271250e+00  
+3.067131e-08  -1.430817e-07  +1.255969e-06  -3.634646e-06  -1.134384e-06  +3.474566e-07  -2.033976e-06  +2.783791e-06  +2.431549e-08  +2.964651e-07  +1.008676e-05  +1.443867e-07  -2.020136e-07  -1.732793e-04  +5.357993e-07  -1.398668e-07  -2.371611e-04  +1.316850e-08  -7.130982e-08  -9.692920e-04  +6.937230e-08  -1.448167e-07  -1.215664e-04  
+4.185605e-07  +2.092649e-07  -9.009095e-07  +8.467622e-06  +3.437843e-06  -3.257330e-07  +9.040369e-06  -3.718002e-06  -3.364017e-07  +9.362397e-06  -3.083577e-05  -1.057047e-07  -3.602257e-07  +2.257426e-04  -1.398668e-07  +6.665450e-07  +1.204921e-03  -1.403274e-07  +1.125312e-07  +1.952069e-03  -2.923763e-07  +1.840623e-07  +1.240162e-03  
+1.367464e-03  +9.429967e-04  -1.569429e-03  +3.624382e-02  +1.919839e-02  -1.998269e-03  +4.177936e-02  -2.076113e-02  -1.636106e-03  +4.735775e-02  -1.349556e-01  -2.638853e-04  -9.375210e-04  +2.072153e+00  -2.371611e-04  +1.204921e-03  +6.998196e+00  -4.233784e-04  +1.995476e-04  +9.205970e+00  -8.154855e-04  +1.509865e-03  +4.672325e+00  
-9.252951e-08  -4.491544e-08  -1.720729e-07  -9.992567e-08  -1.103811e-06  +4.039839e-08  -2.500804e-06  +1.487201e-07  +1.129951e-07  -2.712799e-06  +5.084350e-06  -1.069788e-07  +1.811620e-07  -1.749294e-04  +1.316850e-08  -1.403274e-07  -4.233784e-04  +4.217029e-07  -5.357651e-08  -5.136416e-04  +2.226124e-07  -5.019368e-08  -7.105603e-04  
+4.999065e-08  -5.569238e-09  -6.100786e-07  +1.449183e-06  +1.419787e-06  -1.451433e-07  +2.089170e-06  -1.540408e-06  -5.506167e-08  +8.639178e-07  -6.946975e-06  +1.943350e-08  -6.456104e-10  -2.703322e-05  -7.130982e-08  +1.125312e-07  +1.995476e-04  -5.357651e-08  +1.862679e-07  +5.758425e-04  -2.883560e-08  +3.108957e-08  +2.994019e-04  
+2.193274e-03  +1.371947e-03  -4.074620e-03  +6.494436e-02  +2.620026e-02  -3.597880e-03  +6.219621e-02  -3.900928e-02  -2.222895e-03  +6.015729e-02  -2.236090e-01  -7.122189e-04  -8.290383e-04  +2.729826e+00  -9.692920e-04  +1.952069e-03  +9.205970e+00  -5.136416e-04  +5.758425e-04  +1.569740e+01  -8.728456e-04  +2.815730e-03  +6.596097e+00  
+7.806536e-08  -3.093138e-07  +7.081159e-07  -2.316879e-07  -3.516810e-06  +1.267072e-08  -4.589463e-06  +5.350146e-07  +2.229233e-07  -6.846036e-06  +9.651153e-06  +8.051816e-08  +1.471347e-07  -3.244472e-04  +6.937230e-08  -2.923763e-07  -8.154855e-04  +2.226124e-07  -2.883560e-08  -8.728456e-04  +5.939055e-07  -3.070815e-08  -9.402341e-04  
+3.656618e-07  +3.948720e-07  -5.965448e-07  +1.438722e-05  +2.913159e-06  -7.343715e-07  +1.040788e-05  -7.964827e-06  -3.410812e-07  +8.738470e-06  -4.352405e-05  -3.211146e-07  +6.249391e-08  +5.988626e-04  -1.448167e-07  +1.840623e-07  +1.509865e-03  -5.019368e-08  +3.108957e-08  +2.815730e-03  -3.070815e-08  +8.678661e-07  +8.869660e-04  
+1.252406e-03  +7.349612e-04  -1.740767e-03  +2.504231e-02  +1.227624e-02  -1.128361e-03  +3.070842e-02  -1.470095e-02  -1.177951e-03  +3.216658e-02  -9.807692e-02  -1.974622e-04  -1.016650e-03  +1.271250e+00  -1.215664e-04  +1.240162e-03  +4.672325e+00  -7.105603e-04  +2.994019e-04  +6.596097e+00  -9.402341e-04  +8.869660e-04  +4.720268e+00  
