mean:
+3.957654e+00  +3.923737e+00  +6.124645e-01  -1.166916e+00  +1.684129e+00  +4.945097e-01  +9.262379e-01  +2.056079e+00  +1.468874e-01  +1.976456e+00  +4.887773e+00  +1.635167e+00  +2.883076e+00  +8.064920e+02  +4.799683e+00  +4.399722e+00  +2.016395e+03  
covariance:
+6.421052e-06  +8.876543e-09  +4.117937e-06  -1.429827e-05  -2.882884e-06  +2.266099e-06  -5.313817e-06  -1.528018e-05  +2.279601e-06  -1.382536e-05  +1.768586e-05  +9.903621e-08  -6.876458e-08  -8.643288e-04  +4.162274e-08  +1.400457e-07  -7.193148e-03  
+8.876543e-09  +6.980879e-06  +4.185496e-06  -5.986270e-06  +1.524341e-06  +2.340741e-06  -8.045484e-06  +5.290548e-06  +2.029937e-06  -1.050304e-05  +2.215801e-05  -1.954663e-07  -2.339192e-07  +4.780188e-04  -1.255298e-07  +3.275217e-08  -3.122727e-03  
+4.117937e-06  +4.185496e-06  +6.855252e-05  -5.913166e-05  -5.513385e-05  +2.332789e-05  -9.101101e-05  +4.199296e-06  +1.973925e-05  -1.151732e-04  +2.551582e-04  -5.645403e-07  -1.350213e-06  -3.125874e-03  +3.749496e-07  +1.204366e-06  -6.157083e-02  
-1.429827e-05  -5.986270e-06  -5.913166e-05  +1.201086e-03  +2.515762e-05  -1.208242e-04  -1.258412e-05  +1.140966e-03  -6.042569e-05  +5.311064e-04  +1.108532e-04  -2.585987e-06  +9.012202e-07  +3.040327e-02  -2.959457e-06  +3.599638e-06  +1.838845e-01  
-2.882884e-06  +1.524341e-06  -5.513385e-05  +2.515762e-05  +2.105363e-04  -1.341766e-05  +4.212137e-05  +2.625785e-05  -4.403736e-06  +4.092722e-05  -2.534323e-04  +1.272895e-06  +1.870653e-06  +1.239746e-02  -1.111084e-06  -1.784318e-06  +3.986411e-02  
+2.266099e-06  +2.340741e-06  +2.332789e-05  -1.208242e-04  -1.341766e-05  +2.610081e-05  -2.970566e-05  -1.293695e-04  +1.390572e-05  -1.054316e-04  +1.016298e-04  -1.468818e-08  -3.159765e-07  +1.232887e-03  +5.135295e-07  -1.335442e-07  -4.719299e-02  
-5.313817e-06  -8.045484e-06  -9.101101e-05  -1.258412e-05  +4.212137e-05  -2.970566e-05  +3.120865e-04  -3.218994e-04  -4.261580e-05  +1.368183e-04  -5.768700e-04  -3.163484e-06  +2.013797e-06  -3.179329e-03  -5.442424e-07  -1.506507e-06  +7.883249e-02  
-1.528018e-05  +5.290548e-06  +4.199296e-06  +1.140966e-03  +2.625785e-05  -1.293695e-04  -3.218994e-04  +2.351665e-03  -4.577988e-05  +6.932061e-04  +3.135055e-04  +3.080892e-06  +3.815736e-08  +2.566587e-02  -3.791271e-06  +8.220502e-07  +3.151046e-01  
+2.279601e-06  +2.029937e-06  +1.973925e-05  -6.042569e-05  -4.403736e-06  +1.390572e-05  -4.261580e-05  -4.577988e-05  +1.310762e-05  -7.673155e-05  +8.659232e-05  +2.965388e-07  -3.363948e-07  -1.997093e-04  +2.676666e-07  +1.891797e-07  -3.371140e-02  
-1.382536e-05  -1.050304e-05  -1.151732e-04  +5.311064e-04  +4.092722e-05  -1.054316e-04  +1.368183e-04  +6.932061e-04  -7.673155e-05  +5.977689e-04  -4.343598e-04  +6.413460e-08  +1.476444e-06  +3.380014e-03  -2.130160e-06  -5.240914e-07  +2.574714e-01  
+1.768586e-05  +2.215801e-05  +2.551582e-04  +1.108532e-04  -2.534323e-04  +1.016298e-04  -5.768700e-04  +3.135055e-04  +8.659232e-05  -4.343598e-04  +1.889017e-03  -8.874466e-07  -5.262955e-06  +1.356032e-02  +3.225751e-06  +5.564838e-06  -3.009813e-01  
+9.903621e-08  -1.954663e-07  -5.645403e-07  -2.585987e-06  +1.272895e-06  -1.468818e-08  -3.163484e-06  +3.080892e-06  +2.965388e-07  +6.413460e-08  -8.874466e-07  +7.191463e-07  +1.210410e-08  +7.577171e-05  +4.830277e-08  -4.058757e-08  +1.274450e-03  
-6.876458e-08  -2.339192e-07  -1.350213e-06  +9.012202e-07  +1.870653e-06  -3.159765e-07  +2.013797e-06  +3.815736e-08  -3.363948e-07  +1.476444e-06  -5.262955e-06  +1.210410e-08  +7.208947e-07  +2.889399e-04  +4.217550e-08  -1.095598e-07  -4.214360e-04  
-8.643288e-04  +4.780188e-04  -3.125874e-03  +3.040327e-02  +1.239746e-02  +1.232887e-03  -3.179329e-03  +2.566587e-02  -1.997093e-04  +3.380014e-03  +1.356032e-02  +7.577171e-05  +2.889399e-04  +6.176610e+00  +6.398083e-05  -4.477896e-04  +1.919051e+00  
+4.162274e-08  -1.255298e-07  +3.749496e-07  -2.959457e-06  -1.111084e-06  +5.135295e-07  -5.442424e-07  -3.791271e-06  +2.676666e-07  -2.130160e-06  +3.225751e-06  +4.830277e-08  +4.217550e-08  +6.398083e-05  +3.315328e-07  +3.427920e-08  -1.212097e-03  
+1.400457e-07  +3.275217e-08  +1.204366e-06  +3.599638e-06  -1.784318e-06  -1.335442e-07  -1.506507e-06  +8.220502e-07  +1.891797e-07  -5.240914e-07  +5.564838e-06  -4.058757e-08  -1.095598e-07  -4.477896e-04  +3.427920e-08  +5.480873e-07  -1.487423e-03  
-7.193148e-03  -3.122727e-03  -6.157083e-02  +1.838845e-01  +3.986411e-02  -4.719299e-02  +7.883249e-02  +3.151046e-01  -3.371140e-02  +2.574714e-01  -3.009813e-01  +1.274450e-03  -4.214360e-04  +1.919051e+00  -1.212097e-03  -1.487423e-03  +1.530780e+02  
