mean:
+3.940345e+00  +3.935952e+00  +8.476949e-01  +1.388370e+00  +1.430327e+00  +5.056221e-01  +7.978940e-01  +1.318366e+00  +1.707026e-01  +1.850542e+00  +5.952645e+00  +3.547474e+00  +2.642784e+00  +1.976481e+02  +4.275726e+00  +5.295021e+00  +2.702787e+02  +5.396215e+00  +3.766358e+00  +3.247031e+02  +2.641006e+00  +4.559681e+00  +3.945589e+02  
covariance:
+1.438227e-04  -2.891067e-05  +5.991458e-05  +1.757077e-04  -7.064650e-07  +2.394761e-05  -3.452904e-05  -8.463040e-05  -1.030760e-06  +2.338034e-04  -7.646889e-05  +5.384876e-06  -1.103596e-04  -1.074690e-02  -1.680391e-04  +3.820793e-07  -7.607290e-03  -5.774373e-05  -1.066769e-04  +1.216244e-02  -6.367205e-06  -3.539872e-06  +1.750536e-02  
-2.891067e-05  +9.300028e-06  -1.728902e-05  -3.694221e-05  -1.587817e-06  -6.866987e-06  +7.678451e-06  +7.040272e-06  +2.306003e-06  -6.598377e-05  +2.431155e-05  -1.441375e-06  +2.737942e-05  +2.938503e-03  +4.119805e-05  -2.714294e-07  +1.642657e-03  +1.522448e-05  +2.586759e-05  -1.652918e-03  +1.935725e-06  +5.245387e-07  -3.932835e-03  
+5.991458e-05  -1.728902e-05  +8.739247e-05  +1.594795e-04  +1.888666e-05  +3.703029e-05  -2.422639e-05  +8.861560e-05  -2.938680e-05  +3.607285e-04  -1.869840e-04  +6.608484e-06  -1.219249e-04  -1.862485e-02  -1.739403e-04  +4.397718e-06  -6.633725e-03  -6.984181e-05  -1.099346e-04  -3.365473e-03  -1.197167e-05  +1.069112e-06  +1.183187e-02  
+1.757077e-04  -3.694221e-05  +1.594795e-04  +5.819309e-04  +2.366105e-05  +7.522616e-05  -3.340374e-05  +2.788288e-04  -5.458616e-05  +7.527214e-04  -5.201873e-04  +3.852234e-06  -2.535198e-04  -3.708917e-02  -3.450062e-04  +1.013674e-05  -2.807524e-02  -1.342301e-04  -2.295907e-04  +8.483696e-04  -2.457516e-05  +4.121441e-06  +4.335647e-03  
-7.064650e-07  -1.587817e-06  +1.888666e-05  +2.366105e-05  +6.525323e-05  +1.136293e-05  -8.742134e-06  +2.944083e-05  -1.005643e-05  +9.625757e-05  -4.453592e-05  +2.086987e-06  -2.790157e-05  -6.897823e-03  -4.279688e-05  +2.667330e-06  +4.437389e-04  -1.767725e-05  -2.549678e-05  -2.452421e-03  -2.302792e-06  +1.758408e-06  +2.613399e-03  
+2.394761e-05  -6.866987e-06  +3.703029e-05  +7.522616e-05  +1.136293e-05  +1.983454e-05  -7.347161e-06  +5.842590e-05  -1.622005e-05  +1.812616e-04  -9.720422e-05  +3.243542e-06  -5.781998e-05  -9.110487e-03  -7.924026e-05  +2.498828e-06  -2.427404e-03  -3.354526e-05  -4.943381e-05  -3.219279e-03  -5.450159e-06  +1.371521e-06  +3.687333e-03  
-3.452904e-05  +7.678451e-06  -2.422639e-05  -3.340374e-05  -8.742134e-06  -7.347161e-06  +2.861709e-05  +6.447745e-05  +2.206569e-06  -8.832810e-05  +2.448544e-06  -3.213021e-06  +3.766028e-05  +6.286783e-03  +6.619335e-05  -1.348250e-06  +1.531486e-03  +2.226655e-05  +4.021434e-05  -9.784003e-04  +2.716115e-06  +1.526215e-06  -1.336475e-02  
-8.463040e-05  +7.040272e-06  +8.861560e-05  +2.788288e-04  +2.944083e-05  +5.842590e-05  +6.447745e-05  +8.359589e-04  -7.695816e-05  +5.510779e-04  -5.590123e-04  -3.427147e-06  -9.546084e-05  -2.033900e-02  -7.029635e-05  +9.162365e-06  -1.770825e-02  -5.611928e-05  -5.945504e-05  -2.360571e-02  -2.036628e-05  +1.471086e-05  -5.015759e-02  
-1.030760e-06  +2.306003e-06  -2.938680e-05  -5.458616e-05  -1.005643e-05  -1.622005e-05  +2.206569e-06  -7.695816e-05  +1.974315e-05  -1.590288e-04  +8.036606e-05  -2.604617e-06  +4.532762e-05  +8.242274e-03  +5.936051e-05  -2.872519e-06  +8.346643e-04  +2.737286e-05  +3.692081e-05  +5.118206e-03  +5.305972e-06  -2.016863e-06  -2.999276e-03  
+2.338034e-04  -6.598377e-05  +3.607285e-04  +7.527214e-04  +9.625757e-05  +1.812616e-04  -8.832810e-05  +5.510779e-04  -1.590288e-04  +1.773887e-03  -9.090122e-04  +3.062870e-05  -5.634500e-04  -8.869120e-02  -7.814531e-04  +2.595777e-05  -2.593459e-02  -3.282906e-04  -4.909531e-04  -2.947741e-02  -5.594064e-05  +1.059151e-05  +4.750942e-02  
-7.646889e-05  +2.431155e-05  -1.869840e-04  -5.201873e-04  -4.453592e-05  -9.720422e-05  +2.448544e-06  -5.590123e-04  +8.036606e-05  -9.090122e-04  +1.006130e-03  -4.743010e-06  +2.435246e-04  +3.494675e-02  +3.185310e-04  -1.657388e-05  +4.880558e-02  +1.339323e-04  +2.148689e-04  +2.502392e-02  +2.465778e-05  -4.428225e-06  +3.721965e-02  
+5.384876e-06  -1.441375e-06  +6.608484e-06  +3.852234e-06  +2.086987e-06  +3.243542e-06  -3.213021e-06  -3.427147e-06  -2.604617e-06  +3.062870e-05  -4.743010e-06  +2.096295e-06  -1.120472e-05  -1.674304e-03  -1.836514e-05  +6.196457e-07  +3.204336e-04  -6.838417e-06  -1.085319e-05  +1.127161e-04  -9.954480e-07  -3.999877e-07  +2.663691e-03  
-1.103596e-04  +2.737942e-05  -1.219249e-04  -2.535198e-04  -2.790157e-05  -5.781998e-05  +3.766028e-05  -9.546084e-05  +4.532762e-05  -5.634500e-04  +2.435246e-04  -1.120472e-05  +1.981594e-04  +2.966562e-02  +2.801775e-04  -7.171995e-06  +6.498598e-03  +1.128519e-04  +1.753713e-04  +3.286217e-03  +1.822732e-05  -1.838573e-06  -2.395304e-02  
-1.074690e-02  +2.938503e-03  -1.862485e-02  -3.708917e-02  -6.897823e-03  -9.110487e-03  +6.286783e-03  -2.033900e-02  +8.242274e-03  -8.869120e-02  +3.494675e-02  -1.674304e-03  +2.966562e-02  +5.674275e+00  +4.169224e-02  -1.378720e-03  +4.232248e-01  +1.721114e-02  +2.600843e-02  +1.640394e+00  +3.111487e-03  -7.259052e-04  -3.957203e+00  
-1.680391e-04  +4.119805e-05  -1.739403e-04  -3.450062e-04  -4.279688e-05  -7.924026e-05  +6.619335e-05  -7.029635e-05  +5.936051e-05  -7.814531e-04  +3.185310e-04  -1.836514e-05  +2.801775e-04  +4.169224e-02  +4.116499e-04  -1.063324e-05  +1.073503e-02  +1.603715e-04  +2.563250e-04  +1.780392e-03  +2.520560e-05  -1.552857e-07  -4.003732e-02  
+3.820793e-07  -2.714294e-07  +4.397718e-06  +1.013674e-05  +2.667330e-06  +2.498828e-06  -1.348250e-06  +9.162365e-06  -2.872519e-06  +2.595777e-05  -1.657388e-05  +6.196457e-07  -7.171995e-06  -1.378720e-03  -1.063324e-05  +9.973762e-07  -5.920878e-04  -4.423487e-06  -6.593032e-06  -8.044987e-04  -8.251310e-07  +1.196312e-07  +4.920719e-04  
-7.607290e-03  +1.642657e-03  -6.633725e-03  -2.807524e-02  +4.437389e-04  -2.427404e-03  +1.531486e-03  -1.770825e-02  +8.346643e-04  -2.593459e-02  +4.880558e-02  +3.204336e-04  +6.498598e-03  +4.232248e-01  +1.073503e-02  -5.920878e-04  +4.395264e+00  +2.778737e-03  +8.064966e-03  -1.187580e-01  +4.955608e-04  +4.142992e-04  +2.586991e+00  
-5.774373e-05  +1.522448e-05  -6.984181e-05  -1.342301e-04  -1.767725e-05  -3.354526e-05  +2.226655e-05  -5.611928e-05  +2.737286e-05  -3.282906e-04  +1.339323e-04  -6.838417e-06  +1.128519e-04  +1.721114e-02  +1.603715e-04  -4.423487e-06  +2.778737e-03  +6.613279e-05  +9.939599e-05  +3.344852e-03  +1.064208e-05  -1.221850e-06  -1.471257e-02  
-1.066769e-04  +2.586759e-05  -1.099346e-04  -2.295907e-04  -2.549678e-05  -4.943381e-05  +4.021434e-05  -5.945504e-05  +3.692081e-05  -4.909531e-04  +2.148689e-04  -1.085319e-05  +1.753713e-04  +2.600843e-02  +2.563250e-04  -6.593032e-06  +8.064966e-03  +9.939599e-05  +1.614840e-04  +4.458304e-04  +1.598887e-05  -1.861764e-08  -2.320673e-02  
+1.216244e-02  -1.652918e-03  -3.365473e-03  +8.483696e-04  -2.452421e-03  -3.219279e-03  -9.784003e-04  -2.360571e-02  +5.118206e-03  -2.947741e-02  +2.502392e-02  +1.127161e-04  +3.286217e-03  +1.640394e+00  +1.780392e-03  -8.044987e-04  -1.187580e-01  +3.344852e-03  +4.458304e-04  +4.514324e+00  +7.117842e-04  -9.404229e-04  +8.138836e-01  
-6.367205e-06  +1.935725e-06  -1.197167e-05  -2.457516e-05  -2.302792e-06  -5.450159e-06  +2.716115e-06  -2.036628e-05  +5.305972e-06  -5.594064e-05  +2.465778e-05  -9.954480e-07  +1.822732e-05  +3.111487e-03  +2.520560e-05  -8.251310e-07  +4.955608e-04  +1.064208e-05  +1.598887e-05  +7.117842e-04  +2.380186e-06  -3.301970e-07  -2.050890e-03  
-3.539872e-06  +5.245387e-07  +1.069112e-06  +4.121441e-06  +1.758408e-06  +1.371521e-06  +1.526215e-06  +1.471086e-05  -2.016863e-06  +1.059151e-05  -4.428225e-06  -3.999877e-07  -1.838573e-06  -7.259052e-04  -1.552857e-07  +1.196312e-07  +4.142992e-04  -1.221850e-06  -1.861764e-08  -9.404229e-04  -3.301970e-07  +1.118718e-06  -6.869438e-04  
+1.750536e-02  -3.932835e-03  +1.183187e-02  +4.335647e-03  +2.613399e-03  +3.687333e-03  -1.336475e-02  -5.015759e-02  -2.999276e-03  +4.750942e-02  +3.721965e-02  +2.663691e-03  -2.395304e-02  -3.957203e+00  -4.003732e-02  +4.920719e-04  +2.586991e+00  -1.471257e-02  -2.320673e-02  +8.138836e-01  -2.050890e-03  -6.869438e-04  +1.188058e+01  
