mean:
+4.017450e+00  +3.960572e+00  +8.315958e-01  +1.300995e+00  +1.229936e+00  +5.043821e-01  +8.130257e-01  +1.358402e+00  +1.717693e-01  +1.888955e+00  +5.907000e+00  +3.660455e+00  +2.856105e+00  +2.179675e+02  +4.309976e+00  +5.128116e+00  +2.975720e+02  +5.251955e+00  +3.797623e+00  +3.380632e+02  +2.880656e+00  +4.480459e+00  +4.035810e+02  
covariance:
+1.994149e-06  +3.687010e-07  +2.339341e-06  -1.075943e-06  -2.082221e-07  -1.956086e-06  -3.627177e-07  +1.238709e-06  +2.733119e-06  -1.725545e-05  +2.658598e-05  +3.595534e-07  +1.551276e-07  -2.103413e-03  +2.664886e-07  -6.004685e-07  -4.169773e-03  -1.421118e-07  +3.960420e-07  -3.648894e-03  -2.368079e-08  -1.678691e-07  -4.303983e-03  
+3.687010e-07  +1.439809e-06  +3.480289e-07  +2.093047e-06  -6.287448e-08  -1.075101e-06  +1.738794e-07  -1.854043e-06  +6.624257e-07  -4.415109e-06  +9.790597e-06  +6.248416e-08  +5.268753e-09  -5.626836e-04  +4.600144e-08  -1.832803e-07  -1.777121e-03  -6.309454e-08  +9.232552e-08  -1.477331e-03  +3.575623e-08  +5.302977e-08  -1.672671e-03  
+2.339341e-06  +3.480289e-07  +1.847397e-05  -1.329715e-05  -1.156714e-06  -4.928038e-06  -2.875245e-06  +2.036700e-05  +1.216823e-05  -7.454795e-05  +7.887602e-05  +2.243273e-06  +7.459575e-07  -8.336753e-03  +9.672995e-07  -3.243998e-06  -1.503716e-02  -4.390863e-07  +1.043230e-06  -1.239824e-02  -7.211297e-07  -2.275658e-07  -1.432502e-02  
-1.075943e-06  +2.093047e-06  -1.329715e-05  +1.610876e-04  +4.520215e-06  -7.188635e-06  +1.888682e-05  -9.544269e-05  -1.484129e-05  +6.358366e-05  +4.523343e-05  +7.817478e-07  +1.325123e-06  +8.413560e-03  -5.363446e-06  +1.013845e-06  +3.936136e-03  -9.354477e-07  -9.359167e-07  +6.338583e-03  +2.902805e-06  +2.210629e-06  +8.672407e-04  
-2.082221e-07  -6.287448e-08  -1.156714e-06  +4.520215e-06  +4.192850e-06  +1.655910e-06  +2.672736e-07  -1.864635e-06  -8.687367e-07  +6.107557e-06  -8.928211e-06  +3.714199e-07  -7.977637e-08  +1.580665e-03  -4.840637e-07  -8.497021e-08  +3.494673e-03  -3.386264e-07  +1.529799e-07  +2.766576e-03  +3.012334e-07  -4.689966e-08  +2.398029e-03  
-1.956086e-06  -1.075101e-06  -4.928038e-06  -7.188635e-06  +1.655910e-06  +1.178098e-05  -1.655080e-06  +8.814607e-06  -5.165400e-06  +3.997565e-05  -1.052287e-04  -4.241905e-07  -5.861784e-07  +5.936149e-03  -3.401555e-07  +1.743603e-06  +1.592658e-02  +4.543537e-07  -1.082259e-06  +1.289618e-02  -2.063595e-07  +8.412751e-07  +1.633089e-02  
-3.627177e-07  +1.738794e-07  -2.875245e-06  +1.888682e-05  +2.672736e-07  -1.655080e-06  +1.530320e-05  -1.718381e-05  -2.715119e-06  +5.454695e-08  -6.122244e-06  +1.236865e-06  +1.208102e-06  -6.890938e-04  -7.738059e-07  +9.820134e-07  -6.010581e-03  -6.461064e-07  -8.847822e-07  -2.477944e-03  +5.793467e-07  +9.096748e-07  -4.345566e-03  
+1.238709e-06  -1.854043e-06  +2.036700e-05  -9.544269e-05  -1.864635e-06  +8.814607e-06  -1.718381e-05  +1.825612e-04  +2.088864e-05  -1.059771e-04  -2.843564e-05  +4.384216e-06  -1.359898e-06  -6.860850e-03  +3.310026e-06  -3.186550e-06  +2.798819e-03  +2.912071e-08  +7.315821e-07  +5.846330e-03  -4.304389e-06  -5.018774e-06  -1.360068e-03  
+2.733119e-06  +6.624257e-07  +1.216823e-05  -1.484129e-05  -8.687367e-07  -5.165400e-06  -2.715119e-06  +2.088864e-05  +1.518181e-05  -9.181433e-05  +8.645548e-05  +1.940855e-06  +1.329650e-06  -1.087009e-02  +1.757700e-06  -2.731590e-06  -1.854439e-02  -5.123925e-07  +1.570231e-06  -1.568918e-02  -7.841324e-07  -8.587532e-07  -1.896725e-02  
-1.725545e-05  -4.415109e-06  -7.454795e-05  +6.358366e-05  +6.107557e-06  +3.997565e-05  +5.454695e-08  -1.059771e-04  -9.181433e-05  +5.924438e-04  -6.022402e-04  -1.400916e-05  -9.518997e-06  +6.977888e-02  -1.014341e-05  +1.692307e-05  +1.262817e-01  +4.433636e-06  -9.670746e-06  +1.034614e-01  +4.154261e-06  +4.818747e-06  +1.298790e-01  
+2.658598e-05  +9.790597e-06  +7.887602e-05  +4.523343e-05  -8.928211e-06  -1.052287e-04  -6.122244e-06  -2.843564e-05  +8.645548e-05  -6.022402e-04  +1.320564e-03  +1.254622e-05  +4.716241e-06  -6.898498e-02  +4.262146e-06  -2.283417e-05  -1.519757e-01  -8.091699e-06  +1.770016e-05  -1.304765e-01  +9.358626e-07  -8.025098e-06  -1.775459e-01  
+3.595534e-07  +6.248416e-08  +2.243273e-06  +7.817478e-07  +3.714199e-07  -4.241905e-07  +1.236865e-06  +4.384216e-06  +1.940855e-06  -1.400916e-05  +1.254622e-05  +1.326261e-06  -6.305138e-08  -8.163641e-04  -2.003882e-07  -5.299722e-07  -1.826520e-03  -4.784821e-07  +2.222443e-07  -1.068944e-03  -1.252656e-07  -1.493728e-07  -2.279534e-03  
+1.551276e-07  +5.268753e-09  +7.459575e-07  +1.325123e-06  -7.977637e-08  -5.861784e-07  +1.208102e-06  -1.359898e-06  +1.329650e-06  -9.518997e-06  +4.716241e-06  -6.305138e-08  +1.104127e-06  -1.734368e-03  +1.742822e-07  -1.413967e-07  -3.011553e-03  +1.479958e-07  +6.928430e-09  -2.359658e-03  -8.158175e-09  -1.299066e-07  -2.719403e-03  
-2.103413e-03  -5.626836e-04  -8.336753e-03  +8.413560e-03  +1.580665e-03  +5.936149e-03  -6.890938e-04  -6.860850e-03  -1.087009e-02  +6.977888e-02  -6.898498e-02  -8.163641e-04  -1.734368e-03  +1.085289e+01  -1.503663e-03  +1.719525e-03  +1.980001e+01  +7.728256e-05  -1.040115e-03  +1.679195e+01  +1.979372e-04  +7.324469e-04  +1.810008e+01  
+2.664886e-07  +4.600144e-08  +9.672995e-07  -5.363446e-06  -4.840637e-07  -3.401555e-07  -7.738059e-07  +3.310026e-06  +1.757700e-06  -1.014341e-05  +4.262146e-06  -2.003882e-07  +1.742822e-07  -1.503663e-03  +8.207105e-07  -1.811602e-07  -2.274991e-03  +1.415905e-07  +6.272387e-08  -2.028134e-03  -1.530395e-07  -3.534770e-08  -2.067979e-03  
-6.004685e-07  -1.832803e-07  -3.243998e-06  +1.013845e-06  -8.497021e-08  +1.743603e-06  +9.820134e-07  -3.186550e-06  -2.731590e-06  +1.692307e-05  -2.283417e-05  -5.299722e-07  -1.413967e-07  +1.719525e-03  -1.811602e-07  +1.246611e-06  +3.518844e-03  +2.915490e-07  -5.219573e-07  +2.832104e-03  +1.509259e-07  +3.332054e-07  +3.838008e-03  
-4.169773e-03  -1.777121e-03  -1.503716e-02  +3.936136e-03  +3.494673e-03  +1.592658e-02  -6.010581e-03  +2.798819e-03  -1.854439e-02  +1.262817e-01  -1.519757e-01  -1.826520e-03  -3.011553e-03  +1.980001e+01  -2.274991e-03  +3.518844e-03  +4.493297e+01  +6.045789e-04  -1.728780e-03  +3.705778e+01  -1.936595e-04  +3.224413e-04  +3.799242e+01  
-1.421118e-07  -6.309454e-08  -4.390863e-07  -9.354477e-07  -3.386264e-07  +4.543537e-07  -6.461064e-07  +2.912071e-08  -5.123925e-07  +4.433636e-06  -8.091699e-06  -4.784821e-07  +1.479958e-07  +7.728256e-05  +1.415905e-07  +2.915490e-07  +6.045789e-04  +5.278254e-07  -2.044179e-07  +3.628410e-04  -1.470620e-08  +5.253937e-08  +1.044651e-03  
+3.960420e-07  +9.232552e-08  +1.043230e-06  -9.359167e-07  +1.529799e-07  -1.082259e-06  -8.847822e-07  +7.315821e-07  +1.570231e-06  -9.670746e-06  +1.770016e-05  +2.222443e-07  +6.928430e-09  -1.040115e-03  +6.272387e-08  -5.219573e-07  -1.728780e-03  -2.044179e-07  +7.987136e-07  -1.560908e-03  +2.557276e-08  -2.748413e-07  -2.436325e-03  
-3.648894e-03  -1.477331e-03  -1.239824e-02  +6.338583e-03  +2.766576e-03  +1.289618e-02  -2.477944e-03  +5.846330e-03  -1.568918e-02  +1.034614e-01  -1.304765e-01  -1.068944e-03  -2.359658e-03  +1.679195e+01  -2.028134e-03  +2.832104e-03  +3.705778e+01  +3.628410e-04  -1.560908e-03  +3.316373e+01  -3.819373e-04  -3.272783e-05  +3.149529e+01  
-2.368079e-08  +3.575623e-08  -7.211297e-07  +2.902805e-06  +3.012334e-07  -2.063595e-07  +5.793467e-07  -4.304389e-06  -7.841324e-07  +4.154261e-06  +9.358626e-07  -1.252656e-07  -8.158175e-09  +1.979372e-04  -1.530395e-07  +1.509259e-07  -1.936595e-04  -1.470620e-08  +2.557276e-08  -3.819373e-04  +4.204597e-07  +1.949283e-07  +9.520691e-05  
-1.678691e-07  +5.302977e-08  -2.275658e-07  +2.210629e-06  -4.689966e-08  +8.412751e-07  +9.096748e-07  -5.018774e-06  -8.587532e-07  +4.818747e-06  -8.025098e-06  -1.493728e-07  -1.299066e-07  +7.324469e-04  -3.534770e-08  +3.332054e-07  +3.224413e-04  +5.253937e-08  -2.748413e-07  -3.272783e-05  +1.949283e-07  +1.282769e-06  +1.319858e-03  
-4.303983e-03  -1.672671e-03  -1.432502e-02  +8.672407e-04  +2.398029e-03  +1.633089e-02  -4.345566e-03  -1.360068e-03  -1.896725e-02  +1.298790e-01  -1.775459e-01  -2.279534e-03  -2.719403e-03  +1.810008e+01  -2.067979e-03  +3.838008e-03  +3.799242e+01  +1.044651e-03  -2.436325e-03  +3.149529e+01  +9.520691e-05  +1.319858e-03  +3.768404e+01  
