mean:
+3.981099e+00  +3.954357e+00  +8.437229e-01  +1.295123e+00  +1.397638e+00  +3.986724e-01  +8.166923e-01  +1.363542e+00  +1.726142e-01  +1.868630e+00  +5.982900e+00  +3.592269e+00  +2.697319e+00  +2.043017e+02  +4.328274e+00  +5.293521e+00  +2.838203e+02  +5.452980e+00  +3.756626e+00  +3.290826e+02  +2.640536e+00  +4.559888e+00  +3.972956e+02  
covariance:
+9.693091e-07  +1.432842e-07  -1.489253e-06  -1.643151e-06  -4.026408e-07  +6.279238e-07  +3.743646e-06  -1.596534e-06  -2.626915e-06  +1.495135e-05  -1.820929e-06  +3.683630e-07  -8.724843e-07  +3.946091e-04  -2.242512e-07  +5.221851e-07  +1.675900e-03  +1.853613e-07  +2.691667e-08  +1.394812e-03  -1.592034e-07  -1.747955e-08  +1.469479e-03  
+1.432842e-07  +7.494406e-07  -1.139737e-07  +4.399058e-09  -9.400658e-08  -4.128193e-08  +1.112592e-07  -2.771233e-07  -2.919055e-07  +2.305914e-06  -8.974328e-07  +7.239860e-08  -8.237273e-08  +6.252737e-05  +6.164628e-09  -3.889625e-08  +9.126491e-05  +1.154516e-07  +7.266451e-09  +1.349935e-04  -5.372621e-08  +7.793218e-09  +2.022069e-04  
-1.489253e-06  -1.139737e-07  +1.612511e-05  +1.212102e-05  +3.418679e-06  -5.857185e-06  -3.349944e-05  +1.232651e-05  +1.787343e-05  -1.064734e-04  +2.091309e-05  -1.762444e-06  +5.928108e-06  -3.235156e-03  +2.465818e-06  -4.008320e-06  -1.238126e-02  -1.626028e-06  -5.607010e-07  -1.200766e-02  +1.530871e-06  -4.220129e-07  -1.020766e-02  
-1.643151e-06  +4.399058e-09  +1.212102e-05  +2.926749e-05  +3.687227e-06  -4.672089e-06  -2.411295e-05  +6.527225e-06  +1.706978e-05  -1.050629e-04  +8.588873e-06  -2.487099e-06  +5.136424e-06  -3.038120e-03  +2.168918e-06  -2.535815e-06  -1.074715e-02  -1.585062e-06  +2.401887e-08  -8.378281e-03  +1.626282e-06  +9.485112e-07  -1.007283e-02  
-4.026408e-07  -9.400658e-08  +3.418679e-06  +3.687227e-06  +3.233750e-06  -9.504581e-07  -6.374810e-06  +2.398582e-06  +3.916690e-06  -2.438893e-05  +5.447137e-06  -4.705390e-07  +1.294653e-06  -3.970261e-04  +3.066639e-07  -7.921380e-07  -2.421700e-03  -7.319376e-07  -8.545428e-08  -2.822022e-03  +7.402017e-07  -5.772981e-08  -2.151919e-03  
+6.279238e-07  -4.128193e-08  -5.857185e-06  -4.672089e-06  -9.504581e-07  +5.275854e-06  +1.924259e-05  -8.338647e-06  -1.128257e-05  +6.985634e-05  -5.215040e-06  +1.500048e-06  -3.566576e-06  +1.809991e-03  -1.803612e-06  +3.394822e-06  +8.740437e-03  +7.654798e-07  -2.017855e-07  +6.765895e-03  -1.079884e-06  +3.401051e-07  +6.366155e-03  
+3.743646e-06  +1.112592e-07  -3.349944e-05  -2.411295e-05  -6.374810e-06  +1.924259e-05  +1.032538e-04  -4.251538e-05  -5.635264e-05  +3.399912e-04  -3.881053e-05  +7.321869e-06  -1.953959e-05  +9.988810e-03  -7.020200e-06  +1.539449e-05  +4.183164e-02  +3.452284e-06  +1.611539e-07  +3.705797e-02  -4.333681e-06  +2.602200e-06  +3.256365e-02  
-1.596534e-06  -2.771233e-07  +1.232651e-05  +6.527225e-06  +2.398582e-06  -8.338647e-06  -4.251538e-05  +5.348423e-05  +2.692537e-05  -1.670659e-04  +1.772776e-05  -5.246612e-06  +9.081600e-06  -4.252258e-03  +2.432693e-06  -6.734860e-06  -2.127778e-02  -1.655061e-06  +1.147856e-06  -1.475497e-02  +1.444003e-08  -1.527176e-07  -1.484474e-02  
-2.626915e-06  -2.919055e-07  +1.787343e-05  +1.706978e-05  +3.916690e-06  -1.128257e-05  -5.635264e-05  +2.692537e-05  +3.568315e-05  -2.185430e-04  +1.595393e-05  -5.513584e-06  +1.181986e-05  -6.137291e-03  +4.028274e-06  -8.529418e-06  -2.559638e-02  -2.360636e-06  +6.793417e-07  -2.107629e-02  +2.457217e-06  -4.783575e-07  -2.051193e-02  
+1.495135e-05  +2.305914e-06  -1.064734e-04  -1.050629e-04  -2.438893e-05  +6.985634e-05  +3.399912e-04  -1.670659e-04  -2.185430e-04  +1.363243e-03  -9.782574e-05  +3.541959e-05  -7.221194e-05  +3.786920e-02  -2.468588e-05  +5.231473e-05  +1.574539e-01  +1.533443e-05  -4.955879e-06  +1.290890e-01  -1.576683e-05  +2.684709e-06  +1.264392e-01  
-1.820929e-06  -8.974328e-07  +2.091309e-05  +8.588873e-06  +5.447137e-06  -5.215040e-06  -3.881053e-05  +1.772776e-05  +1.595393e-05  -9.782574e-05  +8.586078e-05  -1.552028e-06  +3.569635e-06  -3.046011e-03  +2.184809e-06  -4.895668e-06  -7.508221e-03  -4.204917e-06  -1.940530e-06  -1.623814e-02  +3.704419e-06  -4.476995e-06  -5.496796e-03  
+3.683630e-07  +7.239860e-08  -1.762444e-06  -2.487099e-06  -4.705390e-07  +1.500048e-06  +7.321869e-06  -5.246612e-06  -5.513584e-06  +3.541959e-05  -1.552028e-06  +1.628783e-06  -2.048106e-06  +1.188732e-03  -2.304409e-07  +1.227503e-06  +4.024476e-03  +2.751637e-07  -1.516212e-07  +2.957282e-03  -3.448010e-07  +5.190257e-08  +3.201780e-03  
-8.724843e-07  -8.237273e-08  +5.928108e-06  +5.136424e-06  +1.294653e-06  -3.566576e-06  -1.953959e-05  +9.081600e-06  +1.181986e-05  -7.221194e-05  +3.569635e-06  -2.048106e-06  +5.258805e-06  -2.157266e-03  +9.507099e-07  -3.161798e-06  -9.525236e-03  -5.306086e-07  +3.427911e-08  -6.897176e-03  +5.737836e-07  -7.023557e-08  -7.747169e-03  
+3.946091e-04  +6.252737e-05  -3.235156e-03  -3.038120e-03  -3.970261e-04  +1.809991e-03  +9.988810e-03  -4.252258e-03  -6.137291e-03  +3.786920e-02  -3.046011e-03  +1.188732e-03  -2.157266e-03  +1.736651e+00  -6.059855e-04  +1.313674e-03  +4.465350e+00  +1.241578e-04  +8.336550e-05  +3.618933e+00  -2.926876e-04  +2.092411e-04  +3.626375e+00  
-2.242512e-07  +6.164628e-09  +2.465818e-06  +2.168918e-06  +3.066639e-07  -1.803612e-06  -7.020200e-06  +2.432693e-06  +4.028274e-06  -2.468588e-05  +2.184809e-06  -2.304409e-07  +9.507099e-07  -6.059855e-04  +1.222134e-06  -1.141034e-06  -2.993531e-03  -2.464143e-07  +7.966250e-08  -2.416865e-03  +3.728932e-07  +1.786266e-08  -2.384518e-03  
+5.221851e-07  -3.889625e-08  -4.008320e-06  -2.535815e-06  -7.921380e-07  +3.394822e-06  +1.539449e-05  -6.734860e-06  -8.529418e-06  +5.231473e-05  -4.895668e-06  +1.227503e-06  -3.161798e-06  +1.313674e-03  -1.141034e-06  +3.165378e-06  +6.929795e-03  +4.809419e-07  -4.393312e-08  +5.408079e-03  -7.637984e-07  +4.983688e-07  +5.151460e-03  
+1.675900e-03  +9.126491e-05  -1.238126e-02  -1.074715e-02  -2.421700e-03  +8.740437e-03  +4.183164e-02  -2.127778e-02  -2.559638e-02  +1.574539e-01  -7.508221e-03  +4.024476e-03  -9.525236e-03  +4.465350e+00  -2.993531e-03  +6.929795e-03  +2.049721e+01  +1.155799e-03  -3.511561e-04  +1.466461e+01  -1.287692e-03  +1.237481e-04  +1.586963e+01  
+1.853613e-07  +1.154516e-07  -1.626028e-06  -1.585062e-06  -7.319376e-07  +7.654798e-07  +3.452284e-06  -1.655061e-06  -2.360636e-06  +1.533443e-05  -4.204917e-06  +2.751637e-07  -5.306086e-07  +1.241578e-04  -2.464143e-07  +4.809419e-07  +1.155799e-03  +7.713654e-07  -1.052648e-07  +1.724171e-03  -4.875038e-07  +1.451815e-07  +1.037016e-03  
+2.691667e-08  +7.266451e-09  -5.607010e-07  +2.401887e-08  -8.545428e-08  -2.017855e-07  +1.611539e-07  +1.147856e-06  +6.793417e-07  -4.955879e-06  -1.940530e-06  -1.516212e-07  +3.427911e-08  +8.336550e-05  +7.966250e-08  -4.393312e-08  -3.511561e-04  -1.052648e-07  +4.691176e-07  -8.285544e-05  +1.294186e-08  +1.505969e-07  -2.829046e-04  
+1.394812e-03  +1.349935e-04  -1.200766e-02  -8.378281e-03  -2.822022e-03  +6.765895e-03  +3.705797e-02  -1.475497e-02  -2.107629e-02  +1.290890e-01  -1.623814e-02  +2.957282e-03  -6.897176e-03  +3.618933e+00  -2.416865e-03  +5.408079e-03  +1.466461e+01  +1.724171e-03  -8.285544e-05  +1.476924e+01  -2.076677e-03  +1.243939e-03  +1.152889e+01  
-1.592034e-07  -5.372621e-08  +1.530871e-06  +1.626282e-06  +7.402017e-07  -1.079884e-06  -4.333681e-06  +1.444003e-08  +2.457217e-06  -1.576683e-05  +3.704419e-06  -3.448010e-07  +5.737836e-07  -2.926876e-04  +3.728932e-07  -7.637984e-07  -1.287692e-03  -4.875038e-07  +1.294186e-08  -2.076677e-03  +9.756496e-07  -3.664454e-07  -1.001524e-03  
-1.747955e-08  +7.793218e-09  -4.220129e-07  +9.485112e-07  -5.772981e-08  +3.401051e-07  +2.602200e-06  -1.527176e-07  -4.783575e-07  +2.684709e-06  -4.476995e-06  +5.190257e-08  -7.023557e-08  +2.092411e-04  +1.786266e-08  +4.983688e-07  +1.237481e-04  +1.451815e-07  +1.505969e-07  +1.243939e-03  -3.664454e-07  +8.867759e-07  -1.665157e-04  
+1.469479e-03  +2.022069e-04  -1.020766e-02  -1.007283e-02  -2.151919e-03  +6.366155e-03  +3.256365e-02  -1.484474e-02  -2.051193e-02  +1.264392e-01  -5.496796e-03  +3.201780e-03  -7.747169e-03  +3.626375e+00  -2.384518e-03  +5.151460e-03  +1.586963e+01  +1.037016e-03  -2.829046e-04  +1.152889e+01  -1.001524e-03  -1.665157e-04  +1.343427e+01  
