mean:
+3.962163e+00  +3.952602e+00  +8.675810e-01  +1.342348e+00  +1.437354e+00  +5.092001e-01  +8.156483e-01  +1.389917e+00  +1.697482e-01  +1.903867e+00  +6.001982e+00  +3.527767e+00  +2.673821e+00  +1.976579e+02  +4.327778e+00  +5.294040e+00  +2.775169e+02  +5.413067e+00  +3.801625e+00  +3.162277e+02  +2.640065e+00  +4.559517e+00  +3.900787e+02  
covariance:
+8.765327e-07  +6.917786e-08  -1.072792e-07  +5.364781e-07  -2.718467e-07  -6.991231e-08  +1.067351e-07  -1.024066e-06  -1.904993e-07  +1.073921e-06  +1.525792e-06  +7.441254e-08  -4.211395e-08  -1.528568e-04  -4.641245e-08  +1.813881e-08  -7.481220e-06  +2.745735e-08  +8.395276e-09  -9.686933e-05  +4.968167e-08  +4.332218e-09  -1.261867e-05  
+6.917786e-08  +1.329401e-06  +3.846375e-07  +1.901405e-07  +7.829766e-07  -4.823615e-08  -1.547086e-07  -1.320287e-07  -5.713717e-08  +9.396367e-07  +7.172585e-07  -2.088670e-07  -7.097887e-08  +1.579550e-05  -3.753043e-08  -7.742764e-08  -9.494444e-05  +3.985720e-08  -3.083605e-09  -2.160611e-04  -4.753136e-08  +5.566768e-08  -4.812878e-05  
-1.072792e-07  +3.846375e-07  +9.207248e-05  +2.007961e-04  +2.857992e-05  +3.505207e-05  +1.250222e-06  -6.850680e-06  -3.971409e-05  +3.273410e-04  +1.072427e-05  -6.888761e-06  -3.611143e-06  -1.728068e-02  -6.968213e-06  +1.635472e-06  +1.123345e-02  +2.550932e-06  -1.028413e-06  -1.178541e-02  -1.670092e-07  +1.904486e-07  +2.207733e-02  
+5.364781e-07  +1.901405e-07  +2.007961e-04  +6.550118e-04  +1.288593e-04  +1.023584e-04  +4.025426e-05  -6.607236e-05  -1.162630e-04  +9.158104e-04  +1.566928e-05  -2.790824e-05  -1.800608e-06  -4.707306e-02  -1.825210e-05  +3.308335e-06  +2.848360e-02  +9.323725e-06  -3.317972e-06  -3.816648e-02  +3.764472e-06  +1.593524e-06  +4.549871e-02  
-2.718467e-07  +7.829766e-07  +2.857992e-05  +1.288593e-04  +1.324788e-04  +2.494464e-05  +3.629825e-05  +2.782531e-05  -3.449923e-05  +2.438377e-04  -1.669451e-05  -2.699100e-05  +2.907251e-06  -1.202593e-02  -3.828452e-06  +5.650909e-07  +5.248659e-03  +3.713648e-06  +1.080222e-06  -1.098005e-02  +1.808483e-06  +5.390324e-07  +1.378545e-04  
-6.991231e-08  -4.823615e-08  +3.505207e-05  +1.023584e-04  +2.494464e-05  +2.018422e-05  +4.228268e-06  -7.416600e-06  -1.984201e-05  +1.613906e-04  -2.381124e-06  -4.660675e-06  +3.806746e-07  -7.755672e-03  -3.225881e-06  +1.383670e-06  +5.469390e-03  +2.133208e-06  -5.615671e-07  -4.853731e-03  +7.251501e-07  +3.222961e-07  +1.025933e-02  
+1.067351e-07  -1.547086e-07  +1.250222e-06  +4.025426e-05  +3.629825e-05  +4.228268e-06  +2.961021e-05  +6.667602e-06  -1.205921e-05  +6.406720e-05  -8.287090e-06  -9.949550e-06  +4.318680e-07  -5.116201e-03  -1.351526e-06  -3.856813e-07  +1.296679e-03  +2.492807e-07  +1.005578e-06  -3.686173e-03  +1.498348e-06  -3.600854e-07  -3.984640e-03  
-1.024066e-06  -1.320287e-07  -6.850680e-06  -6.607236e-05  +2.782531e-05  -7.416600e-06  +6.667602e-06  +1.589946e-04  +1.064451e-06  -2.041910e-05  +3.324685e-05  -9.110856e-06  +2.412807e-06  -2.606279e-03  +2.673418e-06  +1.832679e-06  -5.256437e-03  -1.981074e-06  +1.861531e-06  +3.448771e-03  -1.877599e-06  -1.739280e-06  -5.648275e-03  
-1.904993e-07  -5.713717e-08  -3.971409e-05  -1.162630e-04  -3.449923e-05  -1.984201e-05  -1.205921e-05  +1.064451e-06  +2.737681e-05  -2.073937e-04  -8.336610e-06  +8.586629e-06  +5.348511e-07  +1.163056e-02  +4.066543e-06  -5.578403e-07  -5.953246e-03  -2.099266e-06  -2.906039e-07  +7.870210e-03  -9.356608e-07  -2.933379e-07  -9.145870e-03  
+1.073921e-06  +9.396367e-07  +3.273410e-04  +9.158104e-04  +2.438377e-04  +1.613906e-04  +6.406720e-05  -2.041910e-05  -2.073937e-04  +1.636521e-03  +5.318786e-05  -5.849250e-05  -5.583581e-06  -8.853451e-02  -3.190347e-05  +5.431155e-06  +4.790235e-02  +1.697310e-05  +1.069580e-06  -5.991507e-02  +6.084767e-06  +2.937000e-06  +8.155322e-02  
+1.525792e-06  +7.172585e-07  +1.072427e-05  +1.566928e-05  -1.669451e-05  -2.381124e-06  -8.287090e-06  +3.324685e-05  -8.336610e-06  +5.318786e-05  +1.210790e-04  +1.721656e-06  +2.565220e-06  -8.535798e-03  -1.441665e-06  +7.784456e-07  -2.651548e-04  +7.087109e-07  -1.572095e-07  -3.354245e-03  -1.073600e-06  -1.933887e-07  +6.161998e-04  
+7.441254e-08  -2.088670e-07  -6.888761e-06  -2.790824e-05  -2.699100e-05  -4.660675e-06  -9.949550e-06  -9.110856e-06  +8.586629e-06  -5.849250e-05  +1.721656e-06  +7.652692e-06  -1.411575e-07  +3.164556e-03  +7.735269e-07  +1.824521e-07  -9.322410e-04  -8.455107e-07  -2.720259e-07  +3.186606e-03  -2.972340e-07  +9.603199e-09  +3.793438e-07  
-4.211395e-08  -7.097887e-08  -3.611143e-06  -1.800608e-06  +2.907251e-06  +3.806746e-07  +4.318680e-07  +2.412807e-06  +5.348511e-07  -5.583581e-06  +2.565220e-06  -1.411575e-07  +1.677404e-06  +3.874621e-04  +1.461066e-07  +2.556285e-07  -1.717789e-04  +1.052556e-07  -4.805999e-08  +4.469340e-04  +2.107195e-07  -9.161150e-08  -7.341927e-04  
-1.528568e-04  +1.579550e-05  -1.728068e-02  -4.707306e-02  -1.202593e-02  -7.755672e-03  -5.116201e-03  -2.606279e-03  +1.163056e-02  -8.853451e-02  -8.535798e-03  +3.164556e-03  +3.874621e-04  +7.162313e+00  +2.045891e-03  -3.488199e-04  -3.059707e+00  -6.546115e-04  -2.171818e-04  +2.995909e+00  -4.197750e-04  +1.048217e-04  -3.051583e+00  
-4.641245e-08  -3.753043e-08  -6.968213e-06  -1.825210e-05  -3.828452e-06  -3.225881e-06  -1.351526e-06  +2.673418e-06  +4.066543e-06  -3.190347e-05  -1.441665e-06  +7.735269e-07  +1.461066e-07  +2.045891e-03  +1.118717e-06  -9.220700e-08  -1.225423e-03  -2.375070e-07  -2.672538e-08  +9.867532e-04  -2.051069e-07  +4.642042e-09  -1.601704e-03  
+1.813881e-08  -7.742764e-08  +1.635472e-06  +3.308335e-06  +5.650909e-07  +1.383670e-06  -3.856813e-07  +1.832679e-06  -5.578403e-07  +5.431155e-06  +7.784456e-07  +1.824521e-07  +2.556285e-07  -3.488199e-04  -9.220700e-08  +7.481816e-07  +5.060802e-04  +8.129507e-08  -5.351682e-08  +3.962862e-04  +1.444345e-07  -6.603265e-08  +6.090376e-04  
-7.481220e-06  -9.494444e-05  +1.123345e-02  +2.848360e-02  +5.248659e-03  +5.469390e-03  +1.296679e-03  -5.256437e-03  -5.953246e-03  +4.790235e-02  -2.651548e-04  -9.322410e-04  -1.717789e-04  -3.059707e+00  -1.225423e-03  +5.060802e-04  +2.624517e+00  +4.668245e-04  -3.641745e-05  -1.168410e+00  +3.313280e-04  -9.409346e-05  +2.912217e+00  
+2.745735e-08  +3.985720e-08  +2.550932e-06  +9.323725e-06  +3.713648e-06  +2.133208e-06  +2.492807e-07  -1.981074e-06  -2.099266e-06  +1.697310e-05  +7.087109e-07  -8.455107e-07  +1.052556e-07  -6.546115e-04  -2.375070e-07  +8.129507e-08  +4.668245e-04  +9.006681e-07  -9.388336e-08  -5.108646e-04  +1.142649e-08  +2.538253e-07  +1.692090e-03  
+8.395276e-09  -3.083605e-09  -1.028413e-06  -3.317972e-06  +1.080222e-06  -5.615671e-07  +1.005578e-06  +1.861531e-06  -2.906039e-07  +1.069580e-06  -1.572095e-07  -2.720259e-07  -4.805999e-08  -2.171818e-04  -2.672538e-08  -5.351682e-08  -3.641745e-05  -9.388336e-08  +5.136421e-07  +1.385381e-04  +1.143213e-07  +2.222133e-08  -3.206207e-04  
-9.686933e-05  -2.160611e-04  -1.178541e-02  -3.816648e-02  -1.098005e-02  -4.853731e-03  -3.686173e-03  +3.448771e-03  +7.870210e-03  -5.991507e-02  -3.354245e-03  +3.186606e-03  +4.469340e-04  +2.995909e+00  +9.867532e-04  +3.962862e-04  -1.168410e+00  -5.108646e-04  +1.385381e-04  +4.115137e+00  +1.706034e-05  -1.642488e-04  -1.174579e+00  
+4.968167e-08  -4.753136e-08  -1.670092e-07  +3.764472e-06  +1.808483e-06  +7.251501e-07  +1.498348e-06  -1.877599e-06  -9.356608e-07  +6.084767e-06  -1.073600e-06  -2.972340e-07  +2.107195e-07  -4.197750e-04  -2.051069e-07  +1.444345e-07  +3.313280e-04  +1.142649e-08  +1.143213e-07  +1.706034e-05  +5.220717e-07  +9.829897e-09  -1.218308e-04  
+4.332218e-09  +5.566768e-08  +1.904486e-07  +1.593524e-06  +5.390324e-07  +3.222961e-07  -3.600854e-07  -1.739280e-06  -2.933379e-07  +2.937000e-06  -1.933887e-07  +9.603199e-09  -9.161150e-08  +1.048217e-04  +4.642042e-09  -6.603265e-08  -9.409346e-05  +2.538253e-07  +2.222133e-08  -1.642488e-04  +9.829897e-09  +4.096462e-07  +5.261331e-04  
-1.261867e-05  -4.812878e-05  +2.207733e-02  +4.549871e-02  +1.378545e-04  +1.025933e-02  -3.984640e-03  -5.648275e-03  -9.145870e-03  +8.155322e-02  +6.161998e-04  +3.793438e-07  -7.341927e-04  -3.051583e+00  -1.601704e-03  +6.090376e-04  +2.912217e+00  +1.692090e-03  -3.206207e-04  -1.174579e+00  -1.218308e-04  +5.261331e-04  +1.107228e+01  
