mean:
+3.926409e+00  +3.905872e+00  +6.546928e-01  -1.189084e+00  +1.719650e+00  +5.837621e-01  +9.360792e-01  +2.020640e+00  +1.399565e-01  +2.008390e+00  +4.797886e+00  +1.906025e+00  +3.007218e+00  +8.060662e+02  +4.959792e+00  +4.479433e+00  +2.008986e+03  
covariance:
+1.678369e-05  +5.176878e-06  +1.979577e-06  +1.078600e-05  -1.257793e-05  +7.012252e-06  -8.700190e-07  +5.929384e-06  +1.293431e-06  -2.257993e-05  +8.059131e-05  -7.078349e-07  -3.123700e-07  +2.071619e-03  -6.187690e-08  +2.821593e-07  +9.468558e-04  
+5.176878e-06  +2.173525e-05  -2.382849e-07  -3.531654e-05  -3.255224e-05  -6.905913e-06  -2.414314e-05  +1.529055e-06  +1.115736e-06  +1.166316e-05  -5.560924e-05  -4.613421e-07  +6.613985e-07  -5.478930e-03  -2.427530e-07  +2.535949e-08  -3.854361e-03  
+1.979577e-06  -2.382849e-07  +1.100910e-04  -6.188821e-05  +5.334237e-06  -5.458666e-05  +4.698487e-05  -1.846100e-04  -7.111196e-06  +1.081099e-04  -5.031500e-04  +1.633122e-06  -1.511679e-07  -3.827341e-03  -5.813608e-07  +6.462047e-07  +6.472314e-03  
+1.078600e-05  -3.531654e-05  -6.188821e-05  +6.311581e-04  +3.750685e-05  +1.665757e-04  +3.566770e-05  +2.296421e-04  +2.244677e-05  -5.766634e-04  +2.001190e-03  -8.387441e-07  -1.630821e-06  +2.356206e-02  +2.248070e-06  -3.841632e-07  +3.958368e-02  
-1.257793e-05  -3.255224e-05  +5.334237e-06  +3.750685e-05  +2.578284e-04  -1.375325e-05  +5.468561e-05  -1.010879e-04  -2.408669e-06  +4.229404e-05  -2.861523e-04  +2.146085e-06  +1.204420e-06  +2.786911e-03  -7.008611e-07  -5.368882e-07  -8.587988e-03  
+7.012252e-06  -6.905913e-06  -5.458666e-05  +1.665757e-04  -1.375325e-05  +1.130193e-04  -6.839776e-06  +2.370202e-04  +1.074110e-05  -3.021823e-04  +1.209012e-03  -3.201429e-08  -7.431702e-07  +2.335539e-02  +2.367107e-07  +9.893276e-07  +4.492790e-03  
-8.700190e-07  -2.414314e-05  +4.698487e-05  +3.566770e-05  +5.468561e-05  -6.839776e-06  +1.830419e-04  -2.576399e-04  -1.738935e-05  +2.294636e-05  -1.688527e-04  +1.196327e-06  -1.379901e-06  +1.350002e-02  +1.567092e-08  +1.170036e-06  -6.273049e-03  
+5.929384e-06  +1.529055e-06  -1.846100e-04  +2.296421e-04  -1.010879e-04  +2.370202e-04  -2.576399e-04  +1.043597e-03  +4.026945e-05  -5.726202e-04  +2.557638e-03  -1.649589e-06  -3.629927e-06  +3.975701e-02  +6.323557e-08  -5.539343e-07  +2.118991e-02  
+1.293431e-06  +1.115736e-06  -7.111196e-06  +2.244677e-05  -2.408669e-06  +1.074110e-05  -1.738935e-05  +4.026945e-05  +4.307982e-06  -3.943469e-05  +1.302545e-04  -1.568516e-07  -6.985902e-11  +4.692205e-04  +4.077936e-08  +6.312898e-08  +1.664105e-03  
-2.257993e-05  +1.166316e-05  +1.081099e-04  -5.766634e-04  +4.229404e-05  -3.021823e-04  +2.294636e-05  -5.726202e-04  -3.943469e-05  +9.469404e-04  -3.470581e-03  +6.729233e-07  +1.240499e-06  -5.358723e-02  -1.271986e-06  -3.268113e-06  -2.285008e-02  
+8.059131e-05  -5.560924e-05  -5.031500e-04  +2.001190e-03  -2.861523e-04  +1.209012e-03  -1.688527e-04  +2.557638e-03  +1.302545e-04  -3.470581e-03  +1.402440e-02  -1.714600e-06  -2.599104e-06  +2.241554e-01  +6.650289e-06  +1.017001e-05  +7.307107e-02  
-7.078349e-07  -4.613421e-07  +1.633122e-06  -8.387441e-07  +2.146085e-06  -3.201429e-08  +1.196327e-06  -1.649589e-06  -1.568516e-07  +6.729233e-07  -1.714600e-06  +7.064398e-07  +3.851691e-08  +2.908880e-04  -2.948102e-08  +9.267767e-08  +3.261071e-04  
-3.123700e-07  +6.613985e-07  -1.511679e-07  -1.630821e-06  +1.204420e-06  -7.431702e-07  -1.379901e-06  -3.629927e-06  -6.985902e-11  +1.240499e-06  -2.599104e-06  +3.851691e-08  +9.898478e-07  -7.359042e-04  +7.468151e-08  -2.142093e-10  -7.556581e-04  
+2.071619e-03  -5.478930e-03  -3.827341e-03  +2.356206e-02  +2.786911e-03  +2.335539e-02  +1.350002e-02  +3.975701e-02  +4.692205e-04  -5.358723e-02  +2.241554e-01  +2.908880e-04  -7.359042e-04  +1.012738e+01  -2.693254e-05  +4.651773e-04  +1.814143e+00  
-6.187690e-08  -2.427530e-07  -5.813608e-07  +2.248070e-06  -7.008611e-07  +2.367107e-07  +1.567092e-08  +6.323557e-08  +4.077936e-08  -1.271986e-06  +6.650289e-06  -2.948102e-08  +7.468151e-08  -2.693254e-05  +3.193634e-07  +8.138929e-09  +3.222177e-04  
+2.821593e-07  +2.535949e-08  +6.462047e-07  -3.841632e-07  -5.368882e-07  +9.893276e-07  +1.170036e-06  -5.539343e-07  +6.312898e-08  -3.268113e-06  +1.017001e-05  +9.267767e-08  -2.142093e-10  +4.651773e-04  +8.138929e-09  +3.479668e-07  +1.860828e-04  
+9.468558e-04  -3.854361e-03  +6.472314e-03  +3.958368e-02  -8.587988e-03  +4.492790e-03  -6.273049e-03  +2.118991e-02  +1.664105e-03  -2.285008e-02  +7.307107e-02  +3.261071e-04  -7.556581e-04  +1.814143e+00  +3.222177e-04  +1.860828e-04  +1.923341e+01  
