mean:
+3.924106e+00  +3.906436e+00  +6.319962e-01  -1.197501e+00  +1.658431e+00  +5.881354e-01  +9.368628e-01  +2.013087e+00  +1.359699e-01  +2.060139e+00  +4.728355e+00  +1.904899e+00  +3.006980e+00  +8.193340e+02  +4.959488e+00  +4.479118e+00  +2.028927e+03  
covariance:
+1.991325e-05  +5.378708e-06  -2.491154e-06  -5.921491e-06  -1.822866e-05  -4.589884e-10  +6.701919e-06  -3.034382e-05  +1.091415e-06  -2.076675e-05  +3.394179e-05  -9.067198e-08  -8.216655e-08  -1.060608e-03  -1.706574e-07  +9.202880e-08  +1.614848e-03  
+5.378708e-06  +1.080856e-05  -7.754188e-06  +3.246136e-05  +2.419406e-05  -8.776227e-06  -1.186452e-05  +4.759865e-06  -1.553164e-06  +8.718896e-05  -3.283033e-04  +1.788021e-07  +2.609920e-08  +9.437313e-03  -2.415238e-07  -1.349144e-07  +2.345143e-03  
-2.491154e-06  -7.754188e-06  +4.702911e-05  +1.693932e-05  -5.309577e-05  +5.977103e-06  -6.425636e-06  +1.175744e-04  +2.518414e-06  -9.634154e-05  +4.381335e-04  +8.052487e-08  -9.362629e-07  -8.920036e-03  +1.982033e-08  -5.593994e-07  -1.230869e-02  
-5.921491e-06  +3.246136e-05  +1.693932e-05  +4.939566e-04  +1.128716e-04  -6.990675e-05  -1.579374e-04  +2.955087e-04  -8.032795e-06  +6.744087e-04  -2.208385e-03  -1.526725e-07  +2.551851e-06  +5.679262e-02  -1.490399e-06  -5.890566e-07  -1.117327e-02  
-1.822866e-05  +2.419406e-05  -5.309577e-05  +1.128716e-04  +4.450487e-04  -4.047123e-05  -1.129064e-04  +3.016619e-04  -1.167253e-05  +5.882593e-04  -1.754211e-03  +3.512710e-06  +1.545275e-06  +4.857296e-02  -1.519822e-06  +1.181592e-09  +4.772478e-03  
-4.589884e-10  -8.776227e-06  +5.977103e-06  -6.990675e-05  -4.047123e-05  +1.830117e-05  +3.123768e-05  -5.632826e-05  +1.275979e-06  -1.507168e-04  +5.384635e-04  +1.186956e-07  -6.678586e-07  -1.522499e-02  +3.819571e-07  +9.239350e-09  +4.461384e-03  
+6.701919e-06  -1.186452e-05  -6.425636e-06  -1.579374e-04  -1.129064e-04  +3.123768e-05  +1.240244e-04  -3.213114e-04  +4.984058e-06  -3.606978e-04  +8.800119e-04  +1.470230e-07  -1.517036e-06  -2.127177e-02  +3.708557e-07  +5.855709e-07  +2.894725e-02  
-3.034382e-05  +4.759865e-06  +1.175744e-04  +2.955087e-04  +3.016619e-04  -5.632826e-05  -3.213114e-04  +1.524301e-03  -5.372787e-06  +6.503413e-04  -1.005301e-03  +2.852156e-06  +1.660811e-06  +3.368978e-02  +4.923821e-08  -1.959757e-06  -1.437365e-01  
+1.091415e-06  -1.553164e-06  +2.518414e-06  -8.032795e-06  -1.167253e-05  +1.275979e-06  +4.984058e-06  -5.372787e-06  +2.494254e-06  -3.743262e-05  +7.687503e-05  -9.014718e-09  -4.155177e-08  -1.313719e-03  +1.817274e-07  +2.030649e-07  -1.671953e-04  
-2.076675e-05  +8.718896e-05  -9.634154e-05  +6.744087e-04  +5.882593e-04  -1.507168e-04  -3.606978e-04  +6.503413e-04  -3.743262e-05  +1.826446e-03  -5.553934e-03  +8.616816e-07  +6.539368e-06  +1.436451e-01  -3.381034e-06  -3.493079e-06  -2.629664e-02  
+3.394179e-05  -3.283033e-04  +4.381335e-04  -2.208385e-03  -1.754211e-03  +5.384635e-04  +8.800119e-04  -1.005301e-03  +7.687503e-05  -5.553934e-03  +2.038333e-02  -6.135803e-06  -2.861252e-05  -5.656215e-01  +9.330573e-06  +5.223234e-06  -8.715297e-02  
-9.067198e-08  +1.788021e-07  +8.052487e-08  -1.526725e-07  +3.512710e-06  +1.186956e-07  +1.470230e-07  +2.852156e-06  -9.014718e-09  +8.616816e-07  -6.135803e-06  +5.586368e-07  -4.396146e-08  +1.277666e-04  +9.772629e-09  -4.048469e-08  +4.372250e-04  
-8.216655e-08  +2.609920e-08  -9.362629e-07  +2.551851e-06  +1.545275e-06  -6.678586e-07  -1.517036e-06  +1.660811e-06  -4.155177e-08  +6.539368e-06  -2.861252e-05  -4.396146e-08  +6.258146e-07  +5.381422e-04  -4.483428e-09  -1.870508e-08  +4.424299e-04  
-1.060608e-03  +9.437313e-03  -8.920036e-03  +5.679262e-02  +4.857296e-02  -1.522499e-02  -2.127177e-02  +3.368978e-02  -1.313719e-03  +1.436451e-01  -5.656215e-01  +1.277666e-04  +5.381422e-04  +1.902418e+01  -2.242762e-04  -1.299134e-04  +4.579175e+00  
-1.706574e-07  -2.415238e-07  +1.982033e-08  -1.490399e-06  -1.519822e-06  +3.819571e-07  +3.708557e-07  +4.923821e-08  +1.817274e-07  -3.381034e-06  +9.330573e-06  +9.772629e-09  -4.483428e-09  -2.242762e-04  +3.105291e-07  -3.244620e-08  -3.973153e-04  
+9.202880e-08  -1.349144e-07  -5.593994e-07  -5.890566e-07  +1.181592e-09  +9.239350e-09  +5.855709e-07  -1.959757e-06  +2.030649e-07  -3.493079e-06  +5.223234e-06  -4.048469e-08  -1.870508e-08  -1.299134e-04  -3.244620e-08  +2.760680e-07  -1.720001e-04  
+1.614848e-03  +2.345143e-03  -1.230869e-02  -1.117327e-02  +4.772478e-03  +4.461384e-03  +2.894725e-02  -1.437365e-01  -1.671953e-04  -2.629664e-02  -8.715297e-02  +4.372250e-04  +4.424299e-04  +4.579175e+00  -3.973153e-04  -1.720001e-04  +4.849100e+01  
