mean:
+3.982305e+00  +3.953661e+00  +8.417789e-01  +1.290934e+00  +1.373158e+00  +4.043137e-01  +8.075294e-01  +1.373616e+00  +1.693470e-01  +1.837454e+00  +6.080176e+00  +3.592152e+00  +2.698112e+00  +1.974799e+02  +4.348310e+00  +5.276131e+00  +2.718282e+02  +5.453653e+00  +3.757424e+00  +3.207179e+02  +2.639810e+00  +4.560145e+00  +3.885927e+02  
covariance:
+9.299856e-07  +3.689979e-08  +5.376786e-07  -1.553637e-06  +9.941084e-07  -1.215899e-07  -5.198046e-07  -2.589738e-07  -1.354933e-07  -3.294730e-09  -4.341311e-06  +3.730288e-08  +1.558444e-07  +1.162086e-04  -3.109145e-08  +3.768600e-08  +2.798156e-04  +7.382606e-09  -4.976138e-08  -1.399487e-04  +3.422943e-08  -1.497850e-08  -6.933034e-05  
+3.689979e-08  +1.128801e-06  +1.031834e-07  +1.654669e-06  +1.261687e-06  +6.422689e-07  +1.124548e-06  +7.964471e-07  -9.009393e-07  +4.277302e-06  +1.384352e-05  +1.011121e-07  -1.851765e-07  -2.958618e-04  +5.361679e-07  -5.066714e-07  -8.068615e-04  +1.305964e-07  +2.691499e-08  +1.501049e-04  +1.426063e-07  +2.237016e-08  +1.156656e-04  
+5.376786e-07  +1.031834e-07  +2.424484e-05  -3.495068e-05  +1.233993e-05  +2.948962e-06  -1.094687e-05  +1.835519e-05  -5.404219e-06  +4.889538e-05  +2.608683e-05  +2.759707e-06  -1.537054e-08  -6.880219e-04  +1.357233e-06  -1.860993e-06  -5.532011e-04  +1.022560e-06  -7.198311e-07  -3.715185e-04  +1.186883e-06  -3.663378e-07  -1.035733e-03  
-1.553637e-06  +1.654669e-06  -3.495068e-05  +2.201436e-04  -3.148287e-05  +1.613440e-05  +4.284087e-05  +3.580338e-05  -1.723021e-05  +1.489749e-05  +4.140074e-04  -2.762510e-06  -6.497746e-06  -6.187208e-03  -7.929040e-06  +7.903890e-06  -2.073903e-02  -3.935736e-06  +3.913243e-07  +7.188522e-03  -5.499518e-07  +9.289347e-07  +1.185664e-02  
+9.941084e-07  +1.261687e-06  +1.233993e-05  -3.148287e-05  +1.078144e-04  +6.504298e-06  +6.915391e-06  -3.901742e-05  -1.115387e-05  +6.462287e-05  +8.653945e-05  +3.002368e-06  +3.524760e-06  +5.450215e-05  +8.090171e-06  -8.371781e-06  -3.243004e-03  +2.216585e-06  +1.504896e-06  -3.493079e-03  +2.294717e-06  +9.757332e-08  +1.973115e-04  
-1.215899e-07  +6.422689e-07  +2.948962e-06  +1.613440e-05  +6.504298e-06  +7.466524e-06  +6.672289e-06  +4.416483e-06  -9.416739e-06  +4.472299e-05  +1.269549e-04  +7.133994e-07  -1.415412e-06  -2.825305e-03  +3.462065e-06  -3.200574e-06  -5.905558e-03  +8.042199e-07  +1.497845e-07  +1.264394e-03  +1.495803e-06  +3.906734e-07  +1.354537e-03  
-5.198046e-07  +1.124548e-06  -1.094687e-05  +4.284087e-05  +6.915391e-06  +6.672289e-06  +2.604266e-05  +4.802237e-06  -1.089949e-05  +2.573599e-05  +1.803301e-04  -1.477636e-06  -1.351180e-06  -2.750589e-03  +3.161476e-06  -9.201792e-07  -8.728903e-03  +1.685891e-06  -5.298817e-09  +4.121844e-03  +1.442216e-06  +4.356060e-07  +2.741346e-03  
-2.589738e-07  +7.964471e-07  +1.835519e-05  +3.580338e-05  -3.901742e-05  +4.416483e-06  +4.802237e-06  +1.864009e-04  -1.268528e-05  +5.605713e-05  +1.984400e-04  -1.810452e-07  -7.528701e-06  -5.661564e-03  -4.125125e-06  +1.916833e-06  -1.293581e-02  +1.219348e-07  -1.784712e-06  +1.057952e-02  +1.384363e-06  -9.834707e-07  -1.540444e-03  
-1.354933e-07  -9.009393e-07  -5.404219e-06  -1.723021e-05  -1.115387e-05  -9.416739e-06  -1.089949e-05  -1.268528e-05  +1.495810e-05  -6.806713e-05  -1.941884e-04  -9.263711e-07  +1.713846e-06  +4.223738e-03  -5.536593e-06  +4.967156e-06  +1.000577e-02  -1.933912e-06  -2.939874e-08  -3.126467e-03  -2.172758e-06  -2.978384e-07  -1.720459e-03  
-3.294730e-09  +4.277302e-06  +4.889538e-05  +1.489749e-05  +6.462287e-05  +4.472299e-05  +2.573599e-05  +5.605713e-05  -6.806713e-05  +3.654945e-04  +8.219283e-04  +8.170863e-06  -7.127778e-06  -2.021642e-02  +3.131659e-05  -2.989870e-05  -4.258959e-02  +9.650572e-06  +3.582130e-07  +9.534628e-03  +1.101226e-05  +8.345160e-07  +4.227969e-03  
-4.341311e-06  +1.384352e-05  +2.608683e-05  +4.140074e-04  +8.653945e-05  +1.269549e-04  +1.803301e-04  +1.984400e-04  -1.941884e-04  +8.219283e-04  +2.911758e-03  +5.644170e-06  -2.944757e-05  -5.814914e-02  +5.501935e-05  -4.842510e-05  -1.546810e-01  +2.168578e-05  -2.554256e-08  +5.696810e-02  +2.479915e-05  +4.813071e-06  +3.692334e-02  
+3.730288e-08  +1.011121e-07  +2.759707e-06  -2.762510e-06  +3.002368e-06  +7.133994e-07  -1.477636e-06  -1.810452e-07  -9.263711e-07  +8.170863e-06  +5.644170e-06  +8.430883e-07  -7.431638e-08  -2.376285e-04  +6.781639e-07  -9.273473e-07  -3.705520e-04  +2.646010e-08  +7.532294e-08  -6.452308e-04  +1.706077e-07  -1.088904e-07  -1.790868e-06  
+1.558444e-07  -1.851765e-07  -1.537054e-08  -6.497746e-06  +3.524760e-06  -1.415412e-06  -1.351180e-06  -7.528701e-06  +1.713846e-06  -7.127778e-06  -2.944757e-05  -7.431638e-08  +1.518495e-06  +8.735377e-04  -6.315238e-07  +8.101469e-07  +1.486055e-03  +6.246825e-08  -1.513346e-07  -5.062882e-04  -2.909183e-07  -1.683620e-07  -3.201834e-04  
+1.162086e-04  -2.958618e-04  -6.880219e-04  -6.187208e-03  +5.450215e-05  -2.825305e-03  -2.750589e-03  -5.661564e-03  +4.223738e-03  -2.021642e-02  -5.814914e-02  -2.376285e-04  +8.735377e-04  +2.173456e+00  -2.672943e-03  +2.745088e-03  +3.541628e+00  -5.930177e-04  -1.402689e-05  -1.061832e+00  -5.424024e-04  -1.362328e-04  -8.464504e-02  
-3.109145e-08  +5.361679e-07  +1.357233e-06  -7.929040e-06  +8.090171e-06  +3.462065e-06  +3.161476e-06  -4.125125e-06  -5.536593e-06  +3.131659e-05  +5.501935e-05  +6.781639e-07  -6.315238e-07  -2.672943e-03  +8.550415e-06  -7.844415e-06  -4.036921e-03  +1.510827e-06  +4.313224e-07  +2.574218e-04  +1.473614e-06  +1.330591e-07  -1.508982e-03  
+3.768600e-08  -5.066714e-07  -1.860993e-06  +7.903890e-06  -8.371781e-06  -3.200574e-06  -9.201792e-07  +1.916833e-06  +4.967156e-06  -2.989870e-05  -4.842510e-05  -9.273473e-07  +8.101469e-07  +2.745088e-03  -7.844415e-06  +9.117316e-06  +4.020761e-03  -1.407651e-06  -9.124236e-07  -2.432425e-04  -1.665543e-06  -8.815332e-08  +1.582762e-03  
+2.798156e-04  -8.068615e-04  -5.532011e-04  -2.073903e-02  -3.243004e-03  -5.905558e-03  -8.728903e-03  -1.293581e-02  +1.000577e-02  -4.258959e-02  -1.546810e-01  -3.705520e-04  +1.486055e-03  +3.541628e+00  -4.036921e-03  +4.020761e-03  +1.085820e+01  -1.598686e-03  +8.508966e-05  -4.197212e+00  -1.210031e-03  -1.797220e-05  -1.562904e+00  
+7.382606e-09  +1.305964e-07  +1.022560e-06  -3.935736e-06  +2.216585e-06  +8.042199e-07  +1.685891e-06  +1.219348e-07  -1.933912e-06  +9.650572e-06  +2.168578e-05  +2.646010e-08  +6.246825e-08  -5.930177e-04  +1.510827e-06  -1.407651e-06  -1.598686e-03  +1.331637e-06  -1.662029e-07  +9.516696e-04  +4.375959e-07  +6.843894e-08  -6.927135e-05  
-4.976138e-08  +2.691499e-08  -7.198311e-07  +3.913243e-07  +1.504896e-06  +1.497845e-07  -5.298817e-09  -1.784712e-06  -2.939874e-08  +3.582130e-07  -2.554256e-08  +7.532294e-08  -1.513346e-07  -1.402689e-05  +4.313224e-07  -9.124236e-07  +8.508966e-05  -1.662029e-07  +7.675620e-07  -4.252459e-04  +1.513907e-07  -1.601427e-07  -2.239533e-06  
-1.399487e-04  +1.501049e-04  -3.715185e-04  +7.188522e-03  -3.493079e-03  +1.264394e-03  +4.121844e-03  +1.057952e-02  -3.126467e-03  +9.534628e-03  +5.696810e-02  -6.452308e-04  -5.062882e-04  -1.061832e+00  +2.574218e-04  -2.432425e-04  -4.197212e+00  +9.516696e-04  -4.252459e-04  +4.007308e+00  +3.762583e-04  +1.904221e-04  +4.354082e-01  
+3.422943e-08  +1.426063e-07  +1.186883e-06  -5.499518e-07  +2.294717e-06  +1.495803e-06  +1.442216e-06  +1.384363e-06  -2.172758e-06  +1.101226e-05  +2.479915e-05  +1.706077e-07  -2.909183e-07  -5.424024e-04  +1.473614e-06  -1.665543e-06  -1.210031e-03  +4.375959e-07  +1.513907e-07  +3.762583e-04  +1.067668e-06  +8.748970e-08  -1.281058e-04  
-1.497850e-08  +2.237016e-08  -3.663378e-07  +9.289347e-07  +9.757332e-08  +3.906734e-07  +4.356060e-07  -9.834707e-07  -2.978384e-07  +8.345160e-07  +4.813071e-06  -1.088904e-07  -1.683620e-07  -1.362328e-04  +1.330591e-07  -8.815332e-08  -1.797220e-05  +6.843894e-08  -1.601427e-07  +1.904221e-04  +8.748970e-08  +4.979643e-07  +5.125614e-05  
-6.933034e-05  +1.156656e-04  -1.035733e-03  +1.185664e-02  +1.973115e-04  +1.354537e-03  +2.741346e-03  -1.540444e-03  -1.720459e-03  +4.227969e-03  +3.692334e-02  -1.790868e-06  -3.201834e-04  -8.464504e-02  -1.508982e-03  +1.582762e-03  -1.562904e+00  -6.927135e-05  -2.239533e-06  +4.354082e-01  -1.281058e-04  +5.125614e-05  +2.158140e+00  
