mean:
+3.941497e+00  +3.935045e+00  +8.185826e-01  +1.240790e+00  +1.429977e+00  +4.967949e-01  +8.065639e-01  +1.404429e+00  +1.674774e-01  +1.857006e+00  +6.022640e+00  +3.545574e+00  +2.645393e+00  +2.014335e+02  +4.279129e+00  +5.292880e+00  +2.779256e+02  +5.397881e+00  +3.769527e+00  +3.267104e+02  +2.640859e+00  +4.558417e+00  +3.932427e+02  
covariance:
+1.017322e-04  +8.968778e-06  -3.565801e-05  -3.595692e-05  +6.877057e-06  -6.263389e-06  +1.945687e-05  +3.225904e-05  +5.523014e-06  +1.214605e-04  +3.725104e-05  -1.828600e-06  -6.534490e-05  -6.886528e-03  -1.118733e-04  -3.440858e-07  +8.690864e-03  -4.057068e-05  -6.196937e-05  +7.874183e-03  -4.086811e-06  -3.242157e-06  +4.996076e-03  
+8.968778e-06  +8.282746e-06  -7.606632e-06  -8.140359e-06  -1.794306e-06  -9.445983e-07  +1.450317e-06  -1.264453e-05  +3.656878e-06  -8.453760e-06  -6.070301e-06  -1.673213e-06  +4.368068e-06  +6.764611e-04  +7.335660e-06  -1.230939e-06  -1.249854e-03  +4.581896e-06  +5.222047e-06  +5.419867e-04  +4.389201e-07  -8.868012e-07  -1.494728e-03  
-3.565801e-05  -7.606632e-06  +1.208077e-04  +2.428613e-04  -2.880812e-05  +8.942774e-06  +2.505590e-06  +2.307802e-04  -1.385366e-05  +5.155889e-05  -1.166492e-05  +1.890603e-05  -5.834408e-05  +5.955614e-03  -5.848047e-05  +1.875584e-05  +8.105951e-03  -4.402928e-05  -4.556556e-05  -1.091882e-03  -4.475834e-06  +8.202546e-06  +2.804010e-02  
-3.595692e-05  -8.140359e-06  +2.428613e-04  +6.623105e-04  -7.250499e-05  +2.213145e-05  -4.431398e-06  +5.591257e-04  -3.289135e-05  +2.342017e-04  -2.601748e-05  +4.420307e-05  -1.722384e-04  +1.141730e-02  -2.032400e-04  +4.637737e-05  +1.671563e-02  -1.235533e-04  -1.468314e-04  -1.269385e-02  -8.418658e-06  +1.858074e-05  +7.933404e-02  
+6.877057e-06  -1.794306e-06  -2.880812e-05  -7.250499e-05  +2.366255e-05  -2.357678e-06  +2.759859e-06  -5.366169e-05  +1.240986e-06  -4.403702e-06  +7.580000e-06  -4.733489e-06  +8.306700e-06  -2.647342e-03  +3.886634e-06  -4.473867e-06  -2.085490e-04  +6.448021e-06  +5.131763e-06  +2.312594e-03  -4.185054e-08  -2.183199e-06  -7.722396e-03  
-6.263389e-06  -9.445983e-07  +8.942774e-06  +2.213145e-05  -2.357678e-06  +2.306379e-06  +1.035661e-06  +1.098987e-05  -1.591354e-06  +1.753255e-06  -9.760140e-06  +1.425499e-06  -2.375809e-06  +5.639849e-04  -1.186395e-06  +1.923310e-06  -1.123173e-04  -1.644568e-06  -2.505161e-06  -8.099363e-04  +7.720203e-08  +5.918861e-07  +2.441481e-03  
+1.945687e-05  +1.450317e-06  +2.505590e-06  -4.431398e-06  +2.759859e-06  +1.035661e-06  +1.924098e-05  +8.477072e-06  -1.334456e-06  +2.498503e-05  -7.616444e-06  +6.278725e-07  -2.124154e-05  -2.794093e-03  -3.146541e-05  +2.462131e-06  +3.630442e-03  -1.232498e-05  -2.077344e-05  +6.562941e-03  -2.795830e-06  -1.100718e-06  +2.003677e-03  
+3.225904e-05  -1.264453e-05  +2.307802e-04  +5.591257e-04  -5.366169e-05  +1.098987e-05  +8.477072e-06  +7.567109e-04  -3.854396e-05  +3.628097e-04  +8.414089e-05  +4.719281e-05  -2.586543e-04  +1.594878e-03  -3.534501e-04  +4.460895e-05  +3.843057e-02  -1.890811e-04  -2.251133e-04  +1.844907e-03  -1.581899e-05  +2.058693e-05  +8.250811e-02  
+5.523014e-06  +3.656878e-06  -1.385366e-05  -3.289135e-05  +1.240986e-06  -1.591354e-06  -1.334456e-06  -3.854396e-05  +8.193259e-06  -4.104884e-05  -3.645708e-06  -4.400636e-06  +2.197038e-05  +2.797373e-03  +3.389581e-05  -3.645162e-06  -3.666790e-03  +1.650861e-05  +2.342737e-05  +1.568267e-03  +1.219030e-06  -1.863931e-06  -6.754080e-03  
+1.214605e-04  -8.453760e-06  +5.155889e-05  +2.342017e-04  -4.403702e-06  +1.753255e-06  +2.498503e-05  +3.628097e-04  -4.104884e-05  +5.103295e-04  +8.219322e-05  +3.192277e-05  -2.684028e-04  -2.848048e-02  -4.290282e-04  +2.703402e-05  +3.865681e-02  -1.884401e-04  -2.709591e-04  -6.089123e-03  -1.361551e-05  +1.030053e-05  +6.293354e-02  
+3.725104e-05  -6.070301e-06  -1.166492e-05  -2.601748e-05  +7.580000e-06  -9.760140e-06  -7.616444e-06  +8.414089e-05  -3.645708e-06  +8.219322e-05  +1.169281e-04  +2.789573e-06  -4.224495e-05  -5.427592e-03  -7.837592e-05  -2.949222e-06  +1.015885e-02  -3.413726e-05  -3.905311e-05  +4.758526e-03  -2.955199e-06  +9.752025e-07  +1.545019e-03  
-1.828600e-06  -1.673213e-06  +1.890603e-05  +4.420307e-05  -4.733489e-06  +1.425499e-06  +6.278725e-07  +4.719281e-05  -4.400636e-06  +3.192277e-05  +2.789573e-06  +5.586426e-06  -2.072103e-05  -6.421329e-04  -2.928792e-05  +3.729795e-06  +3.403943e-03  -1.589497e-05  -1.981444e-05  -1.354839e-03  -8.713702e-07  +1.873935e-06  +6.505151e-03  
-6.534490e-05  +4.368068e-06  -5.834408e-05  -1.722384e-04  +8.306700e-06  -2.375809e-06  -2.124154e-05  -2.586543e-04  +2.197038e-05  -2.684028e-04  -4.224495e-05  -2.072103e-05  +1.598290e-04  +1.285241e-02  +2.434085e-04  -1.823633e-05  -2.342999e-02  +1.113423e-04  +1.542989e-04  -1.562967e-03  +9.749738e-06  -6.469434e-06  -3.775038e-02  
-6.886528e-03  +6.764611e-04  +5.955614e-03  +1.141730e-02  -2.647342e-03  +5.639849e-04  -2.794093e-03  +1.594878e-03  +2.797373e-03  -2.848048e-02  -5.427592e-03  -6.421329e-04  +1.285241e-02  +4.023527e+00  +2.372336e-02  -2.226702e-04  -2.157905e+00  +8.951135e-03  +1.507063e-02  -5.321814e-02  +1.004039e-03  -1.650456e-04  -1.696129e+00  
-1.118733e-04  +7.335660e-06  -5.848047e-05  -2.032400e-04  +3.886634e-06  -1.186395e-06  -3.146541e-05  -3.534501e-04  +3.389581e-05  -4.290282e-04  -7.837592e-05  -2.928792e-05  +2.434085e-04  +2.372336e-02  +3.843716e-04  -2.425097e-05  -3.680494e-02  +1.711005e-04  +2.408961e-04  -1.611614e-03  +1.444601e-05  -8.580507e-06  -5.345589e-02  
-3.440858e-07  -1.230939e-06  +1.875584e-05  +4.637737e-05  -4.473867e-06  +1.923310e-06  +2.462131e-06  +4.460895e-05  -3.645162e-06  +2.703402e-05  -2.949222e-06  +3.729795e-06  -1.823633e-05  -2.226702e-04  -2.425097e-05  +4.571340e-06  +2.296113e-03  -1.294902e-05  -1.720196e-05  -2.890826e-04  -1.260386e-06  +1.379100e-06  +7.126752e-03  
+8.690864e-03  -1.249854e-03  +8.105951e-03  +1.671563e-02  -2.085490e-04  -1.123173e-04  +3.630442e-03  +3.843057e-02  -3.666790e-03  +3.865681e-02  +1.015885e-02  +3.403943e-03  -2.342999e-02  -2.157905e+00  -3.680494e-02  +2.296113e-03  +4.663311e+00  -1.701038e-02  -2.297211e-02  +7.540653e-01  -1.360000e-03  +8.849238e-04  +4.398014e+00  
-4.057068e-05  +4.581896e-06  -4.402928e-05  -1.235533e-04  +6.448021e-06  -1.644568e-06  -1.232498e-05  -1.890811e-04  +1.650861e-05  -1.884401e-04  -3.413726e-05  -1.589497e-05  +1.113423e-04  +8.951135e-03  +1.711005e-04  -1.294902e-05  -1.701038e-02  +8.000913e-05  +1.081305e-04  -1.562980e-04  +6.575603e-06  -5.277981e-06  -2.681132e-02  
-6.196937e-05  +5.222047e-06  -4.556556e-05  -1.468314e-04  +5.131763e-06  -2.505161e-06  -2.077344e-05  -2.251133e-04  +2.342737e-05  -2.709591e-04  -3.905311e-05  -1.981444e-05  +1.542989e-04  +1.507063e-02  +2.408961e-04  -1.720196e-05  -2.297211e-02  +1.081305e-04  +1.537620e-04  +8.268471e-05  +9.127493e-06  -5.904034e-06  -3.604939e-02  
+7.874183e-03  +5.419867e-04  -1.091882e-03  -1.269385e-02  +2.312594e-03  -8.099363e-04  +6.562941e-03  +1.844907e-03  +1.568267e-03  -6.089123e-03  +4.758526e-03  -1.354839e-03  -1.562967e-03  -5.321814e-02  -1.611614e-03  -2.890826e-04  +7.540653e-01  -1.562980e-04  +8.268471e-05  +5.187033e+00  -1.508193e-03  -9.686370e-04  -1.527975e+00  
-4.086811e-06  +4.389201e-07  -4.475834e-06  -8.418658e-06  -4.185054e-08  +7.720203e-08  -2.795830e-06  -1.581899e-05  +1.219030e-06  -1.361551e-05  -2.955199e-06  -8.713702e-07  +9.749738e-06  +1.004039e-03  +1.444601e-05  -1.260386e-06  -1.360000e-03  +6.575603e-06  +9.127493e-06  -1.508193e-03  +1.623154e-06  -2.732817e-07  -2.482751e-03  
-3.242157e-06  -8.868012e-07  +8.202546e-06  +1.858074e-05  -2.183199e-06  +5.918861e-07  -1.100718e-06  +2.058693e-05  -1.863931e-06  +1.030053e-05  +9.752025e-07  +1.873935e-06  -6.469434e-06  -1.650456e-04  -8.580507e-06  +1.379100e-06  +8.849238e-04  -5.277981e-06  -5.904034e-06  -9.686370e-04  -2.732817e-07  +1.244064e-06  +2.798978e-03  
+4.996076e-03  -1.494728e-03  +2.804010e-02  +7.933404e-02  -7.722396e-03  +2.441481e-03  +2.003677e-03  +8.250811e-02  -6.754080e-03  +6.293354e-02  +1.545019e-03  +6.505151e-03  -3.775038e-02  -1.696129e+00  -5.345589e-02  +7.126752e-03  +4.398014e+00  -2.681132e-02  -3.604939e-02  -1.527975e+00  -2.482751e-03  +2.798978e-03  +1.387252e+01  
