mean:
+4.021555e+00  +3.950103e+00  +5.728174e-01  +2.022560e+00  +1.208611e+00  +4.052210e-01  +8.654472e-01  +2.148393e+00  +4.525093e-02  +3.861379e+00  +5.863166e+00  +4.476301e+00  +3.302217e+00  +3.248711e+02  +2.492734e+00  +3.692482e+00  +4.562818e+02  +4.639039e+00  +4.959368e+00  +8.046527e+02  +3.993491e+00  +5.121144e+00  +4.395827e+02  
covariance:
+2.317983e-05  -1.997808e-05  +1.862687e-05  +1.007433e-05  -1.366016e-05  -1.002607e-05  -1.068749e-04  +6.681290e-05  +5.769945e-06  -2.595993e-05  +1.704108e-04  -4.731225e-06  -5.445286e-08  -5.623594e-03  +9.595706e-07  -3.635641e-06  -1.408259e-02  +4.099897e-07  -8.859276e-07  -6.086819e-03  +1.126703e-05  +6.643924e-08  -1.427221e-02  
-1.997808e-05  +2.715723e-05  -2.277717e-05  -6.530737e-06  +1.808409e-05  +1.139502e-05  +1.278879e-04  -8.306235e-05  -6.596357e-06  +3.038063e-05  -1.875592e-04  +5.782970e-06  -7.761420e-07  +6.591435e-03  -1.098263e-06  +4.001816e-06  +1.642924e-02  -4.165590e-07  +1.089257e-06  +7.695470e-03  -1.440009e-05  -9.412542e-07  +1.653798e-02  
+1.862687e-05  -2.277717e-05  +3.078848e-05  +5.166802e-06  -1.631801e-05  -1.215598e-05  -1.332821e-04  +7.129421e-05  +6.861701e-06  -3.952271e-05  +2.150309e-04  -5.020090e-06  +5.585376e-07  -6.450221e-03  +1.869263e-06  -4.552450e-06  -1.713932e-02  -2.175703e-07  -5.408731e-07  -8.571115e-03  +1.423517e-05  +6.672600e-07  -1.781266e-02  
+1.007433e-05  -6.530737e-06  +5.166802e-06  +3.077159e-05  -2.810951e-06  -2.501821e-06  -2.295269e-05  +1.146495e-05  +1.363221e-06  -2.000839e-06  +5.018243e-05  -2.494475e-06  -3.309200e-07  -1.371032e-03  -3.917718e-07  -4.316514e-07  -3.940013e-03  +5.680746e-07  -2.956810e-07  +1.011478e-03  +5.444681e-06  +1.290172e-06  -3.035349e-03  
-1.366016e-05  +1.808409e-05  -1.631801e-05  -2.810951e-06  +1.917163e-05  +8.742365e-06  +9.305243e-05  -6.205885e-05  -4.772182e-06  +2.193687e-05  -1.355389e-04  +4.336375e-06  -5.095962e-07  +4.487505e-03  -3.961302e-07  +3.115823e-06  +1.209652e-02  -2.382187e-07  +9.741827e-07  +6.188988e-03  -1.011211e-05  -3.760163e-07  +1.213433e-02  
-1.002607e-05  +1.139502e-05  -1.215598e-05  -2.501821e-06  +8.742365e-06  +6.306010e-06  +6.335355e-05  -3.758610e-05  -3.352902e-06  +1.848447e-05  -1.019066e-04  +2.602608e-06  -1.111051e-07  +2.934300e-03  -5.787453e-07  +2.241005e-06  +8.291238e-03  +1.282205e-08  +4.239685e-07  +4.095061e-03  -6.604460e-06  -5.904000e-08  +8.334349e-03  
-1.068749e-04  +1.278879e-04  -1.332821e-04  -2.295269e-05  +9.305243e-05  +6.335355e-05  +7.155149e-04  -4.461926e-04  -3.652646e-05  +1.814012e-04  -1.092032e-03  +2.876245e-05  -3.291662e-06  +3.875766e-02  -6.899150e-06  +2.318792e-05  +9.070890e-02  -1.558176e-06  +6.027066e-06  +4.732469e-02  -7.019699e-05  -1.225047e-06  +9.402228e-02  
+6.681290e-05  -8.306235e-05  +7.129421e-05  +1.146495e-05  -6.205885e-05  -3.758610e-05  -4.461926e-04  +3.276889e-04  +2.232160e-05  -8.926422e-05  +6.275307e-04  -1.925453e-05  +3.327342e-06  -2.710690e-02  +3.641196e-06  -1.315519e-05  -5.529151e-02  +2.317093e-06  -5.459674e-06  -2.865417e-02  +4.402677e-05  +1.838409e-06  -5.804740e-02  
+5.769945e-06  -6.596357e-06  +6.861701e-06  +1.363221e-06  -4.772182e-06  -3.352902e-06  -3.652646e-05  +2.232160e-05  +1.952201e-06  -9.796323e-06  +5.598471e-05  -1.530264e-06  +8.068499e-08  -1.846604e-03  +3.704624e-07  -1.258009e-06  -4.659719e-03  +4.890005e-08  -2.736323e-07  -2.332028e-03  +3.745757e-06  +7.747096e-08  -4.812159e-03  
-2.595993e-05  +3.038063e-05  -3.952271e-05  -2.000839e-06  +2.193687e-05  +1.848447e-05  +1.814012e-04  -8.926422e-05  -9.796323e-06  +7.211280e-05  -3.122469e-04  +6.052206e-06  +2.978850e-07  +7.068719e-03  -2.355863e-06  +7.034460e-06  +2.382940e-02  +1.067000e-06  +2.225101e-07  +1.292254e-02  -1.744139e-05  +7.001464e-07  +2.393015e-02  
+1.704108e-04  -1.875592e-04  +2.150309e-04  +5.018243e-05  -1.355389e-04  -1.019066e-04  -1.092032e-03  +6.275307e-04  +5.598471e-05  -3.122469e-04  +1.905804e-03  -3.847906e-05  +8.139144e-06  -5.817216e-02  +8.076398e-06  -3.396716e-05  -1.444202e-01  +1.381976e-06  -6.522662e-06  -7.554573e-02  +9.949958e-05  -1.308952e-06  -1.439830e-01  
-4.731225e-06  +5.782970e-06  -5.020090e-06  -2.494475e-06  +4.336375e-06  +2.602608e-06  +2.876245e-05  -1.925453e-05  -1.530264e-06  +6.052206e-06  -3.847906e-05  +1.905474e-06  +1.312291e-07  +1.371394e-03  -1.821864e-07  +1.152385e-06  +3.769564e-03  -9.115348e-08  +4.478346e-07  +1.281464e-03  -3.560277e-06  -3.809160e-07  +3.931647e-03  
-5.445286e-08  -7.761420e-07  +5.585376e-07  -3.309200e-07  -5.095962e-07  -1.111051e-07  -3.291662e-06  +3.327342e-06  +8.068499e-08  +2.978850e-07  +8.139144e-06  +1.312291e-07  +7.849994e-07  -3.637587e-04  -1.257850e-07  +3.247852e-07  -4.271722e-04  +6.820150e-08  +2.428630e-08  -4.955736e-04  +2.304996e-07  +1.694621e-07  -2.269683e-04  
-5.623594e-03  +6.591435e-03  -6.450221e-03  -1.371032e-03  +4.487505e-03  +2.934300e-03  +3.875766e-02  -2.710690e-02  -1.846604e-03  +7.068719e-03  -5.817216e-02  +1.371394e-03  -3.637587e-04  +2.976036e+00  -2.882750e-04  +9.653224e-04  +4.698620e+00  -3.654312e-04  +4.939501e-04  +2.839311e+00  -2.876748e-03  +8.724988e-05  +5.079637e+00  
+9.595706e-07  -1.098263e-06  +1.869263e-06  -3.917718e-07  -3.961302e-07  -5.787453e-07  -6.899150e-06  +3.641196e-06  +3.704624e-07  -2.355863e-06  +8.076398e-06  -1.821864e-07  -1.257850e-07  -2.882750e-04  +4.718370e-07  -2.715556e-07  -7.530873e-04  -7.863188e-08  +7.388691e-08  -3.390015e-04  +1.098717e-06  +9.947329e-08  -9.836695e-04  
-3.635641e-06  +4.001816e-06  -4.552450e-06  -4.316514e-07  +3.115823e-06  +2.241005e-06  +2.318792e-05  -1.315519e-05  -1.258009e-06  +7.034460e-06  -3.396716e-05  +1.152385e-06  +3.247852e-07  +9.653224e-04  -2.715556e-07  +1.313095e-06  +2.896028e-03  +2.742854e-08  +2.908831e-07  +1.408127e-03  -2.274315e-06  +6.670385e-08  +3.184878e-03  
-1.408259e-02  +1.642924e-02  -1.713932e-02  -3.940013e-03  +1.209652e-02  +8.291238e-03  +9.070890e-02  -5.529151e-02  -4.659719e-03  +2.382940e-02  -1.444202e-01  +3.769564e-03  -4.271722e-04  +4.698620e+00  -7.530873e-04  +2.896028e-03  +1.208043e+01  -5.988124e-05  +7.158032e-04  +5.572401e+00  -9.291489e-03  -2.499432e-04  +1.202973e+01  
+4.099897e-07  -4.165590e-07  -2.175703e-07  +5.680746e-07  -2.382187e-07  +1.282205e-08  -1.558176e-06  +2.317093e-06  +4.890005e-08  +1.067000e-06  +1.381976e-06  -9.115348e-08  +6.820150e-08  -3.654312e-04  -7.863188e-08  +2.742854e-08  -5.988124e-05  +3.527020e-07  -1.290152e-07  -1.585539e-04  -1.391684e-07  +1.465125e-08  -2.061377e-04  
-8.859276e-07  +1.089257e-06  -5.408731e-07  -2.956810e-07  +9.741827e-07  +4.239685e-07  +6.027066e-06  -5.459674e-06  -2.736323e-07  +2.225101e-07  -6.522662e-06  +4.478346e-07  +2.428630e-08  +4.939501e-04  +7.388691e-08  +2.908831e-07  +7.158032e-04  -1.290152e-07  +3.730735e-07  +2.756136e-04  -2.990127e-07  -3.556871e-08  +8.822678e-04  
-6.086819e-03  +7.695470e-03  -8.571115e-03  +1.011478e-03  +6.188988e-03  +4.095061e-03  +4.732469e-02  -2.865417e-02  -2.332028e-03  +1.292254e-02  -7.554573e-02  +1.281464e-03  -4.955736e-04  +2.839311e+00  -3.390015e-04  +1.408127e-03  +5.572401e+00  -1.585539e-04  +2.756136e-04  +4.931188e+00  -2.879928e-03  +6.564277e-04  +5.920968e+00  
+1.126703e-05  -1.440009e-05  +1.423517e-05  +5.444681e-06  -1.011211e-05  -6.604460e-06  -7.019699e-05  +4.402677e-05  +3.745757e-06  -1.744139e-05  +9.949958e-05  -3.560277e-06  +2.304996e-07  -2.876748e-03  +1.098717e-06  -2.274315e-06  -9.291489e-03  -1.391684e-07  -2.990127e-07  -2.879928e-03  +1.086950e-05  +1.401419e-06  -9.204623e-03  
+6.643924e-08  -9.412542e-07  +6.672600e-07  +1.290172e-06  -3.760163e-07  -5.904000e-08  -1.225047e-06  +1.838409e-06  +7.747096e-08  +7.001464e-07  -1.308952e-06  -3.809160e-07  +1.694621e-07  +8.724988e-05  +9.947329e-08  +6.670385e-08  -2.499432e-04  +1.465125e-08  -3.556871e-08  +6.564277e-04  +1.401419e-06  +7.788312e-07  -2.359216e-04  
-1.427221e-02  +1.653798e-02  -1.781266e-02  -3.035349e-03  +1.213433e-02  +8.334349e-03  +9.402228e-02  -5.804740e-02  -4.812159e-03  +2.393015e-02  -1.439830e-01  +3.931647e-03  -2.269683e-04  +5.079637e+00  -9.836695e-04  +3.184878e-03  +1.202973e+01  -2.061377e-04  +8.822678e-04  +5.920968e+00  -9.204623e-03  -2.359216e-04  +1.268587e+01  
