mean:
+3.983600e+00  +3.940428e+00  +6.476598e-01  -1.216244e+00  +1.578080e+00  +5.033946e-01  +9.190483e-01  +1.980973e+00  +1.461958e-01  +1.953334e+00  +4.857092e+00  +1.839890e+00  +2.983921e+00  +8.040764e+02  +4.959964e+00  +4.479854e+00  +2.009862e+03  
covariance:
+6.475402e-06  +1.318483e-06  +1.189135e-05  -5.277900e-06  -3.622059e-05  -5.571994e-07  +1.340178e-05  -3.438586e-05  -7.964360e-07  -5.590246e-07  -5.744555e-05  -9.196115e-09  -3.830536e-07  +1.902181e-03  -3.959662e-08  -7.902563e-08  +2.231121e-03  
+1.318483e-06  +5.760559e-06  -2.181782e-06  -2.192515e-06  +1.983160e-05  +9.092164e-09  -5.195423e-06  +7.728420e-06  +8.590723e-07  -2.547964e-06  +1.956618e-05  -1.652106e-08  -1.491583e-07  -5.881130e-04  -1.042136e-07  -4.926760e-08  -1.761638e-03  
+1.189135e-05  -2.181782e-06  +2.065363e-04  -1.926352e-05  -1.790712e-04  -1.169656e-05  +8.018518e-05  -5.113901e-04  +9.434360e-06  -5.491870e-05  -6.952788e-04  -2.256852e-06  -1.007848e-06  +1.460534e-02  -3.685863e-07  -1.096965e-06  +9.874941e-03  
-5.277900e-06  -2.192515e-06  -1.926352e-05  +4.474730e-04  +1.918307e-04  +1.037995e-05  -8.298792e-05  -6.406683e-05  +7.935553e-06  +9.649829e-06  -2.605340e-05  -2.404837e-06  -1.986785e-06  -1.617857e-02  -4.065707e-07  +9.056650e-07  +4.445144e-02  
-3.622059e-05  +1.983160e-05  -1.790712e-04  +1.918307e-04  +2.153836e-03  -2.086863e-05  -6.324161e-04  +3.722248e-04  +8.245649e-05  -2.947360e-04  +1.138185e-03  +2.497940e-06  +2.727255e-06  -1.106640e-01  +1.913294e-06  +2.726475e-06  -1.093430e-01  
-5.571994e-07  +9.092164e-09  -1.169656e-05  +1.037995e-05  -2.086863e-05  +7.862124e-06  +7.325347e-06  +4.316498e-05  -4.243502e-06  +2.227446e-05  +5.906615e-05  +1.334818e-07  -2.971677e-07  +3.357583e-03  +1.676085e-08  +2.227460e-09  +6.285462e-03  
+1.340178e-05  -5.195423e-06  +8.018518e-05  -8.298792e-05  -6.324161e-04  +7.325347e-06  +2.384438e-04  -2.127246e-04  -2.673103e-05  +7.504114e-05  -4.114474e-04  -1.230084e-06  -3.008962e-06  +3.593364e-02  -2.417385e-07  -1.150232e-06  +3.241321e-02  
-3.438586e-05  +7.728420e-06  -5.113901e-04  -6.406683e-05  +3.722248e-04  +4.316498e-05  -2.127246e-04  +1.930821e-03  -4.575651e-05  +2.525406e-04  +2.340757e-03  +7.006357e-06  +2.758843e-06  -2.392650e-02  +4.243235e-07  +2.889619e-06  -4.466108e-02  
-7.964360e-07  +8.590723e-07  +9.434360e-06  +7.935553e-06  +8.245649e-05  -4.243502e-06  -2.673103e-05  -4.575651e-05  +8.136404e-06  -3.509259e-05  -3.615040e-05  -9.292817e-08  +1.464765e-07  -5.187523e-03  -1.128110e-09  +5.809247e-08  -6.794211e-03  
-5.590246e-07  -2.547964e-06  -5.491870e-05  +9.649829e-06  -2.947360e-04  +2.227446e-05  +7.504114e-05  +2.525406e-04  -3.509259e-05  +2.198926e-04  +1.848954e-04  +3.502919e-07  +5.147092e-07  +1.974710e-02  +2.569407e-07  -6.793475e-08  +4.765521e-02  
-5.744555e-05  +1.956618e-05  -6.952788e-04  -2.605340e-05  +1.138185e-03  +5.906615e-05  -4.114474e-04  +2.340757e-03  -3.615040e-05  +1.848954e-04  +3.615712e-03  +1.006408e-05  +3.128387e-06  -5.400148e-02  -1.774029e-07  +4.597552e-06  -8.980216e-02  
-9.196115e-09  -1.652106e-08  -2.256852e-06  -2.404837e-06  +2.497940e-06  +1.334818e-07  -1.230084e-06  +7.006357e-06  -9.292817e-08  +3.502919e-07  +1.006408e-05  +5.423497e-07  -3.149300e-08  -1.109635e-04  +2.085915e-08  +4.889754e-08  -1.147674e-04  
-3.830536e-07  -1.491583e-07  -1.007848e-06  -1.986785e-06  +2.727255e-06  -2.971677e-07  -3.008962e-06  +2.758843e-06  +1.464765e-07  +5.147092e-07  +3.128387e-06  -3.149300e-08  +9.958450e-07  -2.354095e-04  +3.486182e-08  +1.104513e-07  -1.207170e-03  
+1.902181e-03  -5.881130e-04  +1.460534e-02  -1.617857e-02  -1.106640e-01  +3.357583e-03  +3.593364e-02  -2.392650e-02  -5.187523e-03  +1.974710e-02  -5.400148e-02  -1.109635e-04  -2.354095e-04  +1.099882e+01  -1.018406e-04  -2.282154e-04  +5.959900e+00  
-3.959662e-08  -1.042136e-07  -3.685863e-07  -4.065707e-07  +1.913294e-06  +1.676085e-08  -2.417385e-07  +4.243235e-07  -1.128110e-09  +2.569407e-07  -1.774029e-07  +2.085915e-08  +3.486182e-08  -1.018406e-04  +2.380090e-07  +2.161876e-08  +1.103905e-04  
-7.902563e-08  -4.926760e-08  -1.096965e-06  +9.056650e-07  +2.726475e-06  +2.227460e-09  -1.150232e-06  +2.889619e-06  +5.809247e-08  -6.793475e-08  +4.597552e-06  +4.889754e-08  +1.104513e-07  -2.282154e-04  +2.161876e-08  +2.721204e-07  -5.772272e-04  
+2.231121e-03  -1.761638e-03  +9.874941e-03  +4.445144e-02  -1.093430e-01  +6.285462e-03  +3.241321e-02  -4.466108e-02  -6.794211e-03  +4.765521e-02  -8.980216e-02  -1.147674e-04  -1.207170e-03  +5.959900e+00  +1.103905e-04  -5.772272e-04  +4.060735e+01  
