mean:
+3.957457e+00  +3.956231e+00  +6.374102e-01  -1.164626e+00  +1.682768e+00  +5.962309e-01  +9.126721e-01  +2.081655e+00  +1.176999e-01  +1.898325e+00  +4.979356e+00  +1.938736e+00  +3.046011e+00  +8.048741e+02  +4.995458e+00  +4.520236e+00  +1.984665e+03  
covariance:
+2.592610e-06  -1.160340e-08  +6.156882e-07  +3.040859e-06  +1.103129e-06  -2.969972e-07  +1.501657e-06  -5.178382e-06  -1.407232e-07  +1.389952e-06  +1.544964e-06  -1.437144e-07  -1.103302e-07  +4.858821e-04  -1.602558e-08  -8.799560e-08  -4.785481e-04  
-1.160340e-08  +2.818886e-06  +8.532349e-07  -6.525755e-07  -6.590014e-06  -1.113357e-07  -5.275084e-07  +2.563202e-06  -3.252009e-07  +3.373287e-06  +3.529401e-06  +1.021961e-07  -1.005067e-07  -3.424413e-04  -6.287257e-09  -6.441046e-08  +1.125125e-03  
+6.156882e-07  +8.532349e-07  +6.133340e-05  +1.672510e-06  -1.901000e-04  +7.742114e-06  +2.684431e-06  +9.898573e-05  -1.374903e-05  +1.364570e-04  +1.032218e-04  +2.340281e-07  -6.704384e-07  -1.243743e-03  +6.277492e-07  +5.428865e-07  +4.332890e-02  
+3.040859e-06  -6.525755e-07  +1.672510e-06  +2.538385e-04  +1.274195e-05  -1.381710e-05  +1.442159e-05  -2.074118e-04  +6.383027e-06  -5.740763e-05  -1.169543e-04  -1.102500e-06  -1.553852e-07  +1.359515e-02  +8.016016e-07  -1.015663e-06  -3.926958e-02  
+1.103129e-06  -6.590014e-06  -1.901000e-04  +1.274195e-05  +7.562698e-04  -3.256573e-05  +1.144416e-05  -3.720273e-04  +4.927262e-05  -4.988728e-04  -3.312161e-04  -1.020479e-06  +2.049941e-06  +1.292318e-02  -1.094372e-06  -1.588924e-06  -1.609829e-01  
-2.969972e-07  -1.113357e-07  +7.742114e-06  -1.381710e-05  -3.256573e-05  +4.949971e-06  -1.098440e-06  +4.307582e-05  -2.031889e-06  +2.200612e-05  +1.212356e-05  +3.198013e-07  -2.092086e-07  -1.478126e-03  -1.343273e-07  +1.292144e-07  +8.805698e-03  
+1.501657e-06  -5.275084e-07  +2.684431e-06  +1.442159e-05  +1.144416e-05  -1.098440e-06  +9.784942e-06  -1.196931e-05  +1.170405e-07  -8.561057e-06  +7.482816e-06  -1.018772e-07  -3.903886e-07  +2.833198e-03  +1.043020e-07  -1.682631e-07  -3.307568e-03  
-5.178382e-06  +2.563202e-06  +9.898573e-05  -2.074118e-04  -3.720273e-04  +4.307582e-05  -1.196931e-05  +5.736221e-04  -3.314938e-05  +3.337310e-04  +2.920582e-04  +4.108826e-06  -2.997000e-06  -1.942466e-02  -3.157859e-07  +2.333286e-06  +1.366735e-01  
-1.407232e-07  -3.252009e-07  -1.374903e-05  +6.383027e-06  +4.927262e-05  -2.031889e-06  +1.170405e-07  -3.314938e-05  +4.525175e-06  -4.221543e-05  -3.380367e-05  -9.961187e-08  +1.913927e-07  +1.133719e-03  -1.161597e-07  -1.591240e-07  -1.415034e-02  
+1.389952e-06  +3.373287e-06  +1.364570e-04  -5.740763e-05  -4.988728e-04  +2.200612e-05  -8.561057e-06  +3.337310e-04  -4.221543e-05  +4.349996e-04  +3.031912e-04  +1.125537e-06  -1.330549e-06  -1.323657e-02  +1.372103e-06  +1.676470e-06  +1.432989e-01  
+1.544964e-06  +3.529401e-06  +1.032218e-04  -1.169543e-04  -3.312161e-04  +1.212356e-05  +7.482816e-06  +2.920582e-04  -3.380367e-05  +3.031912e-04  +3.826383e-04  +5.688668e-07  -2.574899e-06  -7.549189e-03  +4.272538e-07  +1.145368e-06  +1.131333e-01  
-1.437144e-07  +1.021961e-07  +2.340281e-07  -1.102500e-06  -1.020479e-06  +3.198013e-07  -1.018772e-07  +4.108826e-06  -9.961187e-08  +1.125537e-06  +5.688668e-07  +1.907067e-07  -2.112970e-08  -1.303313e-04  +2.922177e-09  +2.493611e-08  +4.544605e-04  
-1.103302e-07  -1.005067e-07  -6.704384e-07  -1.553852e-07  +2.049941e-06  -2.092086e-07  -3.903886e-07  -2.997000e-06  +1.913927e-07  -1.330549e-06  -2.574899e-06  -2.112970e-08  +2.382104e-07  -1.302709e-04  +4.723131e-08  -6.186059e-09  -5.620198e-04  
+4.858821e-04  -3.424413e-04  -1.243743e-03  +1.359515e-02  +1.292318e-02  -1.478126e-03  +2.833198e-03  -1.942466e-02  +1.133719e-03  -1.323657e-02  -7.549189e-03  -1.303313e-04  -1.302709e-04  +2.048346e+00  +3.539502e-05  -1.055067e-04  -5.296701e+00  
-1.602558e-08  -6.287257e-09  +6.277492e-07  +8.016016e-07  -1.094372e-06  -1.343273e-07  +1.043020e-07  -3.157859e-07  -1.161597e-07  +1.372103e-06  +4.272538e-07  +2.922177e-09  +4.723131e-08  +3.539502e-05  +9.032113e-08  +6.180772e-09  +3.010148e-04  
-8.799560e-08  -6.441046e-08  +5.428865e-07  -1.015663e-06  -1.588924e-06  +1.292144e-07  -1.682631e-07  +2.333286e-06  -1.591240e-07  +1.676470e-06  +1.145368e-06  +2.493611e-08  -6.186059e-09  -1.055067e-04  +6.180772e-09  +8.934813e-08  +6.581804e-04  
-4.785481e-04  +1.125125e-03  +4.332890e-02  -3.926958e-02  -1.609829e-01  +8.805698e-03  -3.307568e-03  +1.366735e-01  -1.415034e-02  +1.432989e-01  +1.131333e-01  +4.544605e-04  -5.620198e-04  -5.296701e+00  +3.010148e-04  +6.581804e-04  +5.240754e+01  
