mean:
+3.982637e+00  +3.953148e+00  +8.368069e-01  +1.329203e+00  +1.402462e+00  +4.037801e-01  +8.034989e-01  +1.405572e+00  +1.723331e-01  +1.828493e+00  +6.003029e+00  +3.592039e+00  +2.698921e+00  +2.018590e+02  +4.309433e+00  +5.294277e+00  +2.746086e+02  +5.453161e+00  +3.757492e+00  +3.229889e+02  +2.640132e+00  +4.560131e+00  +3.948399e+02  
covariance:
+1.099535e-06  +2.212948e-07  +6.252324e-07  -3.000550e-06  -1.025944e-06  -3.191686e-07  +2.365773e-07  -2.025055e-06  -2.436915e-07  -3.878215e-07  -3.423710e-06  -2.637466e-08  -1.536923e-08  +1.561505e-04  +4.783684e-07  -1.712148e-07  -8.139444e-05  +1.709152e-08  -7.680341e-09  -1.168096e-04  -9.687249e-09  +6.766587e-09  -5.016117e-04  
+2.212948e-07  +1.052491e-06  -1.886740e-07  +8.537169e-07  +6.690522e-07  +2.590674e-07  +3.602307e-07  +2.815321e-06  -2.664838e-07  +1.681405e-06  +2.733780e-06  +1.210456e-07  -5.379109e-08  -9.224888e-05  -1.434910e-07  -4.139557e-08  -3.798985e-04  +3.396892e-08  -3.653787e-08  +1.233646e-04  +5.075500e-08  +4.143694e-08  +1.792858e-04  
+6.252324e-07  -1.886740e-07  +1.855060e-05  -6.205321e-05  -1.876438e-05  -9.567688e-06  -2.810589e-06  -3.269634e-05  +3.338287e-06  -1.435732e-05  -6.348375e-05  -1.129967e-06  +2.531055e-07  +1.810177e-03  +5.655069e-06  -2.462475e-06  -1.546316e-03  -1.063707e-06  -3.242447e-07  -4.465847e-04  -1.282332e-06  -7.653401e-07  -1.051596e-02  
-3.000550e-06  +8.537169e-07  -6.205321e-05  +5.032883e-04  +1.683834e-04  +6.514659e-05  +1.984098e-05  +2.427515e-04  -3.211627e-05  +1.615229e-04  +4.542193e-04  +1.416986e-05  +4.594683e-07  -2.015153e-02  -4.026029e-05  +1.100872e-05  -1.051871e-02  +5.033160e-06  +4.703706e-07  +1.713367e-02  +7.291987e-06  +1.192069e-06  +5.700641e-02  
-1.025944e-06  +6.690522e-07  -1.876438e-05  +1.683834e-04  +1.817393e-04  +1.167032e-05  +1.646417e-05  +1.281260e-04  -1.217803e-05  +7.641257e-05  +6.114449e-05  +5.327266e-06  -3.174662e-06  -4.993981e-03  -2.871822e-05  +2.632179e-06  -9.658346e-03  +4.701073e-06  +2.023044e-06  +1.480824e-02  +6.421353e-06  +4.046640e-06  +1.325972e-02  
-3.191686e-07  +2.590674e-07  -9.567688e-06  +6.514659e-05  +1.167032e-05  +1.315095e-05  +3.347482e-06  +3.785133e-05  -5.784498e-06  +2.577951e-05  +9.420224e-05  +2.141961e-06  -2.602043e-07  -3.639537e-03  -4.304879e-06  +1.996113e-06  -1.335036e-03  +6.725196e-07  +1.097832e-07  +1.276062e-03  +9.566287e-07  -1.941004e-07  +9.814382e-03  
+2.365773e-07  +3.602307e-07  -2.810589e-06  +1.984098e-05  +1.646417e-05  +3.347482e-06  +1.379756e-05  +3.657142e-05  -4.360838e-06  +1.547140e-05  +2.046863e-05  +3.905342e-07  -3.693259e-07  -1.886172e-03  -3.982087e-06  +2.991125e-07  -2.497849e-03  +1.095626e-06  +5.249853e-07  +2.460218e-03  +1.077421e-06  -8.692402e-08  +1.187814e-03  
-2.025055e-06  +2.815321e-06  -3.269634e-05  +2.427515e-04  +1.281260e-04  +3.785133e-05  +3.657142e-05  +3.916328e-04  -2.602999e-05  +1.245885e-04  +2.721286e-04  +6.862482e-06  -6.027679e-07  -1.950303e-02  -3.272456e-05  +5.072850e-06  -2.008228e-02  +2.261978e-06  -6.908539e-07  +1.733354e-02  +7.029610e-06  -6.463240e-07  +2.468563e-02  
-2.436915e-07  -2.664838e-07  +3.338287e-06  -3.211627e-05  -1.217803e-05  -5.784498e-06  -4.360838e-06  -2.602999e-05  +4.992822e-06  -2.374329e-05  -4.192690e-05  -1.188594e-06  +5.043234e-07  +1.823176e-03  +3.793172e-06  -9.963830e-07  +1.924394e-03  -8.415379e-07  +4.350224e-08  -1.547861e-03  -5.551461e-07  +2.224654e-07  -3.605233e-03  
-3.878215e-07  +1.681405e-06  -1.435732e-05  +1.615229e-04  +7.641257e-05  +2.577951e-05  +1.547140e-05  +1.245885e-04  -2.374329e-05  +1.472432e-04  +1.718383e-04  +6.587927e-06  -3.144136e-06  -7.193419e-03  -2.280436e-05  +5.802189e-06  -1.009562e-02  +4.959308e-06  -1.335124e-06  +8.139682e-03  +2.520658e-06  -1.345487e-06  +1.456644e-02  
-3.423710e-06  +2.733780e-06  -6.348375e-05  +4.542193e-04  +6.114449e-05  +9.420224e-05  +2.046863e-05  +2.721286e-04  -4.192690e-05  +1.718383e-04  +7.918220e-04  +1.524524e-05  -3.969303e-06  -2.949960e-02  -3.143382e-05  +1.420045e-05  -1.500626e-02  +4.567567e-06  +1.694166e-06  +1.146842e-02  +4.891172e-06  +6.389746e-07  +7.716454e-02  
-2.637466e-08  +1.210456e-07  -1.129967e-06  +1.416986e-05  +5.327266e-06  +2.141961e-06  +3.905342e-07  +6.862482e-06  -1.188594e-06  +6.587927e-06  +1.524524e-05  +1.024507e-06  -9.483611e-08  -4.472237e-04  -1.124175e-06  +1.379467e-07  -9.727143e-04  +9.287317e-08  -2.500311e-08  +6.394212e-04  +1.791507e-07  +2.550805e-07  +1.452983e-03  
-1.536923e-08  -5.379109e-08  +2.531055e-07  +4.594683e-07  -3.174662e-06  -2.602043e-07  -3.693259e-07  -6.027679e-07  +5.043234e-07  -3.144136e-06  -3.969303e-06  -9.483611e-08  +1.192700e-06  +2.455973e-04  +1.104632e-06  +1.265921e-07  +7.816127e-04  -2.957293e-07  -1.723729e-07  -3.749084e-04  -7.184707e-08  -2.562416e-07  -1.930784e-04  
+1.561505e-04  -9.224888e-05  +1.810177e-03  -2.015153e-02  -4.993981e-03  -3.639537e-03  -1.886172e-03  -1.950303e-02  +1.823176e-03  -7.193419e-03  -2.949960e-02  -4.472237e-04  +2.455973e-04  +2.250251e+00  +2.131174e-03  -3.748211e-04  +1.235275e+00  -1.778550e-04  -1.037110e-05  -1.068038e+00  -2.609617e-04  +2.191690e-04  -2.522844e+00  
+4.783684e-07  -1.434910e-07  +5.655069e-06  -4.026029e-05  -2.871822e-05  -4.304879e-06  -3.982087e-06  -3.272456e-05  +3.793172e-06  -2.280436e-05  -3.143382e-05  -1.124175e-06  +1.104632e-06  +2.131174e-03  +1.064251e-05  -1.420237e-06  +2.578692e-03  -1.009586e-06  -7.395895e-08  -3.070261e-03  -1.102167e-06  -8.352451e-07  -3.772428e-03  
-1.712148e-07  -4.139557e-08  -2.462475e-06  +1.100872e-05  +2.632179e-06  +1.996113e-06  +2.991125e-07  +5.072850e-06  -9.963830e-07  +5.802189e-06  +1.420045e-05  +1.379467e-07  +1.265921e-07  -3.748211e-04  -1.420237e-06  +1.102166e-06  +6.313667e-04  +3.352554e-07  -3.324996e-08  -1.297848e-04  +8.882650e-08  -1.332112e-08  +1.998214e-03  
-8.139444e-05  -3.798985e-04  -1.546316e-03  -1.051871e-02  -9.658346e-03  -1.335036e-03  -2.497849e-03  -2.008228e-02  +1.924394e-03  -1.009562e-02  -1.500626e-02  -9.727143e-04  +7.816127e-04  +1.235275e+00  +2.578692e-03  +6.313667e-04  +4.145487e+00  -6.165001e-05  -1.853173e-06  -2.063092e+00  -3.353232e-04  -4.595096e-04  +8.729305e-02  
+1.709152e-08  +3.396892e-08  -1.063707e-06  +5.033160e-06  +4.701073e-06  +6.725196e-07  +1.095626e-06  +2.261978e-06  -8.415379e-07  +4.959308e-06  +4.567567e-06  +9.287317e-08  -2.957293e-07  -1.778550e-04  -1.009586e-06  +3.352554e-07  -6.165001e-05  +6.558021e-07  +1.443620e-07  +3.167488e-04  +9.849380e-08  +9.263401e-08  +8.760978e-04  
-7.680341e-09  -3.653787e-08  -3.242447e-07  +4.703706e-07  +2.023044e-06  +1.097832e-07  +5.249853e-07  -6.908539e-07  +4.350224e-08  -1.335124e-06  +1.694166e-06  -2.500311e-08  -1.723729e-07  -1.037110e-05  -7.395895e-08  -3.324996e-08  -1.853173e-06  +1.443620e-07  +4.641621e-07  +7.972525e-05  +9.398438e-08  +1.571558e-07  +4.982996e-04  
-1.168096e-04  +1.233646e-04  -4.465847e-04  +1.713367e-02  +1.480824e-02  +1.276062e-03  +2.460218e-03  +1.733354e-02  -1.547861e-03  +8.139682e-03  +1.146842e-02  +6.394212e-04  -3.749084e-04  -1.068038e+00  -3.070261e-03  -1.297848e-04  -2.063092e+00  +3.167488e-04  +7.972525e-05  +2.397838e+00  +4.420174e-04  +2.976493e-04  +8.731858e-01  
-9.687249e-09  +5.075500e-08  -1.282332e-06  +7.291987e-06  +6.421353e-06  +9.566287e-07  +1.077421e-06  +7.029610e-06  -5.551461e-07  +2.520658e-06  +4.891172e-06  +1.791507e-07  -7.184707e-08  -2.609617e-04  -1.102167e-06  +8.882650e-08  -3.353232e-04  +9.849380e-08  +9.398438e-08  +4.420174e-04  +7.512850e-07  +2.009916e-07  +8.459013e-04  
+6.766587e-09  +4.143694e-08  -7.653401e-07  +1.192069e-06  +4.046640e-06  -1.941004e-07  -8.692402e-08  -6.463240e-07  +2.224654e-07  -1.345487e-06  +6.389746e-07  +2.550805e-07  -2.562416e-07  +2.191690e-04  -8.352451e-07  -1.332112e-08  -4.595096e-04  +9.263401e-08  +1.571558e-07  +2.976493e-04  +2.009916e-07  +8.999744e-07  +3.984181e-04  
-5.016117e-04  +1.792858e-04  -1.051596e-02  +5.700641e-02  +1.325972e-02  +9.814382e-03  +1.187814e-03  +2.468563e-02  -3.605233e-03  +1.456644e-02  +7.716454e-02  +1.452983e-03  -1.930784e-04  -2.522844e+00  -3.772428e-03  +1.998214e-03  +8.729305e-02  +8.760978e-04  +4.982996e-04  +8.731858e-01  +8.459013e-04  +3.984181e-04  +1.060305e+01  
