mean:
+3.928329e+00  +3.907969e+00  +6.561326e-01  -1.154374e+00  +1.593490e+00  +5.976488e-01  +9.089311e-01  +2.067025e+00  +1.448965e-01  +1.967317e+00  +4.763894e+00  +1.906133e+00  +3.007331e+00  +8.085076e+02  +4.960138e+00  +4.479734e+00  +2.014482e+03  
covariance:
+2.202328e-05  +1.182032e-05  -5.145619e-06  +3.629688e-05  -8.418525e-05  +4.075189e-06  +2.977195e-06  -3.136824e-06  -4.463717e-06  +1.368872e-05  +1.842375e-04  +3.376590e-07  -2.647687e-07  -1.401847e-03  -8.753414e-08  -4.126235e-07  -1.037611e-02  
+1.182032e-05  +1.448880e-05  +9.755812e-06  +2.124043e-05  -5.552655e-05  +3.790555e-07  -1.830171e-06  +1.141562e-05  -5.386602e-07  +1.032487e-05  -4.716597e-05  +4.630442e-07  -1.805566e-08  +3.174943e-04  +2.624824e-09  -4.375913e-07  +5.655495e-03  
-5.145619e-06  +9.755812e-06  +1.303696e-04  -7.013437e-05  +1.126137e-04  -2.230237e-05  -5.180879e-05  +5.486110e-05  +2.312074e-05  -3.218748e-05  -9.251593e-04  +1.369286e-06  +3.930359e-07  +1.089676e-02  -4.489026e-07  -1.210891e-06  +8.977468e-02  
+3.629688e-05  +2.124043e-05  -7.013437e-05  +5.939584e-04  -1.261105e-03  +5.533541e-05  +1.353052e-04  -2.993574e-05  -6.274691e-05  +3.100131e-04  +1.024354e-03  +4.359533e-06  +6.247622e-07  +4.929238e-03  +1.011758e-06  +1.489505e-06  -5.806042e-02  
-8.418525e-05  -5.552655e-05  +1.126137e-04  -1.261105e-03  +4.061432e-03  -1.528960e-04  -3.388059e-04  +2.966923e-04  +1.834375e-04  -9.149895e-04  -3.132487e-03  -6.680165e-06  -5.450505e-06  +3.300573e-03  -1.633270e-06  -6.979018e-06  +1.614601e-01  
+4.075189e-06  +3.790555e-07  -2.230237e-05  +5.533541e-05  -1.528960e-04  +1.334320e-05  +2.270783e-05  -9.785363e-07  -1.072004e-05  +4.306485e-05  +2.382685e-04  +6.535217e-07  -1.081992e-08  +1.792206e-03  +1.754277e-07  +3.040612e-07  -1.622171e-02  
+2.977195e-06  -1.830171e-06  -5.180879e-05  +1.353052e-04  -3.388059e-04  +2.270783e-05  +8.707839e-05  -3.643265e-05  -2.787094e-05  +1.159830e-04  +4.085279e-04  +5.882447e-07  -3.269863e-07  +7.522108e-03  +8.349027e-07  +9.420687e-07  -2.417563e-02  
-3.136824e-06  +1.141562e-05  +5.486110e-05  -2.993574e-05  +2.966923e-04  -9.785363e-07  -3.643265e-05  +3.818255e-04  +2.580913e-05  -4.246125e-05  -1.006868e-03  +5.968490e-06  -1.116100e-06  +2.797867e-02  -1.093651e-06  -8.640374e-07  +6.537654e-02  
-4.463717e-06  -5.386602e-07  +2.312074e-05  -6.274691e-05  +1.834375e-04  -1.072004e-05  -2.787094e-05  +2.580913e-05  +1.418907e-05  -5.174494e-05  -3.023350e-04  +3.953430e-09  +5.196673e-08  +7.169506e-05  -1.372381e-07  -2.851996e-07  +1.826273e-02  
+1.368872e-05  +1.032487e-05  -3.218748e-05  +3.100131e-04  -9.149895e-04  +4.306485e-05  +1.159830e-04  -4.246125e-05  -5.174494e-05  +2.968238e-04  +4.971220e-04  +1.331825e-06  +1.861465e-07  +1.588801e-02  +6.962391e-07  +2.259960e-06  -9.959670e-03  
+1.842375e-04  -4.716597e-05  -9.251593e-04  +1.024354e-03  -3.132487e-03  +2.382685e-04  +4.085279e-04  -1.006868e-03  -3.023350e-04  +4.971220e-04  +1.275561e-02  -1.090014e-05  -7.880627e-06  -1.571447e-01  -1.601224e-06  +7.571617e-07  -9.443655e-01  
+3.376590e-07  +4.630442e-07  +1.369286e-06  +4.359533e-06  -6.680165e-06  +6.535217e-07  +5.882447e-07  +5.968490e-06  +3.953430e-09  +1.331825e-06  -1.090014e-05  +8.351737e-07  -4.969457e-08  +6.004712e-04  -7.552402e-08  -2.339667e-08  +1.442065e-03  
-2.647687e-07  -1.805566e-08  +3.930359e-07  +6.247622e-07  -5.450505e-06  -1.081992e-08  -3.269863e-07  -1.116100e-06  +5.196673e-08  +1.861465e-07  -7.880627e-06  -4.969457e-08  +6.700548e-07  -3.733682e-06  -1.069505e-08  -5.021107e-08  +8.153330e-04  
-1.401847e-03  +3.174943e-04  +1.089676e-02  +4.929238e-03  +3.300573e-03  +1.792206e-03  +7.522108e-03  +2.797867e-02  +7.169506e-05  +1.588801e-02  -1.571447e-01  +6.004712e-04  -3.733682e-06  +9.491477e+00  +2.960580e-05  +1.698049e-04  +1.662903e+01  
-8.753414e-08  +2.624824e-09  -4.489026e-07  +1.011758e-06  -1.633270e-06  +1.754277e-07  +8.349027e-07  -1.093651e-06  -1.372381e-07  +6.962391e-07  -1.601224e-06  -7.552402e-08  -1.069505e-08  +2.960580e-05  +2.786308e-07  +1.758300e-08  -3.834314e-05  
-4.126235e-07  -4.375913e-07  -1.210891e-06  +1.489505e-06  -6.979018e-06  +3.040612e-07  +9.420687e-07  -8.640374e-07  -2.851996e-07  +2.259960e-06  +7.571617e-07  -2.339667e-08  -5.021107e-08  +1.698049e-04  +1.758300e-08  +4.070415e-07  -6.216019e-04  
-1.037611e-02  +5.655495e-03  +8.977468e-02  -5.806042e-02  +1.614601e-01  -1.622171e-02  -2.417563e-02  +6.537654e-02  +1.826273e-02  -9.959670e-03  -9.443655e-01  +1.442065e-03  +8.153330e-04  +1.662903e+01  -3.834314e-05  -6.216019e-04  +9.142961e+01  
