mean:
+3.959121e+00  +3.924982e+00  +6.532295e-01  -1.127727e+00  +1.665491e+00  +5.005267e-01  +9.130453e-01  +2.059310e+00  +1.449464e-01  +2.004027e+00  +4.893155e+00  +1.635545e+00  +2.883003e+00  +7.978960e+02  +4.800046e+00  +4.400110e+00  +2.007708e+03  
covariance:
+6.447441e-06  +1.185310e-08  +1.553106e-07  +4.621469e-06  +4.420105e-06  -1.237531e-08  -1.465249e-06  +1.271121e-06  +7.508589e-07  -3.259535e-06  -3.159958e-06  -2.585674e-08  -1.457593e-07  +5.917825e-04  -9.446029e-08  -9.144755e-08  +2.808073e-04  
+1.185310e-08  +5.525860e-06  -1.120107e-06  +7.523766e-06  +5.749659e-06  -4.020633e-07  -3.949547e-07  +9.889648e-07  +4.624026e-07  -2.135536e-06  -1.534755e-06  -1.423527e-07  +6.769292e-09  -2.523623e-05  +4.586118e-09  -1.646006e-07  +3.126169e-04  
+1.553106e-07  -1.120107e-06  +2.785713e-04  +9.924389e-06  +2.481458e-04  -8.100560e-05  +9.125213e-06  -1.978011e-04  -3.781627e-05  +4.441476e-04  -5.004518e-04  +6.511457e-07  +2.208585e-06  -1.543787e-02  -4.784469e-07  +4.362411e-07  -3.703434e-03  
+4.621469e-06  +7.523766e-06  +9.924389e-06  +4.951681e-04  -8.238054e-05  -1.465967e-05  +1.027085e-04  -7.138153e-05  -1.408146e-05  +1.030047e-04  -4.721900e-04  +1.970938e-06  -6.024481e-07  -1.147038e-02  +4.928767e-07  +1.711384e-08  +3.419657e-03  
+4.420105e-06  +5.749659e-06  +2.481458e-04  -8.238054e-05  +1.096214e-03  -1.294543e-04  -1.176327e-04  -4.580659e-04  -4.094454e-06  +3.550575e-04  -9.961777e-04  -5.508560e-06  -9.146883e-07  +5.984070e-03  -2.848527e-06  -1.015668e-06  +3.638833e-02  
-1.237531e-08  -4.020633e-07  -8.100560e-05  -1.465967e-05  -1.294543e-04  +3.749920e-05  -5.714825e-06  +9.837121e-05  +1.125177e-05  -1.421625e-04  +2.442914e-04  -6.143645e-08  -9.496764e-07  +8.734101e-03  +6.775551e-08  -3.752461e-07  -3.576791e-03  
-1.465249e-06  -3.949547e-07  +9.125213e-06  +1.027085e-04  -1.176327e-04  -5.714825e-06  +1.254558e-04  -4.270258e-05  -2.336642e-05  +1.205576e-04  -2.023885e-04  +1.518910e-06  +2.533779e-06  -2.004837e-02  +6.587266e-07  +7.358593e-08  +4.096453e-03  
+1.271121e-06  +9.889648e-07  -1.978011e-04  -7.138153e-05  -4.580659e-04  +9.837121e-05  -4.270258e-05  +6.713068e-04  +2.385600e-05  -3.539393e-04  +9.902848e-04  -7.214553e-07  -1.990246e-06  +8.511454e-03  -1.568867e-07  +7.849098e-07  -2.128433e-02  
+7.508589e-07  +4.624026e-07  -3.781627e-05  -1.408146e-05  -4.094454e-06  +1.125177e-05  -2.336642e-05  +2.385600e-05  +1.178332e-05  -9.597839e-05  +9.384355e-05  -4.153379e-07  -9.075018e-07  +7.644115e-03  -1.314406e-07  -2.102630e-07  -6.507673e-06  
-3.259535e-06  -2.135536e-06  +4.441476e-04  +1.030047e-04  +3.550575e-04  -1.421625e-04  +1.205576e-04  -3.539393e-04  -9.597839e-05  +9.879752e-04  -1.150582e-03  +2.430775e-06  +6.553823e-06  -5.976675e-02  +5.342968e-07  +1.419558e-06  +6.736711e-03  
-3.159958e-06  -1.534755e-06  -5.004518e-04  -4.721900e-04  -9.961777e-04  +2.442914e-04  -2.023885e-04  +9.902848e-04  +9.384355e-05  -1.150582e-03  +2.845139e-03  -1.846661e-06  -6.116710e-06  +6.801066e-02  -6.059975e-07  -6.581464e-07  -7.742770e-02  
-2.585674e-08  -1.423527e-07  +6.511457e-07  +1.970938e-06  -5.508560e-06  -6.143645e-08  +1.518910e-06  -7.214553e-07  -4.153379e-07  +2.430775e-06  -1.846661e-06  +4.874555e-07  +1.205505e-08  -5.944004e-04  +5.326398e-08  +4.100885e-08  -1.606720e-04  
-1.457593e-07  +6.769292e-09  +2.208585e-06  -6.024481e-07  -9.146883e-07  -9.496764e-07  +2.533779e-06  -1.990246e-06  -9.075018e-07  +6.553823e-06  -6.116710e-06  +1.205505e-08  +5.687213e-07  -1.087969e-03  -2.386194e-08  +8.006025e-08  +2.347195e-04  
+5.917825e-04  -2.523623e-05  -1.543787e-02  -1.147038e-02  +5.984070e-03  +8.734101e-03  -2.004837e-02  +8.511454e-03  +7.644115e-03  -5.976675e-02  +6.801066e-02  -5.944004e-04  -1.087969e-03  +1.197529e+01  -2.558662e-04  -2.922358e-04  -3.340864e+00  
-9.446029e-08  +4.586118e-09  -4.784469e-07  +4.928767e-07  -2.848527e-06  +6.775551e-08  +6.587266e-07  -1.568867e-07  -1.314406e-07  +5.342968e-07  -6.059975e-07  +5.326398e-08  -2.386194e-08  -2.558662e-04  +2.406553e-07  +7.869098e-09  -1.422196e-04  
-9.144755e-08  -1.646006e-07  +4.362411e-07  +1.711384e-08  -1.015668e-06  -3.752461e-07  +7.358593e-08  +7.849098e-07  -2.102630e-07  +1.419558e-06  -6.581464e-07  +4.100885e-08  +8.006025e-08  -2.922358e-04  +7.869098e-09  +3.063451e-07  -3.092870e-04  
+2.808073e-04  +3.126169e-04  -3.703434e-03  +3.419657e-03  +3.638833e-02  -3.576791e-03  +4.096453e-03  -2.128433e-02  -6.507673e-06  +6.736711e-03  -7.742770e-02  -1.606720e-04  +2.347195e-04  -3.340864e+00  -1.422196e-04  -3.092870e-04  +1.312127e+01  
