mean:
+3.981350e+00  +3.940432e+00  +6.526987e-01  -1.148440e+00  +1.677047e+00  +5.032398e-01  +9.067117e-01  +2.100479e+00  +1.489320e-01  +2.007142e+00  +4.829509e+00  +1.839000e+00  +2.983567e+00  +8.068984e+02  +4.959642e+00  +4.479573e+00  +2.010369e+03  
covariance:
+3.898395e-06  -1.108473e-06  +4.865954e-06  -2.322630e-05  +3.755095e-06  -6.820979e-07  -5.312341e-06  +5.973177e-07  -9.294634e-07  +2.487268e-05  -1.278883e-04  +2.280254e-07  -4.723837e-07  +3.015625e-03  -1.087068e-07  -8.759123e-08  +1.247409e-02  
-1.108473e-06  +4.208001e-06  -3.891973e-06  +2.735704e-05  -6.929385e-07  +1.223315e-06  +6.905511e-06  -1.659861e-07  +7.903323e-07  -2.544097e-05  +1.479126e-04  -9.793994e-08  +4.750522e-07  -3.798047e-03  +9.388652e-08  +1.845594e-07  -1.359170e-02  
+4.865954e-06  -3.891973e-06  +2.394788e-05  -5.362053e-05  +1.215488e-05  +1.267541e-06  -1.056556e-05  -1.914846e-06  -6.003734e-06  +8.745771e-05  -2.944865e-04  +5.155258e-07  -1.129657e-06  +6.076379e-03  -3.818687e-07  -2.522187e-07  +3.111669e-02  
-2.322630e-05  +2.735704e-05  -5.362053e-05  +5.215039e-04  -4.544039e-05  +1.655899e-05  +9.526106e-05  -5.179000e-05  +2.164578e-06  -2.770109e-04  +1.824740e-03  -2.386906e-06  +6.960179e-06  -5.149605e-02  +1.189971e-06  +2.546007e-07  -1.537801e-01  
+3.755095e-06  -6.929385e-07  +1.215488e-05  -4.544039e-05  +4.389192e-05  +6.832690e-06  +4.538161e-06  +3.045568e-05  -4.146797e-06  +4.235311e-05  -1.118656e-04  +1.658213e-06  -1.538001e-06  +3.997981e-03  -2.457769e-07  -5.605418e-07  +9.673779e-03  
-6.820979e-07  +1.223315e-06  +1.267541e-06  +1.655899e-05  +6.832690e-06  +5.896463e-06  +1.011231e-05  +1.186566e-05  -2.216191e-06  -2.489342e-07  +9.028680e-05  +1.659211e-07  -3.509574e-07  -1.158948e-03  +5.861655e-08  -2.826428e-07  -9.436190e-03  
-5.312341e-06  +6.905511e-06  -1.056556e-05  +9.526106e-05  +4.538161e-06  +1.011231e-05  +4.028786e-05  +2.084276e-06  -4.125693e-06  -5.113581e-05  +4.777055e-04  -1.027895e-08  +2.891286e-07  -1.057038e-02  +4.194714e-07  -3.176568e-07  -4.327473e-02  
+5.973177e-07  -1.659861e-07  -1.914846e-06  -5.179000e-05  +3.045568e-05  +1.186566e-05  +2.084276e-06  +1.679180e-04  +8.701400e-06  -6.798895e-05  -2.920513e-05  +1.662873e-06  -2.889661e-06  +1.168843e-02  +2.541862e-08  -1.765558e-06  -2.413355e-02  
-9.294634e-07  +7.903323e-07  -6.003734e-06  +2.164578e-06  -4.146797e-06  -2.216191e-06  -4.125693e-06  +8.701400e-06  +4.428589e-06  -3.263779e-05  +3.241421e-05  -5.626491e-08  +5.052835e-07  -1.871958e-04  +9.082919e-08  +2.084577e-07  -6.162123e-03  
+2.487268e-05  -2.544097e-05  +8.745771e-05  -2.770109e-04  +4.235311e-05  -2.489342e-07  -5.113581e-05  -6.798895e-05  -3.263779e-05  +4.672470e-04  -1.644453e-03  +1.604747e-06  -6.980508e-06  +3.465453e-02  -1.882738e-06  -1.945683e-06  +1.768043e-01  
-1.278883e-04  +1.479126e-04  -2.944865e-04  +1.824740e-03  -1.118656e-04  +9.028680e-05  +4.777055e-04  -2.920513e-05  +3.241421e-05  -1.644453e-03  +9.885522e-03  -1.086539e-05  +2.883424e-05  -2.494176e-01  +8.252503e-06  +7.490330e-06  -9.136093e-01  
+2.280254e-07  -9.793994e-08  +5.155258e-07  -2.386906e-06  +1.658213e-06  +1.659211e-07  -1.027895e-08  +1.662873e-06  -5.626491e-08  +1.604747e-06  -1.086539e-05  +2.910055e-07  -3.067520e-08  +3.730529e-04  +3.247213e-09  -2.759679e-08  +7.758328e-04  
-4.723837e-07  +4.750522e-07  -1.129657e-06  +6.960179e-06  -1.538001e-06  -3.509574e-07  +2.891286e-07  -2.889661e-06  +5.052835e-07  -6.980508e-06  +2.883424e-05  -3.067520e-08  +4.618270e-07  -9.953752e-04  +5.693652e-08  +1.113428e-07  -2.464311e-03  
+3.015625e-03  -3.798047e-03  +6.076379e-03  -5.149605e-02  +3.997981e-03  -1.158948e-03  -1.057038e-02  +1.168843e-02  -1.871958e-04  +3.465453e-02  -2.494176e-01  +3.730529e-04  -9.953752e-04  +8.635421e+00  -1.360897e-04  -3.660700e-04  +2.017546e+01  
-1.087068e-07  +9.388652e-08  -3.818687e-07  +1.189971e-06  -2.457769e-07  +5.861655e-08  +4.194714e-07  +2.541862e-08  +9.082919e-08  -1.882738e-06  +8.252503e-06  +3.247213e-09  +5.693652e-08  -1.360897e-04  +1.093052e-07  +6.675007e-09  -9.664678e-04  
-8.759123e-08  +1.845594e-07  -2.522187e-07  +2.546007e-07  -5.605418e-07  -2.826428e-07  -3.176568e-07  -1.765558e-06  +2.084577e-07  -1.945683e-06  +7.490330e-06  -2.759679e-08  +1.113428e-07  -3.660700e-04  +6.675007e-09  +1.996248e-07  -5.130686e-04  
+1.247409e-02  -1.359170e-02  +3.111669e-02  -1.537801e-01  +9.673779e-03  -9.436190e-03  -4.327473e-02  -2.413355e-02  -6.162123e-03  +1.768043e-01  -9.136093e-01  +7.758328e-04  -2.464311e-03  +2.017546e+01  -9.664678e-04  -5.130686e-04  +9.464535e+01  
