mean:
+4.030829e+00  +3.945618e+00  +5.874295e-01  +2.049132e+00  +1.221405e+00  +4.034872e-01  +8.821338e-01  +2.135808e+00  +4.574661e-02  +3.871945e+00  +5.936327e+00  +4.475703e+00  +3.301690e+00  +3.287078e+02  +2.491861e+00  +3.692949e+00  +4.564695e+02  +4.639941e+00  +4.959810e+00  +7.993094e+02  +4.020686e+00  +5.120998e+00  +4.370582e+02  
covariance:
+1.891611e-06  -1.027460e-06  +5.181077e-06  -9.318468e-06  -1.627617e-06  -9.703214e-08  -1.165179e-05  +4.241378e-06  +6.485811e-07  -4.573966e-06  +1.505798e-05  -6.852939e-07  -8.391735e-08  -7.847173e-04  +2.920305e-07  -4.822094e-07  -1.209564e-03  -2.368439e-07  +6.487679e-08  -9.729804e-04  -1.918446e-07  -5.367876e-07  -1.499653e-03  
-1.027460e-06  +5.241022e-06  -8.069657e-06  +2.486597e-05  +6.984405e-06  +7.315271e-07  +3.333955e-05  -1.578030e-05  -1.655598e-06  +1.190770e-05  -4.234911e-05  +5.908072e-07  +6.807181e-09  +2.278074e-03  -7.498400e-08  +1.424672e-06  +3.316527e-03  +2.903221e-07  +4.362217e-08  +1.094225e-03  -3.254001e-07  +6.362294e-07  +3.021481e-03  
+5.181077e-06  -8.069657e-06  +3.492123e-05  -7.796798e-05  -1.708183e-05  -1.087965e-06  -9.116850e-05  +3.455584e-05  +4.722598e-06  -3.521747e-05  +1.175608e-04  -3.979867e-06  -4.202894e-07  -5.824361e-03  +1.313954e-06  -4.421479e-06  -9.143504e-03  -1.916186e-06  +3.273933e-07  -6.616997e-03  -5.224548e-07  -3.613845e-06  -1.036533e-02  
-9.318468e-06  +2.486597e-05  -7.796798e-05  +2.740691e-04  +6.719965e-05  +5.872770e-06  +3.087878e-04  -1.450290e-04  -1.556679e-05  +1.096273e-04  -3.888181e-04  +1.161503e-05  -1.712074e-06  +1.914739e-02  -6.292065e-06  +1.527846e-05  +3.010468e-02  +2.467581e-06  +8.625438e-07  +1.340315e-02  -2.666625e-06  +8.541538e-06  +2.957010e-02  
-1.627617e-06  +6.984405e-06  -1.708183e-05  +6.719965e-05  +2.615057e-05  +2.115237e-06  +8.428206e-05  -4.997972e-05  -4.255330e-06  +3.142743e-05  -1.091687e-04  +2.708092e-06  -3.058241e-07  +5.794930e-03  -1.077543e-06  +4.079060e-06  +8.800439e-03  +3.486037e-07  +3.732915e-07  +1.768942e-03  -1.020016e-06  +1.890869e-06  +7.477304e-03  
-9.703214e-08  +7.315271e-07  -1.087965e-06  +5.872770e-06  +2.115237e-06  +3.322072e-07  +8.174828e-06  -5.928801e-06  -4.072325e-07  +2.753444e-06  -9.798410e-06  +2.396832e-07  -4.209352e-08  +5.271992e-04  -1.430826e-07  +3.197374e-07  +8.369253e-04  -1.660443e-09  +4.163742e-08  +8.208164e-06  -1.269037e-07  +8.144948e-08  +7.370653e-04  
-1.165179e-05  +3.333955e-05  -9.116850e-05  +3.087878e-04  +8.428206e-05  +8.174828e-06  +3.986159e-04  -2.078103e-04  -1.982733e-05  +1.319976e-04  -5.058423e-04  +1.396110e-05  -1.889839e-06  +2.615793e-02  -6.266625e-06  +1.636418e-05  +4.130449e-02  +2.743517e-06  +1.093371e-06  +1.408852e-02  -1.580341e-06  +1.000700e-05  +3.834285e-02  
+4.241378e-06  -1.578030e-05  +3.455584e-05  -1.450290e-04  -4.997972e-05  -5.928801e-06  -2.078103e-04  +1.583314e-04  +1.018117e-05  -6.910334e-05  +2.753773e-04  -6.833428e-06  +1.343340e-07  -1.492320e-02  +3.094996e-06  -7.201535e-06  -2.419256e-02  -1.273886e-06  -8.483346e-07  -1.611433e-03  +1.418576e-06  -3.677255e-06  -1.991324e-02  
+6.485811e-07  -1.655598e-06  +4.722598e-06  -1.556679e-05  -4.255330e-06  -4.072325e-07  -1.982733e-05  +1.018117e-05  +1.030169e-06  -6.766329e-06  +2.484752e-05  -7.233346e-07  +8.286046e-08  -1.289487e-03  +3.164164e-07  -8.526655e-07  -2.014036e-03  -1.525624e-07  -3.399579e-08  -7.312523e-04  +8.429069e-08  -5.149410e-07  -1.938725e-03  
-4.573966e-06  +1.190770e-05  -3.521747e-05  +1.096273e-04  +3.142743e-05  +2.753444e-06  +1.319976e-04  -6.910334e-05  -6.766329e-06  +5.297270e-05  -1.729794e-04  +4.294203e-06  +2.550507e-07  +8.988416e-03  -1.356695e-06  +6.659287e-06  +1.385094e-02  +1.694049e-06  +6.676505e-08  +4.932430e-03  -1.133937e-06  +3.675883e-06  +1.285817e-02  
+1.505798e-05  -4.234911e-05  +1.175608e-04  -3.888181e-04  -1.091687e-04  -9.798410e-06  -5.058423e-04  +2.753773e-04  +2.484752e-05  -1.729794e-04  +6.771866e-04  -1.679214e-05  +9.633637e-07  -3.521989e-02  +6.256943e-06  -2.044593e-05  -5.588183e-02  -4.434871e-06  -1.455916e-06  -1.655991e-02  +1.546455e-06  -1.316314e-05  -4.829348e-02  
-6.852939e-07  +5.908072e-07  -3.979867e-06  +1.161503e-05  +2.708092e-06  +2.396832e-07  +1.396110e-05  -6.833428e-06  -7.233346e-07  +4.294203e-06  -1.679214e-05  +1.027330e-06  -1.833164e-07  +8.083840e-04  -5.849690e-07  +5.268123e-07  +1.314085e-03  +1.683187e-08  +1.213629e-07  +7.966218e-04  +9.310328e-08  +4.922116e-07  +1.571309e-03  
-8.391735e-08  +6.807181e-09  -4.202894e-07  -1.712074e-06  -3.058241e-07  -4.209352e-08  -1.889839e-06  +1.343340e-07  +8.286046e-08  +2.550507e-07  +9.633637e-07  -1.833164e-07  +2.855834e-07  -2.766101e-05  +1.970438e-07  -4.476914e-08  -2.163850e-05  +1.932501e-07  -9.752844e-08  -4.818284e-05  +3.557882e-08  +9.424000e-09  -4.935205e-05  
-7.847173e-04  +2.278074e-03  -5.824361e-03  +1.914739e-02  +5.794930e-03  +5.271992e-04  +2.615793e-02  -1.492320e-02  -1.289487e-03  +8.988416e-03  -3.521989e-02  +8.083840e-04  -2.766101e-05  +1.937197e+00  -2.623486e-04  +9.998857e-04  +2.972394e+00  +2.199045e-04  +8.486074e-05  +7.134729e-01  -7.021280e-05  +6.534224e-04  +2.449603e+00  
+2.920305e-07  -7.498400e-08  +1.313954e-06  -6.292065e-06  -1.077543e-06  -1.430826e-07  -6.266625e-06  +3.094996e-06  +3.164164e-07  -1.356695e-06  +6.256943e-06  -5.849690e-07  +1.970438e-07  -2.623486e-04  +6.267693e-07  -2.045828e-07  -4.738224e-04  +1.527330e-07  -1.655140e-07  -3.434278e-04  +4.737904e-08  -2.069884e-07  -6.605769e-04  
-4.822094e-07  +1.424672e-06  -4.421479e-06  +1.527846e-05  +4.079060e-06  +3.197374e-07  +1.636418e-05  -7.201535e-06  -8.526655e-07  +6.659287e-06  -2.044593e-05  +5.268123e-07  -4.476914e-08  +9.998857e-04  -2.045828e-07  +1.034208e-06  +1.527886e-03  +2.012238e-07  -6.784082e-09  +7.315596e-04  -2.316786e-07  +4.666910e-07  +1.515047e-03  
-1.209564e-03  +3.316527e-03  -9.143504e-03  +3.010468e-02  +8.800439e-03  +8.369253e-04  +4.130449e-02  -2.419256e-02  -2.014036e-03  +1.385094e-02  -5.588183e-02  +1.314085e-03  -2.163850e-05  +2.972394e+00  -4.738224e-04  +1.527886e-03  +4.878457e+00  +3.956620e-04  +1.242871e-04  +1.112831e+00  -3.311259e-05  +1.040079e-03  +3.956800e+00  
-2.368439e-07  +2.903221e-07  -1.916186e-06  +2.467581e-06  +3.486037e-07  -1.660443e-09  +2.743517e-06  -1.273886e-06  -1.525624e-07  +1.694049e-06  -4.434871e-06  +1.683187e-08  +1.932501e-07  +2.199045e-04  +1.527330e-07  +2.012238e-07  +3.956620e-04  +3.446464e-07  -1.542337e-07  +2.751626e-04  +6.367130e-08  +1.547245e-07  +4.682510e-04  
+6.487679e-08  +4.362217e-08  +3.273933e-07  +8.625438e-07  +3.732915e-07  +4.163742e-08  +1.093371e-06  -8.483346e-07  -3.399579e-08  +6.676505e-08  -1.455916e-06  +1.213629e-07  -9.752844e-08  +8.486074e-05  -1.655140e-07  -6.784082e-09  +1.242871e-04  -1.542337e-07  +1.565454e-07  -7.294056e-05  -2.931428e-08  +2.047830e-08  -8.151434e-06  
-9.729804e-04  +1.094225e-03  -6.616997e-03  +1.340315e-02  +1.768942e-03  +8.208164e-06  +1.408852e-02  -1.611433e-03  -7.312523e-04  +4.932430e-03  -1.655991e-02  +7.966218e-04  -4.818284e-05  +7.134729e-01  -3.434278e-04  +7.315596e-04  +1.112831e+00  +2.751626e-04  -7.294056e-05  +1.733712e+00  +1.972783e-04  +7.275352e-04  +1.731770e+00  
-1.918446e-07  -3.254001e-07  -5.224548e-07  -2.666625e-06  -1.020016e-06  -1.269037e-07  -1.580341e-06  +1.418576e-06  +8.429069e-08  -1.133937e-06  +1.546455e-06  +9.310328e-08  +3.557882e-08  -7.021280e-05  +4.737904e-08  -2.316786e-07  -3.311259e-05  +6.367130e-08  -2.931428e-08  +1.972783e-04  +3.571904e-07  +8.898459e-08  +3.881887e-05  
-5.367876e-07  +6.362294e-07  -3.613845e-06  +8.541538e-06  +1.890869e-06  +8.144948e-08  +1.000700e-05  -3.677255e-06  -5.149410e-07  +3.675883e-06  -1.316314e-05  +4.922116e-07  +9.424000e-09  +6.534224e-04  -2.069884e-07  +4.666910e-07  +1.040079e-03  +1.547245e-07  +2.047830e-08  +7.275352e-04  +8.898459e-08  +4.785380e-07  +1.099089e-03  
-1.499653e-03  +3.021481e-03  -1.036533e-02  +2.957010e-02  +7.477304e-03  +7.370653e-04  +3.834285e-02  -1.991324e-02  -1.938725e-03  +1.285817e-02  -4.829348e-02  +1.571309e-03  -4.935205e-05  +2.449603e+00  -6.605769e-04  +1.515047e-03  +3.956800e+00  +4.682510e-04  -8.151434e-06  +1.731770e+00  +3.881887e-05  +1.099089e-03  +4.123921e+00  
