mean:
+3.943666e+00  +3.932973e+00  +8.586815e-01  +1.267728e+00  +1.427352e+00  +5.040049e-01  +8.011297e-01  +1.402517e+00  +1.679683e-01  +1.851185e+00  +5.969101e+00  +3.530525e+00  +2.655555e+00  +2.033786e+02  +4.293220e+00  +5.294820e+00  +2.741084e+02  +5.393463e+00  +3.763704e+00  +3.240206e+02  +2.639925e+00  +4.559826e+00  +3.881860e+02  
covariance:
+8.474302e-07  -4.766940e-07  -2.525450e-07  +8.509310e-07  -1.473136e-06  -9.082330e-07  +4.087033e-07  -2.053339e-06  +8.869447e-07  -5.138491e-06  +8.344904e-06  +8.402399e-07  +1.064477e-06  +1.368347e-04  +2.199102e-06  +8.140482e-08  -1.484138e-04  +1.085262e-06  +1.776645e-06  +2.089309e-05  +1.320524e-07  +6.844411e-08  -7.712537e-06  
-4.766940e-07  +5.640236e-06  +7.596099e-06  -2.004065e-05  +1.151381e-05  +3.113340e-06  -1.911035e-06  -6.200740e-06  -1.163538e-06  +2.106302e-05  -1.347946e-05  -5.960601e-06  -7.903603e-06  +3.426674e-04  -1.499453e-05  +2.754830e-07  -8.515844e-04  -7.655409e-06  -1.413486e-05  +7.136061e-04  -7.288200e-08  +1.504966e-07  +7.500314e-05  
-2.525450e-07  +7.596099e-06  +4.276085e-05  -1.055746e-04  +5.118570e-05  +1.160714e-05  -1.329817e-05  +8.447268e-06  -5.603936e-06  +8.524870e-05  -5.771234e-05  -2.382922e-05  -2.836910e-05  -2.597364e-03  -6.159377e-05  -9.710612e-07  -4.986210e-04  -3.172962e-05  -5.247676e-05  +3.219830e-03  -1.799034e-06  -1.763185e-07  -1.983739e-03  
+8.509310e-07  -2.004065e-05  -1.055746e-04  +3.598801e-04  -1.524319e-04  -3.948108e-05  +4.271111e-05  -9.684822e-05  +1.986634e-05  -2.863567e-04  +1.950101e-04  +6.908593e-05  +8.489351e-05  +8.404403e-03  +1.799841e-04  -1.086209e-06  -2.840663e-03  +9.314889e-05  +1.501615e-04  -9.127526e-03  +3.156192e-06  +3.567614e-06  +7.263577e-03  
-1.473136e-06  +1.151381e-05  +5.118570e-05  -1.524319e-04  +1.347100e-04  +3.315897e-05  -1.187541e-05  +3.755275e-05  -1.753321e-05  +2.167691e-04  -2.094225e-04  -4.702999e-05  -5.665591e-05  -3.559820e-03  -1.232688e-04  +2.605412e-06  +1.889192e-04  -6.294105e-05  -1.025458e-04  +6.653046e-03  -1.692749e-06  -4.519492e-06  -2.479996e-03  
-9.082330e-07  +3.113340e-06  +1.160714e-05  -3.948108e-05  +3.315897e-05  +1.643087e-05  -5.116633e-06  +3.643425e-05  -6.754901e-06  +8.688704e-05  -1.153586e-04  -1.735777e-05  -2.247198e-05  -8.492666e-04  -4.355964e-05  +2.085045e-06  +2.136107e-03  -2.166624e-05  -3.689999e-05  +2.116993e-03  -1.061401e-06  -1.246224e-06  -1.767274e-03  
+4.087033e-07  -1.911035e-06  -1.329817e-05  +4.271111e-05  -1.187541e-05  -5.116633e-06  +1.621004e-05  -2.786709e-05  +2.707705e-06  -4.654706e-05  +1.966285e-05  +9.345401e-06  +1.211489e-05  +3.044655e-03  +2.468523e-05  +6.991972e-07  -1.469961e-03  +1.376864e-05  +1.988276e-05  +7.019542e-04  +1.211814e-06  -8.837101e-07  -5.841049e-04  
-2.053339e-06  -6.200740e-06  +8.447268e-06  -9.684822e-05  +3.755275e-05  +3.643425e-05  -2.786709e-05  +5.318213e-04  -1.477571e-05  +2.253699e-04  -3.358804e-04  -3.458859e-05  -4.515502e-05  -1.800347e-04  -6.794831e-05  +1.024539e-05  +2.120481e-02  -3.789749e-05  -6.211923e-05  +3.446178e-03  -4.819930e-06  -7.813837e-06  -1.316951e-02  
+8.869447e-07  -1.163538e-06  -5.603936e-06  +1.986634e-05  -1.753321e-05  -6.754901e-06  +2.707705e-06  -1.477571e-05  +5.023597e-06  -4.595021e-05  +4.157531e-05  +8.460189e-06  +1.021364e-05  +1.467312e-03  +2.181119e-05  -7.250694e-07  -9.547763e-04  +1.089615e-05  +1.760054e-05  -5.579191e-04  +3.492829e-07  +8.004929e-07  -8.408232e-05  
-5.138491e-06  +2.106302e-05  +8.524870e-05  -2.863567e-04  +2.167691e-04  +8.688704e-05  -4.654706e-05  +2.253699e-04  -4.595021e-05  +5.673932e-04  -5.662962e-04  -1.107264e-04  -1.385045e-04  -1.395629e-02  -2.807492e-04  +1.003138e-05  +1.187018e-02  -1.426671e-04  -2.338061e-04  +8.747362e-03  -5.480449e-06  -7.896039e-06  -3.248648e-03  
+8.344904e-06  -1.347946e-05  -5.771234e-05  +1.950101e-04  -2.094225e-04  -1.153586e-04  +1.966285e-05  -3.358804e-04  +4.157531e-05  -5.662962e-04  +1.045202e-03  +1.117271e-04  +1.461774e-04  -3.767488e-04  +2.710224e-04  -1.392405e-05  -1.897691e-02  +1.368850e-04  +2.352110e-04  -1.791855e-02  +8.926901e-06  +1.114408e-05  +2.000115e-02  
+8.402399e-07  -5.960601e-06  -2.382922e-05  +6.908593e-05  -4.702999e-05  -1.735777e-05  +9.345401e-06  -3.458859e-05  +8.460189e-06  -1.107264e-04  +1.117271e-04  +2.453557e-05  +3.007449e-05  +2.393133e-03  +6.110371e-05  -1.518472e-06  -1.522630e-03  +3.097873e-05  +5.215049e-05  -2.678200e-03  +1.219845e-06  +1.136235e-06  +1.184279e-03  
+1.064477e-06  -7.903603e-06  -2.836910e-05  +8.489351e-05  -5.665591e-05  -2.247198e-05  +1.211489e-05  -4.515502e-05  +1.021364e-05  -1.385045e-04  +1.461774e-04  +3.007449e-05  +3.918814e-05  +2.564991e-03  +7.626537e-05  -2.600895e-06  -2.030805e-03  +3.881510e-05  +6.534044e-05  -3.054818e-03  +1.522803e-06  +1.541330e-06  +1.828315e-03  
+1.368347e-04  +3.426674e-04  -2.597364e-03  +8.404403e-03  -3.559820e-03  -8.492666e-04  +3.044655e-03  -1.800347e-04  +1.467312e-03  -1.395629e-02  -3.767488e-04  +2.393133e-03  +2.564991e-03  +2.484776e+00  +6.836514e-03  +1.872759e-04  -6.087000e-01  +3.506726e-03  +4.272130e-03  +6.126559e-01  +3.622309e-05  +3.628494e-04  -6.000437e-01  
+2.199102e-06  -1.499453e-05  -6.159377e-05  +1.799841e-04  -1.232688e-04  -4.355964e-05  +2.468523e-05  -6.794831e-05  +2.181119e-05  -2.807492e-04  +2.710224e-04  +6.110371e-05  +7.626537e-05  +6.836514e-03  +1.578835e-04  -3.309378e-06  -2.941166e-03  +8.000262e-05  +1.328038e-04  -6.565750e-03  +3.120043e-06  +3.145245e-06  +2.149289e-03  
+8.140482e-08  +2.754830e-07  -9.710612e-07  -1.086209e-06  +2.605412e-06  +2.085045e-06  +6.991972e-07  +1.024539e-05  -7.250694e-07  +1.003138e-05  -1.392405e-05  -1.518472e-06  -2.600895e-06  +1.872759e-04  -3.309378e-06  +1.403179e-06  +6.558289e-04  -1.645176e-06  -2.996888e-06  +1.010116e-04  +2.523391e-07  -5.174387e-07  -4.501744e-04  
-1.484138e-04  -8.515844e-04  -4.986210e-04  -2.840663e-03  +1.889192e-04  +2.136107e-03  -1.469961e-03  +2.120481e-02  -9.547763e-04  +1.187018e-02  -1.897691e-02  -1.522630e-03  -2.030805e-03  -6.087000e-01  -2.941166e-03  +6.558289e-04  +1.775287e+00  -1.520749e-03  -2.159419e-03  -3.208235e-01  -1.701357e-04  -4.709916e-04  -5.602460e-01  
+1.085262e-06  -7.655409e-06  -3.172962e-05  +9.314889e-05  -6.294105e-05  -2.166624e-05  +1.376864e-05  -3.789749e-05  +1.089615e-05  -1.426671e-04  +1.368850e-04  +3.097873e-05  +3.881510e-05  +3.506726e-03  +8.000262e-05  -1.645176e-06  -1.520749e-03  +4.137204e-05  +6.725814e-05  -3.122631e-03  +1.619403e-06  +1.486150e-06  +9.154744e-04  
+1.776645e-06  -1.413486e-05  -5.247676e-05  +1.501615e-04  -1.025458e-04  -3.689999e-05  +1.988276e-05  -6.211923e-05  +1.760054e-05  -2.338061e-04  +2.352110e-04  +5.215049e-05  +6.534044e-05  +4.272130e-03  +1.328038e-04  -2.996888e-06  -2.159419e-03  +6.725814e-05  +1.143050e-04  -6.086131e-03  +2.786723e-06  +2.142670e-06  +2.228986e-03  
+2.089309e-05  +7.136061e-04  +3.219830e-03  -9.127526e-03  +6.653046e-03  +2.116993e-03  +7.019542e-04  +3.446178e-03  -5.579191e-04  +8.747362e-03  -1.791855e-02  -2.678200e-03  -3.054818e-03  +6.126559e-01  -6.565750e-03  +1.010116e-04  -3.208235e-01  -3.122631e-03  -6.086131e-03  +1.694082e+00  -1.030931e-04  -1.063147e-04  -9.114730e-01  
+1.320524e-07  -7.288200e-08  -1.799034e-06  +3.156192e-06  -1.692749e-06  -1.061401e-06  +1.211814e-06  -4.819930e-06  +3.492829e-07  -5.480449e-06  +8.926901e-06  +1.219845e-06  +1.522803e-06  +3.622309e-05  +3.120043e-06  +2.523391e-07  -1.701357e-04  +1.619403e-06  +2.786723e-06  -1.030931e-04  +5.939880e-07  -1.047634e-07  +9.278871e-05  
+6.844411e-08  +1.504966e-07  -1.763185e-07  +3.567614e-06  -4.519492e-06  -1.246224e-06  -8.837101e-07  -7.813837e-06  +8.004929e-07  -7.896039e-06  +1.114408e-05  +1.136235e-06  +1.541330e-06  +3.628494e-04  +3.145245e-06  -5.174387e-07  -4.709916e-04  +1.486150e-06  +2.142670e-06  -1.063147e-04  -1.047634e-07  +1.198794e-06  +4.771485e-04  
-7.712537e-06  +7.500314e-05  -1.983739e-03  +7.263577e-03  -2.479996e-03  -1.767274e-03  -5.841049e-04  -1.316951e-02  -8.408232e-05  -3.248648e-03  +2.000115e-02  +1.184279e-03  +1.828315e-03  -6.000437e-01  +2.149289e-03  -4.501744e-04  -5.602460e-01  +9.154744e-04  +2.228986e-03  -9.114730e-01  +9.278871e-05  +4.771485e-04  +1.886353e+00  
