mean:
+3.911496e+00  +3.897631e+00  +8.302308e-01  +1.303379e+00  +1.448559e+00  +6.011768e-01  +8.234234e-01  +1.417587e+00  +1.603462e-01  +1.866868e+00  +5.870980e+00  +3.485329e+00  +2.610608e+00  +2.040117e+02  +4.263180e+00  +5.275497e+00  +2.890230e+02  +5.349845e+00  +3.758250e+00  +3.297092e+02  +2.640103e+00  +4.559498e+00  +4.005060e+02  
covariance:
+2.515129e-06  -7.773769e-07  -1.630796e-06  -2.950477e-06  -2.321687e-07  -8.071871e-07  +5.142852e-06  +2.226971e-06  -1.563560e-06  +8.360530e-06  -1.452186e-05  +1.332766e-07  -4.664602e-07  +4.572525e-05  -2.297788e-07  +7.750451e-07  +2.384527e-03  +4.127542e-07  +3.168293e-07  +1.708520e-03  +1.040286e-09  +5.890448e-07  +2.723864e-03  
-7.773769e-07  +8.225041e-07  -6.801447e-07  -9.723260e-07  -9.125564e-08  -1.437863e-07  +1.720183e-06  +1.488780e-06  -8.878276e-07  +5.212189e-06  -7.334424e-06  +7.299572e-08  -2.446762e-07  -7.962249e-05  -8.650386e-08  +4.491715e-07  +1.256797e-03  +6.595912e-09  +2.069767e-07  +9.682676e-04  +5.069170e-09  +2.554320e-08  +1.266252e-03  
-1.630796e-06  -6.801447e-07  +1.055078e-05  +8.618040e-06  -5.249342e-07  +1.305761e-06  -2.011827e-05  -1.588719e-06  +7.067865e-06  -4.792141e-05  +6.808174e-05  -7.666407e-07  +1.508925e-06  -4.123056e-04  +1.792046e-06  -4.417554e-06  -1.182265e-02  -4.781313e-07  -1.265055e-06  -8.475950e-03  -2.071305e-07  -1.387655e-06  -1.350709e-02  
-2.950477e-06  -9.723260e-07  +8.618040e-06  +6.050257e-05  +5.712438e-06  +1.142556e-05  -4.438144e-05  -4.345021e-05  +9.143060e-06  -4.481579e-05  +9.850705e-05  -1.671745e-06  +4.775481e-06  +9.444115e-04  +1.500654e-07  -5.094000e-06  -1.565662e-02  -3.302293e-06  -5.117089e-06  -1.837446e-02  +1.058626e-06  -2.732804e-06  -2.190492e-02  
-2.321687e-07  -9.125564e-08  -5.249342e-07  +5.712438e-06  +4.675363e-06  +1.822469e-06  -4.633890e-06  -6.444800e-06  +4.089923e-07  +6.868147e-07  +6.496957e-06  -2.091560e-07  +6.221139e-07  -1.564651e-04  -4.576694e-07  -1.358490e-07  -3.376399e-04  -6.580320e-07  -4.755323e-07  -2.018266e-03  +2.191672e-07  -3.866941e-07  -1.494198e-03  
-8.071871e-07  -1.437863e-07  +1.305761e-06  +1.142556e-05  +1.822469e-06  +4.439147e-06  -1.022326e-05  -1.848023e-05  +1.911801e-06  -8.734060e-06  +2.086558e-05  -2.351260e-07  +1.374585e-06  +1.003177e-03  -1.698552e-07  -6.391037e-07  -3.719085e-03  -4.438057e-07  -1.537630e-06  -4.148074e-03  +3.328860e-07  -8.565331e-07  -4.597976e-03  
+5.142852e-06  +1.720183e-06  -2.011827e-05  -4.438144e-05  -4.633890e-06  -1.022326e-05  +7.231092e-05  +3.623040e-05  -1.928655e-05  +1.176048e-04  -1.969983e-04  +2.879890e-06  -6.915829e-06  -6.574580e-04  -2.378165e-06  +1.064445e-05  +3.247136e-02  +3.636577e-06  +6.347605e-06  +2.818175e-02  +1.636575e-07  +5.308155e-06  +3.921650e-02  
+2.226971e-06  +1.488780e-06  -1.588719e-06  -4.345021e-05  -6.444800e-06  -1.848023e-05  +3.623040e-05  +1.421331e-04  -9.989705e-06  +6.798585e-05  -1.203532e-04  -1.296353e-06  -7.350820e-06  -8.817044e-03  +7.169576e-07  +3.270384e-06  +2.481418e-02  +1.335646e-07  +7.580509e-06  +1.377188e-02  -1.013682e-06  +3.918050e-06  +1.682995e-02  
-1.563560e-06  -8.878276e-07  +7.067865e-06  +9.143060e-06  +4.089923e-07  +1.911801e-06  -1.928655e-05  -9.989705e-06  +7.465272e-06  -4.798552e-05  +6.558680e-05  -4.844886e-07  +2.017198e-06  +1.379496e-04  +1.410560e-06  -3.909677e-06  -1.223817e-02  -6.772404e-07  -1.546600e-06  -7.866964e-03  -1.681229e-07  -1.572324e-06  -1.260291e-02  
+8.360530e-06  +5.212189e-06  -4.792141e-05  -4.481579e-05  +6.868147e-07  -8.734060e-06  +1.176048e-04  +6.798585e-05  -4.798552e-05  +3.513142e-04  -4.643846e-04  +2.173283e-06  -1.322928e-05  -1.071148e-03  -1.087491e-05  +2.691517e-05  +8.770000e-02  +2.872606e-06  +8.788012e-06  +4.870859e-02  +1.916449e-06  +1.079989e-05  +8.282703e-02  
-1.452186e-05  -7.334424e-06  +6.808174e-05  +9.850705e-05  +6.496957e-06  +2.086558e-05  -1.969983e-04  -1.203532e-04  +6.558680e-05  -4.643846e-04  +7.470520e-04  -7.208313e-06  +2.186878e-05  +2.599129e-03  +1.066985e-05  -3.805694e-05  -1.208115e-01  -7.814232e-06  -1.479066e-05  -8.132352e-02  -2.455908e-06  -1.731436e-05  -1.198785e-01  
+1.332766e-07  +7.299572e-08  -7.666407e-07  -1.671745e-06  -2.091560e-07  -2.351260e-07  +2.879890e-06  -1.296353e-06  -4.844886e-07  +2.173283e-06  -7.208313e-06  +8.639731e-07  -8.961578e-08  +3.283980e-04  -9.501603e-08  +6.545046e-07  +2.437632e-04  +1.872601e-07  +6.754825e-08  +1.634278e-03  +1.407125e-07  -1.610968e-07  +1.406651e-03  
-4.664602e-07  -2.446762e-07  +1.508925e-06  +4.775481e-06  +6.221139e-07  +1.374585e-06  -6.915829e-06  -7.350820e-06  +2.017198e-06  -1.322928e-05  +2.186878e-05  -8.961578e-08  +1.095874e-06  +4.407169e-04  +1.676033e-07  -8.978052e-07  -3.834428e-03  -2.844496e-07  -7.849911e-07  -2.776657e-03  +1.970160e-08  -6.823989e-07  -3.824255e-03  
+4.572525e-05  -7.962249e-05  -4.123056e-04  +9.444115e-04  -1.564651e-04  +1.003177e-03  -6.574580e-04  -8.817044e-03  +1.379496e-04  -1.071148e-03  +2.599129e-03  +3.283980e-04  +4.407169e-04  +1.551568e+00  -2.408052e-04  +4.320572e-04  -1.283369e+00  +3.181033e-04  -8.460737e-04  +1.449919e-02  +1.401270e-04  -4.710668e-05  +2.769074e-01  
-2.297788e-07  -8.650386e-08  +1.792046e-06  +1.500654e-07  -4.576694e-07  -1.698552e-07  -2.378165e-06  +7.169576e-07  +1.410560e-06  -1.087491e-05  +1.066985e-05  -9.501603e-08  +1.676033e-07  -2.408052e-04  +8.179520e-07  -9.424584e-07  -2.360339e-03  +1.232126e-07  +7.702337e-08  -1.123539e-03  -1.431776e-07  -1.263567e-07  -2.486080e-03  
+7.750451e-07  +4.491715e-07  -4.417554e-06  -5.094000e-06  -1.358490e-07  -6.391037e-07  +1.064445e-05  +3.270384e-06  -3.909677e-06  +2.691517e-05  -3.805694e-05  +6.545046e-07  -8.978052e-07  +4.320572e-04  -9.424584e-07  +3.073876e-06  +6.471466e-03  +3.877290e-07  +5.842425e-07  +5.000488e-03  +1.088046e-07  +2.981751e-07  +7.144732e-03  
+2.384527e-03  +1.256797e-03  -1.182265e-02  -1.565662e-02  -3.376399e-04  -3.719085e-03  +3.247136e-02  +2.481418e-02  -1.223817e-02  +8.770000e-02  -1.208115e-01  +2.437632e-04  -3.834428e-03  -1.283369e+00  -2.360339e-03  +6.471466e-03  +2.375371e+01  +9.484808e-04  +3.208811e-03  +1.311575e+01  +1.056351e-04  +2.959952e-03  +2.154484e+01  
+4.127542e-07  +6.595912e-09  -4.781313e-07  -3.302293e-06  -6.580320e-07  -4.438057e-07  +3.636577e-06  +1.335646e-07  -6.772404e-07  +2.872606e-06  -7.814232e-06  +1.872601e-07  -2.844496e-07  +3.181033e-04  +1.232126e-07  +3.877290e-07  +9.484808e-04  +7.822389e-07  +1.731504e-07  +1.435683e-03  -9.642728e-08  +3.751978e-07  +1.936708e-03  
+3.168293e-07  +2.069767e-07  -1.265055e-06  -5.117089e-06  -4.755323e-07  -1.537630e-06  +6.347605e-06  +7.580509e-06  -1.546600e-06  +8.788012e-06  -1.479066e-05  +6.754825e-08  -7.849911e-07  -8.460737e-04  +7.702337e-08  +5.842425e-07  +3.208811e-03  +1.731504e-07  +1.379313e-06  +2.384266e-03  -1.999860e-07  +3.278150e-07  +3.204359e-03  
+1.708520e-03  +9.682676e-04  -8.475950e-03  -1.837446e-02  -2.018266e-03  -4.148074e-03  +2.818175e-02  +1.377188e-02  -7.866964e-03  +4.870859e-02  -8.132352e-02  +1.634278e-03  -2.776657e-03  +1.449919e-02  -1.123539e-03  +5.000488e-03  +1.311575e+01  +1.435683e-03  +2.384266e-03  +1.266226e+01  +4.873917e-05  +1.405621e-03  +1.635011e+01  
+1.040286e-09  +5.069170e-09  -2.071305e-07  +1.058626e-06  +2.191672e-07  +3.328860e-07  +1.636575e-07  -1.013682e-06  -1.681229e-07  +1.916449e-06  -2.455908e-06  +1.407125e-07  +1.970160e-08  +1.401270e-04  -1.431776e-07  +1.088046e-07  +1.056351e-04  -9.642728e-08  -1.999860e-07  +4.873917e-05  +3.306969e-07  +4.220310e-08  +2.296273e-04  
+5.890448e-07  +2.554320e-08  -1.387655e-06  -2.732804e-06  -3.866941e-07  -8.565331e-07  +5.308155e-06  +3.918050e-06  -1.572324e-06  +1.079989e-05  -1.731436e-05  -1.610968e-07  -6.823989e-07  -4.710668e-05  -1.263567e-07  +2.981751e-07  +2.959952e-03  +3.751978e-07  +3.278150e-07  +1.405621e-03  +4.220310e-08  +1.318795e-06  +2.863470e-03  
+2.723864e-03  +1.266252e-03  -1.350709e-02  -2.190492e-02  -1.494198e-03  -4.597976e-03  +3.921650e-02  +1.682995e-02  -1.260291e-02  +8.282703e-02  -1.198785e-01  +1.406651e-03  -3.824255e-03  +2.769074e-01  -2.486080e-03  +7.144732e-03  +2.154484e+01  +1.936708e-03  +3.204359e-03  +1.635011e+01  +2.296273e-04  +2.863470e-03  +2.569425e+01  
