mean:
+3.968523e+00  +3.992418e+00  +8.469258e-01  +1.305939e+00  +1.210906e+00  +4.059751e-01  +8.117732e-01  +1.367276e+00  +1.733768e-01  +1.869062e+00  +5.929269e+00  +3.612674e+00  +2.919417e+00  +2.121453e+02  +4.261834e+00  +5.128383e+00  +2.937487e+02  +5.236203e+00  +3.829729e+00  +3.359839e+02  +2.800230e+00  +4.480676e+00  +4.021864e+02  
covariance:
+1.604822e-06  +2.942381e-07  +2.791823e-06  -1.414119e-06  +1.534488e-06  +1.706608e-06  +3.377063e-07  -4.189511e-08  -3.199341e-06  +1.936522e-05  -2.879392e-05  +7.486807e-07  +2.903099e-07  +3.019061e-03  -1.229949e-06  +3.567690e-07  +4.961824e-03  +2.038872e-07  -2.786779e-07  +4.020097e-03  +7.376178e-08  +1.319448e-07  +3.264527e-03  
+2.942381e-07  +2.712255e-06  +6.746987e-07  +2.076088e-07  +6.664973e-07  +5.508637e-07  +8.216540e-08  +2.205728e-07  -1.718190e-06  +1.053338e-05  -1.029241e-05  +1.864569e-07  +1.034478e-07  +1.055763e-03  -6.691173e-07  +1.866331e-07  +1.890126e-03  +2.997142e-07  -1.418911e-07  +1.717458e-03  +1.552475e-07  +3.767347e-08  +1.445998e-03  
+2.791823e-06  +6.746987e-07  +3.449246e-05  -1.738082e-05  +9.999273e-06  +9.395562e-06  -1.049838e-06  +1.583145e-06  -1.215660e-05  +8.590731e-05  -1.920445e-04  +5.725860e-06  -1.184846e-06  +1.898851e-02  -2.652601e-06  +1.919958e-06  +2.889094e-02  +4.592565e-07  -1.499327e-06  +2.002902e-02  -1.219757e-06  -4.455380e-08  +1.697911e-02  
-1.414119e-06  +2.076088e-07  -1.738082e-05  +9.844516e-05  -6.825455e-06  -1.026850e-05  +1.321238e-05  -4.658904e-05  +6.506564e-07  -3.547936e-05  +2.340259e-04  -3.462151e-06  +1.597341e-06  -1.618111e-02  +8.261030e-07  -1.129722e-06  -2.512405e-02  +2.193395e-06  +1.190288e-06  -9.723886e-03  +1.675725e-06  +1.414903e-06  -8.148810e-03  
+1.534488e-06  +6.664973e-07  +9.999273e-06  -6.825455e-06  +1.482396e-05  +7.567381e-06  -2.021186e-06  +6.854782e-07  -6.234387e-06  +4.650119e-05  -1.189809e-04  +2.556765e-06  +1.482377e-06  +1.077037e-02  -4.679371e-06  +1.065111e-07  +1.811769e-02  -4.140208e-07  -4.272291e-07  +1.425405e-02  +5.343555e-07  +7.057194e-07  +1.025690e-02  
+1.706608e-06  +5.508637e-07  +9.395562e-06  -1.026850e-05  +7.567381e-06  +1.005906e-05  -5.208126e-07  -1.080556e-06  -5.758562e-06  +4.256552e-05  -1.486709e-04  +2.352683e-06  +2.219578e-06  +1.084004e-02  -4.410914e-06  +1.061103e-06  +1.925709e-02  +4.843365e-07  -1.175955e-06  +1.527175e-02  +5.016678e-08  +7.778783e-07  +1.075909e-02  
+3.377063e-07  +8.216540e-08  -1.049838e-06  +1.321238e-05  -2.021186e-06  -5.208126e-07  +1.208542e-05  -1.808537e-05  -2.197573e-06  -1.082460e-06  +7.608599e-06  -9.055054e-07  +7.082647e-07  -1.429455e-04  +7.021668e-07  +1.384491e-06  -2.846781e-04  +7.937163e-07  -8.352195e-07  +1.743327e-03  +1.304295e-07  +7.319659e-07  -1.477176e-04  
-4.189511e-08  +2.205728e-07  +1.583145e-06  -4.658904e-05  +6.854782e-07  -1.080556e-06  -1.808537e-05  +1.710248e-04  -4.760855e-06  +4.660330e-05  +1.066323e-05  +3.241305e-06  -3.997876e-06  +1.016031e-02  +4.720089e-07  -1.789365e-07  +1.487606e-02  -3.301628e-06  -2.312142e-07  +5.589577e-03  +2.914404e-07  -2.426009e-06  +8.216192e-03  
-3.199341e-06  -1.718190e-06  -1.215660e-05  +6.506564e-07  -6.234387e-06  -5.758562e-06  -2.197573e-06  -4.760855e-06  +2.191681e-05  -1.308571e-04  +9.896524e-05  -3.755520e-06  -1.354490e-06  -1.529911e-02  +7.044348e-06  -1.959330e-06  -2.449035e-02  -1.709108e-06  +1.046830e-06  -2.005334e-02  -7.245373e-07  +5.542450e-08  -1.786753e-02  
+1.936522e-05  +1.053338e-05  +8.590731e-05  -3.547936e-05  +4.650119e-05  +4.256552e-05  -1.082460e-06  +4.660330e-05  -1.308571e-04  +8.227719e-04  -7.457399e-04  +2.542689e-05  +8.013803e-06  +1.015807e-01  -4.529723e-05  +1.123096e-05  +1.629914e-01  +9.504465e-06  -6.314500e-06  +1.289283e-01  +3.520035e-06  -1.158841e-06  +1.152366e-01  
-2.879392e-05  -1.029241e-05  -1.920445e-04  +2.340259e-04  -1.189809e-04  -1.486709e-04  +7.608599e-06  +1.066323e-05  +9.896524e-05  -7.457399e-04  +2.616940e-03  -3.869970e-05  -2.130998e-05  -1.907039e-01  +6.858431e-05  -1.924520e-05  -3.295811e-01  -4.781058e-06  +1.636826e-05  -2.502571e-01  +5.030891e-06  -8.327237e-06  -1.754938e-01  
+7.486807e-07  +1.864569e-07  +5.725860e-06  -3.462151e-06  +2.556765e-06  +2.352683e-06  -9.055054e-07  +3.241305e-06  -3.755520e-06  +2.542689e-05  -3.869970e-05  +1.852118e-06  -1.226592e-08  +4.817539e-03  -1.403125e-06  +3.686713e-07  +7.203041e-03  +7.193096e-08  -3.436238e-07  +5.441301e-03  -3.210640e-08  +2.779925e-08  +4.825162e-03  
+2.903099e-07  +1.034478e-07  -1.184846e-06  +1.597341e-06  +1.482377e-06  +2.219578e-06  +7.082647e-07  -3.997876e-06  -1.354490e-06  +8.013803e-06  -2.130998e-05  -1.226592e-08  +2.178372e-06  +8.643750e-04  -1.938202e-06  +2.219835e-07  +2.382834e-03  +2.144717e-07  -4.399454e-07  +2.637763e-03  -5.478235e-09  +3.668026e-07  +1.630793e-03  
+3.019061e-03  +1.055763e-03  +1.898851e-02  -1.618111e-02  +1.077037e-02  +1.084004e-02  -1.429455e-04  +1.016031e-02  -1.529911e-02  +1.015807e-01  -1.907039e-01  +4.817539e-03  +8.643750e-04  +2.053219e+01  -6.771405e-03  +2.288679e-03  +3.249451e+01  +3.481772e-04  -1.272463e-03  +2.522487e+01  -4.660489e-06  +4.875526e-04  +1.950897e+01  
-1.229949e-06  -6.691173e-07  -2.652601e-06  +8.261030e-07  -4.679371e-06  -4.410914e-06  +7.021668e-07  +4.720089e-07  +7.044348e-06  -4.529723e-05  +6.858431e-05  -1.403125e-06  -1.938202e-06  -6.771405e-03  +6.223052e-06  -6.404517e-07  -1.234833e-02  -3.419653e-07  +3.499122e-07  -1.135685e-02  -1.018258e-07  -6.335324e-07  -7.856053e-03  
+3.567690e-07  +1.866331e-07  +1.919958e-06  -1.129722e-06  +1.065111e-07  +1.061103e-06  +1.384491e-06  -1.789365e-07  -1.959330e-06  +1.123096e-05  -1.924520e-05  +3.686713e-07  +2.219835e-07  +2.288679e-03  -6.404517e-07  +1.010350e-06  +3.780651e-03  +2.219802e-07  -3.385017e-07  +3.220060e-03  -1.371923e-07  +1.861204e-07  +2.096791e-03  
+4.961824e-03  +1.890126e-03  +2.889094e-02  -2.512405e-02  +1.811769e-02  +1.925709e-02  -2.846781e-04  +1.487606e-02  -2.449035e-02  +1.629914e-01  -3.295811e-01  +7.203041e-03  +2.382834e-03  +3.249451e+01  -1.234833e-02  +3.780651e-03  +5.573491e+01  +9.265752e-04  -1.966587e-03  +4.398127e+01  +1.208938e-04  +1.407808e-03  +3.191742e+01  
+2.038872e-07  +2.997142e-07  +4.592565e-07  +2.193395e-06  -4.140208e-07  +4.843365e-07  +7.937163e-07  -3.301628e-06  -1.709108e-06  +9.504465e-06  -4.781058e-06  +7.193096e-08  +2.144717e-07  +3.481772e-04  -3.419653e-07  +2.219802e-07  +9.265752e-04  +1.013761e-06  -9.791718e-08  +9.539056e-04  +1.297290e-07  -5.761284e-08  +1.055928e-03  
-2.786779e-07  -1.418911e-07  -1.499327e-06  +1.190288e-06  -4.272291e-07  -1.175955e-06  -8.352195e-07  -2.312142e-07  +1.046830e-06  -6.314500e-06  +1.636826e-05  -3.436238e-07  -4.399454e-07  -1.272463e-03  +3.499122e-07  -3.385017e-07  -1.966587e-03  -9.791718e-08  +8.590311e-07  -1.582039e-03  +4.123779e-08  -3.555359e-08  -1.392826e-03  
+4.020097e-03  +1.717458e-03  +2.002902e-02  -9.723886e-03  +1.425405e-02  +1.527175e-02  +1.743327e-03  +5.589577e-03  -2.005334e-02  +1.289283e-01  -2.502571e-01  +5.441301e-03  +2.637763e-03  +2.522487e+01  -1.135685e-02  +3.220060e-03  +4.398127e+01  +9.539056e-04  -1.582039e-03  +3.842909e+01  +2.456398e-04  +1.763333e-03  +2.614034e+01  
+7.376178e-08  +1.552475e-07  -1.219757e-06  +1.675725e-06  +5.343555e-07  +5.016678e-08  +1.304295e-07  +2.914404e-07  -7.245373e-07  +3.520035e-06  +5.030891e-06  -3.210640e-08  -5.478235e-09  -4.660489e-06  -1.018258e-07  -1.371923e-07  +1.208938e-04  +1.297290e-07  +4.123779e-08  +2.456398e-04  +6.099996e-07  +4.657114e-08  +3.825800e-04  
+1.319448e-07  +3.767347e-08  -4.455380e-08  +1.414903e-06  +7.057194e-07  +7.778783e-07  +7.319659e-07  -2.426009e-06  +5.542450e-08  -1.158841e-06  -8.327237e-06  +2.779925e-08  +3.668026e-07  +4.875526e-04  -6.335324e-07  +1.861204e-07  +1.407808e-03  -5.761284e-08  -3.555359e-08  +1.763333e-03  +4.657114e-08  +7.030657e-07  +5.215629e-04  
+3.264527e-03  +1.445998e-03  +1.697911e-02  -8.148810e-03  +1.025690e-02  +1.075909e-02  -1.477176e-04  +8.216192e-03  -1.786753e-02  +1.152366e-01  -1.754938e-01  +4.825162e-03  +1.630793e-03  +1.950897e+01  -7.856053e-03  +2.096791e-03  +3.191742e+01  +1.055928e-03  -1.392826e-03  +2.614034e+01  +3.825800e-04  +5.215629e-04  +2.132148e+01  
