mean:
+3.968139e+00  +3.992598e+00  +8.285552e-01  +1.295933e+00  +1.203471e+00  +4.006085e-01  +8.191040e-01  +1.356400e+00  +1.793392e-01  +1.830469e+00  +5.869029e+00  +3.611735e+00  +2.917779e+00  +4.263117e+00  +5.128449e+00  +5.236180e+00  +3.830650e+00  +2.800109e+00  +4.480445e+00  
covariance:
+2.702945e-06  +1.544117e-06  -3.194631e-06  -3.043485e-06  -1.801216e-06  -7.354166e-07  +4.978033e-06  +1.036949e-07  -4.008632e-06  +2.055542e-05  -4.756451e-05  -3.759759e-07  +1.346533e-07  -5.524347e-06  -8.497997e-08  -3.738680e-08  +3.497186e-07  +6.369484e-07  +1.693373e-07  
+1.544117e-06  +6.209485e-06  -2.852569e-06  -9.768532e-07  -3.359417e-06  +2.212140e-07  +2.414943e-06  -5.848429e-06  -1.438248e-06  +6.914528e-06  -1.400869e-05  -2.867347e-08  -2.846259e-07  -3.151744e-06  -1.501481e-07  +4.516857e-08  +1.983162e-07  +5.330812e-07  -3.112403e-07  
-3.194631e-06  -2.852569e-06  +3.214021e-05  +7.216819e-06  +7.451495e-06  +4.336836e-06  -7.844579e-06  +1.025712e-05  +1.579371e-05  -9.857545e-05  +2.105788e-04  +2.663963e-06  +1.489181e-07  +1.942175e-05  -1.268397e-06  +9.662758e-07  -3.258037e-07  -3.299380e-06  +1.394866e-06  
-3.043485e-06  -9.768532e-07  +7.216819e-06  +1.296412e-04  +4.748441e-06  +1.143401e-06  -4.258860e-05  +3.472252e-05  +2.164137e-05  -8.338826e-05  +1.726153e-04  +2.604082e-06  -4.778114e-06  +3.237560e-05  +2.478961e-07  -3.093289e-06  -4.439838e-06  -4.024370e-06  -1.506985e-06  
-1.801216e-06  -3.359417e-06  +7.451495e-06  +4.748441e-06  +1.151960e-05  +4.977718e-07  -3.411112e-06  +1.504056e-06  +3.725335e-06  -2.003547e-05  +3.671215e-05  +4.306220e-07  +1.060455e-07  +4.734713e-06  -3.089113e-07  -4.860420e-08  -5.856661e-07  -5.341146e-07  +2.162934e-07  
-7.354166e-07  +2.212140e-07  +4.336836e-06  +1.143401e-06  +4.977718e-07  +2.216347e-06  -1.322361e-06  -2.899579e-06  +4.656047e-06  -3.062924e-05  +6.405639e-05  +7.092209e-07  -6.148819e-07  +3.254429e-06  -4.297465e-07  +2.917973e-07  -7.212436e-08  -3.874906e-07  -1.011708e-07  
+4.978033e-06  +2.414943e-06  -7.844579e-06  -4.258860e-05  -3.411112e-06  -1.322361e-06  +4.616816e-05  -2.163889e-05  -1.997940e-05  +7.591011e-05  -1.921100e-04  -1.206833e-06  -5.770479e-07  -3.374120e-05  -9.824115e-07  +1.399969e-06  +3.531610e-06  +4.267756e-06  +1.916503e-06  
+1.036949e-07  -5.848429e-06  +1.025712e-05  +3.472252e-05  +1.504056e-06  -2.899579e-06  -2.163889e-05  +1.492190e-04  +1.114605e-06  +1.751751e-05  +4.075193e-05  -3.267299e-06  +2.905995e-06  +9.658063e-06  +1.959556e-06  +5.802847e-08  -1.533604e-06  -3.299164e-06  +4.118966e-06  
-4.008632e-06  -1.438248e-06  +1.579371e-05  +2.164137e-05  +3.725335e-06  +4.656047e-06  -1.997940e-05  +1.114605e-06  +2.125348e-05  -1.143621e-04  +2.329701e-04  +2.404184e-06  -1.476148e-06  +2.173591e-05  -4.196335e-07  +1.485176e-07  -1.545579e-06  -2.960437e-06  -9.350270e-07  
+2.055542e-05  +6.914528e-06  -9.857545e-05  -8.338826e-05  -2.003547e-05  -3.062924e-05  +7.591011e-05  +1.751751e-05  -1.143621e-04  +6.795311e-04  -1.350435e-03  -1.469373e-05  +9.914776e-06  -1.042777e-04  +4.079749e-06  -3.262416e-06  +5.791199e-06  +1.463178e-05  +3.740854e-06  
-4.756451e-05  -1.400869e-05  +2.105788e-04  +1.726153e-04  +3.671215e-05  +6.405639e-05  -1.921100e-04  +4.075193e-05  +2.329701e-04  -1.350435e-03  +3.032741e-03  +2.818052e-05  -1.629674e-05  +2.585700e-04  -5.379335e-06  +5.459937e-06  -1.116015e-05  -3.570900e-05  -6.349912e-06  
-3.759759e-07  -2.867347e-08  +2.663963e-06  +2.604082e-06  +4.306220e-07  +7.092209e-07  -1.206833e-06  -3.267299e-06  +2.404184e-06  -1.469373e-05  +2.818052e-05  +1.217628e-06  -3.493140e-07  +2.510524e-06  -2.070001e-07  -6.493831e-08  -3.003730e-07  -3.486968e-07  +1.806150e-07  
+1.346533e-07  -2.846259e-07  +1.489181e-07  -4.778114e-06  +1.060455e-07  -6.148819e-07  -5.770479e-07  +2.905995e-06  -1.476148e-06  +9.914776e-06  -1.629674e-05  -3.493140e-07  +1.308443e-06  -3.637470e-07  +1.812414e-07  +1.153641e-07  -7.818393e-08  -6.164015e-09  +1.632439e-07  
-5.524347e-06  -3.151744e-06  +1.942175e-05  +3.237560e-05  +4.734713e-06  +3.254429e-06  -3.374120e-05  +9.658063e-06  +2.173591e-05  -1.042777e-04  +2.585700e-04  +2.510524e-06  -3.637470e-07  +3.858771e-05  +2.823440e-07  -7.534037e-07  -2.131095e-06  -5.581587e-06  -1.072306e-06  
-8.497997e-08  -1.501481e-07  -1.268397e-06  +2.478961e-07  -3.089113e-07  -4.297465e-07  -9.824115e-07  +1.959556e-06  -4.196335e-07  +4.079749e-06  -5.379335e-06  -2.070001e-07  +1.812414e-07  +2.823440e-07  +1.230107e-06  +1.551515e-07  -1.400546e-07  -6.377421e-08  -2.067543e-07  
-3.738680e-08  +4.516857e-08  +9.662758e-07  -3.093289e-06  -4.860420e-08  +2.917973e-07  +1.399969e-06  +5.802847e-08  +1.485176e-07  -3.262416e-06  +5.459937e-06  -6.493831e-08  +1.153641e-07  -7.534037e-07  +1.551515e-07  +6.038404e-07  +1.533345e-07  +8.926696e-08  +3.180465e-08  
+3.497186e-07  +1.983162e-07  -3.258037e-07  -4.439838e-06  -5.856661e-07  -7.212436e-08  +3.531610e-06  -1.533604e-06  -1.545579e-06  +5.791199e-06  -1.116015e-05  -3.003730e-07  -7.818393e-08  -2.131095e-06  -1.400546e-07  +1.533345e-07  +8.537473e-07  +2.329202e-07  +1.015977e-07  
+6.369484e-07  +5.330812e-07  -3.299380e-06  -4.024370e-06  -5.341146e-07  -3.874906e-07  +4.267756e-06  -3.299164e-06  -2.960437e-06  +1.463178e-05  -3.570900e-05  -3.486968e-07  -6.164015e-09  -5.581587e-06  -6.377421e-08  +8.926696e-08  +2.329202e-07  +1.212415e-06  -6.180940e-08  
+1.693373e-07  -3.112403e-07  +1.394866e-06  -1.506985e-06  +2.162934e-07  -1.011708e-07  +1.916503e-06  +4.118966e-06  -9.350270e-07  +3.740854e-06  -6.349912e-06  +1.806150e-07  +1.632439e-07  -1.072306e-06  -2.067543e-07  +3.180465e-08  +1.015977e-07  -6.180940e-08  +8.457261e-07  
