mean:
+3.957472e+00  +3.924909e+00  +6.285150e-01  -1.095451e+00  +1.633284e+00  +5.060013e-01  +9.122732e-01  +2.014622e+00  +1.502848e-01  +1.932252e+00  +4.923346e+00  +1.635625e+00  +2.883232e+00  +8.027343e+02  +4.800048e+00  +4.400108e+00  +2.015726e+03  
covariance:
+5.108288e-06  -2.564583e-08  +5.317165e-07  -1.461404e-05  +1.103340e-06  -1.529989e-07  +7.721924e-07  +1.428083e-06  +1.693680e-07  +1.304793e-06  +7.588488e-06  -1.563172e-08  -1.357078e-07  -2.897923e-05  +1.884703e-08  +4.606005e-08  -1.498840e-03  
-2.564583e-08  +6.672438e-06  -1.441370e-06  -1.050783e-05  -1.052558e-05  +1.938107e-06  +5.775880e-06  -1.046879e-05  +3.193432e-07  -8.505722e-06  +5.512710e-06  -6.196928e-08  +8.063316e-08  +1.052421e-03  +8.486140e-09  -2.480724e-07  -3.375621e-03  
+5.317165e-07  -1.441370e-06  +4.235766e-05  -1.686474e-04  +3.569033e-05  -3.862210e-06  +1.211724e-05  +8.700257e-05  -7.129784e-06  +5.066665e-05  +2.995002e-05  -7.579755e-07  -1.154771e-06  +1.841474e-03  -1.931696e-07  +2.241714e-07  -8.817987e-03  
-1.461404e-05  -1.050783e-05  -1.686474e-04  +2.576014e-03  +1.807272e-05  +1.600372e-06  -3.281785e-04  -2.193520e-04  +7.254187e-05  -2.175677e-04  -6.480638e-04  +1.241210e-06  +1.697774e-06  -6.167697e-03  +4.178343e-09  -1.658335e-06  +2.566191e-01  
+1.103340e-06  -1.052558e-05  +3.569033e-05  +1.807272e-05  +1.283261e-03  -5.557851e-05  -1.757575e-04  +7.779997e-04  -4.042536e-05  +5.639082e-04  -7.343262e-05  -4.831965e-06  -2.723156e-06  -5.248124e-02  -2.729567e-07  +6.600739e-06  +1.847297e-01  
-1.529989e-07  +1.938107e-06  -3.862210e-06  +1.600372e-06  -5.557851e-05  +1.185612e-05  +2.657665e-05  -5.622475e-05  +2.483777e-07  -2.814330e-05  -7.471075e-06  +2.784217e-07  +5.610037e-07  +4.573157e-03  +3.126029e-07  -3.689765e-07  -8.855263e-03  
+7.721924e-07  +5.775880e-06  +1.211724e-05  -3.281785e-04  -1.757575e-04  +2.657665e-05  +1.906008e-04  -3.579683e-04  -1.428019e-05  -5.851964e-05  -3.415791e-05  +1.321018e-06  +2.109084e-06  +1.132771e-02  +1.091615e-06  -9.609782e-07  -3.735646e-02  
+1.428083e-06  -1.046879e-05  +8.700257e-05  -2.193520e-04  +7.779997e-04  -5.622475e-05  -3.579683e-04  +2.435273e-03  -1.806921e-05  +4.713630e-04  +4.371937e-04  -4.759421e-06  -7.310389e-06  -9.138187e-04  -1.637987e-06  +2.006638e-06  +2.931044e-02  
+1.693680e-07  +3.193432e-07  -7.129784e-06  +7.254187e-05  -4.042536e-05  +2.483777e-07  -1.428019e-05  -1.806921e-05  +7.562732e-06  -4.371048e-05  -1.832301e-05  -8.189790e-08  -2.416441e-08  +1.895066e-03  +6.538343e-08  -3.849568e-07  -1.861948e-03  
+1.304793e-06  -8.505722e-06  +5.066665e-05  -2.175677e-04  +5.639082e-04  -2.814330e-05  -5.851964e-05  +4.713630e-04  -4.371048e-05  +4.465696e-04  +9.463846e-05  -2.035663e-07  -1.892811e-06  -2.738681e-02  -1.251417e-06  +3.960550e-06  +7.480859e-02  
+7.588488e-06  +5.512710e-06  +2.995002e-05  -6.480638e-04  -7.343262e-05  -7.471075e-06  -3.415791e-05  +4.371937e-04  -1.832301e-05  +9.463846e-05  +7.694881e-04  -2.444556e-06  -3.532692e-06  -3.135599e-03  -2.474634e-06  +2.359986e-06  -1.491146e-01  
-1.563172e-08  -6.196928e-08  -7.579755e-07  +1.241210e-06  -4.831965e-06  +2.784217e-07  +1.321018e-06  -4.759421e-06  -8.189790e-08  -2.035663e-07  -2.444556e-06  +6.115117e-07  +4.319068e-08  -7.180331e-05  +1.279063e-08  -3.110118e-09  +3.678018e-05  
-1.357078e-07  +8.063316e-08  -1.154771e-06  +1.697774e-06  -2.723156e-06  +5.610037e-07  +2.109084e-06  -7.310389e-06  -2.416441e-08  -1.892811e-06  -3.532692e-06  +4.319068e-08  +5.148466e-07  +1.481522e-04  +1.226496e-08  -4.468952e-08  +3.350811e-04  
-2.897923e-05  +1.052421e-03  +1.841474e-03  -6.167697e-03  -5.248124e-02  +4.573157e-03  +1.132771e-02  -9.138187e-04  +1.895066e-03  -2.738681e-02  -3.135599e-03  -7.180331e-05  +1.481522e-04  +6.535800e+00  +1.115023e-04  -5.258107e-04  -9.203920e+00  
+1.884703e-08  +8.486140e-09  -1.931696e-07  +4.178343e-09  -2.729567e-07  +3.126029e-07  +1.091615e-06  -1.637987e-06  +6.538343e-08  -1.251417e-06  -2.474634e-06  +1.279063e-08  +1.226496e-08  +1.115023e-04  +3.257533e-07  -4.479048e-09  +2.834431e-04  
+4.606005e-08  -2.480724e-07  +2.241714e-07  -1.658335e-06  +6.600739e-06  -3.689765e-07  -9.609782e-07  +2.006638e-06  -3.849568e-07  +3.960550e-06  +2.359986e-06  -3.110118e-09  -4.468952e-08  -5.258107e-04  -4.479048e-09  +4.132036e-07  +3.273414e-04  
-1.498840e-03  -3.375621e-03  -8.817987e-03  +2.566191e-01  +1.847297e-01  -8.855263e-03  -3.735646e-02  +2.931044e-02  -1.861948e-03  +7.480859e-02  -1.491146e-01  +3.678018e-05  +3.350811e-04  -9.203920e+00  +2.834431e-04  +3.273414e-04  +8.039087e+01  
