mean:
+3.916201e+00  +3.903447e+00  +6.342723e-01  -1.184412e+00  +1.695353e+00  +5.991006e-01  +8.957419e-01  +2.069283e+00  +1.492089e-01  +1.925943e+00  +4.810368e+00  +1.906116e+00  +3.007519e+00  +8.021653e+02  +4.960213e+00  +4.480268e+00  +2.018038e+03  
covariance:
+1.254975e-05  -3.038208e-06  +2.788791e-06  -6.297695e-06  -1.016548e-05  +1.302731e-07  +6.269593e-07  -3.844981e-06  -5.821517e-07  +3.723058e-06  +1.874500e-05  +1.001259e-07  -1.682777e-07  -6.358864e-04  +1.552322e-07  +2.153121e-07  -1.150055e-03  
-3.038208e-06  +2.566466e-06  -4.687289e-06  +1.883643e-05  +2.379702e-05  -1.769467e-06  -3.186234e-06  +2.344704e-06  +2.686141e-06  -1.267142e-05  -7.734136e-05  -3.989080e-08  +2.198533e-07  -9.529067e-04  -4.404948e-08  -1.011541e-07  +4.000231e-03  
+2.788791e-06  -4.687289e-06  +3.987067e-05  -1.200331e-04  -1.442628e-04  +9.193268e-06  +1.214193e-05  -3.765801e-05  -1.737901e-05  +8.657876e-05  +4.202699e-04  +2.163885e-07  -4.815157e-07  +4.993983e-03  +1.558430e-07  +8.574406e-07  -1.898281e-02  
-6.297695e-06  +1.883643e-05  -1.200331e-04  +5.468460e-04  +5.900893e-04  -4.531845e-05  -6.838141e-05  +1.049839e-04  +7.542397e-05  -3.493616e-04  -1.860952e-03  -1.192263e-07  +7.423780e-07  -2.725374e-02  -2.324341e-07  -1.974771e-06  +8.702882e-02  
-1.016548e-05  +2.379702e-05  -1.442628e-04  +5.900893e-04  +1.026692e-03  -4.588922e-05  -1.116273e-04  +9.352743e-05  +9.444233e-05  -4.064763e-04  -2.509047e-03  +8.538674e-08  +2.883587e-06  -5.162966e-02  -4.284536e-07  +1.053235e-06  +1.683227e-01  
+1.302731e-07  -1.769467e-06  +9.193268e-06  -4.531845e-05  -4.588922e-05  +6.763848e-06  +8.476965e-06  +1.525404e-07  -5.611896e-06  +2.088942e-05  +1.606624e-04  +1.522988e-07  -2.676495e-07  +3.742648e-03  -1.370713e-07  +2.488576e-07  -7.927241e-03  
+6.269593e-07  -3.186234e-06  +1.214193e-05  -6.838141e-05  -1.116273e-04  +8.476965e-06  +2.532048e-05  +1.240110e-05  -1.162008e-05  +3.886503e-05  +3.215910e-04  +4.677493e-07  -3.812325e-07  +7.039321e-03  -5.402431e-08  -3.611487e-07  -2.304948e-02  
-3.844981e-06  +2.344704e-06  -3.765801e-05  +1.049839e-04  +9.352743e-05  +1.525404e-07  +1.240110e-05  +1.109257e-04  +1.418032e-05  -9.429666e-05  -2.566464e-04  +7.281597e-07  -8.011447e-07  +1.185041e-03  -4.053794e-07  -1.146085e-06  +3.295789e-03  
-5.821517e-07  +2.686141e-06  -1.737901e-05  +7.542397e-05  +9.444233e-05  -5.611896e-06  -1.162008e-05  +1.418032e-05  +1.381840e-05  -6.615070e-05  -3.054445e-04  +6.392073e-08  +3.287941e-07  -2.851711e-03  -1.101888e-07  -1.095011e-07  +1.380366e-02  
+3.723058e-06  -1.267142e-05  +8.657876e-05  -3.493616e-04  -4.064763e-04  +2.088942e-05  +3.886503e-05  -9.429666e-05  -6.615070e-05  +3.464941e-04  +1.376580e-03  -6.866112e-07  -1.500991e-06  +5.627914e-03  +8.019699e-07  +1.055547e-06  -4.987646e-02  
+1.874500e-05  -7.734136e-05  +4.202699e-04  -1.860952e-03  -2.509047e-03  +1.606624e-04  +3.215910e-04  -2.566464e-04  -3.054445e-04  +1.376580e-03  +7.712454e-03  -1.079658e-06  -9.382717e-06  +1.178394e-01  +1.612257e-06  +2.091067e-06  -4.188342e-01  
+1.001259e-07  -3.989080e-08  +2.163885e-07  -1.192263e-07  +8.538674e-08  +1.522988e-07  +4.677493e-07  +7.281597e-07  +6.392073e-08  -6.866112e-07  -1.079658e-06  +1.736265e-07  -4.694453e-08  +1.027942e-05  +5.727492e-09  +3.075261e-08  -8.277502e-06  
-1.682777e-07  +2.198533e-07  -4.815157e-07  +7.423780e-07  +2.883587e-06  -2.676495e-07  -3.812325e-07  -8.011447e-07  +3.287941e-07  -1.500991e-06  -9.382717e-06  -4.694453e-08  +2.935777e-07  -2.004136e-04  +5.910736e-09  -3.918563e-08  +4.059724e-04  
-6.358864e-04  -9.529067e-04  +4.993983e-03  -2.725374e-02  -5.162966e-02  +3.742648e-03  +7.039321e-03  +1.185041e-03  -2.851711e-03  +5.627914e-03  +1.178394e-01  +1.027942e-05  -2.004136e-04  +5.956718e+00  -1.467685e-04  -1.834959e-04  -1.049621e+01  
+1.552322e-07  -4.404948e-08  +1.558430e-07  -2.324341e-07  -4.284536e-07  -1.370713e-07  -5.402431e-08  -4.053794e-07  -1.101888e-07  +8.019699e-07  +1.612257e-06  +5.727492e-09  +5.910736e-09  -1.467685e-04  +1.062504e-07  +2.528220e-08  +1.747798e-05  
+2.153121e-07  -1.011541e-07  +8.574406e-07  -1.974771e-06  +1.053235e-06  +2.488576e-07  -3.611487e-07  -1.146085e-06  -1.095011e-07  +1.055547e-06  +2.091067e-06  +3.075261e-08  -3.918563e-08  -1.834959e-04  +2.528220e-08  +2.176084e-07  +5.348774e-04  
-1.150055e-03  +4.000231e-03  -1.898281e-02  +8.702882e-02  +1.683227e-01  -7.927241e-03  -2.304948e-02  +3.295789e-03  +1.380366e-02  -4.987646e-02  -4.188342e-01  -8.277502e-06  +4.059724e-04  -1.049621e+01  +1.747798e-05  +5.348774e-04  +3.547598e+01  
