mean:
+3.988395e+00  +3.956646e+00  +5.863479e-01  +2.014912e+00  +1.228464e+00  +3.996549e-01  +8.201141e-01  +2.230936e+00  +3.888842e-02  +3.877241e+00  +5.904242e+00  +4.478206e+00  +3.301376e+00  +3.240024e+02  +2.492575e+00  +3.691483e+00  +4.555344e+02  +4.640132e+00  +4.960022e+00  +8.050216e+02  +3.992199e+00  +5.122295e+00  +4.315880e+02  
covariance:
+7.151231e-06  -9.503312e-07  +7.548765e-07  +6.317592e-06  +1.465663e-05  -2.070924e-07  +2.372606e-06  -4.173721e-06  -4.719665e-08  +4.366098e-06  -1.635108e-05  -3.116039e-07  -8.551508e-09  -3.699026e-04  -1.600325e-07  +2.203282e-07  +1.330515e-03  -1.834850e-07  -2.318815e-08  +1.325005e-03  +7.383041e-07  -2.507545e-07  +5.603372e-04  
-9.503312e-07  +2.474708e-06  -8.928815e-07  -5.789698e-06  -3.899464e-06  -2.437441e-08  -1.392607e-07  +1.903427e-06  +4.329195e-08  +3.851255e-07  +6.634374e-06  +2.612863e-07  -6.066155e-08  +3.526517e-04  -1.164119e-08  +1.717086e-08  -2.540701e-04  +1.220666e-07  +8.242541e-08  -6.799084e-04  -3.707572e-07  -6.564979e-08  -8.059252e-05  
+7.548765e-07  -8.928815e-07  +5.643724e-06  -5.830225e-06  +1.007568e-05  +9.534684e-07  +2.281002e-06  +2.404495e-06  -2.677095e-07  +1.366133e-05  -2.102140e-05  -6.373704e-08  -1.085678e-06  -4.196949e-04  +1.911811e-07  +5.688369e-07  +2.855627e-03  -1.186633e-07  -9.250823e-08  +1.603452e-03  -1.268592e-06  +3.838878e-07  +1.858308e-04  
+6.317592e-06  -5.789698e-06  -5.830225e-06  +3.386626e-04  +1.354361e-04  -1.215777e-05  -4.273798e-07  -2.287493e-05  +1.318955e-06  -4.356876e-05  -2.125273e-04  -6.658061e-06  +6.425499e-06  -1.135575e-02  +4.601727e-07  +4.815060e-07  +4.999442e-03  -1.764587e-07  -2.159106e-07  +2.248745e-02  +2.497194e-06  +2.993969e-06  -3.398822e-04  
+1.465663e-05  -3.899464e-06  +1.007568e-05  +1.354361e-04  +3.809907e-04  -4.179018e-06  +8.282756e-05  -4.304569e-05  -4.615234e-06  +2.370269e-04  -5.584555e-04  -6.322978e-06  -6.949450e-06  -1.399053e-02  -1.789764e-06  +9.360015e-06  +5.594278e-02  +2.620123e-07  +1.109828e-06  +4.460939e-02  -2.249568e-05  +8.201254e-06  +1.181129e-02  
-2.070924e-07  -2.437441e-08  +9.534684e-07  -1.215777e-05  -4.179018e-06  +1.377657e-06  +2.036344e-06  +2.590299e-06  -1.826903e-07  +6.749083e-06  -2.837310e-06  -8.658240e-10  -3.886124e-07  +1.063099e-05  +1.040622e-07  +6.626045e-08  +5.290690e-04  -6.860309e-08  -7.336655e-08  -1.072625e-03  -1.625063e-07  -1.923497e-07  +4.201006e-04  
+2.372606e-06  -1.392607e-07  +2.281002e-06  -4.273798e-07  +8.282756e-05  +2.036344e-06  +3.143984e-05  -8.352632e-07  -1.872556e-06  +8.353742e-05  -1.564737e-04  -1.741690e-06  -2.847547e-06  -3.452643e-03  -2.456168e-07  +2.984096e-06  +1.607413e-02  +4.391762e-07  +2.724956e-07  +8.017770e-03  -7.801553e-06  +1.846707e-06  +4.606204e-03  
-4.173721e-06  +1.903427e-06  +2.404495e-06  -2.287493e-05  -4.304569e-05  +2.590299e-06  -8.352632e-07  +6.194392e-05  -3.419913e-07  +1.000644e-05  +4.027706e-05  +4.231897e-08  -2.815565e-06  +1.755486e-03  +4.235116e-07  +5.809632e-07  -3.151496e-04  +1.296196e-06  +5.469475e-07  -7.554547e-03  -4.726942e-06  -6.247165e-07  -2.524974e-03  
-4.719665e-08  +4.329195e-08  -2.677095e-07  +1.318955e-06  -4.615234e-06  -1.826903e-07  -1.872556e-06  -3.419913e-07  +1.524253e-07  -5.680282e-06  +8.638199e-06  +8.887405e-08  +2.200160e-07  +1.576179e-04  +1.844624e-08  -2.002285e-07  -1.016276e-03  -3.862358e-08  -2.106875e-08  -3.957843e-04  +5.583064e-07  -1.088638e-07  -2.357715e-04  
+4.366098e-06  +3.851255e-07  +1.366133e-05  -4.356876e-05  +2.370269e-04  +6.749083e-06  +8.353742e-05  +1.000644e-05  -5.680282e-06  +2.716110e-04  -4.315578e-04  -4.520566e-06  -1.081997e-05  -7.670395e-03  -1.329508e-06  +9.861678e-06  +5.001617e-02  +1.970744e-06  +1.254558e-06  +2.215016e-02  -2.675924e-05  +5.743289e-06  +9.589778e-03  
-1.635108e-05  +6.634374e-06  -2.102140e-05  -2.125273e-04  -5.584555e-04  -2.837310e-06  -1.564737e-04  +4.027706e-05  +8.638199e-06  -4.315578e-04  +1.086704e-03  +1.380389e-05  +1.365101e-05  +2.870249e-02  -6.310738e-08  -1.650455e-05  -9.506170e-02  -1.511306e-07  -4.498036e-07  -6.650109e-02  +4.228722e-05  -1.340845e-05  -2.433668e-02  
-3.116039e-07  +2.612863e-07  -6.373704e-08  -6.658061e-06  -6.322978e-06  -8.658240e-10  -1.741690e-06  +4.231897e-08  +8.887405e-08  -4.520566e-06  +1.380389e-05  +6.287513e-07  +7.721574e-08  +5.242919e-04  +4.690448e-08  -1.969207e-07  -9.789140e-04  -3.402531e-08  +4.880853e-08  -5.634356e-04  +4.646836e-07  -1.350916e-07  +3.095631e-05  
-8.551508e-09  -6.066155e-08  -1.085678e-06  +6.425499e-06  -6.949450e-06  -3.886124e-07  -2.847547e-06  -2.815565e-06  +2.200160e-07  -1.081997e-05  +1.365101e-05  +7.721574e-08  +1.021462e-06  +6.420725e-05  +6.720269e-08  -3.491184e-07  -2.088200e-03  -1.502235e-07  -8.567565e-08  -6.256881e-04  +1.352587e-06  -2.481451e-07  -1.439956e-04  
-3.699026e-04  +3.526517e-04  -4.196949e-04  -1.135575e-02  -1.399053e-02  +1.063099e-05  -3.452643e-03  +1.755486e-03  +1.576179e-04  -7.670395e-03  +2.870249e-02  +5.242919e-04  +6.420725e-05  +1.251041e+00  -1.010566e-04  -2.854194e-04  -1.948857e+00  +1.411832e-04  +9.073046e-05  -1.819315e+00  +6.570026e-04  -3.616249e-04  -5.962099e-01  
-1.600325e-07  -1.164119e-08  +1.911811e-07  +4.601727e-07  -1.789764e-06  +1.040622e-07  -2.456168e-07  +4.235116e-07  +1.844624e-08  -1.329508e-06  -6.310738e-08  +4.690448e-08  +6.720269e-08  -1.010566e-04  +2.862429e-07  -5.946247e-08  -3.380234e-04  -4.488094e-08  -7.820550e-08  -8.173417e-05  +2.728716e-07  -7.859074e-08  +6.485565e-05  
+2.203282e-07  +1.717086e-08  +5.688369e-07  +4.815060e-07  +9.360015e-06  +6.626045e-08  +2.984096e-06  +5.809632e-07  -2.002285e-07  +9.861678e-06  -1.650455e-05  -1.969207e-07  -3.491184e-07  -2.854194e-04  -5.946247e-08  +5.798114e-07  +1.812307e-03  +1.499058e-07  +7.581103e-08  +9.906234e-04  -1.221380e-06  +2.890364e-07  +2.503596e-04  
+1.330515e-03  -2.540701e-04  +2.855627e-03  +4.999442e-03  +5.594278e-02  +5.290690e-04  +1.607413e-02  -3.151496e-04  -1.016276e-03  +5.001617e-02  -9.506170e-02  -9.789140e-04  -2.088200e-03  -1.948857e+00  -3.380234e-04  +1.812307e-03  +1.078581e+01  +3.521885e-04  +2.332316e-04  +6.020411e+00  -5.330626e-03  +1.427567e-03  +2.124897e+00  
-1.834850e-07  +1.220666e-07  -1.186633e-07  -1.764587e-07  +2.620123e-07  -6.860309e-08  +4.391762e-07  +1.296196e-06  -3.862358e-08  +1.970744e-06  -1.511306e-07  -3.402531e-08  -1.502235e-07  +1.411832e-04  -4.488094e-08  +1.499058e-07  +3.521885e-04  +3.491177e-07  +6.316684e-08  -1.069635e-04  -5.276052e-07  +5.331594e-08  -1.048106e-04  
-2.318815e-08  +8.242541e-08  -9.250823e-08  -2.159106e-07  +1.109828e-06  -7.336655e-08  +2.724956e-07  +5.469475e-07  -2.106875e-08  +1.254558e-06  -4.498036e-07  +4.880853e-08  -8.567565e-08  +9.073046e-05  -7.820550e-08  +7.581103e-08  +2.332316e-04  +6.316684e-08  +1.249085e-07  +8.643472e-05  -2.538795e-07  +4.507281e-08  +1.047999e-06  
+1.325005e-03  -6.799084e-04  +1.603452e-03  +2.248745e-02  +4.460939e-02  -1.072625e-03  +8.017770e-03  -7.554547e-03  -3.957843e-04  +2.215016e-02  -6.650109e-02  -5.634356e-04  -6.256881e-04  -1.819315e+00  -8.173417e-05  +9.906234e-04  +6.020411e+00  -1.069635e-04  +8.643472e-05  +6.472693e+00  -2.412644e-03  +1.267711e-03  +1.306460e+00  
+7.383041e-07  -3.707572e-07  -1.268592e-06  +2.497194e-06  -2.249568e-05  -1.625063e-07  -7.801553e-06  -4.726942e-06  +5.583064e-07  -2.675924e-05  +4.228722e-05  +4.646836e-07  +1.352587e-06  +6.570026e-04  +2.728716e-07  -1.221380e-06  -5.330626e-03  -5.276052e-07  -2.538795e-07  -2.412644e-03  +4.705637e-06  -9.893477e-07  -6.665269e-04  
-2.507545e-07  -6.564979e-08  +3.838878e-07  +2.993969e-06  +8.201254e-06  -1.923497e-07  +1.846707e-06  -6.247165e-07  -1.088638e-07  +5.743289e-06  -1.340845e-05  -1.350916e-07  -2.481451e-07  -3.616249e-04  -7.859074e-08  +2.890364e-07  +1.427567e-03  +5.331594e-08  +4.507281e-08  +1.267711e-03  -9.893477e-07  +5.575948e-07  +9.311555e-05  
+5.603372e-04  -8.059252e-05  +1.858308e-04  -3.398822e-04  +1.181129e-02  +4.201006e-04  +4.606204e-03  -2.524974e-03  -2.357715e-04  +9.589778e-03  -2.433668e-02  +3.095631e-05  -1.439956e-04  -5.962099e-01  +6.485565e-05  +2.503596e-04  +2.124897e+00  -1.048106e-04  +1.047999e-06  +1.306460e+00  -6.665269e-04  +9.311555e-05  +1.703310e+00  
