mean:
+3.955649e+00  +3.923477e+00  +6.499476e-01  -1.178598e+00  +1.610520e+00  +3.988845e-01  +9.087467e-01  +2.101652e+00  +1.552034e-01  +1.895258e+00  +4.920495e+00  +1.635305e+00  +2.883060e+00  +8.022937e+02  +4.799875e+00  +4.399866e+00  +2.010620e+03  
covariance:
+2.104844e-06  -6.981188e-08  -1.016845e-06  +1.407639e-06  +5.205775e-07  +6.170735e-07  +3.655825e-07  +2.163218e-06  -7.813294e-07  +5.800440e-06  +1.272175e-05  -9.142481e-08  -3.974018e-08  -2.772980e-04  -1.797814e-08  -2.850936e-08  -1.026036e-03  
-6.981188e-08  +3.160862e-06  -1.913042e-08  +1.357701e-06  +2.759633e-06  +6.578272e-07  +7.137119e-07  -2.826154e-08  -6.560637e-07  +4.159160e-06  +8.971813e-06  +2.709990e-09  -4.216695e-08  -2.836232e-04  -7.755455e-08  +3.907483e-09  -5.511297e-04  
-1.016845e-06  -1.913042e-08  +3.675429e-05  +4.344644e-05  +1.303493e-05  +8.897715e-06  -4.314447e-06  +5.136738e-05  -2.298415e-06  +1.753982e-05  +2.682471e-05  +3.898155e-07  -6.653602e-07  -4.692244e-03  +3.341592e-08  +1.489029e-07  +2.876498e-03  
+1.407639e-06  +1.357701e-06  +4.344644e-05  +2.553562e-04  +1.149593e-04  +2.596726e-05  +1.233995e-06  +1.376561e-04  -2.115302e-05  +1.292924e-04  +3.117094e-04  +4.777504e-08  -1.388355e-06  -2.158179e-02  -4.825500e-07  +5.193800e-07  +1.441228e-03  
+5.205775e-07  +2.759633e-06  +1.303493e-05  +1.149593e-04  +1.742290e-04  +2.029217e-05  +4.739735e-06  +1.060137e-04  -1.056909e-05  +5.439285e-05  +2.384205e-04  +4.192797e-07  -4.256506e-07  -1.614268e-02  -4.454302e-07  +5.944368e-07  -4.783777e-03  
+6.170735e-07  +6.578272e-07  +8.897715e-06  +2.596726e-05  +2.029217e-05  +1.276656e-05  +5.242575e-06  +5.510823e-05  -1.195704e-05  +7.227912e-05  +1.322940e-04  -2.486184e-07  -4.462028e-07  -4.088634e-03  -4.240835e-08  +5.637633e-08  -6.940032e-03  
+3.655825e-07  +7.137119e-07  -4.314447e-06  +1.233995e-06  +4.739735e-06  +5.242575e-06  +1.157829e-05  +9.812268e-06  -7.920562e-06  +4.194264e-05  +6.626048e-05  -2.235224e-07  -3.444864e-07  -1.058184e-03  -3.910590e-08  +1.248201e-07  -4.581215e-03  
+2.163218e-06  -2.826154e-08  +5.136738e-05  +1.376561e-04  +1.060137e-04  +5.510823e-05  +9.812268e-06  +3.968893e-04  -4.685348e-05  +2.894782e-04  +5.926810e-04  -9.650623e-07  -5.729052e-07  -2.190642e-02  +4.679991e-07  +7.910537e-08  -3.898112e-02  
-7.813294e-07  -6.560637e-07  -2.298415e-06  -2.115302e-05  -1.056909e-05  -1.195704e-05  -7.920562e-06  -4.685348e-05  +1.529926e-05  -9.164067e-05  -1.480056e-04  +4.652477e-07  +3.014979e-07  +3.681562e-03  +1.026192e-07  +2.152527e-08  +8.873846e-03  
+5.800440e-06  +4.159160e-06  +1.753982e-05  +1.292924e-04  +5.439285e-05  +7.227912e-05  +4.194264e-05  +2.894782e-04  -9.164067e-05  +5.657008e-04  +8.979031e-04  -2.869941e-06  -1.594009e-06  -2.240579e-02  -6.077146e-07  -3.494639e-07  -5.421631e-02  
+1.272175e-05  +8.971813e-06  +2.682471e-05  +3.117094e-04  +2.384205e-04  +1.322940e-04  +6.626048e-05  +5.926810e-04  -1.480056e-04  +8.979031e-04  +1.697734e-03  -5.165589e-06  -2.703230e-06  -4.794215e-02  -1.217728e-06  -8.544803e-07  -1.002484e-01  
-9.142481e-08  +2.709990e-09  +3.898155e-07  +4.777504e-08  +4.192797e-07  -2.486184e-07  -2.235224e-07  -9.650623e-07  +4.652477e-07  -2.869941e-06  -5.165589e-06  +1.839681e-07  -1.968406e-08  +5.160287e-05  +5.694125e-09  +4.432253e-08  +5.286975e-04  
-3.974018e-08  -4.216695e-08  -6.653602e-07  -1.388355e-06  -4.256506e-07  -4.462028e-07  -3.444864e-07  -5.729052e-07  +3.014979e-07  -1.594009e-06  -2.703230e-06  -1.968406e-08  +2.547833e-07  +3.913797e-05  +1.543466e-08  -1.548143e-08  +1.119964e-04  
-2.772980e-04  -2.836232e-04  -4.692244e-03  -2.158179e-02  -1.614268e-02  -4.088634e-03  -1.058184e-03  -2.190642e-02  +3.681562e-03  -2.240579e-02  -4.794215e-02  +5.160287e-05  +3.913797e-05  +3.745087e+00  +6.894692e-05  -6.187668e-05  +1.171810e+00  
-1.797814e-08  -7.755455e-08  +3.341592e-08  -4.825500e-07  -4.454302e-07  -4.240835e-08  -3.910590e-08  +4.679991e-07  +1.026192e-07  -6.077146e-07  -1.217728e-06  +5.694125e-09  +1.543466e-08  +6.894692e-05  +1.565442e-07  +1.888786e-08  -1.293955e-05  
-2.850936e-08  +3.907483e-09  +1.489029e-07  +5.193800e-07  +5.944368e-07  +5.637633e-08  +1.248201e-07  +7.910537e-08  +2.152527e-08  -3.494639e-07  -8.544803e-07  +4.432253e-08  -1.548143e-08  -6.187668e-05  +1.888786e-08  +2.317605e-07  +3.906307e-04  
-1.026036e-03  -5.511297e-04  +2.876498e-03  +1.441228e-03  -4.783777e-03  -6.940032e-03  -4.581215e-03  -3.898112e-02  +8.873846e-03  -5.421631e-02  -1.002484e-01  +5.286975e-04  +1.119964e-04  +1.171810e+00  -1.293955e-05  +3.906307e-04  +1.363574e+01  
