mean:
+3.925404e+00  +3.902691e+00  +6.459421e-01  -1.209314e+00  +1.617839e+00  +5.967058e-01  +9.173630e-01  +2.024709e+00  +1.415216e-01  +1.970693e+00  +4.842417e+00  +1.905394e+00  +3.007099e+00  +7.839889e+02  +4.959898e+00  +4.480023e+00  +1.998579e+03  
covariance:
+1.841514e-05  +1.656412e-06  -6.380154e-06  +3.755692e-05  -3.314674e-05  +4.228740e-06  +4.065785e-06  -2.204225e-05  -1.648750e-06  -5.403624e-06  +1.050599e-04  -1.283691e-07  -2.926849e-07  +1.875682e-03  -4.372515e-08  +1.241607e-07  +4.538738e-03  
+1.656412e-06  +3.780603e-06  +3.658663e-06  -1.981086e-05  +2.384978e-05  -3.111188e-06  -1.007826e-06  -3.554932e-06  +1.537730e-06  +1.020536e-05  -1.207015e-04  +8.509755e-09  -2.157035e-08  -4.710034e-03  +1.373763e-07  +1.412154e-07  -8.178547e-04  
-6.380154e-06  +3.658663e-06  +4.236281e-05  -1.002355e-04  +6.666486e-05  -1.116475e-05  -7.324650e-06  -1.817716e-05  +5.636492e-06  +4.459527e-05  -4.235992e-04  -5.901837e-07  -1.312434e-07  -2.575151e-02  +5.450817e-07  +2.862777e-07  -1.307835e-03  
+3.755692e-05  -1.981086e-05  -1.002355e-04  +6.493812e-04  -3.696754e-04  +7.265020e-05  +5.352094e-05  -7.634403e-05  -3.705496e-05  -1.527240e-04  +2.240059e-03  +2.542973e-06  +1.308131e-08  +8.972062e-02  -2.099738e-06  -7.573200e-07  +3.735829e-02  
-3.314674e-05  +2.384978e-05  +6.666486e-05  -3.696754e-04  +9.628742e-04  -7.084424e-05  -2.057045e-05  +1.385434e-04  +4.401932e-05  +9.239825e-05  -2.357938e-03  -4.102606e-06  -2.197257e-06  -5.504776e-02  -3.021526e-07  -6.130946e-07  -3.996819e-02  
+4.228740e-06  -3.111188e-06  -1.116475e-05  +7.265020e-05  -7.084424e-05  +1.170815e-05  +5.702180e-06  -7.989678e-06  -5.593619e-06  -2.029696e-05  +3.253425e-04  +3.511012e-07  +4.645702e-08  +1.058953e-02  -2.726700e-07  -5.157418e-08  +5.245969e-03  
+4.065785e-06  -1.007826e-06  -7.324650e-06  +5.352094e-05  -2.057045e-05  +5.702180e-06  +1.640669e-05  -3.670887e-05  -3.246650e-06  -2.962052e-06  +1.132807e-04  +1.419022e-07  -6.529859e-07  +2.982719e-03  +2.612363e-08  -2.842283e-07  +7.229520e-04  
-2.204225e-05  -3.554932e-06  -1.817716e-05  -7.634403e-05  +1.385434e-04  -7.989678e-06  -3.670887e-05  +3.337279e-04  +9.120751e-06  -9.404338e-05  +6.424671e-05  -2.580674e-06  +1.612667e-06  +3.314415e-02  -2.344466e-06  +5.644360e-07  -9.281016e-03  
-1.648750e-06  +1.537730e-06  +5.636492e-06  -3.705496e-05  +4.401932e-05  -5.593619e-06  -3.246650e-06  +9.120751e-06  +4.429273e-06  +6.219040e-06  -1.897655e-04  -2.979724e-07  -3.806263e-08  -6.627552e-03  +2.303057e-08  +7.820907e-08  -2.082995e-03  
-5.403624e-06  +1.020536e-05  +4.459527e-05  -1.527240e-04  +9.239825e-05  -2.029696e-05  -2.962052e-06  -9.404338e-05  +6.219040e-06  +1.153571e-04  -7.943908e-04  +3.365444e-07  -2.018763e-07  -4.445279e-02  +1.463988e-06  -3.591737e-08  -5.905590e-03  
+1.050599e-04  -1.207015e-04  -4.235992e-04  +2.240059e-03  -2.357938e-03  +3.253425e-04  +1.132807e-04  +6.424671e-05  -1.897655e-04  -7.943908e-04  +1.167759e-02  +1.088490e-05  +3.267085e-06  +4.742171e-01  -8.478908e-06  -1.878788e-06  +1.284337e-01  
-1.283691e-07  +8.509755e-09  -5.901837e-07  +2.542973e-06  -4.102606e-06  +3.511012e-07  +1.419022e-07  -2.580674e-06  -2.979724e-07  +3.365444e-07  +1.088490e-05  +2.450971e-07  +2.042643e-09  +4.610981e-04  +1.440176e-08  -1.546386e-09  -3.886150e-05  
-2.926849e-07  -2.157035e-08  -1.312434e-07  +1.308131e-08  -2.197257e-06  +4.645702e-08  -6.529859e-07  +1.612667e-06  -3.806263e-08  -2.018763e-07  +3.267085e-06  +2.042643e-09  +2.271591e-07  +1.584440e-04  -5.447564e-09  +2.088203e-08  +2.172094e-04  
+1.875682e-03  -4.710034e-03  -2.575151e-02  +8.972062e-02  -5.504776e-02  +1.058953e-02  +2.982719e-03  +3.314415e-02  -6.627552e-03  -4.445279e-02  +4.742171e-01  +4.610981e-04  +1.584440e-04  +3.038039e+01  -6.581823e-04  -2.080463e-04  +1.396389e+00  
-4.372515e-08  +1.373763e-07  +5.450817e-07  -2.099738e-06  -3.021526e-07  -2.726700e-07  +2.612363e-08  -2.344466e-06  +2.303057e-08  +1.463988e-06  -8.478908e-06  +1.440176e-08  -5.447564e-09  -6.581823e-04  +1.133170e-07  +6.828525e-09  -6.280303e-05  
+1.241607e-07  +1.412154e-07  +2.862777e-07  -7.573200e-07  -6.130946e-07  -5.157418e-08  -2.842283e-07  +5.644360e-07  +7.820907e-08  -3.591737e-08  -1.878788e-06  -1.546386e-09  +2.088203e-08  -2.080463e-04  +6.828525e-09  +1.121253e-07  +1.495767e-04  
+4.538738e-03  -8.178547e-04  -1.307835e-03  +3.735829e-02  -3.996819e-02  +5.245969e-03  +7.229520e-04  -9.281016e-03  -2.082995e-03  -5.905590e-03  +1.284337e-01  -3.886150e-05  +2.172094e-04  +1.396389e+00  -6.280303e-05  +1.495767e-04  +7.971611e+00  
