mean:
+3.961272e+00  +3.926105e+00  +6.479069e-01  -1.154024e+00  +1.691797e+00  +4.925171e-01  +9.270575e-01  +2.017139e+00  +1.504327e-01  +2.019646e+00  +4.752256e+00  +1.635433e+00  +2.883105e+00  +8.061586e+02  +4.799829e+00  +4.400083e+00  +2.015113e+03  
covariance:
+6.093694e-06  +1.768505e-07  -3.862079e-07  +2.843678e-06  +4.694091e-06  +4.265705e-07  +1.563108e-06  -4.261298e-06  +7.231422e-07  -2.862919e-06  +1.418767e-06  -8.974191e-08  -1.403720e-08  +3.491116e-04  +5.062221e-10  +1.722728e-07  -2.026397e-03  
+1.768505e-07  +7.388509e-06  -1.648560e-06  -1.173516e-05  -1.144220e-06  +2.664942e-06  -2.041157e-06  +8.582880e-06  +2.165135e-06  -2.073000e-05  +4.609953e-05  +1.712115e-07  -1.714209e-08  -9.548906e-06  -1.729282e-07  +1.741250e-07  -2.985326e-03  
-3.862079e-07  -1.648560e-06  +6.638530e-05  -1.563846e-05  +2.120817e-05  -2.886736e-05  +3.932810e-05  -1.046401e-04  -1.895758e-05  +2.166581e-04  -5.116310e-04  +5.221003e-07  +7.589670e-07  +7.923075e-03  +3.606319e-07  -1.429473e-06  +5.250619e-02  
+2.843678e-06  -1.173516e-05  -1.563846e-05  +1.094953e-03  -6.544094e-06  -1.298310e-04  +5.162099e-05  -2.595672e-04  -8.868389e-05  +1.083616e-03  -1.917131e-03  -8.782321e-06  +1.962567e-07  -4.300542e-03  +9.219863e-07  +1.990676e-06  +1.357636e-01  
+4.694091e-06  -1.144220e-06  +2.120817e-05  -6.544094e-06  +1.520010e-04  -7.725169e-06  +7.516201e-05  -6.719546e-05  -6.749119e-06  +4.868587e-05  -3.077835e-04  -1.714193e-06  +2.982390e-06  +1.221668e-02  +7.367789e-08  -2.776763e-06  +2.576505e-02  
+4.265705e-07  +2.664942e-06  -2.886736e-05  -1.298310e-04  -7.725169e-06  +6.591550e-05  -8.488907e-06  +1.250391e-04  +3.239874e-05  -4.194772e-04  +7.175946e-04  +1.473335e-06  -2.231019e-06  +3.892983e-03  -6.060976e-07  +5.501147e-07  -5.854721e-02  
+1.563108e-06  -2.041157e-06  +3.932810e-05  +5.162099e-05  +7.516201e-05  -8.488907e-06  +1.306760e-04  -1.667360e-04  -1.793072e-05  +1.127108e-04  -5.649688e-04  +4.262132e-07  +1.790661e-06  +1.521506e-02  +3.074075e-07  -2.260835e-06  +4.868859e-02  
-4.261298e-06  +8.582880e-06  -1.046401e-04  -2.595672e-04  -6.719546e-05  +1.250391e-04  -1.667360e-04  +1.007124e-03  +6.845733e-05  -8.614789e-04  +2.439386e-03  +1.376647e-06  -1.786225e-06  -7.424486e-03  -1.939611e-06  +3.105691e-06  -1.136084e-01  
+7.231422e-07  +2.165135e-06  -1.895758e-05  -8.868389e-05  -6.749119e-06  +3.239874e-05  -1.793072e-05  +6.845733e-05  +2.035188e-05  -2.324709e-04  +4.160494e-04  +8.401094e-07  -9.489013e-07  -2.561503e-04  -2.728100e-07  +5.451852e-07  -3.622844e-02  
-2.862919e-06  -2.073000e-05  +2.166581e-04  +1.083616e-03  +4.868587e-05  -4.194772e-04  +1.127108e-04  -8.614789e-04  -2.324709e-04  +2.939650e-03  -5.181763e-03  -1.134689e-05  +1.112869e-05  -9.207220e-03  +2.872086e-06  -4.322081e-06  +4.319241e-01  
+1.418767e-06  +4.609953e-05  -5.116310e-04  -1.917131e-03  -3.077835e-04  +7.175946e-04  -5.649688e-04  +2.439386e-03  +4.160494e-04  -5.181763e-03  +1.132100e-02  +1.647037e-05  -2.340407e-05  -4.113973e-02  -5.845221e-06  +1.409781e-05  -8.775252e-01  
-8.974191e-08  +1.712115e-07  +5.221003e-07  -8.782321e-06  -1.714193e-06  +1.473335e-06  +4.262132e-07  +1.376647e-06  +8.401094e-07  -1.134689e-05  +1.647037e-05  +6.010453e-07  -6.135497e-08  -3.000358e-05  +2.137283e-10  +5.746108e-08  -1.028012e-03  
-1.403720e-08  -1.714209e-08  +7.589670e-07  +1.962567e-07  +2.982390e-06  -2.231019e-06  +1.790661e-06  -1.786225e-06  -9.489013e-07  +1.112869e-05  -2.340407e-05  -6.135497e-08  +1.058213e-06  +7.776934e-06  +2.184787e-08  -1.225998e-07  +2.984844e-03  
+3.491116e-04  -9.548906e-06  +7.923075e-03  -4.300542e-03  +1.221668e-02  +3.892983e-03  +1.521506e-02  -7.424486e-03  -2.561503e-04  -9.207220e-03  -4.113973e-02  -3.000358e-05  +7.776934e-06  +6.514385e+00  -3.266105e-05  -6.101588e-04  +7.209058e+00  
+5.062221e-10  -1.729282e-07  +3.606319e-07  +9.219863e-07  +7.367789e-08  -6.060976e-07  +3.074075e-07  -1.939611e-06  -2.728100e-07  +2.872086e-06  -5.845221e-06  +2.137283e-10  +2.184787e-08  -3.266105e-05  +3.034301e-07  +5.819099e-09  +4.620025e-04  
+1.722728e-07  +1.741250e-07  -1.429473e-06  +1.990676e-06  -2.776763e-06  +5.501147e-07  -2.260835e-06  +3.105691e-06  +5.451852e-07  -4.322081e-06  +1.409781e-05  +5.746108e-08  -1.225998e-07  -6.101588e-04  +5.819099e-09  +5.397281e-07  -1.670536e-03  
-2.026397e-03  -2.985326e-03  +5.250619e-02  +1.357636e-01  +2.576505e-02  -5.854721e-02  +4.868859e-02  -1.136084e-01  -3.622844e-02  +4.319241e-01  -8.775252e-01  -1.028012e-03  +2.984844e-03  +7.209058e+00  +4.620025e-04  -1.670536e-03  +1.074021e+02  
