mean:
+3.918277e+00  +3.902354e+00  +6.596799e-01  -1.138191e+00  +1.689839e+00  +5.978734e-01  +9.106065e-01  +2.068830e+00  +1.480507e-01  +1.980095e+00  +4.753202e+00  +1.905497e+00  +3.007060e+00  +8.058631e+02  +4.959726e+00  +4.479986e+00  +2.010347e+03  
covariance:
+1.924977e-05  -1.389379e-06  +1.121007e-05  +1.858714e-05  +3.429170e-05  -4.780270e-07  -7.296906e-07  -8.361126e-06  +3.087297e-07  +1.232411e-05  -1.016910e-04  +4.071984e-08  +3.355057e-08  +2.086232e-03  +4.107512e-07  +1.394540e-07  +2.384060e-03  
-1.389379e-06  +4.202137e-06  +1.473825e-05  +1.186543e-05  +7.076111e-05  -3.541931e-06  -6.958081e-06  -1.335834e-05  +1.964248e-06  +9.346851e-06  -2.045096e-04  +1.848845e-07  +1.573408e-07  -1.228769e-03  -1.736315e-07  +9.418460e-09  -2.266957e-03  
+1.121007e-05  +1.473825e-05  +1.036312e-04  +8.503873e-05  +4.107069e-04  -1.715619e-05  -3.299667e-05  -6.118046e-05  +1.112736e-05  +5.678171e-05  -1.169685e-03  +1.019604e-06  +7.282729e-07  -1.417329e-03  -4.340486e-07  +5.705786e-07  -7.161570e-03  
+1.858714e-05  +1.186543e-05  +8.503873e-05  +1.580562e-04  +3.610239e-04  -1.387753e-05  -3.022941e-05  -4.546409e-05  +7.461039e-06  +7.014897e-05  -1.001230e-03  +1.185819e-06  +4.802468e-07  -3.447764e-03  -5.585264e-07  +1.577739e-07  -9.184139e-03  
+3.429170e-05  +7.076111e-05  +4.107069e-04  +3.610239e-04  +2.032002e-03  -7.576013e-05  -1.397628e-04  -3.049834e-04  +4.442476e-05  +2.848235e-04  -5.189213e-03  +5.737595e-06  +5.197996e-06  -1.528163e-02  -1.620863e-06  +1.198560e-06  -4.620370e-02  
-4.780270e-07  -3.541931e-06  -1.715619e-05  -1.387753e-05  -7.576013e-05  +5.985128e-06  +8.260119e-06  +1.482736e-05  -2.834942e-06  -7.872034e-06  +2.373870e-04  -1.326104e-07  -6.567591e-08  +1.750813e-03  +8.462592e-08  -2.805690e-08  +2.749651e-03  
-7.296906e-07  -6.958081e-06  -3.299667e-05  -3.022941e-05  -1.397628e-04  +8.260119e-06  +2.884486e-05  +3.900410e-05  -7.200321e-06  -1.661657e-05  +4.799221e-04  -3.355708e-07  -2.544453e-07  +5.683164e-03  +1.706121e-07  -2.584626e-08  +1.126398e-02  
-8.361126e-06  -1.335834e-05  -6.118046e-05  -4.546409e-05  -3.049834e-04  +1.482736e-05  +3.900410e-05  +1.548784e-04  -9.462035e-06  -5.245708e-05  +9.278627e-04  +4.185907e-07  -1.918805e-06  +5.708432e-03  -2.219651e-08  -9.014247e-07  +1.210400e-02  
+3.087297e-07  +1.964248e-06  +1.112736e-05  +7.461039e-06  +4.442476e-05  -2.834942e-06  -7.200321e-06  -9.462035e-06  +2.598714e-06  +2.647658e-06  -1.482864e-04  +6.699601e-08  +7.083066e-08  -1.330109e-03  +7.224391e-10  +5.271048e-08  -2.497694e-03  
+1.232411e-05  +9.346851e-06  +5.678171e-05  +7.014897e-05  +2.848235e-04  -7.872034e-06  -1.661657e-05  -5.245708e-05  +2.647658e-06  +6.698601e-05  -7.460515e-04  +1.050838e-06  +4.649496e-07  +3.317213e-04  -5.820553e-07  -9.452168e-08  -5.638174e-03  
-1.016910e-04  -2.045096e-04  -1.169685e-03  -1.001230e-03  -5.189213e-03  +2.373870e-04  +4.799221e-04  +9.278627e-04  -1.482864e-04  -7.460515e-04  +1.520710e-02  -1.315886e-05  -8.496661e-06  +5.333290e-02  +5.994766e-06  -1.755919e-06  +1.556350e-01  
+4.071984e-08  +1.848845e-07  +1.019604e-06  +1.185819e-06  +5.737595e-06  -1.326104e-07  -3.355708e-07  +4.185907e-07  +6.699601e-08  +1.050838e-06  -1.315886e-05  +2.281342e-07  -1.333689e-08  -7.168105e-05  -3.958147e-08  -2.282074e-08  -2.635299e-04  
+3.355057e-08  +1.573408e-07  +7.282729e-07  +4.802468e-07  +5.197996e-06  -6.567591e-08  -2.544453e-07  -1.918805e-06  +7.083066e-08  +4.649496e-07  -8.496661e-06  -1.333689e-08  +2.526183e-07  -1.389634e-04  +2.674972e-08  +2.802321e-08  -1.786678e-04  
+2.086232e-03  -1.228769e-03  -1.417329e-03  -3.447764e-03  -1.528163e-02  +1.750813e-03  +5.683164e-03  +5.708432e-03  -1.330109e-03  +3.317213e-04  +5.333290e-02  -7.168105e-05  -1.389634e-04  +2.817422e+00  +5.573571e-05  +5.046206e-05  +4.192074e+00  
+4.107512e-07  -1.736315e-07  -4.340486e-07  -5.585264e-07  -1.620863e-06  +8.462592e-08  +1.706121e-07  -2.219651e-08  +7.224391e-10  -5.820553e-07  +5.994766e-06  -3.958147e-08  +2.674972e-08  +5.573571e-05  +1.218567e-07  +1.863388e-08  +5.917189e-05  
+1.394540e-07  +9.418460e-09  +5.705786e-07  +1.577739e-07  +1.198560e-06  -2.805690e-08  -2.584626e-08  -9.014247e-07  +5.271048e-08  -9.452168e-08  -1.755919e-06  -2.282074e-08  +2.802321e-08  +5.046206e-05  +1.863388e-08  +1.345441e-07  +1.472691e-04  
+2.384060e-03  -2.266957e-03  -7.161570e-03  -9.184139e-03  -4.620370e-02  +2.749651e-03  +1.126398e-02  +1.210400e-02  -2.497694e-03  -5.638174e-03  +1.556350e-01  -2.635299e-04  -1.786678e-04  +4.192074e+00  +5.917189e-05  +1.472691e-04  +1.181227e+01  
