mean:
+3.946511e+00  +3.932269e+00  +8.323559e-01  +1.288264e+00  +1.432133e+00  +4.978767e-01  +7.970659e-01  +1.374109e+00  +1.744976e-01  +1.834453e+00  +5.964866e+00  +3.548909e+00  +2.645746e+00  +2.001237e+02  +4.280964e+00  +5.295248e+00  +2.769277e+02  +5.395978e+00  +3.768797e+00  +3.267571e+02  +2.640663e+00  +4.560091e+00  +3.933620e+02  
covariance:
+1.067757e-05  -7.191313e-06  +1.169029e-06  +2.361104e-06  +1.448170e-05  +3.619010e-06  +5.974702e-06  -9.547392e-06  +1.354842e-05  -8.764168e-05  +6.796930e-05  +1.093713e-06  +4.049727e-05  -5.002012e-04  +6.507699e-05  -1.966962e-06  -7.158441e-03  +2.111097e-05  +4.012233e-05  -2.328677e-03  +2.495083e-07  -7.755719e-07  -6.926867e-03  
-7.191313e-06  +7.591325e-06  -1.433774e-07  -1.134136e-05  -9.281589e-06  -2.102363e-06  -5.349650e-06  -2.022900e-06  -8.574837e-06  +5.789878e-05  -4.163354e-05  -1.837971e-07  -2.692765e-05  -4.956950e-04  -4.440841e-05  +1.194485e-06  +3.666472e-03  -1.396246e-05  -2.762814e-05  +1.228896e-03  +1.183230e-07  +8.111749e-07  +3.955432e-03  
+1.169029e-06  -1.433774e-07  +1.281262e-05  -1.774027e-05  +1.984749e-06  -3.918823e-07  -8.108002e-06  -7.474860e-06  +3.502241e-06  -1.892528e-05  +2.322304e-05  +5.707998e-08  +4.932885e-06  -3.027601e-03  +3.452401e-06  -4.712858e-07  -1.967025e-03  +1.038928e-07  +3.531659e-06  -4.521629e-03  +6.113989e-07  -8.926216e-07  -3.659412e-03  
+2.361104e-06  -1.134136e-05  -1.774027e-05  +6.250937e-04  -6.677555e-05  -1.501945e-05  +8.767222e-05  +5.476090e-04  -4.722693e-05  +3.703912e-04  -4.843534e-04  -4.349112e-05  -1.133618e-04  +4.399348e-02  -1.046747e-04  +1.869567e-05  +1.045423e-01  -6.055645e-05  -6.164284e-05  +1.346662e-02  -1.588285e-05  -2.568711e-05  +5.836261e-02  
+1.448170e-05  -9.281589e-06  +1.984749e-06  -6.677555e-05  +3.634647e-05  +7.038944e-06  +1.146362e-06  -8.178902e-05  +2.487595e-05  -1.758735e-04  +1.617694e-04  +7.368372e-06  +7.300469e-05  -5.789832e-03  +1.098971e-04  -4.971057e-06  -2.340556e-02  +3.873205e-05  +6.700128e-05  -3.315754e-03  +2.331281e-06  +2.708458e-06  -1.730430e-02  
+3.619010e-06  -2.102363e-06  -3.918823e-07  -1.501945e-05  +7.038944e-06  +3.352445e-06  +2.843252e-06  -2.587400e-05  +5.094182e-06  -3.625765e-05  +2.959387e-05  +1.626799e-06  +1.892238e-05  -1.053127e-03  +2.788002e-05  -8.062974e-07  -5.229047e-03  +1.001638e-05  +1.645319e-05  -5.476383e-04  +9.263720e-07  +1.398599e-07  -4.019503e-03  
+5.974702e-06  -5.349650e-06  -8.108002e-06  +8.767222e-05  +1.146362e-06  +2.843252e-06  +4.529445e-05  +3.480511e-05  -4.775028e-06  +1.316194e-05  -3.055216e-05  -1.384745e-06  +1.349625e-05  +6.652097e-03  +3.834476e-05  +3.949278e-06  +1.057297e-02  +1.135433e-05  +1.696747e-05  +6.164354e-03  -1.702966e-06  -3.017114e-06  -2.508562e-05  
-9.547392e-06  -2.022900e-06  -7.474860e-06  +5.476090e-04  -8.178902e-05  -2.587400e-05  +3.480511e-05  +6.860436e-04  -5.343909e-05  +4.378253e-04  -5.213191e-04  -5.154592e-05  -1.614739e-04  +4.165565e-02  -1.950504e-04  +1.747335e-05  +1.109550e-01  -9.484853e-05  -1.102984e-04  +6.030835e-04  -1.858874e-05  -2.717854e-05  +6.768849e-02  
+1.354842e-05  -8.574837e-06  +3.502241e-06  -4.722693e-05  +2.487595e-05  +5.094182e-06  -4.775028e-06  -5.343909e-05  +2.461207e-05  -1.566914e-04  +1.331270e-04  +4.782805e-06  +6.198128e-05  -4.443316e-03  +9.322221e-05  -5.021456e-06  -1.894846e-02  +3.215674e-05  +5.878149e-05  -4.880595e-03  +1.389729e-06  +1.527189e-06  -1.334066e-02  
-8.764168e-05  +5.789878e-05  -1.892528e-05  +3.703912e-04  -1.758735e-04  -3.625765e-05  +1.316194e-05  +4.378253e-04  -1.566914e-04  +1.082121e-03  -9.566539e-04  -4.113288e-05  -4.298037e-04  +3.381290e-02  -6.478474e-04  +3.312738e-05  +1.373987e-01  -2.281359e-04  -4.013536e-04  +2.768781e-02  -1.054777e-05  -1.454441e-05  +9.944806e-02  
+6.796930e-05  -4.163354e-05  +2.322304e-05  -4.843534e-04  +1.617694e-04  +2.959387e-05  -3.055216e-05  -5.213191e-04  +1.331270e-04  -9.566539e-04  +9.956654e-04  +4.909861e-05  +3.778802e-04  -4.254359e-02  +5.503737e-04  -3.024127e-05  -1.412448e-01  +2.037230e-04  +3.357919e-04  -2.261655e-02  +1.244325e-05  +2.123340e-05  -1.002355e-01  
+1.093713e-06  -1.837971e-07  +5.707998e-08  -4.349112e-05  +7.368372e-06  +1.626799e-06  -1.384745e-06  -5.154592e-05  +4.782805e-06  -4.113288e-05  +4.909861e-05  +5.004122e-06  +1.444502e-05  -3.428520e-03  +1.940002e-05  -1.370294e-06  -9.527102e-03  +9.019817e-06  +1.074289e-05  +2.366643e-05  +1.175300e-06  +2.521586e-06  -6.131513e-03  
+4.049727e-05  -2.692765e-05  +4.932885e-06  -1.133618e-04  +7.300469e-05  +1.892238e-05  +1.349625e-05  -1.614739e-04  +6.198128e-05  -4.298037e-04  +3.778802e-04  +1.444502e-05  +1.942269e-04  -1.049998e-02  +2.963639e-04  -1.182109e-05  -5.147134e-02  +1.036618e-04  +1.797079e-04  -1.047520e-02  +3.700390e-06  +3.489686e-06  -4.079633e-02  
-5.002012e-04  -4.956950e-04  -3.027601e-03  +4.399348e-02  -5.789832e-03  -1.053127e-03  +6.652097e-03  +4.165565e-02  -4.443316e-03  +3.381290e-02  -4.254359e-02  -3.428520e-03  -1.049998e-02  +4.421534e+00  -1.132399e-02  +1.289148e-03  +8.308904e+00  -5.653113e-03  -6.626635e-03  +1.554693e+00  -1.195049e-03  -1.835910e-03  +5.113533e+00  
+6.507699e-05  -4.440841e-05  +3.452401e-06  -1.046747e-04  +1.098971e-04  +2.788002e-05  +3.834476e-05  -1.950504e-04  +9.322221e-05  -6.478474e-04  +5.503737e-04  +1.940002e-05  +2.963639e-04  -1.132399e-02  +4.663960e-04  -1.593639e-05  -7.031796e-02  +1.605376e-04  +2.811535e-04  -1.278448e-02  +3.499001e-06  +3.598553e-06  -5.908898e-02  
-1.966962e-06  +1.194485e-06  -4.712858e-07  +1.869567e-05  -4.971057e-06  -8.062974e-07  +3.949278e-06  +1.747335e-05  -5.021456e-06  +3.312738e-05  -3.024127e-05  -1.370294e-06  -1.182109e-05  +1.289148e-03  -1.593639e-05  +1.921720e-06  +5.170218e-03  -6.247889e-06  -1.055208e-05  +1.330828e-03  -2.918126e-07  -9.762945e-07  +2.760690e-03  
-7.158441e-03  +3.666472e-03  -1.967025e-03  +1.045423e-01  -2.340556e-02  -5.229047e-03  +1.057297e-02  +1.109550e-01  -1.894846e-02  +1.373987e-01  -1.412448e-01  -9.527102e-03  -5.147134e-02  +8.308904e+00  -7.031796e-02  +5.170218e-03  +2.572288e+01  -2.852446e-02  -4.251691e-02  +3.072794e+00  -2.715123e-03  -5.124181e-03  +1.547287e+01  
+2.111097e-05  -1.396246e-05  +1.038928e-07  -6.055645e-05  +3.873205e-05  +1.001638e-05  +1.135433e-05  -9.484853e-05  +3.215674e-05  -2.281359e-04  +2.037230e-04  +9.019817e-06  +1.036618e-04  -5.653113e-03  +1.605376e-04  -6.247889e-06  -2.852446e-02  +5.803197e-05  +9.561603e-05  -3.920258e-03  +1.459324e-06  +3.218909e-06  -2.216936e-02  
+4.012233e-05  -2.762814e-05  +3.531659e-06  -6.164284e-05  +6.700128e-05  +1.645319e-05  +1.696747e-05  -1.102984e-04  +5.878149e-05  -4.013536e-04  +3.357919e-04  +1.074289e-05  +1.797079e-04  -6.626635e-03  +2.811535e-04  -1.055208e-05  -4.251691e-02  +9.561603e-05  +1.723128e-04  -9.204841e-03  +2.204662e-06  +1.490871e-06  -3.500923e-02  
-2.328677e-03  +1.228896e-03  -4.521629e-03  +1.346662e-02  -3.315754e-03  -5.476383e-04  +6.164354e-03  +6.030835e-04  -4.880595e-03  +2.768781e-02  -2.261655e-02  +2.366643e-05  -1.047520e-02  +1.554693e+00  -1.278448e-02  +1.330828e-03  +3.072794e+00  -3.920258e-03  -9.204841e-03  +4.829800e+00  -1.328863e-04  +7.269141e-04  +2.448039e+00  
+2.495083e-07  +1.183230e-07  +6.113989e-07  -1.588285e-05  +2.331281e-06  +9.263720e-07  -1.702966e-06  -1.858874e-05  +1.389729e-06  -1.054777e-05  +1.244325e-05  +1.175300e-06  +3.700390e-06  -1.195049e-03  +3.499001e-06  -2.918126e-07  -2.715123e-03  +1.459324e-06  +2.204662e-06  -1.328863e-04  +1.133855e-06  +4.056473e-07  -1.811941e-03  
-7.755719e-07  +8.111749e-07  -8.926216e-07  -2.568711e-05  +2.708458e-06  +1.398599e-07  -3.017114e-06  -2.717854e-05  +1.527189e-06  -1.454441e-05  +2.123340e-05  +2.521586e-06  +3.489686e-06  -1.835910e-03  +3.598553e-06  -9.762945e-07  -5.124181e-03  +3.218909e-06  +1.490871e-06  +7.269141e-04  +4.056473e-07  +2.503732e-06  -2.271375e-03  
-6.926867e-03  +3.955432e-03  -3.659412e-03  +5.836261e-02  -1.730430e-02  -4.019503e-03  -2.508562e-05  +6.768849e-02  -1.334066e-02  +9.944806e-02  -1.002355e-01  -6.131513e-03  -4.079633e-02  +5.113533e+00  -5.908898e-02  +2.760690e-03  +1.547287e+01  -2.216936e-02  -3.500923e-02  +2.448039e+00  -1.811941e-03  -2.271375e-03  +1.252068e+01  
