mean:
+4.030290e+00  +3.981800e+00  +8.247132e-01  +1.277138e+00  +1.203158e+00  +4.071029e-01  +7.896677e-01  +1.373344e+00  +2.025399e-01  +1.818780e+00  +6.030508e+00  +3.621135e+00  +2.924577e+00  +2.049287e+02  +4.293070e+00  +5.135933e+00  +2.777284e+02  +5.244401e+00  +3.821701e+00  +3.257002e+02  +2.807548e+00  +4.501841e+00  +3.826491e+02  
covariance:
+1.165230e-05  +1.008204e-06  -1.334104e-05  -2.132032e-05  +2.651094e-07  +6.747908e-06  -2.233712e-06  -3.856060e-05  +3.390807e-06  +5.957627e-06  -3.264252e-06  +1.080475e-06  -2.454023e-07  -1.761352e-03  -2.304816e-06  +3.942232e-06  -1.692511e-03  +5.203231e-06  -8.169644e-06  +6.827051e-04  +1.527689e-05  +1.118290e-05  -3.944621e-03  
+1.008204e-06  +4.440908e-07  -9.000535e-07  -2.449977e-06  -9.054526e-08  +4.296263e-07  -4.051186e-07  -2.620307e-06  -1.036976e-08  +9.823270e-07  -2.798460e-08  +1.428720e-07  -2.805283e-09  -1.710470e-04  -1.588532e-07  +3.336539e-07  -1.459678e-04  +4.314600e-07  -5.825048e-07  +7.240001e-05  +1.082231e-06  +6.911606e-07  -1.794247e-04  
-1.334104e-05  -9.000535e-07  +1.752365e-05  +2.428318e-05  -5.534761e-07  -8.776794e-06  +2.436434e-06  +5.035400e-05  -4.745324e-06  -5.474719e-06  +2.764346e-06  -1.382549e-06  +4.166546e-07  +2.420718e-03  +3.015249e-06  -5.248578e-06  +2.226205e-03  -6.560316e-06  +1.075208e-05  -3.841692e-05  -2.007898e-05  -1.500889e-05  +5.422058e-03  
-2.132032e-05  -2.449977e-06  +2.428318e-05  +4.474695e-05  -2.648449e-07  -1.235736e-05  +5.389056e-06  +7.045458e-05  -4.799227e-06  -1.268857e-05  +5.264472e-06  -2.328852e-06  +6.021407e-07  +3.375386e-03  +4.327730e-06  -7.322060e-06  +3.308716e-03  -9.817771e-06  +1.519856e-05  -1.619873e-03  -2.795293e-05  -2.046196e-05  +6.918906e-03  
+2.651094e-07  -9.054526e-08  -5.534761e-07  -2.648449e-07  +1.200685e-07  +2.684582e-07  +4.942827e-08  -1.462455e-06  +2.523614e-07  -2.632767e-07  -2.790406e-07  +1.983319e-08  -9.780771e-09  -5.627339e-05  -9.097999e-08  +1.417335e-07  -7.372046e-05  +1.634765e-07  -3.123885e-07  -3.687605e-05  +5.979535e-07  +4.822534e-07  -1.973534e-04  
+6.747908e-06  +4.296263e-07  -8.776794e-06  -1.235736e-05  +2.684582e-07  +4.529310e-06  -1.289910e-06  -2.550031e-05  +2.489670e-06  +2.878346e-06  -1.731264e-06  +6.904414e-07  -2.529320e-07  -1.163961e-03  -1.546714e-06  +2.629634e-06  -1.136353e-03  +3.348120e-06  -5.506654e-06  +7.117343e-05  +1.022618e-05  +7.677765e-06  -2.822224e-03  
-2.233712e-06  -4.051186e-07  +2.436434e-06  +5.389056e-06  +4.942827e-08  -1.289910e-06  +2.636348e-06  +7.364167e-06  -4.759097e-07  -4.226968e-06  -2.234590e-06  -4.693681e-07  +2.163541e-08  +2.258627e-04  +8.786213e-07  -1.221327e-06  +1.810192e-04  -1.176252e-06  +1.950078e-06  +2.400653e-04  -3.123173e-06  -2.545682e-06  +8.545027e-04  
-3.856060e-05  -2.620307e-06  +5.035400e-05  +7.045458e-05  -1.462455e-06  -2.550031e-05  +7.364167e-06  +1.550613e-04  -1.298266e-05  -1.715797e-05  +6.054742e-06  -4.375181e-06  +1.188395e-06  +7.463350e-03  +9.211302e-06  -1.489675e-05  +6.337559e-03  -1.930492e-05  +3.140935e-05  +1.283558e-04  -5.876764e-05  -4.408573e-05  +1.578338e-02  
+3.390807e-06  -1.036976e-08  -4.745324e-06  -4.799227e-06  +2.523614e-07  +2.489670e-06  -4.759097e-07  -1.298266e-05  +6.265605e-06  +8.311114e-07  -1.757984e-06  +2.383371e-07  -1.771680e-07  -1.992291e-04  -4.529742e-07  +1.368757e-06  -7.163023e-04  +1.771420e-06  -2.728305e-06  +1.243476e-05  +5.033777e-06  +4.142049e-06  -1.804276e-03  
+5.957627e-06  +9.823270e-07  -5.474719e-06  -1.268857e-05  -2.632767e-07  +2.878346e-06  -4.226968e-06  -1.715797e-05  +8.311114e-07  +1.132552e-05  +1.636388e-06  +8.701158e-07  -6.928487e-08  -4.195881e-04  -1.807522e-06  +2.268030e-06  -3.664156e-04  +2.631027e-06  -4.090877e-06  +7.310840e-05  +6.867434e-06  +5.104382e-06  -1.980504e-03  
-3.264252e-06  -2.798460e-08  +2.764346e-06  +5.264472e-06  -2.790406e-07  -1.731264e-06  -2.234590e-06  +6.054742e-06  -1.757984e-06  +1.636388e-06  +1.438562e-05  +4.731105e-07  +7.474855e-07  -4.640557e-04  -2.272512e-07  +5.465228e-07  +1.237383e-03  -1.065715e-06  +1.284030e-06  -2.150287e-03  -2.264299e-06  -1.367291e-06  +1.182405e-03  
+1.080475e-06  +1.428720e-07  -1.382549e-06  -2.328852e-06  +1.983319e-08  +6.904414e-07  -4.693681e-07  -4.375181e-06  +2.383371e-07  +8.701158e-07  +4.731105e-07  +3.156726e-07  +9.745428e-08  -2.835670e-04  -3.098914e-07  +5.937131e-07  -1.054963e-04  +6.307150e-07  -9.243520e-07  -7.090094e-05  +1.773762e-06  +1.288262e-06  -3.764434e-04  
-2.454023e-07  -2.805283e-09  +4.166546e-07  +6.021407e-07  -9.780771e-09  -2.529320e-07  +2.163541e-08  +1.188395e-06  -1.771680e-07  -6.928487e-08  +7.474855e-07  +9.745428e-08  +2.773444e-07  -2.827342e-05  +1.067710e-07  +3.380443e-08  +1.651569e-04  -1.115838e-07  +3.237124e-07  +4.032024e-05  -4.137276e-07  -3.916137e-07  +2.525782e-04  
-1.761352e-03  -1.710470e-04  +2.420718e-03  +3.375386e-03  -5.627339e-05  -1.163961e-03  +2.258627e-04  +7.463350e-03  -1.992291e-04  -4.195881e-04  -4.640557e-04  -2.835670e-04  -2.827342e-05  +5.822150e-01  +4.132219e-04  -8.301332e-04  +2.527704e-01  -9.192220e-04  +1.509025e-03  +1.764852e-01  -2.935061e-03  -2.100042e-03  +6.052270e-01  
-2.304816e-06  -1.588532e-07  +3.015249e-06  +4.327730e-06  -9.097999e-08  -1.546714e-06  +8.786213e-07  +9.211302e-06  -4.529742e-07  -1.807522e-06  -2.272512e-07  -3.098914e-07  +1.067710e-07  +4.132219e-04  +8.354162e-07  -1.023318e-06  +3.088327e-04  -1.196992e-06  +2.086478e-06  +1.651881e-04  -3.757183e-06  -2.862998e-06  +1.083265e-03  
+3.942232e-06  +3.336539e-07  -5.248578e-06  -7.322060e-06  +1.417335e-07  +2.629634e-06  -1.221327e-06  -1.489675e-05  +1.368757e-06  +2.268030e-06  +5.465228e-07  +5.937131e-07  +3.380443e-08  -8.301332e-04  -1.023318e-06  +1.988227e-06  -5.271192e-04  +2.033865e-06  -3.417890e-06  -3.033597e-04  +6.395281e-06  +4.741481e-06  -1.658975e-03  
-1.692511e-03  -1.459678e-04  +2.226205e-03  +3.308716e-03  -7.372046e-05  -1.136353e-03  +1.810192e-04  +6.337559e-03  -7.163023e-04  -3.664156e-04  +1.237383e-03  -1.054963e-04  +1.651569e-04  +2.527704e-01  +3.088327e-04  -5.271192e-04  +5.012530e-01  -8.445837e-04  +1.327720e-03  -1.203858e-01  -2.438050e-03  -1.838925e-03  +6.561918e-01  
+5.203231e-06  +4.314600e-07  -6.560316e-06  -9.817771e-06  +1.634765e-07  +3.348120e-06  -1.176252e-06  -1.930492e-05  +1.771420e-06  +2.631027e-06  -1.065715e-06  +6.307150e-07  -1.115838e-07  -9.192220e-04  -1.196992e-06  +2.033865e-06  -8.445837e-04  +2.627478e-06  -4.118111e-06  +1.139001e-04  +7.677323e-06  +5.708591e-06  -2.017934e-03  
-8.169644e-06  -5.825048e-07  +1.075208e-05  +1.519856e-05  -3.123885e-07  -5.506654e-06  +1.950078e-06  +3.140935e-05  -2.728305e-06  -4.090877e-06  +1.284030e-06  -9.243520e-07  +3.237124e-07  +1.509025e-03  +2.086478e-06  -3.417890e-06  +1.327720e-03  -4.118111e-06  +6.973680e-06  +2.090515e-04  -1.279041e-05  -9.605724e-06  +3.545322e-03  
+6.827051e-04  +7.240001e-05  -3.841692e-05  -1.619873e-03  -3.687605e-05  +7.117343e-05  +2.400653e-04  +1.283558e-04  +1.243476e-05  +7.310840e-05  -2.150287e-03  -7.090094e-05  +4.032024e-05  +1.764852e-01  +1.651881e-04  -3.033597e-04  -1.203858e-01  +1.139001e-04  +2.090515e-04  +1.026470e+00  -3.780190e-04  -4.275111e-04  +1.780568e-01  
+1.527689e-05  +1.082231e-06  -2.007898e-05  -2.795293e-05  +5.979535e-07  +1.022618e-05  -3.123173e-06  -5.876764e-05  +5.033777e-06  +6.867434e-06  -2.264299e-06  +1.773762e-06  -4.137276e-07  -2.935061e-03  -3.757183e-06  +6.395281e-06  -2.438050e-03  +7.677323e-06  -1.279041e-05  -3.780190e-04  +2.393462e-05  +1.783068e-05  -6.467396e-03  
+1.118290e-05  +6.911606e-07  -1.500889e-05  -2.046196e-05  +4.822534e-07  +7.677765e-06  -2.545682e-06  -4.408573e-05  +4.142049e-06  +5.104382e-06  -1.367291e-06  +1.288262e-06  -3.916137e-07  -2.100042e-03  -2.862998e-06  +4.741481e-06  -1.838925e-03  +5.708591e-06  -9.605724e-06  -4.275111e-04  +1.783068e-05  +1.352732e-05  -4.970628e-03  
-3.944621e-03  -1.794247e-04  +5.422058e-03  +6.918906e-03  -1.973534e-04  -2.822224e-03  +8.545027e-04  +1.578338e-02  -1.804276e-03  -1.980504e-03  +1.182405e-03  -3.764434e-04  +2.525782e-04  +6.052270e-01  +1.083265e-03  -1.658975e-03  +6.561918e-01  -2.017934e-03  +3.545322e-03  +1.780568e-01  -6.467396e-03  -4.970628e-03  +2.089677e+00  
