mean:
+3.981361e+00  +3.941049e+00  +6.468350e-01  -1.121781e+00  +1.657736e+00  +4.957569e-01  +9.084089e-01  +2.073701e+00  +1.528420e-01  +1.913792e+00  +4.902427e+00  +1.839435e+00  +2.983953e+00  +8.029297e+02  +4.959998e+00  +4.479877e+00  +2.009080e+03  
covariance:
+2.323373e-06  +7.991473e-07  -2.148930e-06  -7.284588e-06  +9.607543e-07  -2.039687e-06  +2.735668e-07  -1.910905e-06  +8.695857e-07  -5.039471e-06  -2.277685e-05  -5.250643e-08  +7.084539e-08  +5.320198e-04  +3.280466e-08  +2.788217e-08  +3.689338e-04  
+7.991473e-07  +2.788814e-06  +3.111387e-06  +8.230518e-06  -1.920522e-07  +2.760294e-06  -3.924835e-07  +1.168579e-06  -9.031748e-07  +5.920786e-06  +3.200948e-05  -1.314777e-07  -8.242300e-09  -3.361819e-04  +1.817122e-08  +7.379905e-08  -1.037227e-03  
-2.148930e-06  +3.111387e-06  +4.949115e-05  +8.033555e-05  +1.920290e-05  +2.168584e-05  -6.920809e-06  +2.387316e-06  -5.250783e-06  +2.804367e-05  +2.442812e-04  +2.231229e-07  -6.240419e-07  -2.638998e-03  -9.032241e-08  +6.272123e-08  +8.335981e-03  
-7.284588e-06  +8.230518e-06  +8.033555e-05  +4.567008e-04  -6.748263e-05  +9.347762e-05  -6.375107e-06  +7.787753e-05  -4.330409e-05  +2.417843e-04  +1.071427e-03  -3.922038e-06  -1.559681e-06  -2.445411e-02  -3.186816e-07  -1.814027e-07  -1.577055e-03  
+9.607543e-07  -1.920522e-07  +1.920290e-05  -6.748263e-05  +1.558042e-04  -1.825729e-05  +3.255357e-06  -5.882022e-05  +1.559356e-05  -9.748585e-05  -2.414960e-04  +2.166621e-06  -1.094598e-06  +1.124419e-02  -2.267373e-07  -5.557856e-07  +3.216401e-02  
-2.039687e-06  +2.760294e-06  +2.168584e-05  +9.347762e-05  -1.825729e-05  +2.978459e-05  -1.438876e-06  +2.077175e-05  -1.299248e-05  +7.337535e-05  +3.181235e-04  -9.727961e-07  -4.064887e-07  -6.037531e-03  -8.842383e-08  +1.226155e-09  -1.068412e-02  
+2.735668e-07  -3.924835e-07  -6.920809e-06  -6.375107e-06  +3.255357e-06  -1.438876e-06  +1.011671e-05  -7.001384e-06  +2.922029e-07  -9.374020e-06  -3.457393e-05  -4.322043e-08  +1.261171e-08  +4.245328e-04  +2.606450e-08  +3.833178e-08  -6.490502e-04  
-1.910905e-06  +1.168579e-06  +2.387316e-06  +7.787753e-05  -5.882022e-05  +2.077175e-05  -7.001384e-06  +8.803189e-05  -1.145663e-05  +7.440003e-05  +2.312154e-04  -7.748951e-07  -3.494085e-10  -9.778004e-03  -2.990966e-09  -5.242380e-07  -2.142141e-02  
+8.695857e-07  -9.031748e-07  -5.250783e-06  -4.330409e-05  +1.559356e-05  -1.299248e-05  +2.922029e-07  -1.145663e-05  +7.512207e-06  -4.234562e-05  -1.518077e-04  +5.865940e-07  +4.733203e-08  +3.484543e-03  +6.403958e-08  -6.444990e-09  +5.980028e-03  
-5.039471e-06  +5.920786e-06  +2.804367e-05  +2.417843e-04  -9.748585e-05  +7.337535e-05  -9.374020e-06  +7.440003e-05  -4.234562e-05  +2.564683e-04  +8.722035e-04  -3.572231e-06  -2.610184e-07  -2.034617e-02  -3.590470e-07  -1.098720e-07  -3.648146e-02  
-2.277685e-05  +3.200948e-05  +2.442812e-04  +1.071427e-03  -2.414960e-04  +3.181235e-04  -3.457393e-05  +2.312154e-04  -1.518077e-04  +8.722035e-04  +3.712427e-03  -1.013335e-05  -3.515885e-06  -7.247772e-02  -1.097966e-06  +1.099458e-06  -1.046978e-01  
-5.250643e-08  -1.314777e-07  +2.231229e-07  -3.922038e-06  +2.166621e-06  -9.727961e-07  -4.322043e-08  -7.748951e-07  +5.865940e-07  -3.572231e-06  -1.013335e-05  +2.602084e-07  +1.590708e-10  +1.984539e-04  -7.611820e-09  +8.548983e-09  +7.160560e-04  
+7.084539e-08  -8.242300e-09  -6.240419e-07  -1.559681e-06  -1.094598e-06  -4.064887e-07  +1.261171e-08  -3.494085e-10  +4.733203e-08  -2.610184e-07  -3.515885e-06  +1.590708e-10  +1.942986e-07  +2.696486e-05  +8.271803e-10  +1.836969e-09  -2.488394e-05  
+5.320198e-04  -3.361819e-04  -2.638998e-03  -2.445411e-02  +1.124419e-02  -6.037531e-03  +4.245328e-04  -9.778004e-03  +3.484543e-03  -2.034617e-02  -7.247772e-02  +1.984539e-04  +2.696486e-05  +3.053441e+00  -1.454209e-05  +1.553925e-05  +2.655072e+00  
+3.280466e-08  +1.817122e-08  -9.032241e-08  -3.186816e-07  -2.267373e-07  -8.842383e-08  +2.606450e-08  -2.990966e-09  +6.403958e-08  -3.590470e-07  -1.097966e-06  -7.611820e-09  +8.271803e-10  -1.454209e-05  +9.720926e-08  +6.537177e-09  +2.776873e-05  
+2.788217e-08  +7.379905e-08  +6.272123e-08  -1.814027e-07  -5.557856e-07  +1.226155e-09  +3.833178e-08  -5.242380e-07  -6.444990e-09  -1.098720e-07  +1.099458e-06  +8.548983e-09  +1.836969e-09  +1.553925e-05  +6.537177e-09  +1.607028e-07  -1.474271e-04  
+3.689338e-04  -1.037227e-03  +8.335981e-03  -1.577055e-03  +3.216401e-02  -1.068412e-02  -6.490502e-04  -2.142141e-02  +5.980028e-03  -3.648146e-02  -1.046978e-01  +7.160560e-04  -2.488394e-05  +2.655072e+00  +2.776873e-05  -1.474271e-04  +3.397905e+01  
