mean:
+3.983372e+00  +3.939065e+00  +6.186162e-01  -1.135764e+00  +1.663261e+00  +4.973978e-01  +9.167308e-01  +2.023957e+00  +1.533921e-01  +1.900000e+00  +4.792027e+00  +1.839784e+00  +2.983529e+00  +8.089478e+02  +4.960290e+00  +4.479888e+00  +2.006798e+03  
covariance:
+5.168129e-06  +1.191742e-06  -1.648205e-06  +1.555463e-05  +2.971927e-06  -9.388100e-07  +2.146287e-06  -7.401077e-06  +1.040901e-06  -9.743888e-06  -3.273940e-05  -5.089957e-08  -3.972219e-07  +1.695454e-03  -9.511427e-08  -8.891336e-08  +1.901846e-04  
+1.191742e-06  +4.824209e-06  +2.640004e-06  -8.130405e-07  -9.395648e-08  +2.694283e-07  +1.047045e-06  +2.538816e-06  -7.510887e-07  +8.171644e-06  +1.755840e-05  +1.942002e-08  -3.979765e-07  -7.830613e-04  +6.077992e-08  -1.644144e-07  -2.181603e-03  
-1.648205e-06  +2.640004e-06  +8.861752e-05  -2.034210e-04  -1.407817e-05  +2.275618e-05  +6.273411e-06  +2.843695e-05  -2.886503e-05  +1.815335e-04  +4.674028e-04  -1.469314e-07  +4.210168e-08  -1.971771e-02  -3.818732e-07  -6.181011e-07  -3.882680e-02  
+1.555463e-05  -8.130405e-07  -2.034210e-04  +1.394566e-03  -1.263480e-04  -7.452995e-05  +6.886141e-05  -1.953785e-04  +1.054508e-04  -7.036369e-04  -1.962032e-03  -6.603913e-07  -3.436024e-06  +8.807828e-02  +4.512804e-06  +1.255485e-07  +1.333995e-01  
+2.971927e-06  -9.395648e-08  -1.407817e-05  -1.263480e-04  +6.177511e-04  +3.362912e-05  -1.904088e-06  -2.764005e-04  +3.220426e-05  -1.757739e-04  -4.925932e-04  +6.143707e-06  -2.988885e-06  +5.153027e-02  -1.792321e-06  +6.331380e-08  -6.104913e-05  
-9.388100e-07  +2.694283e-07  +2.275618e-05  -7.452995e-05  +3.362912e-05  +2.096516e-05  -2.397116e-06  -5.416493e-05  -7.083899e-06  +4.565617e-05  +1.362448e-04  +2.669460e-07  -5.496654e-07  -2.283419e-03  -1.315289e-07  -1.650116e-07  -8.308756e-03  
+2.146287e-06  +1.047045e-06  +6.273411e-06  +6.886141e-05  -1.904088e-06  -2.397116e-06  +5.397197e-05  +5.807979e-06  -3.511728e-06  -1.747158e-05  -5.233620e-05  -2.743934e-07  -2.356518e-06  +4.868305e-03  +5.250918e-07  -1.217773e-06  -1.351873e-03  
-7.401077e-06  +2.538816e-06  +2.843695e-05  -1.953785e-04  -2.764005e-04  -5.416493e-05  +5.807979e-06  +7.075757e-04  -3.899638e-05  +2.402416e-04  +5.629115e-04  -1.134806e-07  +2.083294e-06  -4.886698e-02  -6.952241e-07  -9.840479e-07  -2.501048e-02  
+1.040901e-06  -7.510887e-07  -2.886503e-05  +1.054508e-04  +3.220426e-05  -7.083899e-06  -3.511728e-06  -3.899638e-05  +1.887678e-05  -1.086659e-04  -2.881328e-04  +4.089712e-07  +3.177981e-07  +1.433017e-02  +1.160424e-07  +3.227207e-07  +1.682082e-02  
-9.743888e-06  +8.171644e-06  +1.815335e-04  -7.036369e-04  -1.757739e-04  +4.565617e-05  -1.747158e-05  +2.402416e-04  -1.086659e-04  +6.974185e-04  +1.780507e-03  -2.450611e-06  -4.849679e-07  -9.115235e-02  -1.028017e-06  -1.278817e-06  -1.062657e-01  
-3.273940e-05  +1.755840e-05  +4.674028e-04  -1.962032e-03  -4.925932e-04  +1.362448e-04  -5.233620e-05  +5.629115e-04  -2.881328e-04  +1.780507e-03  +5.100190e-03  -4.017081e-06  -9.620421e-07  -2.438115e-01  -3.496325e-06  -2.297596e-06  -2.736501e-01  
-5.089957e-08  +1.942002e-08  -1.469314e-07  -6.603913e-07  +6.143707e-06  +2.669460e-07  -2.743934e-07  -1.134806e-07  +4.089712e-07  -2.450611e-06  -4.017081e-06  +5.708632e-07  +3.890825e-08  +3.220979e-04  +6.117167e-09  +7.392521e-09  -1.097468e-04  
-3.972219e-07  -3.979765e-07  +4.210168e-08  -3.436024e-06  -2.988885e-06  -5.496654e-07  -2.356518e-06  +2.083294e-06  +3.177981e-07  -4.849679e-07  -9.620421e-07  +3.890825e-08  +1.049781e-06  -1.899198e-05  -1.488364e-08  +1.600039e-07  -1.731413e-04  
+1.695454e-03  -7.830613e-04  -1.971771e-02  +8.807828e-02  +5.153027e-02  -2.283419e-03  +4.868305e-03  -4.886698e-02  +1.433017e-02  -9.115235e-02  -2.438115e-01  +3.220979e-04  -1.899198e-05  +1.590643e+01  +1.026312e-04  +2.367554e-04  +1.231331e+01  
-9.511427e-08  +6.077992e-08  -3.818732e-07  +4.512804e-06  -1.792321e-06  -1.315289e-07  +5.250918e-07  -6.952241e-07  +1.160424e-07  -1.028017e-06  -3.496325e-06  +6.117167e-09  -1.488364e-08  +1.026312e-04  +2.248945e-07  -8.714987e-09  +2.230601e-04  
-8.891336e-08  -1.644144e-07  -6.181011e-07  +1.255485e-07  +6.331380e-08  -1.650116e-07  -1.217773e-06  -9.840479e-07  +3.227207e-07  -1.278817e-06  -2.297596e-06  +7.392521e-09  +1.600039e-07  +2.367554e-04  -8.714987e-09  +3.807032e-07  +3.162441e-04  
+1.901846e-04  -2.181603e-03  -3.882680e-02  +1.333995e-01  -6.104913e-05  -8.308756e-03  -1.351873e-03  -2.501048e-02  +1.682082e-02  -1.062657e-01  -2.736501e-01  -1.097468e-04  -1.731413e-04  +1.231331e+01  +2.230601e-04  +3.162441e-04  +3.530695e+01  
