mean:
+3.913864e+00  +3.902815e+00  +6.358445e-01  -1.165534e+00  +1.737987e+00  +5.973670e-01  +9.025026e-01  +2.076505e+00  +1.503613e-01  +1.943471e+00  +4.810857e+00  +1.905880e+00  +3.007218e+00  +8.021915e+02  +4.959937e+00  +4.479588e+00  +2.008697e+03  
covariance:
+1.557896e-05  -4.742816e-06  -3.019175e-06  +7.788125e-06  +1.919759e-05  -2.568197e-06  -4.845232e-06  +3.035061e-05  +3.989838e-06  -1.190233e-05  -1.288535e-04  +1.404660e-07  +2.948772e-07  +1.052492e-04  -1.216802e-09  -5.910377e-07  +1.904568e-03  
-4.742816e-06  +4.307121e-06  -8.347983e-06  -8.734836e-06  +2.097428e-06  -7.968222e-07  -1.102135e-06  +1.514841e-05  +2.656486e-06  -1.223136e-05  -1.005934e-04  -4.869660e-08  +1.126186e-07  -1.158507e-03  -3.724070e-08  +1.585354e-07  +3.112408e-04  
-3.019175e-06  -8.347983e-06  +5.944549e-05  +5.452391e-05  -3.681458e-05  +1.023004e-05  +1.305824e-05  -1.135433e-04  -1.888506e-05  +7.497034e-05  +6.868865e-04  -3.076662e-07  -1.192288e-06  +7.338486e-03  -7.284662e-08  -5.725762e-08  -1.015847e-02  
+7.788125e-06  -8.734836e-06  +5.452391e-05  +1.507253e-04  +4.259434e-06  +1.247152e-05  +4.903676e-06  -2.814774e-05  -1.016450e-05  +4.470475e-05  +4.089831e-04  -3.669555e-07  -1.677343e-07  +8.713192e-03  -1.428099e-07  -5.249335e-07  -1.010066e-02  
+1.919759e-05  +2.097428e-06  -3.681458e-05  +4.259434e-06  +2.261321e-04  +2.581375e-06  +2.207973e-06  +5.046950e-05  +9.794008e-06  -1.323640e-05  -6.811859e-04  +2.221033e-06  +1.407933e-06  -1.934097e-03  -9.070286e-07  -3.149634e-06  +1.447815e-02  
-2.568197e-06  -7.968222e-07  +1.023004e-05  +1.247152e-05  +2.581375e-06  +5.016309e-06  +5.505457e-06  -3.811672e-05  -5.438166e-06  +2.310229e-05  +1.501893e-04  -1.171423e-07  -1.854759e-07  +1.803956e-03  -4.127770e-08  -4.113504e-08  -1.265280e-03  
-4.845232e-06  -1.102135e-06  +1.305824e-05  +4.903676e-06  +2.207973e-06  +5.505457e-06  +1.339769e-05  -6.253819e-05  -1.041277e-05  +4.227105e-05  +2.714171e-04  -1.069891e-07  -4.078547e-07  +1.073424e-03  -7.817536e-08  +3.841278e-08  -1.097314e-04  
+3.035061e-05  +1.514841e-05  -1.135433e-04  -2.814774e-05  +5.046950e-05  -3.811672e-05  -6.253819e-05  +5.731236e-04  +7.389549e-05  -3.185650e-04  -2.102671e-03  +1.546471e-06  +3.287670e-06  -1.326885e-02  +1.508884e-07  -1.356281e-06  -9.240008e-04  
+3.989838e-06  +2.656486e-06  -1.888506e-05  -1.016450e-05  +9.794008e-06  -5.438166e-06  -1.041277e-05  +7.389549e-05  +1.211428e-05  -4.982584e-05  -3.475059e-04  +5.702885e-08  +5.577950e-07  -2.147868e-03  -3.296684e-08  -1.912234e-07  +7.060267e-05  
-1.190233e-05  -1.223136e-05  +7.497034e-05  +4.470475e-05  -1.323640e-05  +2.310229e-05  +4.227105e-05  -3.185650e-04  -4.982584e-05  +2.187792e-04  +1.374243e-03  -1.078436e-07  -2.190741e-06  +9.114001e-03  +1.154754e-07  +4.717844e-07  +5.453986e-03  
-1.288535e-04  -1.005934e-04  +6.868865e-04  +4.089831e-04  -6.811859e-04  +1.501893e-04  +2.714171e-04  -2.102671e-03  -3.475059e-04  +1.374243e-03  +1.159076e-02  -2.924673e-06  -1.912743e-05  +7.838865e-02  +2.679686e-06  +8.223917e-06  -7.248618e-02  
+1.404660e-07  -4.869660e-08  -3.076662e-07  -3.669555e-07  +2.221033e-06  -1.171423e-07  -1.069891e-07  +1.546471e-06  +5.702885e-08  -1.078436e-07  -2.924673e-06  +2.463758e-07  -5.085926e-08  -1.198385e-04  +5.451621e-09  -2.796263e-08  +7.195975e-05  
+2.948772e-07  +1.126186e-07  -1.192288e-06  -1.677343e-07  +1.407933e-06  -1.854759e-07  -4.078547e-07  +3.287670e-06  +5.577950e-07  -2.190741e-06  -1.912743e-05  -5.085926e-08  +2.404371e-07  -1.674764e-04  -2.979450e-08  -5.233831e-10  +1.509892e-05  
+1.052492e-04  -1.158507e-03  +7.338486e-03  +8.713192e-03  -1.934097e-03  +1.803956e-03  +1.073424e-03  -1.326885e-02  -2.147868e-03  +9.114001e-03  +7.838865e-02  -1.198385e-04  -1.674764e-04  +2.215921e+00  +4.798873e-05  -9.397306e-05  -7.299756e-01  
-1.216802e-09  -3.724070e-08  -7.284662e-08  -1.428099e-07  -9.070286e-07  -4.127770e-08  -7.817536e-08  +1.508884e-07  -3.296684e-08  +1.154754e-07  +2.679686e-06  +5.451621e-09  -2.979450e-08  +4.798873e-05  +1.236398e-07  +1.532575e-08  +7.811694e-05  
-5.910377e-07  +1.585354e-07  -5.725762e-08  -5.249335e-07  -3.149634e-06  -4.113504e-08  +3.841278e-08  -1.356281e-06  -1.912234e-07  +4.717844e-07  +8.223917e-06  -2.796263e-08  -5.233831e-10  -9.397306e-05  +1.532575e-08  +2.182969e-07  +4.188183e-05  
+1.904568e-03  +3.112408e-04  -1.015847e-02  -1.010066e-02  +1.447815e-02  -1.265280e-03  -1.097314e-04  -9.240008e-04  +7.060267e-05  +5.453986e-03  -7.248618e-02  +7.195975e-05  +1.509892e-05  -7.299756e-01  +7.811694e-05  +4.188183e-05  +8.927747e+00  
