mean:
+3.983481e+00  +3.979572e+00  +6.126153e-01  +2.019068e+00  +1.256591e+00  +5.000205e-01  +8.313257e-01  +2.197060e+00  +3.759273e-02  +3.897206e+00  +5.911054e+00  +4.572762e+00  +3.238394e+00  +3.269593e+02  +2.590054e+00  +3.726414e+00  +4.584773e+02  +4.639544e+00  +4.959898e+00  +8.073379e+02  +3.990937e+00  +5.153962e+00  +4.408468e+02  
covariance:
+4.238227e-06  -1.940326e-06  +2.641386e-06  -3.857826e-06  -1.638386e-07  +6.761984e-07  +1.444526e-06  -3.917134e-06  -2.004986e-07  +7.270486e-06  -3.453882e-06  +6.192160e-08  -4.543289e-07  -2.619056e-05  -4.684143e-08  +1.588031e-07  +3.450598e-04  -4.988178e-07  +9.529754e-08  +9.560598e-04  +2.395282e-07  +1.530210e-07  +1.759712e-03  
-1.940326e-06  +3.133948e-06  -1.339509e-06  +7.139129e-06  +6.384477e-07  -4.820281e-07  +3.088082e-07  -6.118553e-08  +5.833229e-09  -1.629810e-07  -6.714220e-06  -8.099754e-08  +3.709415e-07  +5.499342e-04  -5.581650e-08  +1.433650e-07  +5.686472e-04  +2.860459e-07  -1.392816e-07  +7.640513e-04  -2.053317e-07  +3.313304e-08  -1.599791e-04  
+2.641386e-06  -1.339509e-06  +2.692129e-05  +5.986681e-06  -1.202687e-06  +1.834375e-06  +1.174864e-05  -2.958155e-05  -9.505646e-07  +3.852988e-05  -3.999229e-05  -2.616959e-08  -1.735018e-06  -2.577838e-04  +1.135923e-06  +1.716544e-06  +5.568603e-03  -2.977411e-06  -3.943745e-08  +1.134644e-02  +2.448959e-07  +2.984211e-07  +1.144095e-02  
-3.857826e-06  +7.139129e-06  +5.986681e-06  +1.751239e-04  -5.666396e-07  -3.813139e-06  +2.364203e-05  -6.787477e-05  -1.402338e-06  +7.710632e-05  -1.987442e-04  -4.117544e-06  +3.474764e-06  +1.188074e-02  -2.136977e-06  +3.657905e-06  +2.064665e-02  +2.411036e-06  -1.495828e-06  +3.810822e-02  +4.228073e-07  +2.471803e-06  +1.269613e-02  
-1.638386e-07  +6.384477e-07  -1.202687e-06  -5.666396e-07  +1.777576e-05  -1.358602e-06  +2.846128e-06  -1.301345e-06  -5.486715e-08  +4.911998e-06  -1.995124e-05  +6.493679e-07  +6.144050e-07  +2.405099e-03  -2.885029e-07  +6.332881e-07  +2.862623e-03  +5.690249e-07  +2.085889e-07  +3.697411e-03  -1.111858e-06  +1.434649e-07  +2.343198e-03  
+6.761984e-07  -4.820281e-07  +1.834375e-06  -3.813139e-06  -1.358602e-06  +1.251576e-06  -1.746984e-06  +3.765293e-06  +2.623796e-08  -1.171525e-07  +9.623477e-06  -3.953209e-08  -1.317851e-07  -1.132936e-03  +1.035805e-07  -2.074759e-07  -1.674993e-03  -6.287683e-07  -8.098698e-08  -2.112244e-03  +2.123713e-07  -1.093847e-07  -2.503033e-04  
+1.444526e-06  +3.088082e-07  +1.174864e-05  +2.364203e-05  +2.846128e-06  -1.746984e-06  +2.008935e-05  -4.215469e-05  -1.212000e-06  +4.593088e-05  -7.384166e-05  -3.422657e-08  -1.477355e-06  +4.819985e-03  -5.434226e-08  +1.578072e-06  +1.128888e-02  +9.332000e-10  -3.466466e-08  +1.759917e-02  -1.492222e-07  +8.611305e-07  +1.171173e-02  
-3.917134e-06  -6.118553e-08  -2.958155e-05  -6.787477e-05  -1.301345e-06  +3.765293e-06  -4.215469e-05  +1.784534e-04  +2.421626e-06  -9.435067e-05  +1.712660e-04  +2.620231e-06  +2.348462e-06  -1.283962e-02  -4.013902e-07  -5.555522e-06  -2.611898e-02  +1.570731e-06  -9.791455e-07  -4.393980e-02  -1.658207e-06  -2.917435e-06  -3.004933e-02  
-2.004986e-07  +5.833229e-09  -9.505646e-07  -1.402338e-06  -5.486715e-08  +2.623796e-08  -1.212000e-06  +2.421626e-06  +1.088749e-07  -3.504782e-06  +4.703802e-06  +9.476424e-10  +1.015880e-07  -2.492122e-04  +2.902763e-09  -9.176911e-08  -6.760719e-04  +5.835254e-08  +1.604356e-08  -1.068794e-03  +2.841539e-09  -5.684429e-08  -7.972193e-04  
+7.270486e-06  -1.629810e-07  +3.852988e-05  +7.710632e-05  +4.911998e-06  -1.171525e-07  +4.593088e-05  -9.435067e-05  -3.504782e-06  +1.600901e-04  -2.210960e-04  -2.071387e-07  -3.414359e-06  +1.094268e-02  -5.761605e-07  +3.201409e-06  +2.824416e-02  -2.616151e-06  -8.244453e-07  +4.578951e-02  +7.628220e-07  +2.490029e-06  +3.294371e-02  
-3.453882e-06  -6.714220e-06  -3.999229e-05  -1.987442e-04  -1.995124e-05  +9.623477e-06  -7.384166e-05  +1.712660e-04  +4.703802e-06  -2.210960e-04  +4.633250e-04  +2.300212e-06  +5.828155e-07  -2.743282e-02  +2.426689e-06  -9.143602e-06  -5.483671e-02  -8.882614e-07  +1.436562e-06  -8.969408e-02  +5.422247e-07  -5.039975e-06  -4.778702e-02  
+6.192160e-08  -8.099754e-08  -2.616959e-08  -4.117544e-06  +6.493679e-07  -3.953209e-08  -3.422657e-08  +2.620231e-06  +9.476424e-10  -2.071387e-07  +2.300212e-06  +4.057246e-07  -1.139683e-07  -2.596997e-04  +9.048267e-08  -1.035912e-07  -9.365061e-05  -6.291173e-08  +5.228719e-08  -3.940040e-04  -1.263674e-07  -2.952336e-08  +2.045222e-05  
-4.543289e-07  +3.709415e-07  -1.735018e-06  +3.474764e-06  +6.144050e-07  -1.317851e-07  -1.477355e-06  +2.348462e-06  +1.015880e-07  -3.414359e-06  +5.828155e-07  -1.139683e-07  +8.224351e-07  +2.386935e-04  -1.585689e-07  +2.450534e-08  -3.165708e-04  +2.615200e-07  -5.087539e-08  -5.853373e-04  -1.301605e-07  +7.882715e-08  -8.349392e-04  
-2.619056e-05  +5.499342e-04  -2.577838e-04  +1.188074e-02  +2.405099e-03  -1.132936e-03  +4.819985e-03  -1.283962e-02  -2.492122e-04  +1.094268e-02  -2.743282e-02  -2.596997e-04  +2.386935e-04  +2.659980e+00  -3.736581e-04  +5.642239e-04  +3.724700e+00  +5.819077e-04  -3.364255e-05  +5.455196e+00  -1.404687e-04  +3.429759e-04  +2.586748e+00  
-4.684143e-08  -5.581650e-08  +1.135923e-06  -2.136977e-06  -2.885029e-07  +1.035805e-07  -5.434226e-08  -4.013902e-07  +2.902763e-09  -5.761605e-07  +2.426689e-06  +9.048267e-08  -1.585689e-07  -3.736581e-04  +2.685853e-07  +1.013467e-08  -1.332587e-04  -1.903502e-07  +8.260448e-08  -1.195819e-04  +1.329828e-08  +1.374363e-08  +2.260489e-04  
+1.588031e-07  +1.433650e-07  +1.716544e-06  +3.657905e-06  +6.332881e-07  -2.074759e-07  +1.578072e-06  -5.555522e-06  -9.176911e-08  +3.201409e-06  -9.143602e-06  -1.035912e-07  +2.450534e-08  +5.642239e-04  +1.013467e-08  +6.614667e-07  +1.007791e-03  -1.188983e-07  -6.284548e-08  +2.024363e-03  -1.262188e-07  +1.051948e-07  +1.373496e-03  
+3.450598e-04  +5.686472e-04  +5.568603e-03  +2.064665e-02  +2.862623e-03  -1.674993e-03  +1.128888e-02  -2.611898e-02  -6.760719e-04  +2.824416e-02  -5.483671e-02  -9.365061e-05  -3.165708e-04  +3.724700e+00  -1.332587e-04  +1.007791e-03  +8.332661e+00  +2.409522e-04  -3.568838e-05  +1.204471e+01  -3.098225e-04  +8.149861e-04  +6.825624e+00  
-4.988178e-07  +2.860459e-07  -2.977411e-06  +2.411036e-06  +5.690249e-07  -6.287683e-07  +9.332000e-10  +1.570731e-06  +5.835254e-08  -2.616151e-06  -8.882614e-07  -6.291173e-08  +2.615200e-07  +5.819077e-04  -1.903502e-07  -1.188983e-07  +2.409522e-04  +7.786158e-07  +6.291892e-09  +5.031561e-05  -6.284765e-08  -3.548100e-08  -9.005179e-04  
+9.529754e-08  -1.392816e-07  -3.943745e-08  -1.495828e-06  +2.085889e-07  -8.098698e-08  -3.466466e-08  -9.791455e-07  +1.604356e-08  -8.244453e-07  +1.436562e-06  +5.228719e-08  -5.087539e-08  -3.364255e-05  +8.260448e-08  -6.284548e-08  -3.568838e-05  +6.291892e-09  +2.279513e-07  -7.631884e-05  +8.738072e-08  -1.198786e-08  +1.211227e-05  
+9.560598e-04  +7.640513e-04  +1.134644e-02  +3.810822e-02  +3.697411e-03  -2.112244e-03  +1.759917e-02  -4.393980e-02  -1.068794e-03  +4.578951e-02  -8.969408e-02  -3.940040e-04  -5.853373e-04  +5.455196e+00  -1.195819e-04  +2.024363e-03  +1.204471e+01  +5.031561e-05  -7.631884e-05  +2.001750e+01  -1.076235e-04  +1.158252e-03  +1.136612e+01  
+2.395282e-07  -2.053317e-07  +2.448959e-07  +4.228073e-07  -1.111858e-06  +2.123713e-07  -1.492222e-07  -1.658207e-06  +2.841539e-09  +7.628220e-07  +5.422247e-07  -1.263674e-07  -1.301605e-07  -1.404687e-04  +1.329828e-08  -1.262188e-07  -3.098225e-04  -6.284765e-08  +8.738072e-08  -1.076235e-04  +4.131891e-07  -2.350958e-08  -7.280230e-05  
+1.530210e-07  +3.313304e-08  +2.984211e-07  +2.471803e-06  +1.434649e-07  -1.093847e-07  +8.611305e-07  -2.917435e-06  -5.684429e-08  +2.490029e-06  -5.039975e-06  -2.952336e-08  +7.882715e-08  +3.429759e-04  +1.374363e-08  +1.051948e-07  +8.149861e-04  -3.548100e-08  -1.198786e-08  +1.158252e-03  -2.350958e-08  +3.045103e-07  +6.317291e-04  
+1.759712e-03  -1.599791e-04  +1.144095e-02  +1.269613e-02  +2.343198e-03  -2.503033e-04  +1.171173e-02  -3.004933e-02  -7.972193e-04  +3.294371e-02  -4.778702e-02  +2.045222e-05  -8.349392e-04  +2.586748e+00  +2.260489e-04  +1.373496e-03  +6.825624e+00  -9.005179e-04  +1.211227e-05  +1.136612e+01  -7.280230e-05  +6.317291e-04  +9.244240e+00  
