mean:
+3.983758e+00  +3.940845e+00  +6.200946e-01  -1.166285e+00  +1.643101e+00  +4.978628e-01  +9.131603e-01  +2.099433e+00  +1.462944e-01  +1.967063e+00  +4.845435e+00  +1.839367e+00  +2.983722e+00  +8.023205e+02  +4.960109e+00  +4.479923e+00  +2.014668e+03  
covariance:
+6.500338e-06  +1.560898e-06  -3.905951e-06  +1.448713e-05  +6.031532e-06  -7.149660e-07  +4.241633e-06  +3.391917e-06  +4.840536e-08  -5.231211e-07  -3.622369e-05  -5.553449e-08  -5.179329e-07  +8.397304e-04  -6.784333e-08  -2.253415e-08  +4.695876e-03  
+1.560898e-06  +5.834898e-06  +1.562668e-06  +2.647952e-07  +9.522881e-07  +5.483439e-07  -1.530850e-06  -7.420371e-06  +5.725200e-07  -1.550914e-06  +8.955746e-06  -5.610148e-08  -3.882301e-07  +2.780347e-04  -1.240182e-07  -9.859450e-08  -1.210914e-03  
-3.905951e-06  +1.562668e-06  +6.051942e-05  -1.187656e-04  -9.026724e-05  +4.964949e-06  -5.091967e-05  -4.769989e-05  +1.290024e-06  -1.236998e-05  +3.071679e-04  -9.657247e-07  +1.297557e-06  -8.237861e-03  -3.347859e-07  +3.434546e-08  -3.640967e-02  
+1.448713e-05  +2.647952e-07  -1.187656e-04  +9.032204e-04  -1.630249e-04  -2.592049e-06  +2.608984e-04  -1.122284e-04  -4.165888e-05  +2.324148e-04  -5.746558e-04  -7.388452e-07  -7.999281e-06  +2.317660e-02  +3.031160e-07  +3.830570e-07  +1.057791e-01  
+6.031532e-06  +9.522881e-07  -9.026724e-05  -1.630249e-04  +9.414100e-04  -5.666546e-05  -6.019798e-05  +5.105803e-04  +4.741529e-05  -1.950544e-04  -1.284950e-03  +7.754025e-06  -3.524379e-06  +2.517399e-02  +9.079030e-07  -6.379653e-07  +1.335307e-01  
-7.149660e-07  +5.483439e-07  +4.964949e-06  -2.592049e-06  -5.666546e-05  +8.959209e-06  +5.130305e-06  -4.364904e-05  -3.506668e-06  +1.022028e-05  +1.137413e-04  -5.563652e-07  +1.003919e-07  -1.219725e-03  +8.113236e-09  -7.675627e-08  -1.307868e-02  
+4.241633e-06  -1.530850e-06  -5.091967e-05  +2.608984e-04  -6.019798e-05  +5.130305e-06  +1.417076e-04  -5.834388e-05  -2.034469e-05  +8.589436e-05  -1.806960e-04  -2.280669e-06  -2.397763e-06  +7.435076e-03  +4.703280e-07  -3.366414e-07  +4.631504e-02  
+3.391917e-06  -7.420371e-06  -4.769989e-05  -1.122284e-04  +5.105803e-04  -4.364904e-05  -5.834388e-05  +8.381718e-04  +5.156620e-05  -2.494957e-04  -1.173207e-03  +9.927748e-06  -1.763333e-06  +1.127313e-02  -1.216686e-07  -1.459375e-06  +6.973842e-02  
+4.840536e-08  +5.725200e-07  +1.290024e-06  -4.165888e-05  +4.741529e-05  -3.506668e-06  -2.034469e-05  +5.156620e-05  +9.106696e-06  -4.521093e-05  -8.552533e-05  +6.994398e-07  +1.098478e-07  +3.415408e-05  +4.718977e-11  -7.282112e-08  -2.882279e-03  
-5.231211e-07  -1.550914e-06  -1.236998e-05  +2.324148e-04  -1.950544e-04  +1.022028e-05  +8.589436e-05  -2.494957e-04  -4.521093e-05  +2.949795e-04  +3.292177e-04  -1.924207e-06  -1.086518e-06  +2.280303e-03  +2.445069e-07  +1.189756e-06  +4.183094e-02  
-3.622369e-05  +8.955746e-06  +3.071679e-04  -5.746558e-04  -1.284950e-03  +1.137413e-04  -1.806960e-04  -1.173207e-03  -8.552533e-05  +3.292177e-04  +4.058491e-03  -1.808682e-05  +1.243102e-05  -6.260099e-02  -1.544512e-06  -8.414298e-07  -3.619985e-01  
-5.553449e-08  -5.610148e-08  -9.657247e-07  -7.388452e-07  +7.754025e-06  -5.563652e-07  -2.280669e-06  +9.927748e-06  +6.994398e-07  -1.924207e-06  -1.808682e-05  +7.331532e-07  -4.377739e-08  +3.031945e-04  -2.286258e-08  +2.557546e-08  +8.800318e-04  
-5.179329e-07  -3.882301e-07  +1.297557e-06  -7.999281e-06  -3.524379e-06  +1.003919e-07  -2.397763e-06  -1.763333e-06  +1.098478e-07  -1.086518e-06  +1.243102e-05  -4.377739e-08  +9.026886e-07  -5.980383e-04  +4.243451e-08  +8.889269e-08  -2.586514e-03  
+8.397304e-04  +2.780347e-04  -8.237861e-03  +2.317660e-02  +2.517399e-02  -1.219725e-03  +7.435076e-03  +1.127313e-02  +3.415408e-05  +2.280303e-03  -6.260099e-02  +3.031945e-04  -5.980383e-04  +3.901920e+00  +1.296005e-04  +6.019782e-05  +1.068520e+01  
-6.784333e-08  -1.240182e-07  -3.347859e-07  +3.031160e-07  +9.079030e-07  +8.113236e-09  +4.703280e-07  -1.216686e-07  +4.718977e-11  +2.445069e-07  -1.544512e-06  -2.286258e-08  +4.243451e-08  +1.296005e-04  +2.308124e-07  -5.867120e-09  +4.475889e-04  
-2.253415e-08  -9.859450e-08  +3.434546e-08  +3.830570e-07  -6.379653e-07  -7.675627e-08  -3.366414e-07  -1.459375e-06  -7.282112e-08  +1.189756e-06  -8.414298e-07  +2.557546e-08  +8.889269e-08  +6.019782e-05  -5.867120e-09  +3.971250e-07  +6.378596e-04  
+4.695876e-03  -1.210914e-03  -3.640967e-02  +1.057791e-01  +1.335307e-01  -1.307868e-02  +4.631504e-02  +6.973842e-02  -2.882279e-03  +4.183094e-02  -3.619985e-01  +8.800318e-04  -2.586514e-03  +1.068520e+01  +4.475889e-04  +6.378596e-04  +7.625486e+01  
