mean:
+3.913628e+00  +3.897082e+00  +8.640578e-01  +1.295587e+00  +1.446696e+00  +6.070698e-01  +8.450963e-01  +1.394852e+00  +1.543625e-01  +1.925442e+00  +5.828749e+00  +3.484367e+00  +2.610144e+00  +1.946021e+02  +4.263320e+00  +5.275704e+00  +2.807322e+02  +5.350512e+00  +3.758062e+00  +3.254111e+02  +2.640375e+00  +4.559528e+00  +3.952298e+02  
covariance:
+7.108559e-06  -4.186633e-07  +8.022813e-06  +2.286668e-05  +4.840778e-06  +2.749093e-06  +1.746302e-05  +1.915099e-06  -8.882186e-06  +7.398563e-05  -8.687928e-05  +7.572251e-08  +1.652123e-07  +3.591656e-04  -1.176533e-06  +1.533562e-06  +4.458442e-03  +5.934951e-07  +3.388797e-07  +2.426690e-03  +3.014780e-07  -5.811902e-07  -1.991502e-04  
-4.186633e-07  +8.520845e-07  +8.799627e-07  +5.990015e-06  +1.310071e-06  +9.954568e-08  +4.357263e-06  +4.798102e-06  -1.874867e-06  +1.473102e-05  -2.158055e-05  +1.135716e-08  -1.260613e-08  -1.197818e-04  -3.402816e-07  +1.532174e-07  +1.191088e-03  -7.501845e-08  +3.456839e-07  +7.212063e-04  -4.712979e-08  -5.165914e-08  -6.156317e-04  
+8.022813e-06  +8.799627e-07  +2.664336e-05  +4.569145e-05  +6.598480e-06  +5.767127e-06  +3.633866e-05  +9.241238e-06  -1.956217e-05  +1.693053e-04  -1.902821e-04  +3.574853e-08  -5.810851e-07  +8.551653e-04  -3.298501e-06  +3.614380e-06  +1.117124e-02  +2.779040e-07  +3.941089e-07  +3.572142e-03  +1.117881e-06  -1.650582e-06  -2.395854e-03  
+2.286668e-05  +5.990015e-06  +4.569145e-05  +2.886073e-04  +5.868254e-05  +2.303033e-06  +1.410700e-04  +1.072824e-04  -6.655694e-05  +6.021392e-04  -7.510154e-04  +8.814474e-08  +1.298961e-06  +5.245984e-03  -1.275802e-05  +8.267937e-06  +4.139429e-02  +3.057638e-06  +9.524546e-06  +2.144838e-02  +5.843825e-07  -3.860386e-06  -1.630343e-02  
+4.840778e-06  +1.310071e-06  +6.598480e-06  +5.868254e-05  +4.771988e-05  -1.062061e-07  +3.125931e-05  +2.525561e-05  -1.370193e-05  +1.249962e-04  -1.643553e-04  +1.140735e-06  +1.270377e-06  +2.351661e-03  -7.836930e-07  +8.553314e-07  +7.074980e-03  +4.216354e-07  +2.882853e-06  +5.989105e-03  +2.725164e-07  -6.979965e-07  -2.284996e-03  
+2.749093e-06  +9.954568e-08  +5.767127e-06  +2.303033e-06  -1.062061e-07  +6.926252e-06  +1.406760e-05  -1.163025e-05  -5.519235e-06  +4.140602e-05  -6.073227e-05  +4.546192e-07  +2.743158e-07  -1.137674e-03  -7.111700e-07  +1.829437e-06  +3.659299e-03  +6.030798e-08  -6.769380e-08  +1.045207e-03  +3.273322e-07  -1.404579e-07  +1.026804e-03  
+1.746302e-05  +4.357263e-06  +3.633866e-05  +1.410700e-04  +3.125931e-05  +1.406760e-05  +1.159002e-04  +4.661012e-05  -5.081063e-05  +4.320177e-04  -5.494787e-04  +3.048570e-07  +5.164062e-07  +4.676725e-04  -7.524703e-06  +6.944149e-06  +2.939324e-02  +1.520854e-06  +4.416337e-06  +1.640996e-02  +6.009037e-07  -1.714938e-06  -6.328787e-03  
+1.915099e-06  +4.798102e-06  +9.241238e-06  +1.072824e-04  +2.525561e-05  -1.163025e-05  +4.661012e-05  +1.640868e-04  -1.885294e-05  +1.862972e-04  -3.001785e-04  +6.493885e-07  -1.376520e-06  -1.700472e-03  -5.183147e-06  -1.460082e-06  +1.758656e-02  -2.776032e-06  +6.406155e-06  +8.589744e-03  -2.600872e-06  -2.999926e-06  -1.563345e-02  
-8.882186e-06  -1.874867e-06  -1.956217e-05  -6.655694e-05  -1.370193e-05  -5.519235e-06  -5.081063e-05  -1.885294e-05  +2.484512e-05  -2.094372e-04  +2.453260e-04  -3.752414e-09  -1.075960e-07  -1.526917e-03  +3.503031e-06  -3.288979e-06  -1.317093e-02  -8.182061e-07  -1.462017e-06  -6.970591e-03  -4.477728e-07  +8.896211e-07  +2.665526e-03  
+7.398563e-05  +1.473102e-05  +1.693053e-04  +6.021392e-04  +1.249962e-04  +4.140602e-05  +4.320177e-04  +1.862972e-04  -2.094372e-04  +1.821319e-03  -2.135559e-03  -7.912465e-07  +1.838749e-07  +1.488709e-02  -3.154960e-05  +2.780101e-05  +1.140678e-01  +7.361270e-06  +1.339966e-05  +5.987496e-02  +3.354399e-06  -8.194571e-06  -2.674450e-02  
-8.687928e-05  -2.158055e-05  -1.902821e-04  -7.510154e-04  -1.643553e-04  -6.073227e-05  -5.494787e-04  -3.001785e-04  +2.453260e-04  -2.135559e-03  +2.837577e-03  -2.438471e-06  +4.271135e-07  +3.283274e-03  +4.264467e-05  -3.610896e-05  -1.514091e-01  -4.780305e-06  -2.644439e-05  -7.738815e-02  -1.238656e-06  +1.205573e-05  +4.186029e-02  
+7.572251e-08  +1.135716e-08  +3.574853e-08  +8.814474e-08  +1.140735e-06  +4.546192e-07  +3.048570e-07  +6.493885e-07  -3.752414e-09  -7.912465e-07  -2.438471e-06  +9.871783e-07  +1.477664e-07  -1.521999e-04  +2.674387e-07  -5.127001e-08  +2.385207e-04  -3.782258e-07  +1.029224e-07  -2.491262e-04  -7.874472e-08  +1.470628e-07  -1.297310e-04  
+1.652123e-07  -1.260613e-08  -5.810851e-07  +1.298961e-06  +1.270377e-06  +2.743158e-07  +5.164062e-07  -1.376520e-06  -1.075960e-07  +1.838749e-07  +4.271135e-07  +1.477664e-07  +4.804181e-07  +2.326718e-04  +1.396313e-07  -1.130370e-08  -5.243721e-05  +1.060144e-07  +9.890578e-08  +1.296324e-04  +5.228208e-08  +2.331717e-08  +2.596988e-04  
+3.591656e-04  -1.197818e-04  +8.551653e-04  +5.245984e-03  +2.351661e-03  -1.137674e-03  +4.676725e-04  -1.700472e-03  -1.526917e-03  +1.488709e-02  +3.283274e-03  -1.521999e-04  +2.326718e-04  +2.048867e+00  +2.118137e-04  -1.085706e-04  -5.082209e-01  +4.014459e-04  -3.844292e-04  +2.766482e-01  +1.866708e-04  +1.848068e-04  +2.905984e-01  
-1.176533e-06  -3.402816e-07  -3.298501e-06  -1.275802e-05  -7.836930e-07  -7.111700e-07  -7.524703e-06  -5.183147e-06  +3.503031e-06  -3.154960e-05  +4.264467e-05  +2.674387e-07  +1.396313e-07  +2.118137e-04  +1.427258e-06  -6.250447e-07  -2.411471e-03  -1.577563e-08  -4.620494e-07  -9.732866e-04  -1.043734e-07  +5.507899e-07  +1.040387e-03  
+1.533562e-06  +1.532174e-07  +3.614380e-06  +8.267937e-06  +8.553314e-07  +1.829437e-06  +6.944149e-06  -1.460082e-06  -3.288979e-06  +2.780101e-05  -3.610896e-05  -5.127001e-08  -1.130370e-08  -1.085706e-04  -6.250447e-07  +1.118360e-06  +1.990399e-03  +1.762039e-07  +1.020849e-07  +8.299226e-04  +2.225595e-07  -2.666298e-07  -4.176034e-05  
+4.458442e-03  +1.191088e-03  +1.117124e-02  +4.139429e-02  +7.074980e-03  +3.659299e-03  +2.939324e-02  +1.758656e-02  -1.317093e-02  +1.140678e-01  -1.514091e-01  +2.385207e-04  -5.243721e-05  -5.082209e-01  -2.411471e-03  +1.990399e-03  +9.288729e+00  +5.534418e-05  +1.469672e-03  +3.579249e+00  +9.148872e-05  -9.194356e-04  -2.635310e+00  
+5.934951e-07  -7.501845e-08  +2.779040e-07  +3.057638e-06  +4.216354e-07  +6.030798e-08  +1.520854e-06  -2.776032e-06  -8.182061e-07  +7.361270e-06  -4.780305e-06  -3.782258e-07  +1.060144e-07  +4.014459e-04  -1.577563e-08  +1.762039e-07  +5.534418e-05  +7.025264e-07  -1.056694e-07  +4.821925e-04  +5.771639e-08  +1.425160e-07  +3.530673e-04  
+3.388797e-07  +3.456839e-07  +3.941089e-07  +9.524546e-06  +2.882853e-06  -6.769380e-08  +4.416337e-06  +6.406155e-06  -1.462017e-06  +1.339966e-05  -2.644439e-05  +1.029224e-07  +9.890578e-08  -3.844292e-04  -4.620494e-07  +1.020849e-07  +1.469672e-03  -1.056694e-07  +9.001924e-07  +7.968044e-04  -9.717478e-08  -1.879121e-07  -8.880235e-04  
+2.426690e-03  +7.212063e-04  +3.572142e-03  +2.144838e-02  +5.989105e-03  +1.045207e-03  +1.640996e-02  +8.589744e-03  -6.970591e-03  +5.987496e-02  -7.738815e-02  -2.491262e-04  +1.296324e-04  +2.766482e-01  -9.732866e-04  +8.299226e-04  +3.579249e+00  +4.821925e-04  +7.968044e-04  +3.368086e+00  +4.400430e-05  -2.887451e-04  -7.524783e-01  
+3.014780e-07  -4.712979e-08  +1.117881e-06  +5.843825e-07  +2.725164e-07  +3.273322e-07  +6.009037e-07  -2.600872e-06  -4.477728e-07  +3.354399e-06  -1.238656e-06  -7.874472e-08  +5.228208e-08  +1.866708e-04  -1.043734e-07  +2.225595e-07  +9.148872e-05  +5.771639e-08  -9.717478e-08  +4.400430e-05  +3.602253e-07  -1.050848e-07  +1.206037e-04  
-5.811902e-07  -5.165914e-08  -1.650582e-06  -3.860386e-06  -6.979965e-07  -1.404579e-07  -1.714938e-06  -2.999926e-06  +8.896211e-07  -8.194571e-06  +1.205573e-05  +1.470628e-07  +2.331717e-08  +1.848068e-04  +5.507899e-07  -2.666298e-07  -9.194356e-04  +1.425160e-07  -1.879121e-07  -2.887451e-04  -1.050848e-07  +8.406161e-07  +4.201124e-04  
-1.991502e-04  -6.156317e-04  -2.395854e-03  -1.630343e-02  -2.284996e-03  +1.026804e-03  -6.328787e-03  -1.563345e-02  +2.665526e-03  -2.674450e-02  +4.186029e-02  -1.297310e-04  +2.596988e-04  +2.905984e-01  +1.040387e-03  -4.176034e-05  -2.635310e+00  +3.530673e-04  -8.880235e-04  -7.524783e-01  +1.206037e-04  +4.201124e-04  +2.590702e+00  
