mean:
+3.920146e+00  +3.905059e+00  +6.429931e-01  -1.175955e+00  +1.667487e+00  +5.996816e-01  +9.164486e-01  +2.086685e+00  +1.435856e-01  +1.985314e+00  +4.761974e+00  +1.905839e+00  +3.007415e+00  +7.995235e+02  +4.959952e+00  +4.479766e+00  +2.006334e+03  
covariance:
+3.473755e-05  -2.868082e-06  +2.260722e-07  +8.586303e-06  -4.934434e-05  +2.556213e-07  -6.025608e-06  -3.655350e-05  +2.149432e-07  -2.026729e-05  +1.446562e-04  -2.315539e-07  +1.349786e-07  +2.677645e-03  -1.625445e-07  -2.781908e-07  +5.031454e-03  
-2.868082e-06  +7.327314e-06  +1.976118e-06  -1.609656e-05  +3.020725e-06  -1.287213e-06  -6.417608e-06  +1.138811e-05  +1.575179e-06  +1.637216e-05  -1.785878e-04  +9.885887e-08  +3.954168e-08  -3.733077e-03  -4.172815e-09  +2.227251e-08  +1.091648e-03  
+2.260722e-07  +1.976118e-06  +6.161372e-05  +1.425191e-04  -8.316688e-06  +7.683033e-07  -3.471865e-06  -9.618421e-07  +7.933770e-07  +6.476512e-05  -3.678263e-04  +1.790678e-06  +1.992116e-07  -3.150546e-03  +2.209431e-07  +6.295455e-07  +1.008834e-02  
+8.586303e-06  -1.609656e-05  +1.425191e-04  +9.558627e-04  -2.151207e-04  +4.945435e-07  +5.123182e-05  +3.865890e-05  -2.890651e-05  +9.311190e-05  +8.605948e-04  +2.443634e-06  +2.854952e-06  +3.292659e-02  +8.295846e-07  -1.469100e-06  +5.012980e-02  
-4.934434e-05  +3.020725e-06  -8.316688e-06  -2.151207e-04  +3.157166e-04  -4.587463e-06  +7.328893e-06  +5.994240e-05  +1.002748e-05  -4.079394e-06  -5.015118e-04  +2.328088e-06  -1.113302e-06  -2.136889e-02  -8.416771e-07  +1.285144e-06  -3.484499e-02  
+2.556213e-07  -1.287213e-06  +7.683033e-07  +4.945435e-07  -4.587463e-06  +7.038638e-06  +2.005986e-05  -5.050919e-05  -3.556696e-06  +2.664276e-06  +6.576485e-05  +4.045972e-07  -7.371358e-08  +4.224924e-03  +2.960442e-08  +1.986604e-07  -1.899451e-03  
-6.025608e-06  -6.417608e-06  -3.471865e-06  +5.123182e-05  +7.328893e-06  +2.005986e-05  +1.462816e-04  -2.564028e-04  -2.405682e-05  +2.654644e-07  +4.504188e-04  +1.243551e-06  +5.463456e-07  +2.642217e-02  +1.510942e-07  -5.994002e-07  -1.048276e-02  
-3.655350e-05  +1.138811e-05  -9.618421e-07  +3.865890e-05  +5.994240e-05  -5.050919e-05  -2.564028e-04  +9.059068e-04  +3.152111e-05  +6.255636e-05  -6.207474e-04  -3.306360e-06  -2.782484e-06  -5.264035e-02  -1.982680e-06  -1.926517e-06  +2.880436e-02  
+2.149432e-07  +1.575179e-06  +7.933770e-07  -2.890651e-05  +1.002748e-05  -3.556696e-06  -2.405682e-05  +3.152111e-05  +6.948854e-06  -5.426311e-06  -1.656205e-04  -1.859397e-07  +5.917569e-08  -5.914291e-03  +1.210366e-07  +2.645611e-07  +3.527267e-04  
-2.026729e-05  +1.637216e-05  +6.476512e-05  +9.311190e-05  -4.079394e-06  +2.664276e-06  +2.654644e-07  +6.255636e-05  -5.426311e-06  +2.945587e-04  -1.507476e-03  +2.124166e-06  +9.385373e-07  -1.560733e-02  -9.232936e-07  -1.557013e-06  +4.073892e-02  
+1.446562e-04  -1.785878e-04  -3.678263e-04  +8.605948e-04  -5.015118e-04  +6.576485e-05  +4.504188e-04  -6.207474e-04  -1.656205e-04  -1.507476e-03  +1.604999e-02  -7.285495e-06  -1.397712e-05  +2.692324e-01  -9.691433e-07  +8.332582e-07  -2.167189e-01  
-2.315539e-07  +9.885887e-08  +1.790678e-06  +2.443634e-06  +2.328088e-06  +4.045972e-07  +1.243551e-06  -3.306360e-06  -1.859397e-07  +2.124166e-06  -7.285495e-06  +5.927577e-07  -3.662151e-08  -1.738262e-05  -1.228303e-08  +8.053322e-08  -1.000796e-04  
+1.349786e-07  +3.954168e-08  +1.992116e-07  +2.854952e-06  -1.113302e-06  -7.371358e-08  +5.463456e-07  -2.782484e-06  +5.917569e-08  +9.385373e-07  -1.397712e-05  -3.662151e-08  +6.741006e-07  -2.367712e-04  +1.311581e-08  -1.705711e-08  +5.477453e-04  
+2.677645e-03  -3.733077e-03  -3.150546e-03  +3.292659e-02  -2.136889e-02  +4.224924e-03  +2.642217e-02  -5.264035e-02  -5.914291e-03  -1.560733e-02  +2.692324e-01  -1.738262e-05  -2.367712e-04  +9.942271e+00  +6.110862e-05  -1.249379e-04  -5.106952e-01  
-1.625445e-07  -4.172815e-09  +2.209431e-07  +8.295846e-07  -8.416771e-07  +2.960442e-08  +1.510942e-07  -1.982680e-06  +1.210366e-07  -9.232936e-07  -9.691433e-07  -1.228303e-08  +1.311581e-08  +6.110862e-05  +2.647988e-07  +4.564683e-08  -7.343973e-05  
-2.781908e-07  +2.227251e-08  +6.295455e-07  -1.469100e-06  +1.285144e-06  +1.986604e-07  -5.994002e-07  -1.926517e-06  +2.645611e-07  -1.557013e-06  +8.332582e-07  +8.053322e-08  -1.705711e-08  -1.249379e-04  +4.564683e-08  +3.459922e-07  -9.378093e-05  
+5.031454e-03  +1.091648e-03  +1.008834e-02  +5.012980e-02  -3.484499e-02  -1.899451e-03  -1.048276e-02  +2.880436e-02  +3.527267e-04  +4.073892e-02  -2.167189e-01  -1.000796e-04  +5.477453e-04  -5.106952e-01  -7.343973e-05  -9.378093e-05  +2.925129e+01  
