mean:
+3.912482e+00  +3.903410e+00  +6.534045e-01  -1.171086e+00  +1.732930e+00  +5.994156e-01  +9.059397e-01  +2.078294e+00  +1.513701e-01  +1.965573e+00  +4.749523e+00  +1.905359e+00  +3.007161e+00  +8.071580e+02  +4.959722e+00  +4.479887e+00  +2.013911e+03  
covariance:
+1.312926e-05  -2.798467e-06  +2.253966e-06  +2.194938e-06  +2.928111e-06  +1.904537e-06  -3.793164e-06  +7.594922e-06  +2.695412e-06  +8.397870e-06  -2.561150e-04  -1.059922e-07  +3.162304e-07  +4.061258e-03  -2.006824e-08  +3.742679e-08  +8.948703e-03  
-2.798467e-06  +5.642723e-06  -1.114589e-06  +7.871272e-07  +4.089090e-06  +1.658608e-06  -2.487148e-06  +1.133512e-05  +2.297955e-06  -2.295673e-07  -1.778107e-04  +1.849811e-07  -1.706543e-07  +3.766411e-03  -9.375405e-08  -1.567108e-07  +6.815792e-03  
+2.253966e-06  -1.114589e-06  +2.884168e-05  -2.995044e-06  +3.305623e-06  +6.154023e-07  -1.955219e-06  -3.988991e-06  -1.329739e-06  +1.671960e-05  -1.179688e-05  -3.098575e-07  +4.196860e-08  +1.619490e-03  -6.055315e-08  +4.177940e-08  +3.598865e-03  
+2.194938e-06  +7.871272e-07  -2.995044e-06  +4.954551e-05  +8.309071e-06  -9.293011e-08  +2.547178e-06  +6.130144e-06  -2.221347e-07  +1.086656e-05  -1.118677e-04  +2.553695e-07  -2.169977e-08  +1.808379e-03  +1.674729e-07  -8.878130e-07  +7.567759e-03  
+2.928111e-06  +4.089090e-06  +3.305623e-06  +8.309071e-06  +5.231948e-05  +1.231836e-06  -9.393713e-07  +9.644727e-06  +7.314683e-07  +3.024169e-05  -3.380025e-04  +2.009768e-07  +6.855322e-07  +5.852251e-03  -6.619252e-08  -5.210981e-07  +2.021692e-02  
+1.904537e-06  +1.658608e-06  +6.154023e-07  -9.293011e-08  +1.231836e-06  +2.659888e-06  -1.409857e-06  +1.096692e-05  +2.330241e-06  -2.531995e-06  -1.497083e-04  +1.938066e-07  -1.512447e-07  +3.006420e-03  -7.063449e-08  -1.961047e-07  +4.570356e-03  
-3.793164e-06  -2.487148e-06  -1.955219e-06  +2.547178e-06  -9.393713e-07  -1.409857e-06  +1.512357e-05  -1.751965e-05  -6.034051e-06  +5.250324e-06  +2.835969e-04  +1.855041e-07  +9.114451e-08  -5.415856e-03  +2.261669e-07  -4.430873e-07  -9.114491e-03  
+7.594922e-06  +1.133512e-05  -3.988991e-06  +6.130144e-06  +9.644727e-06  +1.096692e-05  -1.751965e-05  +9.790429e-05  +1.612196e-05  -2.322803e-05  -8.891392e-04  +9.520641e-07  -7.678705e-07  +1.922978e-02  -3.000048e-07  +1.057272e-07  +2.680244e-02  
+2.695412e-06  +2.297955e-06  -1.329739e-06  -2.221347e-07  +7.314683e-07  +2.330241e-06  -6.034051e-06  +1.612196e-05  +4.608275e-06  -6.549551e-06  -2.286204e-04  +1.621723e-07  -1.351023e-07  +4.476123e-03  -6.041486e-08  +3.927495e-08  +6.514233e-03  
+8.397870e-06  -2.295673e-07  +1.671960e-05  +1.086656e-05  +3.024169e-05  -2.531995e-06  +5.250324e-06  -2.322803e-05  -6.549551e-06  +7.437315e-05  -2.634706e-04  -6.334076e-07  +1.086071e-06  +3.690183e-03  +8.329216e-08  -5.690177e-07  +2.348650e-02  
-2.561150e-04  -1.778107e-04  -1.179688e-05  -1.118677e-04  -3.380025e-04  -1.497083e-04  +2.835969e-04  -8.891392e-04  -2.286204e-04  -2.634706e-04  +1.853685e-02  -6.397636e-06  -6.728183e-07  -3.487131e-01  +3.538151e-06  +5.636644e-06  -6.799625e-01  
-1.059922e-07  +1.849811e-07  -3.098575e-07  +2.553695e-07  +2.009768e-07  +1.938066e-07  +1.855041e-07  +9.520641e-07  +1.621723e-07  -6.334076e-07  -6.397636e-06  +2.476285e-07  -3.812552e-08  +1.230438e-04  +5.483300e-08  -9.558229e-08  +1.816647e-05  
+3.162304e-07  -1.706543e-07  +4.196860e-08  -2.169977e-08  +6.855322e-07  -1.512447e-07  +9.114451e-08  -7.678705e-07  -1.351023e-07  +1.086071e-06  -6.728183e-07  -3.812552e-08  +2.142845e-07  -4.801630e-05  -2.894034e-09  +1.258648e-08  +1.732203e-04  
+4.061258e-03  +3.766411e-03  +1.619490e-03  +1.808379e-03  +5.852251e-03  +3.006420e-03  -5.415856e-03  +1.922978e-02  +4.476123e-03  +3.690183e-03  -3.487131e-01  +1.230438e-04  -4.801630e-05  +7.463458e+00  -7.058611e-05  -1.527483e-04  +1.306557e+01  
-2.006824e-08  -9.375405e-08  -6.055315e-08  +1.674729e-07  -6.619252e-08  -7.063449e-08  +2.261669e-07  -3.000048e-07  -6.041486e-08  +8.329216e-08  +3.538151e-06  +5.483300e-08  -2.894034e-09  -7.058611e-05  +1.159403e-07  -1.899897e-08  -2.077800e-04  
+3.742679e-08  -1.567108e-07  +4.177940e-08  -8.878130e-07  -5.210981e-07  -1.961047e-07  -4.430873e-07  +1.057272e-07  +3.927495e-08  -5.690177e-07  +5.636644e-06  -9.558229e-08  +1.258648e-08  -1.527483e-04  -1.899897e-08  +2.645372e-07  -4.930828e-04  
+8.948703e-03  +6.815792e-03  +3.598865e-03  +7.567759e-03  +2.021692e-02  +4.570356e-03  -9.114491e-03  +2.680244e-02  +6.514233e-03  +2.348650e-02  -6.799625e-01  +1.816647e-05  +1.732203e-04  +1.306557e+01  -2.077800e-04  -4.930828e-04  +3.020803e+01  
