mean:
+3.927504e+00  +3.905244e+00  +6.566150e-01  -1.238089e+00  +1.677329e+00  +6.085122e-01  +9.196560e-01  +2.109604e+00  +1.416148e-01  +2.014701e+00  +4.817163e+00  +1.905619e+00  +3.007451e+00  +8.099177e+02  +4.960078e+00  +4.479509e+00  +2.012826e+03  
covariance:
+1.665139e-05  +7.768788e-06  -2.216608e-06  +1.305459e-05  -1.682557e-05  -9.030983e-07  -2.776295e-06  -2.625059e-06  +1.258560e-06  -1.372065e-05  +4.162112e-05  -4.231586e-07  -5.033116e-07  -9.221269e-05  -2.046814e-07  +2.157599e-07  -5.715864e-04  
+7.768788e-06  +1.063783e-05  +1.228728e-05  -8.113751e-05  +3.955248e-06  +1.436623e-06  -8.026931e-06  -3.377364e-05  -1.785106e-06  +3.245539e-05  -6.163238e-05  +3.233786e-07  -1.706416e-07  -6.901151e-04  -5.203057e-08  +1.851368e-07  +1.235458e-03  
-2.216608e-06  +1.228728e-05  +1.461017e-04  -7.131703e-04  +1.239459e-04  +2.162675e-05  -2.625747e-05  -2.201098e-04  -1.304946e-05  +2.695905e-04  -6.982428e-04  +2.144832e-06  -3.172617e-06  -2.149218e-03  +1.153911e-07  -2.234328e-07  +2.340265e-02  
+1.305459e-05  -8.113751e-05  -7.131703e-04  +5.547217e-03  -6.116852e-04  -1.354748e-04  +2.871548e-04  +1.721039e-03  +7.811043e-05  -1.824593e-03  +4.488105e-03  -1.063079e-05  +1.515239e-05  +1.173736e-01  -1.266148e-07  +2.977540e-06  -1.205548e-02  
-1.682557e-05  +3.955248e-06  +1.239459e-04  -6.116852e-04  +4.393326e-04  +1.056917e-05  -1.439195e-05  -1.978895e-04  -2.199586e-05  +3.756388e-04  -7.994457e-04  +3.595122e-06  -1.271670e-07  +7.595464e-03  -1.005393e-06  -8.357427e-07  +2.473489e-02  
-9.030983e-07  +1.436623e-06  +2.162675e-05  -1.354748e-04  +1.056917e-05  +1.044997e-05  -1.560668e-06  -3.598418e-05  -4.613356e-06  +7.996321e-05  -1.893744e-04  +1.125487e-07  -3.121017e-07  +2.939491e-03  +2.663115e-07  -3.062015e-07  +7.617894e-03  
-2.776295e-06  -8.026931e-06  -2.625747e-05  +2.871548e-04  -1.439195e-05  -1.560668e-06  +6.127855e-05  +9.912364e-05  +4.779069e-07  -9.513391e-05  +1.388605e-04  -9.369792e-07  -1.635072e-07  +4.715770e-03  +5.402469e-07  +6.306202e-08  +3.960855e-03  
-2.625059e-06  -3.377364e-05  -2.201098e-04  +1.721039e-03  -1.978895e-04  -3.598418e-05  +9.912364e-05  +6.818566e-04  +2.465812e-05  -5.867007e-04  +1.370695e-03  -3.041349e-06  +5.467263e-06  +4.183824e-02  +2.934849e-07  -2.402656e-07  -2.920182e-03  
+1.258560e-06  -1.785106e-06  -1.304946e-05  +7.811043e-05  -2.199586e-05  -4.613356e-06  +4.779069e-07  +2.465812e-05  +5.520925e-06  -6.726541e-05  +1.297257e-04  -2.636372e-07  +6.031997e-08  -3.972603e-03  -6.422499e-08  +3.481118e-08  -5.652190e-03  
-1.372065e-05  +3.245539e-05  +2.695905e-04  -1.824593e-03  +3.756388e-04  +7.996321e-05  -9.513391e-05  -5.867007e-04  -6.726541e-05  +1.173028e-03  -2.370431e-03  +4.873840e-06  -1.867381e-06  +3.772328e-02  -2.510409e-07  -1.778526e-06  +7.031433e-02  
+4.162112e-05  -6.163238e-05  -6.982428e-04  +4.488105e-03  -7.994457e-04  -1.893744e-04  +1.388605e-04  +1.370695e-03  +1.297257e-04  -2.370431e-03  +5.578191e-03  -1.021806e-05  +8.387491e-06  -2.770842e-02  -1.640190e-06  +5.951211e-06  -1.433914e-01  
-4.231586e-07  +3.233786e-07  +2.144832e-06  -1.063079e-05  +3.595122e-06  +1.125487e-07  -9.369792e-07  -3.041349e-06  -2.636372e-07  +4.873840e-06  -1.021806e-05  +6.000227e-07  +3.506339e-09  -3.186355e-04  +1.889465e-08  -4.677548e-08  -2.875903e-04  
-5.033116e-07  -1.706416e-07  -3.172617e-06  +1.515239e-05  -1.271670e-07  -3.121017e-07  -1.635072e-07  +5.467263e-06  +6.031997e-08  -1.867381e-06  +8.387491e-06  +3.506339e-09  +7.737828e-07  +8.468745e-04  +6.922050e-09  -2.255610e-08  -1.337109e-04  
-9.221269e-05  -6.901151e-04  -2.149218e-03  +1.173736e-01  +7.595464e-03  +2.939491e-03  +4.715770e-03  +4.183824e-02  -3.972603e-03  +3.772328e-02  -2.770842e-02  -3.186355e-04  +8.468745e-04  +1.872941e+01  +2.236062e-05  +4.459789e-05  +1.439542e+01  
-2.046814e-07  -5.203057e-08  +1.153911e-07  -1.266148e-07  -1.005393e-06  +2.663115e-07  +5.402469e-07  +2.934849e-07  -6.422499e-08  -2.510409e-07  -1.640190e-06  +1.889465e-08  +6.922050e-09  +2.236062e-05  +2.373339e-07  -1.692598e-09  +4.091383e-04  
+2.157599e-07  +1.851368e-07  -2.234328e-07  +2.977540e-06  -8.357427e-07  -3.062015e-07  +6.306202e-08  -2.402656e-07  +3.481118e-08  -1.778526e-06  +5.951211e-06  -4.677548e-08  -2.255610e-08  +4.459789e-05  -1.692598e-09  +3.338549e-07  +7.934642e-05  
-5.715864e-04  +1.235458e-03  +2.340265e-02  -1.205548e-02  +2.473489e-02  +7.617894e-03  +3.960855e-03  -2.920182e-03  -5.652190e-03  +7.031433e-02  -1.433914e-01  -2.875903e-04  -1.337109e-04  +1.439542e+01  +4.091383e-04  +7.934642e-05  +2.353916e+01  
