mean:
+3.983641e+00  +3.939437e+00  +6.577434e-01  -1.191853e+00  +1.579006e+00  +5.024982e-01  +9.117300e-01  +2.002445e+00  +1.472488e-01  +1.957804e+00  +4.864861e+00  +1.839376e+00  +2.983871e+00  +8.001138e+02  +4.959860e+00  +4.479890e+00  +2.000864e+03  
covariance:
+6.074649e-06  +9.294428e-07  +6.809739e-06  -3.973488e-06  -3.721037e-05  -5.163427e-07  +6.470883e-06  -1.171639e-05  -7.028163e-07  +7.605670e-06  -6.337685e-05  +6.747761e-08  -3.056161e-07  -2.284650e-04  +3.837936e-08  -4.421870e-08  +2.712015e-03  
+9.294428e-07  +5.584078e-06  -3.939320e-06  +1.441263e-05  +1.446154e-05  -1.800705e-07  +1.530431e-06  -5.051263e-07  +5.048672e-07  -6.581251e-06  +3.095335e-05  -3.217764e-07  -4.210584e-07  +2.241974e-05  +4.756590e-08  -9.547525e-08  -2.423885e-03  
+6.809739e-06  -3.939320e-06  +1.026604e-04  -9.649211e-06  -2.035199e-04  +6.909492e-06  -6.936972e-06  -9.654215e-05  +1.329283e-06  +7.860964e-05  -4.320422e-04  +4.060934e-07  -2.196798e-06  +4.720373e-03  +9.637258e-07  -2.000384e-07  +3.461776e-02  
-3.973488e-06  +1.441263e-05  -9.649211e-06  +2.303929e-03  -7.604828e-04  -4.332388e-05  +4.464406e-04  -7.804637e-05  -2.029898e-05  -4.191433e-04  +1.160523e-03  -1.542368e-06  -3.804235e-06  +3.592431e-02  +5.449693e-06  -1.661064e-06  -1.050899e-01  
-3.721037e-05  +1.446154e-05  -2.035199e-04  -7.604828e-04  +2.459222e-03  +5.328266e-05  -2.778240e-04  +1.483113e-04  -5.851006e-06  +5.266455e-05  +1.838532e-03  -3.340887e-06  +6.456584e-06  -6.408966e-02  -2.238169e-06  +1.118608e-06  -7.926307e-03  
-5.163427e-07  -1.800705e-07  +6.909492e-06  -4.332388e-05  +5.328266e-05  +5.265455e-06  -1.848021e-05  -1.122871e-05  +1.483029e-07  +1.992913e-05  -9.339114e-07  -1.332854e-07  -2.254207e-07  -1.094077e-03  -8.971974e-08  -1.933022e-08  +6.422969e-03  
+6.470883e-06  +1.530431e-06  -6.936972e-06  +4.464406e-04  -2.778240e-04  -1.848021e-05  +2.656549e-04  -1.989431e-05  -1.836580e-05  -8.639846e-05  -7.058661e-05  +5.949100e-07  -7.162051e-08  -1.480176e-02  +1.094403e-06  -4.602664e-08  -1.850983e-02  
-1.171639e-05  -5.051263e-07  -9.654215e-05  -7.804637e-05  +1.483113e-04  -1.122871e-05  -1.989431e-05  +4.687909e-04  +9.499479e-06  -1.605557e-04  +4.315131e-04  -2.702272e-06  +4.636209e-06  -1.123027e-02  -2.002947e-06  +1.093754e-06  -5.267429e-02  
-7.028163e-07  +5.048672e-07  +1.329283e-06  -2.029898e-05  -5.851006e-06  +1.483029e-07  -1.836580e-05  +9.499479e-06  +3.919207e-06  -9.338940e-06  -3.611279e-06  -6.599229e-08  -2.098068e-07  +2.199135e-03  -5.918743e-08  -1.568067e-08  -8.047773e-04  
+7.605670e-06  -6.581251e-06  +7.860964e-05  -4.191433e-04  +5.266455e-05  +1.992913e-05  -8.639846e-05  -1.605557e-04  -9.338940e-06  +2.751954e-04  -5.658500e-04  +5.481790e-07  -5.011682e-07  -2.402446e-03  -6.417668e-07  -2.234240e-07  +6.597879e-02  
-6.337685e-05  +3.095335e-05  -4.320422e-04  +1.160523e-03  +1.838532e-03  -9.339114e-07  -7.058661e-05  +4.315131e-04  -3.611279e-06  -5.658500e-04  +4.212822e-03  -3.758918e-06  +8.338733e-06  +6.811309e-04  +6.491594e-07  +1.015656e-06  -2.268181e-01  
+6.747761e-08  -3.217764e-07  +4.060934e-07  -1.542368e-06  -3.340887e-06  -1.332854e-07  +5.949100e-07  -2.702272e-06  -6.599229e-08  +5.481790e-07  -3.758918e-06  +5.692825e-07  +1.311648e-07  -5.793879e-05  +5.808236e-09  +2.887702e-08  +2.041029e-04  
-3.056161e-07  -4.210584e-07  -2.196798e-06  -3.804235e-06  +6.456584e-06  -2.254207e-07  -7.162051e-08  +4.636209e-06  -2.098068e-07  -5.011682e-07  +8.338733e-06  +1.311648e-07  +9.579457e-07  -4.494478e-04  +2.598374e-08  +1.197497e-07  -6.805865e-04  
-2.284650e-04  +2.241974e-05  +4.720373e-03  +3.592431e-02  -6.408966e-02  -1.094077e-03  -1.480176e-02  -1.123027e-02  +2.199135e-03  -2.402446e-03  +6.811309e-04  -5.793879e-05  -4.494478e-04  +8.442621e+00  +7.369649e-05  -1.231221e-04  -2.659951e+00  
+3.837936e-08  +4.756590e-08  +9.637258e-07  +5.449693e-06  -2.238169e-06  -8.971974e-08  +1.094403e-06  -2.002947e-06  -5.918743e-08  -6.417668e-07  +6.491594e-07  +5.808236e-09  +2.598374e-08  +7.369649e-05  +2.349083e-07  -1.223152e-08  -1.684920e-04  
-4.421870e-08  -9.547525e-08  -2.000384e-07  -1.661064e-06  +1.118608e-06  -1.933022e-08  -4.602664e-08  +1.093754e-06  -1.568067e-08  -2.234240e-07  +1.015656e-06  +2.887702e-08  +1.197497e-07  -1.231221e-04  -1.223152e-08  +2.245578e-07  +8.780008e-05  
+2.712015e-03  -2.423885e-03  +3.461776e-02  -1.050899e-01  -7.926307e-03  +6.422969e-03  -1.850983e-02  -5.267429e-02  -8.047773e-04  +6.597879e-02  -2.268181e-01  +2.041029e-04  -6.805865e-04  -2.659951e+00  -1.684920e-04  +8.780008e-05  +2.845432e+01  
