mean:
+3.956191e+00  +3.923277e+00  +6.627884e-01  -1.144048e+00  +1.612217e+00  +4.012172e-01  +9.064749e-01  +2.095592e+00  +1.512653e-01  +1.966601e+00  +4.859886e+00  +1.634970e+00  +2.883263e+00  +8.029855e+02  +4.800147e+00  +4.399889e+00  +2.003630e+03  
covariance:
+1.982583e-06  +6.995469e-08  -4.730049e-07  +1.864805e-06  -9.333775e-06  +6.261231e-07  +2.165720e-06  +2.952754e-06  -2.626885e-07  -1.580772e-06  +2.897153e-05  -1.214321e-07  -5.977573e-09  -1.953575e-04  +1.303383e-09  +2.730521e-08  -7.102171e-04  
+6.995469e-08  +2.729713e-06  +7.040347e-07  +1.093662e-06  -1.316312e-06  +4.784335e-07  +9.712240e-07  -9.755468e-08  -4.009497e-07  +1.501373e-06  +1.215198e-05  -2.402989e-08  -7.252027e-08  +1.389696e-05  +2.633130e-08  +2.300062e-08  -4.586346e-05  
-4.730049e-07  +7.040347e-07  +2.563109e-05  -1.409464e-05  +2.532207e-05  +1.948080e-07  -8.150519e-06  -6.147836e-06  +1.220131e-06  +7.742020e-06  -8.952246e-05  +2.538163e-07  +1.149929e-07  +3.912602e-03  +1.552971e-07  +8.755285e-08  -7.646385e-04  
+1.864805e-06  +1.093662e-06  -1.409464e-05  +4.264815e-04  -1.341198e-04  +3.659234e-05  +3.268514e-05  -7.720843e-05  -2.560638e-05  +1.006362e-04  +7.884221e-04  -1.181192e-06  +1.762645e-07  -1.508949e-02  +1.826941e-07  +2.063033e-06  +1.035676e-02  
-9.333775e-06  -1.316312e-06  +2.532207e-05  -1.341198e-04  +4.285254e-04  -2.770578e-05  -8.384527e-05  -4.631052e-05  +2.316513e-05  -5.727691e-06  -1.040095e-03  +1.381088e-06  +6.106383e-07  +4.541914e-03  +5.694407e-07  -4.053200e-07  +1.846596e-02  
+6.261231e-07  +4.784335e-07  +1.948080e-07  +3.659234e-05  -2.770578e-05  +6.012785e-06  +7.982294e-06  +3.158756e-06  -3.644236e-06  +9.747898e-06  +1.239433e-04  -1.502086e-07  -7.144166e-08  -1.181049e-03  -8.880868e-09  +1.564252e-07  -1.113578e-03  
+2.165720e-06  +9.712240e-07  -8.150519e-06  +3.268514e-05  -8.384527e-05  +7.982294e-06  +2.903354e-05  +2.396781e-05  -6.855760e-06  +1.928809e-06  +2.633633e-04  -6.410040e-07  -2.105940e-07  -1.154444e-03  -1.178389e-07  +9.313452e-08  -5.706496e-03  
+2.952754e-06  -9.755468e-08  -6.147836e-06  -7.720843e-05  -4.631052e-05  +3.158756e-06  +2.396781e-05  +1.355410e-04  +1.909564e-06  -4.962449e-05  +1.161856e-04  -5.328960e-07  -1.019546e-06  +1.895013e-03  -5.491942e-08  -9.110423e-07  -1.713455e-02  
-2.626885e-07  -4.009497e-07  +1.220131e-06  -2.560638e-05  +2.316513e-05  -3.644236e-06  -6.855760e-06  +1.909564e-06  +3.573313e-06  -1.148738e-05  -8.691064e-05  +1.292385e-07  +6.055199e-08  +7.243012e-04  +4.621685e-08  -1.882005e-07  +2.539371e-04  
-1.580772e-06  +1.501373e-06  +7.742020e-06  +1.006362e-04  -5.727691e-06  +9.747898e-06  +1.928809e-06  -4.962449e-05  -1.148738e-05  +8.179294e-05  +5.788419e-05  +3.107821e-07  -1.452587e-08  -2.626636e-04  -1.423801e-07  +1.306222e-06  +7.952942e-03  
+2.897153e-05  +1.215198e-05  -8.952246e-05  +7.884221e-04  -1.040095e-03  +1.239433e-04  +2.633633e-04  +1.161856e-04  -8.691064e-05  +5.788419e-05  +4.111458e-03  -8.660358e-06  -2.211236e-06  -4.638157e-02  -1.582410e-07  +1.847017e-06  -5.305326e-02  
-1.214321e-07  -2.402989e-08  +2.538163e-07  -1.181192e-06  +1.381088e-06  -1.502086e-07  -6.410040e-07  -5.328960e-07  +1.292385e-07  +3.107821e-07  -8.660358e-06  +1.701254e-07  +2.143887e-08  +9.817635e-05  -1.436380e-08  -2.037027e-09  +2.783626e-04  
-5.977573e-09  -7.252027e-08  +1.149929e-07  +1.762645e-07  +6.106383e-07  -7.144166e-08  -2.105940e-07  -1.019546e-06  +6.055199e-08  -1.452587e-08  -2.211236e-06  +2.143887e-08  +1.710015e-07  -8.741074e-05  +1.802588e-08  -5.210814e-09  +1.035217e-05  
-1.953575e-04  +1.389696e-05  +3.912602e-03  -1.508949e-02  +4.541914e-03  -1.181049e-03  -1.154444e-03  +1.895013e-03  +7.243012e-04  -2.626636e-04  -4.638157e-02  +9.817635e-05  -8.741074e-05  +2.179797e+00  +1.850745e-06  +9.101179e-06  -2.444390e-01  
+1.303383e-09  +2.633130e-08  +1.552971e-07  +1.826941e-07  +5.694407e-07  -8.880868e-09  -1.178389e-07  -5.491942e-08  +4.621685e-08  -1.423801e-07  -1.582410e-07  -1.436380e-08  +1.802588e-08  +1.850745e-06  +8.642870e-08  -3.775157e-09  -4.013673e-05  
+2.730521e-08  +2.300062e-08  +8.755285e-08  +2.063033e-06  -4.053200e-07  +1.564252e-07  +9.313452e-08  -9.110423e-07  -1.882005e-07  +1.306222e-06  +1.847017e-06  -2.037027e-09  -5.210814e-09  +9.101179e-06  -3.775157e-09  +1.173694e-07  +1.231280e-04  
-7.102171e-04  -4.586346e-05  -7.646385e-04  +1.035676e-02  +1.846596e-02  -1.113578e-03  -5.706496e-03  -1.713455e-02  +2.539371e-04  +7.952942e-03  -5.305326e-02  +2.783626e-04  +1.035217e-05  -2.444390e-01  -4.013673e-05  +1.231280e-04  +5.075985e+00  
