mean:
+3.943953e+00  +3.932908e+00  +8.383436e-01  +1.305063e+00  +1.425132e+00  +5.008501e-01  +7.924562e-01  +1.404384e+00  +1.719324e-01  +1.837567e+00  +5.981795e+00  +3.529970e+00  +2.654784e+00  +2.084822e+02  +4.293402e+00  +5.294255e+00  +2.797932e+02  +5.392711e+00  +3.763684e+00  +3.268758e+02  +2.638990e+00  +4.561324e+00  +3.914946e+02  
covariance:
+1.037835e-06  +3.783331e-07  -1.754389e-06  -7.984341e-06  +2.227272e-06  +5.688523e-07  -3.874622e-07  -2.185332e-06  -6.757506e-07  +1.176809e-05  -2.785958e-06  -2.676157e-06  -3.360193e-06  +7.838408e-04  -6.015697e-06  -3.469377e-07  +5.641753e-04  -3.825293e-06  -5.809696e-06  +1.030249e-03  +1.424138e-07  -2.062952e-07  +8.212624e-04  
+3.783331e-07  +1.633603e-05  -1.102977e-05  +3.199624e-06  +4.218525e-06  +8.374690e-07  +1.038936e-06  +4.586978e-06  -2.016946e-07  +2.061464e-05  -1.141007e-05  -9.557850e-06  -1.018275e-05  +4.068207e-03  -1.808578e-05  +3.683725e-07  +6.157397e-04  -1.107764e-05  -2.008576e-05  +3.297831e-03  -2.445105e-07  +8.939239e-07  +3.387744e-04  
-1.754389e-06  -1.102977e-05  +7.032445e-05  +4.151270e-05  -8.535511e-06  -1.633628e-06  -2.731834e-05  +2.813810e-05  +1.922925e-05  -1.488644e-04  +4.284439e-05  +2.157962e-05  +3.554599e-05  -1.881643e-02  +5.386160e-05  -6.203411e-06  -2.868116e-02  +2.772659e-05  +5.759796e-05  -2.030205e-02  -1.406138e-06  +4.794531e-06  -3.472247e-02  
-7.984341e-06  +3.199624e-06  +4.151270e-05  +3.813607e-04  -5.720061e-05  -1.905561e-05  +3.702400e-06  +1.568733e-04  +4.690391e-05  -4.383994e-04  +7.542736e-05  +5.060758e-05  +9.326649e-05  -2.280257e-02  +1.604147e-04  +2.288889e-06  -4.368088e-02  +9.768383e-05  +1.459666e-04  -3.338538e-02  -5.063371e-06  +1.494448e-05  -4.722690e-02  
+2.227272e-06  +4.218525e-06  -8.535511e-06  -5.720061e-05  +1.855938e-05  +4.477783e-06  -5.034668e-07  -2.352468e-05  -7.731312e-06  +7.992856e-05  -1.653364e-05  -1.356110e-05  -1.995326e-05  +5.105459e-03  -3.551842e-05  -1.152107e-06  +5.161514e-03  -2.223230e-05  -3.338608e-05  +6.036501e-03  +1.485577e-06  -1.964315e-06  +5.285147e-03  
+5.688523e-07  +8.374690e-07  -1.633628e-06  -1.905561e-05  +4.477783e-06  +3.917065e-06  -2.719104e-07  -1.829657e-05  -3.243942e-06  +3.000593e-05  -2.240844e-06  -3.526269e-06  -6.745693e-06  +2.417447e-03  -1.143701e-05  +1.706916e-07  +1.461668e-03  -6.680365e-06  -9.532378e-06  +5.928712e-04  +7.650169e-07  -8.680435e-07  +1.562600e-03  
-3.874622e-07  +1.038936e-06  -2.731834e-05  +3.702400e-06  -5.034668e-07  -2.719104e-07  +2.746930e-05  -9.633175e-06  -9.120379e-06  +3.865943e-05  -4.460158e-06  -3.271938e-06  -5.372048e-06  +7.748157e-03  -6.125597e-06  +3.791549e-06  +1.113692e-02  -1.090096e-06  -1.116961e-05  +7.723899e-03  +1.581581e-06  -2.796693e-06  +1.212391e-02  
-2.185332e-06  +4.586978e-06  +2.813810e-05  +1.568733e-04  -2.352468e-05  -1.829657e-05  -9.633175e-06  +1.997825e-04  +2.991641e-05  -2.333501e-04  +2.625709e-05  +1.890757e-05  +4.505413e-05  -1.935026e-02  +7.169774e-05  -3.171598e-06  -2.532477e-02  +3.811090e-05  +5.782146e-05  -1.024345e-02  -3.346624e-06  +7.438725e-06  -2.981105e-02  
-6.757506e-07  -2.016946e-07  +1.922925e-05  +4.690391e-05  -7.731312e-06  -3.243942e-06  -9.120379e-06  +2.991641e-05  +1.236653e-05  -8.791586e-05  +9.913065e-06  +8.745323e-06  +1.686128e-05  -7.035417e-03  +2.742929e-05  -2.073290e-06  -1.225310e-02  +1.478787e-05  +2.700751e-05  -7.685783e-03  -1.218786e-06  +3.260628e-06  -1.414988e-02  
+1.176809e-05  +2.061464e-05  -1.488644e-04  -4.383994e-04  +7.992856e-05  +3.000593e-05  +3.865943e-05  -2.333501e-04  -8.791586e-05  +7.608374e-04  -1.208316e-04  -9.280419e-05  -1.619551e-04  +5.585222e-02  -2.716274e-04  +1.029312e-05  +9.189398e-02  -1.543262e-04  -2.624382e-04  +6.411237e-02  +8.833221e-06  -2.420878e-05  +1.065297e-01  
-2.785958e-06  -1.141007e-05  +4.284439e-05  +7.542736e-05  -1.653364e-05  -2.240844e-06  -4.460158e-06  +2.625709e-05  +9.913065e-06  -1.208316e-04  +1.064326e-04  +1.934871e-05  +3.459725e-05  -1.132372e-02  +5.481286e-05  -8.398349e-07  -1.839683e-02  +3.338560e-05  +5.086062e-05  -1.542765e-02  -1.186827e-06  +3.021863e-06  -1.716442e-02  
-2.676157e-06  -9.557850e-06  +2.157962e-05  +5.060758e-05  -1.356110e-05  -3.526269e-06  -3.271938e-06  +1.890757e-05  +8.745323e-06  -9.280419e-05  +1.934871e-05  +2.049367e-05  +2.587833e-05  -8.062961e-03  +4.534209e-05  +7.323503e-07  -7.670659e-03  +2.770845e-05  +4.550459e-05  -9.559776e-03  -1.202083e-06  +1.785275e-06  -9.496426e-03  
-3.360193e-06  -1.018275e-05  +3.554599e-05  +9.326649e-05  -1.995326e-05  -6.745693e-06  -5.372048e-06  +4.505413e-05  +1.686128e-05  -1.619551e-04  +3.459725e-05  +2.587833e-05  +4.069078e-05  -1.295695e-02  +6.806666e-05  -1.019031e-06  -1.790304e-02  +4.007272e-05  +6.600885e-05  -1.515308e-02  -1.619607e-06  +4.188518e-06  -2.080532e-02  
+7.838408e-04  +4.068207e-03  -1.881643e-02  -2.280257e-02  +5.105459e-03  +2.417447e-03  +7.748157e-03  -1.935026e-02  -7.035417e-03  +5.585222e-02  -1.132372e-02  -8.062961e-03  -1.295695e-02  +7.221433e+00  -2.052204e-02  +1.421288e-03  +7.969200e+00  -1.121200e-02  -2.074754e-02  +5.517925e+00  +7.677914e-04  -1.499783e-03  +9.761851e+00  
-6.015697e-06  -1.808578e-05  +5.386160e-05  +1.604147e-04  -3.551842e-05  -1.143701e-05  -6.125597e-06  +7.169774e-05  +2.742929e-05  -2.716274e-04  +5.481286e-05  +4.534209e-05  +6.806666e-05  -2.052204e-02  +1.168931e-04  -4.654579e-07  -2.728048e-02  +6.963557e-05  +1.132660e-04  -2.455377e-02  -2.887316e-06  +6.938396e-06  -3.160820e-02  
-3.469377e-07  +3.683725e-07  -6.203411e-06  +2.288889e-06  -1.152107e-06  +1.706916e-07  +3.791549e-06  -3.171598e-06  -2.073290e-06  +1.029312e-05  -8.398349e-07  +7.323503e-07  -1.019031e-06  +1.421288e-03  -4.654579e-07  +1.791473e-06  +3.460773e-03  +8.385591e-07  -9.415595e-07  +1.181914e-03  +3.274379e-09  -5.437731e-07  +4.020238e-03  
+5.641753e-04  +6.157397e-04  -2.868116e-02  -4.368088e-02  +5.161514e-03  +1.461668e-03  +1.113692e-02  -2.532477e-02  -1.225310e-02  +9.189398e-02  -1.839683e-02  -7.670659e-03  -1.790304e-02  +7.969200e+00  -2.728048e-02  +3.460773e-03  +1.766733e+01  -1.375804e-02  -2.743149e-02  +1.011656e+01  +6.197175e-04  -3.486380e-03  +2.016645e+01  
-3.825293e-06  -1.107764e-05  +2.772659e-05  +9.768383e-05  -2.223230e-05  -6.680365e-06  -1.090096e-06  +3.811090e-05  +1.478787e-05  -1.543262e-04  +3.338560e-05  +2.770845e-05  +4.007272e-05  -1.121200e-02  +6.963557e-05  +8.385591e-07  -1.375804e-02  +4.282116e-05  +6.734055e-05  -1.399813e-02  -1.784254e-06  +3.672990e-06  -1.555735e-02  
-5.809696e-06  -2.008576e-05  +5.759796e-05  +1.459666e-04  -3.338608e-05  -9.532378e-06  -1.116961e-05  +5.782146e-05  +2.700751e-05  -2.624382e-04  +5.086062e-05  +4.550459e-05  +6.600885e-05  -2.074754e-02  +1.132660e-04  -9.415595e-07  -2.743149e-02  +6.734055e-05  +1.135745e-04  -2.569744e-02  -2.802646e-06  +6.714546e-06  -3.211282e-02  
+1.030249e-03  +3.297831e-03  -2.030205e-02  -3.338538e-02  +6.036501e-03  +5.928712e-04  +7.723899e-03  -1.024345e-02  -7.685783e-03  +6.411237e-02  -1.542765e-02  -9.559776e-03  -1.515308e-02  +5.517925e+00  -2.455377e-02  +1.181914e-03  +1.011656e+01  -1.399813e-02  -2.569744e-02  +8.625794e+00  +6.941912e-04  -2.082442e-03  +1.130630e+01  
+1.424138e-07  -2.445105e-07  -1.406138e-06  -5.063371e-06  +1.485577e-06  +7.650169e-07  +1.581581e-06  -3.346624e-06  -1.218786e-06  +8.833221e-06  -1.186827e-06  -1.202083e-06  -1.619607e-06  +7.677914e-04  -2.887316e-06  +3.274379e-09  +6.197175e-04  -1.784254e-06  -2.802646e-06  +6.941912e-04  +7.352311e-07  -3.764896e-07  +5.864620e-04  
-2.062952e-07  +8.939239e-07  +4.794531e-06  +1.494448e-05  -1.964315e-06  -8.680435e-07  -2.796693e-06  +7.438725e-06  +3.260628e-06  -2.420878e-05  +3.021863e-06  +1.785275e-06  +4.188518e-06  -1.499783e-03  +6.938396e-06  -5.437731e-07  -3.486380e-03  +3.672990e-06  +6.714546e-06  -2.082442e-03  -3.764896e-07  +1.459427e-06  -3.821637e-03  
+8.212624e-04  +3.387744e-04  -3.472247e-02  -4.722690e-02  +5.285147e-03  +1.562600e-03  +1.212391e-02  -2.981105e-02  -1.414988e-02  +1.065297e-01  -1.716442e-02  -9.496426e-03  -2.080532e-02  +9.761851e+00  -3.160820e-02  +4.020238e-03  +2.016645e+01  -1.555735e-02  -3.211282e-02  +1.130630e+01  +5.864620e-04  -3.821637e-03  +2.510586e+01  
