mean:
+3.983461e+00  +3.979676e+00  +6.165366e-01  +2.021036e+00  +1.272071e+00  +4.998124e-01  +8.148948e-01  +2.218684e+00  +3.802747e-02  +3.867527e+00  +5.916657e+00  +4.572806e+00  +3.237836e+00  +3.254343e+02  +2.590292e+00  +3.725704e+00  +4.520050e+02  +4.640116e+00  +4.959590e+00  +8.029960e+02  +3.990678e+00  +5.154678e+00  +4.347878e+02  
covariance:
+3.180739e-06  -1.710036e-06  +5.424472e-07  +4.085797e-06  -1.054153e-06  +1.369623e-07  -4.463075e-07  +1.272575e-06  -5.566656e-08  +3.414802e-06  -2.043895e-06  -1.842311e-07  -6.461337e-08  +3.338436e-06  +7.390806e-09  +1.131046e-07  -2.176540e-04  -4.875829e-08  -3.308390e-08  -1.869936e-05  -1.229343e-07  -9.782338e-08  +3.086937e-04  
-1.710036e-06  +3.651597e-06  +4.972890e-07  +1.602908e-05  +1.941143e-05  -1.116926e-06  -1.047477e-06  +6.275430e-06  +1.181514e-07  +5.383343e-06  -3.844700e-05  +4.604041e-07  +1.250809e-07  -1.538432e-03  +1.788976e-07  -4.388558e-08  +1.672817e-04  -2.662215e-07  +1.355243e-07  +2.842725e-03  -2.459275e-07  +4.765709e-07  +9.059005e-04  
+5.424472e-07  +4.972890e-07  +1.206734e-05  -3.792230e-06  +1.094790e-05  -8.075801e-07  +6.520548e-06  +8.417082e-06  -4.212745e-07  +1.356414e-05  -3.438199e-06  +2.308911e-07  -1.704819e-06  -9.232012e-04  +1.112680e-06  +1.290976e-06  +2.424420e-03  -1.277811e-07  +1.675601e-07  -2.346937e-04  -3.276843e-07  -6.906567e-07  +3.739946e-03  
+4.085797e-06  +1.602908e-05  -3.792230e-06  +4.323926e-04  +4.149614e-04  -2.211222e-05  -3.673636e-05  +1.464927e-04  +2.732184e-06  +1.481923e-04  -8.909825e-04  +2.499460e-06  +4.929303e-06  -3.125420e-02  +1.292051e-06  -6.359024e-09  -1.943737e-03  -3.692253e-06  +1.769199e-06  +6.041654e-02  -7.452431e-06  +1.002947e-05  +1.424146e-02  
-1.054153e-06  +1.941143e-05  +1.094790e-05  +4.149614e-04  +5.466734e-04  -2.835697e-05  -6.030864e-06  +1.884232e-04  +2.541392e-06  +1.385907e-04  -9.919170e-04  +3.841015e-06  +1.575760e-06  -3.391322e-02  +2.281814e-06  +3.831564e-06  +9.950038e-03  -1.862433e-06  +1.609045e-06  +6.922229e-02  -8.579435e-06  +8.443633e-06  +2.307471e-02  
+1.369623e-07  -1.116926e-06  -8.075801e-07  -2.211222e-05  -2.835697e-05  +1.964951e-06  +4.140001e-08  -1.061780e-05  -1.116061e-07  -7.956537e-06  +5.472012e-05  -2.716282e-07  +4.823942e-08  +1.860814e-03  -1.938527e-07  -2.573112e-07  -7.117911e-04  +1.132169e-07  -1.237457e-07  -3.795086e-03  +4.260949e-07  -5.453577e-07  -1.371173e-03  
-4.463075e-07  -1.047477e-06  +6.520548e-06  -3.673636e-05  -6.030864e-06  +4.140001e-08  +1.438760e-05  -3.950349e-06  -6.056268e-07  -6.369003e-06  +5.481847e-05  -1.318041e-07  -1.947194e-06  +2.217986e-03  +2.494771e-07  +9.799965e-07  +3.598665e-03  +9.737969e-07  -2.231605e-07  -3.950899e-03  +4.053143e-07  -1.655329e-06  +2.390397e-03  
+1.272575e-06  +6.275430e-06  +8.417082e-06  +1.464927e-04  +1.884232e-04  -1.061780e-05  -3.950349e-06  +1.039728e-04  +8.300097e-07  +5.456346e-05  -3.535568e-04  +2.498452e-06  +1.317682e-06  -1.392204e-02  +1.005283e-06  +2.695323e-06  +4.421183e-03  -1.458097e-06  +7.429915e-07  +2.617863e-02  -3.816457e-06  +3.190054e-06  +9.998295e-03  
-5.566656e-08  +1.181514e-07  -4.212745e-07  +2.732184e-06  +2.541392e-06  -1.116061e-07  -6.056268e-07  +8.300097e-07  +6.744836e-08  -2.076951e-08  -6.265832e-06  +2.099897e-08  +1.033145e-07  -2.027853e-04  -5.134538e-08  -4.374325e-08  -6.565148e-05  -1.720048e-08  +1.922655e-08  +4.800414e-04  -4.600726e-08  +1.128702e-07  -1.215732e-04  
+3.414802e-06  +5.383343e-06  +1.356414e-05  +1.481923e-04  +1.385907e-04  -7.956537e-06  -6.369003e-06  +5.456346e-05  -2.076951e-08  +9.270495e-05  -2.916089e-04  +1.444682e-06  -3.140823e-07  -1.181108e-02  +3.135987e-06  +1.636641e-06  -5.337139e-04  -2.375146e-06  +8.084428e-07  +1.791280e-02  -2.464260e-06  +2.522830e-06  +1.238470e-02  
-2.043895e-06  -3.844700e-05  -3.438199e-06  -8.909825e-04  -9.919170e-04  +5.472012e-05  +5.481847e-05  -3.535568e-04  -6.265832e-06  -2.916089e-04  +2.035838e-03  -7.460755e-06  -6.842009e-06  +7.089071e-02  -2.781579e-06  -3.578974e-06  -7.896015e-03  +6.584178e-06  -4.303108e-06  -1.408105e-01  +1.639616e-05  -2.162220e-05  -3.475561e-02  
-1.842311e-07  +4.604041e-07  +2.308911e-07  +2.499460e-06  +3.841015e-06  -2.716282e-07  -1.318041e-07  +2.498452e-06  +2.099897e-08  +1.444682e-06  -7.460755e-06  +2.945261e-07  +4.203523e-08  -3.773224e-04  +6.803121e-08  +6.026864e-08  +8.491192e-05  -1.049413e-07  +6.067554e-08  +6.124313e-04  +6.160351e-10  +8.021247e-08  +3.832627e-04  
-6.461337e-08  +1.250809e-07  -1.704819e-06  +4.929303e-06  +1.575760e-06  +4.823942e-08  -1.947194e-06  +1.317682e-06  +1.033145e-07  -3.140823e-07  -6.842009e-06  +4.203523e-08  +6.012263e-07  -2.464891e-04  -1.455132e-07  -1.862760e-07  -4.979173e-04  -6.780439e-08  -3.340530e-08  +5.971843e-04  -1.072302e-07  +2.328041e-07  -3.016193e-04  
+3.338436e-06  -1.538432e-03  -9.232012e-04  -3.125420e-02  -3.391322e-02  +1.860814e-03  +2.217986e-03  -1.392204e-02  -2.027853e-04  -1.181108e-02  +7.089071e-02  -3.773224e-04  -2.464891e-04  +2.890671e+00  -2.229582e-04  -2.682264e-04  -2.666463e-01  +4.008009e-04  -1.467546e-04  -5.034637e+00  +6.776470e-04  -8.555410e-04  -1.529450e+00  
+7.390806e-09  +1.788976e-07  +1.112680e-06  +1.292051e-06  +2.281814e-06  -1.938527e-07  +2.494771e-07  +1.005283e-06  -5.134538e-08  +3.135987e-06  -2.781579e-06  +6.803121e-08  -1.455132e-07  -2.229582e-04  +3.791987e-07  +2.002994e-07  -7.699709e-06  -1.056293e-07  +3.045068e-09  +4.770078e-05  -6.424490e-08  +1.718456e-08  +5.509885e-04  
+1.131046e-07  -4.388558e-08  +1.290976e-06  -6.359024e-09  +3.831564e-06  -2.573112e-07  +9.799965e-07  +2.695323e-06  -4.374325e-08  +1.636641e-06  -3.578974e-06  +6.026864e-08  -1.862760e-07  -2.682264e-04  +2.002994e-07  +3.695755e-07  +3.946146e-04  -7.074160e-08  -3.253176e-09  +2.636304e-04  -1.401017e-07  -5.290849e-08  +6.616559e-04  
-2.176540e-04  +1.672817e-04  +2.424420e-03  -1.943737e-03  +9.950038e-03  -7.117911e-04  +3.598665e-03  +4.421183e-03  -6.565148e-05  -5.337139e-04  -7.896015e-03  +8.491192e-05  -4.979173e-04  -2.666463e-01  -7.699709e-06  +3.946146e-04  +1.631304e+00  +2.334485e-04  +1.976833e-05  +6.174967e-01  -1.630815e-04  -2.102072e-04  +1.027421e+00  
-4.875829e-08  -2.662215e-07  -1.277811e-07  -3.692253e-06  -1.862433e-06  +1.132169e-07  +9.737969e-07  -1.458097e-06  -1.720048e-08  -2.375146e-06  +6.584178e-06  -1.049413e-07  -6.780439e-08  +4.008009e-04  -1.056293e-07  -7.074160e-08  +2.334485e-04  +3.124471e-07  -6.212286e-08  -4.972118e-04  +6.589957e-08  -1.357622e-07  -2.880671e-04  
-3.308390e-08  +1.355243e-07  +1.675601e-07  +1.769199e-06  +1.609045e-06  -1.237457e-07  -2.231605e-07  +7.429915e-07  +1.922655e-08  +8.084428e-07  -4.303108e-06  +6.067554e-08  -3.340530e-08  -1.467546e-04  +3.045068e-09  -3.253176e-09  +1.976833e-05  -6.212286e-08  +2.261369e-07  +2.116142e-04  +4.566342e-08  +4.915722e-08  +3.327189e-07  
-1.869936e-05  +2.842725e-03  -2.346937e-04  +6.041654e-02  +6.922229e-02  -3.795086e-03  -3.950899e-03  +2.617863e-02  +4.800414e-04  +1.791280e-02  -1.408105e-01  +6.124313e-04  +5.971843e-04  -5.034637e+00  +4.770078e-05  +2.636304e-04  +6.174967e-01  -4.972118e-04  +2.116142e-04  +1.049720e+01  -1.174565e-03  +1.620711e-03  +2.352733e+00  
-1.229343e-07  -2.459275e-07  -3.276843e-07  -7.452431e-06  -8.579435e-06  +4.260949e-07  +4.053143e-07  -3.816457e-06  -4.600726e-08  -2.464260e-06  +1.639616e-05  +6.160351e-10  -1.072302e-07  +6.776470e-04  -6.424490e-08  -1.401017e-07  -1.630815e-04  +6.589957e-08  +4.566342e-08  -1.174565e-03  +3.551282e-07  -1.679779e-07  -4.359976e-04  
-9.782338e-08  +4.765709e-07  -6.906567e-07  +1.002947e-05  +8.443633e-06  -5.453577e-07  -1.655329e-06  +3.190054e-06  +1.128702e-07  +2.522830e-06  -2.162220e-05  +8.021247e-08  +2.328041e-07  -8.555410e-04  +1.718456e-08  -5.290849e-08  -2.102072e-04  -1.357622e-07  +4.915722e-08  +1.620711e-03  -1.679779e-07  +5.078958e-07  +5.932359e-05  
+3.086937e-04  +9.059005e-04  +3.739946e-03  +1.424146e-02  +2.307471e-02  -1.371173e-03  +2.390397e-03  +9.998295e-03  -1.215732e-04  +1.238470e-02  -3.475561e-02  +3.832627e-04  -3.016193e-04  -1.529450e+00  +5.509885e-04  +6.616559e-04  +1.027421e+00  -2.880671e-04  +3.327189e-07  +2.352733e+00  -4.359976e-04  +5.932359e-05  +3.387848e+00  
