mean:
+3.957191e+00  +3.924938e+00  +6.621234e-01  -1.161966e+00  +1.679580e+00  +5.078624e-01  +9.235427e-01  +2.015224e+00  +1.490837e-01  +1.945200e+00  +4.904078e+00  +1.635375e+00  +2.883219e+00  +8.047814e+02  +4.800010e+00  +4.400126e+00  +2.016988e+03  
covariance:
+6.872820e-06  +9.126413e-09  -8.612168e-06  -9.974705e-06  -8.256219e-06  -9.862424e-07  -6.520238e-06  +1.811641e-05  +9.334435e-07  -1.637126e-06  +3.209113e-05  +5.737569e-08  -1.236562e-07  -4.486684e-04  -5.660077e-08  +9.942171e-08  -5.206798e-03  
+9.126413e-09  +7.541511e-06  +1.438564e-06  -8.994125e-06  +5.568370e-06  -9.654920e-08  +9.605789e-08  -9.726635e-06  -8.189518e-08  +2.461895e-06  -7.691174e-06  -7.746463e-09  +1.054934e-07  -3.439150e-04  -2.953789e-09  +5.603905e-08  +2.280317e-04  
-8.612168e-06  +1.438564e-06  +3.352853e-04  -5.934617e-05  +2.157372e-04  -3.706212e-05  +1.011146e-04  -5.326437e-04  +1.305770e-05  -1.010365e-04  -7.938103e-04  +6.151431e-07  +2.216280e-06  +8.116122e-03  -8.806781e-07  +2.997979e-06  +1.199690e-01  
-9.974705e-06  -8.994125e-06  -5.934617e-05  +1.672665e-03  -1.367719e-04  +5.349340e-05  +1.242514e-04  +2.326179e-04  -2.778063e-06  +8.473518e-05  -9.601621e-04  -5.051485e-06  +2.307448e-06  -1.558766e-02  +1.883028e-06  -9.364564e-06  -1.296971e-02  
-8.256219e-06  +5.568370e-06  +2.157372e-04  -1.367719e-04  +4.069656e-04  +1.102678e-05  +1.005646e-04  -6.072943e-04  -1.055022e-05  +9.076555e-05  -6.456041e-04  +1.154282e-06  +2.464979e-06  +1.599841e-02  -2.631143e-06  +7.409536e-07  +1.082304e-01  
-9.862424e-07  -9.654920e-08  -3.706212e-05  +5.349340e-05  +1.102678e-05  +1.930948e-05  +3.360912e-06  +1.283776e-05  -6.277134e-06  +5.247626e-05  +7.163696e-06  -3.282260e-07  +4.003175e-07  +2.224781e-03  +2.665927e-07  -9.134557e-07  -4.742306e-04  
-6.520238e-06  +9.605789e-08  +1.011146e-04  +1.242514e-04  +1.005646e-04  +3.360912e-06  +1.086817e-04  -1.968532e-04  -2.663289e-06  -2.108397e-05  -3.819411e-04  -1.135753e-06  +1.367261e-06  +3.261816e-03  +1.938266e-07  -8.987878e-07  +4.649474e-02  
+1.811641e-05  -9.726635e-06  -5.326437e-04  +2.326179e-04  -6.072943e-04  +1.283776e-05  -1.968532e-04  +1.580315e-03  +1.722170e-05  -1.874325e-04  +1.488831e-03  -4.941326e-06  -6.038921e-06  -3.409773e-02  +3.398818e-06  -3.502906e-06  -2.257597e-01  
+9.334435e-07  -8.189518e-08  +1.305770e-05  -2.778063e-06  -1.055022e-05  -6.277134e-06  -2.663289e-06  +1.722170e-05  +4.969089e-06  -3.312629e-05  -1.325927e-05  -9.973032e-08  -5.443171e-08  -9.917551e-04  -2.069375e-08  +2.679614e-07  +1.430228e-03  
-1.637126e-06  +2.461895e-06  -1.010365e-04  +8.473518e-05  +9.076555e-05  +5.247626e-05  -2.108397e-05  -1.874325e-04  -3.312629e-05  +3.282089e-04  +3.904065e-06  +1.908871e-06  +6.638680e-07  +1.008269e-02  -1.328364e-07  -1.269276e-06  -1.459688e-02  
+3.209113e-05  -7.691174e-06  -7.938103e-04  -9.601621e-04  -6.456041e-04  +7.163696e-06  -3.819411e-04  +1.488831e-03  -1.325927e-05  +3.904065e-06  +3.178254e-03  -8.418431e-07  -9.851712e-06  -2.840215e-02  +2.555813e-06  -1.497027e-06  -3.217362e-01  
+5.737569e-08  -7.746463e-09  +6.151431e-07  -5.051485e-06  +1.154282e-06  -3.282260e-07  -1.135753e-06  -4.941326e-06  -9.973032e-08  +1.908871e-06  -8.418431e-07  +7.601547e-07  -1.791420e-08  -2.133399e-04  -4.490285e-08  +6.841753e-08  -4.208694e-04  
-1.236562e-07  +1.054934e-07  +2.216280e-06  +2.307448e-06  +2.464979e-06  +4.003175e-07  +1.367261e-06  -6.038921e-06  -5.443171e-08  +6.638680e-07  -9.851712e-06  -1.791420e-08  +6.196610e-07  +1.242019e-04  +3.495993e-08  +4.467214e-08  +1.266903e-03  
-4.486684e-04  -3.439150e-04  +8.116122e-03  -1.558766e-02  +1.599841e-02  +2.224781e-03  +3.261816e-03  -3.409773e-02  -9.917551e-04  +1.008269e-02  -2.840215e-02  -2.133399e-04  +1.242019e-04  +5.117568e+00  -1.486730e-04  -1.690015e-04  +7.052060e+00  
-5.660077e-08  -2.953789e-09  -8.806781e-07  +1.883028e-06  -2.631143e-06  +2.665927e-07  +1.938266e-07  +3.398818e-06  -2.069375e-08  -1.328364e-07  +2.555813e-06  -4.490285e-08  +3.495993e-08  -1.486730e-04  +3.103683e-07  +3.264850e-09  -1.953555e-04  
+9.942171e-08  +5.603905e-08  +2.997979e-06  -9.364564e-06  +7.409536e-07  -9.134557e-07  -8.987878e-07  -3.502906e-06  +2.679614e-07  -1.269276e-06  -1.497027e-06  +6.841753e-08  +4.467214e-08  -1.690015e-04  +3.264850e-09  +4.805978e-07  +2.464994e-04  
-5.206798e-03  +2.280317e-04  +1.199690e-01  -1.296971e-02  +1.082304e-01  -4.742306e-04  +4.649474e-02  -2.257597e-01  +1.430228e-03  -1.459688e-02  -3.217362e-01  -4.208694e-04  +1.266903e-03  +7.052060e+00  -1.953555e-04  +2.464994e-04  +6.878152e+01  
