mean:
+3.928708e+00  +3.907800e+00  +6.500927e-01  -1.173134e+00  +1.686090e+00  +5.870367e-01  +9.108570e-01  +2.139725e+00  +1.450291e-01  +1.971881e+00  +4.765151e+00  +1.905634e+00  +3.007231e+00  +8.158603e+02  +4.960126e+00  +4.480095e+00  +2.016260e+03  
covariance:
+2.155237e-05  +7.848007e-06  +5.741575e-07  +5.213358e-05  -7.563095e-06  +6.468039e-06  +3.777387e-07  +1.460377e-07  -2.778566e-07  -3.696211e-05  +2.715953e-04  +1.739457e-07  -4.382587e-07  +4.238102e-03  -5.433265e-07  +1.652337e-07  -9.918111e-03  
+7.848007e-06  +1.601258e-05  +3.501793e-06  -2.776520e-05  -4.751473e-06  -4.217831e-06  -2.125886e-06  +6.725943e-06  -6.716313e-07  +3.205682e-05  -1.947355e-04  +6.996733e-07  +8.247416e-08  -2.344561e-03  -1.981509e-07  -5.089461e-07  +8.306539e-03  
+5.741575e-07  +3.501793e-06  +4.521059e-05  +3.719440e-05  +2.002450e-05  -1.116950e-05  +2.955478e-06  +5.343169e-05  +7.849490e-07  +2.077484e-05  -1.925990e-04  +6.076141e-08  -9.076124e-07  +1.227821e-02  -1.321779e-07  +4.185935e-07  +1.362771e-02  
+5.213358e-05  -2.776520e-05  +3.719440e-05  +8.755975e-04  -2.046066e-05  +5.671821e-05  +6.743737e-05  -2.935621e-05  -8.684267e-06  -4.612483e-04  +3.191910e-03  -1.120173e-06  -4.338497e-06  +9.044558e-02  -6.636517e-07  +7.307908e-06  -8.383834e-02  
-7.563095e-06  -4.751473e-06  +2.002450e-05  -2.046066e-05  +1.208496e-04  -1.112890e-05  -4.787106e-07  +5.578132e-05  +1.136621e-06  +6.374676e-05  -4.107343e-04  -2.001401e-06  -1.596352e-06  +6.820235e-03  +1.220046e-06  +4.834385e-07  +1.098826e-02  
+6.468039e-06  -4.217831e-06  -1.116950e-05  +5.671821e-05  -1.112890e-05  +2.626574e-05  -1.201338e-05  -8.314093e-05  +7.505365e-07  -8.193917e-05  +5.862227e-04  -7.642656e-08  +1.131328e-07  -9.290059e-03  +3.939062e-08  -3.023963e-07  -3.634897e-02  
+3.777387e-07  -2.125886e-06  +2.955478e-06  +6.743737e-05  -4.787106e-07  -1.201338e-05  +5.135768e-05  +1.100738e-05  -4.535568e-06  -1.232523e-05  +2.916556e-05  +1.534246e-06  -5.477878e-07  +2.318877e-02  +3.350304e-07  +1.026024e-06  +2.108896e-02  
+1.460377e-07  +6.725943e-06  +5.343169e-05  -2.935621e-05  +5.578132e-05  -8.314093e-05  +1.100738e-05  +6.365762e-04  +1.730207e-06  +1.451900e-04  -1.064757e-03  -2.643410e-06  -7.322388e-07  +5.640421e-02  +6.126887e-07  +1.924392e-06  +8.733749e-02  
-2.778566e-07  -6.716313e-07  +7.849490e-07  -8.684267e-06  +1.136621e-06  +7.505365e-07  -4.535568e-06  +1.730207e-06  +2.136419e-06  -2.870294e-06  -1.904081e-05  -2.261930e-07  +1.415003e-07  -2.195520e-03  +4.981488e-08  -1.048776e-07  -9.580143e-04  
-3.696211e-05  +3.205682e-05  +2.077484e-05  -4.612483e-04  +6.374676e-05  -8.193917e-05  -1.232523e-05  +1.451900e-04  -2.870294e-06  +5.174555e-04  -3.241510e-03  +1.372939e-07  -1.694184e-07  -2.905803e-02  +1.735153e-07  -2.663862e-06  +1.395509e-01  
+2.715953e-04  -1.947355e-04  -1.925990e-04  +3.191910e-03  -4.107343e-04  +5.862227e-04  +2.916556e-05  -1.064757e-03  -1.904081e-05  -3.241510e-03  +2.284454e-02  +5.113403e-07  -4.366890e-06  +1.684963e-01  -3.424319e-06  +2.024596e-05  -1.021684e+00  
+1.739457e-07  +6.996733e-07  +6.076141e-08  -1.120173e-06  -2.001401e-06  -7.642656e-08  +1.534246e-06  -2.643410e-06  -2.261930e-07  +1.372939e-07  +5.113403e-07  +8.479218e-07  -8.503550e-08  +2.421194e-04  -1.066168e-08  +1.025784e-07  +4.420023e-04  
-4.382587e-07  +8.247416e-08  -9.076124e-07  -4.338497e-06  -1.596352e-06  +1.131328e-07  -5.477878e-07  -7.322388e-07  +1.415003e-07  -1.694184e-07  -4.366890e-06  -8.503550e-08  +8.274505e-07  -1.140527e-03  -6.699900e-08  -1.717936e-07  -5.598290e-04  
+4.238102e-03  -2.344561e-03  +1.227821e-02  +9.044558e-02  +6.820235e-03  -9.290059e-03  +2.318877e-02  +5.640421e-02  -2.195520e-03  -2.905803e-02  +1.684963e-01  +2.421194e-04  -1.140527e-03  +2.685212e+01  +1.248255e-04  +1.853362e-03  +9.227257e+00  
-5.433265e-07  -1.981509e-07  -1.321779e-07  -6.636517e-07  +1.220046e-06  +3.939062e-08  +3.350304e-07  +6.126887e-07  +4.981488e-08  +1.735153e-07  -3.424319e-06  -1.066168e-08  -6.699900e-08  +1.248255e-04  +2.606842e-07  -1.410861e-08  +1.121370e-04  
+1.652337e-07  -5.089461e-07  +4.185935e-07  +7.307908e-06  +4.834385e-07  -3.023963e-07  +1.026024e-06  +1.924392e-06  -1.048776e-07  -2.663862e-06  +2.024596e-05  +1.025784e-07  -1.717936e-07  +1.853362e-03  -1.410861e-08  +4.886231e-07  +2.060064e-04  
-9.918111e-03  +8.306539e-03  +1.362771e-02  -8.383834e-02  +1.098826e-02  -3.634897e-02  +2.108896e-02  +8.733749e-02  -9.580143e-04  +1.395509e-01  -1.021684e+00  +4.420023e-04  -5.598290e-04  +9.227257e+00  +1.121370e-04  +2.060064e-04  +6.885080e+01  
