mean:
+3.982246e+00  +3.940651e+00  +6.326714e-01  -1.084762e+00  +1.586276e+00  +5.026101e-01  +9.074728e-01  +2.066501e+00  +1.513446e-01  +1.918878e+00  +4.905801e+00  +1.839420e+00  +2.983646e+00  +8.031967e+02  +4.959934e+00  +4.480114e+00  +2.001106e+03  
covariance:
+2.253803e-06  +5.384153e-07  -4.354378e-06  +9.763833e-06  -1.337511e-06  -6.611836e-07  +9.794255e-07  -5.753330e-06  +1.177911e-06  -7.747052e-06  -2.703409e-05  +4.705776e-08  -3.793614e-08  +8.765890e-04  +7.141147e-08  -3.878440e-08  +1.050224e-03  
+5.384153e-07  +2.183538e-06  +2.739348e-06  -2.510525e-06  -1.875840e-06  +5.871728e-07  -6.059519e-07  +1.608410e-07  -4.907802e-07  +4.088115e-06  +2.001467e-05  +1.594699e-08  +1.647095e-08  -5.632940e-04  +2.701914e-09  +5.545710e-08  -1.222538e-04  
-4.354378e-06  +2.739348e-06  +9.354698e-05  -1.951171e-04  -2.054254e-05  +1.448020e-05  -1.033997e-05  +8.266140e-05  -2.533910e-05  +1.569218e-04  +5.171988e-04  -1.938029e-08  +3.737258e-07  -1.776570e-02  -7.749663e-08  +2.629967e-07  -1.452852e-02  
+9.763833e-06  -2.510525e-06  -1.951171e-04  +7.731546e-04  -2.268755e-04  -1.424518e-05  +9.972812e-06  -2.712116e-04  +5.644752e-05  -3.527691e-04  -1.022151e-03  +1.956359e-06  -2.132728e-06  +3.746931e-02  +7.609005e-07  -2.724845e-07  +5.923824e-02  
-1.337511e-06  -1.875840e-06  -2.054254e-05  -2.268755e-04  +3.493210e-04  -1.787157e-05  +8.330534e-06  +1.137156e-04  +2.352238e-06  -9.359267e-06  -1.035252e-04  -1.754781e-06  +3.169052e-07  -1.646042e-03  -9.614364e-07  -6.665901e-08  -2.686011e-02  
-6.611836e-07  +5.871728e-07  +1.448020e-05  -1.424518e-05  -1.787157e-05  +5.478290e-06  -9.740481e-07  +1.305589e-05  -4.061353e-06  +2.417022e-05  +8.347997e-05  +2.111952e-07  -6.580845e-09  -2.841500e-03  +1.270773e-07  +1.124412e-08  -1.872105e-03  
+9.794255e-07  -6.059519e-07  -1.033997e-05  +9.972812e-06  +8.330534e-06  -9.740481e-07  +1.179450e-05  +3.277087e-06  +7.927433e-08  -7.632576e-06  -4.673163e-05  +2.608254e-08  -9.972636e-08  +8.329353e-05  +6.015860e-08  -4.679496e-07  -1.565027e-03  
-5.753330e-06  +1.608410e-07  +8.266140e-05  -2.712116e-04  +1.137156e-04  +1.305589e-05  +3.277087e-06  +2.562271e-04  -2.705113e-05  +1.623672e-04  +4.970827e-04  +4.423006e-07  -8.366599e-07  -2.434693e-02  -2.294375e-07  -7.216385e-07  -1.781866e-02  
+1.177911e-06  -4.907802e-07  -2.533910e-05  +5.644752e-05  +2.352238e-06  -4.061353e-06  +7.927433e-08  -2.705113e-05  +9.008625e-06  -5.242112e-05  -1.592845e-04  +1.251448e-07  -2.983796e-08  +6.028996e-03  +5.116792e-08  +3.990571e-08  +5.538552e-03  
-7.747052e-06  +4.088115e-06  +1.569218e-04  -3.527691e-04  -9.359267e-06  +2.417022e-05  -7.632576e-06  +1.623672e-04  -5.242112e-05  +3.197718e-04  +9.704575e-04  -8.261612e-07  +1.941238e-07  -3.597216e-02  -2.772881e-07  -3.953173e-08  -3.298860e-02  
-2.703409e-05  +2.001467e-05  +5.171988e-04  -1.022151e-03  -1.035252e-04  +8.347997e-05  -4.673163e-05  +4.970827e-04  -1.592845e-04  +9.704575e-04  +3.273519e-03  -2.483244e-06  +7.708579e-07  -1.143464e-01  -1.124138e-06  +1.675803e-06  -9.460579e-02  
+4.705776e-08  +1.594699e-08  -1.938029e-08  +1.956359e-06  -1.754781e-06  +2.111952e-07  +2.608254e-08  +4.423006e-07  +1.251448e-07  -8.261612e-07  -2.483244e-06  +1.830121e-07  -4.214668e-08  +6.158890e-05  +4.349467e-09  -1.622293e-08  +3.591273e-04  
-3.793614e-08  +1.647095e-08  +3.737258e-07  -2.132728e-06  +3.169052e-07  -6.580845e-09  -9.972636e-08  -8.366599e-07  -2.983796e-08  +1.941238e-07  +7.708579e-07  -4.214668e-08  +2.365529e-07  -1.429494e-06  +7.226370e-09  +1.306138e-08  -6.598561e-05  
+8.765890e-04  -5.632940e-04  -1.776570e-02  +3.746931e-02  -1.646042e-03  -2.841500e-03  +8.329353e-05  -2.434693e-02  +6.028996e-03  -3.597216e-02  -1.143464e-01  +6.158890e-05  -1.429494e-06  +5.159434e+00  +4.491192e-05  +3.853279e-05  +3.154959e+00  
+7.141147e-08  +2.701914e-09  -7.749663e-08  +7.609005e-07  -9.614364e-07  +1.270773e-07  +6.015860e-08  -2.294375e-07  +5.116792e-08  -2.772881e-07  -1.124138e-06  +4.349467e-09  +7.226370e-09  +4.491192e-05  +9.334763e-08  -3.297680e-10  +1.435696e-04  
-3.878440e-08  +5.545710e-08  +2.629967e-07  -2.724845e-07  -6.665901e-08  +1.124412e-08  -4.679496e-07  -7.216385e-07  +3.990571e-08  -3.953173e-08  +1.675803e-06  -1.622293e-08  +1.306138e-08  +3.853279e-05  -3.297680e-10  +1.066454e-07  -9.637132e-06  
+1.050224e-03  -1.222538e-04  -1.452852e-02  +5.923824e-02  -2.686011e-02  -1.872105e-03  -1.565027e-03  -1.781866e-02  +5.538552e-03  -3.298860e-02  -9.460579e-02  +3.591273e-04  -6.598561e-05  +3.154959e+00  +1.435696e-04  -9.637132e-06  +1.129022e+01  
