mean:
+3.978935e+00  +4.009670e+00  +8.838944e-01  +1.341343e+00  +1.247067e+00  +6.046365e-01  +8.154482e-01  +1.332234e+00  +1.609477e-01  +1.979318e+00  +5.816217e+00  +3.594965e+00  +2.901105e+00  +2.060519e+02  +4.310318e+00  +5.178871e+00  +2.833137e+02  +5.217906e+00  +3.940703e+00  +3.284410e+02  +2.879694e+00  +4.559614e+00  +3.939893e+02  
covariance:
+3.881469e-06  -3.896907e-07  +1.779193e-05  +3.873287e-05  -1.642426e-06  +6.469530e-06  -7.351642e-06  -3.094122e-05  -1.354593e-05  +1.093259e-04  -1.327913e-04  +1.096445e-07  -2.503885e-07  -2.434858e-04  +6.161445e-08  +2.595154e-07  +5.986476e-03  -2.297196e-07  +2.795201e-06  +5.494787e-03  +6.371147e-07  -1.508757e-08  +6.046519e-03  
-3.896907e-07  +3.615366e-06  -7.462753e-06  -1.363944e-05  +1.473322e-06  -2.269881e-06  +2.799552e-06  +1.297027e-05  +5.389444e-06  -4.348808e-05  +5.640222e-05  +1.150124e-07  +3.676548e-07  +4.552932e-04  -3.798367e-08  -6.294839e-08  -2.848502e-03  +1.880451e-07  -1.601358e-06  -2.401948e-03  -1.910606e-07  -1.952031e-07  -2.250121e-03  
+1.779193e-05  -7.462753e-06  +1.332225e-04  +2.260961e-04  -1.113949e-05  +3.343850e-05  -3.659530e-05  -1.968204e-04  -8.279813e-05  +6.571240e-04  -7.943350e-04  +1.618383e-08  -2.424172e-06  -3.658103e-03  +1.377134e-06  -2.058195e-06  +3.600273e-02  -3.456299e-06  +2.302904e-05  +3.301251e-02  +4.294765e-06  +5.027770e-07  +2.880149e-02  
+3.873287e-05  -1.363944e-05  +2.260961e-04  +6.191633e-04  -1.941739e-05  +1.017290e-04  -9.819243e-05  -4.194912e-04  -1.560656e-04  +1.301657e-03  -1.793403e-03  -1.281514e-06  -1.217055e-06  -8.837467e-03  +2.273843e-09  +3.684578e-06  +6.238139e-02  -1.898209e-06  +3.859809e-05  +7.313664e-02  +7.313743e-06  +1.086419e-06  +7.536077e-02  
-1.642426e-06  +1.473322e-06  -1.113949e-05  -1.941739e-05  +1.401148e-05  -4.026357e-06  +5.530856e-06  +1.409365e-05  +7.260338e-06  -5.946948e-05  +8.086848e-05  +1.458223e-07  +9.717886e-07  +1.040292e-03  -3.071118e-07  -2.521860e-07  -3.208037e-03  +1.883544e-07  -1.810186e-06  -3.829594e-03  -6.716676e-08  -2.768180e-07  -3.782193e-03  
+6.469530e-06  -2.269881e-06  +3.343850e-05  +1.017290e-04  -4.026357e-06  +2.505792e-05  -1.739456e-05  -5.097200e-05  -2.189611e-05  +1.949158e-04  -3.357858e-04  -4.804438e-07  +2.795132e-07  -2.568608e-03  +5.577932e-07  +1.990094e-06  +9.545379e-03  -3.164444e-07  +3.451462e-06  +1.276148e-02  +9.586522e-07  +2.116780e-07  +1.545912e-02  
-7.351642e-06  +2.799552e-06  -3.659530e-05  -9.819243e-05  +5.530856e-06  -1.739456e-05  +3.464483e-05  +7.550148e-05  +2.934437e-05  -2.672257e-04  +3.368920e-04  -1.091158e-06  -5.609287e-08  +1.064983e-03  +8.731118e-07  -2.786904e-06  -1.373219e-02  +5.907483e-07  -3.013243e-06  -1.451645e-02  +1.303398e-07  -3.779536e-07  -1.865311e-02  
-3.094122e-05  +1.297027e-05  -1.968204e-04  -4.194912e-04  +1.409365e-05  -5.097200e-05  +7.550148e-05  +5.342231e-04  +1.443929e-04  -1.157917e-03  +1.366501e-03  +5.093368e-06  +4.866647e-06  +7.800578e-03  -6.803420e-07  +1.706926e-06  -5.947680e-02  +4.870016e-07  -4.618462e-05  -5.830680e-02  -8.453980e-06  -4.373199e-07  -5.093178e-02  
-1.354593e-05  +5.389444e-06  -8.279813e-05  -1.560656e-04  +7.260338e-06  -2.189611e-05  +2.934437e-05  +1.443929e-04  +6.426212e-05  -5.062891e-04  +5.551521e-04  -5.002515e-07  +1.851402e-06  -1.676964e-04  -1.159051e-07  +2.026288e-07  -2.867942e-02  +1.308984e-06  -1.495592e-05  -2.406143e-02  -3.061511e-06  +3.460264e-08  -2.451283e-02  
+1.093259e-04  -4.348808e-05  +6.571240e-04  +1.301657e-03  -5.946948e-05  +1.949158e-04  -2.672257e-04  -1.157917e-03  -5.062891e-04  +4.076430e-03  -4.619991e-03  +4.704018e-06  -1.283108e-05  -2.370344e-03  -1.902404e-07  +4.118016e-06  +2.290747e-01  -1.045500e-05  +1.117226e-04  +1.986852e-01  +2.189623e-05  +3.971910e-07  +2.097660e-01  
-1.327913e-04  +5.640222e-05  -7.943350e-04  -1.793403e-03  +8.086848e-05  -3.357858e-04  +3.368920e-04  +1.366501e-03  +5.551521e-04  -4.619991e-03  +6.333524e-03  +6.942647e-06  +1.411610e-05  +3.105336e-02  -6.877385e-06  -1.607147e-05  -2.485351e-01  +1.296281e-05  -1.305838e-04  -2.585101e-01  -2.671845e-05  -5.429231e-06  -2.668983e-01  
+1.096445e-07  +1.150124e-07  +1.618383e-08  -1.281514e-06  +1.458223e-07  -4.804438e-07  -1.091158e-06  +5.093368e-06  -5.002515e-07  +4.704018e-06  +6.942647e-06  +1.078979e-06  +2.825711e-07  +2.265408e-04  -1.744318e-07  +7.242221e-08  +4.431239e-04  -3.077974e-07  -1.277708e-06  -3.105322e-04  -2.602445e-07  -1.102490e-07  +5.858727e-04  
-2.503885e-07  +3.676548e-07  -2.424172e-06  -1.217055e-06  +9.717886e-07  +2.795132e-07  -5.609287e-08  +4.866647e-06  +1.851402e-06  -1.283108e-05  +1.411610e-05  +2.825711e-07  +1.186122e-06  -1.863465e-05  -1.853088e-07  +2.499155e-07  -1.076138e-03  -6.122287e-09  -1.288594e-06  -7.672430e-04  -2.455061e-07  -4.647125e-08  +2.078346e-04  
-2.434858e-04  +4.552932e-04  -3.658103e-03  -8.837467e-03  +1.040292e-03  -2.568608e-03  +1.064983e-03  +7.800578e-03  -1.676964e-04  -2.370344e-03  +3.105336e-02  +2.265408e-04  -1.863465e-05  +2.440742e+00  -1.869795e-04  +1.037044e-05  -2.414439e-02  +3.418516e-04  -3.814752e-04  -1.247098e+00  +1.437233e-05  -1.886526e-04  -9.201254e-01  
+6.161445e-08  -3.798367e-08  +1.377134e-06  +2.273843e-09  -3.071118e-07  +5.577932e-07  +8.731118e-07  -6.803420e-07  -1.159051e-07  -1.902404e-07  -6.877385e-06  -1.744318e-07  -1.853088e-07  -1.869795e-04  +6.428245e-07  +2.679698e-09  -2.159659e-04  -9.881462e-09  +4.784364e-07  +3.363018e-04  +1.243225e-07  +4.171688e-08  -3.125429e-04  
+2.595154e-07  -6.294839e-08  -2.058195e-06  +3.684578e-06  -2.521860e-07  +1.990094e-06  -2.786904e-06  +1.706926e-06  +2.026288e-07  +4.118016e-06  -1.607147e-05  +7.242221e-08  +2.499155e-07  +1.037044e-05  +2.679698e-09  +1.161850e-06  +6.595972e-05  +2.467320e-07  -8.927999e-07  +7.756335e-04  -2.449319e-07  -1.142581e-08  +1.734416e-03  
+5.986476e-03  -2.848502e-03  +3.600273e-02  +6.238139e-02  -3.208037e-03  +9.545379e-03  -1.373219e-02  -5.947680e-02  -2.867942e-02  +2.290747e-01  -2.485351e-01  +4.431239e-04  -1.076138e-03  -2.414439e-02  -2.159659e-04  +6.595972e-05  +1.483077e+01  -8.328454e-04  +5.918465e-03  +1.047531e+01  +1.248410e-03  +4.916932e-05  +1.195974e+01  
-2.297196e-07  +1.880451e-07  -3.456299e-06  -1.898209e-06  +1.883544e-07  -3.164444e-07  +5.907483e-07  +4.870016e-07  +1.308984e-06  -1.045500e-05  +1.296281e-05  -3.077974e-07  -6.122287e-09  +3.418516e-04  -9.881462e-09  +2.467320e-07  -8.328454e-04  +8.333867e-07  -8.437505e-08  -6.386661e-04  -1.326143e-08  -1.201882e-07  -3.635535e-04  
+2.795201e-06  -1.601358e-06  +2.302904e-05  +3.859809e-05  -1.810186e-06  +3.451462e-06  -3.013243e-06  -4.618462e-05  -1.495592e-05  +1.117226e-04  -1.305838e-04  -1.277708e-06  -1.288594e-06  -3.814752e-04  +4.784364e-07  -8.927999e-07  +5.918465e-03  -8.437505e-08  +7.992066e-06  +6.399353e-03  +1.341025e-06  +3.878907e-07  +2.909769e-03  
+5.494787e-03  -2.401948e-03  +3.301251e-02  +7.313664e-02  -3.829594e-03  +1.276148e-02  -1.451645e-02  -5.830680e-02  -2.406143e-02  +1.986852e-01  -2.585101e-01  -3.105322e-04  -7.672430e-04  -1.247098e+00  +3.363018e-04  +7.756335e-04  +1.047531e+01  -6.386661e-04  +6.399353e-03  +1.238276e+01  +1.026239e-03  +3.331852e-04  +1.152525e+01  
+6.371147e-07  -1.910606e-07  +4.294765e-06  +7.313743e-06  -6.716676e-08  +9.586522e-07  +1.303398e-07  -8.453980e-06  -3.061511e-06  +2.189623e-05  -2.671845e-05  -2.602445e-07  -2.455061e-07  +1.437233e-05  +1.243225e-07  -2.449319e-07  +1.248410e-03  -1.326143e-08  +1.341025e-06  +1.026239e-03  +6.282455e-07  -3.555334e-08  +5.026976e-04  
-1.508757e-08  -1.952031e-07  +5.027770e-07  +1.086419e-06  -2.768180e-07  +2.116780e-07  -3.779536e-07  -4.373199e-07  +3.460264e-08  +3.971910e-07  -5.429231e-06  -1.102490e-07  -4.647125e-08  -1.886526e-04  +4.171688e-08  -1.142581e-08  +4.916932e-05  -1.201882e-07  +3.878907e-07  +3.331852e-04  -3.555334e-08  +4.409851e-07  +6.063840e-05  
+6.046519e-03  -2.250121e-03  +2.880149e-02  +7.536077e-02  -3.782193e-03  +1.545912e-02  -1.865311e-02  -5.093178e-02  -2.451283e-02  +2.097660e-01  -2.668983e-01  +5.858727e-04  +2.078346e-04  -9.201254e-01  -3.125429e-04  +1.734416e-03  +1.195974e+01  -3.635535e-04  +2.909769e-03  +1.152525e+01  +5.026976e-04  +6.063840e-05  +1.554566e+01  
