mean:
+4.032953e+00  +3.947356e+00  +6.062339e-01  +2.053623e+00  +1.262904e+00  +4.036784e-01  +8.895003e-01  +2.143684e+00  +4.572368e-02  +3.906632e+00  +5.915246e+00  +4.476044e+00  +3.300789e+00  +3.258822e+02  +2.492451e+00  +3.692308e+00  +4.570085e+02  +4.639938e+00  +4.960133e+00  +8.041161e+02  +4.020648e+00  +5.121818e+00  +4.391540e+02  
covariance:
+7.784962e-06  -4.166142e-06  +5.033442e-06  -1.959700e-05  -4.189887e-05  -3.203706e-06  -4.437908e-05  +2.024533e-05  +2.365003e-06  -2.792907e-05  +4.423941e-05  -1.342939e-06  -5.460098e-07  -1.101181e-03  -2.323981e-07  -1.068545e-06  -5.451039e-03  -3.283879e-07  +4.893882e-07  -4.189862e-03  +6.167297e-07  -2.413777e-07  -5.024008e-03  
-4.166142e-06  +1.305376e-05  -9.045641e-06  +4.521053e-05  +1.081406e-04  +9.327267e-06  +9.862203e-05  -4.335061e-05  -4.941498e-06  +5.477249e-05  -9.859206e-05  +2.618392e-06  -1.227778e-06  +3.213769e-03  +9.823711e-07  +1.703784e-06  +1.175680e-02  +4.909366e-07  +4.419757e-07  +1.097060e-02  -1.107815e-06  +2.538520e-06  +7.773327e-03  
+5.033442e-06  -9.045641e-06  +1.706490e-05  -5.342642e-05  -1.252644e-04  -1.259678e-05  -1.122270e-04  +6.689784e-05  +5.148590e-06  -5.363396e-05  +1.367835e-04  -2.494253e-06  +2.035049e-07  -4.115853e-03  -1.556567e-06  -3.022857e-07  -1.350076e-02  -9.652628e-07  -4.154544e-07  -1.416182e-02  +1.348554e-06  -3.016368e-06  -8.354938e-03  
-1.959700e-05  +4.521053e-05  -5.342642e-05  +2.847293e-04  +6.061324e-04  +4.084150e-05  +4.795436e-04  -1.911709e-04  -2.179075e-05  +2.220353e-04  -4.537949e-04  +1.233330e-05  -3.321904e-06  +1.435172e-02  +7.350775e-06  +9.251291e-06  +5.615013e-02  +2.877021e-06  +2.727887e-06  +5.514065e-02  -8.587936e-06  +1.393366e-05  +3.573987e-02  
-4.189887e-05  +1.081406e-04  -1.252644e-04  +6.061324e-04  +1.461851e-03  +1.103506e-04  +1.163894e-03  -4.845061e-04  -5.273178e-05  +5.208002e-04  -1.164622e-03  +2.940928e-05  -1.292493e-05  +3.342236e-02  +1.804555e-05  +1.832031e-05  +1.307585e-01  +7.539821e-06  +6.231873e-06  +1.431787e-01  -2.119546e-05  +3.659323e-05  +8.217696e-02  
-3.203706e-06  +9.327267e-06  -1.259678e-05  +4.084150e-05  +1.103506e-04  +1.490350e-05  +1.079077e-04  -7.306059e-05  -4.948129e-06  +4.959917e-05  -1.434979e-04  +2.018891e-06  -1.179609e-06  +4.142046e-03  +1.455772e-06  -4.144156e-08  +1.252463e-02  +8.527637e-07  +4.306388e-08  +1.485688e-02  -1.271377e-06  +3.073167e-06  +6.878110e-03  
-4.437908e-05  +9.862203e-05  -1.122270e-04  +4.795436e-04  +1.163894e-03  +1.079077e-04  +1.059338e-03  -5.275097e-04  -5.054471e-05  +5.447535e-04  -1.162218e-03  +2.629432e-05  -8.922008e-06  +3.395838e-02  +1.182537e-05  +1.310290e-05  +1.234046e-01  +7.554341e-06  +2.542149e-06  +1.259282e-01  -1.379515e-05  +2.723817e-05  +8.209908e-02  
+2.024533e-05  -4.335061e-05  +6.689784e-05  -1.911709e-04  -4.845061e-04  -7.306059e-05  -5.275097e-04  +4.146083e-04  +2.492086e-05  -2.743319e-04  +7.518045e-04  -9.573327e-06  +2.187518e-06  -2.267474e-02  -5.471248e-06  +2.004425e-06  -6.355446e-02  -5.687332e-06  +1.082381e-06  -6.920418e-02  +3.457396e-06  -1.177118e-05  -3.830535e-02  
+2.365003e-06  -4.941498e-06  +5.148590e-06  -2.179075e-05  -5.273178e-05  -4.948129e-06  -5.054471e-05  +2.492086e-05  +2.551854e-06  -2.847265e-05  +5.498294e-05  -1.327750e-06  +3.848417e-07  -1.607307e-03  -4.433110e-07  -6.870572e-07  -5.968967e-03  -3.481128e-07  -9.153683e-08  -5.716359e-03  +5.439705e-07  -1.151098e-06  -4.221012e-03  
-2.792907e-05  +5.477249e-05  -5.363396e-05  +2.220353e-04  +5.208002e-04  +4.959917e-05  +5.447535e-04  -2.743319e-04  -2.847265e-05  +3.574703e-04  -5.997513e-04  +1.519609e-05  -2.362992e-06  +1.848392e-02  +2.094728e-06  +8.770146e-06  +6.612834e-02  +3.644265e-06  -2.626367e-07  +5.616304e-02  -3.164961e-06  +9.221595e-06  +5.075981e-02  
+4.423941e-05  -9.859206e-05  +1.367835e-04  -4.537949e-04  -1.164622e-03  -1.434979e-04  -1.162218e-03  +7.518045e-04  +5.498294e-05  -5.997513e-04  +1.531895e-03  -2.471342e-05  +7.823992e-06  -4.351540e-02  -1.191481e-05  -2.498810e-06  -1.375256e-01  -9.868511e-06  +1.181524e-06  -1.503025e-01  +1.103961e-05  -2.744786e-05  -8.460889e-02  
-1.342939e-06  +2.618392e-06  -2.494253e-06  +1.233330e-05  +2.940928e-05  +2.018891e-06  +2.629432e-05  -9.573327e-06  -1.327750e-06  +1.519609e-05  -2.471342e-05  +9.922037e-07  -2.384629e-07  +6.141288e-04  +2.265287e-07  +4.568020e-07  +3.047401e-03  +1.836118e-07  +2.922432e-08  +2.841763e-03  -3.264034e-07  +5.431685e-07  +2.384383e-03  
-5.460098e-07  -1.227778e-06  +2.035049e-07  -3.321904e-06  -1.292493e-05  -1.179609e-06  -8.922008e-06  +2.187518e-06  +3.848417e-07  -2.362992e-06  +7.823992e-06  -2.384629e-07  +6.409649e-07  -1.258139e-04  -2.251004e-07  -2.774344e-08  -7.978850e-04  +1.715759e-08  -1.953917e-07  -1.539481e-03  +2.460257e-07  -5.586792e-07  -1.813469e-04  
-1.101181e-03  +3.213769e-03  -4.115853e-03  +1.435172e-02  +3.342236e-02  +4.142046e-03  +3.395838e-02  -2.267474e-02  -1.607307e-03  +1.848392e-02  -4.351540e-02  +6.141288e-04  -1.258139e-04  +1.735165e+00  +2.408538e-04  +2.084945e-04  +4.226175e+00  +2.910807e-04  +5.068566e-05  +3.978166e+00  -1.674376e-04  +8.359539e-04  +2.530134e+00  
-2.323981e-07  +9.823711e-07  -1.556567e-06  +7.350775e-06  +1.804555e-05  +1.455772e-06  +1.182537e-05  -5.471248e-06  -4.433110e-07  +2.094728e-06  -1.191481e-05  +2.265287e-07  -2.251004e-07  +2.408538e-04  +5.177729e-07  +6.335393e-08  +1.226700e-03  +5.614883e-08  +1.301822e-07  +1.878814e-03  -4.175962e-07  +5.490342e-07  +4.335417e-04  
-1.068545e-06  +1.703784e-06  -3.022857e-07  +9.251291e-06  +1.832031e-05  -4.144156e-08  +1.310290e-05  +2.004425e-06  -6.870572e-07  +8.770146e-06  -2.498810e-06  +4.568020e-07  -2.774344e-08  +2.084945e-04  +6.335393e-08  +1.186232e-06  +1.482615e-03  -3.165842e-08  -9.703045e-09  +6.591651e-04  -3.167671e-07  +2.687320e-07  +1.469118e-03  
-5.451039e-03  +1.175680e-02  -1.350076e-02  +5.615013e-02  +1.307585e-01  +1.252463e-02  +1.234046e-01  -6.355446e-02  -5.968967e-03  +6.612834e-02  -1.375256e-01  +3.047401e-03  -7.978850e-04  +4.226175e+00  +1.226700e-03  +1.482615e-03  +1.507754e+01  +8.051500e-04  +2.455433e-04  +1.424436e+01  -1.366240e-03  +2.920375e-03  +9.768893e+00  
-3.283879e-07  +4.909366e-07  -9.652628e-07  +2.877021e-06  +7.539821e-06  +8.527637e-07  +7.554341e-06  -5.687332e-06  -3.481128e-07  +3.644265e-06  -9.868511e-06  +1.836118e-07  +1.715759e-08  +2.910807e-04  +5.614883e-08  -3.165842e-08  +8.051500e-04  +2.870217e-07  +1.194071e-08  +8.610379e-04  -5.531251e-08  +1.902209e-07  +7.574124e-04  
+4.893882e-07  +4.419757e-07  -4.154544e-07  +2.727887e-06  +6.231873e-06  +4.306388e-08  +2.542149e-06  +1.082381e-06  -9.153683e-08  -2.626367e-07  +1.181524e-06  +2.922432e-08  -1.953917e-07  +5.068566e-05  +1.301822e-07  -9.703045e-09  +2.455433e-04  +1.194071e-08  +4.339864e-07  +2.720867e-04  -9.384424e-08  +3.567497e-07  +2.857823e-05  
-4.189862e-03  +1.097060e-02  -1.416182e-02  +5.514065e-02  +1.431787e-01  +1.485688e-02  +1.259282e-01  -6.920418e-02  -5.716359e-03  +5.616304e-02  -1.503025e-01  +2.841763e-03  -1.539481e-03  +3.978166e+00  +1.878814e-03  +6.591651e-04  +1.424436e+01  +8.610379e-04  +2.720867e-04  +1.722151e+01  -2.002550e-03  +3.824590e-03  +8.204078e+00  
+6.167297e-07  -1.107815e-06  +1.348554e-06  -8.587936e-06  -2.119546e-05  -1.271377e-06  -1.379515e-05  +3.457396e-06  +5.439705e-07  -3.164961e-06  +1.103961e-05  -3.264034e-07  +2.460257e-07  -1.674376e-04  -4.175962e-07  -3.167671e-07  -1.366240e-03  -5.531251e-08  -9.384424e-08  -2.002550e-03  +6.065147e-07  -6.121926e-07  -7.196766e-04  
-2.413777e-07  +2.538520e-06  -3.016368e-06  +1.393366e-05  +3.659323e-05  +3.073167e-06  +2.723817e-05  -1.177118e-05  -1.151098e-06  +9.221595e-06  -2.744786e-05  +5.431685e-07  -5.586792e-07  +8.359539e-04  +5.490342e-07  +2.687320e-07  +2.920375e-03  +1.902209e-07  +3.567497e-07  +3.824590e-03  -6.121926e-07  +1.359327e-06  +1.461112e-03  
-5.024008e-03  +7.773327e-03  -8.354938e-03  +3.573987e-02  +8.217696e-02  +6.878110e-03  +8.209908e-02  -3.830535e-02  -4.221012e-03  +5.075981e-02  -8.460889e-02  +2.384383e-03  -1.813469e-04  +2.530134e+00  +4.335417e-04  +1.469118e-03  +9.768893e+00  +7.574124e-04  +2.857823e-05  +8.204078e+00  -7.196766e-04  +1.461112e-03  +8.174443e+00  
