mean:
+3.977367e+00  +4.009042e+00  +8.197542e-01  +1.309150e+00  +1.248014e+00  +5.990430e-01  +8.264060e-01  +1.390569e+00  +1.666087e-01  +1.988762e+00  +5.721086e+00  +3.653960e+00  +2.874443e+00  +2.074692e+02  +4.309721e+00  +5.179914e+00  +2.881831e+02  +5.217565e+00  +3.910299e+00  +3.353482e+02  +2.880192e+00  +4.559676e+00  +3.982263e+02  
covariance:
+5.058007e-06  -1.299860e-06  -3.032093e-05  -5.146311e-05  +7.529617e-06  +2.606857e-06  +6.896908e-06  +1.997778e-05  -1.868900e-05  +1.381807e-04  -2.793351e-04  +1.362385e-05  -1.207861e-05  +1.127876e-02  -1.291118e-06  +5.091914e-08  +1.093899e-02  -1.014039e-06  +1.377347e-06  +9.341220e-03  +9.118229e-07  -1.442189e-06  +3.829182e-03  
-1.299860e-06  +5.847454e-06  +1.712625e-05  +3.025214e-05  -4.952062e-06  -1.684155e-06  -4.575437e-06  -9.907102e-06  +1.247232e-05  -8.933053e-05  +1.657464e-04  -1.176337e-05  +9.216682e-06  -6.868073e-03  +6.928989e-07  +3.582931e-07  -7.113222e-03  +7.601185e-07  -1.139517e-06  -5.873124e-03  -8.504400e-07  +6.663271e-07  -2.480922e-03  
-3.032093e-05  +1.712625e-05  +2.501346e-04  +4.311469e-04  -6.117932e-05  -2.207550e-05  -6.230355e-05  -1.669571e-04  +1.550202e-04  -1.126834e-03  +2.075947e-03  -1.238598e-04  +1.026815e-04  -8.415948e-02  +8.619230e-06  -5.120804e-07  -8.919415e-02  +6.499585e-06  -1.180582e-05  -7.907386e-02  -7.832004e-06  +1.098087e-05  -2.939664e-02  
-5.146311e-05  +3.025214e-05  +4.311469e-04  +9.454137e-04  -1.053067e-04  -3.991389e-05  -1.048087e-04  -2.453444e-04  +2.899205e-04  -2.091863e-03  +3.553177e-03  -2.339542e-04  +1.959015e-04  -1.489219e-01  +2.079170e-05  +9.882219e-07  -1.670459e-01  +1.452784e-05  -1.948197e-05  -1.349485e-01  -1.150795e-05  +1.960729e-05  -4.932841e-02  
+7.529617e-06  -4.952062e-06  -6.117932e-05  -1.053067e-04  +1.822962e-05  +5.784609e-06  +1.455076e-05  +3.648530e-05  -3.925851e-05  +2.873764e-04  -5.303844e-04  +3.276099e-05  -2.705604e-05  +2.191703e-02  -2.326923e-06  -4.234347e-07  +2.296471e-02  -1.984676e-06  +3.217043e-06  +1.953481e-02  +2.387316e-06  -2.800703e-06  +7.643767e-03  
+2.606857e-06  -1.684155e-06  -2.207550e-05  -3.991389e-05  +5.784609e-06  +2.756919e-06  +5.234404e-06  +1.218956e-05  -1.530626e-05  +1.091311e-04  -1.808728e-04  +1.397708e-05  -1.118351e-05  +7.689782e-03  -6.156830e-07  -4.073001e-07  +8.895133e-03  -6.571316e-07  +1.486816e-06  +6.979067e-03  +8.919641e-07  -1.008239e-06  +2.700362e-03  
+6.896908e-06  -4.575437e-06  -6.230355e-05  -1.048087e-04  +1.455076e-05  +5.234404e-06  +2.957776e-05  +4.413662e-05  -4.032502e-05  +2.733360e-04  -4.784183e-04  +3.320994e-05  -2.558777e-05  +1.952783e-02  -1.538983e-06  +2.884471e-07  +2.118943e-02  -1.038160e-06  +3.446782e-06  +2.498673e-02  +1.427255e-06  -2.715381e-06  +5.883902e-03  
+1.997778e-05  -9.907102e-06  -1.669571e-04  -2.453444e-04  +3.648530e-05  +1.218956e-05  +4.413662e-05  +3.810580e-04  -8.056716e-05  +6.000507e-04  -1.312626e-03  +4.408316e-05  -4.412786e-05  +4.630840e-02  -6.003135e-06  +3.254135e-06  +4.595733e-02  -4.715338e-06  +3.962080e-06  +4.888141e-02  -9.726553e-07  -8.456087e-06  +1.872574e-02  
-1.868900e-05  +1.247232e-05  +1.550202e-04  +2.899205e-04  -3.925851e-05  -1.530626e-05  -4.032502e-05  -8.056716e-05  +1.104981e-04  -7.859026e-04  +1.339130e-03  -1.018796e-04  +7.904886e-05  -5.542838e-02  +5.780334e-06  +1.795973e-06  -6.216152e-02  +4.518169e-06  -7.972931e-06  -5.221523e-02  -6.286126e-06  +5.860847e-06  -2.001816e-02  
+1.381807e-04  -8.933053e-05  -1.126834e-03  -2.091863e-03  +2.873764e-04  +1.091311e-04  +2.733360e-04  +6.000507e-04  -7.859026e-04  +5.670841e-03  -9.948138e-03  +7.100999e-04  -5.602160e-04  +4.092955e-01  -4.488762e-05  -1.150030e-05  +4.483948e-01  -3.517779e-05  +5.547755e-05  +3.708032e-01  +4.524315e-05  -4.396257e-05  +1.480915e-01  
-2.793351e-04  +1.657464e-04  +2.075947e-03  +3.553177e-03  -5.303844e-04  -1.808728e-04  -4.784183e-04  -1.312626e-03  +1.339130e-03  -9.948138e-03  +2.001600e-02  -1.100708e-03  +9.221282e-04  -7.988067e-01  +9.159402e-05  +6.826994e-06  -7.829921e-01  +7.457259e-05  -8.990813e-05  -6.621986e-01  -7.578169e-05  +8.886742e-05  -2.877887e-01  
+1.362385e-05  -1.176337e-05  -1.238598e-04  -2.339542e-04  +3.276099e-05  +1.397708e-05  +3.320994e-05  +4.408316e-05  -1.018796e-04  +7.100999e-04  -1.100708e-03  +1.189498e-04  -8.325739e-05  +4.520031e-02  -3.030524e-06  -3.514172e-06  +5.646384e-02  -2.908543e-06  +7.486622e-06  +4.580439e-02  +7.621460e-06  -2.614758e-06  +1.900151e-02  
-1.207861e-05  +9.216682e-06  +1.026815e-04  +1.959015e-04  -2.705604e-05  -1.118351e-05  -2.558777e-05  -4.412786e-05  +7.904886e-05  -5.602160e-04  +9.221282e-04  -8.325739e-05  +6.239372e-05  -3.814525e-02  +3.214191e-06  +2.559348e-06  -4.498738e-02  +3.100631e-06  -6.112955e-06  -3.573772e-02  -5.214079e-06  +3.434665e-06  -1.476177e-02  
+1.127876e-02  -6.868073e-03  -8.415948e-02  -1.489219e-01  +2.191703e-02  +7.689782e-03  +1.952783e-02  +4.630840e-02  -5.542838e-02  +4.092955e-01  -7.988067e-01  +4.520031e-02  -3.814525e-02  +3.317778e+01  -4.050009e-03  -6.580884e-04  +3.257774e+01  -3.151137e-03  +3.961230e-03  +2.698688e+01  +3.209166e-03  -3.805708e-03  +1.130417e+01  
-1.291118e-06  +6.928989e-07  +8.619230e-06  +2.079170e-05  -2.326923e-06  -6.156830e-07  -1.538983e-06  -6.003135e-06  +5.780334e-06  -4.488762e-05  +9.159402e-05  -3.030524e-06  +3.214191e-06  -4.050009e-03  +1.807953e-06  +1.634380e-07  -3.374083e-03  +8.423197e-07  +2.297993e-07  -2.674554e-03  -1.367092e-07  +5.879948e-07  -1.352313e-03  
+5.091914e-08  +3.582931e-07  -5.120804e-07  +9.882219e-07  -4.234347e-07  -4.073001e-07  +2.884471e-07  +3.254135e-06  +1.795973e-06  -1.150030e-05  +6.826994e-06  -3.514172e-06  +2.559348e-06  -6.580884e-04  +1.634380e-07  +9.451251e-07  -1.141510e-03  +2.471157e-07  -3.348173e-07  -1.852598e-04  -2.796239e-07  +1.038116e-07  -3.167315e-04  
+1.093899e-02  -7.113222e-03  -8.919415e-02  -1.670459e-01  +2.296471e-02  +8.895133e-03  +2.118943e-02  +4.595733e-02  -6.216152e-02  +4.483948e-01  -7.829921e-01  +5.646384e-02  -4.498738e-02  +3.257774e+01  -3.374083e-03  -1.141510e-03  +3.633024e+01  -2.819131e-03  +4.843214e-03  +2.914937e+01  +3.602828e-03  -3.771157e-03  +1.164668e+01  
-1.014039e-06  +7.601185e-07  +6.499585e-06  +1.452784e-05  -1.984676e-06  -6.571316e-07  -1.038160e-06  -4.715338e-06  +4.518169e-06  -3.517779e-05  +7.457259e-05  -2.908543e-06  +3.100631e-06  -3.151137e-03  +8.423197e-07  +2.471157e-07  -2.819131e-03  +1.008584e-06  -8.111762e-08  -1.979444e-03  -7.032196e-08  +5.283704e-07  -9.326312e-04  
+1.377347e-06  -1.139517e-06  -1.180582e-05  -1.948197e-05  +3.217043e-06  +1.486816e-06  +3.446782e-06  +3.962080e-06  -7.972931e-06  +5.547755e-05  -8.990813e-05  +7.486622e-06  -6.112955e-06  +3.961230e-03  +2.297993e-07  -3.348173e-07  +4.843214e-03  -8.111762e-08  +2.042102e-06  +3.779040e-03  +6.191299e-07  -6.545826e-07  +1.405457e-03  
+9.341220e-03  -5.873124e-03  -7.907386e-02  -1.349485e-01  +1.953481e-02  +6.979067e-03  +2.498673e-02  +4.888141e-02  -5.221523e-02  +3.708032e-01  -6.621986e-01  +4.580439e-02  -3.573772e-02  +2.698688e+01  -2.674554e-03  -1.852598e-04  +2.914937e+01  -1.979444e-03  +3.779040e-03  +2.906425e+01  +2.866179e-03  -3.275043e-03  +9.582441e+00  
+9.118229e-07  -8.504400e-07  -7.832004e-06  -1.150795e-05  +2.387316e-06  +8.919641e-07  +1.427255e-06  -9.726553e-07  -6.286126e-06  +4.524315e-05  -7.578169e-05  +7.621460e-06  -5.214079e-06  +3.209166e-03  -1.367092e-07  -2.796239e-07  +3.602828e-03  -7.032196e-08  +6.191299e-07  +2.866179e-03  +9.881932e-07  -1.383520e-07  +1.433482e-03  
-1.442189e-06  +6.663271e-07  +1.098087e-05  +1.960729e-05  -2.800703e-06  -1.008239e-06  -2.715381e-06  -8.456087e-06  +5.860847e-06  -4.396257e-05  +8.886742e-05  -2.614758e-06  +3.434665e-06  -3.805708e-03  +5.879948e-07  +1.038116e-07  -3.771157e-03  +5.283704e-07  -6.545826e-07  -3.275043e-03  -1.383520e-07  +1.224293e-06  -1.137608e-03  
+3.829182e-03  -2.480922e-03  -2.939664e-02  -4.932841e-02  +7.643767e-03  +2.700362e-03  +5.883902e-03  +1.872574e-02  -2.001816e-02  +1.480915e-01  -2.877887e-01  +1.900151e-02  -1.476177e-02  +1.130417e+01  -1.352313e-03  -3.167315e-04  +1.164668e+01  -9.326312e-04  +1.405457e-03  +9.582441e+00  +1.433482e-03  -1.137608e-03  +5.195440e+00  
