mean:
+3.981085e+00  +3.953619e+00  +8.544129e-01  +1.332676e+00  +1.427792e+00  +4.046218e-01  +8.232473e-01  +1.380158e+00  +1.692458e-01  +1.915831e+00  +5.893598e+00  +3.591551e+00  +2.698972e+00  +2.003792e+02  +4.309918e+00  +5.293310e+00  +2.765205e+02  +5.452891e+00  +3.757530e+00  +3.226774e+02  +2.640642e+00  +4.559390e+00  +3.950023e+02  
covariance:
+1.730210e-06  +8.612189e-08  +3.686074e-06  +1.774252e-06  +7.662439e-06  +3.252041e-06  +1.328559e-05  +1.961459e-06  -7.630298e-06  +5.575256e-05  -4.593103e-05  +6.037709e-07  +4.997856e-09  -1.173613e-03  -1.998026e-06  +4.403997e-07  -5.735236e-05  +3.026070e-07  -1.186352e-07  -2.213910e-04  +3.821094e-07  -6.985675e-08  +2.945725e-03  
+8.612189e-08  +1.069992e-06  -1.064099e-07  -2.547944e-07  +3.589520e-08  -3.695241e-07  -1.267305e-06  +3.915846e-07  +6.136107e-07  -4.313176e-06  +3.655176e-06  +4.489972e-09  +1.110092e-07  +5.843613e-05  +1.918190e-07  -1.188875e-08  -2.573962e-04  +6.171608e-08  -3.674163e-09  -1.462990e-05  +9.622968e-08  -3.112107e-08  -3.117505e-04  
+3.686074e-06  -1.064099e-07  +2.649424e-05  +2.591481e-05  +3.680898e-05  +1.309041e-05  +5.251421e-05  +5.663344e-06  -3.159283e-05  +2.437162e-04  -2.050580e-04  +4.195408e-06  +8.948491e-07  -5.912545e-03  -1.043732e-05  +5.664355e-07  -1.097028e-03  +1.254745e-06  -1.225814e-06  -1.588386e-03  +1.636610e-06  -5.416065e-07  +1.170981e-02  
+1.774252e-06  -2.547944e-07  +2.591481e-05  +2.721668e-04  +7.667031e-05  -4.522494e-06  -3.690844e-06  +6.575461e-06  -4.674399e-06  +5.044981e-05  -9.453980e-05  +1.177470e-05  +7.598680e-06  -8.220774e-03  -2.091340e-05  -9.312676e-06  -6.879422e-03  -6.773058e-07  -4.020601e-06  +7.247884e-03  +3.592991e-06  -8.448263e-08  -5.474850e-03  
+7.662439e-06  +3.589520e-08  +3.680898e-05  +7.667031e-05  +2.481584e-04  +1.953677e-05  +1.284237e-04  +6.597620e-05  -7.021471e-05  +5.263170e-04  -4.706161e-04  +8.578687e-06  +2.472809e-07  -1.102335e-02  -4.818910e-05  +3.224084e-06  -6.851207e-03  +5.309395e-06  +8.901290e-07  +3.376509e-03  +6.968663e-06  +2.934633e-06  +2.528913e-02  
+3.252041e-06  -3.695241e-07  +1.309041e-05  -4.522494e-06  +1.953677e-05  +1.624722e-05  +5.747826e-05  +1.142734e-05  -3.103529e-05  +2.324746e-04  -1.803819e-04  +1.349434e-06  -5.858634e-07  -3.314949e-03  -6.215167e-06  +2.925876e-06  +2.522488e-03  +1.059898e-06  -3.429936e-07  +5.824325e-04  +6.823651e-07  -3.940286e-07  +1.287532e-02  
+1.328559e-05  -1.267305e-06  +5.251421e-05  -3.690844e-06  +1.284237e-04  +5.747826e-05  +2.426715e-04  +7.097225e-05  -1.277554e-04  +9.423362e-04  -7.379340e-04  +6.107770e-06  -2.948050e-06  -1.561819e-02  -3.428913e-05  +1.100849e-05  +7.104010e-03  +3.920020e-06  -5.169983e-07  -2.532543e-03  +4.489233e-06  -6.908929e-07  +5.279220e-02  
+1.961459e-06  +3.915846e-07  +5.663344e-06  +6.575461e-06  +6.597620e-05  +1.142734e-05  +7.097225e-05  +2.523740e-04  -3.118545e-05  +2.050181e-04  -1.031900e-04  -5.626929e-06  +1.864238e-06  +4.033065e-05  -1.676921e-05  +1.068481e-05  +1.007031e-02  -1.790294e-07  +2.824909e-07  +1.100338e-02  -9.127002e-07  -1.052841e-06  +1.055685e-02  
-7.630298e-06  +6.136107e-07  -3.159283e-05  -4.674399e-06  -7.021471e-05  -3.103529e-05  -1.277554e-04  -3.118545e-05  +7.025173e-05  -5.211550e-04  +4.134489e-04  -4.278402e-06  +1.175137e-06  +9.551289e-03  +1.912892e-05  -5.139905e-06  -2.455347e-03  -2.920001e-06  +7.177148e-07  +1.494856e-03  -2.591721e-06  +5.370258e-07  -2.796690e-02  
+5.575256e-05  -4.313176e-06  +2.437162e-04  +5.044981e-05  +5.263170e-04  +2.324746e-04  +9.423362e-04  +2.050181e-04  -5.211550e-04  +3.918892e-03  -3.142310e-03  +3.509394e-05  -8.132130e-06  -7.280862e-02  -1.436495e-04  +3.672100e-05  +1.472005e-02  +2.367303e-05  -6.053607e-06  -1.039715e-02  +1.943910e-05  -3.711859e-06  +2.068327e-01  
-4.593103e-05  +3.655176e-06  -2.050580e-04  -9.453980e-05  -4.706161e-04  -1.803819e-04  -7.379340e-04  -1.031900e-04  +4.134489e-04  -3.142310e-03  +2.658241e-03  -3.774286e-05  +5.182086e-06  +6.197556e-02  +1.238540e-04  -2.363353e-05  +1.162910e-04  -1.914432e-05  +5.226962e-06  +1.635582e-02  -1.864753e-05  +9.342207e-07  -1.596815e-01  
+6.037709e-07  +4.489972e-09  +4.195408e-06  +1.177470e-05  +8.578687e-06  +1.349434e-06  +6.107770e-06  -5.626929e-06  -4.278402e-06  +3.509394e-05  -3.774286e-05  +2.069458e-06  +2.600420e-07  -1.375489e-03  -2.001112e-06  -7.733663e-07  -1.400441e-03  +2.528947e-07  -2.220789e-07  -1.369134e-03  +5.948810e-07  +6.549619e-08  +9.163125e-04  
+4.997856e-09  +1.110092e-07  +8.948491e-07  +7.598680e-06  +2.472809e-07  -5.858634e-07  -2.948050e-06  +1.864238e-06  +1.175137e-06  -8.132130e-06  +5.182086e-06  +2.600420e-07  +1.028139e-06  -2.228557e-04  +1.573680e-07  -3.197806e-07  -5.189410e-04  +3.036847e-08  -2.267447e-07  +4.166035e-04  +1.862352e-07  -6.562537e-08  -7.056107e-04  
-1.173613e-03  +5.843613e-05  -5.912545e-03  -8.220774e-03  -1.102335e-02  -3.314949e-03  -1.561819e-02  +4.033065e-05  +9.551289e-03  -7.280862e-02  +6.197556e-02  -1.375489e-03  -2.228557e-04  +2.909363e+00  +3.116818e-03  +2.470579e-04  +9.127381e-01  -7.106070e-04  +3.234593e-04  +1.121610e+00  -6.866816e-04  -1.589496e-05  -3.363769e+00  
-1.998026e-06  +1.918190e-07  -1.043732e-05  -2.091340e-05  -4.818910e-05  -6.215167e-06  -3.428913e-05  -1.676921e-05  +1.912892e-05  -1.436495e-04  +1.238540e-04  -2.001112e-06  +1.573680e-07  +3.116818e-03  +1.164501e-05  -8.968751e-07  +6.313974e-04  -1.090154e-06  +1.698529e-07  -4.713447e-04  -1.287396e-06  -3.496767e-07  -6.613826e-03  
+4.403997e-07  -1.188875e-08  +5.664355e-07  -9.312676e-06  +3.224084e-06  +2.925876e-06  +1.100849e-05  +1.068481e-05  -5.139905e-06  +3.672100e-05  -2.363353e-05  -7.733663e-07  -3.197806e-07  +2.470579e-04  -8.968751e-07  +1.750253e-06  +1.378853e-03  +2.280265e-07  +1.516359e-07  +1.045870e-03  -1.599638e-07  +1.109354e-08  +2.471034e-03  
-5.735236e-05  -2.573962e-04  -1.097028e-03  -6.879422e-03  -6.851207e-03  +2.522488e-03  +7.104010e-03  +1.007031e-02  -2.455347e-03  +1.472005e-02  +1.162910e-04  -1.400441e-03  -5.189410e-04  +9.127381e-01  +6.313974e-04  +1.378853e-03  +3.450417e+00  -4.597704e-04  +7.359363e-06  +1.332138e+00  -8.034405e-04  -1.377894e-04  +1.699673e+00  
+3.026070e-07  +6.171608e-08  +1.254745e-06  -6.773058e-07  +5.309395e-06  +1.059898e-06  +3.920020e-06  -1.790294e-07  -2.920001e-06  +2.367303e-05  -1.914432e-05  +2.528947e-07  +3.036847e-08  -7.106070e-04  -1.090154e-06  +2.280265e-07  -4.597704e-04  +1.170087e-06  -7.715225e-08  +1.407765e-04  +9.998962e-08  +4.192110e-08  +8.253471e-04  
-1.186352e-07  -3.674163e-09  -1.225814e-06  -4.020601e-06  +8.901290e-07  -3.429936e-07  -5.169983e-07  +2.824909e-07  +7.177148e-07  -6.053607e-06  +5.226962e-06  -2.220789e-07  -2.267447e-07  +3.234593e-04  +1.698529e-07  +1.516359e-07  +7.359363e-06  -7.715225e-08  +4.827469e-07  -7.364979e-05  -4.237687e-08  +1.624981e-07  -4.288871e-05  
-2.213910e-04  -1.462990e-05  -1.588386e-03  +7.247884e-03  +3.376509e-03  +5.824325e-04  -2.532543e-03  +1.100338e-02  +1.494856e-03  -1.039715e-02  +1.635582e-02  -1.369134e-03  +4.166035e-04  +1.121610e+00  -4.713447e-04  +1.045870e-03  +1.332138e+00  +1.407765e-04  -7.364979e-05  +5.575238e+00  -3.971133e-04  +1.622302e-04  +7.473556e-02  
+3.821094e-07  +9.622968e-08  +1.636610e-06  +3.592991e-06  +6.968663e-06  +6.823651e-07  +4.489233e-06  -9.127002e-07  -2.591721e-06  +1.943910e-05  -1.864753e-05  +5.948810e-07  +1.862352e-07  -6.866816e-04  -1.287396e-06  -1.599638e-07  -8.034405e-04  +9.998962e-08  -4.237687e-08  -3.971133e-04  +8.222315e-07  +7.188131e-08  +9.227915e-04  
-6.985675e-08  -3.112107e-08  -5.416065e-07  -8.448263e-08  +2.934633e-06  -3.940286e-07  -6.908929e-07  -1.052841e-06  +5.370258e-07  -3.711859e-06  +9.342207e-07  +6.549619e-08  -6.562537e-08  -1.589496e-05  -3.496767e-07  +1.109354e-08  -1.377894e-04  +4.192110e-08  +1.624981e-07  +1.622302e-04  +7.188131e-08  +5.095110e-07  -1.135871e-04  
+2.945725e-03  -3.117505e-04  +1.170981e-02  -5.474850e-03  +2.528913e-02  +1.287532e-02  +5.279220e-02  +1.055685e-02  -2.796690e-02  +2.068327e-01  -1.596815e-01  +9.163125e-04  -7.056107e-04  -3.363769e+00  -6.613826e-03  +2.471034e-03  +1.699673e+00  +8.253471e-04  -4.288871e-05  +7.473556e-02  +9.227915e-04  -1.135871e-04  +1.276249e+01  
