mean:
+3.915438e+00  +3.903247e+00  +6.449556e-01  -1.156729e+00  +1.623871e+00  +6.035553e-01  +9.017952e-01  +2.040346e+00  +1.469739e-01  +1.964732e+00  +4.818850e+00  +1.905598e+00  +3.007144e+00  +8.018738e+02  +4.960007e+00  +4.479707e+00  +2.012901e+03  
covariance:
+1.892319e-05  -5.821851e-06  +3.491241e-07  -1.525019e-05  -2.112118e-05  -3.041946e-06  +8.332744e-06  +1.765270e-05  +3.251401e-07  -1.198723e-05  +3.682787e-05  +4.785184e-07  +8.599170e-08  +8.603979e-04  -1.444014e-07  -4.214064e-07  -1.656319e-03  
-5.821851e-06  +5.956979e-06  -2.329143e-06  +5.249539e-06  +5.083195e-05  +1.478146e-06  -1.305505e-05  -3.546500e-05  +1.480430e-06  +1.499960e-05  -1.872350e-04  -2.974134e-07  +5.328364e-08  -6.571726e-04  -1.058825e-07  +1.336768e-07  +1.014898e-03  
+3.491241e-07  -2.329143e-06  +1.564428e-05  -4.211749e-06  -5.053230e-05  +1.051466e-06  +5.557573e-06  +1.969690e-05  -3.719684e-07  -1.378785e-05  +1.393409e-04  +3.154863e-07  -2.357892e-07  +2.739700e-03  +2.177166e-07  +3.510094e-07  +1.892865e-03  
-1.525019e-05  +5.249539e-06  -4.211749e-06  +1.276011e-04  -5.299379e-05  +1.023993e-05  -8.190471e-06  -1.403311e-05  -5.781964e-06  +4.824583e-05  +6.798699e-05  -7.554187e-07  -5.010439e-07  -2.960606e-03  +8.416770e-07  +1.144404e-06  +1.422276e-02  
-2.112118e-05  +5.083195e-05  -5.053230e-05  -5.299379e-05  +8.822137e-04  +7.678742e-06  -1.629148e-04  -4.398160e-04  +2.728441e-05  +1.813466e-04  -2.813899e-03  -3.880718e-06  +2.755631e-06  -1.166939e-02  -1.492967e-06  -7.956289e-08  -5.424564e-03  
-3.041946e-06  +1.478146e-06  +1.051466e-06  +1.023993e-05  +7.678742e-06  +3.871779e-06  -2.200021e-06  -2.213194e-06  -1.158358e-06  +1.325440e-05  -2.243865e-05  -9.345077e-08  +9.144210e-08  -2.216166e-05  +9.742100e-08  +1.618910e-07  +2.679055e-03  
+8.332744e-06  -1.305505e-05  +5.557573e-06  -8.190471e-06  -1.629148e-04  -2.200021e-06  +5.100650e-05  +1.230491e-04  -8.429608e-06  -3.939629e-05  +6.704601e-04  +7.309820e-07  -4.616711e-07  +1.221677e-03  +1.884850e-07  -4.461525e-07  -1.721045e-03  
+1.765270e-05  -3.546500e-05  +1.969690e-05  -1.403311e-05  -4.398160e-04  -2.213194e-06  +1.230491e-04  +4.382995e-04  -2.319668e-05  -9.248533e-05  +1.842259e-03  +2.080739e-06  -5.865115e-07  +9.538879e-03  +1.189310e-06  -1.752363e-06  -4.575851e-03  
+3.251401e-07  +1.480430e-06  -3.719684e-07  -5.781964e-06  +2.728441e-05  -1.158358e-06  -8.429608e-06  -2.319668e-05  +2.802942e-06  -2.092647e-06  -1.148597e-04  -4.384513e-08  +1.518150e-07  -9.411500e-05  -7.313687e-08  +3.244101e-08  -1.118640e-03  
-1.198723e-05  +1.499960e-05  -1.378785e-05  +4.824583e-05  +1.813466e-04  +1.325440e-05  -3.939629e-05  -9.248533e-05  -2.092647e-06  +1.136185e-04  -6.804325e-04  -1.308567e-06  -1.648303e-07  -2.545656e-03  -2.769641e-07  +2.462771e-07  +1.214240e-02  
+3.682787e-05  -1.872350e-04  +1.393409e-04  +6.798699e-05  -2.813899e-03  -2.243865e-05  +6.704601e-04  +1.842259e-03  -1.148597e-04  -6.804325e-04  +1.104453e-02  +1.211851e-05  -5.847045e-06  +2.225649e-02  +7.357042e-06  -1.004333e-06  -1.376595e-02  
+4.785184e-07  -2.974134e-07  +3.154863e-07  -7.554187e-07  -3.880718e-06  -9.345077e-08  +7.309820e-07  +2.080739e-06  -4.384513e-08  -1.308567e-06  +1.211851e-05  +1.998933e-07  -9.903350e-09  +4.639967e-05  -2.320424e-10  -5.998518e-09  +8.560740e-06  
+8.599170e-08  +5.328364e-08  -2.357892e-07  -5.010439e-07  +2.755631e-06  +9.144210e-08  -4.616711e-07  -5.865115e-07  +1.518150e-07  -1.648303e-07  -5.847045e-06  -9.903350e-09  +2.239767e-07  -1.361410e-04  +1.554927e-08  +1.559738e-08  -3.037516e-04  
+8.603979e-04  -6.571726e-04  +2.739700e-03  -2.960606e-03  -1.166939e-02  -2.216166e-05  +1.221677e-03  +9.538879e-03  -9.411500e-05  -2.545656e-03  +2.225649e-02  +4.639967e-05  -1.361410e-04  +1.563823e+00  +5.584338e-05  -6.317085e-05  +1.336288e-01  
-1.444014e-07  -1.058825e-07  +2.177166e-07  +8.416770e-07  -1.492967e-06  +9.742100e-08  +1.884850e-07  +1.189310e-06  -7.313687e-08  -2.769641e-07  +7.357042e-06  -2.320424e-10  +1.554927e-08  +5.584338e-05  +1.215744e-07  +1.792015e-08  +2.960400e-05  
-4.214064e-07  +1.336768e-07  +3.510094e-07  +1.144404e-06  -7.956289e-08  +1.618910e-07  -4.461525e-07  -1.752363e-06  +3.244101e-08  +2.462771e-07  -1.004333e-06  -5.998518e-09  +1.559738e-08  -6.317085e-05  +1.792015e-08  +1.339890e-07  +1.354021e-04  
-1.656319e-03  +1.014898e-03  +1.892865e-03  +1.422276e-02  -5.424564e-03  +2.679055e-03  -1.721045e-03  -4.575851e-03  -1.118640e-03  +1.214240e-02  -1.376595e-02  +8.560740e-06  -3.037516e-04  +1.336288e-01  +2.960400e-05  +1.354021e-04  +4.672733e+00  
