mean:
+3.979333e+00  +4.009899e+00  +8.565413e-01  +1.302335e+00  +1.241167e+00  +6.040148e-01  +8.052589e-01  +1.389927e+00  +1.667851e-01  +1.868717e+00  +5.949069e+00  +3.595341e+00  +2.901220e+00  +2.049454e+02  +4.310445e+00  +5.178457e+00  +2.832242e+02  +5.217297e+00  +3.910664e+00  +3.293615e+02  +2.880072e+00  +4.559412e+00  +3.934802e+02  
covariance:
+1.060898e-06  +6.311374e-07  +1.421948e-06  -1.353026e-06  -5.393198e-07  +1.083801e-06  -8.674831e-07  +3.628772e-08  -1.577346e-06  +1.026410e-05  -1.024434e-05  +1.503990e-07  -4.635051e-08  -6.465814e-05  +1.020436e-08  +6.655144e-08  +4.036349e-04  +1.014600e-07  -1.968486e-07  +1.364056e-03  +8.453304e-08  +3.916479e-08  +5.479653e-04  
+6.311374e-07  +2.790548e-06  -1.149006e-06  -7.446033e-07  +7.690776e-07  -4.285407e-07  +3.218999e-07  -3.560921e-06  +6.114473e-07  -4.197006e-06  +6.396254e-06  -8.316046e-08  +2.333810e-07  +3.435347e-05  +1.004024e-08  -4.719630e-08  -4.044347e-04  -3.601000e-08  +1.089701e-07  -5.123593e-04  +1.124167e-07  -2.051070e-07  -7.150601e-04  
+1.421948e-06  -1.149006e-06  +5.446903e-05  +2.215569e-05  -9.846982e-06  +9.027384e-06  -1.482967e-05  -1.553336e-06  -1.416566e-05  +1.040655e-04  +2.839870e-05  +8.457377e-07  -1.531688e-06  +2.560927e-03  -2.259716e-08  -1.275506e-06  +2.833722e-03  -1.485165e-06  -3.126988e-07  +2.548557e-03  +5.592274e-08  +2.814284e-07  +2.490170e-04  
-1.353026e-06  -7.446033e-07  +2.215569e-05  +1.006918e-04  -9.016317e-07  +3.956579e-06  -3.514521e-06  -5.164328e-05  +1.988066e-06  -1.320952e-05  +8.003566e-05  -1.690173e-06  -1.181961e-06  -1.368568e-04  +1.447642e-06  -4.444980e-06  -2.124972e-03  -1.858201e-06  +2.854171e-06  -6.386983e-03  +4.589079e-07  +1.582530e-07  -3.501416e-03  
-5.393198e-07  +7.690776e-07  -9.846982e-06  -9.016317e-07  +1.121566e-05  -2.202609e-06  +2.133155e-06  -4.953560e-06  +3.329148e-06  -2.228239e-05  +1.467793e-05  -1.109903e-07  +7.386508e-07  +3.670078e-04  +2.826051e-07  -2.602326e-07  -1.127629e-03  -6.351766e-08  +6.768119e-07  -2.185700e-03  +2.595143e-07  -3.651750e-07  -1.706656e-03  
+1.083801e-06  -4.285407e-07  +9.027384e-06  +3.956579e-06  -2.202609e-06  +6.122667e-06  -2.641863e-06  -2.006781e-06  -5.496542e-06  +3.913005e-05  -3.924575e-05  +5.414241e-07  -2.159589e-07  -3.379653e-04  +1.236999e-07  -1.765955e-07  +1.777998e-03  +1.687838e-08  -4.452146e-07  +5.334274e-03  +2.197304e-07  +3.071984e-08  +2.568406e-03  
-8.674831e-07  +3.218999e-07  -1.482967e-05  -3.514521e-06  +2.133155e-06  -2.641863e-06  +1.843225e-05  +8.579390e-06  +5.478660e-06  -5.568733e-05  -7.621875e-06  +2.337973e-07  -1.526156e-07  -8.759061e-04  +6.859571e-07  +5.231434e-07  -9.698547e-04  -7.513285e-07  +4.659905e-07  -4.656576e-03  -7.168513e-08  -9.389643e-08  -7.016813e-04  
+3.628772e-08  -3.560921e-06  -1.553336e-06  -5.164328e-05  -4.953560e-06  -2.006781e-06  +8.579390e-06  +1.771652e-04  +1.199007e-06  -9.516616e-06  -1.377122e-04  +2.684946e-06  -1.820983e-06  -2.283863e-04  +9.219388e-08  +5.807565e-06  +6.917350e-03  -1.474359e-06  -1.147846e-06  +2.529987e-03  -1.000912e-06  +1.776840e-06  +1.569693e-02  
-1.577346e-06  +6.114473e-07  -1.416566e-05  +1.988066e-06  +3.329148e-06  -5.496542e-06  +5.478660e-06  +1.199007e-06  +9.769859e-06  -6.624619e-05  +2.045014e-05  -3.285041e-07  +6.986481e-07  -4.756472e-04  +1.403796e-07  -1.528559e-07  -2.435033e-03  -1.464219e-07  +7.587421e-07  -4.496161e-03  -1.535118e-07  -2.098212e-07  -1.599110e-03  
+1.026410e-05  -4.197006e-06  +1.040655e-04  -1.320952e-05  -2.228239e-05  +3.913005e-05  -5.568733e-05  -9.516616e-06  -6.624619e-05  +4.870111e-04  -1.515314e-04  +2.252482e-06  -4.117366e-06  +3.568720e-03  -1.530828e-06  +6.921509e-07  +1.737263e-02  +1.897959e-06  -5.428417e-06  +3.600189e-02  +1.101316e-06  +1.304122e-06  +1.286162e-02  
-1.024434e-05  +6.396254e-06  +2.839870e-05  +8.003566e-05  +1.467793e-05  -3.924575e-05  -7.621875e-06  -1.377122e-04  +2.045014e-05  -1.515314e-04  +8.012531e-04  -1.305400e-05  +1.371626e-06  +1.146704e-02  -2.711494e-06  -5.439765e-06  -1.873344e-02  -4.050465e-06  +9.902404e-06  -7.243074e-02  +3.440371e-08  -1.662805e-06  -4.872784e-02  
+1.503990e-07  -8.316046e-08  +8.457377e-07  -1.690173e-06  -1.109903e-07  +5.414241e-07  +2.337973e-07  +2.684946e-06  -3.285041e-07  +2.252482e-06  -1.305400e-05  +8.133307e-07  -1.081050e-07  +9.448068e-05  +1.280963e-07  +5.052375e-08  +2.611401e-04  -1.903812e-07  -2.065700e-07  +9.939043e-04  -6.321957e-08  -3.396849e-08  +6.289760e-04  
-4.635051e-08  +2.333810e-07  -1.531688e-06  -1.181961e-06  +7.386508e-07  -2.159589e-07  -1.526156e-07  -1.820983e-06  +6.986481e-07  -4.117366e-06  +1.371626e-06  -1.081050e-07  +8.807573e-07  -2.730093e-04  +5.181763e-08  +1.467206e-08  -4.321013e-04  +2.453904e-07  +9.380734e-08  +6.586934e-05  +1.683248e-08  -1.242320e-07  -3.227244e-04  
-6.465814e-05  +3.435347e-05  +2.560927e-03  -1.368568e-04  +3.670078e-04  -3.379653e-04  -8.759061e-04  -2.283863e-04  -4.756472e-04  +3.568720e-03  +1.146704e-02  +9.448068e-05  -2.730093e-04  +1.333117e+00  -2.709210e-04  +3.236870e-06  +4.191348e-02  -4.971450e-04  +1.653495e-04  -8.445658e-01  +1.314784e-05  -2.967976e-05  -4.966154e-01  
+1.020436e-08  +1.004024e-08  -2.259716e-08  +1.447642e-06  +2.826051e-07  +1.236999e-07  +6.859571e-07  +9.219388e-08  +1.403796e-07  -1.530828e-06  -2.711494e-06  +1.280963e-07  +5.181763e-08  -2.709210e-04  +5.691000e-07  -1.336314e-07  -1.060480e-04  +1.061984e-07  +5.059293e-08  -9.353021e-06  +1.509826e-08  +4.259411e-08  -4.013146e-06  
+6.655144e-08  -4.719630e-08  -1.275506e-06  -4.444980e-06  -2.602326e-07  -1.765955e-07  +5.231434e-07  +5.807565e-06  -1.528559e-07  +6.921509e-07  -5.439765e-06  +5.052375e-08  +1.467206e-08  +3.236870e-06  -1.336314e-07  +7.383793e-07  +2.655017e-04  -7.751616e-09  -1.116468e-07  +1.963196e-04  -4.516123e-08  -4.137807e-08  +4.201640e-04  
+4.036349e-04  -4.044347e-04  +2.833722e-03  -2.124972e-03  -1.127629e-03  +1.777998e-03  -9.698547e-04  +6.917350e-03  -2.435033e-03  +1.737263e-02  -1.873344e-02  +2.611401e-04  -4.321013e-04  +4.191348e-02  -1.060480e-04  +2.655017e-04  +1.427956e+00  -9.174472e-05  -3.623609e-04  +1.865582e+00  +2.798769e-05  +1.477626e-04  +1.655854e+00  
+1.014600e-07  -3.601000e-08  -1.485165e-06  -1.858201e-06  -6.351766e-08  +1.687838e-08  -7.513285e-07  -1.474359e-06  -1.464219e-07  +1.897959e-06  -4.050465e-06  -1.903812e-07  +2.453904e-07  -4.971450e-04  +1.061984e-07  -7.751616e-09  -9.174472e-05  +7.235387e-07  -1.477155e-07  +8.936342e-04  -1.391536e-08  +1.458470e-07  +1.810399e-04  
-1.968486e-07  +1.089701e-07  -3.126988e-07  +2.854171e-06  +6.768119e-07  -4.452146e-07  +4.659905e-07  -1.147846e-06  +7.587421e-07  -5.428417e-06  +9.902404e-06  -2.065700e-07  +9.380734e-08  +1.653495e-04  +5.059293e-08  -1.116468e-07  -3.623609e-04  -1.477155e-07  +6.515125e-07  -1.194274e-03  +3.918366e-08  -8.072624e-08  -4.541083e-04  
+1.364056e-03  -5.123593e-04  +2.548557e-03  -6.386983e-03  -2.185700e-03  +5.334274e-03  -4.656576e-03  +2.529987e-03  -4.496161e-03  +3.600189e-02  -7.243074e-02  +9.939043e-04  +6.586934e-05  -8.445658e-01  -9.353021e-06  +1.963196e-04  +1.865582e+00  +8.936342e-04  -1.194274e-03  +1.021544e+01  +8.951833e-05  +1.001806e-04  +4.581279e+00  
+8.453304e-08  +1.124167e-07  +5.592274e-08  +4.589079e-07  +2.595143e-07  +2.197304e-07  -7.168513e-08  -1.000912e-06  -1.535118e-07  +1.101316e-06  +3.440371e-08  -6.321957e-08  +1.683248e-08  +1.314784e-05  +1.509826e-08  -4.516123e-08  +2.798769e-05  -1.391536e-08  +3.918366e-08  +8.951833e-05  +2.759286e-07  +1.017874e-09  -4.490338e-05  
+3.916479e-08  -2.051070e-07  +2.814284e-07  +1.582530e-07  -3.651750e-07  +3.071984e-08  -9.389643e-08  +1.776840e-06  -2.098212e-07  +1.304122e-06  -1.662805e-06  -3.396849e-08  -1.242320e-07  -2.967976e-05  +4.259411e-08  -4.137807e-08  +1.477626e-04  +1.458470e-07  -8.072624e-08  +1.001806e-04  +1.017874e-09  +5.072181e-07  +3.249286e-04  
+5.479653e-04  -7.150601e-04  +2.490170e-04  -3.501416e-03  -1.706656e-03  +2.568406e-03  -7.016813e-04  +1.569693e-02  -1.599110e-03  +1.286162e-02  -4.872784e-02  +6.289760e-04  -3.227244e-04  -4.966154e-01  -4.013146e-06  +4.201640e-04  +1.655854e+00  +1.810399e-04  -4.541083e-04  +4.581279e+00  -4.490338e-05  +3.249286e-04  +4.816497e+00  
