mean:
+3.966680e+00  +4.003469e+00  +6.097490e-01  +1.989051e+00  +1.304276e+00  +6.048730e-01  +8.272101e-01  +2.206079e+00  +3.915938e-02  +3.890764e+00  +5.878127e+00  +4.623913e+00  +3.191435e+00  +3.271268e+02  +2.670919e+00  +3.677897e+00  +4.576378e+02  +4.719993e+00  +4.879955e+00  +8.041966e+02  +3.938485e+00  +5.173148e+00  +4.351225e+02  
covariance:
+2.075334e-06  -9.169087e-07  +2.172972e-06  +5.216465e-06  +3.600064e-07  +1.310002e-07  +8.292353e-07  +2.741380e-06  -5.518854e-08  +6.029443e-06  -2.405292e-05  +2.094473e-07  -8.165551e-08  +4.675643e-04  +8.546759e-08  +1.644259e-07  +1.484290e-03  -8.300758e-08  -5.582498e-08  +8.082705e-04  -1.987817e-08  +7.639371e-08  +6.728190e-04  
-9.169087e-07  +5.004367e-06  -1.127184e-06  -1.284607e-06  +2.705327e-07  +3.026765e-07  +9.339876e-07  -2.316472e-06  -5.351268e-08  +2.744890e-07  +6.863062e-06  +2.629996e-07  -1.285523e-07  -2.246392e-05  -9.025027e-08  -5.844053e-09  -3.713624e-05  -3.991594e-08  +2.436920e-09  -2.535283e-04  +2.211006e-07  +1.301992e-07  +2.552422e-04  
+2.172972e-06  -1.127184e-06  +3.442098e-05  +1.223243e-04  -7.743042e-06  +3.707327e-06  +7.145221e-06  +3.027349e-05  +6.913124e-08  +5.608454e-05  -3.333526e-04  -7.282922e-07  -5.979881e-07  +6.822442e-03  +1.978392e-07  +8.684468e-07  +1.672590e-02  +1.781940e-08  -6.172075e-07  +1.626952e-02  +2.692652e-07  +1.861217e-06  +4.237200e-03  
+5.216465e-06  -1.284607e-06  +1.223243e-04  +6.712427e-04  -4.135688e-05  +1.561570e-05  +5.609048e-06  +9.532330e-05  +2.168566e-06  +1.497833e-04  -1.261996e-03  -1.068945e-05  -4.225182e-06  +2.395220e-02  -1.869665e-06  +3.647340e-06  +4.170986e-02  +5.290306e-07  -4.486162e-06  +6.552790e-02  +7.324020e-07  +1.175813e-05  -2.158315e-03  
+3.600064e-07  +2.705327e-07  -7.743042e-06  -4.135688e-05  +1.825689e-05  -1.311208e-06  +4.716364e-07  +1.013677e-05  -1.770743e-07  +9.054400e-06  +2.385080e-05  +1.646723e-06  +1.057168e-06  +1.691112e-04  +3.634038e-07  +3.756049e-07  +1.325727e-03  -1.822510e-07  +3.585157e-07  -1.376083e-03  -3.613772e-07  -1.262925e-06  +3.639775e-03  
+1.310002e-07  +3.026765e-07  +3.707327e-06  +1.561570e-05  -1.311208e-06  +1.101695e-06  +1.236434e-06  -3.687637e-06  -1.956683e-08  +4.079735e-06  -2.372550e-05  -2.869370e-07  -1.935221e-07  -7.863318e-05  +1.579811e-07  +1.210981e-07  +4.402952e-04  -4.850523e-08  +2.365910e-08  +1.112372e-03  +2.369886e-07  +3.502335e-07  +2.737127e-04  
+8.292353e-07  +9.339876e-07  +7.145221e-06  +5.609048e-06  +4.716364e-07  +1.236434e-06  +6.038476e-06  +2.426745e-06  -3.361066e-07  +2.167153e-05  -6.142341e-05  +1.007966e-06  +3.877089e-08  +1.034346e-03  +4.689541e-07  +3.175677e-07  +4.982565e-03  -1.190311e-07  +2.610433e-07  +2.143884e-03  +3.678126e-07  -8.457495e-08  +3.533298e-03  
+2.741380e-06  -2.316472e-06  +3.027349e-05  +9.532330e-05  +1.013677e-05  -3.687637e-06  +2.426745e-06  +1.919252e-04  -2.191045e-07  +1.395269e-04  -5.822558e-04  +3.557752e-06  +4.603952e-07  +1.802555e-02  -1.995936e-06  +3.251219e-06  +4.158294e-02  -6.643098e-08  -8.012173e-07  +2.527037e-02  -2.225963e-06  -1.528947e-06  +1.339851e-02  
-5.518854e-08  -5.351268e-08  +6.913124e-08  +2.168566e-06  -1.770743e-07  -1.956683e-08  -3.361066e-07  -2.191045e-07  +6.958705e-08  -1.606603e-06  -1.061201e-06  -1.068828e-07  -9.747212e-09  +8.673760e-05  -1.541580e-08  -2.504597e-08  -1.774237e-04  +2.700393e-08  -3.274862e-08  +2.009150e-04  -3.005808e-08  +7.370077e-08  -2.922751e-04  
+6.029443e-06  +2.744890e-07  +5.608454e-05  +1.497833e-04  +9.054400e-06  +4.079735e-06  +2.167153e-05  +1.395269e-04  -1.606603e-06  +2.235907e-04  -7.630904e-04  +5.643435e-06  -8.056758e-08  +1.568768e-02  -2.140999e-07  +4.616015e-06  +5.167202e-02  -2.242775e-06  -6.971304e-07  +2.917463e-02  +4.868218e-07  -1.976960e-07  +2.666317e-02  
-2.405292e-05  +6.863062e-06  -3.333526e-04  -1.261996e-03  +2.385080e-05  -2.372550e-05  -6.142341e-05  -5.822558e-04  -1.061201e-06  -7.630904e-04  +4.179044e-03  -3.732015e-06  +2.634275e-06  -1.008938e-01  +1.433132e-06  -1.795055e-05  -2.282184e-01  +2.534560e-06  +8.477111e-06  -2.018235e-01  +3.086340e-06  -1.816706e-05  -7.138813e-02  
+2.094473e-07  +2.629996e-07  -7.282922e-07  -1.068945e-05  +1.646723e-06  -2.869370e-07  +1.007966e-06  +3.557752e-06  -1.068828e-07  +5.643435e-06  -3.732015e-06  +8.536142e-07  +8.094629e-08  +3.026192e-04  +6.615174e-08  +1.322418e-07  +1.427765e-03  -1.556861e-07  +3.723718e-08  -2.354499e-04  -4.058783e-09  -2.518217e-07  +1.368849e-03  
-8.165551e-08  -1.285523e-07  -5.979881e-07  -4.225182e-06  +1.057168e-06  -1.935221e-07  +3.877089e-08  +4.603952e-07  -9.747212e-09  -8.056758e-08  +2.634275e-06  +8.094629e-08  +4.030248e-07  +2.191395e-04  -3.122202e-08  -5.309268e-08  +2.499617e-04  +4.226029e-08  +5.256960e-08  +8.767025e-05  -1.486081e-07  -1.918210e-07  +2.586501e-04  
+4.675643e-04  -2.246392e-05  +6.822442e-03  +2.395220e-02  +1.691112e-04  -7.863318e-05  +1.034346e-03  +1.802555e-02  +8.673760e-05  +1.568768e-02  -1.008938e-01  +3.026192e-04  +2.191395e-04  +3.643414e+00  -2.349635e-04  +3.540032e-04  +6.337167e+00  +8.909548e-05  -1.865731e-04  +5.474529e+00  -2.499953e-04  +3.678365e-04  +1.452064e+00  
+8.546759e-08  -9.025027e-08  +1.978392e-07  -1.869665e-06  +3.634038e-07  +1.579811e-07  +4.689541e-07  -1.995936e-06  -1.541580e-08  -2.140999e-07  +1.433132e-06  +6.615174e-08  -3.122202e-08  -2.349635e-04  +4.434626e-07  +4.950964e-08  -1.667712e-04  -2.836522e-08  +8.790960e-08  -1.174266e-05  +7.007431e-08  +2.742795e-08  +1.951826e-04  
+1.644259e-07  -5.844053e-09  +8.684468e-07  +3.647340e-06  +3.756049e-07  +1.210981e-07  +3.175677e-07  +3.251219e-06  -2.504597e-08  +4.616015e-06  -1.795055e-05  +1.322418e-07  -5.309268e-08  +3.540032e-04  +4.950964e-08  +3.591873e-07  +9.251039e-04  -8.455101e-08  -4.952944e-09  +7.269620e-04  +9.247228e-10  +7.027919e-08  +5.867046e-04  
+1.484290e-03  -3.713624e-05  +1.672590e-02  +4.170986e-02  +1.325727e-03  +4.402952e-04  +4.982565e-03  +4.158294e-02  -1.774237e-04  +5.167202e-02  -2.282184e-01  +1.427765e-03  +2.499617e-04  +6.337167e+00  -1.667712e-04  +9.251039e-04  +1.628736e+01  -2.371576e-04  -3.721828e-04  +1.054508e+01  -3.330319e-04  +1.885838e-04  +6.340895e+00  
-8.300758e-08  -3.991594e-08  +1.781940e-08  +5.290306e-07  -1.822510e-07  -4.850523e-08  -1.190311e-07  -6.643098e-08  +2.700393e-08  -2.242775e-06  +2.534560e-06  -1.556861e-07  +4.226029e-08  +8.909548e-05  -2.836522e-08  -8.455101e-08  -2.371576e-04  +3.068388e-07  +3.871163e-08  +1.384420e-04  -2.323522e-08  -2.344613e-08  -4.385133e-04  
-5.582498e-08  +2.436920e-09  -6.172075e-07  -4.486162e-06  +3.585157e-07  +2.365910e-08  +2.610433e-07  -8.012173e-07  -3.274862e-08  -6.971304e-07  +8.477111e-06  +3.723718e-08  +5.256960e-08  -1.865731e-04  +8.790960e-08  -4.952944e-09  -3.721828e-04  +3.871163e-08  +2.554405e-07  -3.714851e-04  +1.642864e-08  -1.595211e-07  +1.406148e-04  
+8.082705e-04  -2.535283e-04  +1.626952e-02  +6.552790e-02  -1.376083e-03  +1.112372e-03  +2.143884e-03  +2.527037e-02  +2.009150e-04  +2.917463e-02  -2.018235e-01  -2.354499e-04  +8.767025e-05  +5.474529e+00  -1.174266e-05  +7.269620e-04  +1.054508e+01  +1.384420e-04  -3.714851e-04  +1.120425e+01  -3.347004e-04  +1.126732e-03  +2.365377e+00  
-1.987817e-08  +2.211006e-07  +2.692652e-07  +7.324020e-07  -3.613772e-07  +2.369886e-07  +3.678126e-07  -2.225963e-06  -3.005808e-08  +4.868218e-07  +3.086340e-06  -4.058783e-09  -1.486081e-07  -2.499953e-04  +7.007431e-08  +9.247228e-10  -3.330319e-04  -2.323522e-08  +1.642864e-08  -3.347004e-04  +3.165914e-07  +5.382910e-08  -1.008444e-04  
+7.639371e-08  +1.301992e-07  +1.861217e-06  +1.175813e-05  -1.262925e-06  +3.502335e-07  -8.457495e-08  -1.528947e-06  +7.370077e-08  -1.976960e-07  -1.816706e-05  -2.518217e-07  -1.918210e-07  +3.678365e-04  +2.742795e-08  +7.027919e-08  +1.885838e-04  -2.344613e-08  -1.595211e-07  +1.126732e-03  +5.382910e-08  +6.159575e-07  -3.455820e-04  
+6.728190e-04  +2.552422e-04  +4.237200e-03  -2.158315e-03  +3.639775e-03  +2.737127e-04  +3.533298e-03  +1.339851e-02  -2.922751e-04  +2.666317e-02  -7.138813e-02  +1.368849e-03  +2.586501e-04  +1.452064e+00  +1.951826e-04  +5.867046e-04  +6.340895e+00  -4.385133e-04  +1.406148e-04  +2.365377e+00  -1.008444e-04  -3.455820e-04  +4.987822e+00  
