mean:
+3.980826e+00  +3.954297e+00  +8.447064e-01  +1.292468e+00  +1.397776e+00  +3.988889e-01  +8.376978e-01  +1.377915e+00  +1.739652e-01  +1.896337e+00  +5.851294e+00  +3.592333e+00  +2.698362e+00  +2.065155e+02  +4.327774e+00  +5.293298e+00  +2.857883e+02  +5.452775e+00  +3.756943e+00  +3.325755e+02  +2.640664e+00  +4.558825e+00  +3.970161e+02  
covariance:
+1.549729e-06  +2.502559e-07  -2.808194e-06  -2.414584e-06  -7.515537e-07  +6.945182e-07  +1.363187e-05  +3.891962e-06  -6.076357e-06  +4.262559e-05  -5.681641e-05  +8.931144e-07  -2.151355e-06  +1.343756e-03  +1.104241e-06  +9.562474e-07  +4.836235e-03  -4.675260e-07  +6.612622e-07  +5.660732e-03  -5.710504e-07  +1.825877e-07  +3.963279e-03  
+2.502559e-07  +7.523399e-07  -3.248351e-07  -3.396109e-07  -2.554646e-07  +1.769757e-08  +1.820308e-06  +2.667305e-06  -7.409130e-07  +5.498920e-06  -9.304036e-06  +1.344198e-07  -5.215876e-07  +2.762394e-04  +2.066350e-07  -4.833734e-10  +5.394417e-04  -5.678765e-08  +7.857048e-08  +5.867361e-04  -1.273761e-07  -6.504454e-08  +5.352572e-04  
-2.808194e-06  -3.248351e-07  +1.371046e-05  +9.007172e-06  +3.331276e-06  -3.027650e-06  -5.277641e-05  -8.534010e-06  +2.176897e-05  -1.575076e-04  +2.074395e-04  -2.838193e-06  +7.109055e-06  -4.913006e-03  -3.540990e-06  -3.690047e-06  -1.864176e-02  +7.848723e-07  -2.306320e-06  -2.140587e-02  +1.454256e-06  -9.903426e-07  -1.579674e-02  
-2.414584e-06  -3.396109e-07  +9.007172e-06  +1.709334e-05  +2.803481e-06  -1.636402e-06  -4.268242e-05  -1.581734e-05  +1.728753e-05  -1.213499e-04  +1.705665e-04  -3.037497e-06  +6.076085e-06  -5.047407e-03  -2.374588e-06  -2.610100e-06  -1.264574e-02  +9.813482e-07  -1.382310e-06  -1.544492e-02  +1.801753e-06  +9.333014e-09  -1.041653e-02  
-7.515537e-07  -2.554646e-07  +3.331276e-06  +2.803481e-06  +2.288728e-06  -4.946246e-07  -1.356864e-05  -4.449577e-06  +5.751499e-06  -4.184951e-05  +5.590859e-05  -8.437784e-07  +2.153613e-06  -1.335841e-03  -1.144774e-06  -8.918334e-07  -4.737028e-03  +3.064135e-07  -4.956577e-07  -5.541418e-03  +6.597581e-07  -1.527299e-07  -4.143538e-03  
+6.945182e-07  +1.769757e-08  -3.027650e-06  -1.636402e-06  -4.946246e-07  +1.294536e-06  +1.284910e-05  -6.515156e-07  -5.550640e-06  +4.150423e-05  -5.086942e-05  +6.416237e-07  -1.842219e-06  +8.680713e-04  +1.097222e-06  +1.205193e-06  +5.334608e-03  -1.235772e-07  +8.683573e-07  +5.836729e-03  -1.557256e-07  +5.399063e-07  +4.295392e-03  
+1.363187e-05  +1.820308e-06  -5.277641e-05  -4.268242e-05  -1.356864e-05  +1.284910e-05  +2.584813e-04  +4.174541e-05  -1.076893e-04  +7.745961e-04  -1.019369e-03  +1.573654e-05  -3.466871e-05  +2.598978e-02  +1.610944e-05  +1.899710e-05  +8.845134e-02  -5.588075e-06  +1.090435e-05  +1.020843e-01  -8.471162e-06  +5.595603e-06  +7.452197e-02  
+3.891962e-06  +2.667305e-06  -8.534010e-06  -1.581734e-05  -4.449577e-06  -6.515156e-07  +4.174541e-05  +1.649131e-04  -1.557575e-05  +1.101833e-04  -2.771976e-04  +2.236059e-06  -1.822066e-05  +9.889466e-03  +6.017921e-06  -1.298060e-06  +1.144072e-02  -3.152700e-06  +2.437318e-06  +7.142262e-03  -4.201691e-06  -5.009355e-06  +9.191866e-03  
-6.076357e-06  -7.409130e-07  +2.176897e-05  +1.728753e-05  +5.751499e-06  -5.550640e-06  -1.076893e-04  -1.557575e-05  +4.696941e-05  -3.367195e-04  +4.303516e-04  -6.727547e-06  +1.484607e-05  -1.035829e-02  -7.508611e-06  -8.288405e-06  -3.833212e-02  +2.698709e-06  -5.071690e-06  -4.484753e-02  +3.886578e-06  -2.176580e-06  -3.205543e-02  
+4.262559e-05  +5.498920e-06  -1.575076e-04  -1.213499e-04  -4.184951e-05  +4.150423e-05  +7.745961e-04  +1.101833e-04  -3.367195e-04  +2.455314e-03  -3.140554e-03  +4.890494e-05  -1.094173e-04  +7.207403e-02  +5.850139e-05  +5.931272e-05  +2.821075e-01  -1.965325e-05  +3.815721e-05  +3.291697e-01  -2.851164e-05  +1.611483e-05  +2.359602e-01  
-5.681641e-05  -9.304036e-06  +2.074395e-04  +1.705665e-04  +5.590859e-05  -5.086942e-05  -1.019369e-03  -2.771976e-04  +4.303516e-04  -3.140554e-03  +4.302779e-03  -6.465831e-05  +1.539832e-04  -1.058281e-01  -7.875518e-05  -6.541075e-05  -3.595881e-01  +2.561099e-05  -4.807281e-05  -4.110576e-01  +3.937317e-05  -1.724079e-05  -3.038292e-01  
+8.931144e-07  +1.344198e-07  -2.838193e-06  -3.037497e-06  -8.437784e-07  +6.416237e-07  +1.573654e-05  +2.236059e-06  -6.727547e-06  +4.890494e-05  -6.465831e-05  +1.611060e-06  -2.231369e-06  +1.604720e-03  +1.120397e-06  +1.156204e-06  +5.084728e-03  -6.914576e-07  +6.015610e-07  +6.389788e-03  -7.773999e-07  +1.560402e-07  +4.300428e-03  
-2.151355e-06  -5.215876e-07  +7.109055e-06  +6.076085e-06  +2.153613e-06  -1.842219e-06  -3.466871e-05  -1.822066e-05  +1.484607e-05  -1.094173e-04  +1.539832e-04  -2.231369e-06  +6.838560e-06  -3.451866e-03  -3.476141e-06  -2.287912e-06  -1.292206e-02  +1.006306e-06  -1.803701e-06  -1.421862e-02  +1.448954e-06  -3.603323e-07  -1.059911e-02  
+1.343756e-03  +2.762394e-04  -4.913006e-03  -5.047407e-03  -1.335841e-03  +8.680713e-04  +2.598978e-02  +9.889466e-03  -1.035829e-02  +7.207403e-02  -1.058281e-01  +1.604720e-03  -3.451866e-03  +4.353597e+00  +5.223266e-04  +1.243936e-03  +7.146141e+00  -4.997826e-04  +8.723986e-04  +7.769253e+00  -9.161655e-04  +2.952640e-04  +6.276437e+00  
+1.104241e-06  +2.066350e-07  -3.540990e-06  -2.374588e-06  -1.144774e-06  +1.097222e-06  +1.610944e-05  +6.017921e-06  -7.508611e-06  +5.850139e-05  -7.875518e-05  +1.120397e-06  -3.476141e-06  +5.223266e-04  +3.297137e-06  +9.420513e-07  +7.719048e-03  -5.348730e-07  +1.299688e-06  +9.110349e-03  -9.107518e-07  +2.463407e-07  +6.262885e-03  
+9.562474e-07  -4.833734e-10  -3.690047e-06  -2.610100e-06  -8.918334e-07  +1.205193e-06  +1.899710e-05  -1.298060e-06  -8.288405e-06  +5.931272e-05  -6.541075e-05  +1.156204e-06  -2.287912e-06  +1.243936e-03  +9.420513e-07  +2.803373e-06  +6.959388e-03  -6.400760e-07  +7.949172e-07  +8.187419e-03  -3.980769e-07  +6.646862e-07  +5.579849e-03  
+4.836235e-03  +5.394417e-04  -1.864176e-02  -1.264574e-02  -4.737028e-03  +5.334608e-03  +8.845134e-02  +1.144072e-02  -3.833212e-02  +2.821075e-01  -3.595881e-01  +5.084728e-03  -1.292206e-02  +7.146141e+00  +7.719048e-03  +6.959388e-03  +3.436341e+01  -1.830702e-03  +4.649862e-03  +3.917555e+01  -2.891298e-03  +2.265471e-03  +2.844855e+01  
-4.675260e-07  -5.678765e-08  +7.848723e-07  +9.813482e-07  +3.064135e-07  -1.235772e-07  -5.588075e-06  -3.152700e-06  +2.698709e-06  -1.965325e-05  +2.561099e-05  -6.914576e-07  +1.006306e-06  -4.997826e-04  -5.348730e-07  -6.400760e-07  -1.830702e-03  +1.025054e-06  -4.388286e-07  -2.696490e-03  +4.158423e-07  +2.189007e-07  -1.395153e-03  
+6.612622e-07  +7.857048e-08  -2.306320e-06  -1.382310e-06  -4.956577e-07  +8.683573e-07  +1.090435e-05  +2.437318e-06  -5.071690e-06  +3.815721e-05  -4.807281e-05  +6.015610e-07  -1.803701e-06  +8.723986e-04  +1.299688e-06  +7.949172e-07  +4.649862e-03  -4.388286e-07  +1.148872e-06  +5.352287e-03  -3.334121e-07  +2.296771e-07  +3.810318e-03  
+5.660732e-03  +5.867361e-04  -2.140587e-02  -1.544492e-02  -5.541418e-03  +5.836729e-03  +1.020843e-01  +7.142262e-03  -4.484753e-02  +3.291697e-01  -4.110576e-01  +6.389788e-03  -1.421862e-02  +7.769253e+00  +9.110349e-03  +8.187419e-03  +3.917555e+01  -2.696490e-03  +5.352287e-03  +4.700887e+01  -3.789877e-03  +2.229236e-03  +3.238995e+01  
-5.710504e-07  -1.273761e-07  +1.454256e-06  +1.801753e-06  +6.597581e-07  -1.557256e-07  -8.471162e-06  -4.201691e-06  +3.886578e-06  -2.851164e-05  +3.937317e-05  -7.773999e-07  +1.448954e-06  -9.161655e-04  -9.107518e-07  -3.980769e-07  -2.891298e-03  +4.158423e-07  -3.334121e-07  -3.789877e-03  +8.478123e-07  +1.031843e-07  -2.460166e-03  
+1.825877e-07  -6.504454e-08  -9.903426e-07  +9.333014e-09  -1.527299e-07  +5.399063e-07  +5.595603e-06  -5.009355e-06  -2.176580e-06  +1.611483e-05  -1.724079e-05  +1.560402e-07  -3.603323e-07  +2.952640e-04  +2.463407e-07  +6.646862e-07  +2.265471e-03  +2.189007e-07  +2.296771e-07  +2.229236e-03  +1.031843e-07  +9.589432e-07  +2.056546e-03  
+3.963279e-03  +5.352572e-04  -1.579674e-02  -1.041653e-02  -4.143538e-03  +4.295392e-03  +7.452197e-02  +9.191866e-03  -3.205543e-02  +2.359602e-01  -3.038292e-01  +4.300428e-03  -1.059911e-02  +6.276437e+00  +6.262885e-03  +5.579849e-03  +2.844855e+01  -1.395153e-03  +3.810318e-03  +3.238995e+01  -2.460166e-03  +2.056546e-03  +2.428460e+01  
