mean:
+3.968049e+00  +3.991722e+00  +8.515590e-01  +1.325276e+00  +1.218542e+00  +4.095262e-01  +8.281736e-01  +1.310797e+00  +1.678447e-01  +2.000243e+00  +5.709890e+00  +3.612532e+00  +2.920223e+00  +2.154979e+02  +4.262361e+00  +5.128503e+00  +2.928240e+02  +5.235522e+00  +3.829420e+00  +3.362684e+02  +2.800578e+00  +4.480506e+00  +4.043082e+02  
covariance:
+3.040391e-06  +1.336402e-06  +2.379466e-06  +5.205570e-06  +2.485586e-06  +4.606787e-06  -3.233197e-06  -1.148952e-05  -1.197647e-05  +9.511442e-05  -1.782248e-04  +1.462277e-07  -1.281870e-07  +3.850659e-03  -3.135772e-06  +8.617827e-07  +1.314009e-02  +2.400567e-07  -1.483827e-07  +9.597484e-03  +4.766946e-07  +1.126449e-07  +1.044039e-02  
+1.336402e-06  +3.857545e-06  +1.048735e-06  +2.218613e-06  +1.358568e-06  +2.332424e-06  -9.642461e-08  -8.175374e-06  -8.242003e-06  +6.004886e-05  -9.719063e-05  -8.860329e-08  +1.309633e-07  +2.233154e-03  -2.724343e-06  +3.024418e-07  +6.809890e-03  +2.208720e-07  -1.235268e-07  +5.355062e-03  +2.254516e-07  +5.850003e-08  +5.654053e-03  
+2.379466e-06  +1.048735e-06  +2.505355e-05  +1.358670e-05  +7.783613e-06  +2.993897e-06  -6.196489e-06  -1.623436e-05  -1.986703e-05  +1.504367e-04  -1.578382e-04  +1.345232e-06  +1.380674e-06  +7.744646e-03  -5.803575e-06  +8.498880e-07  +1.802274e-02  +2.714186e-07  +4.724971e-07  +1.656765e-02  +1.255049e-07  -4.750142e-07  +1.120101e-02  
+5.205570e-06  +2.218613e-06  +1.358670e-05  +1.676484e-04  +1.366099e-05  +1.142977e-05  -2.291722e-06  -5.709348e-05  -3.038587e-05  +2.331329e-04  -4.222306e-04  -6.768843e-08  +3.759808e-06  +1.638813e-02  -7.482448e-06  +2.929142e-06  +3.430109e-02  -6.782827e-07  -5.225207e-07  +3.672856e-02  +2.218721e-07  -6.728136e-08  +2.336537e-02  
+2.485586e-06  +1.358568e-06  +7.783613e-06  +1.366099e-05  +1.094600e-05  +5.721997e-06  -4.115799e-06  -1.687856e-05  -1.703123e-05  +1.336100e-04  -2.081030e-04  +6.181836e-07  +5.387070e-07  +6.181779e-03  -4.888471e-06  +9.186977e-07  +1.706215e-02  +3.590609e-07  +2.044102e-07  +1.464274e-02  +8.137979e-07  -5.393048e-07  +1.271463e-02  
+4.606787e-06  +2.332424e-06  +2.993897e-06  +1.142977e-05  +5.721997e-06  +1.230815e-05  -8.660474e-06  -2.281981e-05  -2.594097e-05  +2.128765e-04  -4.198414e-04  +1.378350e-07  -5.657730e-08  +8.420588e-03  -6.540255e-06  +2.269558e-06  +3.093736e-02  +8.231548e-07  -1.016080e-07  +2.299868e-02  +1.227592e-06  -1.031340e-07  +2.473491e-02  
-3.233197e-06  -9.642461e-08  -6.196489e-06  -2.291722e-06  -4.115799e-06  -8.660474e-06  +3.045191e-05  -6.603306e-06  +8.748469e-06  -1.279002e-04  +3.212890e-04  -2.319414e-06  +4.775560e-07  -5.660523e-03  -1.645941e-06  -2.705125e-06  -2.711529e-02  -6.081536e-07  +4.917965e-07  -1.861813e-02  -7.681487e-07  -1.819445e-06  -2.349336e-02  
-1.148952e-05  -8.175374e-06  -1.623436e-05  -5.709348e-05  -1.687856e-05  -2.281981e-05  -6.603306e-06  +1.916275e-04  +8.422901e-05  -6.059567e-04  +1.005429e-03  +1.700150e-06  -2.431342e-06  -2.734754e-02  +2.988578e-05  -2.641396e-06  -7.202953e-02  -2.550902e-06  -1.234066e-06  -5.606151e-02  -1.376254e-06  -1.659925e-06  -5.166085e-02  
-1.197647e-05  -8.242003e-06  -1.986703e-05  -3.038587e-05  -1.703123e-05  -2.594097e-05  +8.748469e-06  +8.422901e-05  +8.329858e-05  -6.261379e-04  +1.005611e-03  -1.132769e-07  -7.388361e-07  -2.450545e-02  +2.431860e-05  -4.190907e-06  -7.660253e-02  -2.105453e-06  +7.280992e-08  -5.929012e-02  -2.835664e-06  +8.054493e-07  -5.850406e-02  
+9.511442e-05  +6.004886e-05  +1.504367e-04  +2.331329e-04  +1.336100e-04  +2.128765e-04  -1.279002e-04  -6.059567e-04  -6.261379e-04  +4.874808e-03  -8.210204e-03  +5.023107e-06  +1.934219e-06  +1.921310e-01  -1.725478e-04  +3.762554e-05  +6.280751e-01  +1.648047e-05  -1.735951e-06  +4.762532e-01  +2.304479e-05  -1.481740e-06  +4.855642e-01  
-1.782248e-04  -9.719063e-05  -1.578382e-04  -4.222306e-04  -2.081030e-04  -4.198414e-04  +3.212890e-04  +1.005429e-03  +1.005611e-03  -8.210204e-03  +1.615152e-02  -4.783086e-06  +1.469714e-05  -3.327293e-01  +2.639966e-04  -7.787014e-05  -1.170018e+00  -2.603872e-05  +1.278084e-05  -8.454045e-01  -4.213899e-05  -1.590149e-05  -9.375676e-01  
+1.462277e-07  -8.860329e-08  +1.345232e-06  -6.768843e-08  +6.181836e-07  +1.378350e-07  -2.319414e-06  +1.700150e-06  -1.132769e-07  +5.023107e-06  -4.783086e-06  +8.925988e-07  -1.365521e-07  +5.259007e-04  +2.908765e-07  +1.892499e-07  +1.249062e-03  +5.507050e-09  +1.517849e-07  +9.822509e-04  +4.583892e-08  +2.077125e-08  +8.477490e-04  
-1.281870e-07  +1.309633e-07  +1.380674e-06  +3.759808e-06  +5.387070e-07  -5.657730e-08  +4.775560e-07  -2.431342e-06  -7.388361e-07  +1.934219e-06  +1.469714e-05  -1.365521e-07  +1.737477e-06  +4.593536e-04  -1.167921e-06  +5.803404e-08  -7.887734e-04  +2.503645e-07  +1.803667e-07  +1.187451e-03  -2.474683e-07  +3.895438e-08  -3.381656e-04  
+3.850659e-03  +2.233154e-03  +7.744646e-03  +1.638813e-02  +6.181779e-03  +8.420588e-03  -5.660523e-03  -2.734754e-02  -2.450545e-02  +1.921310e-01  -3.327293e-01  +5.259007e-04  +4.593536e-04  +9.276778e+00  -7.105354e-03  +1.811464e-03  +2.567037e+01  +5.690259e-04  +2.813022e-04  +2.029996e+01  +9.313957e-04  +4.039815e-05  +1.946601e+01  
-3.135772e-06  -2.724343e-06  -5.803575e-06  -7.482448e-06  -4.888471e-06  -6.540255e-06  -1.645941e-06  +2.988578e-05  +2.431860e-05  -1.725478e-04  +2.639966e-04  +2.908765e-07  -1.167921e-06  -7.105354e-03  +9.568476e-06  -8.281610e-07  -1.857066e-02  -7.196055e-07  -1.043882e-07  -1.589965e-02  -5.485834e-07  +1.780840e-07  -1.437979e-02  
+8.617827e-07  +3.024418e-07  +8.498880e-07  +2.929142e-06  +9.186977e-07  +2.269558e-06  -2.705125e-06  -2.641396e-06  -4.190907e-06  +3.762554e-05  -7.787014e-05  +1.892499e-07  +5.803404e-08  +1.811464e-03  -8.281610e-07  +1.095884e-06  +6.336047e-03  +2.098553e-07  +1.742153e-07  +4.495467e-03  +2.765398e-07  +9.843885e-08  +4.827012e-03  
+1.314009e-02  +6.809890e-03  +1.802274e-02  +3.430109e-02  +1.706215e-02  +3.093736e-02  -2.711529e-02  -7.202953e-02  -7.660253e-02  +6.280751e-01  -1.170018e+00  +1.249062e-03  -7.887734e-04  +2.567037e+01  -1.857066e-02  +6.336047e-03  +9.041431e+01  +2.301738e-03  -2.616585e-04  +6.635506e+01  +3.240641e-03  +7.335250e-04  +6.976490e+01  
+2.400567e-07  +2.208720e-07  +2.714186e-07  -6.782827e-07  +3.590609e-07  +8.231548e-07  -6.081536e-07  -2.550902e-06  -2.105453e-06  +1.648047e-05  -2.603872e-05  +5.507050e-09  +2.503645e-07  +5.690259e-04  -7.196055e-07  +2.098553e-07  +2.301738e-03  +5.649014e-07  +1.396107e-07  +2.114407e-03  +6.800763e-08  +7.137643e-08  +1.785674e-03  
-1.483827e-07  -1.235268e-07  +4.724971e-07  -5.225207e-07  +2.044102e-07  -1.016080e-07  +4.917965e-07  -1.234066e-06  +7.280992e-08  -1.735951e-06  +1.278084e-05  +1.517849e-07  +1.803667e-07  +2.813022e-04  -1.043882e-07  +1.742153e-07  -2.616585e-04  +1.396107e-07  +7.217338e-07  +2.644602e-04  +9.363947e-08  -1.682449e-07  -6.166082e-04  
+9.597484e-03  +5.355062e-03  +1.656765e-02  +3.672856e-02  +1.464274e-02  +2.299868e-02  -1.861813e-02  -5.606151e-02  -5.929012e-02  +4.762532e-01  -8.454045e-01  +9.822509e-04  +1.187451e-03  +2.029996e+01  -1.589965e-02  +4.495467e-03  +6.635506e+01  +2.114407e-03  +2.644602e-04  +5.446215e+01  +2.376510e-03  +3.124910e-04  +5.078542e+01  
+4.766946e-07  +2.254516e-07  +1.255049e-07  +2.218721e-07  +8.137979e-07  +1.227592e-06  -7.681487e-07  -1.376254e-06  -2.835664e-06  +2.304479e-05  -4.213899e-05  +4.583892e-08  -2.474683e-07  +9.313957e-04  -5.485834e-07  +2.765398e-07  +3.240641e-03  +6.800763e-08  +9.363947e-08  +2.376510e-03  +4.877303e-07  -1.013456e-07  +2.547627e-03  
+1.126449e-07  +5.850003e-08  -4.750142e-07  -6.728136e-08  -5.393048e-07  -1.031340e-07  -1.819445e-06  -1.659925e-06  +8.054493e-07  -1.481740e-06  -1.590149e-05  +2.077125e-08  +3.895438e-08  +4.039815e-05  +1.780840e-07  +9.843885e-08  +7.335250e-04  +7.137643e-08  -1.682449e-07  +3.124910e-04  -1.013456e-07  +1.046378e-06  +1.000589e-03  
+1.044039e-02  +5.654053e-03  +1.120101e-02  +2.336537e-02  +1.271463e-02  +2.473491e-02  -2.349336e-02  -5.166085e-02  -5.850406e-02  +4.855642e-01  -9.375676e-01  +8.477490e-04  -3.381656e-04  +1.946601e+01  -1.437979e-02  +4.827012e-03  +6.976490e+01  +1.785674e-03  -6.166082e-04  +5.078542e+01  +2.547627e-03  +1.000589e-03  +5.678710e+01  
