mean:
+3.912479e+00  +3.897413e+00  +8.493389e-01  +1.383121e+00  +1.441210e+00  +6.043827e-01  +8.000225e-01  +1.411320e+00  +1.594958e-01  +1.877834e+00  +5.885416e+00  +3.484065e+00  +2.610036e+00  +1.966205e+02  +4.262766e+00  +5.275526e+00  +2.815500e+02  +5.349992e+00  +3.758036e+00  +3.243133e+02  +2.640017e+00  +4.559329e+00  +3.970412e+02  
covariance:
+4.598841e-06  -1.211965e-06  +5.437303e-06  +1.886591e-05  +1.177681e-06  +4.848130e-07  +5.731424e-06  +5.543251e-06  -2.231715e-06  +1.270659e-05  -2.411388e-05  -1.233573e-07  +4.053602e-07  +9.013720e-04  -1.612037e-07  +1.456914e-07  +1.988478e-03  +6.020933e-07  -6.609567e-08  +1.936517e-03  -1.570112e-07  +3.502171e-07  +1.268941e-03  
-1.211965e-06  +8.824601e-07  +1.222277e-06  +4.906446e-06  +9.733622e-08  +3.657229e-07  +4.754346e-08  +3.100328e-06  -7.166806e-07  +6.103792e-06  -6.644293e-06  +1.067409e-07  +1.902716e-08  -5.598247e-05  -1.105708e-07  +3.606287e-08  +1.069253e-03  -3.821506e-08  -3.751249e-08  +7.919331e-05  +6.050851e-08  +6.923473e-08  +6.144165e-04  
+5.437303e-06  +1.222277e-06  +6.104392e-05  +1.518025e-04  -1.132732e-06  +2.521462e-06  +3.451304e-05  +8.696583e-05  -1.674569e-05  +1.383702e-04  -2.124454e-04  +8.062985e-07  +2.931800e-06  +5.774966e-03  -2.105649e-06  +1.725360e-06  +2.310613e-02  +2.829854e-06  -9.798139e-07  +1.317353e-02  -1.092514e-07  +1.633367e-06  +7.554242e-03  
+1.886591e-05  +4.906446e-06  +1.518025e-04  +6.935901e-04  +3.403641e-05  +3.561621e-05  +1.011747e-04  +2.294495e-04  -6.701277e-05  +5.693257e-04  -7.338605e-04  +7.664281e-06  +5.335690e-06  +1.570191e-02  -1.042026e-05  +4.641215e-06  +9.115553e-02  +9.115484e-06  -2.878806e-06  +3.511827e-02  +1.995694e-06  +1.141370e-05  +6.281851e-02  
+1.177681e-06  +9.733622e-08  -1.132732e-06  +3.403641e-05  +3.664251e-05  +5.127467e-06  +4.548340e-06  +7.363751e-06  -3.047049e-06  +2.683377e-05  -3.378671e-05  -6.266981e-07  +4.873462e-07  -9.565916e-05  +5.626784e-07  +2.842112e-08  +6.006573e-03  -9.792792e-08  +5.221045e-07  +6.654924e-04  -4.644495e-07  +1.693931e-06  +6.854757e-03  
+4.848130e-07  +3.657229e-07  +2.521462e-06  +3.561621e-05  +5.127467e-06  +5.714381e-06  +8.247662e-07  -5.288290e-06  -3.638583e-06  +3.489828e-05  -3.378707e-05  +6.249744e-07  -5.845514e-07  +5.567104e-04  -8.266225e-07  -2.237494e-07  +5.143782e-03  +9.383443e-07  -4.645658e-07  +6.111800e-04  +4.970808e-07  +7.698724e-07  +5.897300e-03  
+5.731424e-06  +4.754346e-08  +3.451304e-05  +1.011747e-04  +4.548340e-06  +8.247662e-07  +3.925478e-05  +4.258627e-05  -1.084553e-05  +7.065544e-05  -1.371220e-04  +8.628618e-07  +3.014960e-06  +5.248035e-03  -1.130721e-07  +8.634583e-07  +1.253561e-02  +1.812045e-06  +4.481326e-08  +1.119690e-02  -1.347146e-06  +1.794594e-06  +5.667172e-03  
+5.543251e-06  +3.100328e-06  +8.696583e-05  +2.294495e-04  +7.363751e-06  -5.288290e-06  +4.258627e-05  +2.548762e-04  -2.397554e-05  +2.017540e-04  -3.064330e-04  -9.297387e-07  +5.980035e-06  +2.241736e-03  -1.108590e-06  +4.884096e-06  +3.947603e-02  -1.133501e-06  +4.782890e-07  +1.524008e-02  -7.366060e-07  +3.842912e-06  +1.175487e-02  
-2.231715e-06  -7.166806e-07  -1.674569e-05  -6.701277e-05  -3.047049e-06  -3.638583e-06  -1.084553e-05  -2.397554e-05  +8.338850e-06  -6.586296e-05  +7.711202e-05  -5.423730e-07  -6.626575e-07  -2.518743e-03  +7.153008e-07  -4.468676e-07  -9.479199e-03  -1.448396e-06  +5.895056e-07  -4.343896e-03  -1.935746e-07  -1.048307e-06  -6.868313e-03  
+1.270659e-05  +6.103792e-06  +1.383702e-04  +5.693257e-04  +2.683377e-05  +3.489828e-05  +7.065544e-05  +2.017540e-04  -6.586296e-05  +5.847922e-04  -6.563453e-04  +5.021031e-06  +4.047612e-06  +1.956202e-02  -7.249344e-06  +3.726809e-06  +8.370100e-02  +1.223976e-05  -5.422005e-06  +3.215901e-02  +3.185002e-06  +9.143350e-06  +6.071036e-02  
-2.411388e-05  -6.644293e-06  -2.124454e-04  -7.338605e-04  -3.378671e-05  -3.378707e-05  -1.371220e-04  -3.064330e-04  +7.711202e-05  -6.563453e-04  +9.878662e-04  -4.885401e-06  -1.080619e-05  -2.052326e-02  +1.025602e-05  -5.516034e-06  -1.110879e-01  -1.293512e-05  +2.735253e-06  -5.032612e-02  -4.830888e-07  -1.386968e-05  -5.976133e-02  
-1.233573e-07  +1.067409e-07  +8.062985e-07  +7.664281e-06  -6.266981e-07  +6.249744e-07  +8.628618e-07  -9.297387e-07  -5.423730e-07  +5.021031e-06  -4.885401e-06  +7.657454e-07  -1.565727e-07  -2.417826e-04  -2.694865e-07  -2.072634e-07  +8.096337e-04  -1.434457e-07  -4.302089e-08  -6.161061e-05  +1.184711e-08  -3.026364e-08  +8.908631e-04  
+4.053602e-07  +1.902716e-08  +2.931800e-06  +5.335690e-06  +4.873462e-07  -5.845514e-07  +3.014960e-06  +5.980035e-06  -6.626575e-07  +4.047612e-06  -1.080619e-05  -1.565727e-07  +7.690150e-07  +4.589016e-04  +1.314643e-07  +2.336186e-07  +9.684435e-04  +3.556651e-08  +1.081257e-07  +8.546383e-04  -2.432520e-07  +1.772886e-07  +1.819139e-06  
+9.013720e-04  -5.598247e-05  +5.774966e-03  +1.570191e-02  -9.565916e-05  +5.567104e-04  +5.248035e-03  +2.241736e-03  -2.518743e-03  +1.956202e-02  -2.052326e-02  -2.417826e-04  +4.589016e-04  +3.418862e+00  +3.351220e-04  +2.597539e-04  +1.334768e+00  +1.359754e-03  -3.548801e-04  +2.478739e+00  +5.120762e-05  +4.172772e-04  +1.089427e+00  
-1.612037e-07  -1.105708e-07  -2.105649e-06  -1.042026e-05  +5.626784e-07  -8.266225e-07  -1.130721e-07  -1.108590e-06  +7.153008e-07  -7.249344e-06  +1.025602e-05  -2.694865e-07  +1.314643e-07  +3.351220e-04  +7.627322e-07  +8.401020e-08  -1.298999e-03  -1.029433e-08  +1.166663e-07  -1.580599e-04  -2.446732e-07  +2.424044e-08  -6.685084e-04  
+1.456914e-07  +3.606287e-08  +1.725360e-06  +4.641215e-06  +2.842112e-08  -2.237494e-07  +8.634583e-07  +4.884096e-06  -4.468676e-07  +3.726809e-06  -5.516034e-06  -2.072634e-07  +2.336186e-07  +2.597539e-04  +8.401020e-08  +4.125532e-07  +6.827236e-04  +6.863210e-08  +3.694272e-08  +3.604005e-04  -3.439350e-08  +1.756455e-07  +6.656634e-05  
+1.988478e-03  +1.069253e-03  +2.310613e-02  +9.115553e-02  +6.006573e-03  +5.143782e-03  +1.253561e-02  +3.947603e-02  -9.479199e-03  +8.370100e-02  -1.110879e-01  +8.096337e-04  +9.684435e-04  +1.334768e+00  -1.298999e-03  +6.827236e-04  +1.469472e+01  +1.078557e-03  -3.313007e-04  +4.567963e+00  +1.191662e-04  +1.716554e-03  +8.911898e+00  
+6.020933e-07  -3.821506e-08  +2.829854e-06  +9.115484e-06  -9.792792e-08  +9.383443e-07  +1.812045e-06  -1.133501e-06  -1.448396e-06  +1.223976e-05  -1.293512e-05  -1.434457e-07  +3.556651e-08  +1.359754e-03  -1.029433e-08  +6.863210e-08  +1.078557e-03  +1.069572e-06  -3.415277e-07  +1.250627e-03  +1.806425e-07  +2.443598e-07  +1.042026e-03  
-6.609567e-08  -3.751249e-08  -9.798139e-07  -2.878806e-06  +5.221045e-07  -4.645658e-07  +4.481326e-08  +4.782890e-07  +5.895056e-07  -5.422005e-06  +2.735253e-06  -4.302089e-08  +1.081257e-07  -3.548801e-04  +1.166663e-07  +3.694272e-08  -3.313007e-04  -3.415277e-07  +4.656438e-07  -4.155299e-04  -1.573882e-07  +5.195753e-08  -6.906927e-04  
+1.936517e-03  +7.919331e-05  +1.317353e-02  +3.511827e-02  +6.654924e-04  +6.111800e-04  +1.119690e-02  +1.524008e-02  -4.343896e-03  +3.215901e-02  -5.032612e-02  -6.161061e-05  +8.546383e-04  +2.478739e+00  -1.580599e-04  +3.604005e-04  +4.567963e+00  +1.250627e-03  -4.155299e-04  +4.545836e+00  -1.517699e-04  +5.026799e-04  +2.181809e+00  
-1.570112e-07  +6.050851e-08  -1.092514e-07  +1.995694e-06  -4.644495e-07  +4.970808e-07  -1.347146e-06  -7.366060e-07  -1.935746e-07  +3.185002e-06  -4.830888e-07  +1.184711e-08  -2.432520e-07  +5.120762e-05  -2.446732e-07  -3.439350e-08  +1.191662e-04  +1.806425e-07  -1.573882e-07  -1.517699e-04  +5.188100e-07  -3.753997e-10  +4.044029e-04  
+3.502171e-07  +6.923473e-08  +1.633367e-06  +1.141370e-05  +1.693931e-06  +7.698724e-07  +1.794594e-06  +3.842912e-06  -1.048307e-06  +9.143350e-06  -1.386968e-05  -3.026364e-08  +1.772886e-07  +4.172772e-04  +2.424044e-08  +1.756455e-07  +1.716554e-03  +2.443598e-07  +5.195753e-08  +5.026799e-04  -3.753997e-10  +6.465156e-07  +1.362754e-03  
+1.268941e-03  +6.144165e-04  +7.554242e-03  +6.281851e-02  +6.854757e-03  +5.897300e-03  +5.667172e-03  +1.175487e-02  -6.868313e-03  +6.071036e-02  -5.976133e-02  +8.908631e-04  +1.819139e-06  +1.089427e+00  -6.685084e-04  +6.656634e-05  +8.911898e+00  +1.042026e-03  -6.906927e-04  +2.181809e+00  +4.044029e-04  +1.362754e-03  +9.965461e+00  
