mean:
+3.979379e+00  +4.009739e+00  +8.398339e-01  +1.337429e+00  +1.253805e+00  +6.024562e-01  +8.134839e-01  +1.387730e+00  +1.666424e-01  +1.901787e+00  +5.799167e+00  +3.594928e+00  +2.900759e+00  +2.021866e+02  +4.310861e+00  +5.178881e+00  +2.828083e+02  +5.217287e+00  +3.910448e+00  +3.264136e+02  +2.879643e+00  +4.559823e+00  +3.923879e+02  
covariance:
+2.575894e-06  -2.463081e-07  -1.081603e-06  +1.124591e-05  -2.085767e-07  +8.818910e-09  -3.435539e-06  -5.070680e-07  -4.395613e-06  +3.923475e-05  -1.246896e-04  -1.823219e-09  -2.462229e-07  -1.074843e-03  -1.090197e-09  +1.246977e-07  +1.430305e-03  +1.630655e-07  +5.651383e-08  +2.567865e-03  +1.705484e-07  -1.743090e-08  +8.786988e-04  
-2.463081e-07  +3.428506e-06  -1.021083e-07  -5.121543e-06  +5.962398e-07  +2.446937e-07  +2.550926e-06  +1.744829e-07  +2.406088e-06  -2.203393e-05  +7.196740e-05  +4.030264e-08  +1.704840e-07  +9.666908e-04  +1.181375e-07  +2.251318e-08  -1.067612e-03  -4.674273e-08  -1.557960e-07  -1.719694e-03  -1.181932e-07  +4.904463e-08  -4.545712e-04  
-1.081603e-06  -1.021083e-07  +1.393438e-05  -1.791532e-07  -4.873471e-06  +1.115582e-06  +2.921383e-06  +5.440565e-06  +4.010086e-06  -3.183740e-05  +4.021624e-05  -1.280755e-07  +6.938305e-07  -3.727014e-04  -9.531411e-08  +3.898712e-07  -2.741248e-03  -4.451126e-07  -8.114769e-08  -1.307893e-03  -3.864107e-07  +5.121616e-07  -2.217679e-03  
+1.124591e-05  -5.121543e-06  -1.791532e-07  +2.626637e-04  +3.637320e-06  +9.821808e-06  -1.617902e-05  -7.350333e-05  -2.457887e-05  +2.235157e-04  -7.839534e-04  +1.331161e-07  +1.376683e-06  -9.295672e-03  +7.251606e-07  -3.470381e-06  -4.270696e-03  +4.118016e-07  -6.655509e-08  +1.416646e-02  +2.320904e-06  +1.577940e-06  -1.596496e-03  
-2.085767e-07  +5.962398e-07  -4.873471e-06  +3.637320e-06  +2.787672e-05  -3.851623e-07  +3.155373e-07  +2.211298e-06  +8.294986e-07  -6.017214e-06  +2.709348e-05  -1.654788e-07  +8.520482e-07  -4.076145e-04  -1.132422e-06  -9.844752e-07  +1.947358e-03  -4.450711e-07  -6.512482e-07  +1.751867e-04  +1.011032e-06  -5.487048e-07  +4.749469e-04  
+8.818910e-09  +2.446937e-07  +1.115582e-06  +9.821808e-06  -3.851623e-07  +2.120461e-06  +4.772149e-07  -4.670913e-06  +9.807772e-07  -6.339445e-06  -8.716440e-06  -3.149609e-07  +3.235432e-07  +1.751566e-04  +3.202979e-07  -3.501495e-07  -1.377606e-03  -7.364433e-08  +7.266485e-08  -6.089611e-04  -1.329685e-08  +6.536187e-08  -9.852933e-04  
-3.435539e-06  +2.550926e-06  +2.921383e-06  -1.617902e-05  +3.155373e-07  +4.772149e-07  +2.667757e-05  +7.562814e-06  +8.592852e-06  -1.034475e-04  +2.661992e-04  +6.180911e-07  +2.503681e-06  +4.002435e-03  +2.443703e-07  +3.348999e-07  -7.850353e-03  +5.918303e-07  -2.701312e-07  -8.749539e-03  -3.285936e-07  -5.564963e-07  -3.870598e-03  
-5.070680e-07  +1.744829e-07  +5.440565e-06  -7.350333e-05  +2.211298e-06  -4.670913e-06  +7.562814e-06  +1.138418e-04  +4.169228e-06  -3.182246e-05  -6.639055e-06  -3.284503e-07  -9.977302e-07  -1.876649e-03  +6.664104e-09  +3.074621e-06  +1.593572e-03  +3.310750e-08  -4.141273e-07  -5.435678e-04  -1.621908e-06  -2.593929e-06  +5.387013e-04  
-4.395613e-06  +2.406088e-06  +4.010086e-06  -2.457887e-05  +8.294986e-07  +9.807772e-07  +8.592852e-06  +4.169228e-06  +1.217634e-05  -1.035076e-04  +2.788875e-04  -1.766377e-07  +8.556746e-07  +2.396256e-03  +2.129202e-07  -2.437437e-07  -5.084934e-03  -3.803130e-07  -1.161666e-07  -6.771328e-03  -6.236300e-07  +8.940934e-08  -2.804229e-03  
+3.923475e-05  -2.203393e-05  -3.183740e-05  +2.235157e-04  -6.017214e-06  -6.339445e-06  -1.034475e-04  -3.182246e-05  -1.035076e-04  +9.538869e-04  -2.682028e-03  +5.613587e-08  -9.618226e-06  -2.568141e-02  -1.446199e-06  +1.717211e-06  +4.770063e-02  +2.148326e-06  +1.238299e-06  +6.564569e-02  +5.071768e-06  -1.681963e-07  +2.592705e-02  
-1.246896e-04  +7.196740e-05  +4.021624e-05  -7.839534e-04  +2.709348e-05  -8.716440e-06  +2.661992e-04  -6.639055e-06  +2.788875e-04  -2.682028e-03  +9.147736e-03  +5.343506e-06  +1.604925e-05  +8.921693e-02  -2.355574e-06  -5.312512e-06  -9.196994e-02  -7.927886e-06  -5.069492e-06  -1.887846e-01  -9.816056e-06  +2.461879e-06  -5.297440e-02  
-1.823219e-09  +4.030264e-08  -1.280755e-07  +1.331161e-07  -1.654788e-07  -3.149609e-07  +6.180911e-07  -3.284503e-07  -1.766377e-07  +5.613587e-08  +5.343506e-06  +7.436175e-07  +2.123219e-08  +3.297976e-04  -8.323163e-08  +1.524834e-07  -1.472267e-04  -3.920514e-08  -1.326943e-07  -1.305599e-04  -7.321438e-08  +1.542309e-07  +3.383618e-04  
-2.462229e-07  +1.704840e-07  +6.938305e-07  +1.376683e-06  +8.520482e-07  +3.235432e-07  +2.503681e-06  -9.977302e-07  +8.556746e-07  -9.618226e-06  +1.604925e-05  +2.123219e-08  +1.033716e-06  +5.398501e-04  -5.535910e-08  -2.158703e-08  -1.197955e-03  +8.243090e-08  -1.102582e-07  -9.126835e-04  -2.076179e-08  -1.240064e-07  -3.597418e-04  
-1.074843e-03  +9.666908e-04  -3.727014e-04  -9.295672e-03  -4.076145e-04  +1.751566e-04  +4.002435e-03  -1.876649e-03  +2.396256e-03  -2.568141e-02  +8.921693e-02  +3.297976e-04  +5.398501e-04  +2.563911e+00  +1.393512e-04  +4.435476e-04  -1.510319e+00  -8.328293e-05  -5.103065e-05  -2.528696e+00  -6.550559e-06  +8.610294e-05  -3.391334e-01  
-1.090197e-09  +1.181375e-07  -9.531411e-08  +7.251606e-07  -1.132422e-06  +3.202979e-07  +2.443703e-07  +6.664104e-09  +2.129202e-07  -1.446199e-06  -2.355574e-06  -8.323163e-08  -5.535910e-08  +1.393512e-04  +4.911572e-07  -2.280514e-09  -6.427509e-04  +2.430136e-08  +1.617544e-07  +4.935430e-05  -7.299356e-08  +8.551881e-08  -1.083236e-04  
+1.246977e-07  +2.251318e-08  +3.898712e-07  -3.470381e-06  -9.844752e-07  -3.501495e-07  +3.348999e-07  +3.074621e-06  -2.437437e-07  +1.717211e-06  -5.312512e-06  +1.524834e-07  -2.158703e-08  +4.435476e-04  -2.280514e-09  +7.950805e-07  -5.451646e-05  +8.455387e-08  -6.609771e-08  -1.295874e-04  -1.470197e-08  -2.530228e-08  +2.146474e-04  
+1.430305e-03  -1.067612e-03  -2.741248e-03  -4.270696e-03  +1.947358e-03  -1.377606e-03  -7.850353e-03  +1.593572e-03  -5.084934e-03  +4.770063e-02  -9.196994e-02  -1.472267e-04  -1.197955e-03  -1.510319e+00  -6.427509e-04  -5.451646e-05  +5.866042e+00  -1.605560e-05  -9.120147e-05  +3.401241e+00  +3.306185e-04  -1.791424e-04  +2.055111e+00  
+1.630655e-07  -4.674273e-08  -4.451126e-07  +4.118016e-07  -4.450711e-07  -7.364433e-08  +5.918303e-07  +3.310750e-08  -3.803130e-07  +2.148326e-06  -7.927886e-06  -3.920514e-08  +8.243090e-08  -8.328293e-05  +2.430136e-08  +8.455387e-08  -1.605560e-05  +4.300766e-07  +5.441841e-08  -8.474643e-05  -2.881463e-08  -6.004773e-08  -3.823492e-05  
+5.651383e-08  -1.557960e-07  -8.114769e-08  -6.655509e-08  -6.512482e-07  +7.266485e-08  -2.701312e-07  -4.141273e-07  -1.161666e-07  +1.238299e-06  -5.069492e-06  -1.326943e-07  -1.102582e-07  -5.103065e-05  +1.617544e-07  -6.609771e-08  -9.120147e-05  +5.441841e-08  +4.380607e-07  +1.959224e-04  -1.026229e-08  +9.859310e-08  -3.486094e-05  
+2.567865e-03  -1.719694e-03  -1.307893e-03  +1.416646e-02  +1.751867e-04  -6.089611e-04  -8.749539e-03  -5.435678e-04  -6.771328e-03  +6.564569e-02  -1.887846e-01  -1.305599e-04  -9.126835e-04  -2.528696e+00  +4.935430e-05  -1.295874e-04  +3.401241e+00  -8.474643e-05  +1.959224e-04  +6.088409e+00  +3.552528e-04  +1.564746e-04  +2.187748e+00  
+1.705484e-07  -1.181932e-07  -3.864107e-07  +2.320904e-06  +1.011032e-06  -1.329685e-08  -3.285936e-07  -1.621908e-06  -6.236300e-07  +5.071768e-06  -9.816056e-06  -7.321438e-08  -2.076179e-08  -6.550559e-06  -7.299356e-08  -1.470197e-08  +3.306185e-04  -2.881463e-08  -1.026229e-08  +3.552528e-04  +3.331707e-07  -3.959002e-08  +5.371344e-05  
-1.743090e-08  +4.904463e-08  +5.121616e-07  +1.577940e-06  -5.487048e-07  +6.536187e-08  -5.564963e-07  -2.593929e-06  +8.940934e-08  -1.681963e-07  +2.461879e-06  +1.542309e-07  -1.240064e-07  +8.610294e-05  +8.551881e-08  -2.530228e-08  -1.791424e-04  -6.004773e-08  +9.859310e-08  +1.564746e-04  -3.959002e-08  +5.147417e-07  +6.638152e-05  
+8.786988e-04  -4.545712e-04  -2.217679e-03  -1.596496e-03  +4.749469e-04  -9.852933e-04  -3.870598e-03  +5.387013e-04  -2.804229e-03  +2.592705e-02  -5.297440e-02  +3.383618e-04  -3.597418e-04  -3.391334e-01  -1.083236e-04  +2.146474e-04  +2.055111e+00  -3.823492e-05  -3.486094e-05  +2.187748e+00  +5.371344e-05  +6.638152e-05  +2.220031e+00  
