mean:
+3.984900e+00  +3.975514e+00  +5.986774e-01  +2.006355e+00  +1.258720e+00  +5.031816e-01  +8.616440e-01  +2.171622e+00  +4.069410e-02  +3.910894e+00  +5.814647e+00  +4.572691e+00  +3.238757e+00  +3.293293e+02  +2.591072e+00  +3.726749e+00  +4.590475e+02  +4.640186e+00  +4.960097e+00  +8.061081e+02  +3.990758e+00  +5.154021e+00  +4.389787e+02  
covariance:
+5.815248e-06  -2.130194e-06  -2.943228e-06  +3.094419e-06  +2.898074e-06  +1.463026e-06  +1.729128e-05  -7.251385e-06  -6.953779e-07  +1.817748e-05  -6.042013e-05  +1.118366e-07  -9.022766e-07  +9.511292e-04  -6.710773e-07  +6.010281e-07  +3.967753e-03  -1.942495e-07  -6.390152e-08  +3.783974e-03  -1.588325e-07  +3.926807e-07  +3.734378e-03  
-2.130194e-06  +3.554140e-06  -2.251919e-06  +3.405813e-06  +1.159238e-07  +7.542225e-07  +5.527005e-06  -7.455702e-06  -2.249102e-07  +5.719059e-06  -3.709944e-05  -5.151650e-07  -2.672856e-09  +8.866329e-04  -2.083926e-07  +3.725786e-07  +1.751967e-03  -2.529842e-07  -1.036626e-07  +1.485900e-03  -3.030245e-07  +1.807560e-07  +1.519272e-03  
-2.943228e-06  -2.251919e-06  +2.007297e-05  -1.044813e-05  -9.426019e-06  -5.848824e-06  -5.106126e-05  +4.745121e-05  +1.916194e-06  -5.808788e-05  +2.573055e-04  +1.752361e-06  -5.052845e-07  -5.955294e-03  +2.646157e-06  -2.866428e-06  -1.326464e-02  +6.910485e-07  -2.007506e-07  -1.348230e-02  +1.674160e-06  -1.605409e-06  -1.279394e-02  
+3.094419e-06  +3.405813e-06  -1.044813e-05  +3.547111e-05  +8.039041e-06  +6.184148e-06  +5.340194e-05  -3.561720e-05  -2.043443e-06  +5.553014e-05  -2.551023e-04  -1.201483e-06  -3.179703e-06  +3.935759e-03  -1.005658e-06  +2.451322e-06  +1.393819e-02  -1.599815e-06  -1.205806e-06  +1.248829e-02  -1.686542e-07  +7.971391e-07  +1.235659e-02  
+2.898074e-06  +1.159238e-07  -9.426019e-06  +8.039041e-06  +1.293836e-05  +3.637817e-06  +2.955100e-05  -2.211975e-05  -1.044389e-06  +3.369786e-05  -1.494851e-04  -1.034131e-06  -1.509123e-07  +2.978468e-03  -1.079084e-06  +1.800914e-06  +7.519893e-03  -6.255432e-07  -6.075027e-08  +7.457949e-03  -6.816797e-07  +5.849904e-07  +7.644542e-03  
+1.463026e-06  +7.542225e-07  -5.848824e-06  +6.184148e-06  +3.637817e-06  +3.137613e-06  +2.410071e-05  -1.873970e-05  -9.324114e-07  +2.611365e-05  -1.097553e-04  -6.565475e-07  -3.852696e-07  +2.233214e-03  -7.998071e-07  +1.025298e-06  +5.822179e-03  -3.905583e-07  -1.037953e-07  +5.876889e-03  -2.704695e-07  +6.682330e-07  +5.203569e-03  
+1.729128e-05  +5.527005e-06  -5.106126e-05  +5.340194e-05  +2.955100e-05  +2.410071e-05  +2.470313e-04  -1.516706e-04  -1.004929e-05  +2.593730e-04  -9.680831e-04  -3.423039e-06  -6.618805e-06  +1.822912e-02  -1.001962e-05  +8.292734e-06  +5.859955e-02  -4.010756e-06  -5.324275e-07  +5.251178e-02  -5.431919e-06  +5.085950e-06  +5.176626e-02  
-7.251385e-06  -7.455702e-06  +4.745121e-05  -3.561720e-05  -2.211975e-05  -1.873970e-05  -1.516706e-04  +1.739378e-04  +5.355256e-06  -1.601133e-04  +7.752626e-04  +6.324450e-06  +3.595238e-07  -1.604338e-02  +6.206818e-06  -6.928005e-06  -4.034864e-02  +2.995039e-06  +3.604570e-07  -4.181048e-02  +4.532158e-06  -5.432362e-06  -3.746066e-02  
-6.953779e-07  -2.249102e-07  +1.916194e-06  -2.043443e-06  -1.044389e-06  -9.324114e-07  -1.004929e-05  +5.355256e-06  +4.592886e-07  -1.071975e-05  +3.619420e-05  +9.400745e-08  +2.880693e-07  -6.962293e-04  +4.157514e-07  -3.094386e-07  -2.306027e-03  +1.350030e-07  +2.148639e-09  -1.984528e-03  +2.312572e-07  -1.772058e-07  -2.003927e-03  
+1.817748e-05  +5.719059e-06  -5.808788e-05  +5.553014e-05  +3.369786e-05  +2.611365e-05  +2.593730e-04  -1.601133e-04  -1.071975e-05  +2.883885e-04  -1.042875e-03  -3.869835e-06  -6.098170e-06  +2.060549e-02  -1.052549e-05  +9.616528e-06  +6.091675e-02  -3.748946e-06  -6.013877e-07  +5.721142e-02  -5.212766e-06  +5.744219e-06  +5.552764e-02  
-6.042013e-05  -3.709944e-05  +2.573055e-04  -2.551023e-04  -1.494851e-04  -1.097553e-04  -9.680831e-04  +7.752626e-04  +3.619420e-05  -1.042875e-03  +4.716599e-03  +2.758590e-05  +1.752609e-05  -9.007715e-02  +3.724274e-05  -4.298915e-05  -2.459834e-01  +2.211543e-05  +8.387260e-06  -2.474268e-01  +1.838705e-05  -2.625878e-05  -2.307973e-01  
+1.118366e-07  -5.151650e-07  +1.752361e-06  -1.201483e-06  -1.034131e-06  -6.565475e-07  -3.423039e-06  +6.324450e-06  +9.400745e-08  -3.869835e-06  +2.758590e-05  +5.679311e-07  -1.630392e-07  -6.896511e-04  +1.390847e-07  -2.488007e-07  -1.095238e-03  +6.811917e-08  +4.905132e-08  -1.186800e-03  +1.427128e-07  -2.000930e-07  -1.209791e-03  
-9.022766e-07  -2.672856e-09  -5.052845e-07  -3.179703e-06  -1.509123e-07  -3.852696e-07  -6.618805e-06  +3.595238e-07  +2.880693e-07  -6.098170e-06  +1.752609e-05  -1.630392e-07  +1.488242e-06  +5.206160e-05  -1.092284e-07  -1.867613e-07  -1.695184e-03  +2.115937e-07  +1.929146e-07  -8.507870e-04  -1.086980e-07  -3.894900e-08  -1.343694e-03  
+9.511292e-04  +8.866329e-04  -5.955294e-03  +3.935759e-03  +2.978468e-03  +2.233214e-03  +1.822912e-02  -1.604338e-02  -6.962293e-04  +2.060549e-02  -9.007715e-02  -6.896511e-04  +5.206160e-05  +2.275623e+00  -8.817101e-04  +8.542095e-04  +4.644713e+00  -2.952394e-04  -2.697058e-05  +4.754404e+00  -4.436374e-04  +6.076027e-04  +4.347573e+00  
-6.710773e-07  -2.083926e-07  +2.646157e-06  -1.005658e-06  -1.079084e-06  -7.998071e-07  -1.001962e-05  +6.206818e-06  +4.157514e-07  -1.052549e-05  +3.724274e-05  +1.390847e-07  -1.092284e-07  -8.817101e-04  +7.782695e-07  -2.070697e-07  -2.411170e-03  +1.113767e-07  -8.094300e-08  -2.079957e-03  +4.098547e-07  -2.285804e-07  -2.168300e-03  
+6.010281e-07  +3.725786e-07  -2.866428e-06  +2.451322e-06  +1.800914e-06  +1.025298e-06  +8.292734e-06  -6.928005e-06  -3.094386e-07  +9.616528e-06  -4.298915e-05  -2.488007e-07  -1.867613e-07  +8.542095e-04  -2.070697e-07  +7.447518e-07  +2.074310e-03  -1.674409e-07  -1.716804e-08  +2.118414e-03  -1.803228e-07  +1.501682e-07  +2.033979e-03  
+3.967753e-03  +1.751967e-03  -1.326464e-02  +1.393819e-02  +7.519893e-03  +5.822179e-03  +5.859955e-02  -4.034864e-02  -2.306027e-03  +6.091675e-02  -2.459834e-01  -1.095238e-03  -1.695184e-03  +4.644713e+00  -2.411170e-03  +2.074310e-03  +1.477380e+01  -1.125698e-03  -2.326745e-04  +1.307142e+01  -1.390845e-03  +1.365680e-03  +1.307605e+01  
-1.942495e-07  -2.529842e-07  +6.910485e-07  -1.599815e-06  -6.255432e-07  -3.905583e-07  -4.010756e-06  +2.995039e-06  +1.350030e-07  -3.748946e-06  +2.211543e-05  +6.811917e-08  +2.115937e-07  -2.952394e-04  +1.113767e-07  -1.674409e-07  -1.125698e-03  +4.101195e-07  +1.780024e-07  -1.220992e-03  +4.983065e-08  -8.191360e-08  -1.056581e-03  
-6.390152e-08  -1.036626e-07  -2.007506e-07  -1.205806e-06  -6.075027e-08  -1.037953e-07  -5.324275e-07  +3.604570e-07  +2.148639e-09  -6.013877e-07  +8.387260e-06  +4.905132e-08  +1.929146e-07  -2.697058e-05  -8.094300e-08  -1.716804e-08  -2.326745e-04  +1.780024e-07  +2.789511e-07  -4.604893e-04  -9.807296e-08  -2.191653e-08  -2.946090e-04  
+3.783974e-03  +1.485900e-03  -1.348230e-02  +1.248829e-02  +7.457949e-03  +5.876889e-03  +5.251178e-02  -4.181048e-02  -1.984528e-03  +5.721142e-02  -2.474268e-01  -1.186800e-03  -8.507870e-04  +4.754404e+00  -2.079957e-03  +2.118414e-03  +1.307142e+01  -1.220992e-03  -4.604893e-04  +1.413956e+01  -8.458372e-04  +1.664816e-03  +1.219765e+01  
-1.588325e-07  -3.030245e-07  +1.674160e-06  -1.686542e-07  -6.816797e-07  -2.704695e-07  -5.431919e-06  +4.532158e-06  +2.312572e-07  -5.212766e-06  +1.838705e-05  +1.427128e-07  -1.086980e-07  -4.436374e-04  +4.098547e-07  -1.803228e-07  -1.390845e-03  +4.983065e-08  -9.807296e-08  -8.458372e-04  +6.647090e-07  +1.768562e-08  -1.284625e-03  
+3.926807e-07  +1.807560e-07  -1.605409e-06  +7.971391e-07  +5.849904e-07  +6.682330e-07  +5.085950e-06  -5.432362e-06  -1.772058e-07  +5.744219e-06  -2.625878e-05  -2.000930e-07  -3.894900e-08  +6.076027e-04  -2.285804e-07  +1.501682e-07  +1.365680e-03  -8.191360e-08  -2.191653e-08  +1.664816e-03  +1.768562e-08  +4.308668e-07  +1.300702e-03  
+3.734378e-03  +1.519272e-03  -1.279394e-02  +1.235659e-02  +7.644542e-03  +5.203569e-03  +5.176626e-02  -3.746066e-02  -2.003927e-03  +5.552764e-02  -2.307973e-01  -1.209791e-03  -1.343694e-03  +4.347573e+00  -2.168300e-03  +2.033979e-03  +1.307605e+01  -1.056581e-03  -2.946090e-04  +1.219765e+01  -1.284625e-03  +1.300702e-03  +1.249994e+01  
