mean:
+3.924567e+00  +3.905374e+00  +6.788322e-01  -1.142727e+00  +1.692134e+00  +5.897010e-01  +8.917347e-01  +2.088515e+00  +1.431079e-01  +1.994579e+00  +4.888476e+00  +1.905491e+00  +3.006890e+00  +8.032319e+02  +4.959921e+00  +4.479357e+00  +2.025236e+03  
covariance:
+3.642750e-05  +8.196996e-07  -1.252013e-05  -1.154591e-05  +4.218511e-06  +3.406132e-06  -8.605200e-06  -1.145703e-05  +2.154871e-06  -1.245944e-05  +1.513172e-05  -9.384486e-07  -1.828310e-07  -3.127168e-03  +8.866923e-08  -8.044635e-08  -1.233850e-02  
+8.196996e-07  +2.890062e-05  -1.581452e-05  -4.333258e-05  -1.207945e-05  +1.443226e-06  -6.486312e-06  +1.724449e-05  -4.527043e-07  +2.025208e-06  +1.468121e-05  +7.895155e-07  +8.082044e-07  -3.499517e-03  -4.243130e-07  +9.756524e-08  -1.597022e-02  
-1.252013e-05  -1.581452e-05  +1.040972e-04  +2.421480e-04  +5.551706e-06  -2.896821e-05  -1.334783e-05  +1.646442e-04  -1.054875e-05  +1.820504e-04  -3.899363e-04  +3.770591e-07  +7.431077e-08  +2.913954e-03  -2.341852e-07  +3.007910e-07  +4.288608e-02  
-1.154591e-05  -4.333258e-05  +2.421480e-04  +1.290188e-03  +4.981995e-05  -1.223398e-04  -1.485664e-04  +4.739757e-04  -3.061078e-05  +7.567892e-04  -1.878159e-03  +5.328837e-06  +5.584776e-06  +1.583519e-02  +1.947851e-06  -8.792923e-07  +1.750543e-01  
+4.218511e-06  -1.207945e-05  +5.551706e-06  +4.981995e-05  +4.612198e-05  -4.775285e-06  -1.209051e-05  +7.448935e-06  +4.124756e-07  +2.732425e-05  -9.057309e-05  +7.715672e-07  +9.235275e-07  +2.064248e-03  +7.575516e-07  -5.775047e-07  +1.197027e-02  
+3.406132e-06  +1.443226e-06  -2.896821e-05  -1.223398e-04  -4.775285e-06  +2.132470e-05  +2.609874e-05  -7.126975e-05  +5.812691e-06  -1.313450e-04  +2.978943e-04  +4.235484e-08  -8.837150e-07  -1.201218e-03  +1.943723e-07  -1.239943e-07  -2.313645e-02  
-8.605200e-06  -6.486312e-06  -1.334783e-05  -1.485664e-04  -1.209051e-05  +2.609874e-05  +7.026946e-05  -6.737702e-05  +2.471926e-06  -1.678800e-04  +4.370479e-04  -3.101168e-07  -2.098908e-06  -3.134767e-04  -3.768817e-08  -2.847282e-07  -1.475977e-02  
-1.145703e-05  +1.724449e-05  +1.646442e-04  +4.739757e-04  +7.448935e-06  -7.126975e-05  -6.737702e-05  +6.440910e-04  -2.586791e-05  +4.801780e-04  -9.663917e-04  +1.677683e-06  +3.236685e-06  -1.196651e-02  -7.671653e-07  -2.665095e-07  +7.237262e-02  
+2.154871e-06  -4.527043e-07  -1.054875e-05  -3.061078e-05  +4.124756e-07  +5.812691e-06  +2.471926e-06  -2.586791e-05  +5.335034e-06  -5.462095e-05  +6.441239e-05  +1.857878e-07  -2.598113e-07  -7.668018e-04  +3.741325e-07  +2.695342e-07  -7.787767e-03  
-1.245944e-05  +2.025208e-06  +1.820504e-04  +7.567892e-04  +2.732425e-05  -1.313450e-04  -1.678800e-04  +4.801780e-04  -5.462095e-05  +1.005442e-03  -1.901456e-03  -6.190236e-07  +6.892455e-06  +5.812473e-03  -3.672744e-06  -1.258392e-06  +1.314912e-01  
+1.513172e-05  +1.468121e-05  -3.899363e-04  -1.878159e-03  -9.057309e-05  +2.978943e-04  +4.370479e-04  -9.663917e-04  +6.441239e-05  -1.901456e-03  +4.985611e-03  -3.407174e-06  -1.348749e-05  +1.845991e-03  +1.391748e-06  -2.704822e-06  -2.617891e-01  
-9.384486e-07  +7.895155e-07  +3.770591e-07  +5.328837e-06  +7.715672e-07  +4.235484e-08  -3.101168e-07  +1.677683e-06  +1.857878e-07  -6.190236e-07  -3.407174e-06  +7.754501e-07  +1.830405e-07  -1.806467e-04  +1.107865e-07  +3.968116e-09  -3.693193e-04  
-1.828310e-07  +8.082044e-07  +7.431077e-08  +5.584776e-06  +9.235275e-07  -8.837150e-07  -2.098908e-06  +3.236685e-06  -2.598113e-07  +6.892455e-06  -1.348749e-05  +1.830405e-07  +7.042946e-07  +1.071569e-04  -3.425378e-08  -5.793805e-08  +6.518087e-04  
-3.127168e-03  -3.499517e-03  +2.913954e-03  +1.583519e-02  +2.064248e-03  -1.201218e-03  -3.134767e-04  -1.196651e-02  -7.668018e-04  +5.812473e-03  +1.845991e-03  -1.806467e-04  +1.071569e-04  +5.742033e+00  +1.401904e-04  -2.293955e-05  +1.218032e+01  
+8.866923e-08  -4.243130e-07  -2.341852e-07  +1.947851e-06  +7.575516e-07  +1.943723e-07  -3.768817e-08  -7.671653e-07  +3.741325e-07  -3.672744e-06  +1.391748e-06  +1.107865e-07  -3.425378e-08  +1.401904e-04  +2.702973e-07  +1.366640e-08  +6.203190e-04  
-8.044635e-08  +9.756524e-08  +3.007910e-07  -8.792923e-07  -5.775047e-07  -1.239943e-07  -2.847282e-07  -2.665095e-07  +2.695342e-07  -1.258392e-06  -2.704822e-06  +3.968116e-09  -5.793805e-08  -2.293955e-05  +1.366640e-08  +4.523750e-07  +1.123912e-04  
-1.233850e-02  -1.597022e-02  +4.288608e-02  +1.750543e-01  +1.197027e-02  -2.313645e-02  -1.475977e-02  +7.237262e-02  -7.787767e-03  +1.314912e-01  -2.617891e-01  -3.693193e-04  +6.518087e-04  +1.218032e+01  +6.203190e-04  +1.123912e-04  +6.457713e+01  
