mean:
+3.961366e+00  +3.953033e+00  +8.525824e-01  +1.295447e+00  +1.427623e+00  +5.033500e-01  +8.124450e-01  +1.364587e+00  +1.784225e-01  +1.839307e+00  +5.970417e+00  +3.547464e+00  +2.673314e+00  +2.025959e+02  +4.328030e+00  +5.293659e+00  +2.817810e+02  +5.413603e+00  +3.801514e+00  +3.211799e+02  +2.640044e+00  +4.559886e+00  +3.964837e+02  
covariance:
+6.458708e-07  +9.261141e-08  +2.670019e-07  +1.112092e-06  -5.303425e-08  +1.682125e-07  +5.835191e-08  -5.634479e-08  -2.328301e-07  +1.438250e-06  -1.779441e-07  -1.089653e-08  -1.919944e-08  +1.133480e-04  +1.905113e-08  -5.579777e-08  +1.378736e-04  +6.054133e-08  -3.551916e-08  -3.043266e-06  +1.445937e-08  +9.064161e-08  +2.752865e-04  
+9.261141e-08  +1.072150e-06  +6.055060e-07  -8.133029e-07  -1.200112e-08  +1.546942e-07  +2.144082e-07  -2.555644e-07  -3.074054e-07  +2.206774e-06  +6.188747e-07  +6.267777e-10  -6.473434e-09  +7.716221e-05  -2.586478e-08  -1.919146e-08  +6.477710e-05  +9.357920e-08  -3.993663e-08  +5.502592e-07  -5.858501e-08  +9.915805e-08  +3.625844e-04  
+2.670019e-07  +6.055060e-07  +2.335805e-05  -1.775452e-06  -2.530942e-07  +5.388419e-07  -1.568209e-06  +4.276804e-05  -4.956661e-06  +4.077488e-05  -1.047992e-05  +2.113160e-07  -1.340223e-06  +1.527238e-03  -1.663938e-06  -2.076572e-06  +4.683374e-03  -2.856665e-07  +2.353705e-06  +8.512113e-04  -2.114006e-07  +3.271350e-07  +5.783156e-03  
+1.112092e-06  -8.133029e-07  -1.775452e-06  +5.688318e-05  +4.272144e-06  +1.444623e-06  -6.323297e-06  +5.455706e-06  +2.196244e-06  -2.852967e-06  -2.877413e-05  +1.517913e-07  -7.078866e-07  +1.418295e-03  +6.335247e-08  -1.707902e-06  -1.195877e-04  -1.329103e-06  +3.660606e-07  -1.746455e-03  +1.600106e-06  +9.414578e-07  -3.467016e-03  
-5.303425e-08  -1.200112e-08  -2.530942e-07  +4.272144e-06  +4.306645e-06  +7.380596e-08  -2.548763e-06  +3.632149e-06  +2.155122e-06  -1.153471e-05  -6.954364e-06  -5.439312e-08  +2.021570e-07  +3.837130e-04  +1.106773e-07  -6.957681e-07  -1.294224e-03  -4.239024e-07  +8.324768e-07  -3.031101e-04  +5.116676e-07  -2.431286e-07  -2.787387e-03  
+1.682125e-07  +1.546942e-07  +5.388419e-07  +1.444623e-06  +7.380596e-08  +1.504161e-06  +1.764932e-06  -4.002811e-06  -1.845870e-06  +1.163321e-05  +3.310488e-07  +2.076843e-07  -9.993747e-08  +4.946471e-04  +6.426200e-08  -2.995085e-07  +4.559201e-04  +6.203703e-07  -2.064812e-07  -3.497849e-04  +1.394992e-08  +3.728756e-07  +2.105554e-03  
+5.835191e-08  +2.144082e-07  -1.568209e-06  -6.323297e-06  -2.548763e-06  +1.764932e-06  +2.921204e-05  -1.415395e-05  -1.781537e-05  +9.749854e-05  +2.109885e-05  +7.553525e-07  -2.568443e-06  -1.580763e-03  -3.435393e-07  +1.745221e-06  +1.216477e-02  +2.136146e-06  -3.601849e-06  +9.570594e-04  -6.384724e-07  +8.399921e-07  +2.126714e-02  
-5.634479e-08  -2.555644e-07  +4.276804e-05  +5.455706e-06  +3.632149e-06  -4.002811e-06  -1.415395e-05  +1.720370e-04  +3.798360e-06  -2.593715e-06  -4.054857e-05  -1.982782e-06  -1.573450e-06  +3.702641e-03  -2.559913e-06  -3.646088e-06  +6.892409e-03  -4.374704e-06  +6.631003e-06  +4.836760e-03  +2.288557e-06  -4.359879e-06  -2.098468e-03  
-2.328301e-07  -3.074054e-07  -4.956661e-06  +2.196244e-06  +2.155122e-06  -1.845870e-06  -1.781537e-05  +3.798360e-06  +1.557890e-05  -9.244257e-05  -9.548747e-06  -9.014423e-07  +2.288735e-06  +8.328025e-04  +1.108193e-06  -2.768597e-07  -1.058055e-02  -1.764556e-06  +2.244737e-06  +4.174585e-04  +5.586098e-07  -1.534442e-06  -1.801948e-02  
+1.438250e-06  +2.206774e-06  +4.077488e-05  -2.852967e-06  -1.153471e-05  +1.163321e-05  +9.749854e-05  -2.593715e-06  -9.244257e-05  +5.814474e-04  +2.020866e-05  +6.094843e-06  -1.486947e-05  -4.638006e-03  -8.166128e-06  -1.315597e-06  +6.608727e-02  +1.013109e-05  -1.134389e-05  -5.203540e-03  -3.371592e-06  +1.051970e-05  +1.094806e-01  
-1.779441e-07  +6.188747e-07  -1.047992e-05  -2.877413e-05  -6.954364e-06  +3.310488e-07  +2.109885e-05  -4.054857e-05  -9.548747e-06  +2.020866e-05  +1.547712e-04  -8.768345e-07  +1.565951e-06  -6.297351e-04  +4.029287e-07  +7.909507e-06  +4.842663e-04  +2.595224e-06  -8.100464e-06  +5.781711e-03  -8.837860e-07  -1.886528e-06  +1.259112e-02  
-1.089653e-08  +6.267777e-10  +2.113160e-07  +1.517913e-07  -5.439312e-08  +2.076843e-07  +7.553525e-07  -1.982782e-06  -9.014423e-07  +6.094843e-06  -8.768345e-07  +6.110760e-07  -7.609341e-08  +8.867827e-05  -2.199896e-09  -8.552070e-08  +2.031973e-04  +1.334763e-07  +1.538513e-08  -3.338085e-04  -1.563873e-07  +1.979783e-07  +1.088397e-03  
-1.919944e-08  -6.473434e-09  -1.340223e-06  -7.078866e-07  +2.021570e-07  -9.993747e-08  -2.568443e-06  -1.573450e-06  +2.288735e-06  -1.486947e-05  +1.565951e-06  -7.609341e-08  +7.832994e-07  +2.574718e-04  +2.302995e-07  +1.333250e-07  -2.095629e-03  -1.239380e-07  +9.518621e-08  -4.977537e-05  -3.224745e-08  -1.604134e-07  -2.707012e-03  
+1.133480e-04  +7.716221e-05  +1.527238e-03  +1.418295e-03  +3.837130e-04  +4.946471e-04  -1.580763e-03  +3.702641e-03  +8.328025e-04  -4.638006e-03  -6.297351e-04  +8.867827e-05  +2.574718e-04  +1.140231e+00  +7.125016e-05  -1.733641e-04  -9.542923e-01  -1.979787e-05  +2.706469e-04  -4.051576e-02  +2.120983e-04  -2.651004e-05  -1.126811e+00  
+1.905113e-08  -2.586478e-08  -1.663938e-06  +6.335247e-08  +1.106773e-07  +6.426200e-08  -3.435393e-07  -2.559913e-06  +1.108193e-06  -8.166128e-06  +4.029287e-07  -2.199896e-09  +2.302995e-07  +7.125016e-05  +6.864659e-07  +5.232489e-08  -9.195289e-04  +1.970384e-07  +5.631307e-08  +3.322329e-04  +2.068120e-09  -1.360624e-07  -1.197316e-03  
-5.579777e-08  -1.919146e-08  -2.076572e-06  -1.707902e-06  -6.957681e-07  -2.995085e-07  +1.745221e-06  -3.646088e-06  -2.768597e-07  -1.315597e-06  +7.909507e-06  -8.552070e-08  +1.333250e-07  -1.733641e-04  +5.232489e-08  +1.117791e-06  -5.398155e-05  +1.294556e-09  -8.932605e-07  +1.528924e-04  -1.194312e-07  -2.342650e-07  +2.052152e-04  
+1.378736e-04  +6.477710e-05  +4.683374e-03  -1.195877e-04  -1.294224e-03  +4.559201e-04  +1.216477e-02  +6.892409e-03  -1.058055e-02  +6.608727e-02  +4.842663e-04  +2.031973e-04  -2.095629e-03  -9.542923e-01  -9.195289e-04  -5.398155e-05  +9.630149e+00  +7.832710e-04  -1.143742e-03  +2.747616e-01  -1.135835e-04  +9.437464e-04  +1.299446e+01  
+6.054133e-08  +9.357920e-08  -2.856665e-07  -1.329103e-06  -4.239024e-07  +6.203703e-07  +2.136146e-06  -4.374704e-06  -1.764556e-06  +1.013109e-05  +2.595224e-06  +1.334763e-07  -1.239380e-07  -1.979787e-05  +1.970384e-07  +1.294556e-09  +7.832710e-04  +8.935782e-07  -3.719064e-07  -3.472368e-05  -1.978387e-07  +2.758950e-07  +2.137057e-03  
-3.551916e-08  -3.993663e-08  +2.353705e-06  +3.660606e-07  +8.324768e-07  -2.064812e-07  -3.601849e-06  +6.631003e-06  +2.244737e-06  -1.134389e-05  -8.100464e-06  +1.538513e-08  +9.518621e-08  +2.706469e-04  +5.631307e-08  -8.932605e-07  -1.143742e-03  -3.719064e-07  +1.643377e-06  +9.293089e-05  +1.545462e-07  -3.323350e-08  -2.605600e-03  
-3.043266e-06  +5.502592e-07  +8.512113e-04  -1.746455e-03  -3.031101e-04  -3.497849e-04  +9.570594e-04  +4.836760e-03  +4.174585e-04  -5.203540e-03  +5.781711e-03  -3.338085e-04  -4.977537e-05  -4.051576e-02  +3.322329e-04  +1.528924e-04  +2.747616e-01  -3.472368e-05  +9.293089e-05  +1.903132e+00  +1.131717e-04  -4.863445e-04  +8.981727e-02  
+1.445937e-08  -5.858501e-08  -2.114006e-07  +1.600106e-06  +5.116676e-07  +1.394992e-08  -6.384724e-07  +2.288557e-06  +5.586098e-07  -3.371592e-06  -8.837860e-07  -1.563873e-07  -3.224745e-08  +2.120983e-04  +2.068120e-09  -1.194312e-07  -1.135835e-04  -1.978387e-07  +1.545462e-07  +1.131717e-04  +5.023250e-07  -1.336203e-07  -7.297870e-04  
+9.064161e-08  +9.915805e-08  +3.271350e-07  +9.414578e-07  -2.431286e-07  +3.728756e-07  +8.399921e-07  -4.359879e-06  -1.534442e-06  +1.051970e-05  -1.886528e-06  +1.979783e-07  -1.604134e-07  -2.651004e-05  -1.360624e-07  -2.342650e-07  +9.437464e-04  +2.758950e-07  -3.323350e-08  -4.863445e-04  -1.336203e-07  +8.375771e-07  +1.809231e-03  
+2.752865e-04  +3.625844e-04  +5.783156e-03  -3.467016e-03  -2.787387e-03  +2.105554e-03  +2.126714e-02  -2.098468e-03  -1.801948e-02  +1.094806e-01  +1.259112e-02  +1.088397e-03  -2.707012e-03  -1.126811e+00  -1.197316e-03  +2.052152e-04  +1.299446e+01  +2.137057e-03  -2.605600e-03  +8.981727e-02  -7.297870e-04  +1.809231e-03  +2.290230e+01  
