mean:
+3.925709e+00  +3.905915e+00  +6.547371e-01  -1.157003e+00  +1.549145e+00  +6.038070e-01  +9.179539e-01  +2.105014e+00  +1.430691e-01  +1.987771e+00  +4.758774e+00  +1.905867e+00  +3.007435e+00  +8.022756e+02  +4.959976e+00  +4.479922e+00  +2.007141e+03  
covariance:
+2.337396e-05  +9.499382e-06  +2.600332e-06  +4.263406e-06  -1.306170e-05  +1.489461e-06  -5.268540e-06  -1.317259e-05  +5.385631e-07  -2.476289e-06  +5.273941e-06  -5.634425e-07  +2.293235e-07  -1.975712e-04  -5.016983e-07  -1.818988e-07  -2.671055e-03  
+9.499382e-06  +1.466030e-05  +2.023271e-05  -1.049363e-06  -5.015548e-05  +5.021199e-06  +2.109151e-05  -7.100255e-05  +6.762685e-07  +1.059480e-05  -2.438289e-04  -4.121999e-07  +3.998298e-07  -8.281891e-04  +7.521224e-08  +6.489989e-08  +1.975777e-03  
+2.600332e-06  +2.023271e-05  +1.280318e-04  +8.277028e-05  -2.963692e-04  +2.611708e-05  +1.123219e-04  -2.286047e-04  +2.144709e-06  +7.881701e-05  -1.249903e-03  -9.222276e-07  +7.254643e-07  +6.259299e-04  +1.480244e-06  +6.398795e-07  +2.133656e-02  
+4.263406e-06  -1.049363e-06  +8.277028e-05  +5.363043e-04  -3.929311e-04  +1.587370e-06  +1.154135e-04  +2.378854e-04  -9.741099e-06  +7.025300e-05  -4.741821e-04  -1.898446e-06  -4.683260e-06  +3.178296e-02  +1.028852e-06  -4.759083e-07  -7.594507e-03  
-1.306170e-05  -5.015548e-05  -2.963692e-04  -3.929311e-04  +1.070923e-03  -5.463236e-05  -3.079620e-04  +3.815772e-04  -2.084616e-06  -1.761947e-04  +2.908142e-03  +3.491062e-06  +7.836048e-07  -2.554856e-02  -3.217243e-06  -1.993519e-06  -3.333962e-02  
+1.489461e-06  +5.021199e-06  +2.611708e-05  +1.587370e-06  -5.463236e-05  +8.824164e-06  +1.582073e-05  -7.073821e-05  +6.219568e-07  +2.679659e-05  -2.907545e-04  -3.749832e-07  +7.661714e-08  -1.835305e-03  +2.440481e-07  +1.606293e-07  +5.878486e-03  
-5.268540e-06  +2.109151e-05  +1.123219e-04  +1.154135e-04  -3.079620e-04  +1.582073e-05  +1.893043e-04  -2.784288e-04  -1.137385e-06  +5.224812e-05  -1.398293e-03  -9.865702e-07  +1.046980e-06  +5.540876e-03  +2.300421e-06  +9.283734e-07  +1.527296e-02  
-1.317259e-05  -7.100255e-05  -2.286047e-04  +2.378854e-04  +3.815772e-04  -7.073821e-05  -2.784288e-04  +1.513328e-03  -1.437056e-05  -1.518082e-04  +3.597414e-03  +1.302850e-06  -8.656078e-06  +2.638369e-02  -3.585401e-06  -3.719901e-06  -7.334561e-02  
+5.385631e-07  +6.762685e-07  +2.144709e-06  -9.741099e-06  -2.084616e-06  +6.219568e-07  -1.137385e-06  -1.437056e-05  +2.370517e-06  -1.092327e-05  -1.539571e-05  +7.870661e-08  +2.502088e-07  -6.339049e-04  +9.416229e-08  +1.398209e-07  +8.036197e-04  
-2.476289e-06  +1.059480e-05  +7.881701e-05  +7.025300e-05  -1.761947e-04  +2.679659e-05  +5.224812e-05  -1.518082e-04  -1.092327e-05  +2.154703e-04  -1.037794e-03  -1.720742e-06  -1.670963e-06  -4.210573e-03  -4.870681e-09  -5.753028e-07  +2.315421e-02  
+5.273941e-06  -2.438289e-04  -1.249903e-03  -4.741821e-04  +2.908142e-03  -2.907545e-04  -1.398293e-03  +3.597414e-03  -1.539571e-05  -1.037794e-03  +1.570210e-02  +1.069504e-05  -1.142693e-05  +4.466103e-02  -1.718577e-05  -9.250228e-06  -2.724146e-01  
-5.634425e-07  -4.121999e-07  -9.222276e-07  -1.898446e-06  +3.491062e-06  -3.749832e-07  -9.865702e-07  +1.302850e-06  +7.870661e-08  -1.720742e-06  +1.069504e-05  +5.077876e-07  +4.361458e-08  +1.028173e-04  -5.817428e-08  +3.274010e-08  -7.570995e-05  
+2.293235e-07  +3.998298e-07  +7.254643e-07  -4.683260e-06  +7.836048e-07  +7.661714e-08  +1.046980e-06  -8.656078e-06  +2.502088e-07  -1.670963e-06  -1.142693e-05  +4.361458e-08  +5.681981e-07  -5.496717e-04  +1.181422e-08  +9.096617e-08  +3.012155e-04  
-1.975712e-04  -8.281891e-04  +6.259299e-04  +3.178296e-02  -2.554856e-02  -1.835305e-03  +5.540876e-03  +2.638369e-02  -6.339049e-04  -4.210573e-03  +4.466103e-02  +1.028173e-04  -5.496717e-04  +6.035278e+00  -4.318741e-05  -4.755282e-05  -1.783678e+00  
-5.016983e-07  +7.521224e-08  +1.480244e-06  +1.028852e-06  -3.217243e-06  +2.440481e-07  +2.300421e-06  -3.585401e-06  +9.416229e-08  -4.870681e-09  -1.718577e-05  -5.817428e-08  +1.181422e-08  -4.318741e-05  +2.885552e-07  +5.136760e-10  +3.420966e-04  
-1.818988e-07  +6.489989e-08  +6.398795e-07  -4.759083e-07  -1.993519e-06  +1.606293e-07  +9.283734e-07  -3.719901e-06  +1.398209e-07  -5.753028e-07  -9.250228e-06  +3.274010e-08  +9.096617e-08  -4.755282e-05  +5.136760e-10  +2.800504e-07  +4.700774e-05  
-2.671055e-03  +1.975777e-03  +2.133656e-02  -7.594507e-03  -3.333962e-02  +5.878486e-03  +1.527296e-02  -7.334561e-02  +8.036197e-04  +2.315421e-02  -2.724146e-01  -7.570995e-05  +3.012155e-04  -1.783678e+00  +3.420966e-04  +4.700774e-05  +1.245073e+01  
