mean:
+3.966659e+00  +3.991337e+00  +8.534727e-01  +1.310914e+00  +1.213233e+00  +3.983974e-01  +8.279822e-01  +1.324300e+00  +1.874115e-01  +1.892325e+00  +5.649673e+00  +3.611638e+00  +2.919405e+00  +4.295359e+00  +5.127890e+00  +5.235385e+00  +3.830402e+00  +2.800385e+00  +4.479925e+00  
covariance:
+1.133991e-05  +7.926134e-06  +6.515067e-06  -3.789832e-06  +9.352722e-09  -2.253684e-06  +1.117908e-05  -3.654514e-05  -1.161665e-05  +8.728744e-05  -2.900202e-04  +3.196627e-07  +9.386385e-07  -7.590667e-07  -6.393704e-07  +2.870529e-07  +4.392202e-07  +2.428108e-06  -3.134647e-07  
+7.926134e-06  +1.009894e-05  +3.836418e-06  -1.011552e-06  -3.256571e-07  -9.952531e-07  +9.686403e-06  -2.018477e-05  -6.968266e-06  +4.761900e-05  -1.570198e-04  -4.096811e-08  +4.855751e-07  -2.134280e-07  -5.664150e-07  +2.919972e-07  +3.408033e-07  +1.947565e-06  -3.866750e-07  
+6.515067e-06  +3.836418e-06  +2.325531e-05  -2.696932e-05  +5.102044e-06  -3.245137e-06  +2.058704e-05  -5.650972e-05  -2.170299e-05  +1.375216e-04  -4.253660e-04  +1.559740e-06  +2.846807e-06  -2.334366e-06  -1.553802e-06  +1.229788e-06  +1.912239e-06  +2.906070e-06  +9.439514e-07  
-3.789832e-06  -1.011552e-06  -2.696932e-05  +1.511755e-04  -2.100231e-06  +1.015099e-05  -3.650889e-05  +8.044001e-05  +3.649795e-05  -2.102350e-04  +5.755981e-04  -2.514468e-06  -5.815372e-06  +3.889578e-06  -4.853832e-07  -2.377618e-06  -5.698530e-06  -1.526025e-06  -1.528582e-06  
+9.352722e-09  -3.256571e-07  +5.102044e-06  -2.100231e-06  +5.881834e-06  -7.006243e-07  +1.698404e-06  -1.353453e-05  -6.007777e-06  +4.566114e-05  -1.602947e-04  +5.262942e-07  +8.950197e-07  -7.388861e-07  -4.872086e-07  -3.031513e-07  +7.083155e-07  +1.011407e-06  +2.022990e-07  
-2.253684e-06  -9.952531e-07  -3.245137e-06  +1.015099e-05  -7.006243e-07  +4.351994e-06  +4.391273e-07  +3.349737e-05  +8.641576e-06  -7.202250e-05  +2.434941e-04  -8.246496e-07  -7.449730e-07  +7.560053e-07  -3.330201e-08  +3.237186e-07  -7.550728e-07  -7.195868e-07  +1.359131e-09  
+1.117908e-05  +9.686403e-06  +2.058704e-05  -3.650889e-05  +1.698404e-06  +4.391273e-07  +8.648068e-05  -8.864986e-05  -3.248824e-05  +9.955225e-05  -1.897597e-04  -5.579249e-07  +3.322605e-06  +3.147067e-07  +3.973887e-07  +3.852971e-06  +7.994706e-07  +8.318490e-06  -1.405139e-06  
-3.654514e-05  -2.018477e-05  -5.650972e-05  +8.044001e-05  -1.353453e-05  +3.349737e-05  -8.864986e-05  +5.009241e-04  +1.253354e-04  -8.601278e-04  +2.766977e-03  -6.523257e-06  -9.641500e-06  +6.167751e-06  +2.376360e-06  -8.987662e-07  -4.499436e-06  -1.753177e-05  +2.737459e-06  
-1.161665e-05  -6.968266e-06  -2.170299e-05  +3.649795e-05  -6.007777e-06  +8.641576e-06  -3.248824e-05  +1.253354e-04  +4.545641e-05  -3.015703e-04  +9.477643e-04  -1.029048e-06  -4.354103e-06  +3.089449e-06  +9.692699e-07  -6.947236e-07  -2.261125e-06  -6.490401e-06  +8.737972e-08  
+8.728744e-05  +4.761900e-05  +1.375216e-04  -2.102350e-04  +4.566114e-05  -7.202250e-05  +9.955225e-05  -8.601278e-04  -3.015703e-04  +2.287607e-03  -7.499186e-03  +1.002691e-05  +2.914414e-05  -2.612878e-05  -8.901017e-06  -2.588776e-06  +1.716313e-05  +3.855484e-05  +1.413855e-06  
-2.900202e-04  -1.570198e-04  -4.253660e-04  +5.755981e-04  -1.602947e-04  +2.434941e-04  -1.897597e-04  +2.766977e-03  +9.477643e-04  -7.499186e-03  +2.537606e-02  -3.830954e-05  -9.281416e-05  +8.850544e-05  +2.807377e-05  +1.662477e-05  -5.871504e-05  -1.268366e-04  -3.733922e-06  
+3.196627e-07  -4.096811e-08  +1.559740e-06  -2.514468e-06  +5.262942e-07  -8.246496e-07  -5.579249e-07  -6.523257e-06  -1.029048e-06  +1.002691e-05  -3.830954e-05  +1.075731e-06  +3.531726e-07  -2.430851e-07  +1.334135e-07  -2.856494e-07  +3.825766e-07  -2.148908e-07  +5.778112e-08  
+9.386385e-07  +4.855751e-07  +2.846807e-06  -5.815372e-06  +8.950197e-07  -7.449730e-07  +3.322605e-06  -9.641500e-06  -4.354103e-06  +2.914414e-05  -9.281416e-05  +3.531726e-07  +1.079575e-06  -3.463961e-07  -1.568428e-08  -4.676446e-09  +6.867452e-07  +5.187771e-07  +2.319945e-07  
-7.590667e-07  -2.134280e-07  -2.334366e-06  +3.889578e-06  -7.388861e-07  +7.560053e-07  +3.147067e-07  +6.167751e-06  +3.089449e-06  -2.612878e-05  +8.850544e-05  -2.430851e-07  -3.463961e-07  +9.246009e-07  +1.838743e-07  -1.486402e-07  -2.440814e-07  -2.729385e-07  -2.262492e-07  
-6.393704e-07  -5.664150e-07  -1.553802e-06  -4.853832e-07  -4.872086e-07  -3.330201e-08  +3.973887e-07  +2.376360e-06  +9.692699e-07  -8.901017e-06  +2.807377e-05  +1.334135e-07  -1.568428e-08  +1.838743e-07  +8.298803e-07  +7.020113e-09  +1.093640e-07  -4.461571e-08  -1.588474e-07  
+2.870529e-07  +2.919972e-07  +1.229788e-06  -2.377618e-06  -3.031513e-07  +3.237186e-07  +3.852971e-06  -8.987662e-07  -6.947236e-07  -2.588776e-06  +1.662477e-05  -2.856494e-07  -4.676446e-09  -1.486402e-07  +7.020113e-09  +8.929229e-07  +1.000123e-08  +3.266672e-07  +1.537249e-07  
+4.392202e-07  +3.408033e-07  +1.912239e-06  -5.698530e-06  +7.083155e-07  -7.550728e-07  +7.994706e-07  -4.499436e-06  -2.261125e-06  +1.716313e-05  -5.871504e-05  +3.825766e-07  +6.867452e-07  -2.440814e-07  +1.093640e-07  +1.000123e-08  +1.084191e-06  +1.637979e-07  +2.233606e-07  
+2.428108e-06  +1.947565e-06  +2.906070e-06  -1.526025e-06  +1.011407e-06  -7.195868e-07  +8.318490e-06  -1.753177e-05  -6.490401e-06  +3.855484e-05  -1.268366e-04  -2.148908e-07  +5.187771e-07  -2.729385e-07  -4.461571e-08  +3.266672e-07  +1.637979e-07  +1.934052e-06  -2.206972e-07  
-3.134647e-07  -3.866750e-07  +9.439514e-07  -1.528582e-06  +2.022990e-07  +1.359131e-09  -1.405139e-06  +2.737459e-06  +8.737972e-08  +1.413855e-06  -3.733922e-06  +5.778112e-08  +2.319945e-07  -2.262492e-07  -1.588474e-07  +1.537249e-07  +2.233606e-07  -2.206972e-07  +6.208609e-07  
