mean:
+3.941556e+00  +3.929844e+00  +8.291542e-01  +1.323109e+00  +1.425262e+00  +5.056883e-01  +8.131345e-01  +1.374697e+00  +1.686898e-01  +1.839756e+00  +5.956812e+00  +3.548375e+00  +2.642734e+00  +2.025216e+02  +4.275488e+00  +5.294711e+00  +2.778824e+02  +5.395182e+00  +3.766817e+00  +3.248691e+02  +2.640587e+00  +4.561407e+00  +3.999658e+02  
covariance:
+7.336128e-05  +8.188743e-05  -7.553111e-06  -1.931865e-05  +6.574305e-06  +7.918533e-06  -1.916775e-06  -2.897773e-05  +2.371273e-05  +6.772205e-05  -8.982776e-05  -6.281279e-07  -5.646892e-05  +2.830521e-03  -9.690306e-05  -2.438181e-06  +4.444409e-03  -2.940085e-05  -6.075406e-05  +1.348462e-02  +3.523237e-06  +9.874422e-07  +1.418820e-02  
+8.188743e-05  +1.064110e-04  -1.630024e-05  -1.088236e-04  +2.022070e-05  +1.344477e-05  -6.944653e-06  -1.723424e-06  +2.319284e-05  +1.339206e-04  -1.667310e-04  -3.022388e-06  -9.292495e-05  +4.938142e-03  -1.513396e-04  -2.543154e-06  +1.404536e-02  -4.965471e-05  -9.988790e-05  +1.859028e-02  +3.860394e-06  +1.978844e-06  +2.174005e-02  
-7.553111e-06  -1.630024e-05  +5.078938e-05  +8.850362e-05  -1.307865e-05  -1.186758e-05  +2.397412e-05  -1.240190e-04  -3.749219e-06  -6.569057e-05  +1.910808e-04  +4.249129e-06  +3.865034e-05  -1.519455e-02  +4.565694e-05  -3.462220e-06  -1.887198e-02  +1.871899e-05  +3.863560e-05  -1.881007e-02  +7.302481e-07  +1.620182e-07  -1.350677e-02  
-1.931865e-05  -1.088236e-04  +8.850362e-05  +1.281505e-03  -1.648400e-04  -5.118148e-05  +7.677535e-06  -5.579746e-04  +4.445819e-05  -6.726653e-04  +9.365021e-04  +3.654833e-05  +3.756149e-04  -3.641481e-02  +4.970171e-04  -1.273442e-05  -1.613550e-01  +2.204114e-04  +3.802059e-04  -4.915858e-02  +4.470494e-06  -2.503054e-06  -5.383880e-02  
+6.574305e-06  +2.022070e-05  -1.307865e-05  -1.648400e-04  +2.651399e-05  +8.278978e-06  -3.182486e-06  +6.711946e-05  -4.077351e-06  +9.441107e-05  -1.320920e-04  -4.467007e-06  -5.296202e-05  +4.786211e-03  -7.195013e-05  +1.768995e-06  +2.057121e-02  -3.075545e-05  -5.397595e-05  +7.352711e-03  +3.338775e-07  +4.076675e-07  +8.627845e-03  
+7.918533e-06  +1.344477e-05  -1.186758e-05  -5.118148e-05  +8.278978e-06  +5.737293e-06  -6.684644e-06  +2.377060e-05  +1.744489e-06  +3.745848e-05  -7.222369e-05  -1.643258e-06  -2.236051e-05  +3.658733e-03  -3.145184e-05  +8.485712e-07  +7.100918e-03  -1.199733e-05  -2.314391e-05  +5.565448e-03  +7.867286e-07  +3.382875e-07  +5.610000e-03  
-1.916775e-06  -6.944653e-06  +2.397412e-05  +7.677535e-06  -3.182486e-06  -6.684644e-06  +2.743096e-05  -3.865010e-05  -5.400728e-06  -1.648327e-05  +9.052221e-05  +1.314753e-06  +9.274441e-06  -7.867647e-03  +1.107036e-05  -7.055922e-07  -2.325864e-03  +2.590708e-06  +9.958809e-06  -9.924746e-03  -5.880381e-07  -9.045645e-07  -7.692274e-03  
-2.897773e-05  -1.723424e-06  -1.240190e-04  -5.579746e-04  +6.711946e-05  +2.377060e-05  -3.865010e-05  +7.016563e-04  -1.895170e-05  +2.432540e-04  -6.073001e-04  -2.170088e-05  -1.497228e-04  +5.241579e-02  -1.464768e-04  +1.127286e-05  +1.060864e-01  -8.341431e-05  -1.369644e-04  +5.591516e-02  -1.154083e-05  -1.746317e-06  +2.044561e-02  
+2.371273e-05  +2.319284e-05  -3.749219e-06  +4.445819e-05  -4.077351e-06  +1.744489e-06  -5.400728e-06  -1.895170e-05  +1.250328e-05  -8.234683e-06  -1.436793e-05  +1.013873e-06  -3.753351e-06  +1.430994e-03  -1.061117e-05  -9.466265e-07  -3.902665e-03  -6.607459e-07  -4.296035e-06  +4.672022e-03  +1.462076e-06  +3.943152e-07  +3.087069e-03  
+6.772205e-05  +1.339206e-04  -6.569057e-05  -6.726653e-04  +9.441107e-05  +3.745848e-05  -1.648327e-05  +2.432540e-04  -8.234683e-06  +4.647595e-04  -5.705240e-04  -1.985593e-05  -2.561243e-04  +2.149378e-02  -3.676664e-04  +4.898967e-06  +8.349906e-02  -1.444148e-04  -2.689613e-04  +3.871598e-02  +9.955069e-07  +2.939422e-06  +4.960933e-02  
-8.982776e-05  -1.667310e-04  +1.910808e-04  +9.365021e-04  -1.320920e-04  -7.222369e-05  +9.052221e-05  -6.073001e-04  -1.436793e-05  -5.705240e-04  +1.228767e-03  +3.357380e-05  +3.487335e-04  -6.625682e-02  +4.544902e-04  -1.660207e-05  -1.497717e-01  +1.921978e-04  +3.485551e-04  -9.329921e-02  -1.189036e-06  -1.413200e-06  -7.508658e-02  
-6.281279e-07  -3.022388e-06  +4.249129e-06  +3.654833e-05  -4.467007e-06  -1.643258e-06  +1.314753e-06  -2.170088e-05  +1.013873e-06  -1.985593e-05  +3.357380e-05  +1.830165e-06  +1.102952e-05  -1.879679e-03  +1.406688e-05  -2.841022e-07  -5.848707e-03  +6.449954e-06  +1.134226e-05  -2.384767e-03  +3.574783e-07  -1.385001e-07  -1.876636e-03  
-5.646892e-05  -9.292495e-05  +3.865034e-05  +3.756149e-04  -5.296202e-05  -2.236051e-05  +9.274441e-06  -1.497228e-04  -3.753351e-06  -2.561243e-04  +3.487335e-04  +1.102952e-05  +1.570176e-04  -1.328784e-02  +2.255163e-04  -1.234516e-06  -4.935649e-02  +8.768099e-05  +1.625053e-04  -2.611640e-02  -8.079544e-07  -2.086602e-06  -2.858608e-02  
+2.830521e-03  +4.938142e-03  -1.519455e-02  -3.641481e-02  +4.786211e-03  +3.658733e-03  -7.867647e-03  +5.241579e-02  +1.430994e-03  +2.149378e-02  -6.625682e-02  -1.879679e-03  -1.328784e-02  +7.092054e+00  -1.453381e-02  +1.238325e-03  +8.453039e+00  -6.724778e-03  -1.259495e-02  +7.427577e+00  -1.578849e-04  +7.234328e-06  +3.995711e+00  
-9.690306e-05  -1.513396e-04  +4.565694e-05  +4.970171e-04  -7.195013e-05  -3.145184e-05  +1.107036e-05  -1.464768e-04  -1.061117e-05  -3.676664e-04  +4.544902e-04  +1.406688e-05  +2.255163e-04  -1.453381e-02  +3.365278e-04  +2.131356e-07  -6.088018e-02  +1.252991e-04  +2.372545e-04  -3.489047e-02  -2.615544e-06  -3.781030e-06  -4.329913e-02  
-2.438181e-06  -2.543154e-06  -3.462220e-06  -1.273442e-05  +1.768995e-06  +8.485712e-07  -7.055922e-07  +1.127286e-05  -9.466265e-07  +4.898967e-06  -1.660207e-05  -2.841022e-07  -1.234516e-06  +1.238325e-03  +2.131356e-07  +1.716121e-06  +2.371195e-03  -8.646496e-07  -7.707487e-07  +1.005427e-03  +1.340167e-07  -2.730751e-07  +4.876274e-04  
+4.444409e-03  +1.404536e-02  -1.887198e-02  -1.613550e-01  +2.057121e-02  +7.100918e-03  -2.325864e-03  +1.060864e-01  -3.902665e-03  +8.349906e-02  -1.497717e-01  -5.848707e-03  -4.935649e-02  +8.453039e+00  -6.088018e-02  +2.371195e-03  +2.698367e+01  -2.879072e-02  -4.841062e-02  +1.081535e+01  -1.030547e-03  -1.081001e-04  +7.055845e+00  
-2.940085e-05  -4.965471e-05  +1.871899e-05  +2.204114e-04  -3.075545e-05  -1.199733e-05  +2.590708e-06  -8.341431e-05  -6.607459e-07  -1.444148e-04  +1.921978e-04  +6.449954e-06  +8.768099e-05  -6.724778e-03  +1.252991e-04  -8.646496e-07  -2.879072e-02  +5.005284e-05  +9.054021e-05  -1.348521e-02  -3.643495e-07  -1.027005e-06  -1.493039e-02  
-6.075406e-05  -9.988790e-05  +3.863560e-05  +3.802059e-04  -5.397595e-05  -2.314391e-05  +9.958809e-06  -1.369644e-04  -4.296035e-06  -2.689613e-04  +3.485551e-04  +1.134226e-05  +1.625053e-04  -1.259495e-02  +2.372545e-04  -7.707487e-07  -4.841062e-02  +9.054021e-05  +1.702756e-04  -2.624285e-02  -1.045921e-06  -2.451683e-06  -3.084701e-02  
+1.348462e-02  +1.859028e-02  -1.881007e-02  -4.915858e-02  +7.352711e-03  +5.565448e-03  -9.924746e-03  +5.591516e-02  +4.672022e-03  +3.871598e-02  -9.329921e-02  -2.384767e-03  -2.611640e-02  +7.427577e+00  -3.489047e-02  +1.005427e-03  +1.081535e+01  -1.348521e-02  -2.624285e-02  +1.131233e+01  +3.901287e-04  +3.138678e-04  +6.926721e+00  
+3.523237e-06  +3.860394e-06  +7.302481e-07  +4.470494e-06  +3.338775e-07  +7.867286e-07  -5.880381e-07  -1.154083e-05  +1.462076e-06  +9.955069e-07  -1.189036e-06  +3.574783e-07  -8.079544e-07  -1.578849e-04  -2.615544e-06  +1.340167e-07  -1.030547e-03  -3.643495e-07  -1.045921e-06  +3.901287e-04  +9.714965e-07  +1.207843e-07  +6.079624e-04  
+9.874422e-07  +1.978844e-06  +1.620182e-07  -2.503054e-06  +4.076675e-07  +3.382875e-07  -9.045645e-07  -1.746317e-06  +3.943152e-07  +2.939422e-06  -1.413200e-06  -1.385001e-07  -2.086602e-06  +7.234328e-06  -3.781030e-06  -2.730751e-07  -1.081001e-04  -1.027005e-06  -2.451683e-06  +3.138678e-04  +1.207843e-07  +4.888258e-07  +5.150623e-04  
+1.418820e-02  +2.174005e-02  -1.350677e-02  -5.383880e-02  +8.627845e-03  +5.610000e-03  -7.692274e-03  +2.044561e-02  +3.087069e-03  +4.960933e-02  -7.508658e-02  -1.876636e-03  -2.858608e-02  +3.995711e+00  -4.329913e-02  +4.876274e-04  +7.055845e+00  -1.493039e-02  -3.084701e-02  +6.926721e+00  +6.079624e-04  +5.150623e-04  +8.409458e+00  
