mean:
+3.925450e+00  +3.992038e+00  +7.245038e-01  -1.123201e+00  +1.538224e+00  +4.093101e-01  +9.914700e-01  +2.396207e+00  +1.272577e-01  +2.476990e+00  +3.461202e+00  +1.870479e+00  +2.552330e+00  +7.998199e+02  +4.559298e+00  +4.479345e+00  +2.038497e+03  
covariance:
+4.747450e-06  +1.364248e-06  +2.102364e-06  +2.177360e-05  -5.643128e-06  -1.285657e-06  -8.376023e-08  +5.786314e-06  +2.896158e-07  -5.133533e-06  +1.365495e-05  +4.986421e-09  +6.076332e-08  +5.122095e-04  +5.304594e-08  +8.636523e-08  +1.629389e-03  
+1.364248e-06  +3.755428e-06  +6.075974e-07  -1.762830e-05  +1.955519e-06  +9.125930e-07  +1.525009e-06  +4.441489e-06  +3.325430e-07  +4.016725e-06  -3.211414e-05  -7.266012e-08  -2.170705e-08  -1.615482e-03  +1.290465e-08  -1.767612e-08  -2.297432e-03  
+2.102364e-06  +6.075974e-07  +3.200891e-05  +8.653539e-05  -3.066215e-05  -3.705628e-06  +1.775241e-05  +4.008321e-05  -3.531872e-06  +1.621811e-05  +2.605133e-05  +1.489382e-07  +1.045061e-07  +3.826595e-03  +6.005241e-08  -2.862077e-08  +1.068958e-02  
+2.177360e-05  -1.762830e-05  +8.653539e-05  +3.488714e-03  +9.296922e-05  +9.843704e-05  -3.004057e-05  +1.136241e-03  -3.858326e-05  +3.121122e-04  +6.657448e-04  +3.558784e-06  +1.901823e-06  +2.355872e-02  -3.210790e-06  +2.249044e-06  +2.105441e-02  
-5.643128e-06  +1.955519e-06  -3.066215e-05  +9.296922e-05  +2.775164e-04  +2.409744e-05  -1.645464e-05  -1.677658e-04  +4.306503e-06  +9.577565e-06  -1.579560e-04  +2.558338e-07  -1.934432e-08  -5.220428e-03  -7.146323e-08  -9.470490e-07  -3.427845e-02  
-1.285657e-06  +9.125930e-07  -3.705628e-06  +9.843704e-05  +2.409744e-05  +1.357976e-05  -3.816496e-06  +1.720964e-05  +2.925138e-07  +1.602733e-05  -3.898654e-05  +1.110956e-07  +9.874596e-08  -1.301238e-03  -2.782622e-07  -5.088675e-08  -1.067737e-02  
-8.376023e-08  +1.525009e-06  +1.775241e-05  -3.004057e-05  -1.645464e-05  -3.816496e-06  +3.657297e-05  +2.875414e-05  -4.096595e-06  +1.552140e-05  +7.703076e-06  +2.584250e-07  -2.952017e-08  +8.760635e-04  +9.081304e-08  -1.189848e-08  +1.134411e-02  
+5.786314e-06  +4.441489e-06  +4.008321e-05  +1.136241e-03  -1.677658e-04  +1.720964e-05  +2.875414e-05  +1.167251e-03  -2.157869e-05  +2.658951e-04  +8.319221e-05  +1.089659e-07  +4.013895e-07  -2.677502e-03  -1.798178e-06  +1.767227e-06  +2.269812e-02  
+2.896158e-07  +3.325430e-07  -3.531872e-06  -3.858326e-05  +4.306503e-06  +2.925138e-07  -4.096595e-06  -2.157869e-05  +2.142307e-06  -1.091616e-05  -2.147939e-05  -6.233364e-08  -3.701804e-08  -1.069358e-03  +3.773855e-08  -3.451224e-08  -4.977527e-03  
-5.133533e-06  +4.016725e-06  +1.621811e-05  +3.121122e-04  +9.577565e-06  +1.602733e-05  +1.552140e-05  +2.658951e-04  -1.091616e-05  +1.847757e-04  -8.096359e-05  +2.469243e-07  +1.648970e-07  -1.013103e-02  +9.581642e-08  +3.544098e-07  +9.653563e-03  
+1.365495e-05  -3.211414e-05  +2.605133e-05  +6.657448e-04  -1.579560e-04  -3.898654e-05  +7.703076e-06  +8.319221e-05  -2.147939e-05  -8.096359e-05  +8.934454e-04  +8.453535e-07  +1.100722e-06  +4.747992e-02  -3.129568e-07  +1.113112e-06  +1.083191e-01  
+4.986421e-09  -7.266012e-08  +1.489382e-07  +3.558784e-06  +2.558338e-07  +1.110956e-07  +2.584250e-07  +1.089659e-07  -6.233364e-08  +2.469243e-07  +8.453535e-07  +2.634794e-07  -2.814012e-09  -9.693739e-05  +6.759643e-09  +1.661758e-09  +2.805078e-04  
+6.076332e-08  -2.170705e-08  +1.045061e-07  +1.901823e-06  -1.934432e-08  +9.874596e-08  -2.952017e-08  +4.013895e-07  -3.701804e-08  +1.648970e-07  +1.100722e-06  -2.814012e-09  +2.449851e-07  +9.597048e-05  +7.530769e-10  -2.902535e-09  +3.569004e-04  
+5.122095e-04  -1.615482e-03  +3.826595e-03  +2.355872e-02  -5.220428e-03  -1.301238e-03  +8.760635e-04  -2.677502e-03  -1.069358e-03  -1.013103e-02  +4.747992e-02  -9.693739e-05  +9.597048e-05  +6.136773e+00  -1.362243e-04  -4.209300e-05  +6.354359e+00  
+5.304594e-08  +1.290465e-08  +6.005241e-08  -3.210790e-06  -7.146323e-08  -2.782622e-07  +9.081304e-08  -1.798178e-06  +3.773855e-08  +9.581642e-08  -3.129568e-07  +6.759643e-09  +7.530769e-10  -1.362243e-04  +8.470646e-08  +5.225959e-09  +1.159323e-04  
+8.636523e-08  -1.767612e-08  -2.862077e-08  +2.249044e-06  -9.470490e-07  -5.088675e-08  -1.189848e-08  +1.767227e-06  -3.451224e-08  +3.544098e-07  +1.113112e-06  +1.661758e-09  -2.902535e-09  -4.209300e-05  +5.225959e-09  +9.100017e-08  +1.987181e-04  
+1.629389e-03  -2.297432e-03  +1.068958e-02  +2.105441e-02  -3.427845e-02  -1.067737e-02  +1.134411e-02  +2.269812e-02  -4.977527e-03  +9.653563e-03  +1.083191e-01  +2.805078e-04  +3.569004e-04  +6.354359e+00  +1.159323e-04  +1.987181e-04  +3.463685e+01  
