mean:
+3.929328e+00  +3.982986e+00  +7.076161e-01  -1.108399e+00  +1.552429e+00  +4.168224e-01  +9.939398e-01  +2.195169e+00  +1.299861e-01  +2.313131e+00  +3.711549e+00  +1.870512e+00  +2.551093e+00  +8.152231e+02  +4.558570e+00  +4.479256e+00  +2.009809e+03  
covariance:
+2.932696e-05  +9.186849e-06  -1.055300e-05  +4.588005e-06  +7.575266e-05  -7.899561e-07  -2.564531e-05  -1.063641e-04  +5.089606e-06  -4.200609e-05  +1.613543e-05  -5.708725e-06  +7.580919e-06  +6.066399e-03  -6.498498e-07  +1.251695e-06  +5.714045e-03  
+9.186849e-06  +1.997188e-05  -2.207306e-07  -5.487152e-05  +3.140509e-05  +2.365375e-06  -1.955787e-06  +6.366297e-06  -5.273550e-08  +3.274212e-05  -8.632591e-05  -7.411656e-06  +9.770337e-06  -8.032820e-04  +6.385592e-07  +1.696202e-06  +1.078106e-02  
-1.055300e-05  -2.207306e-07  +2.196394e-05  -1.148311e-04  +1.201498e-05  +9.972651e-07  +3.166004e-05  +9.803906e-05  -4.808293e-06  +1.040687e-04  -1.253493e-04  -7.034302e-06  +8.274222e-06  -7.128282e-03  +1.356678e-06  -2.453515e-06  +1.054536e-02  
+4.588005e-06  -5.487152e-05  -1.148311e-04  +1.716280e-03  -8.199314e-04  -3.059712e-05  -2.013535e-04  -3.750049e-04  +3.289281e-05  -1.184744e-03  +1.609101e-03  +1.197535e-04  -1.696163e-04  +5.547950e-02  -1.480720e-05  +1.125982e-05  -1.922785e-01  
+7.575266e-05  +3.140509e-05  +1.201498e-05  -8.199314e-04  +1.357673e-03  -1.865719e-06  +1.331782e-05  -6.828758e-04  -1.062453e-05  +5.390854e-04  -6.432506e-04  -8.862715e-05  +1.434411e-04  +1.572876e-02  +8.033243e-06  -1.083626e-05  +1.681373e-01  
-7.899561e-07  +2.365375e-06  +9.972651e-07  -3.059712e-05  -1.865719e-06  +2.574901e-06  +3.660226e-06  +2.507147e-05  -6.035389e-07  +2.555049e-05  -3.728393e-05  -1.852812e-06  +3.152614e-06  -1.577669e-03  +1.306591e-07  +1.699970e-07  +3.271069e-03  
-2.564531e-05  -1.955787e-06  +3.166004e-05  -2.013535e-04  +1.331782e-05  +3.660226e-06  +8.393865e-05  +2.184714e-04  -1.365719e-05  +2.186887e-04  -2.055375e-04  -4.798387e-06  +6.980963e-06  -1.795791e-02  +1.855636e-06  -3.007963e-06  +1.790310e-02  
-1.063641e-04  +6.366297e-06  +9.803906e-05  -3.750049e-04  -6.828758e-04  +2.507147e-05  +2.184714e-04  +1.325121e-03  -2.915854e-05  +4.637968e-04  -6.694802e-04  +1.594187e-05  -2.751901e-05  -6.528797e-02  +1.403724e-06  -4.143689e-06  -3.162444e-02  
+5.089606e-06  -5.273550e-08  -4.808293e-06  +3.289281e-05  -1.062453e-05  -6.035389e-07  -1.365719e-05  -2.915854e-05  +3.879132e-06  -4.007007e-05  +3.486934e-05  +6.972101e-07  -1.909553e-06  +3.077714e-03  -3.912838e-07  +5.354589e-07  -5.184191e-03  
-4.200609e-05  +3.274212e-05  +1.040687e-04  -1.184744e-03  +5.390854e-04  +2.555049e-05  +2.186887e-04  +4.637968e-04  -4.007007e-05  +1.009342e-03  -1.180110e-03  -7.424213e-05  +1.134418e-04  -5.498292e-02  +1.115628e-05  -1.057953e-05  +1.540184e-01  
+1.613543e-05  -8.632591e-05  -1.253493e-04  +1.609101e-03  -6.432506e-04  -3.728393e-05  -2.055375e-04  -6.694802e-04  +3.486934e-05  -1.180110e-03  +1.843961e-03  +1.159300e-04  -1.679481e-04  +6.762050e-02  -1.253683e-05  +6.810204e-06  -1.800825e-01  
-5.708725e-06  -7.411656e-06  -7.034302e-06  +1.197535e-04  -8.862715e-05  -1.852812e-06  -4.798387e-06  +1.594187e-05  +6.972101e-07  -7.424213e-05  +1.159300e-04  +1.285732e-05  -1.700344e-05  +1.338197e-03  -1.179228e-06  +2.572692e-07  -1.691406e-02  
+7.580919e-06  +9.770337e-06  +8.274222e-06  -1.696163e-04  +1.434411e-04  +3.152614e-06  +6.980963e-06  -2.751901e-05  -1.909553e-06  +1.134418e-04  -1.679481e-04  -1.700344e-05  +2.641341e-05  -2.633785e-03  +1.839357e-06  -6.129396e-07  +2.544890e-02  
+6.066399e-03  -8.032820e-04  -7.128282e-03  +5.547950e-02  +1.572876e-02  -1.577669e-03  -1.795791e-02  -6.528797e-02  +3.077714e-03  -5.498292e-02  +6.762050e-02  +1.338197e-03  -2.633785e-03  +6.401547e+00  -3.963956e-04  +4.226745e-05  -4.188706e+00  
-6.498498e-07  +6.385592e-07  +1.356678e-06  -1.480720e-05  +8.033243e-06  +1.306591e-07  +1.855636e-06  +1.403724e-06  -3.912838e-07  +1.115628e-05  -1.253683e-05  -1.179228e-06  +1.839357e-06  -3.963956e-04  +4.832121e-07  -9.735763e-08  +1.981049e-03  
+1.251695e-06  +1.696202e-06  -2.453515e-06  +1.125982e-05  -1.083626e-05  +1.699970e-07  -3.007963e-06  -4.143689e-06  +5.354589e-07  -1.057953e-05  +6.810204e-06  +2.572692e-07  -6.129396e-07  +4.226745e-05  -9.735763e-08  +1.281812e-06  -1.902395e-03  
+5.714045e-03  +1.078106e-02  +1.054536e-02  -1.922785e-01  +1.681373e-01  +3.271069e-03  +1.790310e-02  -3.162444e-02  -5.184191e-03  +1.540184e-01  -1.800825e-01  -1.691406e-02  +2.544890e-02  -4.188706e+00  +1.981049e-03  -1.902395e-03  +4.125952e+01  
