mean:
+3.984002e+00  +3.939177e+00  +6.405007e-01  -1.197495e+00  +1.583158e+00  +5.039166e-01  +9.036123e-01  +2.044086e+00  +1.455712e-01  +1.963848e+00  +4.919765e+00  +1.839031e+00  +2.983584e+00  +8.065953e+02  +4.960056e+00  +4.479638e+00  +2.001140e+03  
covariance:
+6.219345e-06  +1.719968e-06  +6.598672e-07  +6.220548e-06  -1.300756e-06  +6.661577e-07  +8.167324e-07  -6.392440e-06  -2.782086e-07  -2.020146e-07  -1.865993e-05  +4.804480e-08  -3.892830e-07  +1.645805e-03  +6.658547e-08  +2.754356e-08  +2.034296e-03  
+1.719968e-06  +5.670152e-06  +3.034171e-06  -5.018188e-07  -1.123554e-05  +3.640010e-07  +1.710375e-06  +5.032323e-06  +1.072065e-07  -3.498590e-06  +2.801632e-05  -4.491431e-08  -2.475104e-07  +1.981675e-04  -4.976326e-08  +9.411348e-10  +1.748524e-03  
+6.598672e-07  +3.034171e-06  +7.356179e-05  +2.567145e-05  -1.948147e-04  +5.709011e-06  +2.503495e-05  +7.925095e-06  -5.281529e-06  -7.363237e-06  +1.873303e-04  +5.776819e-07  -4.180902e-07  +9.542622e-03  -2.449050e-07  +1.322846e-06  +1.171738e-02  
+6.220548e-06  -5.018188e-07  +2.567145e-05  +3.978735e-04  -2.649307e-04  +2.921364e-05  +4.816367e-05  -1.128062e-04  -6.601722e-06  +8.333007e-06  -3.511925e-05  +3.334488e-06  -4.624300e-06  +2.741605e-02  +6.349909e-07  -4.619917e-08  +5.045498e-02  
-1.300756e-06  -1.123554e-05  -1.948147e-04  -2.649307e-04  +2.512062e-03  -2.023432e-05  -3.298688e-04  +6.660197e-04  +4.151631e-05  +1.027978e-04  -9.759478e-04  +3.050276e-07  +3.675675e-06  -1.200816e-01  -1.562724e-07  -1.073533e-06  +1.176882e-01  
+6.661577e-07  +3.640010e-07  +5.709011e-06  +2.921364e-05  -2.023432e-05  +8.699773e-06  +1.424685e-06  -1.694239e-05  +7.907490e-08  +5.161590e-07  -1.684624e-05  +6.180677e-07  -3.415856e-07  +4.012832e-03  +1.328486e-08  -8.164073e-08  +9.205790e-03  
+8.167324e-07  +1.710375e-06  +2.503495e-05  +4.816367e-05  -3.298688e-04  +1.424685e-06  +6.375500e-05  -7.087818e-05  -8.403579e-06  -7.673549e-06  +1.242990e-04  -5.937973e-07  -6.042634e-07  +1.893828e-02  +2.580182e-07  -7.218656e-08  -1.551125e-02  
-6.392440e-06  +5.032323e-06  +7.925095e-06  -1.128062e-04  +6.660197e-04  -1.694239e-05  -7.087818e-05  +1.206392e-03  -1.979890e-05  +2.043343e-04  +4.657956e-04  +2.808136e-07  -6.048704e-07  -3.485039e-02  -1.925751e-06  +6.114955e-07  -2.259818e-02  
-2.782086e-07  +1.072065e-07  -5.281529e-06  -6.601722e-06  +4.151631e-05  +7.907490e-08  -8.403579e-06  -1.979890e-05  +3.323090e-06  -8.953930e-06  -3.861606e-05  +2.065673e-08  +2.254752e-07  -2.572864e-03  +8.217729e-08  -7.863570e-08  +4.411658e-03  
-2.020146e-07  -3.498590e-06  -7.363237e-06  +8.333007e-06  +1.027978e-04  +5.161590e-07  -7.673549e-06  +2.043343e-04  -8.953930e-06  +1.019209e-04  -4.048987e-05  +5.069878e-07  -1.439463e-06  +4.220434e-03  -7.708221e-07  +3.852984e-07  -2.209115e-02  
-1.865993e-05  +2.801632e-05  +1.873303e-04  -3.511925e-05  -9.759478e-04  -1.684624e-05  +1.242990e-04  +4.657956e-04  -3.861606e-05  -4.048987e-05  +1.933913e-03  -2.452940e-06  +5.843116e-07  -5.183140e-03  -1.735136e-06  +2.783194e-06  -3.024146e-02  
+4.804480e-08  -4.491431e-08  +5.776819e-07  +3.334488e-06  +3.050276e-07  +6.180677e-07  -5.937973e-07  +2.808136e-07  +2.065673e-08  +5.069878e-07  -2.452940e-06  +6.386976e-07  +5.165442e-08  +6.658868e-04  -6.881889e-08  +2.290572e-08  +9.476510e-04  
-3.892830e-07  -2.475104e-07  -4.180902e-07  -4.624300e-06  +3.675675e-06  -3.415856e-07  -6.042634e-07  -6.048704e-07  +2.254752e-07  -1.439463e-06  +5.843116e-07  +5.165442e-08  +9.366044e-07  -6.276135e-04  +2.096441e-08  +6.142331e-08  -6.876725e-04  
+1.645805e-03  +1.981675e-04  +9.542622e-03  +2.741605e-02  -1.200816e-01  +4.012832e-03  +1.893828e-02  -3.485039e-02  -2.572864e-03  +4.220434e-03  -5.183140e-03  +6.658868e-04  -6.276135e-04  +1.205509e+01  -6.647068e-05  +1.574599e-04  -4.355163e+00  
+6.658547e-08  -4.976326e-08  -2.449050e-07  +6.349909e-07  -1.562724e-07  +1.328486e-08  +2.580182e-07  -1.925751e-06  +8.217729e-08  -7.708221e-07  -1.735136e-06  -6.881889e-08  +2.096441e-08  -6.647068e-05  +1.820752e-07  -6.859448e-09  +1.695026e-04  
+2.754356e-08  +9.411348e-10  +1.322846e-06  -4.619917e-08  -1.073533e-06  -8.164073e-08  -7.218656e-08  +6.114955e-07  -7.863570e-08  +3.852984e-07  +2.783194e-06  +2.290572e-08  +6.142331e-08  +1.574599e-04  -6.859448e-09  +2.889517e-07  +3.446652e-04  
+2.034296e-03  +1.748524e-03  +1.171738e-02  +5.045498e-02  +1.176882e-01  +9.205790e-03  -1.551125e-02  -2.259818e-02  +4.411658e-03  -2.209115e-02  -3.024146e-02  +9.476510e-04  -6.876725e-04  -4.355163e+00  +1.695026e-04  +3.446652e-04  +5.244455e+01  
