mean:
+3.972152e+00  +3.896975e+00  +8.354265e-01  +1.334384e+00  +1.210879e+00  +4.985816e-01  +8.077298e-01  +1.372562e+00  +1.821229e-01  +1.815468e+00  +5.993223e+00  +3.619372e+00  +2.916174e+00  +2.010706e+02  +4.296757e+00  +5.129094e+00  +2.768003e+02  +5.237300e+00  +3.820294e+00  +3.260443e+02  +2.805052e+00  +4.488668e+00  +3.871095e+02  
covariance:
+2.142361e-06  -2.029459e-07  +1.913417e-06  -6.146678e-06  +5.315386e-07  -1.498707e-07  -4.263356e-07  +7.198745e-07  +2.902562e-08  -1.477747e-06  +1.638215e-06  -6.835950e-07  -1.416774e-08  +5.002530e-04  -5.485097e-07  +6.994571e-07  -1.661191e-04  -2.773605e-07  +1.162903e-06  -9.524306e-04  -6.163530e-07  -1.383481e-06  +3.148358e-04  
-2.029459e-07  +6.699882e-07  +4.623603e-07  -8.484493e-07  +1.212592e-07  -3.182000e-08  -3.400315e-07  -5.116451e-07  -1.897110e-08  -1.077297e-06  +1.000057e-06  -8.245641e-08  +1.869472e-07  +1.679982e-04  -2.095353e-07  -4.090394e-08  -1.442031e-05  -5.209961e-09  +2.913158e-07  -2.615121e-04  -6.828561e-07  -2.902437e-07  +2.270268e-04  
+1.913417e-06  +4.623603e-07  +4.483884e-06  -8.842741e-06  +7.393902e-07  +8.401478e-08  -1.040970e-06  +4.216245e-07  -6.596273e-08  -3.296834e-06  +3.594290e-06  -8.964609e-07  +6.431056e-07  +9.645866e-04  -1.058769e-06  +5.409405e-07  -1.911963e-04  -3.488389e-07  +1.653437e-06  -1.660112e-03  -1.672061e-06  -1.812302e-06  +9.891592e-04  
-6.146678e-06  -8.484493e-07  -8.842741e-06  +3.932107e-05  -2.334325e-06  +4.547575e-07  +6.575983e-06  -2.053923e-06  -3.645236e-06  +2.012011e-05  -1.211628e-05  +3.878868e-06  -1.462391e-06  -2.740699e-03  +4.510663e-06  -1.595197e-06  +8.982965e-05  +1.457160e-06  -8.793062e-06  +6.058261e-03  +1.163213e-05  +9.202059e-06  -3.805866e-03  
+5.315386e-07  +1.212592e-07  +7.393902e-07  -2.334325e-06  +3.038543e-07  -1.836994e-08  -2.424682e-07  +2.566684e-07  +8.814230e-08  -1.091258e-06  +5.697400e-07  -3.027490e-07  +5.357501e-08  +2.192377e-04  -3.276686e-07  +1.989413e-07  +1.576703e-05  -1.292690e-07  +6.323935e-07  -4.657609e-04  -6.611376e-07  -6.757548e-07  +2.347160e-04  
-1.498707e-07  -3.182000e-08  +8.401478e-08  +4.547575e-07  -1.836994e-08  +5.799451e-07  -4.758951e-07  -1.051182e-07  +5.019584e-07  -1.145414e-06  -3.009537e-08  -3.196552e-07  +6.389167e-08  -7.912329e-05  -4.066165e-07  -2.315982e-07  +2.100442e-04  -9.111827e-08  +5.661542e-07  -2.970237e-04  -1.389321e-06  -3.455322e-07  +8.727797e-04  
-4.263356e-07  -3.400315e-07  -1.040970e-06  +6.575983e-06  -2.424682e-07  -4.758951e-07  +6.475570e-06  +5.955106e-06  -4.225363e-06  +1.892716e-05  -1.040333e-05  +2.618654e-06  -1.455266e-06  -1.217412e-03  +3.932677e-06  +3.762567e-07  -3.452052e-04  +8.463296e-07  -7.122508e-06  +4.132883e-03  +1.407045e-05  +5.926794e-06  -4.535382e-03  
+7.198745e-07  -5.116451e-07  +4.216245e-07  -2.053923e-06  +2.566684e-07  -1.051182e-07  +5.955106e-06  +2.115630e-05  -3.817214e-06  +2.418728e-05  -1.002394e-05  +2.643061e-06  -1.695062e-06  -1.299834e-03  +4.374477e-06  +2.027199e-07  -4.733441e-04  +5.761492e-07  -8.270225e-06  +4.832298e-03  +1.768291e-05  +6.782414e-06  -5.491199e-03  
+2.902562e-08  -1.897110e-08  -6.596273e-08  -3.645236e-06  +8.814230e-08  +5.019584e-07  -4.225363e-06  -3.817214e-06  +5.023538e-06  -1.356546e-05  +5.254000e-06  -1.833511e-06  +8.239805e-07  +7.299696e-04  -2.830250e-06  -1.967544e-07  +3.737248e-04  -7.285405e-07  +5.347788e-06  -2.938346e-03  -1.010951e-05  -4.298136e-06  +3.218947e-03  
-1.477747e-06  -1.077297e-06  -3.296834e-06  +2.012011e-05  -1.091258e-06  -1.145414e-06  +1.892716e-05  +2.418728e-05  -1.356546e-05  +7.452513e-05  -3.103826e-05  +9.666308e-06  -4.695472e-06  -4.590082e-03  +1.514564e-05  +9.013861e-07  -2.211013e-03  +3.895579e-06  -2.722737e-05  +1.555020e-02  +5.359532e-05  +2.360877e-05  -1.618463e-02  
+1.638215e-06  +1.000057e-06  +3.594290e-06  -1.211628e-05  +5.697400e-07  -3.009537e-08  -1.040333e-05  -1.002394e-05  +5.254000e-06  -3.103826e-05  +3.310858e-05  -4.384740e-06  +3.418069e-06  +3.009517e-03  -5.625749e-06  +6.635166e-08  -1.501538e-03  -5.542052e-07  +1.027396e-05  -6.662152e-03  -1.978292e-05  -8.757929e-06  +7.066245e-03  
-6.835950e-07  -8.245641e-08  -8.964609e-07  +3.878868e-06  -3.027490e-07  -3.196552e-07  +2.618654e-06  +2.643061e-06  -1.833511e-06  +9.666308e-06  -4.384740e-06  +1.686275e-06  -4.505019e-07  -6.316211e-04  +2.242320e-06  -5.470941e-08  -4.139158e-04  +6.004654e-07  -4.107964e-06  +2.400687e-03  +7.598013e-06  +3.587447e-06  -2.462476e-03  
-1.416774e-08  +1.869472e-07  +6.431056e-07  -1.462391e-06  +5.357501e-08  +6.389167e-08  -1.455266e-06  -1.695062e-06  +8.239805e-07  -4.695472e-06  +3.418069e-06  -4.505019e-07  +8.053319e-07  +4.393002e-04  -7.690226e-07  -2.025267e-07  -2.158023e-04  -1.662197e-07  +1.253661e-06  -8.865086e-04  -2.686008e-06  -1.074864e-06  +1.015409e-03  
+5.002530e-04  +1.679982e-04  +9.645866e-04  -2.740699e-03  +2.192377e-04  -7.912329e-05  -1.217412e-03  -1.299834e-03  +7.299696e-04  -4.590082e-03  +3.009517e-03  -6.316211e-04  +4.393002e-04  +6.088552e-01  -9.492073e-04  +1.868648e-04  -8.986623e-02  -2.224609e-04  +1.715594e-03  -1.169480e+00  -2.825235e-03  -1.540923e-03  +8.950274e-01  
-5.485097e-07  -2.095353e-07  -1.058769e-06  +4.510663e-06  -3.276686e-07  -4.066165e-07  +3.932677e-06  +4.374477e-06  -2.830250e-06  +1.514564e-05  -5.625749e-06  +2.242320e-06  -7.690226e-07  -9.492073e-04  +3.541029e-06  +1.313252e-07  -7.564193e-04  +9.601689e-07  -6.264419e-06  +3.590808e-03  +1.202900e-05  +5.339743e-06  -3.567334e-03  
+6.994571e-07  -4.090394e-08  +5.409405e-07  -1.595197e-06  +1.989413e-07  -2.315982e-07  +3.762567e-07  +2.027199e-07  -1.967544e-07  +9.013861e-07  +6.635166e-08  -5.470941e-08  -2.025267e-07  +1.868648e-04  +1.313252e-07  +6.666912e-07  -2.002530e-04  +6.402610e-08  +9.003725e-09  -1.208090e-04  +1.138161e-06  -1.703494e-07  -3.539115e-04  
-1.661191e-04  -1.442031e-05  -1.911963e-04  +8.982965e-05  +1.576703e-05  +2.100442e-04  -3.452052e-04  -4.733441e-04  +3.737248e-04  -2.211013e-03  -1.501538e-03  -4.139158e-04  -2.158023e-04  -8.986623e-02  -7.564193e-04  -2.002530e-04  +7.186139e-01  -2.818873e-04  +1.347307e-03  -6.096220e-01  -2.959448e-03  -1.074752e-03  +6.436984e-01  
-2.773605e-07  -5.209961e-09  -3.488389e-07  +1.457160e-06  -1.292690e-07  -9.111827e-08  +8.463296e-07  +5.761492e-07  -7.285405e-07  +3.895579e-06  -5.542052e-07  +6.004654e-07  -1.662197e-07  -2.224609e-04  +9.601689e-07  +6.402610e-08  -2.818873e-04  +4.775664e-07  -1.720742e-06  +9.601311e-04  +3.200570e-06  +1.546888e-06  -8.741741e-04  
+1.162903e-06  +2.913158e-07  +1.653437e-06  -8.793062e-06  +6.323935e-07  +5.661542e-07  -7.122508e-06  -8.270225e-06  +5.347788e-06  -2.722737e-05  +1.027396e-05  -4.107964e-06  +1.253661e-06  +1.715594e-03  -6.264419e-06  +9.003725e-09  +1.347307e-03  -1.720742e-06  +1.163605e-05  -6.608740e-03  -2.175631e-05  -9.856462e-06  +6.268526e-03  
-9.524306e-04  -2.615121e-04  -1.660112e-03  +6.058261e-03  -4.657609e-04  -2.970237e-04  +4.132883e-03  +4.832298e-03  -2.938346e-03  +1.555020e-02  -6.662152e-03  +2.400687e-03  -8.865086e-04  -1.169480e+00  +3.590808e-03  -1.208090e-04  -6.096220e-01  +9.601311e-04  -6.608740e-03  +3.984027e+00  +1.209651e-02  +5.671322e-03  -3.602083e+00  
-6.163530e-07  -6.828561e-07  -1.672061e-06  +1.163213e-05  -6.611376e-07  -1.389321e-06  +1.407045e-05  +1.768291e-05  -1.010951e-05  +5.359532e-05  -1.978292e-05  +7.598013e-06  -2.686008e-06  -2.825235e-03  +1.202900e-05  +1.138161e-06  -2.959448e-03  +3.200570e-06  -2.175631e-05  +1.209651e-02  +4.368328e-05  +1.821176e-05  -1.259629e-02  
-1.383481e-06  -2.902437e-07  -1.812302e-06  +9.202059e-06  -6.757548e-07  -3.455322e-07  +5.926794e-06  +6.782414e-06  -4.298136e-06  +2.360877e-05  -8.757929e-06  +3.587447e-06  -1.074864e-06  -1.540923e-03  +5.339743e-06  -1.703494e-07  -1.074752e-03  +1.546888e-06  -9.856462e-06  +5.671322e-03  +1.821176e-05  +8.727530e-06  -5.284957e-03  
+3.148358e-04  +2.270268e-04  +9.891592e-04  -3.805866e-03  +2.347160e-04  +8.727797e-04  -4.535382e-03  -5.491199e-03  +3.218947e-03  -1.618463e-02  +7.066245e-03  -2.462476e-03  +1.015409e-03  +8.950274e-01  -3.567334e-03  -3.539115e-04  +6.436984e-01  -8.741741e-04  +6.268526e-03  -3.602083e+00  -1.259629e-02  -5.284957e-03  +4.499605e+00  
