mean:
+3.981907e+00  +3.953319e+00  +8.524777e-01  +1.302753e+00  +1.406119e+00  +4.020110e-01  +8.163316e-01  +1.372370e+00  +1.699645e-01  +1.874854e+00  +5.984939e+00  +3.591636e+00  +2.698495e+00  +2.018713e+02  +4.309765e+00  +5.294176e+00  +2.790212e+02  +5.453252e+00  +3.757155e+00  +3.242098e+02  +2.640244e+00  +4.559604e+00  +3.953391e+02  
covariance:
+9.532955e-07  +1.057095e-07  -4.849522e-08  -1.319092e-06  -5.898109e-08  +6.738658e-07  +2.129467e-06  -1.506072e-07  -1.846715e-06  +1.040647e-05  +1.182012e-06  +1.005831e-07  -4.866740e-08  -2.042551e-04  -3.741582e-07  +1.956505e-07  +4.023249e-04  +5.637499e-08  +3.048559e-08  +6.889535e-04  +4.888633e-09  -3.113546e-08  +7.337301e-04  
+1.057095e-07  +9.499310e-07  -8.802798e-09  -5.092887e-07  -2.046289e-07  -8.556896e-08  -4.440341e-07  -1.066587e-06  +3.363673e-07  -1.716284e-06  +1.510992e-06  +3.701276e-09  +3.107452e-08  +1.048691e-05  +8.030011e-08  -4.338735e-08  -1.541390e-04  -1.567874e-08  -6.407323e-08  -3.023023e-04  -1.258626e-08  -6.662838e-08  -1.324182e-04  
-4.849522e-08  -8.802798e-09  +1.349297e-05  -1.349919e-05  +2.197743e-07  -2.713424e-07  -6.993561e-06  -2.556059e-05  +2.684783e-06  -2.111251e-05  +2.783912e-05  +1.222210e-06  -8.241500e-07  -2.045291e-03  -9.971935e-07  -9.809143e-07  -3.564915e-03  -5.271046e-07  +4.299637e-07  -6.101717e-03  -1.150305e-06  +5.914636e-07  -1.116976e-03  
-1.319092e-06  -5.092887e-07  -1.349919e-05  +1.856676e-04  +2.611609e-06  -7.840354e-06  -5.565558e-06  +7.037124e-05  +2.826840e-05  -2.103907e-04  -5.873061e-05  -4.562748e-06  +8.637573e-07  -3.165146e-03  +1.693796e-05  -3.227525e-06  -9.027429e-04  -3.669863e-06  -9.753209e-07  -3.388185e-03  +1.783726e-06  -8.896708e-07  -1.121564e-02  
-5.898109e-08  -2.046289e-07  +2.197743e-07  +2.611609e-06  +1.336481e-05  +1.002414e-06  +1.231165e-05  +7.483677e-06  -5.927658e-06  +3.581874e-05  -3.763108e-06  +2.233057e-07  -7.304536e-07  -9.621292e-04  -6.335290e-06  +4.832996e-07  +6.250207e-04  -3.703544e-07  +3.575804e-07  +2.404880e-03  +8.122116e-07  +6.605380e-07  +3.390413e-03  
+6.738658e-07  -8.556896e-08  -2.713424e-07  -7.840354e-06  +1.002414e-06  +5.668297e-06  +1.464907e-05  +3.232886e-06  -1.099709e-05  +7.142652e-05  +6.371975e-06  +7.526535e-07  -6.628409e-07  -1.203412e-03  -2.821693e-06  +1.395994e-06  +2.299008e-03  +1.905119e-07  +3.991001e-07  +5.430013e-03  +2.927306e-07  -2.675179e-07  +5.474344e-03  
+2.129467e-06  -4.440341e-07  -6.993561e-06  -5.565558e-06  +1.231165e-05  +1.464907e-05  +7.812392e-05  +5.557840e-05  -4.367590e-05  +2.679315e-04  +3.036298e-06  +1.764585e-06  -2.599419e-06  -5.847387e-03  -2.007376e-05  +4.700986e-06  +9.234935e-03  +1.397466e-07  +2.288746e-06  +2.424006e-02  +2.219862e-06  +5.414678e-07  +2.379813e-02  
-1.506072e-07  -1.066587e-06  -2.556059e-05  +7.037124e-05  +7.483677e-06  +3.232886e-06  +5.557840e-05  +1.957443e-04  -1.626404e-05  +8.529003e-05  -5.880662e-05  -4.390847e-06  +2.159326e-06  -1.927018e-03  -1.182547e-06  +6.216017e-07  +1.080377e-02  -7.424313e-07  -5.967115e-07  +2.462036e-02  +1.764686e-06  +4.699913e-07  +9.852545e-03  
-1.846715e-06  +3.363673e-07  +2.684783e-06  +2.826840e-05  -5.927658e-06  -1.099709e-05  -4.367590e-05  -1.626404e-05  +3.208508e-05  -2.075414e-04  -3.628977e-06  -1.879650e-06  +1.676951e-06  +2.107373e-03  +1.348624e-05  -3.897690e-06  -7.256470e-03  -8.810339e-07  -1.355384e-06  -1.612611e-02  -1.183704e-06  -5.472390e-07  -1.595908e-02  
+1.040647e-05  -1.716284e-06  -2.111251e-05  -2.103907e-04  +3.581874e-05  +7.142652e-05  +2.679315e-04  +8.529003e-05  -2.075414e-04  +1.394863e-03  -1.587199e-05  +1.242944e-05  -1.007390e-05  -8.141550e-03  -8.703865e-05  +2.682591e-05  +5.232657e-02  +7.421454e-06  +7.969096e-06  +1.090356e-01  +7.668590e-06  +4.743084e-06  +1.032164e-01  
+1.182012e-06  +1.510992e-06  +2.783912e-05  -5.873061e-05  -3.763108e-06  +6.371975e-06  +3.036298e-06  -5.880662e-05  -3.628977e-06  -1.587199e-05  +1.713233e-04  +3.255282e-06  -1.584460e-06  -7.979399e-03  -3.094511e-06  -6.925182e-07  -1.438190e-02  -1.584880e-06  +2.477989e-06  -1.766027e-02  -1.496596e-06  -3.459965e-06  +5.004315e-04  
+1.005831e-07  +3.701276e-09  +1.222210e-06  -4.562748e-06  +2.233057e-07  +7.526535e-07  +1.764585e-06  -4.390847e-06  -1.879650e-06  +1.242944e-05  +3.255282e-06  +6.950199e-07  -2.111714e-07  -5.814015e-04  -1.149847e-06  +6.550828e-08  +3.543075e-05  +1.374573e-08  +2.150521e-07  +6.282940e-04  +9.479496e-08  +2.275312e-07  +1.309373e-03  
-4.866740e-08  +3.107452e-08  -8.241500e-07  +8.637573e-07  -7.304536e-07  -6.628409e-07  -2.599419e-06  +2.159326e-06  +1.676951e-06  -1.007390e-05  -1.584460e-06  -2.111714e-07  +1.133309e-06  +7.297565e-04  +1.254436e-06  -1.368516e-07  +9.067931e-05  +3.023216e-07  -1.113916e-07  -3.575754e-05  +1.431161e-07  +2.921003e-08  -1.011259e-03  
-2.042551e-04  +1.048691e-05  -2.045291e-03  -3.165146e-03  -9.621292e-04  -1.203412e-03  -5.847387e-03  -1.927018e-03  +2.107373e-03  -8.141550e-03  -7.979399e-03  -5.814015e-04  +7.297565e-04  +2.679508e+00  +1.045569e-03  +3.383590e-04  +4.530778e-01  +4.849077e-04  -2.685601e-04  -5.862929e-01  -2.625924e-05  -1.775662e-04  -2.035982e+00  
-3.741582e-07  +8.030011e-08  -9.971935e-07  +1.693796e-05  -6.335290e-06  -2.821693e-06  -2.007376e-05  -1.182547e-06  +1.348624e-05  -8.703865e-05  -3.094511e-06  -1.149847e-06  +1.254436e-06  +1.045569e-03  +1.132946e-05  -1.542178e-06  -1.879893e-03  +1.398145e-08  -8.687393e-07  -5.527461e-03  -4.685164e-07  -9.964408e-07  -7.370046e-03  
+1.956505e-07  -4.338735e-08  -9.809143e-07  -3.227525e-06  +4.832996e-07  +1.395994e-06  +4.700986e-06  +6.216017e-07  -3.897690e-06  +2.682591e-05  -6.925182e-07  +6.550828e-08  -1.368516e-07  +3.383590e-04  -1.542178e-06  +1.083084e-06  +1.058321e-03  +1.328089e-07  +1.879375e-07  +1.899150e-03  +2.445457e-07  -1.936827e-07  +1.663246e-03  
+4.023249e-04  -1.541390e-04  -3.564915e-03  -9.027429e-04  +6.250207e-04  +2.299008e-03  +9.234935e-03  +1.080377e-02  -7.256470e-03  +5.232657e-02  -1.438190e-02  +3.543075e-05  +9.067931e-05  +4.530778e-01  -1.879893e-03  +1.058321e-03  +4.020440e+00  +5.218305e-04  -1.185685e-04  +6.194269e+00  +3.863177e-04  +4.315958e-04  +3.526278e+00  
+5.637499e-08  -1.567874e-08  -5.271046e-07  -3.669863e-06  -3.703544e-07  +1.905119e-07  +1.397466e-07  -7.424313e-07  -8.810339e-07  +7.421454e-06  -1.584880e-06  +1.374573e-08  +3.023216e-07  +4.849077e-04  +1.398145e-08  +1.328089e-07  +5.218305e-04  +6.023133e-07  -1.866204e-08  +8.028263e-04  +1.089838e-07  +6.574583e-08  +2.266075e-04  
+3.048559e-08  -6.407323e-08  +4.299637e-07  -9.753209e-07  +3.575804e-07  +3.991001e-07  +2.288746e-06  -5.967115e-07  -1.355384e-06  +7.969096e-06  +2.477989e-06  +2.150521e-07  -1.113916e-07  -2.685601e-04  -8.687393e-07  +1.879375e-07  -1.185685e-04  -1.866204e-08  +5.185614e-07  +2.120637e-04  +1.368631e-07  -3.980467e-08  +6.680759e-04  
+6.889535e-04  -3.023023e-04  -6.101717e-03  -3.388185e-03  +2.404880e-03  +5.430013e-03  +2.424006e-02  +2.462036e-02  -1.612611e-02  +1.090356e-01  -1.766027e-02  +6.282940e-04  -3.575754e-05  -5.862929e-01  -5.527461e-03  +1.899150e-03  +6.194269e+00  +8.028263e-04  +2.120637e-04  +1.323831e+01  +1.247180e-03  +8.242375e-04  +9.142465e+00  
+4.888633e-09  -1.258626e-08  -1.150305e-06  +1.783726e-06  +8.122116e-07  +2.927306e-07  +2.219862e-06  +1.764686e-06  -1.183704e-06  +7.668590e-06  -1.496596e-06  +9.479496e-08  +1.431161e-07  -2.625924e-05  -4.685164e-07  +2.445457e-07  +3.863177e-04  +1.089838e-07  +1.368631e-07  +1.247180e-03  +7.309736e-07  -1.249022e-07  +8.822317e-04  
-3.113546e-08  -6.662838e-08  +5.914636e-07  -8.896708e-07  +6.605380e-07  -2.675179e-07  +5.414678e-07  +4.699913e-07  -5.472390e-07  +4.743084e-06  -3.459965e-06  +2.275312e-07  +2.921003e-08  -1.775662e-04  -9.964408e-07  -1.936827e-07  +4.315958e-04  +6.574583e-08  -3.980467e-08  +8.242375e-04  -1.249022e-07  +9.075246e-07  +5.462324e-04  
+7.337301e-04  -1.324182e-04  -1.116976e-03  -1.121564e-02  +3.390413e-03  +5.474344e-03  +2.379813e-02  +9.852545e-03  -1.595908e-02  +1.032164e-01  +5.004315e-04  +1.309373e-03  -1.011259e-03  -2.035982e+00  -7.370046e-03  +1.663246e-03  +3.526278e+00  +2.266075e-04  +6.680759e-04  +9.142465e+00  +8.822317e-04  +5.462324e-04  +9.498902e+00  
