mean:
+3.915640e+00  +3.902664e+00  +6.621695e-01  -1.119079e+00  +1.734838e+00  +5.974990e-01  +9.065631e-01  +2.061882e+00  +1.468623e-01  +2.037990e+00  +4.709339e+00  +1.905509e+00  +3.007508e+00  +8.045709e+02  +4.959824e+00  +4.480095e+00  +2.003979e+03  
covariance:
+1.880168e-05  -2.376832e-06  +6.355810e-06  +2.122761e-05  +3.885424e-05  -2.617523e-06  -7.237745e-06  -9.815329e-06  -1.522196e-06  +4.447420e-05  -2.195900e-04  +6.512239e-07  -4.016915e-08  +1.010617e-03  -2.094946e-07  +4.718285e-08  +4.333705e-03  
-2.376832e-06  +8.597469e-06  +1.264528e-05  +5.178322e-05  +5.379147e-05  -1.212019e-06  -1.326842e-05  +2.415165e-06  -3.334904e-06  +7.423598e-05  -3.331146e-04  +1.660732e-07  +4.067025e-07  +9.541888e-04  -3.347846e-07  -1.482800e-07  +4.931295e-03  
+6.355810e-06  +1.264528e-05  +6.385784e-05  +1.123142e-04  +1.880644e-04  -4.296068e-06  -2.656450e-05  +1.675589e-05  -8.075587e-06  +1.739725e-04  -7.482099e-04  +1.536955e-06  +1.054808e-06  +6.807849e-03  -8.423992e-07  +4.552343e-08  +1.001196e-02  
+2.122761e-05  +5.178322e-05  +1.123142e-04  +5.909014e-04  +5.492217e-04  -1.762450e-05  -1.246505e-04  -2.794339e-05  -2.888523e-05  +6.729320e-04  -2.995474e-03  +3.345187e-06  +5.241500e-06  +1.459648e-02  -2.500394e-06  -3.570009e-07  +6.033131e-02  
+3.885424e-05  +5.379147e-05  +1.880644e-04  +5.492217e-04  +7.566435e-04  -2.197571e-05  -1.382986e-04  -6.923730e-06  -3.279241e-05  +7.727098e-04  -3.459453e-03  +6.050239e-06  +4.996163e-06  +2.179037e-02  -3.212201e-06  -4.877423e-07  +5.971220e-02  
-2.617523e-06  -1.212019e-06  -4.296068e-06  -1.762450e-05  -2.197571e-05  +1.800452e-06  +4.362613e-06  +4.035358e-06  +8.189789e-07  -2.357115e-05  +1.153507e-04  -1.962560e-07  -1.753959e-07  -3.871696e-04  +1.401514e-07  -5.981709e-08  -3.026657e-03  
-7.237745e-06  -1.326842e-05  -2.656450e-05  -1.246505e-04  -1.382986e-04  +4.362613e-06  +4.299528e-05  +9.084294e-06  +5.641976e-06  -1.759131e-04  +8.265581e-04  -1.134179e-06  -1.088802e-06  -2.559681e-03  +4.638503e-07  +1.877361e-07  -1.311908e-02  
-9.815329e-06  +2.415165e-06  +1.675589e-05  -2.794339e-05  -6.923730e-06  +4.035358e-06  +9.084294e-06  +9.815621e-05  -2.054397e-06  -2.123386e-06  +1.083270e-04  +1.100372e-06  -9.069020e-07  +6.599739e-04  +1.783577e-07  -1.247225e-08  -1.394969e-02  
-1.522196e-06  -3.334904e-06  -8.075587e-06  -2.888523e-05  -3.279241e-05  +8.189789e-07  +5.641976e-06  -2.054397e-06  +2.823707e-06  -4.590393e-05  +1.822949e-04  -1.938858e-07  -3.239910e-07  -8.190527e-04  +1.872815e-07  +1.578930e-08  -2.909776e-03  
+4.447420e-05  +7.423598e-05  +1.739725e-04  +6.729320e-04  +7.727098e-04  -2.357115e-05  -1.759131e-04  -2.123386e-06  -4.590393e-05  +1.024804e-03  -4.505016e-03  +5.324333e-06  +6.047103e-06  +1.664330e-02  -4.048056e-06  -9.097267e-07  +7.176080e-02  
-2.195900e-04  -3.331146e-04  -7.482099e-04  -2.995474e-03  -3.459453e-03  +1.153507e-04  +8.265581e-04  +1.083270e-04  +1.822949e-04  -4.505016e-03  +2.083097e-02  -2.413373e-05  -2.158894e-05  -6.771171e-02  +1.874722e-05  +6.312409e-06  -3.357181e-01  
+6.512239e-07  +1.660732e-07  +1.536955e-06  +3.345187e-06  +6.050239e-06  -1.962560e-07  -1.134179e-06  +1.100372e-06  -1.938858e-07  +5.324333e-06  -2.413373e-05  +3.188734e-07  +4.495754e-08  +1.885013e-04  -1.246756e-08  +3.029250e-08  +1.592737e-04  
-4.016915e-08  +4.067025e-07  +1.054808e-06  +5.241500e-06  +4.996163e-06  -1.753959e-07  -1.088802e-06  -9.069020e-07  -3.239910e-07  +6.047103e-06  -2.158894e-05  +4.495754e-08  +2.897142e-07  +1.460376e-04  -9.430206e-09  +4.285658e-08  +5.895831e-04  
+1.010617e-03  +9.541888e-04  +6.807849e-03  +1.459648e-02  +2.179037e-02  -3.871696e-04  -2.559681e-03  +6.599739e-04  -8.190527e-04  +1.664330e-02  -6.771171e-02  +1.885013e-04  +1.460376e-04  +1.216728e+00  -3.407008e-05  -1.434841e-05  +1.348734e+00  
-2.094946e-07  -3.347846e-07  -8.423992e-07  -2.500394e-06  -3.212201e-06  +1.401514e-07  +4.638503e-07  +1.783577e-07  +1.872815e-07  -4.048056e-06  +1.874722e-05  -1.246756e-08  -9.430206e-09  -3.407008e-05  +1.251249e-07  +7.724631e-09  -3.566209e-04  
+4.718285e-08  -1.482800e-07  +4.552343e-08  -3.570009e-07  -4.877423e-07  -5.981709e-08  +1.877361e-07  -1.247225e-08  +1.578930e-08  -9.097267e-07  +6.312409e-06  +3.029250e-08  +4.285658e-08  -1.434841e-05  +7.724631e-09  +1.356788e-07  -1.207111e-04  
+4.333705e-03  +4.931295e-03  +1.001196e-02  +6.033131e-02  +5.971220e-02  -3.026657e-03  -1.311908e-02  -1.394969e-02  -2.909776e-03  +7.176080e-02  -3.357181e-01  +1.592737e-04  +5.895831e-04  +1.348734e+00  -3.566209e-04  -1.207111e-04  +1.053879e+01  
