mean:
+3.967582e+00  +3.991692e+00  +8.615514e-01  +1.327630e+00  +1.219086e+00  +4.077238e-01  +8.188616e-01  +1.316640e+00  +1.769387e-01  +1.963049e+00  +5.690265e+00  +3.612255e+00  +2.919956e+00  +2.152782e+02  +4.294516e+00  +5.128616e+00  +2.938689e+02  +5.235583e+00  +3.830227e+00  +3.357971e+02  +2.800548e+00  +4.480374e+00  +4.007130e+02  
covariance:
+2.192142e-06  +8.154921e-07  +4.027324e-07  +9.696505e-06  +1.935286e-06  +5.140100e-06  -7.265621e-06  -9.663512e-06  -3.975356e-06  +4.431620e-05  -1.446558e-04  +1.276624e-07  +4.090626e-07  +3.635838e-03  -5.572725e-07  +4.939432e-07  +8.506442e-03  +1.192794e-07  -4.397456e-07  +7.738799e-03  +2.986754e-07  +1.732371e-07  +7.616136e-03  
+8.154921e-07  +3.690706e-06  -2.193045e-07  +7.212704e-06  +1.002328e-06  +2.216772e-06  -3.307593e-06  -7.173209e-06  -2.911867e-06  +2.693277e-05  -7.484459e-05  +9.097372e-08  +4.276061e-07  +1.923467e-03  -1.859389e-07  +2.011795e-07  +4.310720e-03  +6.284725e-08  -3.158836e-07  +4.567639e-03  +2.537630e-07  -8.556215e-08  +3.575164e-03  
+4.027324e-07  -2.193045e-07  +2.283472e-05  +1.216817e-05  +4.613382e-06  +6.505146e-06  -7.427301e-06  +5.639694e-06  +6.728397e-06  -2.336636e-05  -1.108507e-04  +2.276771e-06  -9.172370e-07  +3.271546e-03  -8.362709e-07  +4.343670e-07  +3.690823e-03  +1.121547e-07  -1.156198e-06  +5.666762e-03  -4.098923e-07  +1.214570e-06  +8.533540e-03  
+9.696505e-06  +7.212704e-06  +1.216817e-05  +1.845170e-04  +2.115040e-05  +3.879937e-05  -6.266567e-05  -1.240581e-04  -3.082079e-05  +3.533460e-04  -1.189311e-03  +1.747801e-06  +4.010102e-06  +3.631505e-02  -2.828726e-06  +1.910618e-06  +6.694722e-02  -1.538286e-06  -2.638461e-06  +7.338441e-02  +2.561381e-06  +2.215142e-06  +6.677436e-02  
+1.935286e-06  +1.002328e-06  +4.613382e-06  +2.115040e-05  +8.632604e-06  +1.221094e-05  -1.375791e-05  -1.194285e-05  -2.339601e-06  +5.383965e-05  -2.788557e-04  +8.084731e-07  +9.785057e-07  +7.137508e-03  -3.900013e-07  +4.282160e-07  +1.458823e-02  -9.019111e-08  -8.511824e-07  +1.446143e-02  +7.446375e-07  +8.717174e-09  +1.430778e-02  
+5.140100e-06  +2.216772e-06  +6.505146e-06  +3.879937e-05  +1.221094e-05  +3.498649e-05  -3.469513e-05  -2.288680e-05  -3.712601e-06  +1.220979e-04  -7.204331e-04  +1.297422e-06  +2.398627e-06  +1.680358e-02  -2.304744e-07  +1.531332e-06  +3.506183e-02  +1.414682e-06  -2.667770e-06  +3.339048e-02  +1.067141e-06  +2.959233e-09  +3.581864e-02  
-7.265621e-06  -3.307593e-06  -7.427301e-06  -6.266567e-05  -1.375791e-05  -3.469513e-05  +5.437004e-05  +5.063219e-05  +1.688222e-05  -2.443590e-04  +9.288053e-04  -1.655651e-06  -2.443435e-06  -2.425040e-02  +3.579717e-06  -3.393622e-06  -5.321210e-02  -1.004706e-06  +2.703789e-06  -5.090589e-02  -1.500994e-06  -1.409425e-06  -5.063082e-02  
-9.663512e-06  -7.173209e-06  +5.639694e-06  -1.240581e-04  -1.194285e-05  -2.288680e-05  +5.063219e-05  +2.154675e-04  +4.654965e-05  -4.211268e-04  +9.330724e-04  +2.079560e-06  -7.939500e-06  -3.062777e-02  +8.283885e-06  -1.627379e-06  -6.290928e-02  -3.174202e-07  +2.739273e-06  -6.863876e-02  -2.389070e-06  -4.030405e-06  -5.083512e-02  
-3.975356e-06  -2.911867e-06  +6.728397e-06  -3.082079e-05  -2.339601e-06  -3.712601e-06  +1.688222e-05  +4.654965e-05  +2.993059e-05  -2.328397e-04  +3.690147e-04  +8.324335e-07  -1.670744e-06  -9.344905e-03  +3.797591e-06  -1.420488e-06  -3.012960e-02  +8.621708e-08  +4.138845e-07  -2.345976e-02  -1.386106e-06  -6.679645e-07  -1.927405e-02  
+4.431620e-05  +2.693277e-05  -2.336636e-05  +3.533460e-04  +5.383965e-05  +1.220979e-04  -2.443590e-04  -4.211268e-04  -2.328397e-04  +2.125798e-03  -4.872366e-03  -1.010234e-06  +1.817956e-05  +1.225970e-01  -3.242663e-05  +1.756514e-05  +3.335635e-01  +2.403041e-06  -1.015061e-05  +2.816735e-01  +1.290690e-05  +6.847756e-06  +2.558868e-01  
-1.446558e-04  -7.484459e-05  -1.108507e-04  -1.189311e-03  -2.788557e-04  -7.204331e-04  +9.288053e-04  +9.330724e-04  +3.690147e-04  -4.872366e-03  +1.857137e-02  -2.607447e-05  -6.226603e-05  -4.552686e-01  +4.768758e-05  -5.241926e-05  -1.032508e+00  -1.980555e-05  +5.712340e-05  -9.575312e-01  -3.337415e-05  -1.323869e-05  -9.483272e-01  
+1.276624e-07  +9.097372e-08  +2.276771e-06  +1.747801e-06  +8.084731e-07  +1.297422e-06  -1.655651e-06  +2.079560e-06  +8.324335e-07  -1.010234e-06  -2.607447e-05  +9.496934e-07  +8.849296e-09  +6.850390e-04  -1.695191e-07  +1.826044e-07  +1.345677e-03  -6.044188e-08  -1.589735e-07  +1.409831e-03  +4.980631e-08  -7.398403e-09  +1.194561e-03  
+4.090626e-07  +4.276061e-07  -9.172370e-07  +4.010102e-06  +9.785057e-07  +2.398627e-06  -2.443435e-06  -7.939500e-06  -1.670744e-06  +1.817956e-05  -6.226603e-05  +8.849296e-09  +1.574727e-06  +1.298967e-03  -4.196250e-07  -3.254033e-08  +3.089271e-03  +1.690434e-07  -2.118450e-07  +3.762896e-03  +1.624176e-07  -1.549921e-07  +1.702802e-03  
+3.635838e-03  +1.923467e-03  +3.271546e-03  +3.631505e-02  +7.137508e-03  +1.680358e-02  -2.425040e-02  -3.062777e-02  -9.344905e-03  +1.225970e-01  -4.552686e-01  +6.850390e-04  +1.298967e-03  +1.291240e+01  -1.092000e-03  +1.437921e-03  +2.585556e+01  +1.683221e-04  -1.280894e-03  +2.548109e+01  +9.245031e-04  +8.435837e-04  +2.498916e+01  
-5.572725e-07  -1.859389e-07  -8.362709e-07  -2.828726e-06  -3.900013e-07  -2.304744e-07  +3.579717e-06  +8.283885e-06  +3.797591e-06  -3.242663e-05  +4.768758e-05  -1.695191e-07  -4.196250e-07  -1.092000e-03  +1.807289e-06  -3.252535e-07  -4.654201e-03  -5.608407e-08  +2.124705e-07  -3.709796e-03  -1.008053e-07  -1.610463e-07  -3.033022e-03  
+4.939432e-07  +2.011795e-07  +4.343670e-07  +1.910618e-06  +4.282160e-07  +1.531332e-06  -3.393622e-06  -1.627379e-06  -1.420488e-06  +1.756514e-05  -5.241926e-05  +1.826044e-07  -3.254033e-08  +1.437921e-03  -3.252535e-07  +1.032323e-06  +3.543628e-03  +1.402658e-07  -2.140385e-07  +2.967101e-03  -3.331569e-08  +1.428133e-07  +3.240541e-03  
+8.506442e-03  +4.310720e-03  +3.690823e-03  +6.694722e-02  +1.458823e-02  +3.506183e-02  -5.321210e-02  -6.290928e-02  -3.012960e-02  +3.335635e-01  -1.032508e+00  +1.345677e-03  +3.089271e-03  +2.585556e+01  -4.654201e-03  +3.543628e-03  +6.447895e+01  +6.973592e-04  -2.766864e-03  +5.626679e+01  +2.363197e-03  +1.044615e-03  +5.496550e+01  
+1.192794e-07  +6.284725e-08  +1.121547e-07  -1.538286e-06  -9.019111e-08  +1.414682e-06  -1.004706e-06  -3.174202e-07  +8.621708e-08  +2.403041e-06  -1.980555e-05  -6.044188e-08  +1.690434e-07  +1.683221e-04  -5.608407e-08  +1.402658e-07  +6.973592e-04  +7.462080e-07  -2.389486e-07  +7.618416e-04  -6.783192e-08  +1.161080e-07  +6.721581e-04  
-4.397456e-07  -3.158836e-07  -1.156198e-06  -2.638461e-06  -8.511824e-07  -2.667770e-06  +2.703789e-06  +2.739273e-06  +4.138845e-07  -1.015061e-05  +5.712340e-05  -1.589735e-07  -2.118450e-07  -1.280894e-03  +2.124705e-07  -2.140385e-07  -2.766864e-03  -2.389486e-07  +7.197629e-07  -2.734978e-03  -1.565207e-08  -7.136971e-08  -2.764635e-03  
+7.738799e-03  +4.567639e-03  +5.666762e-03  +7.338441e-02  +1.446143e-02  +3.339048e-02  -5.090589e-02  -6.863876e-02  -2.345976e-02  +2.816735e-01  -9.575312e-01  +1.409831e-03  +3.762896e-03  +2.548109e+01  -3.709796e-03  +2.967101e-03  +5.626679e+01  +7.618416e-04  -2.734978e-03  +5.568037e+01  +2.117144e-03  +1.240976e-03  +5.041500e+01  
+2.986754e-07  +2.537630e-07  -4.098923e-07  +2.561381e-06  +7.446375e-07  +1.067141e-06  -1.500994e-06  -2.389070e-06  -1.386106e-06  +1.290690e-05  -3.337415e-05  +4.980631e-08  +1.624176e-07  +9.245031e-04  -1.008053e-07  -3.331569e-08  +2.363197e-03  -6.783192e-08  -1.565207e-08  +2.117144e-03  +5.079019e-07  -6.272934e-08  +1.842074e-03  
+1.732371e-07  -8.556215e-08  +1.214570e-06  +2.215142e-06  +8.717174e-09  +2.959233e-09  -1.409425e-06  -4.030405e-06  -6.679645e-07  +6.847756e-06  -1.323869e-05  -7.398403e-09  -1.549921e-07  +8.435837e-04  -1.610463e-07  +1.428133e-07  +1.044615e-03  +1.161080e-07  -7.136971e-08  +1.240976e-03  -6.272934e-08  +8.888778e-07  +1.746977e-03  
+7.616136e-03  +3.575164e-03  +8.533540e-03  +6.677436e-02  +1.430778e-02  +3.581864e-02  -5.063082e-02  -5.083512e-02  -1.927405e-02  +2.558868e-01  -9.483272e-01  +1.194561e-03  +1.702802e-03  +2.498916e+01  -3.033022e-03  +3.240541e-03  +5.496550e+01  +6.721581e-04  -2.764635e-03  +5.041500e+01  +1.842074e-03  +1.746977e-03  +5.397496e+01  
