mean:
+3.978209e+00  +4.009229e+00  +8.417078e-01  +1.335427e+00  +1.244052e+00  +6.041488e-01  +8.176803e-01  +1.399145e+00  +1.704656e-01  +1.900964e+00  +5.823994e+00  +3.594787e+00  +2.901118e+00  +2.079924e+02  +4.310470e+00  +5.178259e+00  +2.870552e+02  +5.217683e+00  +3.910471e+00  +3.322994e+02  +2.879695e+00  +4.559545e+00  +3.967974e+02  
covariance:
+2.065993e-06  +6.103930e-07  +1.488189e-06  +7.996793e-06  -2.472845e-07  +4.209858e-06  +3.349298e-07  +5.306013e-06  -3.745606e-06  +2.719102e-05  -8.331520e-05  -3.273237e-07  -4.872904e-07  +1.431843e-03  +1.164884e-07  -4.843984e-08  +3.190886e-03  +4.994355e-08  -1.971766e-07  +3.269216e-03  -1.851648e-07  +3.977004e-08  +2.073069e-03  
+6.103930e-07  +3.173427e-06  -7.680106e-07  -2.008178e-06  -3.272629e-08  -1.105197e-06  -4.167389e-07  -5.182352e-06  +4.526934e-07  -3.620529e-06  +2.507571e-05  +3.212764e-07  +2.145127e-07  -2.458250e-05  -8.028691e-08  +5.056701e-08  -7.461198e-04  +1.369268e-07  -1.827579e-07  -7.359206e-04  +2.698324e-07  -9.528102e-08  -4.826908e-04  
+1.488189e-06  -7.680106e-07  +1.838936e-05  +1.777209e-05  -4.331641e-06  +4.757566e-06  +1.700941e-06  +2.112229e-05  -9.597145e-06  +6.124027e-05  -5.373676e-05  -2.505705e-07  -1.892683e-06  -1.043074e-03  -3.385675e-07  +8.285793e-07  +8.855544e-03  -4.450842e-07  +5.879441e-07  +6.540601e-03  -1.168181e-06  +1.912460e-07  +4.978265e-03  
+7.996793e-06  -2.008178e-06  +1.777209e-05  +1.918400e-04  -5.521150e-06  +2.651260e-05  +3.824643e-06  +8.500420e-05  -3.519318e-05  +2.457107e-04  -4.927894e-04  -5.216354e-06  -9.177041e-06  +5.711926e-03  +2.516907e-06  -1.499953e-07  +2.728616e-02  -9.254940e-07  +1.940695e-06  +3.510610e-02  -1.833168e-06  +1.644903e-06  +2.027851e-02  
-2.472845e-07  -3.272629e-08  -4.331641e-06  -5.521150e-06  +3.509895e-06  -1.753246e-07  -1.165981e-07  -5.237620e-06  +2.222801e-06  -1.251521e-05  -4.141598e-06  +4.375939e-09  +6.509061e-07  +6.016825e-04  -9.547109e-08  -3.755665e-07  -1.848612e-03  +8.243015e-08  -1.594287e-07  -1.301715e-03  +3.674644e-07  -5.620779e-08  -1.129354e-03  
+4.209858e-06  -1.105197e-06  +4.757566e-06  +2.651260e-05  -1.753246e-07  +1.692814e-05  +2.515962e-06  +2.859744e-05  -9.484372e-06  +7.754492e-05  -3.296820e-04  -1.278010e-06  -1.427440e-06  +4.960783e-03  +9.021068e-07  -2.753537e-07  +9.582743e-03  +2.592235e-07  -1.158363e-07  +1.074442e-02  -9.525849e-07  +6.014795e-08  +7.294994e-03  
+3.349298e-07  -4.167389e-07  +1.700941e-06  +3.824643e-06  -1.165981e-07  +2.515962e-06  +7.768348e-06  +5.841245e-06  -1.962556e-06  +6.070408e-06  -3.140280e-05  -3.147887e-07  +5.890453e-07  -2.884380e-04  +2.550754e-07  +4.176577e-07  +1.030755e-03  +2.730877e-07  +2.572270e-07  +8.531579e-04  +2.977414e-07  -5.642598e-07  +5.265156e-04  
+5.306013e-06  -5.182352e-06  +2.112229e-05  +8.500420e-05  -5.237620e-06  +2.859744e-05  +5.841245e-06  +1.897840e-04  -1.239766e-05  +1.078426e-04  -5.612736e-04  -4.503473e-06  -4.888225e-06  +5.260258e-03  +2.712771e-06  +1.694009e-06  +1.842706e-02  +5.219147e-08  +2.461041e-06  +2.817269e-02  -2.892873e-06  -2.546193e-07  +1.718082e-02  
-3.745606e-06  +4.526934e-07  -9.597145e-06  -3.519318e-05  +2.222801e-06  -9.484372e-06  -1.962556e-06  -1.239766e-05  +1.749475e-05  -1.139513e-04  +1.627988e-04  +1.328950e-06  +2.644015e-06  -2.542574e-03  +3.591903e-07  -3.150369e-07  -1.269371e-02  +1.572354e-07  +3.237901e-07  -1.156693e-02  +7.037240e-07  +5.195297e-08  -6.796676e-03  
+2.719102e-05  -3.620529e-06  +6.124027e-05  +2.457107e-04  -1.251521e-05  +7.754492e-05  +6.070408e-06  +1.078426e-04  -1.139513e-04  +7.888973e-04  -1.417692e-03  -9.540830e-06  -1.831992e-05  +2.276291e-02  -1.114161e-06  +1.257148e-06  +8.845578e-02  -9.781508e-07  -2.686697e-06  +8.411055e-02  -5.900254e-06  +4.745436e-07  +5.040420e-02  
-8.331520e-05  +2.507571e-05  -5.373676e-05  -4.927894e-04  -4.141598e-06  -3.296820e-04  -3.140280e-05  -5.612736e-04  +1.627988e-04  -1.417692e-03  +6.847247e-03  +2.948049e-05  +2.233614e-05  -1.064994e-01  -2.113785e-05  +8.360582e-06  -1.764994e-01  -3.090448e-06  +5.777427e-06  -2.076973e-01  +1.950583e-05  -4.613972e-06  -1.372198e-01  
-3.273237e-07  +3.212764e-07  -2.505705e-07  -5.216354e-06  +4.375939e-09  -1.278010e-06  -3.147887e-07  -4.503473e-06  +1.328950e-06  -9.540830e-06  +2.948049e-05  +8.556203e-07  +1.762139e-07  -4.438825e-04  -1.650154e-07  +7.579582e-08  -1.058583e-03  -2.539117e-08  -1.320947e-07  -1.344872e-03  +1.106932e-07  -1.794286e-07  -7.324218e-04  
-4.872904e-07  +2.145127e-07  -1.892683e-06  -9.177041e-06  +6.509061e-07  -1.427440e-06  +5.890453e-07  -4.888225e-06  +2.644015e-06  -1.831992e-05  +2.233614e-05  +1.762139e-07  +1.487425e-06  -6.959620e-05  -3.277901e-08  +1.507590e-08  -2.402072e-03  +1.347636e-07  -1.278027e-07  -2.012572e-03  +1.963172e-07  -1.318644e-07  -1.502768e-03  
+1.431843e-03  -2.458250e-05  -1.043074e-03  +5.711926e-03  +6.016825e-04  +4.960783e-03  -2.884380e-04  +5.260258e-03  -2.542574e-03  +2.276291e-02  -1.064994e-01  -4.438825e-04  -6.959620e-05  +2.641439e+00  +1.766509e-04  -2.517674e-04  +2.143317e+00  +6.507432e-05  -3.176872e-04  +3.172158e+00  -7.446618e-05  +1.638426e-04  +1.787792e+00  
+1.164884e-07  -8.028691e-08  -3.385675e-07  +2.516907e-06  -9.547109e-08  +9.021068e-07  +2.550754e-07  +2.712771e-06  +3.591903e-07  -1.114161e-06  -2.113785e-05  -1.650154e-07  -3.277901e-08  +1.766509e-04  +6.849795e-07  +9.964694e-08  -1.766799e-04  +2.395380e-07  +7.074263e-08  +1.852083e-04  -2.226592e-08  +1.532948e-07  +1.527055e-04  
-4.843984e-08  +5.056701e-08  +8.285793e-07  -1.499953e-07  -3.755665e-07  -2.753537e-07  +4.176577e-07  +1.694009e-06  -3.150369e-07  +1.257148e-06  +8.360582e-06  +7.579582e-08  +1.507590e-08  -2.517674e-04  +9.964694e-08  +6.207959e-07  -2.146870e-05  +3.087836e-08  +1.719823e-08  +6.443518e-05  -1.064690e-07  +1.082767e-08  -8.104019e-05  
+3.190886e-03  -7.461198e-04  +8.855544e-03  +2.728616e-02  -1.848612e-03  +9.582743e-03  +1.030755e-03  +1.842706e-02  -1.269371e-02  +8.845578e-02  -1.764994e-01  -1.058583e-03  -2.402072e-03  +2.143317e+00  -1.766799e-04  -2.146870e-05  +1.149731e+01  -3.680386e-04  -3.553494e-04  +9.912124e+00  -8.137719e-04  -9.562594e-05  +6.624056e+00  
+4.994355e-08  +1.369268e-07  -4.450842e-07  -9.254940e-07  +8.243015e-08  +2.592235e-07  +2.730877e-07  +5.219147e-08  +1.572354e-07  -9.781508e-07  -3.090448e-06  -2.539117e-08  +1.347636e-07  +6.507432e-05  +2.395380e-07  +3.087836e-08  -3.680386e-04  +6.125844e-07  +9.418056e-08  -1.821050e-04  +8.557369e-08  -5.318382e-08  -2.705213e-04  
-1.971766e-07  -1.827579e-07  +5.879441e-07  +1.940695e-06  -1.594287e-07  -1.158363e-07  +2.572270e-07  +2.461041e-06  +3.237901e-07  -2.686697e-06  +5.777427e-06  -1.320947e-07  -1.278027e-07  -3.176872e-04  +7.074263e-08  +1.719823e-08  -3.553494e-04  +9.418056e-08  +5.977771e-07  -2.322290e-05  -1.517175e-07  +1.951019e-08  -7.081105e-05  
+3.269216e-03  -7.359206e-04  +6.540601e-03  +3.510610e-02  -1.301715e-03  +1.074442e-02  +8.531579e-04  +2.817269e-02  -1.156693e-02  +8.411055e-02  -2.076973e-01  -1.344872e-03  -2.012572e-03  +3.172158e+00  +1.852083e-04  +6.443518e-05  +9.912124e+00  -1.821050e-04  -2.322290e-05  +1.181147e+01  -8.689043e-04  +3.814840e-05  +6.611056e+00  
-1.851648e-07  +2.698324e-07  -1.168181e-06  -1.833168e-06  +3.674644e-07  -9.525849e-07  +2.977414e-07  -2.892873e-06  +7.037240e-07  -5.900254e-06  +1.950583e-05  +1.106932e-07  +1.963172e-07  -7.446618e-05  -2.226592e-08  -1.064690e-07  -8.137719e-04  +8.557369e-08  -1.517175e-07  -8.689043e-04  +4.982181e-07  -6.754134e-08  -6.048000e-04  
+3.977004e-08  -9.528102e-08  +1.912460e-07  +1.644903e-06  -5.620779e-08  +6.014795e-08  -5.642598e-07  -2.546193e-07  +5.195297e-08  +4.745436e-07  -4.613972e-06  -1.794286e-07  -1.318644e-07  +1.638426e-04  +1.532948e-07  +1.082767e-08  -9.562594e-05  -5.318382e-08  +1.951019e-08  +3.814840e-05  -6.754134e-08  +6.669506e-07  -1.790133e-04  
+2.073069e-03  -4.826908e-04  +4.978265e-03  +2.027851e-02  -1.129354e-03  +7.294994e-03  +5.265156e-04  +1.718082e-02  -6.796676e-03  +5.040420e-02  -1.372198e-01  -7.324218e-04  -1.502768e-03  +1.787792e+00  +1.527055e-04  -8.104019e-05  +6.624056e+00  -2.705213e-04  -7.081105e-05  +6.611056e+00  -6.048000e-04  -1.790133e-04  +5.224699e+00  
