mean:
+3.925439e+00  +3.905307e+00  +6.290760e-01  -1.201717e+00  +1.579435e+00  +6.064394e-01  +9.261037e-01  +2.052078e+00  +1.413394e-01  +1.985414e+00  +4.816164e+00  +1.905907e+00  +3.007638e+00  +8.015415e+02  +4.960113e+00  +4.480034e+00  +2.008407e+03  
covariance:
+1.930725e-05  +4.510217e-06  +9.200141e-08  +3.009495e-05  -3.847451e-05  -2.962210e-06  +1.284813e-06  +1.028676e-05  +1.297211e-06  -2.090090e-05  +5.905065e-05  +1.754625e-07  -6.758505e-07  +2.747454e-03  +2.422205e-07  +4.142744e-07  -6.653268e-03  
+4.510217e-06  +6.610510e-06  +2.707497e-06  +7.312475e-06  +4.185258e-07  -6.251091e-07  +7.080141e-06  -4.874581e-05  -2.347493e-06  +3.154370e-05  -1.263758e-04  +4.107091e-07  +4.742832e-08  -1.858688e-03  +4.823928e-08  -2.761743e-08  +5.724810e-03  
+9.200141e-08  +2.707497e-06  +5.716390e-05  +2.310251e-05  +1.449154e-04  -5.548014e-06  -2.642921e-05  -3.929936e-05  +6.809945e-07  +6.121976e-05  -2.060864e-04  -4.369626e-07  +1.304648e-06  +4.503662e-03  -2.987131e-07  +3.217885e-07  +2.436473e-02  
+3.009495e-05  +7.312475e-06  +2.310251e-05  +7.018011e-04  -7.024669e-04  -1.608809e-05  +1.855081e-04  -1.445318e-04  -9.299462e-06  -1.163354e-04  +1.438115e-04  -1.176526e-06  -4.075612e-07  +3.353486e-02  +1.446653e-06  +9.691810e-07  -9.876421e-02  
-3.847451e-05  +4.185258e-07  +1.449154e-04  -7.024669e-04  +2.087296e-03  -5.019057e-07  -4.123070e-04  +2.875046e-04  +1.576270e-05  +3.739333e-04  -6.625989e-04  -2.238042e-06  +1.078916e-05  -4.759839e-02  -2.609224e-06  +9.523337e-07  +2.400407e-01  
-2.962210e-06  -6.251091e-07  -5.548014e-06  -1.608809e-05  -5.019057e-07  +9.571373e-06  +1.217603e-05  +2.443718e-05  -8.152423e-07  +4.579951e-06  -5.702307e-05  +4.226207e-08  -5.367314e-07  -3.085209e-03  -1.959532e-08  +6.767275e-08  +4.485425e-04  
+1.284813e-06  +7.080141e-06  -2.642921e-05  +1.855081e-04  -4.123070e-04  +1.217603e-05  +1.608425e-04  -2.159309e-04  -1.571838e-05  +5.716676e-05  -4.536871e-04  +8.978470e-07  -2.653295e-06  +1.854722e-03  +1.975437e-07  -4.189336e-07  -2.341274e-02  
+1.028676e-05  -4.874581e-05  -3.929936e-05  -1.445318e-04  +2.875046e-04  +2.443718e-05  -2.159309e-04  +1.619989e-03  +5.193682e-05  -7.669471e-04  +3.020371e-03  -7.509287e-06  -7.522365e-06  +5.242237e-02  +9.285316e-07  +3.369681e-06  -1.251716e-01  
+1.297211e-06  -2.347493e-06  +6.809945e-07  -9.299462e-06  +1.576270e-05  -8.152423e-07  -1.571838e-05  +5.193682e-05  +4.344924e-06  -3.568103e-05  +1.260704e-04  -2.071880e-07  -1.370349e-07  +2.049653e-03  +6.527966e-08  +2.244533e-07  -4.406710e-03  
-2.090090e-05  +3.154370e-05  +6.121976e-05  -1.163354e-04  +3.739333e-04  +4.579951e-06  +5.716676e-05  -7.669471e-04  -3.568103e-05  +6.423746e-04  -2.231138e-03  +3.590487e-06  +5.387931e-06  -4.354532e-02  -1.568049e-06  -2.121040e-06  +1.349190e-01  
+5.905065e-05  -1.263758e-04  -2.060864e-04  +1.438115e-04  -6.625989e-04  -5.702307e-05  -4.536871e-04  +3.020371e-03  +1.260704e-04  -2.231138e-03  +9.127714e-03  -1.572162e-05  -9.942686e-06  +1.570179e-01  +3.470638e-06  +3.886067e-06  -4.450344e-01  
+1.754625e-07  +4.107091e-07  -4.369626e-07  -1.176526e-06  -2.238042e-06  +4.226207e-08  +8.978470e-07  -7.509287e-06  -2.071880e-07  +3.590487e-06  -1.572162e-05  +6.415584e-07  -4.444694e-08  -7.513736e-04  +2.039756e-08  +4.125315e-08  +1.009562e-03  
-6.758505e-07  +4.742832e-08  +1.304648e-06  -4.075612e-07  +1.078916e-05  -5.367314e-07  -2.653295e-06  -7.522365e-06  -1.370349e-07  +5.387931e-06  -9.942686e-06  -4.444694e-08  +6.395717e-07  -3.741939e-04  +1.514188e-08  -5.449216e-08  +1.214286e-03  
+2.747454e-03  -1.858688e-03  +4.503662e-03  +3.353486e-02  -4.759839e-02  -3.085209e-03  +1.854722e-03  +5.242237e-02  +2.049653e-03  -4.354532e-02  +1.570179e-01  -7.513736e-04  -3.741939e-04  +1.120673e+01  +1.149760e-04  +1.458257e-04  -1.420067e+01  
+2.422205e-07  +4.823928e-08  -2.987131e-07  +1.446653e-06  -2.609224e-06  -1.959532e-08  +1.975437e-07  +9.285316e-07  +6.527966e-08  -1.568049e-06  +3.470638e-06  +2.039756e-08  +1.514188e-08  +1.149760e-04  +1.937554e-07  +3.630705e-08  -6.121246e-04  
+4.142744e-07  -2.761743e-08  +3.217885e-07  +9.691810e-07  +9.523337e-07  +6.767275e-08  -4.189336e-07  +3.369681e-06  +2.244533e-07  -2.121040e-06  +3.886067e-06  +4.125315e-08  -5.449216e-08  +1.458257e-04  +3.630705e-08  +3.539740e-07  -5.328360e-04  
-6.653268e-03  +5.724810e-03  +2.436473e-02  -9.876421e-02  +2.400407e-01  +4.485425e-04  -2.341274e-02  -1.251716e-01  -4.406710e-03  +1.349190e-01  -4.450344e-01  +1.009562e-03  +1.214286e-03  -1.420067e+01  -6.121246e-04  -5.328360e-04  +6.646207e+01  
