mean:
+3.968142e+00  +4.003903e+00  +6.108158e-01  +2.004933e+00  +1.295399e+00  +6.017577e-01  +8.188466e-01  +2.202139e+00  +3.806895e-02  +3.869742e+00  +5.929993e+00  +4.624450e+00  +3.191715e+00  +3.290442e+02  +2.670306e+00  +3.677558e+00  +4.569796e+02  +4.720473e+00  +4.880035e+00  +8.025514e+02  +3.939022e+00  +5.173255e+00  +4.373079e+02  
covariance:
+2.251700e-06  -7.988530e-07  +2.192242e-06  +3.812258e-06  +8.647226e-07  +4.213159e-07  +1.303206e-06  -2.380681e-06  -7.976842e-08  +2.551806e-06  -5.989781e-06  -5.973622e-08  -1.506694e-07  +2.396544e-04  +1.287920e-07  -8.277983e-08  +2.433567e-04  -1.230699e-07  +2.514920e-08  +1.524930e-04  +1.981678e-07  -8.493783e-09  +6.714858e-04  
-7.988530e-07  +4.972344e-06  +6.064226e-07  -2.141347e-07  -2.602277e-06  +2.207721e-07  +2.731345e-07  +7.587826e-07  -1.194859e-08  +4.344217e-07  -1.603041e-06  -2.450414e-08  -2.454283e-07  -7.948286e-06  +1.098553e-08  -1.151215e-07  +4.703500e-04  +3.243320e-08  -1.066046e-07  -2.768447e-04  -1.240223e-07  +6.166345e-08  +9.449028e-05  
+2.192242e-06  +6.064226e-07  +3.542430e-05  +6.447998e-05  +9.854910e-07  +6.635610e-06  +8.405450e-06  -1.707245e-05  -2.472367e-07  +2.357130e-05  -1.236322e-04  -1.234083e-06  -2.032766e-06  +4.745381e-03  +1.627151e-06  +4.433238e-07  +4.149252e-03  -7.111597e-07  -5.734219e-07  +5.670831e-03  +1.084261e-06  -9.512585e-07  +5.714241e-03  
+3.812258e-06  -2.141347e-07  +6.447998e-05  +3.900094e-04  +5.985974e-05  +1.283865e-05  +5.990352e-05  +9.832633e-06  -3.238883e-06  +1.658824e-04  -4.716652e-04  -3.723889e-06  -7.989470e-07  +2.474102e-02  +1.416284e-06  +1.213926e-05  +3.886357e-02  -1.212125e-06  -1.807059e-06  +4.266007e-02  +4.021350e-06  -8.802694e-07  +4.348765e-02  
+8.647226e-07  -2.602277e-06  +9.854910e-07  +5.985974e-05  +3.784401e-05  -5.037018e-07  +1.375661e-05  +8.164557e-06  -8.160891e-07  +3.588085e-05  -5.781541e-05  -1.382929e-07  +8.486166e-07  +3.462780e-03  +8.876654e-07  +3.163047e-06  +8.152101e-03  -3.818167e-07  +3.314482e-07  +8.952968e-03  +5.260977e-07  -2.732953e-07  +1.072678e-02  
+4.213159e-07  +2.207721e-07  +6.635610e-06  +1.283865e-05  -5.037018e-07  +1.647435e-06  +1.714625e-06  -3.796496e-06  -4.575792e-08  +4.593722e-06  -2.567141e-05  -2.618249e-07  -3.803092e-07  +1.058729e-03  +2.040059e-07  -5.613934e-08  +6.278011e-04  -1.527948e-07  -1.303857e-07  +1.126994e-03  +3.077401e-07  -8.290754e-08  +9.639845e-04  
+1.303206e-06  +2.731345e-07  +8.405450e-06  +5.990352e-05  +1.375661e-05  +1.714625e-06  +1.885246e-05  +6.358011e-06  -1.137112e-06  +3.996548e-05  -5.882746e-05  -4.485065e-07  -5.488752e-07  +3.455889e-03  +2.537718e-07  +2.146383e-06  +8.345791e-03  -3.107766e-07  -2.753695e-07  +6.545914e-03  +4.346217e-07  +5.497229e-08  +1.120697e-02  
-2.380681e-06  +7.587826e-07  -1.707245e-05  +9.832633e-06  +8.164557e-06  -3.796496e-06  +6.358011e-06  +6.620466e-05  -6.212555e-07  +2.069473e-05  -3.357961e-07  +4.824552e-07  -2.007693e-06  +9.243272e-04  -8.374856e-07  +2.842723e-06  +7.126570e-03  -4.507872e-07  -1.184081e-06  +5.384903e-03  -1.776859e-06  +8.230840e-07  +6.488912e-03  
-7.976842e-08  -1.194859e-08  -2.472367e-07  -3.238883e-06  -8.160891e-07  -4.575792e-08  -1.137112e-06  -6.212555e-07  +9.686300e-08  -2.498117e-06  +2.531985e-06  +2.077758e-08  +3.598728e-08  -1.747542e-04  -1.799450e-08  -1.372583e-07  -5.209156e-04  +1.277134e-08  +2.085758e-08  -3.681146e-04  -1.391483e-08  -1.210786e-08  -6.878807e-04  
+2.551806e-06  +4.344217e-07  +2.357130e-05  +1.658824e-04  +3.588085e-05  +4.593722e-06  +3.996548e-05  +2.069473e-05  -2.498117e-06  +1.030471e-04  -1.883426e-04  -1.262546e-06  -1.586782e-06  +1.040773e-02  +1.104304e-06  +6.203631e-06  +2.168758e-02  -1.161938e-06  -1.024259e-06  +1.988256e-02  +1.283829e-06  +5.866414e-08  +2.691380e-02  
-5.989781e-06  -1.603041e-06  -1.236322e-04  -4.716652e-04  -5.781541e-05  -2.567141e-05  -5.882746e-05  -3.357961e-07  +2.531985e-06  -1.883426e-04  +7.884255e-04  +4.815448e-06  +6.666071e-06  -3.523661e-02  -3.120568e-06  -1.209881e-05  -4.165181e-02  +3.460665e-06  +3.405855e-06  -5.789221e-02  -6.293499e-06  +2.265512e-06  -4.639723e-02  
-5.973622e-08  -2.450414e-08  -1.234083e-06  -3.723889e-06  -1.382929e-07  -2.618249e-07  -4.485065e-07  +4.824552e-07  +2.077758e-08  -1.262546e-06  +4.815448e-06  +2.579087e-07  +4.598375e-08  -2.695800e-04  -8.560847e-09  -1.246379e-07  -3.866742e-04  -2.271218e-08  +1.928221e-08  -3.086481e-04  -4.400202e-08  +7.929717e-08  -3.585382e-04  
-1.506694e-07  -2.454283e-07  -2.032766e-06  -7.989470e-07  +8.486166e-07  -3.803092e-07  -5.488752e-07  -2.007693e-06  +3.598728e-08  -1.586782e-06  +6.666071e-06  +4.598375e-08  +6.120521e-07  -1.703283e-04  -1.101208e-07  +8.157176e-08  -3.511735e-04  +6.413149e-08  +1.202828e-07  -3.320964e-04  +1.239183e-08  +6.948194e-08  -4.722233e-04  
+2.396544e-04  -7.948286e-06  +4.745381e-03  +2.474102e-02  +3.462780e-03  +1.058729e-03  +3.455889e-03  +9.243272e-04  -1.747542e-04  +1.040773e-02  -3.523661e-02  -2.695800e-04  -1.703283e-04  +1.935804e+00  +7.357258e-05  +6.890695e-04  +2.297687e+00  -1.462062e-04  -1.286655e-04  +2.853011e+00  +4.369831e-04  -2.031988e-05  +2.514164e+00  
+1.287920e-07  +1.098553e-08  +1.627151e-06  +1.416284e-06  +8.876654e-07  +2.040059e-07  +2.537718e-07  -8.374856e-07  -1.799450e-08  +1.104304e-06  -3.120568e-06  -8.560847e-09  -1.101208e-07  +7.357258e-05  +4.107396e-07  +3.208672e-08  +1.989778e-04  -9.110011e-08  +1.114563e-08  +9.677361e-05  +9.073436e-08  -7.919974e-08  +3.334882e-04  
-8.277983e-08  -1.151215e-07  +4.433238e-07  +1.213926e-05  +3.163047e-06  -5.613934e-08  +2.146383e-06  +2.842723e-06  -1.372583e-07  +6.203631e-06  -1.209881e-05  -1.246379e-07  +8.157176e-08  +6.890695e-04  +3.208672e-08  +9.409741e-07  +1.551246e-03  +1.032320e-09  -7.124897e-08  +1.759704e-03  -3.816717e-08  -4.442872e-08  +1.820481e-03  
+2.433567e-04  +4.703500e-04  +4.149252e-03  +3.886357e-02  +8.152101e-03  +6.278011e-04  +8.345791e-03  +7.126570e-03  -5.209156e-04  +2.168758e-02  -4.165181e-02  -3.866742e-04  -3.511735e-04  +2.297687e+00  +1.989778e-04  +1.551246e-03  +5.816310e+00  -1.491797e-04  -1.975953e-04  +4.685980e+00  +2.120623e-04  -2.004320e-04  +6.226667e+00  
-1.230699e-07  +3.243320e-08  -7.111597e-07  -1.212125e-06  -3.818167e-07  -1.527948e-07  -3.107766e-07  -4.507872e-07  +1.277134e-08  -1.161938e-06  +3.460665e-06  -2.271218e-08  +6.413149e-08  -1.462062e-04  -9.110011e-08  +1.032320e-09  -1.491797e-04  +2.175119e-07  +2.094196e-08  -1.803230e-04  +4.871881e-09  -7.316621e-09  -3.097274e-04  
+2.514920e-08  -1.066046e-07  -5.734219e-07  -1.807059e-06  +3.314482e-07  -1.303857e-07  -2.753695e-07  -1.184081e-06  +2.085758e-08  -1.024259e-06  +3.405855e-06  +1.928221e-08  +1.202828e-07  -1.286655e-04  +1.114563e-08  -7.124897e-08  -1.975953e-04  +2.094196e-08  +2.032935e-07  -2.366185e-04  +7.848626e-08  -2.264702e-08  -2.115103e-04  
+1.524930e-04  -2.768447e-04  +5.670831e-03  +4.266007e-02  +8.952968e-03  +1.126994e-03  +6.545914e-03  +5.384903e-03  -3.681146e-04  +1.988256e-02  -5.789221e-02  -3.086481e-04  -3.320964e-04  +2.853011e+00  +9.677361e-05  +1.759704e-03  +4.685980e+00  -1.803230e-04  -2.366185e-04  +6.153466e+00  +3.089780e-04  -1.799280e-04  +5.468901e+00  
+1.981678e-07  -1.240223e-07  +1.084261e-06  +4.021350e-06  +5.260977e-07  +3.077401e-07  +4.346217e-07  -1.776859e-06  -1.391483e-08  +1.283829e-06  -6.293499e-06  -4.400202e-08  +1.239183e-08  +4.369831e-04  +9.073436e-08  -3.816717e-08  +2.120623e-04  +4.871881e-09  +7.848626e-08  +3.089780e-04  +4.926817e-07  +2.499864e-09  +1.215996e-04  
-8.493783e-09  +6.166345e-08  -9.512585e-07  -8.802694e-07  -2.732953e-07  -8.290754e-08  +5.497229e-08  +8.230840e-07  -1.210786e-08  +5.866414e-08  +2.265512e-06  +7.929717e-08  +6.948194e-08  -2.031988e-05  -7.919974e-08  -4.442872e-08  -2.004320e-04  -7.316621e-09  -2.264702e-08  -1.799280e-04  +2.499864e-09  +2.376877e-07  -1.594643e-04  
+6.714858e-04  +9.449028e-05  +5.714241e-03  +4.348765e-02  +1.072678e-02  +9.639845e-04  +1.120697e-02  +6.488912e-03  -6.878807e-04  +2.691380e-02  -4.639723e-02  -3.585382e-04  -4.722233e-04  +2.514164e+00  +3.334882e-04  +1.820481e-03  +6.226667e+00  -3.097274e-04  -2.115103e-04  +5.468901e+00  +1.215996e-04  -1.594643e-04  +8.075782e+00  
