mean:
+3.990205e+00  +3.956612e+00  +5.940567e-01  +2.030433e+00  +1.217257e+00  +4.021449e-01  +8.294944e-01  +2.226642e+00  +4.056253e-02  +3.865018e+00  +5.848225e+00  +4.477655e+00  +3.301877e+00  +3.251184e+02  +2.492870e+00  +3.691309e+00  +4.573470e+02  +4.639799e+00  +4.959915e+00  +8.010114e+02  +3.992216e+00  +5.121797e+00  +4.363900e+02  
covariance:
+2.051654e-05  -4.630401e-06  +2.423318e-06  +1.056735e-05  -2.947787e-05  -9.468194e-07  -2.056022e-05  -2.245783e-05  +1.228910e-06  -2.175043e-05  +1.054404e-04  +6.914386e-07  +2.489648e-06  +3.725450e-04  -2.253363e-07  -3.641819e-06  -7.744160e-03  -2.748338e-07  +3.482436e-08  -3.256463e-03  +6.468555e-06  -1.875036e-07  -5.720526e-03  
-4.630401e-06  +3.922078e-06  -1.869493e-06  -4.728348e-07  +8.902961e-06  -2.021994e-07  +5.413278e-06  +1.086476e-05  -2.868027e-07  +5.335241e-06  -2.494304e-05  -2.957397e-07  -6.248286e-07  +2.270549e-06  -9.031204e-08  +1.155657e-06  +1.847699e-03  +3.619373e-07  +1.276736e-07  +4.041935e-04  -1.985856e-06  +7.680473e-08  +1.496295e-03  
+2.423318e-06  -1.869493e-06  +6.804623e-06  -1.610006e-06  -2.570218e-06  +1.509700e-06  +5.773563e-07  -1.742579e-05  +5.470118e-08  -2.271147e-06  +9.259852e-06  +4.038806e-07  -6.232641e-07  -1.525503e-04  +1.784683e-07  -9.031961e-07  +1.098978e-03  -5.784565e-07  +4.759482e-08  +3.910787e-04  +1.451927e-06  +5.952579e-07  +5.717651e-04  
+1.056735e-05  -4.728348e-07  -1.610006e-06  +6.977622e-05  -2.918169e-05  -2.825419e-06  -3.071474e-05  -1.423746e-05  +1.735012e-06  -1.373091e-05  +6.972376e-07  -6.355676e-07  +4.558703e-06  +4.524769e-03  -2.812767e-07  -2.808972e-06  -5.410814e-03  +2.141784e-06  +4.135353e-07  +6.857289e-03  +6.004286e-06  +1.033538e-07  -6.202952e-03  
-2.947787e-05  +8.902961e-06  -2.570218e-06  -2.918169e-05  +2.077894e-04  +7.847835e-06  +1.224338e-04  -7.661797e-06  -4.812402e-06  +9.309865e-05  -5.288534e-04  -2.171258e-06  -1.060007e-05  +2.175015e-03  +6.669526e-07  +1.494023e-05  +5.029439e-02  +2.616004e-06  +6.669176e-08  +2.473558e-02  -1.987167e-05  +1.423700e-07  +4.069732e-02  
-9.468194e-07  -2.021994e-07  +1.509700e-06  -2.825419e-06  +7.847835e-06  +1.389242e-06  +6.795389e-06  -4.864544e-06  -2.804471e-07  +6.211385e-06  -2.801099e-05  +1.308373e-07  -8.948360e-07  +2.074591e-04  +1.972272e-07  +3.838959e-07  +2.924393e-03  -3.023093e-07  +2.019416e-09  +1.414910e-03  -7.167695e-07  +1.544063e-07  +2.531057e-03  
-2.056022e-05  +5.413278e-06  +5.773563e-07  -3.071474e-05  +1.224338e-04  +6.795389e-06  +9.575255e-05  +7.872600e-06  -4.051485e-06  +8.279901e-05  -3.969343e-04  -4.994662e-07  -9.885376e-06  +1.223237e-03  +1.906070e-06  +1.131337e-05  +3.748732e-02  +5.467767e-08  +1.508904e-07  +1.521826e-02  -1.489758e-05  +7.945930e-07  +3.010868e-02  
-2.245783e-05  +1.086476e-05  -1.742579e-05  -1.423746e-05  -7.661797e-06  -4.864544e-06  +7.872600e-06  +1.418245e-04  -1.551034e-06  +2.366664e-05  +1.786653e-05  -1.450177e-06  -1.806473e-06  -2.619453e-03  +1.424992e-06  +6.212131e-06  -5.677409e-03  +3.515035e-07  +3.843404e-07  -1.260532e-02  -8.490648e-06  -2.308892e-06  -2.825973e-03  
+1.228910e-06  -2.868027e-07  +5.470118e-08  +1.735012e-06  -4.812402e-06  -2.804471e-07  -4.051485e-06  -1.551034e-06  +2.166758e-07  -3.708705e-06  +1.560934e-05  +2.552351e-08  +4.497205e-07  +1.124127e-05  -1.107931e-07  -5.177734e-07  -1.471163e-03  +2.915265e-08  +2.137802e-09  -4.526199e-04  +7.209487e-07  -1.930666e-08  -1.197187e-03  
-2.175043e-05  +5.335241e-06  -2.271147e-06  -1.373091e-05  +9.309865e-05  +6.211385e-06  +8.279901e-05  +2.366664e-05  -3.708705e-06  +1.086446e-04  -5.144531e-04  -3.228677e-07  -8.894693e-06  +3.892924e-03  +3.153940e-06  +1.115919e-05  +3.653335e-02  -9.900620e-07  -4.897455e-07  +2.205714e-02  -1.458591e-05  +9.922203e-07  +2.759419e-02  
+1.054404e-04  -2.494304e-05  +9.259852e-06  +6.972376e-07  -5.288534e-04  -2.801099e-05  -3.969343e-04  +1.786653e-05  +1.560934e-05  -5.144531e-04  +3.109321e-03  +1.884604e-06  +3.831173e-05  -2.893703e-02  -8.973169e-06  -5.429682e-05  -2.030662e-01  -8.461651e-08  +3.953259e-06  -1.639652e-01  +7.437478e-05  -7.746802e-06  -1.433103e-01  
+6.914386e-07  -2.957397e-07  +4.038806e-07  -6.355676e-07  -2.171258e-06  +1.308373e-07  -4.994662e-07  -1.450177e-06  +2.552351e-08  -3.228677e-07  +1.884604e-06  +3.756872e-07  -6.181614e-08  -8.030403e-05  +4.832136e-08  -2.159554e-07  -1.687486e-04  -2.113638e-07  -4.605822e-08  -4.026475e-05  +2.412947e-07  +8.686854e-08  -1.956590e-04  
+2.489648e-06  -6.248286e-07  -6.232641e-07  +4.558703e-06  -1.060007e-05  -8.948360e-07  -9.885376e-06  -1.806473e-06  +4.497205e-07  -8.894693e-06  +3.831173e-05  -6.181614e-08  +1.412828e-06  -1.395571e-05  -2.558856e-07  -1.100379e-06  -3.656965e-03  +2.175638e-07  -2.208897e-08  -1.124606e-03  +1.619323e-06  -2.532622e-07  -3.021428e-03  
+3.725450e-04  +2.270549e-06  -1.525503e-04  +4.524769e-03  +2.175015e-03  +2.074591e-04  +1.223237e-03  -2.619453e-03  +1.124127e-05  +3.892924e-03  -2.893703e-02  -8.030403e-05  -1.395571e-05  +1.102984e+00  -3.716088e-05  +1.862756e-04  +1.459026e+00  +1.412900e-04  +1.087780e-05  +2.265851e+00  -7.302015e-05  +1.340721e-05  +9.681145e-01  
-2.253363e-07  -9.031204e-08  +1.784683e-07  -2.812767e-07  +6.669526e-07  +1.972272e-07  +1.906070e-06  +1.424992e-06  -1.107931e-07  +3.153940e-06  -8.973169e-06  +4.832136e-08  -2.558856e-07  -3.716088e-05  +3.834959e-07  +2.517102e-07  +6.692593e-04  -1.803279e-07  -4.174612e-08  +1.069422e-04  -2.093615e-07  +5.510741e-09  +5.423583e-04  
-3.641819e-06  +1.155657e-06  -9.031961e-07  -2.808972e-06  +1.494023e-05  +3.838959e-07  +1.131337e-05  +6.212131e-06  -5.177734e-07  +1.115919e-05  -5.429682e-05  -2.159554e-07  -1.100379e-06  +1.862756e-04  +2.517102e-07  +1.812622e-06  +4.421429e-03  +1.614656e-07  -8.160295e-09  +1.995916e-03  -2.204741e-06  -1.508640e-08  +3.398900e-03  
-7.744160e-03  +1.847699e-03  +1.098978e-03  -5.410814e-03  +5.029439e-02  +2.924393e-03  +3.748732e-02  -5.677409e-03  -1.471163e-03  +3.653335e-02  -2.030662e-01  -1.687486e-04  -3.656965e-03  +1.459026e+00  +6.692593e-04  +4.421429e-03  +1.733241e+01  +2.557940e-04  -2.948166e-05  +9.910785e+00  -5.739330e-03  +6.179112e-04  +1.286765e+01  
-2.748338e-07  +3.619373e-07  -5.784565e-07  +2.141784e-06  +2.616004e-06  -3.023093e-07  +5.467767e-08  +3.515035e-07  +2.915265e-08  -9.900620e-07  -8.461651e-08  -2.113638e-07  +2.175638e-07  +1.412900e-04  -1.803279e-07  +1.614656e-07  +2.557940e-04  +4.991228e-07  +6.221362e-08  +2.943971e-04  -5.812416e-08  -9.214333e-08  +1.070745e-04  
+3.482436e-08  +1.276736e-07  +4.759482e-08  +4.135353e-07  +6.669176e-08  +2.019416e-09  +1.508904e-07  +3.843404e-07  +2.137802e-09  -4.897455e-07  +3.953259e-06  -4.605822e-08  -2.208897e-08  +1.087780e-05  -4.174612e-08  -8.160295e-09  -2.948166e-05  +6.221362e-08  +1.563382e-07  -2.458838e-04  +5.452149e-08  -2.020691e-08  +4.894483e-05  
-3.256463e-03  +4.041935e-04  +3.910787e-04  +6.857289e-03  +2.473558e-02  +1.414910e-03  +1.521826e-02  -1.260532e-02  -4.526199e-04  +2.205714e-02  -1.639652e-01  -4.026475e-05  -1.124606e-03  +2.265851e+00  +1.069422e-04  +1.995916e-03  +9.910785e+00  +2.943971e-04  -2.458838e-04  +1.107014e+01  -2.590838e-03  +4.198218e-04  +6.487313e+00  
+6.468555e-06  -1.985856e-06  +1.451927e-06  +6.004286e-06  -1.987167e-05  -7.167695e-07  -1.489758e-05  -8.490648e-06  +7.209487e-07  -1.458591e-05  +7.437478e-05  +2.412947e-07  +1.619323e-06  -7.302015e-05  -2.093615e-07  -2.204741e-06  -5.739330e-03  -5.812416e-08  +5.452149e-08  -2.590838e-03  +3.583244e-06  -1.006955e-07  -4.525940e-03  
-1.875036e-07  +7.680473e-08  +5.952579e-07  +1.033538e-07  +1.423700e-07  +1.544063e-07  +7.945930e-07  -2.308892e-06  -1.930666e-08  +9.922203e-07  -7.746802e-06  +8.686854e-08  -2.532622e-07  +1.340721e-05  +5.510741e-09  -1.508640e-08  +6.179112e-04  -9.214333e-08  -2.020691e-08  +4.198218e-04  -1.006955e-07  +4.014352e-07  +3.233873e-04  
-5.720526e-03  +1.496295e-03  +5.717651e-04  -6.202952e-03  +4.069732e-02  +2.531057e-03  +3.010868e-02  -2.825973e-03  -1.197187e-03  +2.759419e-02  -1.433103e-01  -1.956590e-04  -3.021428e-03  +9.681145e-01  +5.423583e-04  +3.398900e-03  +1.286765e+01  +1.070745e-04  +4.894483e-05  +6.487313e+00  -4.525940e-03  +3.233873e-04  +1.046771e+01  
