mean:
+3.929140e+00  +3.909757e+00  +6.617542e-01  -1.200458e+00  +1.578345e+00  +6.154381e-01  +9.376038e-01  +2.100424e+00  +1.362488e-01  +2.052377e+00  +4.719752e+00  +1.905719e+00  +3.007332e+00  +8.017432e+02  +4.959919e+00  +4.479929e+00  +2.006034e+03  
covariance:
+1.535574e-05  +9.993685e-06  -7.140402e-06  +2.894013e-05  -2.469976e-05  -5.886090e-06  -7.912711e-06  -8.123079e-06  +1.935245e-06  -3.610350e-05  +1.532740e-04  -3.844042e-07  -2.594588e-08  +1.568223e-03  -2.885606e-07  -1.516978e-07  -2.893493e-03  
+9.993685e-06  +2.296692e-05  +1.863748e-05  -7.472830e-05  +1.340925e-04  +1.338595e-05  -9.778139e-06  -1.293975e-06  +1.509445e-06  +5.818781e-05  -4.037428e-04  +2.699103e-07  +1.399032e-07  -2.527347e-03  -1.136032e-07  -1.238438e-07  +8.965613e-03  
-7.140402e-06  +1.863748e-05  +1.610811e-04  -1.521807e-04  +3.306111e-04  +4.564307e-05  +3.011288e-05  +2.523069e-04  -1.032658e-05  +2.707717e-04  -1.218185e-03  +1.589453e-06  -8.525502e-07  -7.362120e-03  +8.960233e-07  -5.693208e-07  +5.899127e-02  
+2.894013e-05  -7.472830e-05  -1.521807e-04  +1.424133e-03  -1.995650e-03  -1.889481e-04  +1.480303e-04  +3.657719e-04  -2.068172e-05  -8.995286e-04  +5.484844e-03  +2.031130e-06  -2.271379e-06  +3.962183e-02  -2.985617e-06  +1.802406e-06  -8.334505e-02  
-2.469976e-05  +1.340925e-04  +3.306111e-04  -1.995650e-03  +4.421254e-03  +2.536532e-04  -6.275227e-04  -1.713891e-04  +1.137402e-04  +9.403134e-04  -8.351329e-03  -4.238876e-08  +1.422430e-05  -1.021958e-01  +2.961465e-06  -5.430484e-07  +2.629263e-01  
-5.886090e-06  +1.338595e-05  +4.564307e-05  -1.889481e-04  +2.536532e-04  +4.069505e-05  +1.552962e-05  -1.688233e-05  -4.073336e-06  +2.026809e-04  -1.036159e-03  +2.174471e-07  +1.230557e-07  -6.366390e-03  +5.918586e-07  -1.350113e-07  +1.880327e-02  
-7.912711e-06  -9.778139e-06  +3.011288e-05  +1.480303e-04  -6.275227e-04  +1.552962e-05  +2.405254e-04  +1.754126e-04  -4.548062e-05  +1.927584e-04  +1.206294e-04  +3.937106e-08  -5.240348e-06  +1.945448e-02  +6.858076e-07  +6.494995e-08  -2.655828e-02  
-8.123079e-06  -1.293975e-06  +2.523069e-04  +3.657719e-04  -1.713891e-04  -1.688233e-05  +1.754126e-04  +1.217576e-03  -3.629087e-05  +7.741146e-05  +5.658934e-04  +3.409272e-06  -3.315315e-06  +1.642656e-02  +3.900283e-07  +2.441555e-06  +8.096538e-02  
+1.935245e-06  +1.509445e-06  -1.032658e-05  -2.068172e-05  +1.137402e-04  -4.073336e-06  -4.548062e-05  -3.629087e-05  +1.041900e-05  -5.125380e-05  -1.358328e-06  +1.056495e-08  +9.589687e-07  -3.506880e-03  -1.803624e-07  +1.080663e-08  +3.020292e-03  
-3.610350e-05  +5.818781e-05  +2.707717e-04  -8.995286e-04  +9.403134e-04  +2.026809e-04  +1.927584e-04  +7.741146e-05  -5.125380e-05  +1.195365e-03  -5.079917e-03  +1.275991e-06  -1.602115e-06  -1.941153e-02  +3.304544e-06  -5.694759e-07  +8.988200e-02  
+1.532740e-04  -4.037428e-04  -1.218185e-03  +5.484844e-03  -8.351329e-03  -1.036159e-03  +1.206294e-04  +5.658934e-04  -1.358328e-06  -5.079917e-03  +2.918596e-02  -1.084007e-05  -1.439934e-05  +2.151652e-01  -1.175453e-05  +1.581984e-06  -5.837562e-01  
-3.844042e-07  +2.699103e-07  +1.589453e-06  +2.031130e-06  -4.238876e-08  +2.174471e-07  +3.937106e-08  +3.409272e-06  +1.056495e-08  +1.275991e-06  -1.084007e-05  +5.551373e-07  -2.489364e-08  -4.981876e-04  +1.645898e-09  +1.658437e-08  +1.225604e-03  
-2.594588e-08  +1.399032e-07  -8.525502e-07  -2.271379e-06  +1.422430e-05  +1.230557e-07  -5.240348e-06  -3.315315e-06  +9.589687e-07  -1.602115e-06  -1.439934e-05  -2.489364e-08  +6.320575e-07  -6.372100e-04  -5.131176e-08  +6.561191e-08  +7.922258e-04  
+1.568223e-03  -2.527347e-03  -7.362120e-03  +3.962183e-02  -1.021958e-01  -6.366390e-03  +1.945448e-02  +1.642656e-02  -3.506880e-03  -1.941153e-02  +2.151652e-01  -4.981876e-04  -6.372100e-04  +6.223967e+00  +8.092423e-06  -6.212388e-05  -9.154869e+00  
-2.885606e-07  -1.136032e-07  +8.960233e-07  -2.985617e-06  +2.961465e-06  +5.918586e-07  +6.858076e-07  +3.900283e-07  -1.803624e-07  +3.304544e-06  -1.175453e-05  +1.645898e-09  -5.131176e-08  +8.092423e-06  +2.161992e-07  -4.479881e-08  +3.704302e-04  
-1.516978e-07  -1.238438e-07  -5.693208e-07  +1.802406e-06  -5.430484e-07  -1.350113e-07  +6.494995e-08  +2.441555e-06  +1.080663e-08  -5.694759e-07  +1.581984e-06  +1.658437e-08  +6.561191e-08  -6.212388e-05  -4.479881e-08  +3.084662e-07  -8.703892e-05  
-2.893493e-03  +8.965613e-03  +5.899127e-02  -8.334505e-02  +2.629263e-01  +1.880327e-02  -2.655828e-02  +8.096538e-02  +3.020292e-03  +8.988200e-02  -5.837562e-01  +1.225604e-03  +7.922258e-04  -9.154869e+00  +3.704302e-04  -8.703892e-05  +3.783989e+01  
