mean:
+3.929423e+00  +3.908448e+00  +6.390460e-01  -1.206903e+00  +1.686175e+00  +6.112300e-01  +9.385021e-01  +2.084468e+00  +1.414345e-01  +2.010890e+00  +4.781994e+00  +1.904959e+00  +3.007434e+00  +8.106647e+02  +4.959872e+00  +4.480032e+00  +2.008199e+03  
covariance:
+2.066733e-05  +7.741320e-06  -3.483869e-06  -1.760524e-05  +8.656834e-07  -2.461429e-06  -4.243618e-06  -2.602800e-05  +6.110330e-07  -4.965282e-06  +2.379126e-05  -1.864043e-08  +3.412351e-07  -8.351794e-04  -2.279940e-07  -3.371774e-07  +4.097228e-04  
+7.741320e-06  +2.842989e-05  -4.551257e-06  -4.431881e-05  -1.823127e-05  -4.058757e-06  -1.831871e-05  -8.518846e-06  +6.356495e-07  -2.687088e-06  +1.593559e-05  +2.672455e-07  +4.343747e-07  -6.361331e-03  -2.560052e-07  -3.119474e-07  +2.571393e-03  
-3.483869e-06  -4.551257e-06  +4.300901e-05  +1.014204e-04  +4.753901e-06  -1.191582e-05  -3.342876e-05  +4.103341e-05  +3.242198e-06  -2.353372e-05  +1.367992e-04  +4.367887e-07  +1.136682e-06  +1.390935e-03  +1.986698e-07  -9.504601e-07  -8.394664e-03  
-1.760524e-05  -4.431881e-05  +1.014204e-04  +7.963308e-04  -1.103590e-04  -6.453836e-05  -1.251252e-04  +1.108632e-04  +3.099791e-05  -4.433554e-04  +1.513361e-03  +1.632332e-06  +2.525053e-06  +1.904415e-02  -8.674954e-07  +1.147960e-07  -1.045392e-01  
+8.656834e-07  -1.823127e-05  +4.753901e-06  -1.103590e-04  +2.168560e-04  +2.614453e-05  +6.418108e-05  -4.517039e-05  -8.083182e-06  +1.747726e-04  -8.380093e-04  +4.524623e-07  -2.017649e-06  +2.307507e-02  -2.049634e-07  -4.380381e-07  +4.389193e-02  
-2.461429e-06  -4.058757e-06  -1.191582e-05  -6.453836e-05  +2.614453e-05  +4.197659e-05  +2.939996e-05  +1.129667e-05  -1.081255e-05  +1.555603e-04  -4.233113e-04  -1.079408e-06  -1.525453e-06  +5.610057e-03  +3.283145e-07  +1.558686e-07  +8.105509e-03  
-4.243618e-06  -1.831871e-05  -3.342876e-05  -1.251252e-04  +6.418108e-05  +2.939996e-05  +1.205035e-04  -5.103228e-05  -1.299941e-05  +1.185973e-04  -6.200224e-04  -2.101272e-06  -2.617792e-06  +1.515949e-02  +2.571322e-07  +1.082475e-06  +3.648496e-02  
-2.602800e-05  -8.518846e-06  +4.103341e-05  +1.108632e-04  -4.517039e-05  +1.129667e-05  -5.103228e-05  +2.671459e-04  +1.834318e-07  +3.410895e-05  +6.910639e-05  +1.838436e-06  -9.620993e-07  -4.365268e-03  +6.586722e-07  -1.155908e-06  -2.621688e-02  
+6.110330e-07  +6.356495e-07  +3.242198e-06  +3.099791e-05  -8.083182e-06  -1.081255e-05  -1.299941e-05  +1.834318e-07  +4.940726e-06  -5.243929e-05  +1.311940e-04  +1.274706e-07  +2.747399e-07  -1.288392e-03  -1.088514e-07  -1.202910e-07  -5.925325e-03  
-4.965282e-06  -2.687088e-06  -2.353372e-05  -4.433554e-04  +1.747726e-04  +1.555603e-04  +1.185973e-04  +3.410895e-05  -5.243929e-05  +7.771069e-04  -2.052120e-03  -1.161416e-06  -4.977989e-06  +1.694625e-02  +9.218664e-07  -4.582047e-07  +7.927754e-02  
+2.379126e-05  +1.593559e-05  +1.367992e-04  +1.513361e-03  -8.380093e-04  -4.233113e-04  -6.200224e-04  +6.910639e-05  +1.311940e-04  -2.052120e-03  +7.844388e-03  +9.423117e-06  +3.088428e-05  -1.101163e-01  -2.074950e-06  +2.950091e-06  -3.342702e-01  
-1.864043e-08  +2.672455e-07  +4.367887e-07  +1.632332e-06  +4.524623e-07  -1.079408e-06  -2.101272e-06  +1.838436e-06  +1.274706e-07  -1.161416e-06  +9.423117e-06  +6.831722e-07  -5.124045e-08  -4.397841e-05  -2.526599e-08  -7.919014e-09  +5.729672e-05  
+3.412351e-07  +4.343747e-07  +1.136682e-06  +2.525053e-06  -2.017649e-06  -1.525453e-06  -2.617792e-06  -9.620993e-07  +2.747399e-07  -4.977989e-06  +3.088428e-05  -5.124045e-08  +8.062281e-07  -1.031640e-03  +2.745865e-08  +6.153538e-08  -5.903414e-04  
-8.351794e-04  -6.361331e-03  +1.390935e-03  +1.904415e-02  +2.307507e-02  +5.610057e-03  +1.515949e-02  -4.365268e-03  -1.288392e-03  +1.694625e-02  -1.101163e-01  -4.397841e-05  -1.031640e-03  +8.695793e+00  -2.923356e-05  -7.371601e-05  +3.902138e+00  
-2.279940e-07  -2.560052e-07  +1.986698e-07  -8.674954e-07  -2.049634e-07  +3.283145e-07  +2.571322e-07  +6.586722e-07  -1.088514e-07  +9.218664e-07  -2.074950e-06  -2.526599e-08  +2.745865e-08  -2.923356e-05  +3.058208e-07  -1.735292e-08  +2.973174e-04  
-3.371774e-07  -3.119474e-07  -9.504601e-07  +1.147960e-07  -4.380381e-07  +1.558686e-07  +1.082475e-06  -1.155908e-06  -1.202910e-07  -4.582047e-07  +2.950091e-06  -7.919014e-09  +6.153538e-08  -7.371601e-05  -1.735292e-08  +3.001604e-07  -3.239683e-05  
+4.097228e-04  +2.571393e-03  -8.394664e-03  -1.045392e-01  +4.389193e-02  +8.105509e-03  +3.648496e-02  -2.621688e-02  -5.925325e-03  +7.927754e-02  -3.342702e-01  +5.729672e-05  -5.903414e-04  +3.902138e+00  +2.973174e-04  -3.239683e-05  +3.440868e+01  
