mean:
+3.927672e+00  +3.905724e+00  +6.991157e-01  -1.204485e+00  +1.561953e+00  +6.009385e-01  +9.171949e-01  +2.003373e+00  +1.426156e-01  +1.977348e+00  +4.837870e+00  +1.906262e+00  +3.007239e+00  +7.999839e+02  +4.960129e+00  +4.479966e+00  +2.006414e+03  
covariance:
+1.873844e-05  +8.663971e-06  -1.360021e-05  -6.053476e-06  +2.478023e-05  -1.261198e-06  -4.787755e-06  +2.333453e-05  +7.998922e-07  -2.308761e-06  +9.661636e-06  +3.773391e-07  +9.330590e-07  -7.559901e-04  -6.692205e-08  +9.334428e-08  -5.784884e-03  
+8.663971e-06  +1.167324e-05  +1.112962e-05  -5.412038e-05  +4.154318e-05  -4.984339e-06  -6.144402e-06  -1.401743e-05  -5.311995e-07  +2.498698e-05  -1.113888e-04  +1.404181e-07  +7.762811e-07  -2.703655e-03  +8.530893e-08  -4.718691e-08  -6.565643e-03  
-1.360021e-05  +1.112962e-05  +6.744068e-04  -4.924013e-04  -2.692018e-04  -4.953672e-05  +1.137017e-04  -1.085179e-03  -2.130367e-05  +4.050497e-04  -2.032245e-03  -4.337668e-07  +5.915160e-07  -2.629262e-02  +1.648399e-06  +2.934453e-07  +4.698113e-02  
-6.053476e-06  -5.412038e-05  -4.924013e-04  +1.779491e-03  -1.008493e-03  +1.258919e-04  +1.764747e-04  +5.987267e-04  +7.734214e-06  -8.253219e-04  +3.476916e-03  +1.572361e-06  -1.154138e-05  +7.930704e-02  -1.128672e-06  -1.671929e-06  +1.287053e-01  
+2.478023e-05  +4.154318e-05  -2.692018e-04  -1.008493e-03  +1.576385e-03  -5.258284e-05  -2.921069e-04  +7.532240e-04  +1.635295e-05  +3.379533e-04  -9.885406e-04  -1.148738e-06  +8.946512e-06  -5.025037e-02  +2.664983e-07  +1.434992e-07  -1.865769e-01  
-1.261198e-06  -4.984339e-06  -4.953672e-05  +1.258919e-04  -5.258284e-05  +1.978244e-05  -3.117741e-07  +1.046527e-04  +4.061706e-07  -5.794602e-05  +3.354323e-04  +3.163894e-07  -1.235771e-06  +6.213802e-03  -2.526078e-07  -9.833831e-08  +9.116054e-04  
-4.787755e-06  -6.144402e-06  +1.137017e-04  +1.764747e-04  -2.921069e-04  -3.117741e-07  +1.124119e-04  -2.881865e-04  -5.568141e-06  -5.047551e-05  -8.316244e-05  +9.931028e-08  -2.739500e-06  +1.264918e-02  +4.723743e-07  -1.350346e-07  +3.832813e-02  
+2.333453e-05  -1.401743e-05  -1.085179e-03  +5.987267e-04  +7.532240e-04  +1.046527e-04  -2.881865e-04  +2.376248e-03  +3.236093e-05  -4.945388e-04  +3.194837e-03  -4.294480e-07  -2.599742e-06  +3.384630e-02  -3.379935e-06  +2.792882e-07  -1.147500e-01  
+7.998922e-07  -5.311995e-07  -2.130367e-05  +7.734214e-06  +1.635295e-05  +4.061706e-07  -5.568141e-06  +3.236093e-05  +2.656395e-06  -1.845117e-05  +4.836875e-05  +1.023979e-08  +1.932025e-07  +3.492313e-04  -7.056956e-09  -1.223818e-09  -3.302582e-03  
-2.308761e-06  +2.498698e-05  +4.050497e-04  -8.253219e-04  +3.379533e-04  -5.794602e-05  -5.047551e-05  -4.945388e-04  -1.845117e-05  +5.554101e-04  -2.046139e-03  -9.465112e-07  +4.040637e-06  -4.472324e-02  +7.448962e-07  +3.840667e-07  -3.228893e-02  
+9.661636e-06  -1.113888e-04  -2.032245e-03  +3.476916e-03  -9.885406e-04  +3.354323e-04  -8.316244e-05  +3.194837e-03  +4.836875e-05  -2.046139e-03  +1.036141e-02  +6.995460e-06  -1.749884e-05  +1.753213e-01  -6.015246e-06  -1.017440e-06  +1.099303e-01  
+3.773391e-07  +1.404181e-07  -4.337668e-07  +1.572361e-06  -1.148738e-06  +3.163894e-07  +9.931028e-08  -4.294480e-07  +1.023979e-08  -9.465112e-07  +6.995460e-06  +5.908476e-07  -1.164705e-07  +2.527213e-04  +4.834762e-08  -3.622360e-08  +4.528139e-04  
+9.330590e-07  +7.762811e-07  +5.915160e-07  -1.154138e-05  +8.946512e-06  -1.235771e-06  -2.739500e-06  -2.599742e-06  +1.932025e-07  +4.040637e-06  -1.749884e-05  -1.164705e-07  +8.738772e-07  -7.173723e-04  +3.672244e-08  +7.244528e-08  -1.424184e-03  
-7.559901e-04  -2.703655e-03  -2.629262e-02  +7.930704e-02  -5.025037e-02  +6.213802e-03  +1.264918e-02  +3.384630e-02  +3.492313e-04  -4.472324e-02  +1.753213e-01  +2.527213e-04  -7.173723e-04  +8.270901e+00  -8.953836e-05  -5.933674e-05  +8.462862e+00  
-6.692205e-08  +8.530893e-08  +1.648399e-06  -1.128672e-06  +2.664983e-07  -2.526078e-07  +4.723743e-07  -3.379935e-06  -7.056956e-09  +7.448962e-07  -6.015246e-06  +4.834762e-08  +3.672244e-08  -8.953836e-05  +1.914766e-07  +2.585784e-09  +1.550692e-04  
+9.334428e-08  -4.718691e-08  +2.934453e-07  -1.671929e-06  +1.434992e-07  -9.833831e-08  -1.350346e-07  +2.792882e-07  -1.223818e-09  +3.840667e-07  -1.017440e-06  -3.622360e-08  +7.244528e-08  -5.933674e-05  +2.585784e-09  +3.625493e-07  -2.207716e-04  
-5.784884e-03  -6.565643e-03  +4.698113e-02  +1.287053e-01  -1.865769e-01  +9.116054e-04  +3.832813e-02  -1.147500e-01  -3.302582e-03  -3.228893e-02  +1.099303e-01  +4.528139e-04  -1.424184e-03  +8.462862e+00  +1.550692e-04  -2.207716e-04  +4.945391e+01  
