mean:
+3.911335e+00  +3.896626e+00  +8.427090e-01  +1.296589e+00  +1.445433e+00  +5.998346e-01  +8.351410e-01  +1.366520e+00  +1.610208e-01  +1.902758e+00  +5.806889e+00  +3.483986e+00  +2.610439e+00  +1.985185e+02  +4.261799e+00  +5.274841e+00  +2.846642e+02  +5.349423e+00  +3.757256e+00  +3.234704e+02  +2.640213e+00  +4.558895e+00  +3.934847e+02  
covariance:
+3.867704e-06  -4.117499e-07  -2.475955e-07  -1.319455e-05  -3.862102e-07  -1.447792e-06  +1.111650e-05  -6.437650e-06  -5.109743e-06  +4.065478e-05  -5.888168e-05  +3.462264e-07  -8.747651e-07  -2.298669e-03  -1.821261e-07  +1.060490e-06  +5.233617e-03  +6.540320e-07  +4.156732e-07  +1.355629e-03  -4.423385e-07  +1.582093e-07  +3.479154e-03  
-4.117499e-07  +8.319503e-07  +1.489660e-07  -5.629498e-06  -1.859333e-07  -5.173908e-07  +3.244744e-06  -1.732075e-06  -1.864327e-06  +1.517815e-05  -2.194226e-05  +1.135680e-07  -3.304450e-07  -8.872365e-04  -2.050044e-07  +4.868821e-07  +2.165896e-03  +7.078740e-08  +2.048784e-07  +4.288742e-04  -6.590154e-08  -1.139249e-07  +8.365645e-04  
-2.475955e-07  +1.489660e-07  +1.451801e-05  -1.407746e-05  -1.854063e-06  -1.208098e-06  -7.657178e-07  -7.239504e-06  -4.593829e-07  +4.008348e-06  -2.869609e-06  +2.493647e-06  +5.840904e-08  -1.666347e-03  +5.796587e-07  -2.139693e-06  +2.561032e-03  -2.517264e-06  +1.490774e-06  -1.154944e-03  -1.838314e-07  +2.030067e-07  -3.854937e-03  
-1.319455e-05  -5.629498e-06  -1.407746e-05  +2.229000e-04  +4.152221e-06  +1.488131e-05  -1.071993e-04  +5.630638e-05  +5.433921e-05  -4.583812e-04  +6.257603e-04  -9.834828e-06  +8.092811e-06  +2.587564e-02  +3.817284e-07  -9.244301e-06  -6.270573e-02  -2.080236e-06  -7.719473e-06  -5.286061e-03  +4.123562e-06  +1.226401e-06  -2.659990e-02  
-3.862102e-07  -1.859333e-07  -1.854063e-06  +4.152221e-06  +2.105947e-06  +9.900028e-07  -3.722596e-06  +2.574132e-07  +1.524610e-06  -1.235882e-05  +2.100103e-05  +4.006856e-08  +6.694894e-07  +1.057037e-03  -3.861148e-08  -3.566903e-07  -1.963890e-03  +1.975598e-07  -1.836655e-07  -8.093529e-04  +3.250732e-07  -2.966197e-07  -1.034259e-03  
-1.447792e-06  -5.173908e-07  -1.208098e-06  +1.488131e-05  +9.900028e-07  +2.742066e-06  -1.139434e-05  +5.818207e-06  +4.855257e-06  -4.247889e-05  +7.033959e-05  +8.514699e-08  +1.553112e-06  +3.285511e-03  +1.089721e-07  -1.241810e-06  -6.207202e-03  -2.598449e-07  -7.000949e-07  -2.289757e-03  +4.421674e-07  -5.013967e-07  -3.715927e-03  
+1.111650e-05  +3.244744e-06  -7.657178e-07  -1.071993e-04  -3.722596e-06  -1.139434e-05  +8.328613e-05  -3.966360e-05  -3.717921e-05  +3.146505e-04  -4.652530e-04  +2.057086e-06  -7.481050e-06  -1.815540e-02  -2.381683e-06  +9.354026e-06  +4.202936e-02  +3.548352e-06  +3.184244e-06  +1.128803e-02  -2.681757e-06  +4.584656e-07  +2.523207e-02  
-6.437650e-06  -1.732075e-06  -7.239504e-06  +5.630638e-05  +2.574132e-07  +5.818207e-06  -3.966360e-05  +8.694724e-05  +2.170128e-05  -1.979790e-04  +2.798625e-04  -4.466867e-06  +1.328351e-06  +1.157210e-02  +5.266889e-06  -2.898958e-06  -2.809697e-02  -1.505849e-06  -2.994599e-06  -7.084431e-03  -3.072823e-07  +2.562356e-06  -9.178969e-03  
-5.109743e-06  -1.864327e-06  -4.593829e-07  +5.433921e-05  +1.524610e-06  +4.855257e-06  -3.717921e-05  +2.170128e-05  +1.864728e-05  -1.546407e-04  +2.164931e-04  -1.683592e-06  +3.043645e-06  +8.379594e-03  +1.445365e-06  -4.399171e-06  -2.066574e-02  -1.629487e-06  -1.641978e-06  -4.088893e-03  +1.034644e-06  +5.193526e-07  -1.059389e-02  
+4.065478e-05  +1.517815e-05  +4.008348e-06  -4.583812e-04  -1.235882e-05  -4.247889e-05  +3.146505e-04  -1.979790e-04  -1.546407e-04  +1.334817e-03  -1.892774e-03  +1.318677e-05  -2.644168e-05  -7.334184e-02  -1.482406e-05  +3.872750e-05  +1.789514e-01  +1.354640e-05  +1.337127e-05  +3.762101e-02  -7.492470e-06  -4.485768e-06  +9.055609e-02  
-5.888168e-05  -2.194226e-05  -2.869609e-06  +6.257603e-04  +2.100103e-05  +7.033959e-05  -4.652530e-04  +2.798625e-04  +2.164931e-04  -1.892774e-03  +2.866212e-03  -1.023320e-05  +4.399534e-05  +1.148669e-01  +2.165032e-05  -5.687336e-05  -2.572319e-01  -1.835702e-05  -1.974214e-05  -7.184212e-02  +1.189780e-05  -5.477869e-07  -1.398568e-01  
+3.462264e-07  +1.135680e-07  +2.493647e-06  -9.834828e-06  +4.006856e-08  +8.514699e-08  +2.057086e-06  -4.466867e-06  -1.683592e-06  +1.318677e-05  -1.023320e-05  +1.446095e-06  +3.525833e-07  -5.102304e-04  +8.176540e-08  -3.190529e-07  +1.946553e-03  -3.021997e-07  +5.181028e-07  -1.028807e-03  -1.152729e-07  -3.768099e-07  -5.895792e-04  
-8.747651e-07  -3.304450e-07  +5.840904e-08  +8.092811e-06  +6.694894e-07  +1.553112e-06  -7.481050e-06  +1.328351e-06  +3.043645e-06  -2.644168e-05  +4.399534e-05  +3.525833e-07  +1.244472e-06  +1.957929e-03  +4.490354e-08  -1.061533e-06  -3.790291e-03  -2.632057e-07  -3.007618e-07  -1.479293e-03  +3.045722e-07  -3.531683e-07  -2.633777e-03  
-2.298669e-03  -8.872365e-04  -1.666347e-03  +2.587564e-02  +1.057037e-03  +3.285511e-03  -1.815540e-02  +1.157210e-02  +8.379594e-03  -7.334184e-02  +1.148669e-01  -5.102304e-04  +1.957929e-03  +5.442947e+00  +5.883866e-04  -1.869681e-03  -1.046391e+01  -3.227892e-04  -1.305023e-03  -2.938538e+00  +6.484581e-04  -3.070485e-04  -5.119055e+00  
-1.821261e-07  -2.050044e-07  +5.796587e-07  +3.817284e-07  -3.861148e-08  +1.089721e-07  -2.381683e-06  +5.266889e-06  +1.445365e-06  -1.482406e-05  +2.165032e-05  +8.176540e-08  +4.490354e-08  +5.883866e-04  +1.137569e-06  -5.672727e-07  -1.735582e-03  -1.882520e-07  +2.634637e-07  -9.661712e-04  -1.811501e-07  +3.149396e-07  -7.883505e-04  
+1.060490e-06  +4.868821e-07  -2.139693e-06  -9.244301e-06  -3.566903e-07  -1.241810e-06  +9.354026e-06  -2.898958e-06  -4.399171e-06  +3.872750e-05  -5.687336e-05  -3.190529e-07  -1.061533e-06  -1.869681e-03  -5.672727e-07  +2.294565e-06  +5.072432e-03  +7.501954e-07  -1.740404e-09  +1.476492e-03  +7.665953e-09  -2.283237e-07  +3.467605e-03  
+5.233617e-03  +2.165896e-03  +2.561032e-03  -6.270573e-02  -1.963890e-03  -6.207202e-03  +4.202936e-02  -2.809697e-02  -2.066574e-02  +1.789514e-01  -2.572319e-01  +1.946553e-03  -3.790291e-03  -1.046391e+01  -1.735582e-03  +5.072432e-03  +2.501432e+01  +1.550340e-03  +2.350062e-03  +5.097256e+00  -9.110628e-04  -5.491366e-04  +1.150352e+01  
+6.540320e-07  +7.078740e-08  -2.517264e-06  -2.080236e-06  +1.975598e-07  -2.598449e-07  +3.548352e-06  -1.505849e-06  -1.629487e-06  +1.354640e-05  -1.835702e-05  -3.021997e-07  -2.632057e-07  -3.227892e-04  -1.882520e-07  +7.501954e-07  +1.550340e-03  +1.202353e-06  -5.407242e-08  +5.459100e-04  +7.021579e-09  -1.790872e-07  +1.585562e-03  
+4.156732e-07  +2.048784e-07  +1.490774e-06  -7.719473e-06  -1.836655e-07  -7.000949e-07  +3.184244e-06  -2.994599e-06  -1.641978e-06  +1.337127e-05  -1.974214e-05  +5.181028e-07  -3.007618e-07  -1.305023e-03  +2.634637e-07  -1.740404e-09  +2.350062e-03  -5.407242e-08  +9.006023e-07  +8.042078e-05  -1.568110e-07  +4.373315e-08  +3.506295e-04  
+1.355629e-03  +4.288742e-04  -1.154944e-03  -5.286061e-03  -8.093529e-04  -2.289757e-03  +1.128803e-02  -7.084431e-03  -4.088893e-03  +3.762101e-02  -7.184212e-02  -1.028807e-03  -1.479293e-03  -2.938538e+00  -9.661712e-04  +1.476492e-03  +5.097256e+00  +5.459100e-04  +8.042078e-05  +4.354314e+00  -2.628165e-04  +5.755674e-04  +4.643041e+00  
-4.423385e-07  -6.590154e-08  -1.838314e-07  +4.123562e-06  +3.250732e-07  +4.421674e-07  -2.681757e-06  -3.072823e-07  +1.034644e-06  -7.492470e-06  +1.189780e-05  -1.152729e-07  +3.045722e-07  +6.484581e-04  -1.811501e-07  +7.665953e-09  -9.110628e-04  +7.021579e-09  -1.568110e-07  -2.628165e-04  +5.541120e-07  -2.568921e-07  -7.993445e-04  
+1.582093e-07  -1.139249e-07  +2.030067e-07  +1.226401e-06  -2.966197e-07  -5.013967e-07  +4.584656e-07  +2.562356e-06  +5.193526e-07  -4.485768e-06  -5.477869e-07  -3.768099e-07  -3.531683e-07  -3.070485e-04  +3.149396e-07  -2.283237e-07  -5.491366e-04  -1.790872e-07  +4.373315e-08  +5.755674e-04  -2.568921e-07  +7.057055e-07  +5.128694e-04  
+3.479154e-03  +8.365645e-04  -3.854937e-03  -2.659990e-02  -1.034259e-03  -3.715927e-03  +2.523207e-02  -9.178969e-03  -1.059389e-02  +9.055609e-02  -1.398568e-01  -5.895792e-04  -2.633777e-03  -5.119055e+00  -7.883505e-04  +3.467605e-03  +1.150352e+01  +1.585562e-03  +3.506295e-04  +4.643041e+00  -7.993445e-04  +5.128694e-04  +9.753889e+00  
