mean:
+3.984762e+00  +3.939200e+00  +6.472623e-01  -1.158227e+00  +1.678659e+00  +4.977551e-01  +9.173787e-01  +2.102445e+00  +1.448010e-01  +2.002518e+00  +4.796232e+00  +1.840033e+00  +2.983644e+00  +8.059778e+02  +4.959882e+00  +4.479717e+00  +2.019060e+03  
covariance:
+6.199912e-06  +4.970028e-07  +4.862067e-06  -6.701763e-06  +8.239771e-06  -1.959263e-06  -2.181325e-06  +1.368490e-05  -6.402843e-07  +2.347338e-05  -9.370934e-05  +6.258816e-08  -2.520940e-07  +1.510197e-03  -9.587385e-08  -1.516867e-07  +8.814259e-03  
+4.970028e-07  +5.834819e-06  -5.734632e-06  +1.194568e-05  +5.367819e-08  +1.633041e-06  +6.651588e-06  -1.764713e-06  -2.496796e-07  -1.730143e-05  +9.404923e-05  +8.847984e-08  +1.413723e-07  -2.735921e-03  -4.728990e-08  +4.804345e-08  -2.249095e-03  
+4.862067e-06  -5.734632e-06  +9.247903e-05  -8.946821e-05  +5.687474e-05  -1.323589e-05  -4.892421e-05  +5.982665e-05  +5.086488e-06  +1.295881e-04  -6.457472e-04  +2.071321e-06  -3.581967e-07  +2.280093e-02  +3.039000e-07  -1.555055e-07  +7.101011e-03  
-6.701763e-06  +1.194568e-05  -8.946821e-05  +3.930530e-04  -3.974577e-05  +2.210055e-05  +1.397659e-04  +3.054083e-05  -1.861738e-05  -1.651522e-04  +1.095774e-03  -5.338122e-06  -2.013643e-06  -3.031784e-02  -1.000739e-06  -2.045701e-06  -2.311507e-02  
+8.239771e-06  +5.367819e-08  +5.687474e-05  -3.974577e-05  +1.930768e-04  -3.833406e-06  +1.738079e-05  +7.174582e-05  -5.580740e-07  +7.709464e-05  -3.685379e-04  +3.953698e-06  -2.257975e-06  +1.174342e-02  -1.398090e-07  -1.714396e-06  +3.950957e-02  
-1.959263e-06  +1.633041e-06  -1.323589e-05  +2.210055e-05  -3.833406e-06  +7.516445e-06  +1.575788e-05  -2.591290e-05  +4.015627e-07  -5.119082e-05  +1.786870e-04  -4.663022e-07  +1.828426e-07  -4.718636e-03  +1.855723e-08  +8.089777e-08  -1.294244e-02  
-2.181325e-06  +6.651588e-06  -4.892421e-05  +1.397659e-04  +1.738079e-05  +1.575788e-05  +1.098460e-04  -1.981706e-05  -9.032738e-06  -1.422783e-04  +6.554826e-04  -2.024806e-06  -3.141493e-07  -2.154514e-02  -4.930183e-07  -3.420416e-07  -1.445451e-02  
+1.368490e-05  -1.764713e-06  +5.982665e-05  +3.054083e-05  +7.174582e-05  -2.591290e-05  -1.981706e-05  +5.222246e-04  -1.217906e-05  +2.872537e-04  -7.976930e-04  +4.214384e-06  -5.400994e-06  -6.093967e-03  -1.439461e-07  -3.351188e-08  +1.373923e-01  
-6.402843e-07  -2.496796e-07  +5.086488e-06  -1.861738e-05  -5.580740e-07  +4.015627e-07  -9.032738e-06  -1.217906e-05  +3.845137e-06  -1.193450e-05  -3.972256e-05  +1.720935e-07  -7.246385e-08  +1.954398e-03  +2.296929e-07  +1.469977e-07  -8.340994e-03  
+2.347338e-05  -1.730143e-05  +1.295881e-04  -1.651522e-04  +7.709464e-05  -5.119082e-05  -1.422783e-04  +2.872537e-04  -1.193450e-05  +6.193779e-04  -2.010480e-03  +4.422466e-06  -1.716272e-06  +4.793769e-02  -1.332634e-07  -1.568232e-06  +1.660078e-01  
-9.370934e-05  +9.404923e-05  -6.457472e-04  +1.095774e-03  -3.685379e-04  +1.786870e-04  +6.554826e-04  -7.976930e-04  -3.972256e-05  -2.010480e-03  +9.443538e-03  -1.535726e-05  +1.182591e-05  -2.405360e-01  -5.195922e-06  +4.536879e-06  -4.106733e-01  
+6.258816e-08  +8.847984e-08  +2.071321e-06  -5.338122e-06  +3.953698e-06  -4.663022e-07  -2.024806e-06  +4.214384e-06  +1.720935e-07  +4.422466e-06  -1.535726e-05  +9.644016e-07  -2.368359e-07  +8.762175e-04  +5.447303e-08  +1.014678e-07  +1.299902e-03  
-2.520940e-07  +1.413723e-07  -3.581967e-07  -2.013643e-06  -2.257975e-06  +1.828426e-07  -3.141493e-07  -5.400994e-06  -7.246385e-08  -1.716272e-06  +1.182591e-05  -2.368359e-07  +1.105777e-06  -2.206550e-04  -1.730743e-07  +2.478607e-08  -4.876927e-04  
+1.510197e-03  -2.735921e-03  +2.280093e-02  -3.031784e-02  +1.174342e-02  -4.718636e-03  -2.154514e-02  -6.093967e-03  +1.954398e-03  +4.793769e-02  -2.405360e-01  +8.762175e-04  -2.206550e-04  +1.346053e+01  +2.230732e-04  -4.664770e-04  +7.779094e-01  
-9.587385e-08  -4.728990e-08  +3.039000e-07  -1.000739e-06  -1.398090e-07  +1.855723e-08  -4.930183e-07  -1.439461e-07  +2.296929e-07  -1.332634e-07  -5.195922e-06  +5.447303e-08  -1.730743e-07  +2.230732e-04  +3.207444e-07  +3.335552e-08  -2.429219e-04  
-1.516867e-07  +4.804345e-08  -1.555055e-07  -2.045701e-06  -1.714396e-06  +8.089777e-08  -3.420416e-07  -3.351188e-08  +1.469977e-07  -1.568232e-06  +4.536879e-06  +1.014678e-07  +2.478607e-08  -4.664770e-04  +3.335552e-08  +4.983611e-07  -5.063642e-04  
+8.814259e-03  -2.249095e-03  +7.101011e-03  -2.311507e-02  +3.950957e-02  -1.294244e-02  -1.445451e-02  +1.373923e-01  -8.340994e-03  +1.660078e-01  -4.106733e-01  +1.299902e-03  -4.876927e-04  +7.779094e-01  -2.429219e-04  -5.063642e-04  +1.036820e+02  
