mean:
+3.956039e+00  +3.924365e+00  +6.682483e-01  -1.187200e+00  +1.618943e+00  +5.019275e-01  +9.074945e-01  +2.044474e+00  +1.535349e-01  +1.913114e+00  +4.848927e+00  +1.635508e+00  +2.883638e+00  +8.053722e+02  +4.799997e+00  +4.399901e+00  +2.014801e+03  
covariance:
+6.492509e-06  -3.507388e-07  +6.377189e-08  +8.206308e-06  +9.164621e-06  -5.957603e-08  +1.930060e-06  -6.389485e-06  +2.355863e-07  +2.918786e-06  -6.988791e-06  -1.183863e-07  +4.005995e-08  +7.173642e-05  +1.631993e-07  +9.380906e-08  -1.622970e-03  
-3.507388e-07  +6.602179e-06  +1.475969e-06  +9.635058e-06  +7.197746e-06  +3.161375e-07  +8.207074e-07  +3.135650e-06  +1.426939e-07  -9.553168e-07  -5.709553e-06  -1.348529e-07  -1.725667e-07  -3.333719e-05  -5.712151e-08  -6.006033e-08  -8.115244e-04  
+6.377189e-08  +1.475969e-06  +9.798582e-05  +1.265057e-04  +4.703080e-05  +1.083196e-05  +3.812585e-05  -1.200882e-04  +9.407076e-06  -7.234219e-05  -2.527702e-04  -1.200454e-06  +6.173474e-08  +2.337939e-03  +5.477136e-07  -9.980622e-07  +3.649741e-02  
+8.206308e-06  +9.635058e-06  +1.265057e-04  +1.293101e-03  +9.781456e-04  +5.999533e-05  +2.223262e-04  -1.449298e-03  -4.246323e-05  +3.137722e-04  -7.866937e-04  -3.894984e-06  -1.750106e-07  +2.708811e-02  -6.647714e-08  +1.399830e-06  -2.214806e-02  
+9.164621e-06  +7.197746e-06  +4.703080e-05  +9.781456e-04  +1.565117e-03  +2.615128e-05  +1.239567e-04  -1.338939e-03  -5.388797e-05  +5.248757e-04  -7.679263e-04  -3.370770e-06  +2.457700e-06  -4.451898e-03  +1.107603e-08  +9.748256e-07  -4.090992e-02  
-5.957603e-08  +3.161375e-07  +1.083196e-05  +5.999533e-05  +2.615128e-05  +9.075794e-06  +2.339682e-05  -7.388736e-05  -1.213762e-06  -5.291631e-06  -3.242447e-05  -4.613531e-07  +9.062650e-08  +3.839923e-03  -1.596614e-08  +1.318111e-07  +3.399950e-03  
+1.930060e-06  +8.207074e-07  +3.812585e-05  +2.223262e-04  +1.239567e-04  +2.339682e-05  +1.069908e-04  -3.323347e-04  -5.192128e-06  -1.378052e-05  -2.484328e-04  -7.426899e-07  -5.581713e-07  +1.176736e-02  +6.077319e-07  +3.112180e-07  +1.521867e-02  
-6.389485e-06  +3.135650e-06  -1.200882e-04  -1.449298e-03  -1.338939e-03  -7.388736e-05  -3.323347e-04  +3.596427e-03  +7.328649e-05  -5.826409e-04  +1.506356e-03  +2.164579e-06  -1.848469e-06  -4.888572e-02  -2.301810e-06  -6.534491e-07  -3.768771e-02  
+2.355863e-07  +1.426939e-07  +9.407076e-06  -4.246323e-05  -5.388797e-05  -1.213762e-06  -5.192128e-06  +7.328649e-05  +6.312235e-06  -4.191491e-05  -8.223250e-06  -8.316842e-08  -4.817139e-08  +3.205063e-04  +1.148545e-07  -3.532656e-07  +5.856243e-03  
+2.918786e-06  -9.553168e-07  -7.234219e-05  +3.137722e-04  +5.248757e-04  -5.291631e-06  -1.378052e-05  -5.826409e-04  -4.191491e-05  +3.923130e-04  +3.707890e-06  +2.022314e-07  +9.567430e-07  -1.143514e-02  -6.550913e-07  +2.175880e-06  -5.037658e-02  
-6.988791e-06  -5.709553e-06  -2.527702e-04  -7.866937e-04  -7.679263e-04  -3.242447e-05  -2.484328e-04  +1.506356e-03  -8.223250e-06  +3.707890e-06  +1.850607e-03  +6.592225e-07  +1.148024e-06  -1.332907e-02  -3.746643e-06  +4.183323e-06  -1.154258e-01  
-1.183863e-07  -1.348529e-07  -1.200454e-06  -3.894984e-06  -3.370770e-06  -4.613531e-07  -7.426899e-07  +2.164579e-06  -8.316842e-08  +2.022314e-07  +6.592225e-07  +6.261918e-07  +4.915620e-08  -3.551048e-04  +4.001783e-08  +7.197628e-08  +1.172235e-04  
+4.005995e-08  -1.725667e-07  +6.173474e-08  -1.750106e-07  +2.457700e-06  +9.062650e-08  -5.581713e-07  -1.848469e-06  -4.817139e-08  +9.567430e-07  +1.148024e-06  +4.915620e-08  +5.382206e-07  -4.637720e-05  -3.763365e-08  -1.570244e-08  +3.891674e-04  
+7.173642e-05  -3.333719e-05  +2.337939e-03  +2.708811e-02  -4.451898e-03  +3.839923e-03  +1.176736e-02  -4.888572e-02  +3.205063e-04  -1.143514e-02  -1.332907e-02  -3.551048e-04  -4.637720e-05  +9.633862e+00  -2.776834e-06  +9.297262e-05  -7.452068e+00  
+1.631993e-07  -5.712151e-08  +5.477136e-07  -6.647714e-08  +1.107603e-08  -1.596614e-08  +6.077319e-07  -2.301810e-06  +1.148545e-07  -6.550913e-07  -3.746643e-06  +4.001783e-08  -3.763365e-08  -2.776834e-06  +2.695719e-07  -2.404139e-08  +3.372569e-04  
+9.380906e-08  -6.006033e-08  -9.980622e-07  +1.399830e-06  +9.748256e-07  +1.318111e-07  +3.112180e-07  -6.534491e-07  -3.532656e-07  +2.175880e-06  +4.183323e-06  +7.197628e-08  -1.570244e-08  +9.297262e-05  -2.404139e-08  +3.333974e-07  -9.300639e-04  
-1.622970e-03  -8.115244e-04  +3.649741e-02  -2.214806e-02  -4.090992e-02  +3.399950e-03  +1.521867e-02  -3.768771e-02  +5.856243e-03  -5.037658e-02  -1.154258e-01  +1.172235e-04  +3.891674e-04  -7.452068e+00  +3.372569e-04  -9.300639e-04  +4.790038e+01  
