mean:
+3.958182e+00  +3.924770e+00  +6.203715e-01  -1.064616e+00  +1.677536e+00  +5.094718e-01  +8.938630e-01  +2.120638e+00  +1.518647e-01  +1.946539e+00  +4.864055e+00  +1.635703e+00  +2.883250e+00  +7.992646e+02  +4.799786e+00  +4.399901e+00  +2.013124e+03  
covariance:
+8.122652e-06  -5.155485e-08  +6.621052e-06  -3.828655e-05  +3.942721e-06  +1.121514e-06  +2.101154e-06  +3.101397e-06  -1.040484e-06  +1.090012e-05  +2.662518e-05  -2.696216e-07  +2.330049e-07  +3.091318e-03  -1.637435e-07  +8.154596e-08  -3.752203e-03  
-5.155485e-08  +8.243627e-06  +5.323319e-07  -8.483731e-06  -4.080805e-07  -9.524606e-08  -9.486799e-07  -1.827836e-08  -2.644172e-07  +5.100987e-06  +5.691433e-06  +6.717520e-08  +2.700309e-07  +7.307027e-04  +1.777651e-07  +1.400497e-07  -1.458626e-03  
+6.621052e-06  +5.323319e-07  +8.563477e-05  -1.731529e-04  -4.640079e-05  +5.938211e-06  -7.010033e-06  -2.884959e-05  -1.221441e-05  +1.063398e-04  +1.705857e-04  -1.427325e-07  -7.352372e-07  +1.885147e-02  +6.034187e-07  +9.538357e-07  -2.101551e-02  
-3.828655e-05  -8.483731e-06  -1.731529e-04  +3.221084e-03  -1.855124e-04  -2.400429e-05  +9.004550e-05  -5.501286e-04  +5.099163e-05  -3.624233e-04  -1.804972e-03  +8.086756e-06  +6.740179e-06  -1.067446e-01  +5.944699e-06  -7.044059e-06  +8.263473e-02  
+3.942721e-06  -4.080805e-07  -4.640079e-05  -1.855124e-04  +2.899860e-04  +1.350364e-05  +3.139943e-05  +2.646657e-04  +8.347477e-06  -9.196439e-05  -1.176299e-04  -4.227115e-06  +4.766654e-07  +6.989141e-03  -2.834082e-06  -1.161278e-06  +2.863458e-02  
+1.121514e-06  -9.524606e-08  +5.938211e-06  -2.400429e-05  +1.350364e-05  +2.823820e-05  +3.393027e-06  +6.265191e-05  -9.684776e-06  +8.755209e-05  -1.331402e-05  -5.169566e-07  +5.302224e-07  +3.167507e-03  +6.196371e-07  +7.161218e-07  +3.926475e-03  
+2.101154e-06  -9.486799e-07  -7.010033e-06  +9.004550e-05  +3.139943e-05  +3.393027e-06  +7.891138e-05  +1.035756e-05  -5.541464e-06  -1.099614e-05  -8.898544e-05  -1.341189e-06  -1.552330e-07  -4.470557e-03  -1.754506e-07  -8.462617e-08  +1.011080e-04  
+3.101397e-06  -1.827836e-08  -2.884959e-05  -5.501286e-04  +2.646657e-04  +6.265191e-05  +1.035756e-05  +1.050418e-03  +1.527537e-05  -1.172464e-04  -4.077220e-05  -4.227366e-06  -2.412825e-06  +4.384105e-02  -3.366448e-06  +4.663784e-06  +1.165564e-01  
-1.040484e-06  -2.644172e-07  -1.221441e-05  +5.099163e-05  +8.347477e-06  -9.684776e-06  -5.541464e-06  +1.527537e-05  +1.102214e-05  -7.847572e-05  -6.342607e-05  +1.639349e-07  +9.921502e-09  -1.931821e-03  -3.583819e-07  -2.240484e-07  +1.023252e-02  
+1.090012e-05  +5.100987e-06  +1.063398e-04  -3.624233e-04  -9.196439e-05  +8.755209e-05  -1.099614e-05  -1.172464e-04  -7.847572e-05  +6.836068e-04  +4.435076e-04  +2.434560e-07  +9.205840e-07  +1.641056e-02  +3.757083e-06  +2.611905e-06  -7.965145e-02  
+2.662518e-05  +5.691433e-06  +1.705857e-04  -1.804972e-03  -1.176299e-04  -1.331402e-05  -8.898544e-05  -4.077220e-05  -6.342607e-05  +4.435076e-04  +1.841994e-03  -1.143378e-06  -8.057781e-06  +8.389788e-02  -2.307135e-06  +3.612643e-06  -1.357548e-01  
-2.696216e-07  +6.717520e-08  -1.427325e-07  +8.086756e-06  -4.227115e-06  -5.169566e-07  -1.341189e-06  -4.227366e-06  +1.639349e-07  +2.434560e-07  -1.143378e-06  +5.969805e-07  -8.125006e-08  -3.875084e-04  +3.080000e-08  +1.347560e-08  -3.111132e-04  
+2.330049e-07  +2.700309e-07  -7.352372e-07  +6.740179e-06  +4.766654e-07  +5.302224e-07  -1.552330e-07  -2.412825e-06  +9.921502e-09  +9.205840e-07  -8.057781e-06  -8.125006e-08  +9.682993e-07  -1.080719e-03  +2.265439e-09  +2.680397e-08  +7.210304e-04  
+3.091318e-03  +7.307027e-04  +1.885147e-02  -1.067446e-01  +6.989141e-03  +3.167507e-03  -4.470557e-03  +4.384105e-02  -1.931821e-03  +1.641056e-02  +8.389788e-02  -3.875084e-04  -1.080719e-03  +1.434648e+01  -1.615953e-04  +5.480108e-04  -5.358336e+00  
-1.637435e-07  +1.777651e-07  +6.034187e-07  +5.944699e-06  -2.834082e-06  +6.196371e-07  -1.754506e-07  -3.366448e-06  -3.583819e-07  +3.757083e-06  -2.307135e-06  +3.080000e-08  +2.265439e-09  -1.615953e-04  +3.293991e-07  +6.109209e-08  -5.686347e-04  
+8.154596e-08  +1.400497e-07  +9.538357e-07  -7.044059e-06  -1.161278e-06  +7.161218e-07  -8.462617e-08  +4.663784e-06  -2.240484e-07  +2.611905e-06  +3.612643e-06  +1.347560e-08  +2.680397e-08  +5.480108e-04  +6.109209e-08  +4.500723e-07  -3.330233e-05  
-3.752203e-03  -1.458626e-03  -2.101551e-02  +8.263473e-02  +2.863458e-02  +3.926475e-03  +1.011080e-04  +1.165564e-01  +1.023252e-02  -7.965145e-02  -1.357548e-01  -3.111132e-04  +7.210304e-04  -5.358336e+00  -5.686347e-04  -3.330233e-05  +4.224828e+01  
