mean:
+3.959946e+00  +3.926499e+00  +5.811922e-01  -1.175766e+00  +1.692045e+00  +4.857911e-01  +9.136538e-01  +2.118170e+00  +1.482742e-01  +1.993338e+00  +4.855890e+00  +1.635257e+00  +2.882979e+00  +8.049761e+02  +4.800169e+00  +4.399751e+00  +2.019973e+03  
covariance:
+7.173740e-06  +6.935605e-07  +2.930467e-05  -9.568595e-06  +2.138125e-06  +9.567427e-06  -6.199733e-06  +8.970225e-06  +1.763233e-06  -1.133162e-05  +7.203516e-05  -4.085297e-07  -3.985518e-07  +1.628230e-03  -5.098847e-07  -3.444846e-07  -8.772455e-03  
+6.935605e-07  +9.532155e-06  +2.672467e-05  -2.618116e-06  +1.640466e-06  +8.669140e-06  -9.082550e-07  +8.940466e-06  +1.245442e-06  -1.401073e-05  +5.965130e-05  -1.054820e-08  -3.842035e-07  +2.560756e-03  -2.563234e-07  -1.691333e-07  -7.853821e-03  
+2.930467e-05  +2.672467e-05  +8.118825e-04  -2.346211e-04  -3.645278e-05  +2.716136e-04  -1.116806e-04  +2.143290e-04  +4.268170e-05  -4.476664e-04  +1.823318e-03  -7.747444e-06  -1.292592e-05  +5.625156e-02  -6.863787e-06  -3.315740e-06  -2.350716e-01  
-9.568595e-06  -2.618116e-06  -2.346211e-04  +5.259428e-04  -2.443469e-05  -9.036434e-05  +1.324471e-04  -7.110427e-05  -3.342997e-05  +2.072079e-04  -3.766725e-04  +3.605435e-07  +6.519619e-06  +1.733853e-03  +4.746626e-06  +6.551178e-07  +8.862303e-03  
+2.138125e-06  +1.640466e-06  -3.645278e-05  -2.443469e-05  +8.784066e-05  -5.644242e-06  +5.936338e-06  +6.906814e-05  -2.883608e-07  +8.617550e-06  -4.417170e-05  +9.119708e-07  +5.162908e-07  +2.629227e-04  -1.392374e-06  -2.514043e-06  +1.764224e-02  
+9.567427e-06  +8.669140e-06  +2.716136e-04  -9.036434e-05  -5.644242e-06  +1.035166e-04  -4.208588e-05  +1.147866e-04  +1.532129e-05  -1.697867e-04  +7.139777e-04  -3.100128e-06  -4.296784e-06  +1.801606e-02  -2.325374e-06  -1.408711e-06  -9.018387e-02  
-6.199733e-06  -9.082550e-07  -1.116806e-04  +1.324471e-04  +5.936338e-06  -4.208588e-05  +1.012692e-04  -2.508004e-06  -1.914052e-05  +9.370039e-05  -2.405416e-04  +1.114720e-06  +3.107705e-06  +8.292692e-03  +2.729219e-06  +2.416185e-07  +2.723858e-02  
+8.970225e-06  +8.940466e-06  +2.143290e-04  -7.110427e-05  +6.906814e-05  +1.147866e-04  -2.508004e-06  +5.659962e-04  +8.283258e-06  -1.505927e-04  +6.719431e-04  -1.748506e-06  -2.384246e-06  +2.399348e-02  +7.430139e-07  -5.789323e-06  -6.651700e-02  
+1.763233e-06  +1.245442e-06  +4.268170e-05  -3.342997e-05  -2.883608e-07  +1.532129e-05  -1.914052e-05  +8.283258e-06  +6.856280e-06  -4.098889e-05  +7.347740e-05  +1.507325e-09  -8.779164e-07  +1.244860e-04  -5.731057e-07  -7.033645e-08  -8.327610e-03  
-1.133162e-05  -1.401073e-05  -4.476664e-04  +2.072079e-04  +8.617550e-06  -1.697867e-04  +9.370039e-05  -1.505927e-04  -4.098889e-05  +3.951493e-04  -1.063398e-03  +2.279343e-06  +8.315532e-06  -2.147457e-02  +3.611955e-06  -2.883158e-07  +1.296427e-01  
+7.203516e-05  +5.965130e-05  +1.823318e-03  -3.766725e-04  -4.417170e-05  +7.139777e-04  -2.405416e-04  +6.719431e-04  +7.347740e-05  -1.063398e-03  +6.013414e-03  -2.845643e-05  -2.770499e-05  +1.363794e-01  -1.814183e-05  -4.208835e-06  -7.787929e-01  
-4.085297e-07  -1.054820e-08  -7.747444e-06  +3.605435e-07  +9.119708e-07  -3.100128e-06  +1.114720e-06  -1.748506e-06  +1.507325e-09  +2.279343e-06  -2.845643e-05  +9.891654e-07  +5.615125e-08  -1.024044e-03  +1.653898e-07  +6.051824e-08  +3.509424e-03  
-3.985518e-07  -3.842035e-07  -1.292592e-05  +6.519619e-06  +5.162908e-07  -4.296784e-06  +3.107705e-06  -2.384246e-06  -8.779164e-07  +8.315532e-06  -2.770499e-05  +5.615125e-08  +8.715417e-07  -8.016487e-04  +1.264060e-07  +4.063026e-08  +3.234022e-03  
+1.628230e-03  +2.560756e-03  +5.625156e-02  +1.733853e-03  +2.629227e-04  +1.801606e-02  +8.292692e-03  +2.399348e-02  +1.244860e-04  -2.147457e-02  +1.363794e-01  -1.024044e-03  -8.016487e-04  +9.625962e+00  -2.653443e-04  -5.161605e-04  -1.805254e+01  
-5.098847e-07  -2.563234e-07  -6.863787e-06  +4.746626e-06  -1.392374e-06  -2.325374e-06  +2.729219e-06  +7.430139e-07  -5.731057e-07  +3.611955e-06  -1.814183e-05  +1.653898e-07  +1.264060e-07  -2.653443e-04  +5.687542e-07  +9.821406e-08  +1.947823e-03  
-3.444846e-07  -1.691333e-07  -3.315740e-06  +6.551178e-07  -2.514043e-06  -1.408711e-06  +2.416185e-07  -5.789323e-06  -7.033645e-08  -2.883158e-07  -4.208835e-06  +6.051824e-08  +4.063026e-08  -5.161605e-04  +9.821406e-08  +6.113383e-07  +7.146917e-05  
-8.772455e-03  -7.853821e-03  -2.350716e-01  +8.862303e-03  +1.764224e-02  -9.018387e-02  +2.723858e-02  -6.651700e-02  -8.327610e-03  +1.296427e-01  -7.787929e-01  +3.509424e-03  +3.234022e-03  -1.805254e+01  +1.947823e-03  +7.146917e-05  +1.135339e+02  
