mean:
+3.965748e+00  +4.004397e+00  +6.155935e-01  +2.013592e+00  +1.300965e+00  +6.038052e-01  +8.331827e-01  +2.212711e+00  +4.114775e-02  +3.903174e+00  +5.806055e+00  +4.624270e+00  +3.191238e+00  +3.290733e+02  +2.670934e+00  +3.677890e+00  +4.579307e+02  +4.720284e+00  +4.880213e+00  +8.012650e+02  +3.938451e+00  +5.173344e+00  +4.345317e+02  
covariance:
+2.186648e-06  -9.165332e-07  -2.584324e-07  +5.592103e-06  -2.125311e-08  +2.062625e-07  +2.909782e-06  +1.442931e-06  -8.446383e-08  +1.223947e-05  -5.761656e-05  +6.820998e-08  -2.813049e-07  +7.474796e-04  -2.184333e-07  +3.353739e-07  +1.356200e-03  +8.199813e-08  -6.996308e-08  +1.131999e-03  -2.275396e-07  +3.305661e-07  +5.092050e-04  
-9.165332e-07  +6.412943e-06  +3.376513e-06  -5.082857e-06  -7.222472e-07  +2.788505e-07  -1.791018e-06  +2.182011e-06  +7.170389e-08  -1.194547e-05  +5.195549e-05  -2.642327e-07  +4.980838e-08  -8.355145e-04  +7.308603e-07  -5.766858e-07  -1.079084e-03  -1.069195e-07  -1.980502e-07  -1.554256e-03  +5.824696e-07  -6.937027e-07  +7.951041e-04  
-2.584324e-07  +3.376513e-06  +1.489578e-05  +5.057663e-06  -1.546494e-06  +1.497819e-06  +6.667341e-07  +6.611916e-06  +1.158851e-07  +5.838895e-06  -5.444249e-05  -1.893807e-06  -5.341458e-07  -9.709572e-05  +1.780318e-06  -1.423775e-06  +1.690048e-04  +2.684118e-07  -7.040364e-07  -1.448272e-04  +1.092190e-06  -1.035304e-06  +4.297727e-03  
+5.592103e-06  -5.082857e-06  +5.057663e-06  +1.499856e-04  -8.348549e-06  +2.413522e-06  +2.416073e-05  +5.049227e-05  -2.298185e-07  +1.629685e-04  -8.594947e-04  -4.323695e-06  -2.866567e-06  +1.055034e-02  +1.353125e-06  +2.472806e-06  +1.462308e-02  +2.813418e-06  -1.427869e-06  +1.184058e-02  +1.098387e-07  +2.424825e-06  +5.171751e-03  
-2.125311e-08  -7.222472e-07  -1.546494e-06  -8.348549e-06  +1.116042e-05  -1.012261e-07  +7.362377e-07  -7.655977e-06  -5.086055e-08  -2.780608e-06  +3.691320e-05  +4.092403e-07  +4.506430e-07  -5.566927e-04  -3.106360e-07  +6.928723e-07  +3.884790e-04  -3.988227e-07  +6.231515e-07  -1.427141e-04  +1.507602e-08  -5.652378e-07  +2.704829e-04  
+2.062625e-07  +2.788505e-07  +1.497819e-06  +2.413522e-06  -1.012261e-07  +7.860247e-07  +7.789889e-07  +2.376390e-06  -3.175672e-08  +3.970098e-06  -1.472675e-05  -3.122368e-07  +1.049485e-07  -1.577650e-04  +1.932201e-07  -1.617933e-07  +3.208007e-04  +8.464237e-08  -5.821726e-08  -2.619406e-04  +2.145816e-07  -4.818977e-08  +7.371253e-04  
+2.909782e-06  -1.791018e-06  +6.667341e-07  +2.416073e-05  +7.362377e-07  +7.789889e-07  +3.251053e-05  -1.191930e-05  -1.287690e-06  +9.826537e-05  -4.098326e-04  +6.222437e-07  -2.644741e-06  +4.680510e-03  -1.117022e-06  +2.755319e-06  +1.349788e-02  -1.080641e-07  +1.195256e-07  +5.596466e-03  -8.274011e-07  +8.190838e-07  +5.564223e-03  
+1.442931e-06  +2.182011e-06  +6.611916e-06  +5.049227e-05  -7.655977e-06  +2.376390e-06  -1.191930e-05  +1.232105e-04  +6.927911e-07  +1.957997e-05  -1.245952e-04  -1.319708e-06  +7.781457e-07  +4.733221e-04  +3.026584e-06  -6.722192e-07  -2.512936e-03  +1.083274e-06  -1.404353e-06  +1.821948e-03  +2.120807e-06  +9.807912e-07  +3.099139e-04  
-8.446383e-08  +7.170389e-08  +1.158851e-07  -2.298185e-07  -5.086055e-08  -3.175672e-08  -1.287690e-06  +6.927911e-07  +9.206497e-08  -3.366499e-06  +1.099947e-05  -4.627514e-08  +6.202117e-08  -1.017888e-04  +7.014066e-08  -1.143405e-07  -5.203928e-04  +1.761208e-08  -1.903610e-08  -1.145758e-04  +2.431240e-08  -1.713882e-08  -1.833312e-04  
+1.223947e-05  -1.194547e-05  +5.838895e-06  +1.629685e-04  -2.780608e-06  +3.970098e-06  +9.826537e-05  +1.957997e-05  -3.366499e-06  +4.145746e-04  -1.873337e-03  -6.028440e-07  -9.519800e-06  +2.211998e-02  -2.950438e-06  +9.224197e-06  +4.756827e-02  +1.650678e-06  -1.013765e-06  +2.986994e-02  -3.679984e-06  +6.080483e-06  +1.920408e-02  
-5.761656e-05  +5.195549e-05  -5.444249e-05  -8.594947e-04  +3.691320e-05  -1.472675e-05  -4.098326e-04  -1.245952e-04  +1.099947e-05  -1.873337e-03  +9.246792e-03  +8.456006e-06  +4.940514e-05  -1.155931e-01  +6.948671e-06  -3.881279e-05  -2.023931e-01  -9.497716e-06  +9.936815e-06  -1.573373e-01  +1.876907e-05  -3.223439e-05  -9.031985e-02  
+6.820998e-08  -2.642327e-07  -1.893807e-06  -4.323695e-06  +4.092403e-07  -3.122368e-07  +6.222437e-07  -1.319708e-06  -4.627514e-08  -6.028440e-07  +8.456006e-06  +8.028226e-07  -8.441051e-08  +6.560931e-05  -4.391994e-07  +2.592753e-07  +3.235139e-04  -2.056351e-07  +6.232037e-08  +3.612879e-04  -3.250929e-07  +1.421514e-07  -4.794045e-04  
-2.813049e-07  +4.980838e-08  -5.341458e-07  -2.866567e-06  +4.506430e-07  +1.049485e-07  -2.644741e-06  +7.781457e-07  +6.202117e-08  -9.519800e-06  +4.940514e-05  -8.441051e-08  +7.593762e-07  -7.832821e-04  +1.802060e-08  -2.126652e-07  -1.231452e-03  -8.347791e-08  +2.595996e-08  -8.180519e-04  +1.746012e-07  -1.647530e-07  -1.431604e-04  
+7.474796e-04  -8.355145e-04  -9.709572e-05  +1.055034e-02  -5.566927e-04  -1.577650e-04  +4.680510e-03  +4.733221e-04  -1.017888e-04  +2.211998e-02  -1.155931e-01  +6.560931e-05  -7.832821e-04  +1.850060e+00  -2.534251e-04  +5.088896e-04  +2.366655e+00  +1.186184e-04  -1.075265e-04  +2.328195e+00  -4.284015e-04  +5.182405e-04  +5.241144e-01  
-2.184333e-07  +7.308603e-07  +1.780318e-06  +1.353125e-06  -3.106360e-07  +1.932201e-07  -1.117022e-06  +3.026584e-06  +7.014066e-08  -2.950438e-06  +6.948671e-06  -4.391994e-07  +1.802060e-08  -2.534251e-04  +6.804492e-07  -1.824799e-07  -5.903068e-04  +9.843263e-08  -7.885171e-08  -4.880849e-04  +3.596330e-07  -2.144240e-07  +3.612344e-04  
+3.353739e-07  -5.766858e-07  -1.423775e-06  +2.472806e-06  +6.928723e-07  -1.617933e-07  +2.755319e-06  -6.722192e-07  -1.143405e-07  +9.224197e-06  -3.881279e-05  +2.592753e-07  -2.126652e-07  +5.088896e-04  -1.824799e-07  +7.008864e-07  +1.245927e-03  -6.732484e-08  +5.081742e-08  +8.953337e-04  -1.939066e-07  +1.881259e-07  +8.962506e-05  
+1.356200e-03  -1.079084e-03  +1.690048e-04  +1.462308e-02  +3.884790e-04  +3.208007e-04  +1.349788e-02  -2.512936e-03  -5.203928e-04  +4.756827e-02  -2.023931e-01  +3.235139e-04  -1.231452e-03  +2.366655e+00  -5.903068e-04  +1.245927e-03  +6.447108e+00  +2.670984e-06  -2.100163e-05  +3.130032e+00  -4.677942e-04  +4.805681e-04  +2.211859e+00  
+8.199813e-08  -1.069195e-07  +2.684118e-07  +2.813418e-06  -3.988227e-07  +8.464237e-08  -1.080641e-07  +1.083274e-06  +1.761208e-08  +1.650678e-06  -9.497716e-06  -2.056351e-07  -8.347791e-08  +1.186184e-04  +9.843263e-08  -6.732484e-08  +2.670984e-06  +2.324130e-07  -2.616965e-08  +5.984987e-06  +5.793398e-08  +2.822193e-08  -4.704750e-05  
-6.996308e-08  -1.980502e-07  -7.040364e-07  -1.427869e-06  +6.231515e-07  -5.821726e-08  +1.195256e-07  -1.404353e-06  -1.903610e-08  -1.013765e-06  +9.936815e-06  +6.232037e-08  +2.595996e-08  -1.075265e-04  -7.885171e-08  +5.081742e-08  -2.100163e-05  -2.616965e-08  +2.795165e-07  -2.809454e-04  +9.760157e-09  -4.314256e-08  -2.886485e-04  
+1.131999e-03  -1.554256e-03  -1.448272e-04  +1.184058e-02  -1.427141e-04  -2.619406e-04  +5.596466e-03  +1.821948e-03  -1.145758e-04  +2.986994e-02  -1.573373e-01  +3.612879e-04  -8.180519e-04  +2.328195e+00  -4.880849e-04  +8.953337e-04  +3.130032e+00  +5.984987e-06  -2.809454e-04  +4.144542e+00  -7.655848e-04  +7.892012e-04  +1.249093e+00  
-2.275396e-07  +5.824696e-07  +1.092190e-06  +1.098387e-07  +1.507602e-08  +2.145816e-07  -8.274011e-07  +2.120807e-06  +2.431240e-08  -3.679984e-06  +1.876907e-05  -3.250929e-07  +1.746012e-07  -4.284015e-04  +3.596330e-07  -1.939066e-07  -4.677942e-04  +5.793398e-08  +9.760157e-09  -7.655848e-04  +4.816181e-07  -2.582926e-07  +2.411426e-04  
+3.305661e-07  -6.937027e-07  -1.035304e-06  +2.424825e-06  -5.652378e-07  -4.818977e-08  +8.190838e-07  +9.807912e-07  -1.713882e-08  +6.080483e-06  -3.223439e-05  +1.421514e-07  -1.647530e-07  +5.182405e-04  -2.144240e-07  +1.881259e-07  +4.805681e-04  +2.822193e-08  -4.314256e-08  +7.892012e-04  -2.582926e-07  +4.903002e-07  -1.429685e-04  
+5.092050e-04  +7.951041e-04  +4.297727e-03  +5.171751e-03  +2.704829e-04  +7.371253e-04  +5.564223e-03  +3.099139e-04  -1.833312e-04  +1.920408e-02  -9.031985e-02  -4.794045e-04  -1.431604e-04  +5.241144e-01  +3.612344e-04  +8.962506e-05  +2.211859e+00  -4.704750e-05  -2.886485e-04  +1.249093e+00  +2.411426e-04  -1.429685e-04  +4.044146e+00  
