mean:
+3.981743e+00  +3.940368e+00  +6.456921e-01  -1.079252e+00  +1.608798e+00  +5.009990e-01  +8.986326e-01  +2.096574e+00  +1.502415e-01  +1.935541e+00  +4.911385e+00  +1.839728e+00  +2.983131e+00  +8.003405e+02  +4.960028e+00  +4.480115e+00  +2.003065e+03  
covariance:
+2.132359e-06  +5.746903e-07  +1.080119e-06  +1.376830e-06  -2.381532e-06  -7.746651e-07  +3.931053e-07  -2.569660e-06  +5.328401e-07  -3.905845e-06  -1.476102e-05  +1.116892e-09  +5.290737e-08  -1.326724e-04  -6.338929e-09  +2.673389e-08  +4.891868e-04  
+5.746903e-07  +2.074745e-06  +8.804186e-09  -5.190164e-06  +4.760884e-06  +1.025237e-06  -3.459005e-08  -6.343995e-07  -8.127450e-07  +5.515875e-06  +2.252937e-05  -5.396234e-08  +7.244275e-08  -1.280035e-04  -1.163397e-08  +7.218132e-08  -1.315737e-03  
+1.080119e-06  +8.804186e-09  +2.878546e-05  -6.211178e-06  +8.453033e-06  -5.562102e-06  +1.839919e-06  +1.520913e-05  +7.288480e-06  -4.474139e-05  -1.488476e-04  +2.796005e-07  -4.341559e-08  +1.391312e-03  -1.190661e-08  +1.228992e-07  +1.731805e-03  
+1.376830e-06  -5.190164e-06  -6.211178e-06  +3.104413e-04  -2.475578e-04  -1.302014e-06  -2.089260e-07  -1.807575e-04  +5.275208e-06  -2.514157e-05  -2.608972e-04  +2.806155e-07  -1.081861e-06  +1.549263e-02  +5.200107e-07  +8.114732e-07  +4.050540e-02  
-2.381532e-06  +4.760884e-06  +8.453033e-06  -2.475578e-04  +4.063349e-04  -3.870737e-06  +3.102412e-06  +2.195185e-04  +1.316862e-06  -1.306754e-05  +1.233349e-04  -3.535801e-08  +1.425107e-06  -1.058818e-02  -4.418313e-08  -7.893623e-07  -4.526041e-02  
-7.746651e-07  +1.025237e-06  -5.562102e-06  -1.302014e-06  -3.870737e-06  +1.149501e-05  -4.428388e-06  +1.808106e-05  -7.030159e-06  +4.660594e-05  +1.421092e-04  -1.330532e-07  -1.603733e-07  +1.587310e-03  -4.183171e-08  +1.032962e-07  -2.791989e-03  
+3.931053e-07  -3.459005e-08  +1.839919e-06  -2.089260e-07  +3.102412e-06  -4.428388e-06  +1.013396e-05  -2.888478e-05  +1.259641e-06  -1.626711e-05  -3.580237e-05  -1.753975e-07  +1.817604e-07  -1.760349e-03  +2.050973e-08  +6.817748e-09  +2.896184e-04  
-2.569660e-06  -6.343995e-07  +1.520913e-05  -1.807575e-04  +2.195185e-04  +1.808106e-05  -2.888478e-05  +4.129838e-04  +1.194502e-06  +1.739814e-05  +8.117421e-05  +1.420375e-06  +4.271854e-08  -1.794094e-04  -4.003869e-07  -1.243777e-06  -2.493081e-02  
+5.328401e-07  -8.127450e-07  +7.288480e-06  +5.275208e-06  +1.316862e-06  -7.030159e-06  +1.259641e-06  +1.194502e-06  +6.333015e-06  -3.793978e-05  -1.236843e-04  +2.690838e-07  +1.099898e-07  -2.439749e-04  +2.555069e-08  -6.026508e-08  +3.052688e-03  
-3.905845e-06  +5.515875e-06  -4.474139e-05  -2.514157e-05  -1.306754e-05  +4.660594e-05  -1.626711e-05  +1.739814e-05  -3.793978e-05  +2.438900e-04  +7.683346e-04  -1.472986e-06  -8.665892e-07  +3.471428e-03  -1.746787e-07  +3.874718e-07  -1.825661e-02  
-1.476102e-05  +2.252937e-05  -1.488476e-04  -2.608972e-04  +1.233349e-04  +1.421092e-04  -3.580237e-05  +8.117421e-05  -1.236843e-04  +7.683346e-04  +2.701954e-03  -5.249873e-06  -1.439722e-06  -1.522524e-03  -6.660129e-07  +1.130366e-06  -8.731813e-02  
+1.116892e-09  -5.396234e-08  +2.796005e-07  +2.806155e-07  -3.535801e-08  -1.330532e-07  -1.753975e-07  +1.420375e-06  +2.690838e-07  -1.472986e-06  -5.249873e-06  +1.750015e-07  +2.314383e-08  -6.194317e-05  +1.153767e-08  +4.527392e-10  +2.274799e-04  
+5.290737e-08  +7.244275e-08  -4.341559e-08  -1.081861e-06  +1.425107e-06  -1.603733e-07  +1.817604e-07  +4.271854e-08  +1.099898e-07  -8.665892e-07  -1.439722e-06  +2.314383e-08  +2.042866e-07  -1.845487e-04  +2.347953e-08  -1.281932e-08  -1.405705e-04  
-1.326724e-04  -1.280035e-04  +1.391312e-03  +1.549263e-02  -1.058818e-02  +1.587310e-03  -1.760349e-03  -1.794094e-04  -2.439749e-04  +3.471428e-03  -1.522524e-03  -6.194317e-05  -1.845487e-04  +2.171573e+00  +6.020204e-06  +6.161290e-05  +1.655804e+00  
-6.338929e-09  -1.163397e-08  -1.190661e-08  +5.200107e-07  -4.418313e-08  -4.183171e-08  +2.050973e-08  -4.003869e-07  +2.555069e-08  -1.746787e-07  -6.660129e-07  +1.153767e-08  +2.347953e-08  +6.020204e-06  +7.780060e-08  -5.595207e-09  +8.496827e-05  
+2.673389e-08  +7.218132e-08  +1.228992e-07  +8.114732e-07  -7.893623e-07  +1.032962e-07  +6.817748e-09  -1.243777e-06  -6.026508e-08  +3.874718e-07  +1.130366e-06  +4.527392e-10  -1.281932e-08  +6.161290e-05  -5.595207e-09  +9.631525e-08  -1.015314e-05  
+4.891868e-04  -1.315737e-03  +1.731805e-03  +4.050540e-02  -4.526041e-02  -2.791989e-03  +2.896184e-04  -2.493081e-02  +3.052688e-03  -1.825661e-02  -8.731813e-02  +2.274799e-04  -1.405705e-04  +1.655804e+00  +8.496827e-05  -1.015314e-05  +9.781770e+00  
