mean:
+3.956620e+00  +3.924086e+00  +6.497411e-01  -1.167080e+00  +1.611114e+00  +4.005469e-01  +9.188571e-01  +2.075432e+00  +1.499663e-01  +1.979331e+00  +4.847369e+00  +1.634920e+00  +2.883228e+00  +8.078892e+02  +4.799888e+00  +4.399472e+00  +2.015164e+03  
covariance:
+3.591882e-06  +1.406165e-06  +1.770212e-06  +1.354366e-05  -8.382038e-07  +1.103407e-06  +1.281555e-06  +1.673288e-05  +3.122025e-07  -4.976685e-06  +6.679582e-05  -3.608703e-07  +7.761883e-08  -2.826543e-03  +2.504132e-08  +4.178833e-08  -7.844976e-03  
+1.406165e-06  +4.255981e-06  +2.099128e-06  +1.307956e-05  +9.181229e-07  +1.331952e-06  +2.149709e-06  +1.309582e-05  -4.442842e-08  -3.905022e-06  +6.783285e-05  -2.166267e-07  +1.080841e-08  -2.935852e-03  -1.745629e-08  +4.522342e-08  -8.036593e-03  
+1.770212e-06  +2.099128e-06  +4.972548e-05  +1.115128e-04  +4.922040e-05  +9.105956e-06  +2.657367e-05  -1.167412e-05  -8.516381e-06  +2.251523e-05  +2.447781e-04  -4.985821e-08  -8.350405e-08  -7.803018e-03  +6.771241e-08  +7.459605e-07  -3.798545e-02  
+1.354366e-05  +1.307956e-05  +1.115128e-04  +6.415710e-04  +1.422555e-05  +4.727679e-05  +1.063299e-04  +1.683863e-04  -3.150919e-05  +4.561535e-05  +1.382554e-03  -2.661199e-06  -4.640405e-07  -4.769412e-02  +3.749376e-07  +2.783590e-06  -1.702029e-01  
-8.382038e-07  +9.181229e-07  +4.922040e-05  +1.422555e-05  +1.903611e-04  -8.882846e-07  +1.947763e-06  -7.675919e-05  -5.479901e-06  +3.985370e-05  +2.616035e-05  +1.154675e-06  -1.836659e-07  -3.952623e-03  -6.313360e-07  -4.005970e-07  -3.173541e-03  
+1.103407e-06  +1.331952e-06  +9.105956e-06  +4.727679e-05  -8.882846e-07  +5.862864e-06  +1.025928e-05  +1.221031e-05  -2.695255e-06  +2.168355e-06  +1.217495e-04  -4.087516e-07  +9.498933e-08  -3.681838e-03  +4.139471e-08  +3.201273e-07  -1.700874e-02  
+1.281555e-06  +2.149709e-06  +2.657367e-05  +1.063299e-04  +1.947763e-06  +1.025928e-05  +3.855519e-05  +2.143547e-05  -8.811752e-06  +1.114881e-05  +2.542210e-04  -5.288408e-07  -3.778212e-08  -8.518761e-03  +1.363232e-07  +7.140367e-07  -3.705301e-02  
+1.673288e-05  +1.309582e-05  -1.167412e-05  +1.683863e-04  -7.675919e-05  +1.221031e-05  +2.143547e-05  +4.263044e-04  +6.626548e-06  -9.802358e-05  +6.634655e-04  -3.438334e-06  +7.977371e-07  -2.734754e-02  +7.868999e-07  -6.459315e-07  -9.842134e-02  
+3.122025e-07  -4.442842e-08  -8.516381e-06  -3.150919e-05  -5.479901e-06  -2.695255e-06  -8.811752e-06  +6.626548e-06  +3.271129e-06  -9.381186e-06  -5.921003e-05  +2.943552e-08  +5.542955e-08  +1.972734e-03  +1.350649e-08  -2.416362e-07  +7.013274e-03  
-4.976685e-06  -3.905022e-06  +2.251523e-05  +4.561535e-05  +3.985370e-05  +2.168355e-06  +1.114881e-05  -9.802358e-05  -9.381186e-06  +5.663215e-05  -4.459772e-05  +1.008599e-06  -6.336056e-07  +2.490157e-03  -2.150285e-07  +5.982738e-07  +1.450868e-02  
+6.679582e-05  +6.783285e-05  +2.447781e-04  +1.382554e-03  +2.616035e-05  +1.217495e-04  +2.542210e-04  +6.634655e-04  -5.921003e-05  -4.459772e-05  +4.395922e-03  -1.469312e-05  +4.134317e-06  -1.703035e-01  +9.941653e-07  +7.278252e-06  -5.482214e-01  
-3.608703e-07  -2.166267e-07  -4.985821e-08  -2.661199e-06  +1.154675e-06  -4.087516e-07  -5.288408e-07  -3.438334e-06  +2.943552e-08  +1.008599e-06  -1.469312e-05  +2.279828e-07  -3.673467e-08  +6.031469e-04  -1.625948e-09  -3.229271e-09  +1.820710e-03  
+7.761883e-08  +1.080841e-08  -8.350405e-08  -4.640405e-07  -1.836659e-07  +9.498933e-08  -3.778212e-08  +7.977371e-07  +5.542955e-08  -6.336056e-07  +4.134317e-06  -3.673467e-08  +2.260162e-07  -2.308089e-04  +1.964594e-08  +1.401678e-08  -6.683839e-04  
-2.826543e-03  -2.935852e-03  -7.803018e-03  -4.769412e-02  -3.952623e-03  -3.681838e-03  -8.518761e-03  -2.734754e-02  +1.972734e-03  +2.490157e-03  -1.703035e-01  +6.031469e-04  -2.308089e-04  +7.947126e+00  -3.833171e-05  -2.491363e-04  +1.988261e+01  
+2.504132e-08  -1.745629e-08  +6.771241e-08  +3.749376e-07  -6.313360e-07  +4.139471e-08  +1.363232e-07  +7.868999e-07  +1.350649e-08  -2.150285e-07  +9.941653e-07  -1.625948e-09  +1.964594e-08  -3.833171e-05  +1.312707e-07  +4.831305e-09  -3.240954e-04  
+4.178833e-08  +4.522342e-08  +7.459605e-07  +2.783590e-06  -4.005970e-07  +3.201273e-07  +7.140367e-07  -6.459315e-07  -2.416362e-07  +5.982738e-07  +7.278252e-06  -3.229271e-09  +1.401678e-08  -2.491363e-04  +4.831305e-09  +1.460223e-07  -9.908805e-04  
-7.844976e-03  -8.036593e-03  -3.798545e-02  -1.702029e-01  -3.173541e-03  -1.700874e-02  -3.705301e-02  -9.842134e-02  +7.013274e-03  +1.450868e-02  -5.482214e-01  +1.820710e-03  -6.683839e-04  +1.988261e+01  -3.240954e-04  -9.908805e-04  +8.317561e+01  
