mean:
+3.975425e+00  +3.924969e+00  +8.149600e-01  +1.305131e+00  +1.173945e+00  +4.025266e-01  +8.093848e-01  +1.393395e+00  +1.897511e-01  +1.824009e+00  +5.904398e+00  +3.625072e+00  +2.918705e+00  +4.300391e+00  +5.126174e+00  +5.249574e+00  +3.826692e+00  +2.797375e+00  +4.513409e+00  
covariance:
+1.637183e-06  +2.017606e-07  -2.658027e-06  -9.794627e-07  +5.748364e-07  -1.797456e-07  +3.725008e-06  +9.931582e-07  -1.926664e-06  +6.948725e-06  -2.131140e-05  +2.073763e-06  +7.035329e-07  +8.654548e-07  -4.840848e-08  +2.783673e-06  +1.938735e-07  +4.289566e-07  +5.206645e-06  
+2.017606e-07  +2.082553e-06  -6.882800e-07  -3.675414e-06  +4.177872e-07  +3.809862e-08  +2.074387e-06  -2.758990e-07  -7.124302e-07  +5.172385e-06  -2.154607e-05  +1.831319e-06  +1.000740e-06  +9.106713e-07  +2.861254e-07  +3.024429e-06  +2.070515e-07  +2.707041e-07  +4.753944e-06  
-2.658027e-06  -6.882800e-07  +7.410464e-06  +2.294912e-06  -1.516508e-06  -6.203221e-08  -1.070791e-05  -7.954658e-07  +5.165538e-06  -2.281922e-05  +7.215723e-05  -7.413561e-06  -2.929965e-06  -3.203349e-06  -6.704554e-08  -9.469651e-06  -4.937462e-07  -1.247437e-06  -1.731938e-05  
-9.794627e-07  -3.675414e-06  +2.294912e-06  +1.604809e-05  -9.019502e-07  +2.315039e-07  -4.850197e-06  -5.209781e-06  +1.496867e-06  -8.920825e-06  +4.279238e-05  -3.007767e-06  -1.583521e-06  -1.331193e-06  -5.815431e-07  -4.990141e-06  -9.862349e-07  -6.279865e-07  -9.467999e-06  
+5.748364e-07  +4.177872e-07  -1.516508e-06  -9.019502e-07  +6.289582e-07  -5.921164e-09  +2.147836e-06  +6.192589e-07  -1.003862e-06  +4.572169e-06  -1.447899e-05  +1.553243e-06  +5.555995e-07  +6.525072e-07  -3.736107e-08  +1.928482e-06  +1.419378e-07  +3.243721e-07  +3.656513e-06  
-1.797456e-07  +3.809862e-08  -6.203221e-08  +2.315039e-07  -5.921164e-09  +4.500893e-07  -4.195861e-07  +1.813401e-06  +1.783203e-07  +4.452060e-07  -8.116481e-07  +5.080176e-07  -4.950461e-08  +2.159751e-07  -1.216907e-07  -1.003786e-08  -1.441541e-08  +9.662064e-08  +4.704948e-07  
+3.725008e-06  +2.074387e-06  -1.070791e-05  -4.850197e-06  +2.147836e-06  -4.195861e-07  +4.118717e-05  -4.608885e-05  -1.754076e-05  +8.078484e-05  -3.037426e-04  +2.641188e-05  +1.639295e-05  +1.292906e-05  +5.624011e-06  +4.098688e-05  +2.092349e-06  +6.428974e-07  +6.219690e-05  
+9.931582e-07  -2.758990e-07  -7.954658e-07  -5.209781e-06  +6.192589e-07  +1.813401e-06  -4.608885e-05  +1.767724e-04  +2.205571e-05  -1.266752e-04  +4.730880e-04  -4.174268e-05  -3.073163e-05  -2.243652e-05  -1.335081e-05  -6.931175e-05  -3.390957e-06  +1.459932e-06  -9.116780e-05  
-1.926664e-06  -7.124302e-07  +5.165538e-06  +1.496867e-06  -1.003862e-06  +1.783203e-07  -1.754076e-05  +2.205571e-05  +1.113682e-05  -4.510896e-05  +1.512649e-04  -1.439020e-05  -7.750019e-06  -6.653020e-06  -2.650982e-06  -2.119856e-05  -1.099286e-06  -5.952346e-07  -3.202719e-05  
+6.948725e-06  +5.172385e-06  -2.281922e-05  -8.920825e-06  +4.572169e-06  +4.452060e-07  +8.078484e-05  -1.266752e-04  -4.510896e-05  +2.398653e-04  -7.946817e-04  +7.855398e-05  +4.162788e-05  +3.620727e-05  +1.486760e-05  +1.125101e-04  +5.989067e-06  +3.378447e-06  +1.690119e-04  
-2.131140e-05  -2.154607e-05  +7.215723e-05  +4.279238e-05  -1.447899e-05  -8.116481e-07  -3.037426e-04  +4.730880e-04  +1.512649e-04  -7.946817e-04  +2.890360e-03  -2.646133e-04  -1.540656e-04  -1.267737e-04  -6.093068e-05  -4.005926e-04  -2.169612e-05  -6.800295e-06  -5.888663e-04  
+2.073763e-06  +1.831319e-06  -7.413561e-06  -3.007767e-06  +1.553243e-06  +5.080176e-07  +2.641188e-05  -4.174268e-05  -1.439020e-05  +7.855398e-05  -2.646133e-04  +2.743336e-05  +1.378027e-05  +1.272115e-05  +4.798044e-06  +3.748612e-05  +2.547931e-06  +1.470804e-06  +5.758427e-05  
+7.035329e-07  +1.000740e-06  -2.929965e-06  -1.583521e-06  +5.555995e-07  -4.950461e-08  +1.639295e-05  -3.073163e-05  -7.750019e-06  +4.162788e-05  -1.540656e-04  +1.378027e-05  +9.125318e-06  +6.811777e-06  +3.502718e-06  +2.162912e-05  +1.085681e-06  +7.215663e-08  +3.106267e-05  
+8.654548e-07  +9.106713e-07  -3.203349e-06  -1.331193e-06  +6.525072e-07  +2.159751e-07  +1.292906e-05  -2.243652e-05  -6.653020e-06  +3.620727e-05  -1.267737e-04  +1.272115e-05  +6.811777e-06  +6.276616e-06  +2.355174e-06  +1.793375e-05  +1.232508e-06  +6.095944e-07  +2.730916e-05  
-4.840848e-08  +2.861254e-07  -6.704554e-08  -5.815431e-07  -3.736107e-08  -1.216907e-07  +5.624011e-06  -1.335081e-05  -2.650982e-06  +1.486760e-05  -6.093068e-05  +4.798044e-06  +3.502718e-06  +2.355174e-06  +2.197526e-06  +8.353496e-06  +5.859197e-07  -1.724190e-07  +1.090014e-05  
+2.783673e-06  +3.024429e-06  -9.469651e-06  -4.990141e-06  +1.928482e-06  -1.003786e-08  +4.098688e-05  -6.931175e-05  -2.119856e-05  +1.125101e-04  -4.005926e-04  +3.748612e-05  +2.162912e-05  +1.793375e-05  +8.353496e-06  +5.685432e-05  +2.754308e-06  +9.323228e-07  +8.235413e-05  
+1.938735e-07  +2.070515e-07  -4.937462e-07  -9.862349e-07  +1.419378e-07  -1.441541e-08  +2.092349e-06  -3.390957e-06  -1.099286e-06  +5.989067e-06  -2.169612e-05  +2.547931e-06  +1.085681e-06  +1.232508e-06  +5.859197e-07  +2.754308e-06  +1.094238e-06  +3.471133e-07  +5.384714e-06  
+4.289566e-07  +2.707041e-07  -1.247437e-06  -6.279865e-07  +3.243721e-07  +9.662064e-08  +6.428974e-07  +1.459932e-06  -5.952346e-07  +3.378447e-06  -6.800295e-06  +1.470804e-06  +7.215663e-08  +6.095944e-07  -1.724190e-07  +9.323228e-07  +3.471133e-07  +5.919980e-07  +2.745049e-06  
+5.206645e-06  +4.753944e-06  -1.731938e-05  -9.467999e-06  +3.656513e-06  +4.704948e-07  +6.219690e-05  -9.116780e-05  -3.202719e-05  +1.690119e-04  -5.888663e-04  +5.758427e-05  +3.106267e-05  +2.730916e-05  +1.090014e-05  +8.235413e-05  +5.384714e-06  +2.745049e-06  +1.262091e-04  
