mean:
+3.968323e+00  +4.003831e+00  +6.154300e-01  +1.934994e+00  +1.289794e+00  +6.010898e-01  +8.184262e-01  +2.193849e+00  +3.690721e-02  +3.873203e+00  +5.991447e+00  +4.624184e+00  +3.191535e+00  +3.274831e+02  +2.670957e+00  +3.677605e+00  +4.534983e+02  +4.720237e+00  +4.880219e+00  +8.062498e+02  +3.938055e+00  +5.173293e+00  +4.342960e+02  
covariance:
+2.122359e-06  -1.159395e-06  +1.909878e-06  +9.926297e-07  +1.796790e-06  +9.751266e-08  +7.199047e-07  -4.672503e-07  -1.028564e-07  +3.185033e-06  -2.665926e-06  +1.569023e-07  -4.209169e-09  +7.613257e-05  -2.856813e-08  +1.181956e-07  +1.278759e-04  -2.781835e-09  +4.598468e-08  +2.994682e-04  +4.544487e-08  +5.209140e-08  +1.056181e-04  
-1.159395e-06  +8.011418e-06  -7.001347e-07  -6.710454e-06  +3.808577e-07  -8.776959e-08  +3.364750e-07  +1.390822e-06  +1.624408e-08  -2.134246e-06  -9.246839e-06  +2.460316e-07  +1.961024e-07  +8.864218e-06  -1.558252e-07  -1.477823e-07  -2.320529e-05  -2.066256e-08  -3.847086e-08  +7.532030e-04  -3.050790e-07  -1.520324e-07  -1.754009e-04  
+1.909878e-06  -7.001347e-07  +3.781682e-05  +2.729108e-05  +2.564610e-05  +3.009496e-06  +1.077435e-05  +1.297767e-06  -6.009283e-07  +4.327050e-05  -1.395902e-04  +1.540484e-07  -1.165001e-06  +2.384794e-03  +8.887748e-07  +1.260603e-06  +1.746493e-03  +3.428097e-08  -9.275370e-07  +1.353300e-02  -7.162508e-07  +2.225655e-07  -3.233075e-03  
+9.926297e-07  -6.710454e-06  +2.729108e-05  +3.641594e-04  -6.487178e-05  +2.789997e-06  -2.928432e-05  -3.387673e-05  +1.791734e-06  -1.938200e-05  -1.701108e-04  -7.036308e-06  +2.048289e-06  -6.736308e-03  +2.625673e-06  -1.977247e-06  -1.173234e-02  +2.620686e-06  +2.243854e-08  -9.204038e-03  +5.698969e-06  +4.819967e-06  -1.434481e-02  
+1.796790e-06  +3.808577e-07  +2.564610e-05  -6.487178e-05  +1.244461e-04  +3.181008e-06  +2.627475e-05  +2.805097e-06  -1.492456e-06  +9.671698e-05  -1.921403e-04  +1.494489e-06  -7.908937e-07  +5.377374e-03  -1.780747e-07  +3.219475e-06  +5.783275e-03  +8.981725e-07  -9.774162e-07  +3.122825e-02  -4.270903e-06  -9.145409e-07  -6.166169e-03  
+9.751266e-08  -8.776959e-08  +3.009496e-06  +2.789997e-06  +3.181008e-06  +5.329014e-07  +8.380524e-07  -1.422216e-06  -3.638965e-08  +3.798098e-06  -1.542500e-05  -1.834288e-08  -1.486770e-07  +1.312769e-04  +4.790626e-08  +1.128624e-07  -2.684560e-05  +1.838089e-08  -5.614821e-08  +1.367774e-03  -5.453175e-08  -1.181701e-09  -6.897583e-04  
+7.199047e-07  +3.364750e-07  +1.077435e-05  -2.928432e-05  +2.627475e-05  +8.380524e-07  +1.416912e-05  +3.659774e-06  -7.638052e-07  +2.960191e-05  -3.786441e-05  +1.032120e-06  +7.380032e-09  +1.961510e-03  -4.599462e-07  +1.174888e-06  +2.517283e-03  -1.395835e-07  -3.456328e-07  +7.491424e-03  -1.082795e-06  +8.066038e-08  +1.139140e-03  
-4.672503e-07  +1.390822e-06  +1.297767e-06  -3.387673e-05  +2.805097e-06  -1.422216e-06  +3.659774e-06  +5.401471e-05  -2.369163e-07  -3.209837e-06  +2.917739e-05  -2.621298e-07  -2.798644e-07  +2.393812e-03  -7.721302e-07  -3.286112e-07  +2.994305e-03  -4.142696e-08  +1.716940e-07  +2.057724e-03  -8.801315e-07  -1.339008e-06  +2.402979e-03  
-1.028564e-07  +1.624408e-08  -6.009283e-07  +1.791734e-06  -1.492456e-06  -3.638965e-08  -7.638052e-07  -2.369163e-07  +6.810168e-08  -1.865859e-06  +1.545669e-06  -7.502328e-08  +1.425588e-09  -1.134167e-04  +1.195893e-08  -6.664116e-08  -1.704477e-04  +8.448414e-09  +1.091615e-08  -3.905811e-04  +5.180242e-08  -6.824039e-09  -8.638008e-05  
+3.185033e-06  -2.134246e-06  +4.327050e-05  -1.938200e-05  +9.671698e-05  +3.798098e-06  +2.960191e-05  -3.209837e-06  -1.865859e-06  +1.128448e-04  -2.066570e-04  +1.822537e-06  -5.422502e-07  +5.048347e-03  +7.266511e-07  +3.567132e-06  +6.043856e-03  +2.217766e-07  -1.024591e-06  +2.868182e-02  -3.126319e-06  +5.495091e-07  -4.216337e-03  
-2.665926e-06  -9.246839e-06  -1.395902e-04  -1.701108e-04  -1.921403e-04  -1.542500e-05  -3.786441e-05  +2.917739e-05  +1.545669e-06  -2.066570e-04  +8.671156e-04  +3.641129e-06  +2.673949e-06  -7.409985e-03  -2.402351e-06  -5.818184e-06  +2.455304e-05  -3.981410e-06  +5.287916e-06  -8.399046e-02  +7.806313e-06  -3.623360e-07  +3.571473e-02  
+1.569023e-07  +2.460316e-07  +1.540484e-07  -7.036308e-06  +1.494489e-06  -1.834288e-08  +1.032120e-06  -2.621298e-07  -7.502328e-08  +1.822537e-06  +3.641129e-06  +4.224012e-07  -4.206359e-08  +1.320317e-04  -4.116593e-09  +3.145572e-08  +3.651714e-04  -7.194614e-08  +1.632414e-09  +8.823184e-05  -5.628998e-08  -3.094291e-08  +5.111926e-04  
-4.209169e-09  +1.961024e-07  -1.165001e-06  +2.048289e-06  -7.908937e-07  -1.486770e-07  +7.380032e-09  -2.798644e-07  +1.425588e-09  -5.422502e-07  +2.673949e-06  -4.206359e-08  +3.938493e-07  -1.456093e-04  -1.666179e-07  +3.988885e-08  -2.680719e-04  +8.745911e-08  -9.143578e-09  -2.502216e-04  -1.293759e-08  +7.246041e-08  +9.401525e-05  
+7.613257e-05  +8.864218e-06  +2.384794e-03  -6.736308e-03  +5.377374e-03  +1.312769e-04  +1.961510e-03  +2.393812e-03  -1.134167e-04  +5.048347e-03  -7.409985e-03  +1.320317e-04  -1.456093e-04  +6.894144e-01  -1.313177e-05  +1.813430e-04  +6.272766e-01  -3.767421e-05  -2.986492e-05  +1.622848e+00  -2.109092e-04  -1.367993e-04  +1.343829e-01  
-2.856813e-08  -1.558252e-07  +8.887748e-07  +2.625673e-06  -1.780747e-07  +4.790626e-08  -4.599462e-07  -7.721302e-07  +1.195893e-08  +7.266511e-07  -2.402351e-06  -4.116593e-09  -1.666179e-07  -1.313177e-05  +2.972090e-07  -2.304113e-08  +6.325198e-05  -2.473853e-08  +1.466150e-08  +2.393917e-05  +8.977041e-08  +8.149106e-08  -1.470337e-04  
+1.181956e-07  -1.477823e-07  +1.260603e-06  -1.977247e-06  +3.219475e-06  +1.128624e-07  +1.174888e-06  -3.286112e-07  -6.664116e-08  +3.567132e-06  -5.818184e-06  +3.145572e-08  +3.988885e-08  +1.813430e-04  -2.304113e-08  +2.835195e-07  +1.612051e-04  -2.896808e-08  -5.400975e-08  +8.435719e-04  -1.273228e-07  -8.139266e-09  +1.708871e-05  
+1.278759e-04  -2.320529e-05  +1.746493e-03  -1.173234e-02  +5.783275e-03  -2.684560e-05  +2.517283e-03  +2.994305e-03  -1.704477e-04  +6.043856e-03  +2.455304e-05  +3.651714e-04  -2.680719e-04  +6.272766e-01  +6.325198e-05  +1.612051e-04  +1.259301e+00  -1.339481e-04  -4.262721e-05  +1.118527e+00  -2.587173e-04  -1.068048e-04  +6.403573e-01  
-2.781835e-09  -2.066256e-08  +3.428097e-08  +2.620686e-06  +8.981725e-07  +1.838089e-08  -1.395835e-07  -4.142696e-08  +8.448414e-09  +2.217766e-07  -3.981410e-06  -7.194614e-08  +8.745911e-08  -3.767421e-05  -2.473853e-08  -2.896808e-08  -1.339481e-04  +2.573395e-07  -4.257941e-08  +4.738819e-04  -6.759726e-08  -7.503046e-09  -4.257630e-04  
+4.598468e-08  -3.847086e-08  -9.275370e-07  +2.243854e-08  -9.774162e-07  -5.614821e-08  -3.456328e-07  +1.716940e-07  +1.091615e-08  -1.024591e-06  +5.287916e-06  +1.632414e-09  -9.143578e-09  -2.986492e-05  +1.466150e-08  -5.400975e-08  -4.262721e-05  -4.257941e-08  +2.063699e-07  -5.393900e-04  +1.325007e-07  +2.729921e-08  +1.572335e-04  
+2.994682e-04  +7.532030e-04  +1.353300e-02  -9.204038e-03  +3.122825e-02  +1.367774e-03  +7.491424e-03  +2.057724e-03  -3.905811e-04  +2.868182e-02  -8.399046e-02  +8.823184e-05  -2.502216e-04  +1.622848e+00  +2.393917e-05  +8.435719e-04  +1.118527e+00  +4.738819e-04  -5.393900e-04  +1.174209e+01  -1.462191e-03  -2.534091e-04  -3.239850e+00  
+4.544487e-08  -3.050790e-07  -7.162508e-07  +5.698969e-06  -4.270903e-06  -5.453175e-08  -1.082795e-06  -8.801315e-07  +5.180242e-08  -3.126319e-06  +7.806313e-06  -5.628998e-08  -1.293759e-08  -2.109092e-04  +8.977041e-08  -1.273228e-07  -2.587173e-04  -6.759726e-08  +1.325007e-07  -1.462191e-03  +4.722905e-07  +1.196023e-07  +3.274988e-04  
+5.209140e-08  -1.520324e-07  +2.225655e-07  +4.819967e-06  -9.145409e-07  -1.181701e-09  +8.066038e-08  -1.339008e-06  -6.824039e-09  +5.495091e-07  -3.623360e-07  -3.094291e-08  +7.246041e-08  -1.367993e-04  +8.149106e-08  -8.139266e-09  -1.068048e-04  -7.503046e-09  +2.729921e-08  -2.534091e-04  +1.196023e-07  +2.853817e-07  +9.065005e-06  
+1.056181e-04  -1.754009e-04  -3.233075e-03  -1.434481e-02  -6.166169e-03  -6.897583e-04  +1.139140e-03  +2.402979e-03  -8.638008e-05  -4.216337e-03  +3.571473e-02  +5.111926e-04  +9.401525e-05  +1.343829e-01  -1.470337e-04  +1.708871e-05  +6.403573e-01  -4.257630e-04  +1.572335e-04  -3.239850e+00  +3.274988e-04  +9.065005e-06  +2.939940e+00  
